#g4 f4 z3

6x6
0 -1 0 0 0 0
1 0 0 0 0 0
0 0 0 -1 0 0
0 0 1 0 0 0
0 0 0 0 1 0
0 0 0 0 0 1

6x6
-1 0 0 0 0 0
0 1 0 0 0 0
0 0 0 1 0 0
0 0 1 0 0 0
0 0 0 0 1 0
0 0 0 0 0 1

6x6
1 0 0 0 0 0
0 1 0 0 0 0
0 0 1 0 0 0
0 0 0 1 0 0
0 0 0 0 0 -1
0 0 0 0 1 0

6x6
1 0 0 0 0 0
0 1 0 0 0 0
0 0 1 0 0 0
0 0 0 1 0 0
0 0 0 0 0 1
0 0 0 0 1 0

6x6
1 0 0 0 0 0
0 1 0 0 0 0
0 0 0 0 0 0
0 0 0 0 0 0
0 0 0 0 0 0
0 0 0 0 0 0

6x6
0 0 0 0 0 0
0 0 0 0 0 0
0 0 1 0 0 0
0 0 0 1 0 0
0 0 0 0 0 0
0 0 0 0 0 0

6x6
0 0 1 -1 0 0
0 0 1 1 0 0
1 1 0 0 0 0
-1 1 0 0 0 0
0 0 0 0 0 0
0 0 0 0 0 0

6x6
0 0 0 0 0 0
0 0 0 0 0 0
0 0 0 0 0 0
0 0 0 0 0 0
0 0 0 0 1 0
0 0 0 0 0 1

6x6
1 0 0 0 0 0
0 1 0 0 0 0
0 0 1 0 0 0
0 0 1 1 0 0
0 0 0 -1 1 1
0 0 0 0 -1 1

6x6
1 0 0 0 0 0
1 1 0 0 0 0
0 -1 1 0 0 0
0 0 -1 1 0 0
0 0 0 -1 1 1
0 0 0 0 -1 1

6x6
0 0 0 -1 -1 0
0 0 1 0 0 1
1 0 0 0 0 0
0 1 0 0 0 0
0 0 -1 0 0 1
0 0 0 -1 1 0

2^6=64

dim6/2-1,2-1;2-1b

