#g4 f5 z10

6x6
0 -1 0 0 0 0
1 0 0 0 0 0
0 0 0 -1 0 0
0 0 1 0 0 0
0 0 0 0 1 0
0 0 0 0 0 1

6x6
-1 0 0 0 0 0
0 1 0 0 0 0
0 0 0 1 0 0
0 0 1 0 0 0
0 0 0 0 1 0
0 0 0 0 0 1

6x6
1 0 0 0 0 0
0 1 0 0 0 0
0 0 1 0 0 0
0 0 0 1 0 0
0 0 0 0 -1 0
0 0 0 0 0 1

6x6
1 0 0 0 0 0
0 1 0 0 0 0 
0 0 1 0 0 0
0 0 0 1 0 0
0 0 0 0 1 0
0 0 0 0 0 -1



6x6
1 0 0 0 0 0
0 1 0 0 0 0
0 0 0 0 0 0
0 0 0 0 0 0
0 0 0 0 0 0
0 0 0 0 0 0

6x6
0 0 0 0 0 0
0 0 0 0 0 0
0 0 1 0 0 0
0 0 0 1 0 0
0 0 0 0 0 0
0 0 0 0 0 0

6x6
0 0 1 -1 0 0
0 0 1 1 0 0
1 1 0 0 0 0
-1 1 0 0 0 0
0 0 0 0 0 0
0 0 0 0 0 0

6x6
0 0 0 0 0 0
0 0 0 0 0 0
0 0 0 0 0 0
0 0 0 0 0 0
0 0 0 0 1 0
0 0 0 0 0 0

6x6
0 0 0 0 0 0
0 0 0 0 0 0
0 0 0 0 0 0
0 0 0 0 0 0
0 0 0 0 0 0
0 0 0 0 0 1



6x6
0 0 0 0 1 0
0 0 0 1 1 1
1 0 0 0 0 0
0 1 0 0 0 0
0 0 0 -1 0 1
0 0 1 0 0 0

6x6
0 0 0 0 1 0
0 1 0 0 1 0
0 -1 1 0 0 0
0 0 -1 1 0 1
0 0 0 -1 0 1
1 0 0 0 0 0

6x6
1 0 0 0 0 0
0 1 0 0 0 0
0 0 1 0 0 0
0 0 0 1 0 0
0 0 0 0 1 -1
0 0 0 0 1 1

6x6
0 0 1 0 0 0
0 0 1 1 0 0
1 0 0 0 0 0
0 1 0 0 0 0
0 0 0 -1 1 1
0 0 0 0 -1 1

6x6
1 0 0 0 0 0
1 1 0 0 0 0
0 -1 1 0 0 0
0 0 -1 1 0 0
0 0 0 -1 1 1
0 0 0 0 -1 1

6x6
1 0 0 0 0 0
1 1 0 0 1 0
0 0 1 0 0 -1
0 0 0 1 0 0
0 -1 0 0 1 0
0 0 1 -1 0 1

6x6
0 0 1 1 0 0
0 0 1 -1 1 1
1 0 0 0 0 0
0 1 0 0 0 0
0 0 0 0 -1 1
0 0 0 0 1 1

6x6
1 0 0 0 -1 0
1 0 0 0 1 1
0 1 0 -1 0 1
0 0 1 0 0 0
0 0 0 0 0 1
0 1 -1 1 0 0

6x6
1 0 0 0 0 0
1 1 0 0 0 0
0 -1 1 -1 0 0
0 0 -1 -1 1 1
0 0 0 0 -1 1
0 0 0 0 1 1

6x6
0 0 0 1 1 0
0 0 1 0 0 1
1 0 0 0 0 0
0 1 0 0 0 0
0 0 1 1 -1 -1
0 0 1 -1 1 -1

2^5 = 32

dim6/2-1,2-1;1;1b


