#g4 f4 z2

6x6
0 1 0 0 0 0
-1 1 0 0 0 0
0 0 0 1 0 0
0 0 -1 1 0 0
0 0 0 0 1 0
0 0 0 0 0 1

6x6
0 1 0 0 0 0
1 0 0 0 0 0
0 0 0 -1 0 0
0 0 -1 0 0 0
0 0 0 0 1 0
0 0 0 0 0 1

6x6
1 0 0 0 0 0
0 1 0 0 0 0
0 0 1 0 0 0
0 0 0 1 0 0
0 0 0 0 0 1
0 0 0 0 -1 1

6x6
1 0 0 0 0 0
0 1 0 0 0 0
0 0 1 0 0 0
0 0 0 1 0 0
0 0 0 0 0 1
0 0 0 0 1 0

6x6
2 -1 0 0 0 0
-1 2 0 0 0 0
0 0 0 0 0 0
0 0 0 0 0 0
0 0 0 0 0 0
0 0 0 0 0 0

6x6
0 0 0 0 0 0
0 0 0 0 0 0
0 0 2 -1 0 0
0 0 -1 2 0 0
0 0 0 0 0 0
0 0 0 0 0 0

6x6
0 0 0 1 0 0
0 0 -1 0 0 0
0 -1 0 0 0 0
1 0 0 0 0 0
0 0 0 0 0 0
0 0 0 0 0 0

6x6
0 0 0 0 0 0
0 0 0 0 0 0
0 0 0 0 0 0
0 0 0 0 0 0
0 0 0 0 2 -1
0 0 0 0 -1 2

6x6
1 0 0 0 0 0
0 1 0 0 0 0
0 0 0 0 1 1
0 0 -1 -1 0 1
0 0 1 0 -1 1
0 0 0 1 0 0

6x6
1 0 0 0 0 0
0 1 0 0 0 0
0 0 1 0 -1 0
0 0 0 1 0 -1
0 0 1 0 1 0
0 0 0 1 0 1

2^4*3^2=144
