#g3 f7 z1 n1 c4

6x6	%generator
0 1 0 0 0 0
1 0 0 0 0 0
0 0 1 0 0 0
0 0 0 1 0 0
0 0 0 0 1 0
0 0 0 0 0 1

6x6	%generator
0 0 -1 0 0 0
1 0 0 0 0 0
0 1 0 0 0 0
0 0 0 1 0 0
0 0 0 0 1 0
0 0 0 0 0 1

6x6	%generator
1 0 0 0 0 0
0 1 0 0 0 0
0 0 1 0 0 0
0 0 0 -1 0 0
0 0 0 0 -1 0
0 0 0 0 0 -1


6x6 	% invariant form
1 0 0 0 0 0
0 1 0 0 0 0
0 0 1 0 0 0
0 0 0 0 0 0
0 0 0 0 0 0
0 0 0 0 0 0

6x6 	% invariant form
0 0 0 0 0 0
0 0 0 0 0 0
0 0 0 0 0 0
0 0 0 1 0 0
0 0 0 0 0 0
0 0 0 0 0 0

6x6 	% invariant form
0 0 0 0 0 0
0 0 0 0 0 0
0 0 0 0 0 0
0 0 0 0 1 0
0 0 0 1 0 0
0 0 0 0 0 0

6x6 	% invariant form
0 0 0 0 0 0
0 0 0 0 0 0
0 0 0 0 0 0
0 0 0 0 0 1 
0 0 0 0 0 0
0 0 0 1 0 0

6x6 	% invariant form
0 0 0 0 0 0
0 0 0 0 0 0
0 0 0 0 0 0
0 0 0 0 0 0
0 0 0 0 1 0
0 0 0 0 0 0

6x6 	% invariant form
0 0 0 0 0 0
0 0 0 0 0 0
0 0 0 0 0 0
0 0 0 0 0 0
0 0 0 0 0 1
0 0 0 0 1 0

6x6 	% invariant form
0 0 0 0 0 0
0 0 0 0 0 0
0 0 0 0 0 0
0 0 0 0 0 0
0 0 0 0 0 0
0 0 0 0 0 1


6x6	% zentr
0 0 0 1 0 0
0 0 0 1 1 0
0 0 1 0 -1 1
0 0 -1 0 0 1
1 0 0 0 0 0
0 1 0 0 0 0
6d0	% generator of normalizer
1
6x6	% generator of centralizer
1 0 0 0 0 0 
0 1 0 0 0 0 
0 0 1 0 0 0 
0 0 0 -1 0 0 
0 0 0 0 1 0 
0 0 0 0 0 1 
6x6	% generator of centralizer
1 0 0 0 0 0 
0 1 0 0 0 0 
0 0 1 0 0 0 
0 0 0 1 0 0 
0 0 0 1 1 0 
0 0 0 0 0 1 
6x6	% generator of centralizer
1 0 0 0 0 0 
0 1 0 0 0 0 
0 0 1 0 0 0 
0 0 0 0 1 0 
0 0 0 1 0 0 
0 0 0 0 0 1 
6x6	% generator of centralizer
1 0 0 0 0 0 
0 1 0 0 0 0 
0 0 1 0 0 0 
0 0 0 1 0 0 
0 0 0 0 0 1 
0 0 0 0 1 0 
2^5*3 = 96 %order
dim6/3;1,1,1b
