#g4 f5 z6

6x6
0 1 0 0 0 0
1 0 0 0 0 0
0 0 1 0 0 0
0 0 0 1 0 0
0 0 0 0 1 0
0 0 0 0 0 1

6x6
0 0 -1 0 0 0
1 0 0 0 0 0
0 1 0 0 0 0
0 0 0 1 0 0
0 0 0 0 1 0
0 0 0 0 0 1

6x6
1 0 0 0 0 0
0 1 0 0 0 0
0 0 1 0 0 0
0 0 0 -1 0 0
0 0 0 0 -1 0
0 0 0 0 0 1

6x6
1 0 0 0 0 0
0 1 0 0 0 0
0 0 1 0 0 0
0 0 0 1 0 0
0 0 0 0 1 0
0 0 0 0 0 -1

6x6
1 0 0 0 0 0
0 1 0 0 0 0
0 0 1 0 0 0
0 0 0 0 0 0
0 0 0 0 0 0
0 0 0 0 0 0

6x6
0 0 0 0 0 0
0 0 0 0 0 0
0 0 0 0 0 0
0 0 0 1 0 0
0 0 0 0 0 0
0 0 0 0 0 0

6x6
0 0 0 0 0 0
0 0 0 0 0 0
0 0 0 0 0 0
0 0 0 0 1 0
0 0 0 1 0 0
0 0 0 0 0 0

6x6
0 0 0 0 0 0
0 0 0 0 0 0
0 0 0 0 0 0
0 0 0 0 0 0
0 0 0 0 1 0
0 0 0 0 0 0

6x6
0 0 0 0 0 0
0 0 0 0 0 0
0 0 0 0 0 0
0 0 0 0 0 0
0 0 0 0 0 0
0 0 0 0 0 1

6x6
0 0 0 1 0 0
0 0 0 1 1 0
0 0 1 0 -1 1
0 0 -1 0 0 1
1 0 0 0 0 0
0 1 0 0 0 0

6x6
0 0 0 1 0 0
0 0 0 1 1 0
0 0 1 0 -1 1
1 0 0 0 0 0
0 1 0 0 0 0
0 0 -1 0 0 1

6x6
1 0 0 0 0 0
0 1 0 0 0 0
0 0 1 0 0 0
0 0 0 0 1 -1
0 0 0 1 0 0
0 0 0 0 1 1

6x6
0 0 0 0 1 0
0 1 0 0 1 0
0 -1 1 0 0 0
0 0 -1 1 0 1
1 0 0 0 0 0
0 0 0 -1 0 1

6x6
1 0 0 0 0 0
1 1 0 0 0 0
0 -1 1 0 1 0
0 0 -1 0 1 0
0 0 0 1 0 -1
0 0 0 1 0 1

6x6
0 0 1 1 0 0
0 1 1 0 0 0
0 -1 0 -1 1 1
0 0 0 0 -1 1
1 0 0 0 0 0
0 0 0 0 1 1

2^6*3=192

dim6/3;1,1;1b

