#14

6x6
0 0 0 1 -1 0
0 0 0 1 0 0
0 0 1 0 -1 0
0 0 -1 0 0 2
1 0 0 0 0 0
0 1 0 0 0 0

6x6
0 0 0 1 -1 0
0 0 0 1 0 0
0 0 1 0 -1 0
1 0 0 0 0 0
0 1 0 0 0 0
0 0 -1 0 0 2

6x6
0 0 0 1 0 0
0 0 0 0 1 0
0 0 0 0 0 1
0 1 -1 0 0 0
1 0 0 0 0 0
0 1 1 0 0 0

6x6
0 0 0 1 -1 0
0 0 0 1 0 0
0 0 0 0 -1 1
0 1 1 0 0 -1
1 0 0 0 0 0
0 -1 1 0 0 0

6x6
0 0 0 0 1 -1
0 0 0 1 1 0
0 0 1 0 1 0
0 0 -1 -1 1 1
1 0 0 0 0 0
0 1 0 0 0 0

6x6
0 0 -1 -1 0 1
0 0 0 -1 -1 1
0 1 0 -1 0 0
0 -1 1 -1 1 0
1 0 0 0 0 0
0 0 0 0 0 1

6x6
0 -1 1 0 0 0
0 0 1 0 0 0
0 -1 0 0 0 1
0 0 0 2 0 -1
1 0 0 0 0 0
0 0 0 0 2 1

6x6
0 0 0 1 0 -1
0 0 0 1 0 0
0 0 1 0 0 -1
0 0 -1 0 2 0
1 -1 0 0 0 0
1 1 0 0 0 0

6x6
0 0 0 0 1 1
0 0 0 1 0 1
0 0 1 0 0 1
0 0 -1 -1 -1 1
1 0 0 0 0 0
0 2 1 1 -1 1

6x6
0 0 0 0 1 -1
0 0 0 1 1 0
0 0 1 0 1 0
0 0 -1 -1 1 1
1 1 0 0 0 0
-1 1 0 0 0 0
6	% added 08/07/97
 -1  0  0 0 0 0
  0 -1  0 0 0 0
  0  0  1 0 0 0
  0  0  0 1 0 0
  0  0  0 0 1 0
  1  1 -1 0 0 4
6	% added 08/07/97
 -1  0  0  0 0 0
  0 -1  0  0 0 0
  0  0  1  0 0 0
  0  0  0 -2 0 1
  0  0  0  0 1 0
  1  1 -1  0 0 2
6	%  added 08/07/97
  1  0  0  0 0 0
  0  1  0  0 0 0
  0  0  1  0 0 0
  1  1  1 -2 0 0
  0  0  0  0 1 0
 -1 -1 -1  0 0 4
6	%  added 08/07/97
  1  0  0  0  0 0
  0  1  0  0  0 0
  0  0  1  0  0 0
  1  1  1 -2  0 0
  0  0  0  0 -2 1
 -1 -1 -1  0  0 2
dim6/3;1,1;1a

