#g5 f4 z11

6x6
0 1 0 0 0 0
1 0 0 0 0 0
0 0 1 0 0 0
0 0 0 1 0 0
0 0 0 0 1 0
0 0 0 0 0 1

6x6
0 0 -1 0 0 0
1 0 0 0 0 0
0 1 0 0 0 0
0 0 0 1 0 0
0 0 0 0 1 0
0 0 0 0 0 1

6x6
1 0 0 0 0 0
0 1 0 0 0 0
0 0 1 0 0 0
0 0 0 -1 0 0
0 0 0 0 1 0
0 0 0 0 0 1

6x6
1 0 0 0 0 0
0 1 0 0 0 0
0 0 1 0 0 0
0 0 0 1 0 0
0 0 0 0 -1 0
0 0 0 0 0 1

6x6
1 0 0 0 0 0
0 1 0 0 0 0
0 0 1 0 0 0
0 0 0 1 0 0
0 0 0 0 1 0
0 0 0 0 0 -1

6x6
1 0 0 0 0 0
0 1 0 0 0 0
0 0 1 0 0 0
0 0 0 0 0 0
0 0 0 0 0 0
0 0 0 0 0 0

6x6
0 0 0 0 0 0
0 0 0 0 0 0
0 0 0 0 0 0
0 0 0 1 0 0
0 0 0 0 0 0
0 0 0 0 0 0

6x6
0 0 0 0 0 0
0 0 0 0 0 0
0 0 0 0 0 0
0 0 0 0 0 0
0 0 0 0 1 0
0 0 0 0 0 0

6x6
0 0 0 0 0 0
0 0 0 0 0 0
0 0 0 0 0 0
0 0 0 0 0 0
0 0 0 0 0 0
0 0 0 0 0 1

6x6
0 0 0 1 0 0
0 0 0 1 1 0
0 0 1 0 -1 1
0 0 -1 0 0 1
1 0 0 0 0 0
0 1 0 0 0 0

6x6
1 0 0 0 0 0
0 1 0 0 0 0
0 0 1 0 0 0
0 0 0 0 1 -1
0 0 0 0 1 1
0 0 0 1 0 0

6x6
0 0 0 0 1 0
0 1 0 0 1 0
0 -1 1 0 0 0
0 0 -1 1 0 1
0 0 0 -1 0 1
1 0 0 0 0 0

6x6
1 0 0 0 0 0
0 1 0 0 0 0
0 0 1 0 0 0
0 0 0 1 0 0
0 0 0 1 1 1
0 0 0 0 -1 1

6x6
1 0 0 0 0 0
1 1 0 0 0 0
0 -1 1 0 0 0
0 0 -1 1 0 0
0 0 0 -1 1 1
0 0 0 0 -1 1

6x6
1 0 0 0 0 0
1 1 0 0 0 0
0 -1 1 0 1 0
0 0 -1 0 1 0
0 0 0 1 0 -1
0 0 0 1 0 1

6x6
0 0 1 1 0 0
0 1 1 0 0 0
0 -1 0 -1 1 1
0 0 0 0 -1 1
1 0 0 0 0 0
0 0 0 0 1 1

6x6
1 0 0 0 -1 0
1 1 0 0 1 0
0 -1 0 0 0 1
0 0 0 0 0 1
0 0 1 -1 0 1
0 0 1 1 0 0

6x6
1 0 0 0 0 0
0 1 0 0 0 0
0 0 1 0 0 0
0 0 0 1 -1 -1
0 0 0 1 1 -1
0 0 0 1 1 1

6x6
1 0 0 0 0 0
1 1 0 0 0 0
0 -1 1 1 -1 0
0 0 0 0 -1 1
0 0 0 0 1 1
0 0 -1 1 0 -1

6x6
1 0 -1 0 0 0
1 1 1 0 0 0
0 -1 0 1 0 0
0 0 0 -1 0 0
0 0 0 1 2 0
0 0 0 1 0 2

2^7*3=384

dim6/3;1;1;1b
