#5
6	% Transposed of 1lll
 0 0 1 -1  0 1
 0 0 1  1 -1 0
 0 0 0  0  1 0
 1 0 0  0  0 0
 0 1 0  0  0 0
 0 0 0  0  0 1
6	% Transposed of 1lll
 1 0 0  0  0 0
 0 1 0  0  0 0
 0 0 1  0  0 0
 0 0 0  1 -1 1
 0 0 0 -1  0 1
 0 0 0  0  1 1
6	% Transposed of 1lll
 0 0 -1 -1 -1 -1
 0 0  0  1  0 -1
 0 0  1  0  0 -1
 1 0  0  0  0  0
 0 1  0  0  0  0
 0 0  0  0  1 -1
6	% Transposed of 1lll
 1 -1 0  0 -1 1
 1  1 1  0  0 0
 0  0 1  0  0 0
 0  0 0  1 -1 1
 0  0 0 -1  0 1
 0  0 0  0  1 1
6	% Transposed of 1lll
 -1 -1  0 -1 -1  0
  0  1  0  0 -1  0
  1  0  0  0 -1 -1
  0  0  1 -1  0  1
  0  0 -1  0  1  1
  0  0  0  1 -1  1
dim6/3;2-2;1a
