#g5 f3 z5

6x6
0 1 0 0 0 0
1 0 0 0 0 0
0 0 1 0 0 0
0 0 0 1 0 0
0 0 0 0 1 0
0 0 0 0 0 1

6x6
0 0 -1 0 0 0
1 0 0 0 0 0
0 1 0 0 0 0
0 0 0 1 0 0
0 0 0 0 1 0
0 0 0 0 0 1

6x6
1 0 0 0 0 0
0 1 0 0 0 0
0 0 1 0 0 0
0 0 0 0 -1 0
0 0 0 1 0 0
0 0 0 0 0 1

6x6
1 0 0 0 0 0
0 1 0 0 0 0 
0 0 1 0 0 0
0 0 0 0 1 0
0 0 0 1 0 0
0 0 0 0 0 1

6x6
1 0 0 0 0 0
0 1 0 0 0 0
0 0 1 0 0 0
0 0 0 1 0 0
0 0 0 0 1 0
0 0 0 0 0 -1

6x6
1 0 0 0 0 0
0 1 0 0 0 0
0 0 1 0 0 0
0 0 0 0 0 0
0 0 0 0 0 0
0 0 0 0 0 0

6x6
0 0 0 0 0 0
0 0 0 0 0 0
0 0 0 0 0 0
0 0 0 1 0 0
0 0 0 0 1 0 
0 0 0 0 0 0

6x6
0 0 0 0 0 0
0 0 0 0 0 0
0 0 0 0 0 0
0 0 0 0 0 0
0 0 0 0 0 0
0 0 0 0 0 1

6x6
0 0 0 0 1 0
0 1 0 0 1 0
0 -1 1 0 0 0
0 0 -1 1 0 1
0 0 0 -1 0 1
1 0 0 0 0 0

6x6
0 0 0 1 0 0
0 0 0 1 1 0
0 0 1 0 -1 1
1 0 0 0 0 0
0 1 0 0 0 0
0 0 -1 0 0 1

6x6
1 0 0 0 0 0
0 1 0 0 0 0
0 0 1 0 0 0
0 0 0 1 0 0
0 0 0 1 1 1
0 0 0 0 -1 1

6x6
1 0 0 0 0 0
1 1 0 0 0 0
0 -1 1 0 0 0
0 0 -1 1 0 0
0 0 0 -1 1 1
0 0 0 0 -1 1

6x6
1 0 0 0 1 0
1 1 0 0 0 0
0 -1 0 0 -1 1
0 0 1 1 0 -1
0 0 -1 1 0 0
0 0 0 0 0 1

2^8 *3 =768

dim6/3;2-1;1b

