#g5 f3 z7
6x6
0 1 0 0 0 0
1 0 0 0 0 0
0 0 1 0 0 0
0 0 0 1 0 0
0 0 0 0 1 0
0 0 0 0 0 1
6x6
0 0 -1 0 0 0
1 0 0 0 0 0
0 1 0 0 0 0
0 0 0 1 0 0
0 0 0 0 1 0
0 0 0 0 0 1
6x6
1 0 0 0 0 0
0 1 0 0 0 0
0 0 1 0 0 0
0 0 0 0 1 0
0 0 0 -1 1 0
0 0 0 0 0 1
6x6
1 0 0 0 0 0
0 1 0 0 0 0
0 0 1 0 0 0
0 0 0 0 1 0 
0 0 0 1 0 0
0 0 0 0 0 1

6x6
1 0 0 0 0 0
0 1 0 0 0 0
0 0 1 0 0 0
0 0 0 1 0 0
0 0 0 0 1 0
0 0 0 0 0 -1

6x6
1 0 0 0 0 0
0 1 0 0 0 0
0 0 1 0 0 0
0 0 0 0 0 0
0 0 0 0 0 0
0 0 0 0 0 0

6x6
0 0 0 0 0 0
0 0 0 0 0 0
0 0 0 0 0 0
0 0 0 2 -1 0
0 0 0 -1 2 0
0 0 0 0 0 0

6x6
0 0 0 0 0 0
0 0 0 0 0 0
0 0 0 0 0 0
0 0 0 0 0 0
0 0 0 0 0 0
0 0 0 0 0 1
6	% Transposed of 2lll
 0 0 -1  0 -1 -1
 0 0  1  0 -1  0
 0 1  0 -1  0  0
 0 0  0  0  0 -1
 0 1 -1  1 -1  0
 1 0  0  0  0  0
6	% Transposed of 2lll
 0 0 -1 -1  0  0
 0 0  1 -1 -1 -1
 0 0  0  0 -1  0
 1 0  0  0  0  0
 0 1  0  0  0  0
 0 0  0  0  0  1
6	% Transposed of 2lll
 1 0 0  0 0  0
 0 1 0  0 0  0
 0 0 1  0 0  0
 0 0 0  1 1 -1
 0 0 0 -1 0 -1
 0 0 0  0 1  1
6	% Transposed of 2lll
 2 -1  1  0  0  1
 0 -1 -1 -1  1  1
 0  0  0  1 -1 -1
 0  0  0  1  1  0
 0 -1  1  0  0  0
 0  0  0  0  0  1
6	% Transposed of 2lll
 -1 -1 -1  0  1  0
  1 -1 -1  1  0  1
  1  1 -1  0  0  0
  0  0  0  1 -1 -1
  0  0  0 -1  0 -1
  0  0  0  0  1 -1
6	% Transposed of 2lll
 -1 -1  0  0 0  0
  1 -1 -1  0 1 -1
  0  0 -1  0 0  0
  0  0  0  1 1 -1
  0  0  0 -1 0 -1
  0  0  0  0 1  1
6	% Transposed of 2lll
 2 -1  0  1  0  0
 0  0  0  0 -2 -1
 0  0 -1 -1  0  0
 0  1  0  1  0  1
 0  0  1 -1  0  1
 0  1  1  0  0 -1
2^7 *3^2 =1152

dim6/3;2-2;1b

