#g5 f2 z2

6x6
0 0 1 0 0 0
0 0 0 1 0 0
-1 0 1 0 0 0
0 -1 0 1 0 0
0 0 0 0 1 0
0 0 0 0 0 1

6x6
0 0 1 0 0 0
0 0 0 1 0 0
1 0 0 0 0 0
0 1 0 0 0 0
0 0 0 0 1 0
0 0 0 0 0 1

6x6
1 0 0 0 0 0
0 0 1 0 0 0
0 1 0 0 0 0
0 0 0 1 0 0
0 0 0 0 1 0
0 0 0 0 0 1

6x6
1 0 0 0 0 0
0 1 0 0 0 0
0 0 1 0 0 0
0 0 0 1 0 0
0 0 0 0 0 1
0 0 0 0 -1 1

6x6
1 0 0 0 0 0
0 1 0 0 0 0
0 0 1 0 0 0
0 0 0 1 0 0
0 0 0 0 0 1
0 0 0 0 1 0

6x6
4 -2 -2 1 0 0
-2 4 1 -2 0 0
-2 1 4 -2 0 0
1 -2 -2 4 0 0
0 0 0 0 0 0
0 0 0 0 0 0

6x6
0 0 0 0 0 0
0 0 0 0 0 0
0 0 0 0 0 0
0 0 0 0 0 0
0 0 0 0 2 -1
0 0 0 0 -1 2

6x6
0 0 0 1 1 1
-1 -1 -1 0 1 0
1 0 0 0 0 1
0 0 0 0 0 1
0 1 0 -1 1 0
0 0 1 0 0 0

6x6
-1 0 -1 1 0 0
0 0 -1 1 -1 0
0 1 -1 0 0 0
0 1 -1 0 -1 1
0 1 1 1 1 1
1 0 0 0 1 1

2^6 * 3^3 = 1728

