# g4 f4 z1

6x6
0 0 1 0 0 0  
0 0 0 1 0 0  
-1 0 1 0 0 0  
0 -1 0 1 0 0  
0 0 0 0 1 0  
0 0 0 0 0 1  

6x6
0 0 1 0 0 0  
0 0 0 1 0 0  
1 0 0 0 0 0  
0 1 0 0 0 0  
0 0 0 0 1 0  
0 0 0 0 0 1  

6x6
1 0 0 0 0 0  
0 0 1 0 0 0  
0 1 0 0 0 0  
0 0 0 1 0 0  
0 0 0 0 1 0  
0 0 0 0 0 1  

6x6
1 0 0 0 0 0  
0 1 0 0 0 0  
0 0 1 0 0 0  
0 0 0 1 0 0  
0 0 0 0 -1 0  
0 0 0 0 0 -1  

6x6
4 -2 -2 1 0 0  
-2 4 1 -2 0 0  
-2 1 4 -2 0 0  
1 -2 -2 4 0 0  
0 0 0 0 0 0  
0 0 0 0 0 0  

6x6
0 0 0 0 0 0  
0 0 0 0 0 0  
0 0 0 0 0 0  
0 0 0 0 0 0  
0 0 0 0 1 0  
0 0 0 0 0 0  

6x6
0 0 0 0 0 0  
0 0 0 0 0 0  
0 0 0 0 0 0  
0 0 0 0 0 0  
0 0 0 0 0 1  
0 0 0 0 1 0  

6x6
0 0 0 0 0 0  
0 0 0 0 0 0  
0 0 0 0 0 0  
0 0 0 0 0 0  
0 0 0 0 0 0  
0 0 0 0 0 1  

6x6
0 0 0 1 0 1  
0 -1 0 0 0 1  
0 0 1 0 0 1  
0 0 0 0 1 1  
0 1 -1 -1 -1 -1  
1 0 0 0 0 0  

2^5 * 3^2 =288
