#g3 f2 z2

6x6
-1 0 0 -1 -1 0
0 1 0 -1 0 0
0 0 0 -1 0 0
0 0 1 -1 0 0
0 0 0 2 1 0
0 0 0 0 0 1

6x6
0 0 0 1 0 0
1 0 0 0 0 0
0 1 0 0 0 0
0 0 1 0 0 0
0 0 0 0 1 0
0 0 0 0 0 1

6x6
1 0 0 0 0 0
0 1 0 0 0 0
0 0 1 0 0 0
0 0 0 1 0 0
0 0 0 0 1 0
0 0 0 0 0 -1

6x6
4 0 0 0 2 0
0 4 0 0 2 0
0 0 4 0 2 0
0 0 0 4 2 0
2 2 2 2 5 0
0 0 0 0 0 0

6x6
0 0 0 0 0 0
0 0 0 0 0 0
0 0 0 0 0 0
0 0 0 0 0 0
0 0 0 0 0 0
0 0 0 0 0 1

6x6
1 0 0 0 0 0
0 1 0 0 0 0
0 0 1 0 0 0
0 0 0 1 0 0
0 0 0 0 0 1
0 0 0 0 2 1

6x6
0 1 -1 -1 -1 0
0 1 0 0 0 1
0 0 -1 0 0 1
0 0 0 -1 0 0
1 -1 1 1 1 -1
1 -1 1 1 -1 -1

2^9 * 3 * 5 = 7680

