#g3 f2 z1

6x6
1 1 0 0 0 0
0 -1 0 0 0 0
0 1 1 0 0 0
0 -1 0 1 0 0
0 1 0 0 1 0
0 0 0 0 0 1

6x6
-1 0 0 1 1 0
1 0 0 0 0 0
-1 -1 0 1 0 0
1 0 -1 0 0 0
-1 0 0 0 1 0
0 0 0 0 0 1

6x6
1 0 0 0 0 0
0 1 0 0 0 0
0 0 1 0 0 0
0 0 0 1 0 0
0 0 0 0 1 0
0 0 0 0 0 -1

6x6
4 1 -2 -2 -2 0
1 4 1 -2 1 0
-2 1 4 1 1 0
-2 -2 1 4 1 0
-2 1 1 1 4 0
0 0 0 0 0 0

6x6
0 0 0 0 0 0 
0 0 0 0 0 0 
0 0 0 0 0 0 
0 0 0 0 0 0 
0 0 0 0 0 0 
0 0 0 0 0 1 

6x6
0 1 1 1 0 1
0 0 -1 0 1 0
0 0 1 1 0 0
0 0 0 0 1 0
-1 0 1 0 0 1
1 -1 1 1 1 1

2^6 * 3^2 * 5 = 2880
dim6/5-2;1c

