#g23 % Stabilizer of the operation
6	% generator
 0 1 0 0 0 0
 0 0 1 0 0 0
 0 0 0 1 0 0
 0 0 0 0 1 0
 0 0 0 0 0 1
 1 0 0 0 0 0
6	% generator
 0 0 0 0 0 1
 1 0 0 0 0 0
 0 1 0 0 0 0
 0 0 1 0 0 0
 0 0 0 1 0 0
 0 0 0 0 1 0
6	% generator
 0 0 0 0 1 0
 0 0 0 1 0 0
 0 0 1 0 0 0
 0 1 0 0 0 0
 1 0 0 0 0 0
 0 0 0 0 0 1
6	% generator
  0 -1  0  0  0  0
  0  0 -1  0  0  0
  0  0  0 -1  0  0
  0  0  0  0 -1  0
  0  0  0  0  0 -1
 -1  0  0  0  0  0
6	% generator
  0  0  0  0  0 -1
 -1  0  0  0  0  0
  0 -1  0  0  0  0
  0  0 -1  0  0  0
  0  0  0 -1  0  0
  0  0  0  0 -1  0
6	% generator
  0  0 -1  0  0  0
  0  0  0 -1  0  0
  0  0  0  0 -1  0
  0  0  0  0  0 -1
 -1  0  0  0  0  0
  0 -1  0  0  0  0
6	% generator
 0 0 0 1 0 0
 0 0 1 0 0 0
 0 1 0 0 0 0
 1 0 0 0 0 0
 0 0 0 0 0 1
 0 0 0 0 1 0
6	% generator
 -1  0  0  0  0  0
  0 -1  0  0  0  0
  0  0 -1  0  0  0
  0  0  0 -1  0  0
  0  0  0  0 -1  0
  0  0  0  0  0 -1
6	% generator
  0  0  0 -1  0  0
  0  0 -1  0  0  0
  0 -1  0  0  0  0
 -1  0  0  0  0  0
  0  0  0  0  0 -1
  0  0  0  0 -1  0
6	% generator
 0 0 1 0 0 0
 0 1 0 0 0 0
 1 0 0 0 0 0
 0 0 0 0 0 1
 0 0 0 0 1 0
 0 0 0 1 0 0
6	% generator
 0 0 0 1 0 0
 0 0 0 0 1 0
 0 0 0 0 0 1
 1 0 0 0 0 0
 0 1 0 0 0 0
 0 0 1 0 0 0
6	% generator
  0  0  0  0 -1  0
  0  0  0  0  0 -1
 -1  0  0  0  0  0
  0 -1  0  0  0  0
  0  0 -1  0  0  0
  0  0  0 -1  0  0
6	% generator
 1 0 0 0 0 0
 0 0 0 0 0 1
 0 0 0 0 1 0
 0 0 0 1 0 0
 0 0 1 0 0 0
 0 1 0 0 0 0
6	% generator
 0 0 0 0 0 1
 0 0 0 0 1 0
 0 0 0 1 0 0
 0 0 1 0 0 0
 0 1 0 0 0 0
 1 0 0 0 0 0
6	% generator
 0 0 0 0 1 0
 0 0 0 0 0 1
 1 0 0 0 0 0
 0 1 0 0 0 0
 0 0 1 0 0 0
 0 0 0 1 0 0
6	% generator
 0 0 1 0 0 0
 0 0 0 1 0 0
 0 0 0 0 1 0
 0 0 0 0 0 1
 1 0 0 0 0 0
 0 1 0 0 0 0
6	% generator
  0  0  0  0 -1  0
  0  0  0 -1  0  0
  0  0 -1  0  0  0
  0 -1  0  0  0  0
 -1  0  0  0  0  0
  0  0  0  0  0 -1
6	% generator
  0  0  0  0  0 -1
  0  0  0  0 -1  0
  0  0  0 -1  0  0
  0  0 -1  0  0  0
  0 -1  0  0  0  0
 -1  0  0  0  0  0
6	% generator
  0  0  0 -1  0  0
  0  0  0  0 -1  0
  0  0  0  0  0 -1
 -1  0  0  0  0  0
  0 -1  0  0  0  0
  0  0 -1  0  0  0
6	% generator
 0 1 0 0 0 0
 1 0 0 0 0 0
 0 0 0 0 0 1
 0 0 0 0 1 0
 0 0 0 1 0 0
 0 0 1 0 0 0
6	% generator
  0  0 -1  0  0  0
  0 -1  0  0  0  0
 -1  0  0  0  0  0
  0  0  0  0  0 -1
  0  0  0  0 -1  0
  0  0  0 -1  0  0
6	% generator
 -1  0  0  0  0  0
  0  0  0  0  0 -1
  0  0  0  0 -1  0
  0  0  0 -1  0  0
  0  0 -1  0  0  0
  0 -1  0  0  0  0
6	% generator
  0 -1  0  0  0  0
 -1  0  0  0  0  0
  0  0  0  0  0 -1
  0  0  0  0 -1  0
  0  0  0 -1  0  0
  0  0 -1  0  0  0
% order of the group unknown
