#22

4-2 1 1
1 
#1 
4	% 
 1 0 0 0
 0 1 0 0
 0 0 1 0
 0 0 0 1
1,1,1,1 1 1
1 
#1 
4	% 
 1 0 0 0
 0 1 0 0
 0 0 1 0
 0 0 0 1
1,1,1;1 1 2
12 
#2 
4	% 
 -1  0 -1 -1
  1 -1 -1 -1
  0  1  0  1
  0 -1  1  0
4	% 
 -1  1 -1  0
 -1  0 -1  0
  0  0  0 -1
  2 -1  1  1
1,1;1,1 1 3
24 
#3 
4	% 
 1 0  0  0
 0 0 -1  0
 0 1  0  0
 0 0  0 -1
4	% 
  1  0  2 -1
 -1  1 -2  1
 -1  0 -1  0
  1 -1  1 -1
4	% 
  1 -1 0  1
 -1  0 0 -1
 -1  2 1 -2
  1  1 1  1
1,1;1,1 1 1
1 
#1 
4	% 
 0 -1 0  0
 1  1 0  0
 0  0 0 -1
 0  0 1  1
2-1;1;1 1 6
18 
#2 
4	% 
  0 0 1  0
 -1 1 0  0
 -1 0 0  0
  0 0 1 -1
4	% 
  0  0  1 0
  1 -1  0 0
 -1  0  0 0
  0  0 -1 1
2-1',2-1' 1 1
6 
#1 
4	% 
  1  1  0 -1
  0  1  1  1
 -1  0  0  1
  0 -1 -1  0
2-2;1,1 1 1
2 
#1 
4	% 
  0 1 0  0
 -1 1 0  0
  0 0 0 -1
  0 0 1  1
2-2',2-2' 1 1
2 
#1 
4	% 
 -1  1  0 -1
 -1  0 -1  0
 -1  0  0 -1
  0 -1 -1  0
2-2;1;1 1 2
6 
#1 
4	% 
 0  0 0 1
 0  0 1 0
 1  0 0 0
 1 -1 0 0
1,1;1;1 1 5
36 
#3 
4	% 
 -1  1  0  0
  1  0  0  0
  0 -1 -1  0
  0 -1  1 -1
4	% 
 -1  1  0 0
  1  0  0 0
  0 -2  0 1
  0 -2 -1 1
4	% 
 0  0 1 -1
 0  0 1  0
 1  0 0  0
 1 -1 0  0
1,1;1;1 1 3
6 
#1 
4	% 
 0  0 1 0
 0  0 0 1
 1  0 0 0
 1 -1 0 0
1;1;1;1 1 9
9 
#1 
4	% 
  0 0 1  0
  0 0 1 -1
 -1 1 0  0
 -1 0 0  0
2-2,2-2 2 1
8 
#2 
4	% 
  1  0  0  1
  0  1  1  0
  0 -1 -1  1
 -1  1  0 -1
4	% 
  0  0  0 1
  0  0 -1 1
  0 -1  0 0
 -1  1  0 0
2-1,2-1 3 1
18 
#1 
4	% 
 -1  0  0 -2
  0 -2 -1  1
  1 -1  0  2
  0  2  1  0
2-1,2-1 1 1
6 
#1 
4	% 
 0  0 0 -1
 0 -1 0  0
 0  0 1  1
 1  1 0  0
2-2;2-2 1 3
6 
#1 
4	% 
  0 0 0 -1
  0 1 0  0
  0 0 1 -1
 -1 1 0  0
1;1;1;1 1 5
9 
#1 
4	% 
 1  0 0  0
 1 -1 0  0
 0  0 0 -1
 0  0 1  0
2-2;2-2 1 1
1 
#1 
4	% 
  0 1  0 0
 -1 1  0 0
  0 0  0 1
  0 0 -1 1
2-1;2-1 1 3
9 
#1 
4	% 
 0  0 1  0
 0  0 1 -1
 1  0 0  0
 1 -1 0  0
4-2' 1 1
6 
#1 
4	% 
  1 0 0 -1
  0 1 1 -1
  0 1 1  0
 -1 1 0  1
2-2,2-2 1 1
6 
#1 
4	% 
  0 1  0 0
 -1 1  0 0
  0 0  0 1
  0 0 -1 1
