#27

4-1 2 1
1 
#1 
4	% 
 1 0 0 0
 0 1 0 0
 0 0 1 0
 0 0 0 1
1,1,1,1 1 1
1 
#1 
4	% 
 1 0 0 0
 0 1 0 0
 0 0 1 0
 0 0 0 1
2-1;1;1 1 4
18 
#1 
4	% 
 -1 -1  0  0
  1  2  1  1
  0 -1  0 -1
  0 -1 -1  0
1,1;1,1 1 2
9 
#1 
4	% 
 0 -2 -1 -1
 0 -1  1 -1
 0  2  0  1
 1  1  1  0
2-1;1,1 1 2
18 
#1 
4	% 
  0  1  0  1
 -1 -1  0 -1
  0 -1 -1  0
  1  0 -1  0
2-1;1;1 1 5
18 
#1 
4	% 
 0 -1 -1 -1
 1  1  0  1
 1  1  1  0
 0  0  0  1
2-1',2-1' 1 1
6 
#1 
4	% 
 0 -1 -1 1
 1  1  2 0
 0  1  1 0
 0  0 -1 0
1,1;1,1 1 3
36 
#1 
4	% 
  0  1  2  1
  1 -1 -1  0
  0  0 -1 -1
 -1  0  0 -1
1,1,1;1 1 2
24 
#2 
4	% 
 1 -1 -1 -1
 0 -1  0 -2
 0  0 -1  0
 0  1  1  1
4	% 
 0  0 -1  0
 0 -1 -1 -1
 0  0  0 -1
 1  1  1  2
2-2;1,1 1 2
32 
#2 
4	% 
  1 0 -1 0
 -1 0  0 0
 -2 0  0 1
 -1 1  1 1
4	% 
 0 1 1 1
 1 1 0 0
 0 1 0 0
 0 0 0 1
2-2',2-2' 1 1
8 
#1 
4	% 
 1 1  0  0
 1 0  0 -1
 0 0 -1  0
 0 0  0 -1
3;1 2 2
12 
#1 
4	% 
 -1 -1  0  0
  1  1 -1  1
  0 -1  0 -1
 -1 -1  0 -1
2-1;2-1 1 2
9 
#1 
4	% 
 -1 -1  0  0
  1  2  1  1
  0 -1 -1  0
  0 -1  0 -1
2-1,2-1 2 1
18 
#1 
4	% 
 0 -1  0 1
 1 -1 -3 0
 0  1  1 0
 0  0 -1 0
1;1;1;1 1 4
3 
#1 
4	% 
  0  1 1  0
 -1 -1 0  0
  0 -1 0  0
  0  0 0 -1
1;1;1;1 1 8
3 
#1 
4	% 
  0  1  0  0
 -1 -1  0  0
  0 -1 -1  0
  0 -1  0 -1
1,1;1;1 1 4
18 
#1 
4	% 
 -2 -1 0 0
  3  2 1 0
  1  1 0 0
  1  1 0 1
1,1;1;1 1 6
18 
#1 
4	% 
 -1 -1 0  0
  0  0 0 -1
 -1  0 0  1
  1  1 1  0
1;1;1;1 1 7
18 
#1 
4	% 
 -1 0 1  0
  1 1 1  0
  1 0 0 -1
  1 0 0  0
3;1 1 2
12 
#1 
4	% 
  0  1  0  1
 -1 -1  0 -1
  0  0 -1  1
  1  1  0  0
2-1,2-1 3 1
36 
#1 
4	% 
  0 1 0  1
 -1 0 1  0
 -1 0 0  0
  0 0 1 -1
4-2' 1 1
24 
#1 
4	% 
 -1 -2 -1  0
 -1 -2 -2 -1
  0 -1 -2 -1
  1  1  0 -1
4-1' 1 1
36 
#1 
4	% 
  0 0 1  0
  0 1 1  0
  0 0 1 -1
 -1 0 0  0
2-2,2-2 2 1
48 
#1 
4	% 
  0  1  1  0
  0  1  1  1
 -1 -1 -1 -1
  0 -1  0  0
2-2;1;1 1 4
96 
#2 
4	% 
 0 -1  0 -1
 0  0 -1  1
 1  0  0 -1
 1  1  1  0
4	% 
  1  1 0  0
  0 -1 0 -1
 -1  0 0  0
 -1  0 1  0
1,1;1;1 1 5
72 
#1 
4	% 
 0 -1 -1 -1
 0 -1 -1  0
 1  1  1  0
 0  1  0  1
2-2;2-2 1 2
16 
#1 
4	% 
 -1 -1  0 -1
 -1  0  0  1
 -1 -1  0  0
  0  0 -1  1
