#18

2-2;2-1 1 1
1 
#1 
4	% 
 1 0 0 0
 0 1 0 0
 0 0 1 0
 0 0 0 1
1,1,1,1 1 1
1 
#1 
4	% 
 1 0 0 0
 0 1 0 0
 0 0 1 0
 0 0 0 1
1,1,1;1 1 1
2 
#1 
4	% 
 1 0  0  1
 0 0 -1  0
 0 0  0 -1
 0 1  0  0
2-1;1,1 1 1
1 
#1 
4	% 
 0 1 0  0
 1 0 0  0
 0 0 0 -1
 0 0 1  1
1,1,1;1 1 2
8 
#3 
4	% 
 -1  0 -1  0
 -1  0  1 -1
  0 -1  0 -1
  1  1  0  1
4	% 
 -1  0 -1  0
  0 -1 -1  0
  0  0  0 -1
  1  1  1  1
4	% 
 0 0 1  0
 0 0 1 -1
 0 1 0  0
 1 0 0  0
1,1;1,1 1 1
1 
#1 
4	% 
 0 -1 0  0
 1  1 0  0
 0  0 0 -1
 0  0 1  1
1,1;1,1 1 2
6 
#1 
4	% 
 -1 0  1 -1
 -1 0 -1  0
  1 0  0  0
  0 1  0  0
2-1;1;1 1 3
3 
#1 
4	% 
 1 0 0  0
 0 1 0  0
 0 0 1  0
 0 0 1 -1
1,1;1,1 1 3
6 
#1 
4	% 
 -1  0 -1  0
  0  1 -1  1
  1  0  0  1
  0 -1  0 -1
2-2;1,1 1 1
1 
#1 
4	% 
 0  0  0 1
 0  0 -1 1
 0 -1  0 0
 1  1  0 0
1,1;1;1 1 1
1 
#1 
4	% 
 0 0  1 1
 0 0 -1 0
 1 0  0 0
 0 1  0 0
1,1;1;1 1 2
12 
#2 
4	% 
 -1 0 -1 1
 -1 0  0 1
  1 0  0 0
  0 1  0 0
4	% 
 -1 0 -1  0
 -1 0  1 -1
  1 0  0  1
  0 1  0  0
2-2;1;1 1 1
1 
#1 
4	% 
 0 0  0 1
 0 0 -1 1
 1 0  0 0
 0 1  0 0
1,1;1;1 1 3
4 
#2 
4	% 
 0 -1 0  0
 1  1 0  0
 0  0 1  0
 0  0 1 -1
4	% 
 0  0  1  0
 0  0 -1 -1
 0 -1  0  0
 1  0  0  0
1,1;1;1 1 5
12 
#2 
4	% 
 0  0  1 -1
 0  0 -1  0
 0 -1  0  2
 1  0  0  2
4	% 
  1  0  0 0
  0  1  0 0
 -1 -1  0 1
 -1 -1 -1 1
1;1;1;1 1 2
3 
#1 
4	% 
 0 0 0 -1
 0 0 1  0
 1 0 0  0
 0 1 0  0
1;1;1;1 1 5
3 
#1 
4	% 
 0 -1 0  0
 1  0 0  0
 0  0 0 -1
 0  0 1  0
2-2;1;1 1 2
1 
#1 
4	% 
 0  0 0 1
 0  0 1 0
 0 -1 0 0
 1  0 0 0
