#14

3;1 1 2
1 
#1 
4	% 
 1 0 0 0
 0 1 0 0
 0 0 1 0
 0 0 0 1
1,1,1,1 1 1
1 
#1 
4	% 
 1 0 0 0
 0 1 0 0
 0 0 1 0
 0 0 0 1
1,1,1;1 1 2
10 
#3 
4	% 
 0 -1 -1  0
 0  0 -1  0
 1  0  0 -1
 0  1  1  1
4	% 
  0 0 0 1
  0 0 1 0
 -1 1 0 0
  1 0 0 0
4	% 
 0 -1  0 0
 0  1  1 1
 1  0 -1 0
 0  0  1 0
2-1;1,1 1 2
3 
#1 
4	% 
  0 1 0  0
 -1 0 1  1
  1 0 0  0
  1 0 0 -1
1,1;1,1 1 3
6 
#1 
4	% 
  1  1  1  1
 -1 -2 -1 -1
 -1  0  0 -1
  1  2  1  0
2-1;1;1 1 5
3 
#1 
4	% 
 -1 0  1  1
  1 1  0  0
  1 0 -1  0
  1 0  0 -1
1,1;1,1 1 2
3 
#1 
4	% 
 -1 -1 -1  1
 -1  1  0  2
  1  0  0 -1
  0  1  0  0
2-2;1,1 1 2
4 
#1 
4	% 
  1 0 -1 0
  0 0  1 0
  0 1  2 0
 -1 1  2 1
1,1;1;1 1 5
12 
#2 
4	% 
  1 -1 -1 -2
 -1 -1  0 -1
  0  0  0  1
  0  1  0  1
4	% 
  1  1  1  0
  1  1  0  1
 -1 -2 -1 -1
 -1 -1 -1 -1
1,1;1;1 1 4
3 
#1 
4	% 
 0 0 -1  1
 1 0  2 -3
 0 0  0 -1
 0 1  1  0
1,1;1;1 1 6
6 
#2 
4	% 
  0 0  0 -1
 -1 0  0  1
  1 0 -1 -1
  0 1  1  1
4	% 
  1  0 -1 -1
  0 -1  0  0
  1  1  0  0
 -1  0  0  1
2-2;1;1 1 4
4 
#1 
4	% 
 -1  1 1  1
  0 -1 0 -1
  0  0 0  1
  1  0 0  0
1;1;1;1 1 7
3 
#1 
4	% 
 1 0 -1  0
 1 0  0 -1
 0 1  1  0
 0 0  0 -1
1;1;1;1 1 8
1 
#1 
4	% 
  2  0 -1 -1
 -1  0  1  1
 -1 -1  0  0
 -1  0  1  0
