#21

1;1;1;1;1;1 1 33
1 
#1 
6	% 
 1 0 0 0 0 0
 0 1 0 0 0 0
 0 0 1 0 0 0
 0 0 0 1 0 0
 0 0 0 0 1 0
 0 0 0 0 0 1
1,1,1,1,1,1 1 1
1 
#1 
6	% 
 1 0 0 0 0 0
 0 1 0 0 0 0
 0 0 1 0 0 0
 0 0 0 1 0 0
 0 0 0 0 1 0
 0 0 0 0 0 1
1,1,1,1,1;1 1 2
6 
#1 
6	% 
 1  0  1  1  0  1
 1  1  1  0  1  1
 0  1  1  1  1  1
 0  1  1  1  0  1
 0 -1 -1 -1 -1 -2
 1  1  2  1  1  1
1,1,1,1;1,1 1 2
6 
#1 
6	% 
  0 1  0  0  0  0
 -1 0 -1 -1 -1 -1
  0 0  0  1  0  0
  1 0  2  0  0 -1
  0 0  0  0  0  1
 -1 0 -1  0  0  0
1,1,1,1;1,1 1 3
9 
#1 
6	% 
 -1  0 0 -1  1  0
  1  2 1  1 -1  1
  0  0 0  1  0  0
  0 -1 0 -1  0 -1
  1  2 1  0 -1  0
  0 -1 0  0  1  0
1,1,1;1,1,1 1 3
9 
#1 
6	% 
  1  1  1  0  0  1
 -1  1  0 -1 -1  1
  1  0  0  0  1  0
 -1  0  0  0  0  0
  0 -1 -1  1  0 -1
  0  0  1  0  0  1
1,1,1;1,1,1 1 1
1 
#1 
6	% 
  0  0  0 1  1  0
  0 -1  0 0  0  0
  0  0  0 0 -1  0
  0  0 -1 0  0 -1
 -1  0  0 0  0 -1
  1  0  1 0  0  1
1,1,1,1;1;1 1 6
6 
#1 
6	% 
 0  1  0  0  0 0
 0  0  0  1  0 0
 0  0  0  0  1 0
 0 -1  1 -1 -1 1
 0  1 -1  1  1 0
 1  0  1  0  0 0
1,1,1;1,1;1 1 11
36 
#1 
6	% 
 -1 -2  1 -2  2  1
 -1 -1  1 -3  1  1
  3  4 -3  7 -4 -3
  0 -1  1 -1  1  1
 -1  0  0 -2  1  0
  0 -1  1 -1  1  0
1,1,1;1,1;1 1 4
6 
#1 
6	% 
  0 0  0 -1 -1 0
  0 0  0 -1  0 0
  0 1  0  1  1 0
  1 0  0  0  0 1
  1 0  0  0  0 0
 -1 0 -1  0  0 1
1,1,1;1,1;1 1 7
18 
#1 
6	% 
  1  0  1  0  0  1
  0 -1  0  1  1  0
 -2  1 -1 -1 -1 -1
  0  0  0  0  1  0
  0 -1  0  0  0  0
  1  0  1  0  0  0
1,1,1,1;1;1 1 5
9 
#1 
6	% 
  1  0  0  0 -1  0
  2  1  1 -1 -1  1
  2  0  1  0  0  0
 -3 -1 -1  0  1 -1
  3  0  1 -1  0  1
 -1  0  0  0  0 -1
1,1;1,1;1,1 1 4
9 
#1 
6	% 
 0 -2 0  1 -1  0
 1  0 2  0  0 -1
 0  0 0  0  0  1
 0  2 0 -1  0  0
 0 -1 0  0 -1  0
 1  0 1  0  0  0
1,1,1;1;1;1 1 14
2 
#1 
6	% 
 0  0 0 -1 -1 0
 0 -1 0  0 -1 0
 0  1 0  1  1 0
 0  0 0  0  0 1
 0  0 1  0  0 0
 1  0 0  0  0 0
1,1;1,1;1;1 1 26
18 
#1 
6	% 
  0 -1  0  0  0  0
  2  1  2 -1 -2  2
  2  2  2 -2 -1  2
 -2 -1 -2  1  1 -1
  2  1  1 -1 -1  1
 -1  0  0  0  0  1
1,1,1;1;1;1 1 16
18 
#1 
6	% 
  0  0  0  0 -1  0
 -1 -1 -1  2 -4 -1
  1  2  1 -1  3  1
 -1 -1  0  1 -2  0
  0 -1  0  1 -2 -1
  0  0  1  0  0  0
1,1;1,1;1,1 1 12
6 
#1 
6	% 
  0  0 -1 0  0 -1
  0  0  1 1 -1  1
  0  0  1 0  0  0
 -1 -1  0 1  0  1
 -1  0 -1 0  0  0
  0  0  0 1  0  1
1,1;1,1;1;1 1 37
18 
#1 
6	% 
  1  0 0  0  0 -1
  0  0 0  0 -1  0
 -1  0 0  0  0  0
  0 -1 0  0  0  0
  1  0 1  0  0  0
  0  0 0 -1  0  0
1,1;1,1;1;1 1 8
9 
#1 
6	% 
  0 -2  0  1 -1  0
 -2  0 -1  0  0 -1
  0  0  0  0  0  1
  0  2  0 -1  0  0
  0 -1  0  0 -1  0
 -1  0 -1  0  0  0
1,1;1;1;1;1 1 38
6 
#1 
6	% 
 0 0  0 -1 0 0
 0 0  0  0 1 0
 0 1  0 -1 0 0
 0 0 -1  0 0 0
 1 0  1  0 0 0
 0 0  1  0 0 1
1,1;1;1;1;1 1 50
9 
#1 
6	% 
 0 0 0 0 0 -1
 0 1 0 0 0  0
 1 0 0 0 0  0
 0 0 0 0 1  0
 0 0 0 1 0  0
 0 0 1 0 0  0
