#86

2-2;2-2;2-1 1 1
1 
#1 
6	% 
 1 0 0 0 0 0
 0 1 0 0 0 0
 0 0 1 0 0 0
 0 0 0 1 0 0
 0 0 0 0 1 0
 0 0 0 0 0 1
1,1,1,1,1,1 1 1
1 
#1 
6	% 
 1 0 0 0 0 0
 0 1 0 0 0 0
 0 0 1 0 0 0
 0 0 0 1 0 0
 0 0 0 0 1 0
 0 0 0 0 0 1
1,1,1,1,1;1 1 1
2 
#1 
6	% 
  0 0  0  0 -1  0
 -1 0 -1  0 -1 -1
 -1 0  0 -1 -1 -1
  0 0 -1 -1  0 -1
  1 0  1  1  1  1
  0 1  0  0  0  0
2-1;1,1,1,1 1 1
1 
#1 
6	% 
 1 0  0  0  0  0
 0 1  0  0  0  0
 0 0  0 -1 -1 -1
 0 0 -1  0 -1 -1
 0 0 -1 -1  0 -1
 0 0  1  1  1  1
1,1,1,1,1;1 1 2
14 
#3 
6	% 
  0  0  0  1  1 1
  0 -1  0  0  0 0
  0  0  0 -1  1 0
 -1 -1  0  0  1 0
  0  1 -1  1 -1 0
  0 -1 -1  0  1 0
6	% 
  0 0  0  1  0 -1
  0 0  1  0  0 -1
  1 1  1  1  1  0
  0 0  0  0  1 -1
 -1 0 -1 -1 -1  1
  0 1  1  1  1 -1
6	% 
  1 0  0  0  0 -1
  1 0  0  0  0  0
  1 0  0  0 -1 -1
  2 1  2 -1  1  1
 -2 0 -1  0  0  0
  2 0  1 -1  0  0
1,1,1,1;1,1 1 1
3 
#2 
6	% 
  0 -1 0  0 -1 -1
 -1  0 0  0 -1 -1
 -1 -1 0  0  0 -1
  1  1 0  0  1  1
  0  0 0 -1  0  0
  0  0 1  1  0  0
6	% 
 0  0 -1 -1  0 -1
 0  0  0 -1 -1 -1
 0  0 -1  0 -1 -1
 0  0  1  1  1  1
 0 -1  0  0  0  0
 1  1  0  0  0  0
1,1,1,1;1,1 1 2
24 
#2 
6	% 
 -1  0  0  1  0  0
 -1  0  0  0 -1 -1
 -1  0  0  0  1  0
  0 -1 -2  1  0  0
  1  1  1 -1  0  0
 -1  1  1  0  0  0
6	% 
  1  0  0  0 0  0
  1  0  0  0 0 -1
  2  0  2 -1 1  1
  0  1  0  0 0  0
 -2 -1 -1  0 0  0
  2 -1  1 -1 0  0
1,1,1;1,1,1 1 1
2 
#1 
6	% 
  0  0 1  1  0  0
  0 -1 0  0  0  0
  0  0 0 -1  0  0
  0  0 0  0 -1 -1
 -1  0 0  0  0 -1
  1  0 0  0  1  1
2-1;1,1,1;1 1 4
12 
#2 
6	% 
 1 0  0 0 0 0
 0 1  0 0 0 0
 0 0  0 1 1 1
 0 0  0 2 0 1
 0 0 -1 0 0 0
 0 0 -1 1 0 0
6	% 
 1 0  0 0 0  0
 0 1  0 0 0  0
 0 0  0 0 1  0
 0 0 -2 1 0 -1
 0 0  1 0 0  0
 0 0 -1 1 0  0
2-1;1,1;1,1 1 1
1 
#1 
6	% 
 0 1 0  0 0  0
 1 0 0  0 0  0
 0 0 0 -1 0  0
 0 0 1  1 0  0
 0 0 0  0 0 -1
 0 0 0  0 1  1
1,1,1,1;1,1 1 3
60 
#5 
6	% 
  1  0  0  0 0  0
  0  1  0 -1 0  0
 -1  0 -1  0 1 -1
  0 -1  1  0 0  0
  0  1  1 -1 0  0
  1  0 -1  1 1  0
6	% 
 1  1  0  0 1  1
 1  1  0  1 0  1
 0  0 -1  1 0  0
 0 -1  1 -1 0 -1
 1  0  1  0 0  1
 0  0 -1  0 0  0
6	% 
 1 -1  0  0  0  0
 0 -1  0  0  0  2
 0  1  1  1 -1  2
 0  1  0 -2  1 -2
 0 -1  0 -2  1  1
 0 -1 -1  2 -1 -1
6	% 
  0  0  0  0  1 -1
 -1 -1  0  0  1  0
  1  0  1  0  0  1
  0  1  0 -1 -1  0
 -1  0  0 -1  1  0
  0 -1 -1  1  0 -1
6	% 
  1 0  2 -1  2 -1
  2 1  2 -1  0  0
  0 0 -1  0 -1  0
 -1 0 -1  0  0  0
  1 0  1 -1  0  0
  0 0  1 -1  1 -1
1,1,1;1,1,1 1 2
14 
#3 
6	% 
  1  0 0  1  0  0
 -1 -1 0 -1  0  0
  0  0 0  0 -1  0
  0  0 0  0  0 -1
  0  0 1 -1  1  1
  0  0 1  0  1  1
6	% 
  0  0  0  0 0 1
  0  0  0  0 1 0
 -1  1 -1 -1 0 0
  0  0 -1  0 0 0
  1  0  1  0 0 0
  0 -1  1  0 0 0
6	% 
  0  1  0  0 0  0
  1  1  2 -1 0  0
  0  0  0 -1 0 -1
  0  0  0  1 1  1
 -1 -1 -1  0 0  0
  1  1  1 -1 0  0
1,1,1;1,1,1 1 3
36 
#2 
6	% 
  1  0 0 -1  0  0
  0 -1 0  0 -2  1
  1  1 0  0  1  0
 -1  0 1  0  0  0
 -1  1 0  0  1 -1
  1  0 1 -1  0  0
6	% 
 -1  0  0  0  0  1
  0 -1  0 -1 -2  1
  0  0  1  0  1  1
  1 -1  0  0 -1  0
  0  0 -1  1  1 -2
 -1 -1  0  0 -1  1
2-1;1,1;1,1 1 7
18 
#2 
6	% 
 0 1  0  0  0  0
 1 0  0  0  0  0
 0 0 -1  1 -2  1
 0 0  1 -1  1 -1
 0 0 -1  0 -2  1
 0 0  1  0  1  0
6	% 
 0 1  0  0  0  0
 1 0  0  0  0  0
 0 0  1  0  0  1
 0 0 -1  0 -1 -1
 0 0  1 -1  0  1
 0 0 -1  1  1 -2
1,1,1;1,1,1 1 4
36 
#2 
6	% 
 1  0 -1  1  0  1
 0  0 -1  0 -1  1
 0  0  2 -1  1 -1
 0 -1 -1  0  0 -1
 0  0  2 -1  1  0
 0  0 -1  1 -1  0
6	% 
  1 -1  0  0  1  0
  1 -1  1  0  1  0
 -1  2  0 -1 -2  1
  1 -1  0  0  1 -1
 -2  1  0 -1 -2  1
  1 -1 -1  1  1 -1
2-2;1,1,1,1 1 1
2 
#1 
6	% 
  0  0 0 1  0  0
  0  0 1 0  0  0
  0 -1 0 0 -1 -1
 -1  0 0 0 -1 -1
 -1 -1 0 0  0 -1
  1  1 0 0  1  1
2-2',2-2';1,1 1 1
2 
#1 
6	% 
 0  0 1  0 0  0
 0  0 1 -1 0  0
 0  0 1 -1 1 -1
 0  0 0 -1 0 -1
 0 -1 0  0 0  0
 1  1 0  0 0  0
1,1,1,1;1;1 1 1
1 
#1 
6	% 
 0 0 -1 -1  0 -1
 0 0 -1  0 -1 -1
 0 0  0 -1 -1 -1
 0 0  1  1  1  1
 1 0  0  0  0  0
 0 1  0  0  0  0
1,1,1;1,1;1 1 3
24 
#2 
6	% 
 0 0 0 0 -1 0
 0 0 1 0  0 0
 0 0 0 1  2 0
 0 0 0 0 -1 1
 1 0 0 0  0 0
 0 1 0 0  0 0
6	% 
 0 0  2  2  2 -1
 0 0  1  1  0  0
 0 0 -2 -3 -2  1
 0 0  1  1  1 -1
 1 0  0  0  0  0
 0 1  0  0  0  0
1,1,1;1,1;1 1 8
72 
#3 
6	% 
  0 0  1 -2 -2  4
  2 0  0  0 -1  2
 -3 0 -1  2  4 -8
  0 0  0 -1 -1  2
  1 0  1  0  0  1
  0 1  0  0  0  0
6	% 
 0 0 -1  2  0 -2
 0 0 -1  2  0 -1
 1 0  3 -6  0  4
 0 0 -1  1  0 -1
 0 0  1  1 -1  0
 0 1  0  0  0  0
6	% 
 0 0 0 -1  0 -1
 0 0 0 -2  0 -1
 1 0 0  4  0  3
 0 0 1 -1  1 -1
 0 0 0 -1 -1  0
 0 1 0  0  0  0
2-2;1,1,1;1 1 1
4 
#1 
6	% 
  0 0  0  0  0 1
  0 0  0  0 -1 1
  0 0 -1 -1  0 0
 -1 0  0 -1  0 0
  1 0  1  1  0 0
  0 1  0  0  0 0
1,1,1;1,1;1 1 1
4 
#1 
6	% 
 0 0 0  0 -1 -1
 0 0 0  0 -1  0
 1 0 0  0  1  1
 0 0 0 -1  0  0
 0 0 1  1  0  0
 0 1 0  0  0  0
1,1,1,1;1;1 1 2
24 
#2 
6	% 
  0 0  0  0  0 1
 -1 0 -1  2 -1 0
  0 0  0  0  1 0
  0 1  0  0  0 0
  0 0  0 -1  0 0
  0 0 -1  1  0 0
6	% 
 -1 0  0  1 0  0
  0 0  0  1 1  1
 -1 0  0 -1 0 -1
  0 1  0  0 0  0
  1 0 -1  0 0  0
 -1 0 -1  1 0  0
2-2',2-2';1;1 1 1
2 
#1 
6	% 
 0 0  0 1 -1 1
 0 0 -1 1 -1 0
 0 0  0 1  0 0
 0 0 -1 1  0 0
 1 0  0 0  0 0
 0 1  0 0  0 0
2-2;2-1;1,1 1 1
2 
#1 
6	% 
 0 1  0 0 0  0
 1 0  0 0 0  0
 0 0  0 1 0  0
 0 0 -1 1 0  0
 0 0  0 0 0 -1
 0 0  0 0 1  1
2-2',2-2';2-1 1 1
2 
#1 
6	% 
 0 1  0  0  0  0
 1 0  0  0  0  0
 0 0 -1  1  0 -1
 0 0 -1  0 -1  0
 0 0 -1  0  0 -1
 0 0  0 -1 -1  0
2-2;1,1,1;1 1 2
16 
#3 
6	% 
 0 1  0 1 0 0
 1 0  0 1 0 0
 0 0 -1 0 0 0
 0 0  0 0 0 1
 0 0  0 0 1 0
 0 0 -1 1 0 0
6	% 
  0 0 0 1 0 0
  0 0 1 0 0 0
  0 1 0 0 0 0
  0 0 0 0 0 1
  0 0 0 0 1 0
 -1 0 0 0 0 0
6	% 
  0 -1  0 0 0 0
 -1 -1 -2 1 0 0
  1  1  1 0 0 0
  0  0  0 0 0 1
  0  0  0 0 1 0
 -1 -1 -1 1 0 0
1,1,1;1,1;1 1 7
144 
#4 
6	% 
 0  2 0 -1  0 0
 0  0 0  2  1 0
 0 -1 0 -3 -2 0
 0  0 0  1  0 1
 1  0 0  0  0 0
 0  1 1 -1  0 0
6	% 
 0  0 0  1  0  0
 0  2 0  2  2 -1
 0 -3 0 -5 -4  2
 0  1 0  1  1 -1
 1  0 0  0  0  0
 0  0 1  0  0  0
6	% 
 0 0 0 -2 -1  2
 0 0 0  1  0  0
 1 0 0  0  1 -2
 0 1 1  0  0  0
 0 1 0  0  0  0
 0 0 0 -1 -1  1
6	% 
 0 -2 -2 1  0  0
 0  0  0 0  2 -1
 0  1  0 0 -4  2
 0  0  0 0  1 -1
 1  0  0 0  0  0
 0 -1 -1 1  0  0
1,1,1;1,1;1 1 4
24 
#2 
6	% 
 1 0  0 0  0  1
 0 0  0 0 -1  0
 0 0  0 0  0 -1
 0 1 -1 1  0  0
 0 1  0 1  0  0
 0 0 -2 1  0  0
6	% 
 0  0 0 0  1 0
 0  0 0 0  1 1
 1  0 0 0 -1 0
 0  0 1 0  0 0
 0 -1 0 0  0 0
 0  0 0 1  0 0
1,1,1;1,1;1 1 2
28 
#5 
6	% 
 0 0 0  1  0  0
 0 0 0  0  1  0
 0 0 0 -2 -1 -1
 1 0 0  0  0  0
 0 1 0  0  0  0
 0 0 1  0  0  0
6	% 
 0 0 0 -1 0 0
 1 0 0  0 0 0
 0 1 0  2 0 0
 0 0 0  0 0 1
 0 0 0  0 1 0
 0 0 1 -1 0 0
6	% 
 0  0 0 0 -1  2
 1  1 0 0  0  0
 0 -1 0 0  1 -2
 0  0 1 0  0  0
 0  0 0 1  0  0
 0  0 0 0 -1  1
6	% 
 -1  1 0 0 0  0
  0  0 0 0 1  1
  1 -1 0 0 0 -1
  0  0 1 0 0  0
  0  0 0 1 0  0
  0  1 0 0 0  0
6	% 
 0 0  1  1 0 0
 0 0  1  1 1 0
 0 0 -1 -1 0 1
 1 0  0  0 0 0
 0 1  0  0 0 0
 0 0  1  0 0 0
1,1,1;1,1;1 1 9
120 
#8 
6	% 
 0  0 0  0 -1  2
 1  1 0  0  0  0
 0 -1 0  0  1 -2
 0  0 0 -1 -1  1
 0  0 1  0  0  0
 0  0 2 -1  0  0
6	% 
 0 0  0 0 0 -1
 1 0  0 0 0  0
 0 1  0 0 0  2
 0 0  0 2 1 -1
 0 0 -1 0 0  0
 0 0 -2 1 0  0
6	% 
  1  1 0  0 0 0
  1  1 0  0 1 0
 -1 -1 0  0 0 1
  1  0 0  1 0 0
  0  0 1  0 0 0
  0  0 2 -1 0 0
6	% 
  0  0 0 0 -1 0
  0  0 1 0  0 0
  0  0 0 1  2 0
 -1 -1 0 0 -1 1
  0  1 0 0  0 0
 -1  1 0 0  0 0
6	% 
  0 0  0  2  2 -1
  0 0  1  2  2 -1
  0 0 -1 -3 -4  2
  0 0  0  1  1 -1
  0 1  0  0  0  2
 -1 1  0  0  0  0
6	% 
 0 0 0 0 0 -1
 1 0 0 0 0  0
 0 1 0 0 0  2
 0 0 0 0 1 -1
 0 0 1 0 0  0
 0 0 0 1 0  0
6	% 
 0  0 0 0 -1  2
 1  1 0 0  0  0
 0 -1 0 0  1 -2
 0  0 0 0 -1  1
 0  0 1 0  2  0
 0  0 0 1  0  0
6	% 
  1  1 0 0  0  0
  1  1 0 0  1  0
 -2 -2 0 0 -1 -1
  1  0 0 0  0  0
  0  0 1 0  0  0
  0  0 0 1  0  0
1,1,1,1;1;1 1 3
7 
#2 
6	% 
  0 -1  0  0 -1 -1
 -1  0  0  0 -1 -1
 -1 -1  0  0  0 -1
  1  1  0  0  1  1
  0  0 -1  0  0  0
  0  0  1 -1  0  0
6	% 
 0 0 -1 -1  0 -1
 0 0  0 -1 -1 -1
 0 0 -1  0 -1 -1
 0 0  1  1  1  1
 0 1  0  0  0  0
 1 0  0  0  0  0
1,1,1,1;1;1 1 5
60 
#5 
6	% 
  0  1 0  0  0  0
 -1  1 0  1  0  0
  0  1 0  1  0 -1
  1 -1 1 -1  0  0
 -1  1 1  0  0  0
  0 -1 0 -1 -1  1
6	% 
  1 -1  0  2 0  1
  2 -1  0  3 0  2
  0 -1 -1  1 0  0
 -1  2  0 -3 1 -2
  1 -2  0  3 1  1
  0  1 -1  0 0  0
6	% 
  1 -1  0  2  0  1
  1 -1  0  1  1  1
  1  0  0  1  0  1
 -1  1 -1 -1 -1 -1
  1 -1 -1  2  1  1
  0  1  0 -1  0 -1
6	% 
 0  0  0  0  1  0
 0  0  0  0  1 -1
 0 -1  0  0  1  0
 0  0 -1  1 -2  0
 0  0  0 -1  2  0
 1  0  0  0 -1  0
6	% 
  1  0  0  0  0  0
  1 -1  0  0  0  0
  1 -1  0  0  0 -1
 -1  2  1 -1  0  0
  1 -2 -1  0  0  0
 -1  1  0  0 -1  1
1,1,1;1,1;1 1 12
216 
#7 
6	% 
  0  0 0 -1  0 0
 -1  1 0 -2 -1 0
  1 -1 0  4  0 0
 -1  0 0 -1 -1 1
  1  0 0  2  0 0
  0  0 1 -1  0 0
6	% 
  0  0 0  1  0  0
 -1  1 0 -2 -2  1
  2 -2 0  0  2 -1
  0  1 0 -1 -1  1
  1 -1 0  0  1 -1
  0  0 1  0  0  0
6	% 
 1 1  0  0 0  0
 0 0 -1  2 0  0
 0 0  1 -2 1 -2
 0 0 -1  1 0  0
 0 0  1 -1 1 -1
 1 0  0  0 0  0
6	% 
 -1 -1  0  0 0  0
  0  0  1 -2 0  3
  2  2 -1  2 0 -4
  0  0 -1 -1 1  1
  1  1  0  1 0 -2
 -1  0  0  0 0  0
6	% 
 -1 -1  0 -2 0 -2
  0  0  0 -1 0  1
  2  2  0  5 0  2
  0  0 -1  0 1  0
  1  1  1  2 0  1
  0 -1  0 -1 0 -1
6	% 
 0  0 2 -1  2  0
 0  0 0  0 -1  0
 1 -1 0  0  1  0
 0  0 0  0 -1  1
 1  0 0  0  1 -1
 0  0 1 -1  1  0
6	% 
  0  0 -2  1  0  0
 -1  1 -4  2 -2  1
  2 -2  8 -4  2 -1
  0  1 -2  1 -1  1
  1 -1  4 -2  1 -1
  0  0 -1  0  0  0
1,1,1;1;1;1 1 5
12 
#1 
6	% 
 0  0 0 0  1  0
 0 -1 0 0  0 -1
 0  1 0 0 -1  0
 1  0 0 0  0  0
 0  0 0 1  0  0
 0  0 1 0  0  0
1,1;1,1;1;1 1 19
36 
#1 
6	% 
 1 0 0 0  1 -2
 0 1 0 0  1  0
 0 0 0 0 -1  1
 0 0 0 1  0  0
 0 0 0 0  0 -1
 0 0 1 0  0  0
1,1;1,1;1,1 1 2
12 
#1 
6	% 
 1 0 0  0  1 -2
 0 0 0 -1  0  0
 0 0 1  1  0  0
 0 1 0  0  1  0
 0 0 0  0 -1  1
 0 0 0  0  0 -1
2-2;2-2;1,1 1 1
1 
#1 
6	% 
 0  0  0 0  0 1
 0  0  0 0 -1 1
 0  0  0 1  0 0
 0  0 -1 1  0 0
 0 -1  0 0  0 0
 1  1  0 0  0 0
2-2;1,1;1,1 1 1
2 
#1 
6	% 
 0  0 0  0  0 1
 0  0 0  0 -1 1
 0 -1 0  0  0 0
 1  1 0  0  0 0
 0  0 0 -1  0 0
 0  0 1  1  0 0
1,1;1,1;1;1 1 4
7 
#2 
6	% 
 0 -1 0 0  0  0
 1  1 0 0  0  0
 0  0 0 0  1  0
 0  0 0 0 -1 -1
 0  0 0 1  0  0
 0  0 1 0  0  0
6	% 
 0 0  1 1  0  0
 0 0 -1 0  0  0
 0 0  0 0  1  0
 0 0  0 0 -1 -1
 0 1  0 0  0  0
 1 0  0 0  0  0
1,1,1;1;1;1 1 10
60 
#5 
6	% 
 0 -1 0  0 0  0
 1  1 0  0 1 -2
 0  0 0  0 0  1
 0  0 0 -1 0  0
 0  0 1  0 0  0
 0  0 0  0 1 -1
6	% 
 0 1 0  0  0 1
 1 0 0  0  0 1
 0 0 0  0 -1 0
 0 0 0 -1  0 0
 0 0 1  0  0 0
 0 0 0  0 -1 1
6	% 
  0  0 0  0 0 1
  0  0 0  0 1 0
  0 -1 0  0 0 0
  0  0 0 -1 0 0
  0  0 1  0 0 0
 -1  0 0  0 0 0
6	% 
 0  0  0  0 0 1
 0  0  0  0 1 0
 0  0  0 -1 0 0
 0 -1  0  0 0 0
 1  0  0  0 0 0
 0  0 -1  0 0 0
6	% 
 0  0  0 0 0 1
 0  0  0 0 1 0
 0  0  0 1 0 0
 0 -1  0 0 0 0
 1  0  0 0 0 0
 0  0 -1 0 0 0
1,1;1,1;1,1 1 1
1 
#1 
6	% 
 0 -1 0  0 0  0
 1  1 0  0 0  0
 0  0 0 -1 0  0
 0  0 1  1 0  0
 0  0 0  0 0 -1
 0  0 0  0 1  1
1,1;1,1;1;1 1 34
54 
#3 
6	% 
  1  0 0 0  1 -1
 -1  0 0 0 -1  0
  0  0 0 1  0  0
  0  1 0 0 -1  0
  0 -1 0 0  0  1
  0  0 1 0  0  0
6	% 
 0 0  1  0  1 -1
 0 0 -1  0 -1  0
 0 1  0  0  0  0
 0 0  0  1 -1  0
 0 0  0 -1  0  1
 1 0  0  0  0  0
6	% 
 0 0 -1  0 -1 -1
 0 0  0  1  0  1
 0 1  0  0  0  0
 0 0  1  0  0  1
 0 0  0 -1  1 -2
 1 0  0  0  0  0
1,1;1,1;1,1 1 5
30 
#3 
6	% 
  0  0 0 1  0  0
  0  0 1 0  0  0
  1  1 0 0  0 -1
  0 -1 0 0  1  0
  1  1 0 0  1 -1
 -1  0 0 0 -1  0
6	% 
 0 -1  0  0  0  0
 1  1  0  0  0  0
 0  0  1  1  1 -1
 0  0  0 -1 -1  0
 0  0  1  1  0 -1
 0  0 -1  0  1  0
6	% 
 1 0  0  0  0  0
 0 1  0  0  0  0
 0 0  0  1 -1  1
 0 0  0 -1  0 -1
 0 0  1  0  1  0
 0 0 -1  0  0 -1
2-2',2-2';1;1 1 2
2 
#1 
6	% 
 0 0 1  0 0  1
 0 0 1 -1 1  0
 0 0 1  0 1  0
 0 0 1 -1 1 -1
 0 1 0  0 0  0
 1 0 0  0 0  0
2-2;1,1;1,1 1 2
12 
#1 
6	% 
 1  0  0  1 0 0
 0 -1 -2  1 0 0
 0  1  1 -1 0 0
 0  0  0  0 0 1
 0  0  0  0 1 0
 0  1  1  0 0 0
1,1,1;1;1;1 1 2
12 
#2 
6	% 
 0 0  0 -1 0 -1
 0 0  0  1 1  1
 1 0  0  0 0  0
 0 1  0  0 0  0
 0 0 -1  0 0  0
 0 0 -1  1 0  0
6	% 
 0 0  0 0 0 1
 0 0  0 0 1 0
 1 0  0 0 0 0
 0 1  0 0 0 0
 0 0  0 1 0 0
 0 0 -1 0 0 0
1,1;1,1;1;1 1 16
144 
#4 
6	% 
 1 0 0  0 1 -2
 0 1 0  0 0  0
 0 0 1  0 0  0
 0 0 0  0 0  1
 0 0 1 -1 0  0
 0 0 0  0 1 -1
6	% 
 1 0 0  0  0 1
 0 1 0  0  0 0
 0 0 1  0  0 0
 0 0 0 -2 -1 0
 0 0 1 -1  0 0
 0 0 0 -2 -1 1
6	% 
 0 1  0 1  0  0
 1 0  0 0  0  0
 0 0  0 0  0 -1
 0 0 -1 0 -1  2
 0 0  0 0 -1  1
 0 0 -1 1 -1  2
6	% 
 1 0  0  0  1 -2
 0 1  0  0  0  0
 0 0  1 -1  2  0
 0 0  0  0 -1  1
 0 0 -1  0 -2  0
 0 0  0  0  0 -1
1,1;1,1;1,1 1 4
72 
#3 
6	% 
 0 -1 -2  1 0  0
 1  0  0  0 1 -2
 0  0  0  1 0  1
 0  1  1 -1 0  0
 0 -1 -1  0 0  0
 0  0  0  1 1 -1
6	% 
 0 -1 -2  1  0 0
 1  0  0  0  0 1
 0  0  0 -2 -1 0
 0  1  1  0  0 0
 0 -1 -1  1  0 0
 0  0  0 -2 -1 1
6	% 
 1 0  0 0  0  1
 0 1  0 1  0  0
 0 0 -1 0 -2  1
 0 0  0 0  1 -1
 0 0  0 0  1  0
 0 0 -1 1 -2  1
1,1;1,1;1;1 1 2
24 
#2 
6	% 
 1 0  0 1 0 0
 0 0  0 0 1 0
 0 0  0 0 0 1
 0 1  0 0 0 0
 0 0 -1 0 0 0
 0 0 -1 1 0 0
6	% 
 1 0 0 0 1 -2
 0 0 1 0 0  0
 0 0 0 1 0  0
 0 1 0 0 0  0
 0 0 0 0 0  1
 0 0 0 0 1 -1
1,1,1;1;1;1 1 7
72 
#3 
6	% 
 1 0  0  2 1 -2
 0 1  0  0 0  0
 0 0 -1  0 0  0
 0 0  0 -1 0  1
 0 0 -1  1 0  0
 0 0  0  1 1 -1
6	% 
 -1 0 0  2  0 1
  0 1 0  0  0 0
 -1 0 1  0  0 0
  1 0 0 -1 -1 0
  1 0 1 -1  0 0
 -1 0 0  1 -1 1
6	% 
 -1 0 -2 1 -1  2
  0 1  0 0  0  0
  1 0  0 0  0  1
  0 0  1 0  1 -2
 -1 0  0 0  1 -1
  0 0 -1 1 -1  2
1,1;1,1;1;1 1 1
1 
#1 
6	% 
 0 0  1 1  0 0
 0 0 -1 0  0 0
 0 0  0 0  1 1
 0 0  0 0 -1 0
 1 0  0 0  0 0
 0 1  0 0  0 0
1,1;1,1;1;1 1 8
72 
#3 
6	% 
 1 0 0  0  1 -2
 0 1 1 -2  0  0
 0 0 0  1  0  0
 0 0 0  0 -1  1
 0 0 0  0  0 -1
 0 0 1 -1  0  0
6	% 
 1 0  0 0  1 -2
 0 1  0 1  0  0
 0 0 -1 0  0  0
 0 0  0 0 -1  1
 0 0  0 0  0 -1
 0 0 -1 1  0  0
6	% 
 0 1 0  1  0 0
 1 0 0  0  0 1
 0 0 0  0 -1 0
 0 0 1 -1  0 0
 0 0 1  0  0 0
 0 0 0  0 -1 1
2-2;2-2;1;1 1 1
1 
#1 
6	% 
 0 0  0 1  0 0
 0 0 -1 1  0 0
 0 0  0 0  0 1
 0 0  0 0 -1 1
 1 0  0 0  0 0
 0 1  0 0  0 0
1,1;1,1;1;1 1 23
18 
#2 
6	% 
 1 0  0  0  0  0
 0 1  0  0  0  0
 0 0  1  1  1 -1
 0 0  0 -1 -1  0
 0 0  1  1  0 -1
 0 0 -1  0  1  0
6	% 
 0 1  0  0  0  0
 1 0  0  0  0  0
 0 0  0  1 -1  1
 0 0  0 -1  0 -1
 0 0  1  0  1  0
 0 0 -1  0  0 -1
2-1;1,1;1;1 1 6
6 
#1 
6	% 
 1 0  0  0 0 0
 0 1  0  0 0 0
 0 0  0  0 1 0
 0 0  0  0 0 1
 0 0 -1  0 0 0
 0 0  1 -1 0 0
2-1;1,1;1;1 1 18
36 
#3 
6	% 
 0 1 0  0 0  0
 1 0 0  0 0  0
 0 0 1  0 0  0
 0 0 0 -2 0  1
 0 0 1 -1 0  0
 0 0 0  2 1 -1
6	% 
 0 1 0  0  0 0
 1 0 0  0  0 0
 0 0 1  0  0 0
 0 0 0 -1 -1 0
 0 0 1 -1  0 0
 0 0 0  1 -1 1
6	% 
 0 1  0 0  0  0
 1 0  0 0  0  0
 0 0  0 0 -1  1
 0 0  1 0  2 -1
 0 0  0 0  1  0
 0 0 -1 1 -2  1
2-2;2-1;1;1 1 3
6 
#1 
6	% 
 1 0  0  0  0 0
 0 1  0  0  0 0
 0 0  0  0  0 1
 0 0  0  0 -1 1
 0 0 -1  0  0 0
 0 0  1 -1  0 0
2-1;1;1;1;1 1 14
9 
#1 
6	% 
 0 1 0 0 0 0
 1 0 0 0 0 0
 0 0 0 1 0 0
 0 0 0 0 0 1
 0 0 1 0 0 0
 0 0 0 0 1 0
2-2,2-2;1,1 1 1
6 
#1 
6	% 
 0 0  0 -1  0 -2
 0 0  1 -1 -2  0
 0 0  0  1  0  1
 0 0 -1  1  1  0
 1 0  0  0  0  0
 0 1  0  0  0  0
1,1;1,1;1;1 1 9
60 
#5 
6	% 
 0 -1 0  0  0 0
 1  1 0  0  0 0
 0  0 1  0  0 0
 0  0 0 -1 -1 0
 0  0 1 -1  0 0
 0  0 0  1 -1 1
6	% 
 0 -1  0 0  0  0
 1  1  0 0  0  0
 0  0  0 0  0  1
 0  0  1 0  1 -2
 0  0  0 0  1 -1
 0  0 -1 1 -1  2
6	% 
 0 -1  0 0  0  0
 1  1  0 0  0  0
 0  0  0 0 -1  0
 0  0  1 0  0  2
 0  0  0 0 -1  1
 0  0 -1 1  0 -2
6	% 
  0  0  0  0  1  0
  0  0  0  0 -1 -1
  0  0 -1  0  0  0
  0 -1  0  2  0  0
  0  0 -1  1  0  0
 -1  0  0 -2  0  0
6	% 
  0  0 0 1 0  0
  0  0 1 0 0  0
  0  1 0 0 0  0
 -1 -1 0 0 0  1
 -1  0 0 0 0  0
  1  1 0 0 1 -1
1,1,1;1;1;1 1 15
72 
#3 
6	% 
 0 1 0 -1 0 -1
 0 0 0  0 1  0
 0 0 1  0 0  0
 1 0 0  1 0  1
 0 0 1 -1 0  0
 0 0 0  0 1 -1
6	% 
 -1 -1 1  0  0  0
  1  1 0  1  0 -1
  0  1 0  0  0  0
  1  1 1 -1  0  0
 -1  0 0  0  0  0
 -1 -1 0 -1 -1  1
6	% 
  0 0  1 0  0  0
  0 0  0 0  0 -1
  0 1  0 0  0  0
  0 0 -1 1  0  0
 -1 0  0 0  0  0
  0 0  0 0 -1  1
1,1;1,1;1;1 1 25
216 
#7 
6	% 
 -1  0 0 -2  0 -2
  1  1 0  0 -1  4
  0  0 1  0  0  0
  0  1 0 -2  0  2
  0  0 1 -1  0  0
 -1 -1 0  0 -1 -3
6	% 
  0  0 -1  0 0  0
  0  0  0  0 0  1
  0 -1  0  2 0  0
  0  0  1 -1 0  0
 -1  0  0 -2 0  0
  0  0  0  0 1 -1
6	% 
  0  0 -1  0 0 -2
  0  0  0  0 1  0
  0 -1  0  2 0  0
  0  0  1 -1 0  2
 -1  0  0 -2 0  0
  0  0  0  0 1 -1
6	% 
  0 0  0  1  0  1
  0 0 -1  0  0  0
  0 1  0  0  1 -2
  0 0  0 -1 -1  1
 -1 0  0  0 -1  2
  0 0 -1  1  0  0
6	% 
  0  1 0  0 0  0
  0  0 0  1 0  0
 -1 -1 0  0 0  1
  1  0 0  0 0  0
  1  1 0  0 1 -1
  0  0 1 -1 0  0
6	% 
  0  1 0  0  0  1
  0  0 0  1  0  0
 -1 -1 0  0 -1 -2
  1  0 0  0  0  1
  1  1 0  0 -1  3
  0  0 1 -1  0  0
6	% 
  0  0 -1  1 0  0
  0 -1  2 -1 0  0
  0  0  0 -2 0  1
  0  0  1  0 0  0
  0  0  0  2 1 -1
 -1  0 -2  1 0  0
1,1;1,1;1,1 1 10
72 
#3 
6	% 
  0  0 1  0  0  0
 -1  0 0 -1  0 -2
  1  1 0  0  1  3
  0  0 1 -1  0  0
  1  1 0  0 -1  4
  0 -1 0  1  0 -2
6	% 
  0  1 -2 1 0  0
 -1 -1  0 0 0  1
  0  0  1 0 0  0
 -1  0 -2 1 0  0
  0  0 -1 1 0  0
  1  1  0 0 1 -1
6	% 
 1 -1 1  0  0  0
 0  0 0 -2 -1  0
 0  1 0  0  0  2
 1 -1 1 -1  0  0
 1  0 0  0  0  2
 0  0 0  2  1 -1
2-2;1,1;1,1 1 5
12 
#1 
6	% 
  0  0  0  0  0 1
  0  0  0  0 -1 1
  0  1 -1  1  0 0
  0 -1  0 -1  0 0
  1  0  1  0  0 0
 -1  0  0 -1  0 0
2-2;2-2;1;1 1 2
1 
#1 
6	% 
 0 0  0 0 0 1
 0 0  0 0 1 0
 0 0  0 1 0 0
 0 0 -1 1 0 0
 0 1  0 0 0 0
 1 0  0 0 0 0
2-2,2-2;1;1 1 1
6 
#1 
6	% 
 0 0  0  1  0  1
 0 0 -1  1  1  0
 0 0  0 -1  0 -2
 0 0  1 -1 -2  0
 1 0  0  0  0  0
 0 1  0  0  0  0
2-2,2-2;2-1 1 1
6 
#1 
6	% 
 0 1  0  0  0  0
 1 0  0  0  0  0
 0 0  0 -1  0 -2
 0 0  1 -1 -2  0
 0 0  0  1  0  1
 0 0 -1  1  1  0
2-2,2-2;1,1 2 1
6 
#1 
6	% 
 0  0 1  0 0  0
 0  0 1 -1 0  0
 0  0 0  0 1  0
 0  0 0  0 1 -1
 0 -1 0  0 0  0
 1  1 0  0 0  0
2-2,2-2;1;1 1 2
6 
#1 
6	% 
 0 0  0  5  0  3
 0 0 -5  5 -3  3
 0 0  0 -8  0 -5
 0 0  8 -8  5 -5
 0 1  0  0  0  0
 1 0  0  0  0  0
2-2,2-2;1;1 2 1
6 
#1 
6	% 
 0 0 1  0 0  0
 0 0 1 -1 0  0
 0 0 0  0 1  0
 0 0 0  0 1 -1
 1 0 0  0 0  0
 0 1 0  0 0  0
2-2,2-2;2-1 2 1
6 
#1 
6	% 
 0 0  0 0  0 1
 0 0  0 0 -1 1
 0 0  0 1  0 0
 0 0 -1 1  0 0
 0 1  0 0  0 0
 1 0  0 0  0 0
2-2,2-2;1;1 2 2
6 
#1 
6	% 
 0 0  0  0 0 1
 0 0  0  0 1 0
 0 0  0 -1 0 0
 0 0 -1  0 0 0
 0 1  0  0 0 0
 1 0  0  0 0 0
2-2;1,1;1;1 1 1
2 
#1 
6	% 
 0 0  0 1 0 0
 0 0 -1 1 0 0
 0 0  0 0 1 0
 0 0  0 0 0 1
 1 0  0 0 0 0
 0 1  0 0 0 0
2-2;1,1;1;1 1 2
24 
#2 
6	% 
 1 0 0 0 1 -2
 0 1 0 0 0  0
 0 0 0 0 0  1
 0 0 1 0 0  0
 0 0 0 1 0  0
 0 0 0 0 1 -1
6	% 
 1 0 0 0  0 1
 0 1 0 0  0 0
 0 0 0 0 -1 0
 0 0 1 0  0 0
 0 0 0 1  0 0
 0 0 0 0 -1 1
1,1;1;1;1;1 1 11
36 
#3 
6	% 
 1 0 0 0  0 0
 0 1 0 0  0 0
 0 0 0 0  0 1
 0 0 0 1 -2 0
 0 0 1 0  2 0
 0 0 0 0 -1 1
6	% 
 1 0 0  0  0 0
 0 1 0  0  0 0
 0 0 0  0  0 1
 0 0 0 -1 -2 0
 0 0 1  0  2 0
 0 0 0  0 -1 1
6	% 
 1 0  0  0  0  0
 0 1  0  0  0  0
 0 0  0  0 -1  1
 0 0  0 -1  1 -2
 0 0 -1  1 -1  2
 0 0  0  0  0 -1
1,1;1;1;1;1 1 3
6 
#1 
6	% 
 0 0  1 1  0  0
 0 0 -1 0  0  0
 1 0  0 0  0  0
 0 1  0 0  0  0
 0 0  0 0  0 -1
 0 0  0 0 -1  1
1,1;1;1;1;1 1 9
72 
#2 
6	% 
 1 0  0  0 1 -2
 0 1  0  0 0  0
 0 0  0 -1 0  0
 0 0  0  0 0  1
 0 0 -1  1 0  0
 0 0  0  0 1 -1
6	% 
 1 0  0  0  0 1
 0 1  0  0  0 0
 0 0  0 -1  0 0
 0 0  0  0 -1 0
 0 0 -1  1  0 0
 0 0  0  0 -1 1
2-2;1,1;1;1 1 3
8 
#2 
6	% 
 0 -1  0  0 0 0
 1  1  0  0 0 0
 0  0  0  0 0 1
 0  0  0  0 1 0
 0  0 -1  0 0 0
 0  0  1 -1 0 0
6	% 
 0 0  1 1 0 0
 0 0 -1 0 0 0
 0 0  0 0 0 1
 0 0  0 0 1 0
 0 1  0 0 0 0
 1 0  0 0 0 0
2-2;1,1;1;1 1 14
24 
#2 
6	% 
  0  0  0  0 0 1
  0  0  0  0 1 0
  0  0 -1  0 0 0
  0 -1  0  2 0 0
  0  0 -1  1 0 0
 -1  0  0 -2 0 0
6	% 
  0  0 0  0 0 1
  0  0 0  0 1 0
  0  1 0  0 0 0
 -1 -1 0  1 0 0
 -1  0 0  0 0 0
  1  1 1 -1 0 0
1,1;1;1;1;1 1 25
15 
#2 
6	% 
 0  0  0  0  1  0
 0  0  0  0 -1 -1
 0  0 -1  0  0  0
 0 -1  0  0  0  0
 1  0  0  0  0  0
 0  0  1 -1  0  0
6	% 
 0 -1 0  0  0  0
 1  1 0  0  0  0
 0  0 0  0  0 -1
 0  0 1  0  0  0
 0  0 1 -1  0  0
 0  0 0  0 -1  1
1,1;1;1;1;1 1 28
108 
#5 
6	% 
 0 0 -1  1 0  0
 0 0  0 -2 0  1
 0 1  0  0 0  0
 0 0 -1  0 0  0
 1 0  0  0 0  0
 0 0  0  2 1 -1
6	% 
 0 0 1 -1 0  0
 0 0 0  1 1  0
 0 1 0  0 0  0
 0 0 1  0 0  0
 1 0 0  0 0  0
 0 0 0 -1 1 -1
6	% 
 -1  0  0  0 0  0
  0  0  0  0 0  1
  0  0 -1  0 0  0
  0 -1  0  0 0  0
  0  0  1 -1 0  0
  0  0  0  0 1 -1
6	% 
 0 0  0  0 -1  1
 0 1  0  0  0 -2
 0 0 -1  0  0  0
 0 0  0  0 -1  0
 0 0  1 -1  0  0
 1 0  0  0  0  2
6	% 
 0 0 0  0  0 -1
 0 0 0  1 -1  2
 0 1 0  0  0  0
 0 0 0  0 -1  1
 1 0 0  0  0  0
 0 0 1 -1  1 -2
2-2;1;1;1;1 1 2
6 
#1 
6	% 
 1 0 0 0 0 0
 0 1 0 0 0 0
 0 0 0 1 0 0
 0 0 0 0 0 1
 0 0 0 0 1 0
 0 0 1 0 0 0
1;1;1;1;1;1 1 7
9 
#1 
6	% 
 1 0 0 0  0  0
 0 1 0 0  0  0
 0 0 0 1  0  0
 0 0 0 0  0 -1
 0 0 1 0  0  0
 0 0 0 0 -1  1
2-2;1;1;1;1 1 11
6 
#1 
6	% 
 0 0 0 0  0 1
 0 0 0 0 -1 1
 0 1 0 0  0 0
 0 0 0 1  0 0
 1 0 0 0  0 0
 0 0 1 0  0 0
1;1;1;1;1;1 1 18
9 
#1 
6	% 
 0 1 0 0 0 0
 0 0 0 0 0 1
 0 0 0 1 0 0
 1 0 0 0 0 0
 0 0 1 0 0 0
 0 0 0 0 1 0
