#94

3;3 4 1
1 
#1 
6	% 
 1 0 0 0 0 0
 0 1 0 0 0 0
 0 0 1 0 0 0
 0 0 0 1 0 0
 0 0 0 0 1 0
 0 0 0 0 0 1
1,1,1,1,1,1 1 1
1 
#1 
6	% 
 1 0 0 0 0 0
 0 1 0 0 0 0
 0 0 1 0 0 0
 0 0 0 1 0 0
 0 0 0 0 1 0
 0 0 0 0 0 1
2-1;1,1,1,1 1 1
6 
#1 
6	% 
  0 1 0  0  0  0
  0 0 1  0  0  0
  0 0 0 -1 -1 -1
 -1 0 0  0 -1 -1
 -1 0 0 -1  0 -1
  1 0 0  1  1  1
2-1;1,1,1;1 1 1
24 
#2 
6	% 
 0 0 1 0  0  0
 0 1 0 0  0  0
 0 0 0 1  0  1
 0 0 0 0 -1  0
 0 0 0 0  0 -1
 1 0 0 0  0  0
6	% 
 0  0  0  0 0 1
 0  0  0  0 1 0
 0  0 -1 -1 0 0
 0 -1  0 -1 0 0
 0  1  1  1 0 0
 1  0  0  0 0 0
1,1,1,1,1;1 1 2
12 
#1 
6	% 
  1  1 -1  0  1  1
  1  1 -1  1  0  1
  1  1 -1  1  1  1
  1  1 -1  0  0  2
 -1 -2  1 -1 -1 -2
  1  1 -2  1  1  2
1,1,1,1;1,1 1 1
15 
#2 
6	% 
  0 0  0 -1 -1 -1
 -1 0  0  0 -1 -1
 -1 0  0 -1  0 -1
  1 0  0  1  1  1
  0 0 -1  0  0  0
  0 1  1  0  0  0
6	% 
 0 -1 -1  0  0 -1
 0 -1  0  0 -1 -1
 0  0 -1  0 -1 -1
 0  1  1  0  1  1
 0  0  0 -1  0  0
 1  0  0  1  0  0
2-1',2-1';1,1 1 1
18 
#1 
6	% 
 0  1 0  0  1 -1
 0  0 1  0  1  1
 0  0 1  0  0  1
 0 -1 0  0 -1  0
 0  0 0 -1  0  0
 1  0 0  1  0  0
1,1,1;1,1,1 1 1
10 
#2 
6	% 
  0 -1 -1  0  0  0
 -1  0 -1  0  0  0
  1  1  1  0  0  0
  0  0  0  0 -1 -1
  0  0  0 -1  0 -1
  0  0  0  1  1  1
6	% 
  0  0 1  0  1  0
  0 -1 0  0  0  0
  0  0 0  0 -1  0
  0  0 0 -1  0 -1
 -1  0 0  0  0 -1
  1  0 0  1  0  1
1,1,1,1,1;1 1 1
6 
#1 
6	% 
  0 0  0  0 -1  0
 -1 0 -1  0 -1 -1
 -1 0  0 -1 -1 -1
  0 0 -1 -1  0 -1
  1 0  1  1  1  1
  0 1  0  0  0  0
2-1',2-1';1;1 1 1
18 
#1 
6	% 
 0  0 -1 0 -1 -1
 0 -1  0 0 -1  1
 0 -1  0 0  0  1
 0  0  1 0  1  0
 1  0  0 0  0  0
 0  0  0 1  0  0
2-1;1,1,1;1 1 4
36 
#1 
6	% 
  0 1 0  0  0  0
  0 0 1  0  0  0
 -1 0 0 -1 -1  1
 -2 0 0 -1 -1  1
  1 0 0  1  0 -1
 -1 0 0 -1 -1  0
2-1;1,1;1,1 1 3
36 
#1 
6	% 
  0 1 0  0  0  0
  0 0 1  0  0  0
 -1 0 0  0 -1 -1
  0 0 0 -1 -1  1
  1 0 0  1  1  0
 -1 0 0  1  0 -1
1,1,1,1;1,1 1 3
36 
#1 
6	% 
 -2  1 -1  1 -1  1
 -1  1 -1  2  0  0
  1  0  0  0  0 -1
  1 -1  0 -1  0  0
 -1  0 -1  1  0  0
 -1  0  0  0 -1  0
2-1;1,1;1,1 1 1
18 
#1 
6	% 
 0 0 0  0 0 1
 0 0 0  0 1 0
 0 1 0  0 0 0
 0 0 1  0 0 0
 0 0 0 -1 0 0
 1 0 0  1 0 0
1,1,1;1,1,1 1 2
36 
#1 
6	% 
  0  0 -1 0  0  0
  0 -1  0 0  0  0
 -1  0  0 0  0  0
  1  0  0 1  1 -1
  0  1  1 0  0  1
  0 -1 -1 0 -1  0
1,1,1,1;1,1 1 2
48 
#2 
6	% 
 0  0  0  0 1  0
 0  0  0  0 0  1
 0 -1 -1 -1 0 -1
 1  0  0  0 0  0
 0  1  0  0 0  0
 0  0 -1  0 0  0
6	% 
  0 0  1  0  0  0
 -1 0  1  0  0  0
  0 0  1 -1  0  0
  0 1  0  0  1  1
  1 0 -1  1  0 -1
 -1 0  1 -1 -1  0
1,1,1;1,1,1 1 3
36 
#1 
6	% 
  1 0 0 0  1  1
  0 0 0 1  1 -1
  0 0 1 0  0  1
 -1 0 0 0  0 -1
  0 1 0 0 -1  0
  1 0 0 0  1  0
2-2;1,1,1,1 1 2
8 
#1 
6	% 
  1  1  1  1 0  0
  0  0  0  0 0 -1
  1  1  1  1 1  0
 -1 -1  0 -1 0  1
  1  0  1  1 0 -1
  0 -1 -1 -1 0  1
2-2',2-2';1,1 1 3
32 
#1 
6	% 
  0  0  0  0  0  1
  0  0  0  0  1  0
  0  0  0 -1  0  0
  0  0 -1 -1 -1  0
  0 -1  0 -1  0 -1
 -1  0  0  0 -1 -1
2-2;2-1;1,1 1 3
24 
#1 
6	% 
 0 0 1 0  0 0
 0 1 0 0  0 0
 1 0 0 0  0 0
 0 0 0 0  0 1
 0 0 0 0 -1 0
 0 0 0 1  0 0
2-1;1,1;1;1 1 1
36 
#2 
6	% 
 0 0 1 0 0 0
 0 1 0 0 0 0
 0 0 0 1 0 0
 0 0 0 0 1 0
 1 0 0 0 0 0
 0 0 0 0 0 1
6	% 
 0 0 0  0 0 1
 0 0 0  0 1 0
 0 0 0 -1 0 0
 1 0 0  1 0 0
 0 1 0  0 0 0
 0 0 1  0 0 0
2-2;2-1;1;1 1 5
24 
#1 
6	% 
 0 1 0  0 0 0
 0 0 1  0 0 0
 1 0 0  0 0 0
 0 0 0  0 0 1
 0 0 0  0 1 0
 0 0 0 -1 0 0
2-1;1,1;1;1 1 4
72 
#2 
6	% 
 0 0 1 0  0  0
 0 1 0 0  0  0
 0 0 0 1  1 -1
 1 0 0 0  0  0
 0 0 0 0 -1  1
 0 0 0 1  1  0
6	% 
  0 0 1 0  0  0
  0 1 0 0  0  0
 -1 0 0 0 -1  1
  0 0 0 1  0  0
  1 0 0 0  0 -1
 -1 0 0 0 -1  0
3;1,1,1 2 1
2 
#1 
6	% 
 0 0 1  0  0  0
 0 1 0  0  0  0
 1 0 0  0  0  0
 0 0 0  0 -1 -1
 0 0 0 -1  0 -1
 0 0 0  1  1  1
1,1,1,1;1;1 1 3
6 
#1 
6	% 
  0 0 0 -1 -1 -1
 -1 0 0  0 -1 -1
 -1 0 0 -1  0 -1
  1 0 0  1  1  1
  0 0 1  0  0  0
  0 1 0  0  0  0
1,1,1;1,1;1 1 2
72 
#2 
6	% 
 0 -1  1 0  0 0
 0  0  0 0  1 1
 0  1 -1 0 -1 0
 1  0  0 0  0 0
 0  0  0 1  0 0
 0  0  1 0  0 0
6	% 
  2  1 -1 0 0  0
  1  0  0 0 0  0
 -3 -1  1 1 0  0
  0  0  0 0 0 -1
  0  0  0 0 1  1
  1  1  0 0 0  0
2-2;1,1,1;1 1 5
48 
#1 
6	% 
 -1 0 0  0  0  0
 -1 0 1  0  0  0
  1 1 0  0  0  0
  1 0 0  0  0 -1
  1 0 0  0 -1  0
  1 0 0 -1  0  0
1,1,1,1;1;1 1 2
48 
#2 
6	% 
 0  0  0 1 0 0
 0  0  0 0 1 0
 0  0  0 0 0 1
 1  0  0 0 0 0
 0  0 -1 0 0 0
 0 -1  0 0 0 0
6	% 
  0  0  0 0 -1  0
  0  0  0 0 -1  1
 -1 -1  1 0 -1 -1
  0  0  0 1  0  0
  1  0 -1 0  1  0
 -1 -1  0 0 -1  0
1,1,1;1,1;1 1 7
144 
#2 
6	% 
 0  1 -1  2  0  0
 0  2 -2  2  1  1
 0 -4  4 -5 -2 -2
 1  1 -1  1  1  0
 1  0  0  0  0  0
 0  1  0  1  0  0
6	% 
 -2 -1 1 0  0  0
  0  0 0 0  1 -1
  1  0 0 0 -2  2
  0  0 0 0  1  0
  0  0 0 1  1  1
 -1 -1 0 0  0  0
1,1,1;1,1;1 1 4
48 
#2 
6	% 
  0  0  0  0 -1 -1
 -1  0  0  0  0 -1
  1  0  0  0  1  1
  0 -1  0 -1  0  0
  0 -1  1 -1  0  0
  0 -1 -1  0  0  0
6	% 
  0  0  0  1 0 1
  0  0  0  1 0 0
  0  0  0 -1 1 0
  0 -1  0  0 0 0
 -1 -1  1  0 0 0
  0 -1 -1  0 0 0
1,1,1;1,1;1 1 9
72 
#1 
6	% 
 -2  0  0 -1  1 0
 -1  0  0  0  0 1
  3  0  0  1 -1 0
 -1  0  0 -1  0 0
  0  0 -1  1  1 0
  0 -1 -1  0  0 0
1,1,1,1;1;1 1 5
36 
#1 
6	% 
 -1  0 0  0  0 1
 -1 -1 1 -1  1 0
 -1  0 0 -1  0 0
  2  1 0  1 -1 0
 -2  0 1 -1  1 0
  1  0 0  0 -1 0
1,1,1;1;1;1 1 1
20 
#2 
6	% 
 0 0 0  0 1  1
 0 0 0 -1 0  0
 0 0 0  0 0 -1
 1 0 0  0 0  0
 0 1 0  0 0  0
 0 0 1  0 0  0
6	% 
  0 0 0 0 -1 -1
 -1 0 0 0  0 -1
  1 0 0 0  1  1
  0 1 0 0  0  0
  0 0 1 0  0  0
  0 0 0 1  0  0
1,1;1,1;1,1 1 1
15 
#2 
6	% 
 0  1 1  0 0  0
 0 -1 0  0 0  0
 0  0 0 -1 0  0
 1  0 0  1 0  0
 0  0 0  0 0 -1
 0  0 0  0 1  1
6	% 
 0 0 0 -1 0  0
 1 0 0  1 0  0
 0 0 1  0 0  0
 0 0 0  0 1  0
 0 0 0  0 0 -1
 0 1 0  0 0  1
2-2;1,1;1,1 1 3
24 
#1 
6	% 
 1 0  0 0  0 0
 0 0 -1 0  0 0
 0 1  1 0  0 0
 0 0  0 0  0 1
 0 0  0 0 -1 0
 0 0  0 1  0 0
1,1,1;1;1;1 1 5
24 
#2 
6	% 
 0 0 0  0 1  1
 0 0 0 -1 0  0
 0 0 0  0 0 -1
 1 0 0  0 0  0
 0 0 1  0 0  0
 0 1 0  0 0  0
6	% 
 0 0 0 0 -1 -1
 0 0 0 0 -1  0
 1 0 0 0  1  1
 0 0 0 1  0  0
 0 0 1 0  0  0
 0 1 0 0  0  0
1,1,1;1,1;1 1 1
60 
#3 
6	% 
 0 0  0  1 0 1
 0 0  0  1 0 0
 0 0  0 -1 1 0
 0 0 -1  0 0 0
 0 1  1  0 0 0
 1 0  0  0 0 0
6	% 
 1 0  0 0  0  1
 0 0  0 0 -1  0
 0 0  0 0  0 -1
 0 0 -1 0  0  0
 0 1  1 0  0  0
 0 0  0 1  0  0
6	% 
 0 0  0  0 1  1
 0 0 -1  0 0  0
 0 0  0  0 0 -1
 0 0  0 -1 0  0
 1 0  0  1 0  0
 0 1  0  0 0  0
1,1;1,1;1;1 1 4
18 
#1 
6	% 
 0 0 0 0 0 -1
 1 0 0 0 0  1
 0 0 0 1 0  0
 0 0 0 0 1  0
 0 0 1 0 0  0
 0 1 0 0 0  0
1,1;1,1;1;1 1 1
45 
#3 
6	% 
 0 0 0 0 0 -1
 1 0 0 0 0  1
 0 0 0 1 0  0
 0 0 0 0 1  0
 0 1 0 0 0  0
 0 0 1 0 0  0
6	% 
 0 1 0 0  0 0
 0 0 1 0  0 0
 0 0 0 0  1 1
 0 0 0 0 -1 0
 1 0 0 0  0 0
 0 0 0 1  0 0
6	% 
 0 0 1 0 0  0
 0 0 0 0 1  0
 0 0 0 0 0 -1
 0 1 0 0 0  1
 1 0 0 0 0  0
 0 0 0 1 0  0
1,1;1,1;1;1 1 19
36 
#1 
6	% 
 -1 0 0  0 -1  1
  0 0 0 -1 -1 -1
  1 0 0  1  1  0
  0 0 1  0  0  0
 -1 0 0  1  0  1
  0 1 0  0  0  0
1,1;1,1;1;1 1 7
72 
#2 
6	% 
 -1 0 0  0 -1  1
  0 0 0 -1 -1 -1
  0 1 0  0  0  0
  0 0 1  0  0  0
  1 0 0  1  1  0
 -1 0 0  1  0  1
6	% 
 -1 0  0 0 -1  1
  0 0 -1 0 -1 -1
  0 1  0 0  0  0
  0 0  0 1  0  0
  1 0  1 0  1  0
 -1 0  1 0  0  1
1,1;1,1;1,1 1 2
72 
#2 
6	% 
 -1 0  0  0 -1  1
  0 0 -1  0  0  0
  0 1  1  0  0  0
  0 0  0 -1 -1 -1
  1 0  0  1  1  0
 -1 0  0  1  0  1
6	% 
 0 -1  0  0 -1 -1
 0  0  0 -1  0  0
 1  0  0  1  0  0
 0  0 -1  0 -1  1
 0  1  1  0  1  0
 0 -1  1  0  0 -1
1,1,1;1;1;1 1 10
36 
#1 
6	% 
 -1 0  0 -1  1 -1
  0 0  0  0  0  1
  1 0  0  0 -1  0
  0 0 -1  0  0  0
  0 1  0  0  0  0
 -1 0  0 -1  0  0
1,1,1;1;1;1 1 2
72 
#2 
6	% 
 -1 0 0  0  0 1
 -1 0 0 -1  1 0
  0 1 0  0  0 0
  0 0 1  0  0 0
  1 0 0  0 -1 0
 -1 0 0 -1  0 0
6	% 
 0  0 0 0 0 1
 0  0 0 0 1 0
 1  0 0 0 0 0
 0  0 0 1 0 0
 0  0 1 0 0 0
 0 -1 0 0 0 0
1,1,1,1;1;1 1 1
15 
#2 
6	% 
  0 0 0 -1 -1 -1
 -1 0 0  0 -1 -1
 -1 0 0 -1  0 -1
  1 0 0  1  1  1
  0 1 0  0  0  0
  0 0 1  0  0  0
6	% 
  0 0 -1 0 -1 -1
 -1 0  0 0 -1 -1
 -1 0 -1 0  0 -1
  1 0  1 0  1  1
  0 1  0 0  0  0
  0 0  0 1  0  0
2-1;2-1;1,1 1 1
9 
#1 
6	% 
 0 0 1  0 0 0
 0 1 0  0 0 0
 0 0 0  0 0 1
 0 0 0  0 1 0
 0 0 0 -1 0 0
 1 0 0  1 0 0
2-1,2-1;1;1 1 1
36 
#1 
6	% 
 0  0 -1 0  0 0
 0 -1  0 0  0 0
 0  0  0 0 -1 0
 0  0  0 0  0 1
 1  0  0 0  0 0
 0  0  0 1  0 0
2-1;2-1;1;1 1 1
9 
#1 
6	% 
 0 0 0 0 0 1
 0 0 0 0 1 0
 0 0 1 0 0 0
 0 1 0 0 0 0
 1 0 0 0 0 0
 0 0 0 1 0 0
2-1,2-1;1;1 2 1
36 
#1 
6	% 
 0  0 -1 0  1 -1
 0 -1  0 0 -1 -1
 0  0  0 0  0  1
 0  0  0 0  1  0
 1  0  0 0  0  0
 0  0  0 1  0  0
2-1,2-1;1,1 1 1
36 
#1 
6	% 
 0  0 -1  0 -1 0
 0 -1  0  0  0 1
 0  0  1  0  0 0
 0  1  0  0  0 0
 0  0  0 -1  0 0
 1  0  0  1  0 0
2-1,2-1;1,1 2 1
36 
#1 
6	% 
 0  0 -1  0  1 -1
 0 -1  0  0 -1 -1
 0  0  0  0  0  1
 0  0  0  0  1  0
 0  0  0 -1  0  0
 1  0  0  1  0  0
2-2;1,1,1;1 1 4
8 
#1 
6	% 
  0 -1 -1  0 0 0
 -1  0 -1  0 0 0
  1  1  1  0 0 0
  0  0  0  0 0 1
  0  0  0  0 1 0
  0  0  0 -1 0 0
1,1;1,1;1;1 1 2
144 
#3 
6	% 
 0 0  0 1  1 -1
 0 0 -1 0  0  0
 0 1  1 0  0  0
 1 0  0 0  0  0
 0 0  0 0 -1  1
 0 0  0 1  1  0
6	% 
 -1 0  0 0 -1  1
  0 0 -1 0  0  0
  0 1  1 0  0  0
  0 0  0 1  0  0
  1 0  0 0  0 -1
 -1 0  0 0 -1  0
6	% 
 0 0 -1  0 -1 -1
 0 0  0 -1  0  0
 1 0  0  1  0  0
 0 1  0  0  0  0
 0 0  1  0  0  1
 0 0 -1  0 -1  0
1,1;1,1;1;1 1 8
72 
#2 
6	% 
 -1 -1 1 0  0  0
  0  0 0 1  1 -1
  0  0 0 0 -1  1
  1  1 0 0  0  0
 -1  0 1 0  0  0
  0  0 0 1  1  0
6	% 
  0  1 -1 1  0  0
 -1  0  0 0 -1  1
  1  0  0 0  0 -1
  0 -1  0 0  0  0
  0  0 -1 0  0  0
 -1  0  0 0 -1  0
2-2;2-2;1;1 1 12
16 
#1 
6	% 
 0  0 1  0  0 0
 0 -1 0  0  0 0
 1  0 0  0  0 0
 0  0 0  0  0 1
 0  0 0  0 -1 0
 0  0 0 -1  0 0
2-2;1,1,1;1 1 3
24 
#1 
6	% 
 0 0  1 0  0 0
 1 0 -1 0  0 0
 0 1  0 0  0 0
 0 0  0 0  0 1
 0 0  0 0 -1 0
 0 0  0 1  0 0
1,1,1;1,1;1 1 3
144 
#3 
6	% 
 0 0  2 0  1  1
 0 0  1 0  0  0
 0 0 -3 1 -1 -1
 1 0  1 0  1  0
 1 0  0 0  0  0
 0 1  0 0  0  0
6	% 
  2 0  2  0  1 -1
  1 0  1  0  0  0
 -2 0 -3  0 -1  1
  1 0  1  0  0 -1
  0 0  0 -1 -1 -1
  0 1  0  0  0  0
6	% 
 -1 0  1 0  0 0
  0 0  0 1  1 0
  1 0 -1 0 -1 0
  0 0  1 0  0 0
  1 0  1 0  0 1
  0 1  0 0  0 0
1,1,1;1,1;1 1 8
72 
#1 
6	% 
  1 0 -1  2  1  1
  2 0 -2  4  1  1
 -3 0  3 -7 -3 -3
  1 0  0  1  0  1
  1 0 -1  2  1  0
  0 1  0  0  0  0
2-1;1,1;1;1 1 6
18 
#1 
6	% 
 0 1 0  0 0 0
 0 0 1  0 0 0
 0 0 0 -1 0 0
 1 0 0  1 0 0
 0 0 0  0 0 1
 0 0 0  0 1 0
2-1;1;1;1;1 1 3
18 
#1 
6	% 
 0 1 0 0 0 0
 0 0 1 0 0 0
 1 0 0 0 0 0
 0 0 0 1 0 0
 0 0 0 0 0 1
 0 0 0 0 1 0
1,1;1,1;1,1 1 5
18 
#1 
6	% 
 1 0 0 0 0 0
 0 0 0 1 0 0
 0 0 1 0 0 0
 0 0 0 0 1 0
 0 1 0 0 0 0
 0 0 0 0 0 1
1,1,1;1;1;1 1 7
72 
#1 
6	% 
 0 -1  1 -1 -1  1
 1  0  0  0  0  0
 0 -1  0 -1  0  0
 0  1 -1  1  0 -1
 0  0 -1  1  0  0
 0 -1  1 -1 -1  0
1,1;1,1;1,1 1 4
72 
#2 
6	% 
  0  1 -1  1  0  0
 -1  0  0  0 -1  1
  1  0  0  0  0 -1
  0 -1  0 -1  0  0
  0  0 -1  1  0  0
 -1  0  0  0 -1  0
6	% 
 -1 -1 1 0 0  0
  0  0 0 1 1 -1
  0  0 0 0 0  1
  1  1 0 0 0  0
 -1  0 1 0 0  0
  0  0 0 0 1  0
1,1;1,1;1;1 1 9
36 
#1 
6	% 
 0  0  0 -1  0  0
 1  0  0  1  0  0
 0  0  1  0  0  0
 0  1 -1  0  0 -1
 0  1  0  0  0  0
 0 -1  1  0 -1  0
2-2,2-2;1,1 1 3
96 
#1 
6	% 
  0  0 0  0 0 1
  0  0 0 -1 0 0
  0  0 0  0 1 0
 -1  0 0  0 0 0
  0 -1 0  0 0 0
  0  0 1  0 0 0
2-1;1;1;1;1 1 1
6 
#1 
6	% 
 0 0 0 0 0 1
 0 0 0 0 1 0
 1 0 0 0 0 0
 0 1 0 0 0 0
 0 0 1 0 0 0
 0 0 0 1 0 0
1,1;1,1;1;1 1 16
144 
#2 
6	% 
 0 0 0 1  0  0
 1 0 0 0  0  0
 0 0 1 0  0  0
 0 0 0 0  0 -1
 0 1 0 0  0  0
 0 0 0 0 -1  0
6	% 
 -1 0 0 0 -1  1
  0 0 0 1  0  0
  0 0 1 0  0  0
  1 0 0 0  0 -1
  0 1 0 0  0  0
 -1 0 0 0 -1  0
2-2;1,1;1,1 1 4
48 
#1 
6	% 
  1  1 -1 0 0 0
 -1  0  1 0 0 0
 -1 -1  0 0 0 0
  0  0  0 0 0 1
  0  0  0 0 1 0
  0  0  0 1 0 0
1,1;1,1;1;1 1 23
18 
#1 
6	% 
 1  0  0 0  0 0
 0  0  0 1  0 0
 0  0  0 0  0 1
 0 -1  0 0  0 0
 0  0  0 0 -1 0
 0  0 -1 0  0 0
2-2,2-2;1;1 2 5
96 
#1 
6	% 
  0 -1 -1 -1 -1  1
 -1  1  0  1 -1 -1
 -1  0 -1 -1 -1 -1
 -1 -1 -1 -1 -1  0
 -1  1  1  1  0 -1
  1 -1  1  0  1  1
2-2;2-2;1,1 1 8
16 
#1 
6	% 
  0 0 1  0  0  0
  0 1 0  0  0  0
 -1 0 0  0  0  0
  0 0 0  0  0 -1
  0 0 0  0 -1  0
  0 0 0 -1  0  0
3;2-2;1 2 4
8 
#1 
6	% 
  0 0 0 0 0 1
  0 0 0 0 1 0
  0 0 0 1 0 0
 -1 0 0 0 0 0
  1 0 1 0 0 0
  0 1 0 0 0 0
3,3 4 1
24 
#1 
6	% 
 0 0 0 -1  0  0
 0 0 0  0 -1  0
 0 0 0  0  0 -1
 0 0 1  1  0  0
 1 0 0  0  1  0
 0 1 0  0  0  1
3;2-1;1 2 1
6 
#1 
6	% 
 0 0 0 1 0 0
 0 0 0 0 0 1
 0 0 0 0 1 0
 0 0 1 0 0 0
 0 1 0 0 0 0
 1 0 0 0 0 0
3;1,1;1 2 1
6 
#1 
6	% 
 0 0 1 0  0 0
 0 1 0 0  0 0
 1 0 0 0  0 0
 0 0 0 0 -1 0
 0 0 0 1  1 0
 0 0 0 0  0 1
3;1,1;1 2 4
12 
#1 
6	% 
 0 0 1 0 0  0
 0 1 0 0 0  0
 1 0 0 0 0  0
 0 0 0 1 1 -1
 0 0 0 0 0  1
 0 0 0 1 0  0
2-2;1,1;1;1 1 8
24 
#1 
6	% 
 1 0 0 0 0 0
 0 0 1 0 0 0
 0 1 0 0 0 0
 0 0 0 0 0 1
 0 0 0 0 1 0
 0 0 0 1 0 0
1,1;1;1;1;1 1 3
36 
#2 
6	% 
 0 0 0 0 0 1
 0 0 0 0 1 0
 1 0 0 0 0 0
 0 0 0 1 0 0
 0 0 1 0 0 0
 0 1 0 0 0 0
6	% 
 0 0 0 -1 0 0
 1 0 0  1 0 0
 0 0 0  0 0 1
 0 0 0  0 1 0
 0 0 1  0 0 0
 0 1 0  0 0 0
1,1;1;1;1;1 1 2
48 
#2 
6	% 
 0 1 -1 0 0  1
 1 0  0 0 0  0
 0 0  0 1 0  0
 0 0  0 0 1  0
 0 0  1 0 0 -1
 0 1  0 0 0  1
6	% 
 -1 -1  1 0 0 0
  0  0  0 0 0 1
  0  0  0 1 0 0
  0  0  0 0 1 0
  1  0 -1 0 0 0
 -1 -1  0 0 0 0
1,1;1;1;1;1 1 11
36 
#1 
6	% 
 1  0  0 0 0 0
 0  0  0 1 0 0
 0  0 -1 0 0 0
 0 -1  1 0 0 1
 0  1 -1 0 1 0
 0 -1  0 0 0 0
2-2;1,1;1;1 1 7
48 
#1 
6	% 
 1 0 0  0  0  0
 0 0 1  0  0  0
 0 1 0  0  0  0
 0 0 0  0  0 -1
 0 0 0  0 -1  0
 0 0 0 -1  0  0
2-2;1,1;1;1 1 11
48 
#1 
6	% 
 -1 -1  1 0 0 0
  1  0 -1 0 0 0
 -1 -1  0 0 0 0
  0  0  0 0 0 1
  0  0  0 0 1 0
  0  0  0 1 0 0
1,1;1;1;1;1 1 9
72 
#2 
6	% 
 0 1 -1  1 0 0
 1 0  0  0 0 0
 0 0  0  0 0 1
 0 0  1 -1 0 0
 0 0  0  0 1 0
 0 1  0  1 0 0
6	% 
 0 0 0 -1 -1 -1
 1 0 0  0  0  0
 0 0 1  0  0  0
 0 0 0  1  0  1
 0 1 0  0  0  0
 0 0 0 -1 -1  0
1,1;1;1;1;1 1 25
9 
#1 
6	% 
 0 0  0 -1 0 0
 1 0  0  1 0 0
 0 0  0  0 0 1
 0 0 -1  0 0 0
 0 1  0  0 0 0
 0 0  0  0 1 0
1,1;1;1;1;1 1 1
15 
#2 
6	% 
 0 0 0 0 -1 0
 0 0 0 1  1 0
 1 0 0 0  0 0
 0 1 0 0  0 0
 0 0 1 0  0 0
 0 0 0 0  0 1
6	% 
 0 0 0 0 -1 0
 1 0 0 0  1 0
 0 1 0 0  0 0
 0 0 1 0  0 0
 0 0 0 1  0 0
 0 0 0 0  0 1
2-2;1;1;1;1 1 5
8 
#1 
6	% 
 1 0 0  0 0 0
 0 1 0  0 0 0
 0 0 1  0 0 0
 0 0 0  0 0 1
 0 0 0  0 1 0
 0 0 0 -1 0 0
1;1;1;1;1;1 1 7
9 
#1 
6	% 
 1 0 0 0 0 0
 0 0 0 1 0 0
 0 0 1 0 0 0
 0 0 0 0 0 1
 0 1 0 0 0 0
 0 0 0 0 1 0
1;1;1;1;1;1 1 2
6 
#1 
6	% 
 1 0 0 0 0 0
 0 0 0 0 0 1
 0 0 0 0 1 0
 0 0 0 1 0 0
 0 0 1 0 0 0
 0 1 0 0 0 0
1;1;1;1;1;1 1 1
1 
#1 
6	% 
 1 0 0 0 0 0
 0 1 0 0 0 0
 0 0 1 0 0 0
 0 0 0 1 0 0
 0 0 0 0 1 0
 0 0 0 0 0 1
2-2;1;1;1;1 1 7
24 
#1 
6	% 
 1 0 0 0 0 0
 0 0 1 0 0 0
 0 1 0 0 0 0
 0 0 0 0 0 1
 0 0 0 0 1 0
 0 0 0 1 0 0
2-2;1,1;1;1 1 6
24 
#1 
6	% 
 0 1 0 0  0 0
 0 0 1 0  0 0
 1 0 0 0  0 0
 0 0 0 0  0 1
 0 0 0 0 -1 0
 0 0 0 1  0 0
2-2;1,1;1;1 1 5
24 
#1 
6	% 
 1 0 0 0  0 0
 0 1 0 0  0 0
 0 0 1 0  0 0
 0 0 0 0  0 1
 0 0 0 0 -1 0
 0 0 0 1  0 0
3;1;1;1 2 3
6 
#1 
6	% 
 0 0 1 0 0 0
 1 0 0 0 0 0
 0 1 0 0 0 0
 0 0 0 1 0 0
 0 0 0 0 0 1
 0 0 0 0 1 0
3;1;1;1 2 1
2 
#1 
6	% 
 0 0 0 0 0 1
 0 0 0 0 1 0
 0 0 0 1 0 0
 1 0 0 0 0 0
 0 1 0 0 0 0
 0 0 1 0 0 0
