#148

4-1;2-1 2 2
1 
#1 
6	% 
 1 0 0 0 0 0
 0 1 0 0 0 0
 0 0 1 0 0 0
 0 0 0 1 0 0
 0 0 0 0 1 0
 0 0 0 0 0 1
1,1,1,1,1,1 1 1
1 
#1 
6	% 
 1 0 0 0 0 0
 0 1 0 0 0 0
 0 0 1 0 0 0
 0 0 0 1 0 0
 0 0 0 0 1 0
 0 0 0 0 0 1
1,1,1,1,1;1 1 2
20 
#4 
6	% 
 -1  1 1  0  1  1
 -1  0 0  0  0  0
 -1  0 0  0  1  0
  0  1 0  0  1  1
  1 -1 0 -1 -1 -1
 -1  1 0 -1  1  0
6	% 
 0  1 -1 0  0 1
 0  1  0 0  0 0
 0  1 -1 0  0 0
 1  2  1 1 -1 1
 0 -2  0 0  1 0
 0  2  0 1  0 1
6	% 
  0 -1 1  0 -1  0
  0 -1 0  0 -1  0
 -1  0 0 -1  0  0
  0 -1 0  1 -2  0
  0  1 0  0  2  0
  0 -1 1  0 -2 -1
6	% 
  1  0  0  1 1 1
  0  0 -1  0 0 0
  0  0 -1  1 0 0
  1  0  0  1 0 1
 -1 -1  1 -1 0 0
  1 -1 -1  1 0 1
2-1;1,1,1,1 1 2
7 
#2 
6	% 
 0  0  1  0 0  0
 1  0  0  0 0  0
 0 -1 -1  0 0 -1
 0  0  0  1 0  0
 0  0  0 -1 1  0
 0  0  0  1 0  1
6	% 
 -1  0  0 -1 0  0
 -1  1  0 -1 1  0
  0  1  0 -1 0 -1
 -1  1  0 -1 0 -1
  0  0 -1  0 0  1
  1 -1  0  1 0  0
1,1,1,1;1,1 1 3
92 
#5 
6	% 
  0  0  0  0 -1  2
 -1 -1  0 -1 -1  0
  0  0  1  0  0 -1
  0  1 -1  0  1  0
 -1  0 -1  0 -1  1
  0  0  1  0  0  0
6	% 
 -1  1 -1 -1 1 0
 -1  0 -1  0 0 1
  1 -1  0  1 0 0
  0  0  1  0 0 0
 -1  1  0  0 0 0
  0 -1 -1 -1 0 0
6	% 
  0  0 -1 -1 -1 -2
  1  0  0  0  0 -1
  0 -1  1  0  1  1
 -1  1  0  0  0  0
  1  1  0  0  0 -1
  0 -1 -1 -1  0  0
6	% 
  1  0  2  0  1  0
 -1 -1  0  0  0  1
 -1  0 -3 -1  0  2
  1  0  1  1 -1 -2
 -1  0  2  1  1  0
  1  0 -1 -1  0  1
6	% 
 0  0 -1  0  0  0
 1  1  1  1 -1 -1
 0  0  0  0 -1 -1
 0 -1 -1  0  1  2
 0  1 -1  1  0  1
 0  0  1 -1  0 -1
2-1;1,1,1;1 1 8
24 
#1 
6	% 
  1 -1  1  1  1  1
 -2  2 -2 -2  0 -1
 -1  0  0  0 -1  0
  0  0  0  0 -1 -1
  0  0  1  0  1  0
  0 -1  0  0  1  1
1,1,1;1,1,1 1 3
54 
#4 
6	% 
  1 -1 -1  1  0  1
  0  0  0  0 -1  1
  1  0 -1  1  1  1
 -1  0  2 -1  0 -2
  0  1  1 -1  1 -1
  0 -1 -2  1  0  1
6	% 
  1 -2 1  0  0  1
  0  0 0 -1 -1 -1
  0  0 0  0  1  1
 -1  0 0  0  0  0
  0  1 0  1  0  0
  0 -1 1  0  0  0
6	% 
 0  0  0  1 1  1
 1 -1 -1  0 0  0
 0  1  0  0 0  0
 0  0  0 -1 0  0
 0  1  1  0 0 -1
 0  0  1  1 0  0
6	% 
  1  0  0  0  0 -1
  0 -1  1 -1 -1 -1
  0  0 -1  0  1  0
 -1  0  1  0  0  0
  0  0 -1  1  0  2
  1  0  1  0  0 -1
2-1;1,1;1,1 1 11
24 
#1 
6	% 
  0  0  2 -1 -1 -1
 -2  2  0 -1  1  0
  1 -1  0  0 -1  0
 -1  0 -1  0  1  1
  0  1 -1  0  1  0
 -1  1 -1  0  1  1
1,1,1,1;1,1 1 2
15 
#3 
6	% 
  1  1  1  0 0  1
  1  0  1  0 0  1
  1  1  0  0 0  1
  0  0  0 -1 1  0
 -1 -1 -1  1 0 -1
  1  1  1  1 0  2
6	% 
 0  0 1  0 0  1
 0  0 0 -1 0  0
 1  0 0  1 0  1
 0 -1 0  0 1  1
 0  1 0  0 0 -1
 0  1 0  0 0  0
6	% 
 0  0 0 1  0  1
 0  0 0 0 -1  0
 1  0 0 0  1  1
 0 -1 1 0  0  0
 0  1 0 0  0 -1
 0  1 0 0  0  0
2-1;1,1;1,1 1 10
36 
#3 
6	% 
  0  0  0 0 1  0
  2 -1  2 0 0 -1
 -1  2 -2 0 0  1
  0  0  0 1 0  1
 -1  1 -1 0 0  1
  1 -1  1 0 0  0
6	% 
 0 -1 0 -1  0  0
 0  0 1 -3 -2 -3
 1  0 0 -3  2 -1
 0  0 0  1  0  1
 0  0 0  1  1  1
 0  0 0  1 -1  0
6	% 
 0 1  0 0 0 -1
 0 0 -2 0 1  1
 0 0  2 1 0 -1
 1 0  0 0 0  0
 0 0  1 0 0  0
 0 0 -1 0 0  1
2-1',2-1';1;1 1 7
24 
#1 
6	% 
 -2 -2 -1  1  1  4
  1  1 -2  1 -1  1
 -1 -2  1  0  1  1
  1  1  1 -1  0 -3
  1  1  2 -1  0 -3
 -2 -1  1  0  1  1
2-1',2-1';1,1 1 2
18 
#2 
6	% 
  0 -1 -1  0 0  0
 -1  0 -2  0 0  2
  0  0  0 -1 1  0
  0  0 -1 -1 0  0
  0  0  1  0 0 -1
  0  0 -1  1 0  1
6	% 
 0  0 -1 0 1  1
 0  0  0 1 0  0
 1 -1  0 0 0  0
 0 -1  1 0 0  0
 0  0 -1 0 0  0
 0  1  1 0 0 -1
1,1,1;1,1,1 1 2
10 
#2 
6	% 
 -1  0  1 0  0  0
  0  0 -1 0  0 -1
  0 -1  0 0 -1  0
  0  0  0 1  1  1
  0  1  0 0  0  0
  0  1  0 0  0 -1
6	% 
 1  0  0 0  0  0
 0  0  0 0 -1 -1
 0  0 -1 1  0  1
 0 -1  1 0  0  0
 0  1  0 0  0  0
 0  1  0 0  0 -1
2-1;1,1,1;1 1 6
36 
#3 
6	% 
 1  0 -1 1  1  1
 0 -1  0 0 -1  0
 0  0  1 0 -1 -1
 0  1  0 0  0  0
 0 -1  0 0  1  1
 1  0  0 0  1  0
6	% 
 1  1 -1  0  0 -1
 0 -1  0  0  1  1
 0 -1  1  0  0  0
 0  0  0 -1 -1 -1
 0  1  0  0  1  0
 0  1  0  0  0 -1
6	% 
 1 -1  0  2  2  2
 0  1  1 -1 -1 -2
 0  1  0 -1 -2 -2
 0  0 -1  0  0  0
 0 -1  1  1  1  1
 0 -1  0  2  1  2
1,1,1;1,1,1 1 4
36 
#2 
6	% 
 0  0  0  0 -1 -1
 1  0  1  0  0  1
 0  0 -1  0  0  0
 0  0  0 -1  0  0
 0  0 -1  0  0  1
 0 -1  1  0  0 -2
6	% 
 -1 -1  1  1 -1  0
  0  0  1  0  0  0
  0  1  0  0  1  0
  1  1 -1 -1 -1 -1
  0  0  0  0  1  0
  1 -1  0  0  0  0
2-1;1,1;1,1 1 9
24 
#1 
6	% 
  2 -2 -2 -1 -1 -1
  2 -2  2 -1  1  0
 -2  1  0  1  0  1
  0  0  1  0  1  1
  0  0 -2  0 -1  0
  1 -2  0 -1  0  0
2-1',2-1';1;1 1 6
18 
#2 
6	% 
 0 1 0  0  0  0
 1 0 1  0  0 -1
 0 0 1  0  1  0
 0 0 0  0 -1  0
 0 0 0 -1 -1 -1
 0 0 0  1 -1  0
6	% 
  1  0  0 -1  0 -1
  0  1  0  0  1  0
 -1 -1  0  0 -1  1
 -1  1  0  1  0  0
  0  0 -1  0  0  0
  0  0  1  0  0 -1
2-1',2-1',2-1' 1 1
12 
#1 
6	% 
  1  0  0  1 -1 -1
  0 -1 -1  1  1  2
  0 -1 -1  1  0  2
 -1  0  1  0  1  1
  0 -1 -1  0  1  2
 -1  0  1 -1  0  0
2-1;1,1;1,1 1 8
18 
#2 
6	% 
 0  0 0  1 1  1
 0  0 0 -2 0 -1
 0  2 1  0 0 -1
 0  0 0 -1 0 -1
 1 -1 0  0 0 -1
 0 -1 0 -1 0  0
6	% 
 0 1  0  0 0 -1
 0 0  0  0 0  1
 0 0 -1  0 1  1
 0 0  0  0 1  1
 1 0  0 -1 0 -1
 0 0  0  1 0  1
2-1;1,1,1;1 1 7
28 
#3 
6	% 
  1  0  0 0 0  0
  0  0  1 0 0  0
  0 -1  0 1 0  1
  0  1  0 0 1  0
  1  1  1 0 0  0
 -1  1 -1 0 0 -1
6	% 
 0 0 1  0  1  0
 0 0 0 -1 -1 -1
 1 0 0  0  0  0
 0 1 0  0  0 -1
 0 0 0 -1  0 -1
 0 0 0  1  0  0
6	% 
  1  0  0 -1  0 -1
  1  1  0  0  0 -1
  0  0  0  0 -1  0
  0  0 -1  0  1  1
  1  1  0 -1  1 -1
 -1 -1  0  1  1  2
2-1',2-1';1;1 1 4
18 
#2 
6	% 
 0 -2 0  0 1  1
 0  1 0 -1 0 -2
 0  1 0  0 0 -1
 0  0 0  0 0  1
 0  0 1  0 0  0
 1  0 0  0 0  0
6	% 
 1  0  2  0  0 -2
 0 -1 -1  0  0  0
 0  0 -1  0  0  1
 0  0  2  0  0 -1
 0  0  1  0 -1 -1
 0  0  1 -1  0 -1
2-1;1,1;1,1 1 6
21 
#3 
6	% 
  0 0  0 1  1  1
 -1 1  0 0  0  0
 -1 0  0 0  0  0
  1 0 -1 0  0  0
  1 0  0 0  1  0
  1 0  0 0 -1 -1
6	% 
  0 0 1 0 -1 -1
  0 0 0 1  0  1
 -1 0 0 0  0  1
  0 1 0 0  0 -1
  0 0 0 0 -1 -1
  0 0 0 0  1  0
6	% 
 0 1  1  0 0 -1
 1 0  0  0 0  1
 0 0  0 -1 0  0
 0 0  0  0 1  0
 0 0  1  0 0 -1
 0 0 -1  0 0  0
2-2;1,1,1,1 1 2
16 
#1 
6	% 
  1  0  0  0  1  0
  1 -1 -1  0  0  1
  0  0  0 -1 -1 -1
 -1  1  0  1  0  0
  1  0 -1 -1  0  0
 -1  1  1  1  0  0
2-2;1,1,1;1 1 5
80 
#3 
6	% 
 -1  0 0  0 -1  0
  1  0 0 -1  0 -1
 -1  0 0 -1  0  0
  0  0 1  0  1  0
  0 -1 0  0  1  1
  0  0 0  0  1  1
6	% 
 -1 -1  0  0 -1  1
  0  0 -1  1  0  1
  0  0 -1 -1  0  0
  0  1  0 -1  1 -1
  1  0  0 -1  1 -1
  1  1  0 -1  1 -1
6	% 
  1  1 -1  1 -1 -1
  1  0  0  0 -1 -1
 -1  0  0 -1  0  0
 -1  0  1 -1  1  0
 -1 -1  0 -1  1  1
 -1  0  0 -1  1  1
1,1,1,1;1;1 1 6
15 
#3 
6	% 
  1  0 -1  0 0 0
  1  0  0  0 0 0
  0  1  0  0 0 0
 -1 -1  0  0 1 0
  1  1  0  1 0 1
  0  0  0 -1 1 0
6	% 
 0  1 0  0 -1  0
 0  1 0  0  0  0
 0  0 1  0  0  0
 1 -1 0  0  1  0
 0  1 0 -1 -1 -1
 1  0 0  1  0  0
6	% 
  0  0 0  1  1  1
  1  0 0  1  0  0
  0  0 1  0  1  0
 -1  0 0 -1 -1 -1
  1 -1 0  1  1  1
  0  1 0  0  0 -1
1,1,1;1,1;1 1 11
168 
#5 
6	% 
 -2  0 0 0 0 1
 -2  1 0 0 0 0
  5 -3 1 0 0 0
 -1 -1 0 0 1 1
 -1  0 0 0 0 0
 -1  0 0 1 0 1
6	% 
 0  2 -2 0 0  1
 0  3 -2 0 0  1
 0 -8  5 0 1 -2
 1  1 -1 0 0  0
 0  2 -1 0 0  0
 0  1 -1 1 0  1
6	% 
  0  0 0 0 -2 -1
  1  1 0 0 -2 -2
 -1 -1 0 1  5  4
 -1  1 1 0 -1 -1
  1  0 0 0 -1 -1
  0  0 0 0 -1 -1
6	% 
  0  0 0  0 0 -1
  1  1 0  0 0  1
 -1 -1 0  0 1  0
  0  0 0 -1 0 -1
  1  0 0  1 0  1
  0  0 1  0 0 -1
6	% 
 0 0 -2  0  0  1
 0 0 -2  1  1  2
 1 0  5 -2 -2 -5
 0 1 -1  0  0  0
 0 0 -1  0  1  1
 0 0 -1  0  0  0
1,1,1,1;1;1 1 5
92 
#5 
6	% 
 -1  0  1  0  2  1
 -1 -1  2  0  3  2
 -1  1  1 -1  1 -1
  2  0 -2  0 -3 -1
 -2  1  2  0  3  1
  1 -1 -1 -1 -1  0
6	% 
  1  1  0  1  0  2
  1  1  0  1  1  1
  1  0  0  1  0  1
 -1 -1 -1 -1 -1 -1
  1  1 -1  1  1  2
  0 -1  0 -1  0 -1
6	% 
  1 -1  1 0 0 0
  1 -2  1 0 0 1
  0  0  1 0 0 0
 -1  2 -2 1 0 0
  1 -2  2 0 1 1
  0  1 -1 0 0 0
6	% 
  0 1  1  1 -1 -2
  0 0  1  1 -1 -3
  0 0  0  1  0 -1
 -1 0 -1 -1  1  3
 -1 0  1  1 -1 -2
  0 0  0  0  1  2
6	% 
 0  0  0  1  1  1
 0 -1  0  1  1  2
 0 -1  0  1  0  1
 1  0  0 -2 -1 -2
 0  0 -1  2  1  2
 0  0  0 -1  0 -1
1,1,1;1,1;1 1 6
60 
#5 
6	% 
 0  0 0 0 0 -1
 0  1 0 0 1  0
 0 -1 0 0 0  1
 1  0 0 0 0 -1
 1  0 1 0 0 -1
 0  0 0 1 0  0
6	% 
  0  0 0 0 0 -1
  0  1 1 0 0  0
  0 -1 0 0 0  1
 -1  0 0 0 0  0
 -1  0 0 0 1  1
  0  0 0 1 0  0
6	% 
 0 0  0 0 0 -1
 0 1  1 0 0  0
 0 0 -1 0 0  1
 0 0  0 1 0  0
 0 0  0 1 1  1
 1 0  0 0 0 -1
6	% 
 0 -2 0 0 0  1
 0 -1 0 1 0  1
 0  3 0 0 1 -1
 0 -1 0 0 0  0
 0  0 1 0 0  0
 1 -1 0 0 0  0
6	% 
 -2  0 0  0 0  1
 -2  0 1  1 0  1
  3  0 0 -1 0 -2
 -1 -1 0  0 0  1
  0 -1 0  0 1  1
 -1  0 0  0 0  0
1,1,1;1,1;1 1 12
216 
#5 
6	% 
 -2  2  2 0 -2 -1
 -1  1  4 0 -2 -1
  3 -3 -7 0  4  2
  0  1  2 0 -1 -1
  1 -2 -4 0  2  2
 -1  1  1 1 -1  0
6	% 
 -2 -2  0 -1 1  1
  0  0  0  0 0 -1
  1  1  0  0 0  1
  0  0 -1  0 0  0
  1  0  1  0 0  0
 -1 -1  0 -1 0  0
6	% 
 -1 -1  0  0  0 -2
 -2 -2  0 -1  1 -3
  4  4  0  1 -1  8
 -1 -1  0 -1  0 -2
  2  2 -1  0 -1  4
 -1  0  0  0  0 -1
6	% 
  0  0 0  0  0 -1
 -2 -2 0 -1  1 -1
  3  3 0  1 -1  3
 -1 -1 0 -1  0 -1
  2  1 0  1  0  2
  0  0 1  0  0 -1
6	% 
 1  0 1  0  2  0
 0  1 0  0  0 -1
 0 -2 0  0 -2  1
 0 -1 0  1  0  0
 0  1 0 -1 -1  0
 1  0 0  0  1  0
2-2;2-1;1,1 1 4
16 
#1 
6	% 
  1 0  0 0 1 0
 -2 0  0 0 0 1
  1 0  0 1 0 0
 -3 0  0 0 0 1
 -3 0 -1 0 0 2
 -3 1  0 0 0 1
2-1',2-1';2-1 1 2
18 
#2 
6	% 
 0 1  3  0  0 -2
 1 0  0  0  0  1
 0 0 -1  0  0  1
 0 0  0  0  0 -1
 0 0  0  0 -1 -1
 0 0  0 -1  0 -1
6	% 
 0 0  2  0 -1 -2
 0 0 -1  1  0  0
 0 0 -2  1  1  2
 0 0  2 -2  0 -1
 0 1  1 -1  0 -1
 1 0  1 -1  0 -1
1,1;1,1;1,1 1 9
84 
#4 
6	% 
  0  0 0 1  1  1
 -1  0 0 0  0 -1
  0 -1 0 0  0 -1
  1 -1 1 0  0 -1
  1 -1 1 0 -1 -1
  0  0 0 0  1  1
6	% 
  0  0  0 1  0  0
  1  0 -1 0  0  0
  0  1  1 0  0 -1
  1  1  1 0  1 -1
  0  0  1 0  0  0
 -1 -1  0 0 -1  0
6	% 
  1 0 1 0 0 -1
  0 0 0 1 0  1
  0 0 0 0 1  1
  0 1 0 0 0  0
 -1 1 0 0 0  0
  1 0 0 0 0 -1
6	% 
 1  1  0  0 0 -1
 0  0 -1  1 0  1
 0  0  0  1 0  1
 0  0  0  1 1  2
 0 -1  1  0 1  1
 0  1  1 -1 0 -2
1,1,1;1;1;1 1 13
28 
#3 
6	% 
  0 0 0  0  1  0
  0 0 0 -1  0  0
 -1 0 0  0  1  1
  0 1 1  0  0 -1
  0 0 1  0  1  0
  0 0 1  0 -1 -1
6	% 
 0  1  0  0 0  0
 0  0 -1  0 0  0
 0  1  0 -1 0  0
 1  0  0  0 1  0
 1  1  0  0 0  0
 1 -1  0  0 0 -1
6	% 
  1  1  0  0  0 -1
  1  0  0  0  1  0
  1  1  0  0  1  0
  0  0 -1 -1  0  0
  1  1  0 -1  1 -1
 -1 -1  0 -1 -1  0
1,1,1;1;1;1 1 16
84 
#4 
6	% 
  0  0 0 -1 -1 -1
 -2 -1 0 -3 -2 -1
  1  2 0  3  2  1
 -1 -1 0 -2 -1 -1
 -1 -1 1 -2 -1 -1
  0  0 1  0  0 -1
6	% 
  1  1 0 0  1  2
  1  2 0 0  2  3
 -2 -1 0 0 -2 -3
  1  1 0 1  1  3
  1  1 1 0  1  2
  0  0 1 1  0  0
6	% 
 -1  3 -1 0 0 -2
 -3  6 -2 0 0 -4
  3 -7  2 0 0  4
 -2  4 -1 0 1 -2
 -2  4 -1 1 0 -2
  0  0  0 1 1  1
6	% 
 -1 0  1 0  0  0
 -3 0  2 1  0  1
  3 0 -2 0 -1 -1
 -2 0  1 0  0  0
 -2 1  1 0  0  0
  0 1  0 0  0 -1
2-2;1,1,1;1 1 6
16 
#1 
6	% 
  0  0  0 1  1 1
  0  0  0 0  1 1
  1 -1  0 0  0 0
  0  0 -1 0  1 1
  0  1 -1 0  0 0
 -1  0  0 0 -1 0
1,1;1,1;1;1 1 24
168 
#5 
6	% 
  0  0  0 -1  0 -1
 -2 -1  0  0 -1  1
  1  2  0  0  1 -1
  1  1 -1  0  1  0
  1  1  0  1  1  0
  0  0  1 -1  0 -1
6	% 
  0 0  0 -1 1  0
 -1 0  0  0 0 -1
  0 1  0  0 0  1
  0 0 -1  0 0  0
  0 0  0  1 0  0
  0 0  1 -1 0 -1
6	% 
  0 0 1  1  0  0
 -1 0 0  0  0 -1
  0 1 0  0  0  1
  0 0 0  0 -1 -1
  0 0 0 -1  0 -1
  0 0 0  1  1  1
6	% 
 1  0 -1  0  0  0
 0 -1  0 -1  2  1
 0  1  0  2 -1  0
 0  1  0  1 -1  0
 0  1  1  1 -1 -1
 0  0 -1  0  0  0
6	% 
  1 1  0  0  0 -1
  0 0  3  0 -1  0
  0 0 -4  0  1  1
  0 0 -3 -1  1  0
 -1 0 -3  0  1  1
  1 0  0  1  0  0
1,1;1,1;1;1 1 28
144 
#3 
6	% 
 0 -1  0 0 1  2
 0  1  0 0 0  0
 0  1  0 1 0  1
 1  0  1 0 0 -1
 0  0  1 0 0 -1
 0  0 -1 0 0  0
6	% 
 0 1  0 -1  0  1
 0 0  0  0 -1  0
 1 0  0  1  0  2
 0 0  1 -1  0 -1
 0 0  1  0  0 -1
 0 0 -1  0  0  0
6	% 
  0  4 0 -1  0 -1
  0  3 1 -1  0 -1
  0  3 0 -1  0  0
 -1  0 0  0 -1  0
  0 -3 0  1 -1  0
  0 -3 0  1  1  1
1,1,1;1;1;1 1 15
72 
#2 
6	% 
  1  1 1  0  0  0
  0  0 0  0 -1 -1
  0 -1 0  0  0  0
 -1 -1 1  0  0 -1
  1  0 0  0  0  0
  0  0 0 -1  0  0
6	% 
 -1  2 -1 -1  0 -1
  1 -1  0  1  0  1
  1 -1  1  1 -1  0
  1 -1  1  1  0  1
 -1  1 -1 -1 -1 -1
  0  1 -1 -1  0 -1
1,1,1;1,1;1 1 9
56 
#3 
6	% 
  0  0  0  0 0 -1
  0  0  0  1 1  0
  0  0  0 -1 0  1
  1 -1  1  0 0 -1
 -1  0 -1  0 0  1
 -1 -1  0  0 0  1
6	% 
 0  0 0 0 0 -1
 1  0 0 0 0  0
 0  0 1 0 0  2
 0  1 0 0 0 -1
 0 -1 0 0 1  1
 0  0 0 1 1  1
6	% 
 -2  0  0  0  0  1
 -1  1  0  0  0  0
  2 -1  0 -1  0 -1
 -1  0 -1  0 -1  0
  0  0  2  0  1  0
  0  0  1  0  0 -1
1,1;1,1;1,1 1 10
72 
#2 
6	% 
 -1  1 -1  0 0  0
  0  0  0  0 1  2
  0 -1  1  0 0  0
 -1  1 -1  0 0  1
 -1  0 -1  0 0  1
  0  0  0 -1 0 -2
6	% 
  0  0  0  0 -1 -1
 -1  0  0 -1  0  0
  1 -1  1  1  1  1
  0  1  0  0 -1 -1
  1  1  1  1 -1 -2
  0  0 -1 -1  0  0
2-1;1,1;1;1 1 27
12 
#1 
6	% 
  0  0  0 1 -3 -1
  0  0 -1 0  1  1
  0  0  0 0  2  1
  0 -1  0 0  1  1
 -1  0  0 0  1  1
  0  0  0 0 -1 -1
2-1;1,1;1;1 1 32
48 
#1 
6	% 
  1 -1  1  1 -1  0
 -1  1 -1 -1 -1 -1
  1 -1  1  1  0  1
 -1  2 -1 -1  0 -1
 -2  1 -1 -1  0  0
 -1  1 -2 -1  0  0
2-1;1,1;1;1 1 25
48 
#1 
6	% 
 1 -1  1  1  1  1
 0 -1  0  1  0  1
 0  0  0  1 -1  0
 0  0 -1  0 -1  0
 1  0  0  0  1  0
 0  0  0 -1  0 -1
3;1,1,1 1 3
8 
#1 
6	% 
 -1 1 -1  1 1  1
  0 0  0  2 0  1
  0 1  0  1 0  0
 -1 0  0  1 0  1
  0 0  1 -1 0 -1
  0 0  0 -1 0  0
1,1,1,1;1;1 1 4
7 
#2 
6	% 
  1 -1 1  0 0  0
  1  0 0  0 0  0
 -1  3 0  0 0  1
  0 -2 0  0 0 -1
  0  1 0 -1 0  0
  0  1 0  0 1  1
6	% 
 -1  1  0  0 0  0
  1  1  0  1 1  0
  2 -1  0 -1 0 -1
 -2  0  0  0 0  1
  1  0  0  0 0 -1
  1  0 -1  0 0  0
1,1,1;1,1;1 1 7
84 
#4 
6	% 
 0 -2 0 -1 1 -1
 0  0 0  0 0  1
 0  1 0  0 0 -2
 1  0 0  0 0  0
 1  0 1  0 0 -1
 0 -1 0 -1 0 -1
6	% 
 -1 -1 0  0  0 -2
  0  0 0  0  2 -1
  0  0 0  0 -3  1
  0  0 0 -1  1 -1
  0  0 1 -1  0 -1
 -1  0 0  0  0 -1
6	% 
 0 -3 -2 0 0  4
 0 -2 -2 0 0  3
 1  4  5 0 0 -7
 0 -1 -1 0 1  2
 0  0  0 1 1  1
 0 -2 -1 0 0  2
6	% 
  0 0 1 0  2  1
  0 0 0 0  2  1
  0 0 0 1 -3 -1
 -1 0 0 0  1  1
 -1 1 0 0  0  0
  0 0 0 0  1  1
1,1,1;1,1;1 1 10
144 
#5 
6	% 
 0 -1 -2  0  0  2
 0 -2 -2  0  0  3
 1  4  5  0  0 -7
 0  0 -1  0  0  1
 0  0 -1  0 -1  1
 0  0  0 -1 -1 -1
6	% 
  1 -1 -1  0  0  0
  0  0 -3 -1  1  0
 -2  2  6  1 -1  0
  1  0 -1  0  0  0
  0  0 -1 -1  0 -1
  0  0  0 -1 -1 -1
6	% 
  0  1  0 0 -2 -2
  0  0  0 0 -2 -1
  0 -1  0 1  5  4
  0  0  0 0 -1 -1
  0  1 -1 0 -1  0
 -1  0 -1 0  0  1
6	% 
 -2 0 0 -1  1  1
  0 0 0 -1  1  0
  3 1 0  3 -3 -2
 -1 0 1  0  1  1
  0 0 0 -1  0 -1
  0 0 1  0  0 -1
6	% 
 -1  1 0  1  1  1
 -2  2 1  1  1  1
  4 -4 0 -3 -3 -3
 -1  0 0  0  1  1
  0  2 1  1  0 -1
  0  0 1  0  0 -1
1,1;1,1;1;1 1 38
84 
#4 
6	% 
 0 1 -1  0 0  1
 1 0  1  0 0  0
 0 0 -1  0 0  1
 0 0  0 -1 0  0
 0 0  0 -1 0 -1
 0 0  0 -1 1  0
6	% 
 -1  2 0  1  0  0
 -2  1 0  1  0  1
  1 -1 0 -1 -1 -1
  1 -1 0 -1  0  0
 -1  1 0  1  0  1
  0  0 1  0  0  0
6	% 
 0 1  0 -1 0 0
 1 0  0  1 0 1
 0 0  0 -1 0 0
 0 0 -1  0 0 1
 0 0 -1  0 0 0
 0 0 -1  0 1 1
6	% 
 -1  0 0 -2  1 -1
 -1  0 0 -1  2  2
  1  0 0  1 -1 -1
  1 -1 0  1 -1  0
 -1 -1 0 -1  1  1
  0 -1 1  0  0  0
2-2;1,1;1,1 1 4
48 
#2 
6	% 
  0  0 -1 -1  0 0
 -1 -1  0  1 -2 1
  1  1  0  1  2 0
  0  0  0  0  1 0
  1  0  0  0  1 0
  0  1  0  0  1 0
6	% 
  0 0  0 1  1  1
  1 0  0 0 -1 -1
 -1 0  0 0 -1  0
 -1 0 -1 0  0  1
 -1 1  0 0  0  0
 -1 0  0 0  0  0
1,1;1,1;1;1 1 22
21 
#3 
6	% 
  0 0  0 0 -1 -1
  0 0 -1 1  0  1
  0 1  0 0  0 -1
 -1 0  0 0  0  0
  0 0  1 0  0  0
  0 0 -1 0  0  1
6	% 
  0 1 0  0 0  1
  1 0 1  0 0 -1
  0 0 0  0 1  1
  0 0 0 -1 0  0
 -1 0 0  0 0  0
  1 0 0  0 0 -1
6	% 
 -1  0 0  0 0 -1
  0  0 0  1 1  1
  0  0 1  0 0 -1
  0 -1 0  0 0  0
  0  0 0 -1 0  0
  0  0 0  1 0  1
2-1,2-1,2-1 3 1
192 
#3 
6	% 
  0 -1  0  1  0  1
  1  0  0  0 -1 -1
  0  1  0  0 -1 -1
 -1  0  0 -1  0  0
  0  0 -1 -1  0  0
  0  0  0  0  1  1
6	% 
  0  1 -1  0  1 0
 -1  1  0 -1  0 0
  1 -1  0  0 -1 0
  0 -1 -1  1  0 1
 -1  1  0  0  0 0
  0  0  1  0  0 0
6	% 
 0 -1 0  1  0  1
 0  0 1  0  1  0
 0  0 0  1  0  0
 1  0 0  0  1  0
 0  0 0 -1  1  0
 0  0 0 -1 -1 -1
2-1;1;1;1;1 1 36
12 
#1 
6	% 
 0 0 -1 -1 0  0
 1 0  0 -1 0 -1
 0 1  0 -1 0 -1
 0 0  0 -1 0  0
 0 0  0  2 0  1
 0 0  0 -1 1  0
2-1,2-1;2-1 1 4
48 
#1 
6	% 
  1 -1  0  1  1  1
 -1  0  0 -1  0  0
  0  1  0 -1  0 -1
 -1  1 -1 -1 -2 -1
 -1  1  0 -1 -2 -2
 -1  1 -1  0 -2 -1
1,1,1;1;1;1 1 8
36 
#3 
6	% 
  1 0 1 0 0 -1
 -1 1 0 0 0  0
  1 0 0 1 0  0
  0 0 0 1 1  1
  1 0 0 0 0  0
 -1 0 0 1 0  1
6	% 
  1  0  1  1 1  0
 -1  0 -2 -1 0  1
  1  0  1  1 0  0
  0 -1  0  0 0  1
  2  0  1  1 0 -1
 -1  0 -1 -1 0  1
6	% 
 -1 0 0 0 0  2
  1 0 0 0 1 -3
 -1 1 0 0 0  1
  0 1 1 0 0 -1
 -1 0 0 1 0  4
  1 1 0 0 0 -2
1,1;1,1;1;1 1 35
36 
#3 
6	% 
  2  0  1  0 0 -3
 -1 -1  0  0 1  2
  2  3 -1  0 0 -2
 -1 -1  0 -1 0  1
  1  0  1  0 0 -2
  1  2 -1  0 0 -1
6	% 
  0 0  2  1  2  0
  0 1  0  0  0 -1
  0 0 -2 -2 -1 -1
 -1 0  0  0  0  0
  0 0  1  1  1  1
  0 0 -1 -1 -1  0
6	% 
 0 -1  0 -1  2  2
 0  1 -1  0 -1 -1
 0 -2  0  1  2  3
 1  1  0  0 -1 -2
 0 -1  0 -1  1  1
 0 -1  0  1  1  2
1,1;1,1;1,1 1 8
15 
#2 
6	% 
 1 0 -1  0 0  0
 0 0  0  1 1  1
 0 1  0  0 0  1
 0 0  0  1 0  0
 0 0 -1  0 0  0
 0 0  1 -1 0 -1
6	% 
 1 0 -1 0  0  0
 0 1  0 0  1  0
 0 0  0 1  0  1
 0 0  0 0  1  0
 0 0 -1 0  0  0
 0 0  1 0 -1 -1
1,1;1,1;1,1 1 6
18 
#2 
6	% 
  0  0  0 1  3  2
  1  0 -1 0 -1 -1
  0  0  0 0 -2 -1
 -1  0  0 0  0  1
  0  1  1 0  0 -1
  0 -1 -1 0 -1  0
6	% 
  0  3 1  0  0 -2
 -1 -1 0 -1  0  1
  0 -2 0  0  0  1
  2  0 0  1  0 -1
  1  0 0  0 -1 -2
 -1 -1 0  0  1  2
1,1;1,1;1;1 1 30
18 
#2 
6	% 
  0  1  1 0  0 -1
  0 -1 -1 0 -1  0
 -1  0  0 0  0  1
  1 -1  0 0 -1 -1
  0  0  0 1  1  1
  0  0  0 1 -1  0
6	% 
  0  1 0 0 1  0
  0 -1 0 0 0  0
 -1  0 0 1 0  1
  1  0 0 0 0 -1
  0  0 1 0 0  0
  0  0 1 0 0 -1
1,1;1,1;1;1 1 21
18 
#2 
6	% 
  1 -1  0 0 0 0
 -1  0  1 0 0 0
  0  0 -2 0 0 1
  0  0 -1 1 0 1
  0  0  1 0 0 0
  0  0 -1 0 1 1
6	% 
  0  1  0  1  0 -1
  0 -4  0 -1  1  4
  0  4  0  0 -2 -5
 -1  2  0  0 -1 -2
  0 -2  0  0  1  2
  0  2 -1  0 -1 -2
1,1;1,1;1;1 1 32
45 
#4 
6	% 
  1 0 1  0 0 -1
  0 1 0  0 0  0
 -1 0 0  0 1  1
 -1 0 0  0 0  1
  0 0 0  0 1  1
  0 0 0 -1 1  0
6	% 
 1 0 -1 0  0  0
 0 0  0 1  1  1
 0 0  1 0  0 -1
 0 0  1 0 -1 -1
 0 0  0 0 -1 -1
 0 1  0 0  0 -1
6	% 
  1 0 1 0  0 -1
  0 1 0 0 -1 -1
 -1 0 0 1  0  1
 -1 0 0 0  1  1
  0 0 0 1  1  1
  0 0 0 1  0  1
6	% 
 -1  0 0 0 1  1
  0  0 0 1 0  0
  1  0 1 0 0 -1
  1  0 0 0 0  0
  0  0 1 0 0  0
  0 -1 1 0 0  0
1,1,1;1;1;1 1 18
20 
#3 
6	% 
 0 1 0  0  0  0
 0 0 1  0  0  0
 0 0 0  0  0  1
 1 0 0  0  0 -1
 0 0 0 -1  0 -1
 0 0 0  0 -1 -1
6	% 
  0  0 1  1  0  0
  1  0 0 -1  0 -1
 -2  0 0  0  0  1
  1  0 0  0  0 -1
  1 -1 0  0  0  0
  1  0 0  0 -1 -1
6	% 
 -1 0 0 0 -1  0
  0 0 0 1  1  1
  2 0 0 0  0 -1
 -1 0 0 0  0  1
 -1 1 0 0  0  0
 -1 0 1 0  0  0
2-1,2-1;2-1 3 2
36 
#2 
6	% 
 -1 -2 -1 0 0  4
  3  1 -3 0 0 -3
  4 -1 -7 0 0  0
  6  0 -8 0 0 -3
  3  0 -4 0 1 -1
  3  0 -4 1 0 -1
6	% 
 -1  0 -2  1 0  2
  3  0  1 -1 1 -2
  4  0 -1 -1 2 -1
  6  0  0 -2 2 -3
  3 -1  0 -1 1 -1
  3  0  0 -1 1 -1
2-2;2-1;1;1 1 12
16 
#1 
6	% 
  0  0 0 1 0  0
  0  0 0 0 1  1
  0  0 1 0 0 -1
 -1 -1 0 0 0  1
 -1  0 0 0 0  1
  0  1 0 0 0 -1
2-1;1;1;1;1 1 29
18 
#3 
6	% 
 0 0 0 1 0  1
 0 1 0 0 0 -1
 1 0 0 0 0  0
 0 0 0 0 1  1
 0 0 1 0 0 -1
 0 0 1 0 0  0
6	% 
 0  0 0  1 0  1
 0  0 1 -1 0 -1
 1  0 0  1 0  0
 0 -1 0  1 0  1
 0  0 0 -1 1  0
 0  0 0  1 1  1
6	% 
  1 0  0 0 0  0
 -1 0  0 0 1  1
  1 0  0 1 0  0
  1 0 -1 0 0  0
 -1 1  0 0 0  0
  1 1  0 0 0 -1
2-1;1,1;1;1 1 28
72 
#3 
6	% 
 0  0 -1 1 0  1
 0 -1  0 0 0 -2
 1  0  0 0 0  2
 0  0  1 0 1  0
 0  0  1 0 0  0
 0  0  1 0 0 -1
6	% 
  0  0  0  1  0  1
  1  0 -2  0  1  1
 -2  0  1  0 -1  0
  0 -1  0 -1  0  0
 -1  0  1 -1 -1 -1
  1  0 -1 -1  1  0
6	% 
 1 0  0 0 0 -1
 0 0  1 0 1  0
 0 0 -1 1 0  1
 0 1  0 0 0  0
 0 0 -1 0 0  1
 0 0  1 0 0  0
2-1,2-1;2-1 2 4
48 
#1 
6	% 
 -2 -2  2 -1 -1 -1
 -2 -2 -2 -1  1  4
  2  1  0  1  0 -1
  0  0  1  0 -1 -2
  0  0  2  0 -1 -2
  1  2  0  1  0 -1
2-1;2-1;1;1 1 19
12 
#1 
6	% 
  0 0  0 0 1 0
  0 0  0 1 0 0
  0 1  0 0 0 0
  0 0  0 0 0 1
 -1 0  0 0 0 0
  0 0 -1 0 0 0
2-1',2-1';2-1 1 3
24 
#1 
6	% 
  1  1 -2  1 -1  1
  2  2  1 -1 -1 -4
 -1 -1  1  0  1  1
  0 -1 -1  1  0  2
 -1  0 -1  1  0  2
 -1 -1  0  0  1  1
2-1;2-1;2-1 1 6
6 
#1 
6	% 
  0 0 1 0 0 -1
  0 0 0 0 1  0
  0 0 0 1 0  1
  0 1 0 0 0  0
 -1 0 0 0 0  1
  0 0 0 0 0  1
2-1,2-1;1;1 2 11
48 
#1 
6	% 
  1  1 -1  1  1  1
  1  1  1  1 -1 -2
 -2 -1  0 -1  0  1
  0  0  1  0 -1 -2
  0  0  2  0 -1 -2
 -1 -2  0 -1  0  1
2-1,2-1;1;1 1 8
48 
#1 
6	% 
 -2 -1 -1 0 1  3
  0  1 -1 1 0  1
  1  0 -1 0 0  0
  2  0  0 0 0 -1
 -1  0  0 0 0  0
 -1  1  0 0 0  0
4-1;1,1 2 2
1 
#1 
6	% 
 0 0 0 1  3  2
 0 1 0 0 -1 -1
 1 0 0 0 -1 -1
 0 0 1 0 -1 -1
 0 0 0 0 -1  0
 0 0 0 0 -2 -1
2-1,2-1;1,1 2 3
6 
#1 
6	% 
  0  0  0 1 -1  0
  1 -3 -3 0  0  3
  6 -1 -5 0  0 -2
  2  2  0 0 -1 -4
 -2  1  2 0  0  0
  2  2  0 0  1 -3
2-1;2-1;1,1 1 7
6 
#1 
6	% 
  0  0  0 1  3  2
  0  0  0 0 -1  0
  0 -1  0 0 -1  0
  0  0 -1 0 -1  0
 -1  0  0 0 -1  0
  0  0  0 0 -2 -1
2-1,2-1;1,1 2 2
36 
#2 
6	% 
 -1  0  0 0  0  1
  0 -1 -1 0  0  1
  0  0  0 1 -1  0
  0  1  0 0 -1 -1
  1 -1  0 0  0  0
  0  1  0 0  1  0
6	% 
  0 0  0 1 0  1
  0 0  1 0 1  0
  1 1  0 0 0 -1
  1 0 -1 0 0  0
  0 0  1 0 0 -1
 -1 0 -1 0 0  1
2-1;2-1;1,1 1 5
9 
#2 
6	% 
 0 0  0 -3 1 -1
 0 1  0 -1 0 -1
 0 0 -1  1 0  1
 1 0  0 -1 0 -1
 0 0  0  1 0  1
 0 0  0  2 0  1
6	% 
 1 -3  0 0 0  1
 0 -1  0 0 1  1
 0  1 -1 0 0  0
 0 -1  0 1 0  1
 0  1  0 0 0  0
 0  2  0 0 0 -1
2-1;2-1;1;1 1 22
9 
#2 
6	% 
 0 0  0  1 0  1
 0 1  0 -1 0 -1
 1 0  0 -1 0 -1
 0 0 -1 -1 0  0
 0 0  0 -2 0 -1
 0 0  0  1 1  1
6	% 
  1 0  0 1 0  0
 -1 0 -1 0 0  1
 -1 0  0 0 0  1
 -1 0  0 0 1  1
 -2 0  0 0 0  1
  1 1  0 0 0 -1
2-1;2-1;2-1 1 4
3 
#1 
6	% 
  1 1  0 0 0 -1
 -1 0  0 0 1  1
  1 0 -1 0 0  0
 -1 0  0 1 0  1
 -1 0  0 0 0  1
 -2 0  0 0 0  1
2-1;2-1;1;1 1 10
9 
#2 
6	% 
  1 1  0 0 0 -1
 -1 0 -1 0 0  1
  1 0  0 0 1  0
 -1 0  0 0 0  1
 -1 0  0 1 0  1
 -2 0  0 0 0  1
6	% 
 0 -1 0 0 0  1
 0  0 0 0 1  0
 0  0 1 0 0  0
 0  0 0 1 0  0
 1  0 0 0 0 -1
 0  0 0 0 0 -1
2-1,2-1;1;1 2 8
36 
#2 
6	% 
 -1  0  0  0  0  1
  0 -1 -1  0  0  1
  1  0  0  0  1  0
  0 -1  0  0 -1  0
  0  0  0 -1 -1 -1
  0  0  0  1 -1  0
6	% 
 1 0  0  0 -1 -1
 0 1  0 -1  0 -1
 0 0  0  0  1  0
 0 0  0 -1  0  0
 0 0 -1  0  0  1
 0 0  1  0  0  0
2-1,2-1;2-1 2 2
36 
#2 
6	% 
 0 1 -1 0 0  0
 1 0  0 0 0  0
 0 0  1 0 0 -1
 0 0 -2 0 0  1
 0 0 -1 0 1  1
 0 0 -1 1 0  1
6	% 
 0  0 0 0 1  0
 0 -1 0 1 0  1
 0  1 0 0 0  0
 0  0 0 0 0 -1
 0  0 1 0 0 -1
 1  0 0 0 0 -1
2-1,2-1;1;1 2 5
36 
#2 
6	% 
 0 1  3 0 0 -2
 1 0  0 0 0 -2
 0 0 -1 0 0  0
 0 0  0 0 0  1
 0 0  0 1 0  1
 0 0  0 0 1  1
6	% 
  0  0 0 0 1  2
  0  3 0 1 0 -1
  0  1 0 0 0 -1
  0 -2 0 0 0  1
 -1 -1 0 0 0  1
  0 -1 1 0 0  0
2-1,2-1;1;1 3 5
36 
#2 
6	% 
 0 -1 -1  0 0  0
 1  1  3  0 0 -2
 0  1  2  0 1  0
 0  0  0  0 1  0
 0  0  0 -1 1  0
 0  0  0  1 1  1
6	% 
 0  1  0 0 -1 -1
 1 -1  0 1  1  1
 0 -1  0 1  1  1
 0  0  0 0 -1 -1
 0  0 -1 0  0  0
 0  0  1 0  0 -1
2-1,2-1;1,1 3 2
36 
#2 
6	% 
  0  0  0  1 1  1
  1 -1 -1  0 0 -1
  2 -1  1  0 0 -3
  1  0  1  1 0 -1
 -1  0 -1  0 0  2
  1  0  1 -1 0 -2
6	% 
 1  1  0  0 0 -1
 0  0 -3  1 1  2
 0  0 -2  1 0  0
 0  1  0  0 0 -1
 0  0  1 -1 0  0
 0 -1  0  0 0  0
2-1,2-1;1;1 3 4
36 
#2 
6	% 
 -1 0 -2 0  0  2
  1 1  3 0  0 -2
  1 2  5 0  0 -3
  2 2  6 0  0 -5
  1 1  3 0 -1 -3
  1 1  3 1  0 -2
6	% 
 0  1  0  1 0 0
 0 -1  0 -1 1 1
 0 -2  0 -1 2 2
 0 -2  0 -2 2 1
 0 -1 -1 -1 1 1
 1 -1  0 -1 1 0
4-1;1;1 2 6
1 
#1 
6	% 
 0 0 0 -1 0  0
 0 1 0 -1 0 -1
 1 0 0 -1 0 -1
 0 0 1  1 0  0
 0 0 0 -2 0 -1
 0 0 0  1 1  1
4-1;1;1 2 4
1 
#1 
6	% 
 0 0 1 0 0 0
 1 0 0 0 0 0
 0 1 0 0 0 0
 0 0 0 0 1 0
 0 0 0 1 0 0
 0 0 0 0 0 1
2-1;2-1;1;1 1 23
6 
#1 
6	% 
 0 -1 0 -1 0  0
 0  0 1  1 0  0
 1  0 0  1 0  0
 0  0 0 -1 0  0
 0  0 0 -2 0 -1
 0  0 0 -1 1  0
2-1;2-1;1;1 1 13
6 
#1 
6	% 
 -1  0 0  0 0  1
  0  0 0  0 1  1
  0  0 0 -1 0 -1
  0 -1 0  0 0  0
  0  0 1  0 0 -1
  0  0 0  0 0 -1
4-1';1;1 1 5
12 
#1 
6	% 
  0  1  0  0  0  0
 -1 -1 -1  0  0  1
  0 -1 -1 -1  0  0
  0  0  0 -1  0  0
  0  0  0 -1 -1 -1
  0  0  0 -1  1  0
4-1';1,1 1 2
12 
#1 
6	% 
  0  0  0  1 -1  0
 -1 -1 -1  0  0  1
  0 -1 -1  0  0  0
  0 -1 -1  1  0  1
  1  0  1  0  0 -1
  0 -1 -1 -1  0  0
4-1';2-1 1 2
12 
#1 
6	% 
  1 0 -1 0 0  0
 -1 1  1 0 0 -1
 -1 0  2 0 0 -1
  0 0  2 0 0 -1
  0 0  1 0 1  0
  0 0  1 1 0  0
4-1';1;1 1 4
12 
#1 
6	% 
  0  1  1  0 0 -1
 -1 -1 -1  0 0  2
 -1  0 -1  0 0  2
 -2  0 -2  0 0  3
 -1  0 -1  0 1  2
 -1  0 -1 -1 0  1
2-1,2-1;1;1 2 10
6 
#1 
6	% 
  0 -1 0 0  0  1
 -1  1 1 0  0 -1
  0  4 1 1  0 -4
 -3  0 3 1  0  1
  0  0 0 1  1  1
  0  0 0 1 -1  0
2-1,2-1;2-1 2 3
6 
#1 
6	% 
  0  1 -1 0 0  0
 -1 -1  1 0 0  0
  0 -1  2 0 0 -1
  0  0  2 0 0 -1
  0  0  1 0 1  0
  0  0  1 1 0  0
2-1,2-1;1;1 2 6
6 
#1 
6	% 
  1 0  0  0 0  0
 -1 1 -1  0 0  0
 -1 0 -1  0 0  0
  0 0  0  0 0 -1
  0 0  0  0 1  0
  0 0  0 -1 0 -1
1,1,1;1;1;1 1 19
8 
#1 
6	% 
 0  0  0  2 0  1
 0  0  0  1 1  1
 1  0  0 -1 0 -1
 0  0  0  1 0  1
 0 -1  0  1 0  1
 0  0 -1  1 0  1
1,1,1;1;1;1 1 9
24 
#1 
6	% 
  0 -1 0 0  0  1
  0  0 1 0  0 -1
  1  0 1 0 -1 -1
  1  0 1 1  0  0
 -1 -1 0 0  0  1
  0  1 0 0  0  0
1,1;1,1;1;1 1 13
36 
#2 
6	% 
  0 0  0 1  3  2
 -1 0  0 0  1  1
  1 1  1 0  1 -1
  0 0 -1 0  1  1
 -1 0 -1 0 -1  1
  0 0  0 0 -2 -1
6	% 
  3 1  0 0 0 -2
  1 0  0 0 0 -1
  1 0  0 0 1  0
  1 0 -1 0 0  0
 -1 0  0 1 0  1
 -2 0  0 0 0  1
1,1;1,1;1;1 1 14
72 
#2 
6	% 
  0  1  0 -1 -1 -2
  0 -1  1  1  0  1
 -1  0 -1 -1  2  2
  1  0  1  1 -1 -1
 -1 -1 -1 -1  2  2
  0  1  1  0 -1 -2
6	% 
  1  1  1  0  0 -2
 -1 -1  0 -1  0  1
  1  0 -2  1  1  2
 -1  0  1 -1 -1 -1
  1 -1 -2  1  1  2
  0  1  1 -1  0 -2
1,1;1,1;1;1 1 25
72 
#2 
6	% 
  0 -1 0  1  1  2
  0  0 1 -1  0 -1
  0  2 0  0 -1 -2
  0 -1 0 -1  1  1
  0 -1 0  0  1  2
 -1  0 0  1  0  1
6	% 
  1 -1 -2  0  0  2
 -1  0  2  0  0 -2
  0  1  0  0 -1 -1
 -1 -1  2  0  0 -1
  0 -1  0 -1  0  0
  1  0 -3  0  0  2
1,1;1,1;1,1 1 7
24 
#1 
6	% 
 -1 -2  1 0  0  0
  1  1  0 0  0  0
  0  1 -1 0 -1  0
  1  0  1 0  0 -1
  0  1 -1 1  0  1
  0 -2  1 0  0  0
1,1;1,1;1;1 1 36
24 
#1 
6	% 
  1 -1  1 -1 -1 -1
 -1 -1 -1 -1  1  2
 -1  0  0  0  1  1
  0  0  0  1  0  0
  0 -1  0 -1  0  0
  0  0 -1  0  1  1
1,1;1,1;1;1 1 39
24 
#1 
6	% 
 -2 -1 -2 -1 -1  2
  1  2  1 -1  1 -3
 -1 -2 -1  0 -1  2
  2  1  1  0  1 -2
  1  1  1  0  1 -2
  1  1  2  0  1 -2
2-1;1,1;1;1 1 14
18 
#3 
6	% 
  0  0  0 -3 1 -1
  0 -1  0 -1 0  0
  0  0 -1 -1 0  0
 -1  0  0  1 0  1
  0  0  0 -1 0  0
  0  0  0  2 0  1
6	% 
 1 -3  0  0  0  1
 0 -1 -1  0  0  1
 0 -1  0  0 -1  0
 0  1  0 -1  0 -1
 0 -1  0  0  0  1
 0  2  0  0  0 -1
6	% 
 1 -3 0 0 0  1
 0 -1 0 0 1  1
 0 -1 1 0 0  0
 0  1 0 0 0  0
 0 -1 0 1 0  1
 0  2 0 0 0 -1
2-1;1,1;1;1 1 22
36 
#2 
6	% 
 0 -1  0  0  0  0
 0  0 -1  1 -1  1
 0  0  0 -1  0 -1
 1  0  0  1 -1  0
 0  0  0  0 -1  0
 0  0  0  0  0  1
6	% 
  0  0 0 -1 1  0
  0 -1 0  1 0  1
  0  0 1 -1 0 -1
  0  0 0  1 0  1
 -1  0 0  1 0  1
  0  0 0  2 0  1
2-2;1,1;1,1 1 6
32 
#1 
6	% 
 -1 -1  0  1  0  2
  1  1  0  0  1 -1
  1  0 -1  0  1  0
  1  1  0 -1  1 -2
 -1 -2  0  1 -1  2
  1  1  1 -1  0 -2
2-1;1;1;1;1 1 24
12 
#1 
6	% 
  0 0  0 0 1 0
  0 0  0 1 0 0
  0 1  0 0 0 0
  0 0  0 0 0 1
 -1 0  0 0 0 0
  0 0 -1 0 0 0
2-1,2-1,2-1 2 1
48 
#1 
6	% 
 0 0  0  0 -1  0
 0 0 -1 -1  0  0
 1 0  0  0 -1 -1
 0 1  0 -1  0 -1
 0 0  0  1  1  1
 0 0  0  1 -1  0
2-1;1;1;1;1 1 40
2 
#1 
6	% 
  0  0  0 0 1 0
  0  0  0 1 0 0
 -1  0  0 0 0 1
  0  0 -1 0 0 0
  0 -1  0 0 0 1
  0  0  0 0 0 1
2-1;1;1;1;1 1 20
9 
#2 
6	% 
 0  0 0  1 1  1
 0 -1 0 -1 0  0
 0  0 1  1 0  0
 0  0 0 -1 0  0
 1  0 0 -1 0 -1
 0  0 0 -2 0 -1
6	% 
 0 0 -1 0  0  1
 0 0  0 0 -1 -1
 0 1  0 0  0  0
 0 0  0 1  0  0
 1 0  0 0  0 -1
 0 0  0 0  0 -1
2-1;1,1;1;1 1 31
42 
#4 
6	% 
 1 0 -3 0 0  1
 0 0  1 0 1  0
 0 0  1 1 0  0
 0 0 -2 0 0  1
 0 0  1 0 0 -1
 0 1  1 0 0 -1
6	% 
 0 0 0 1 -3 -1
 0 1 0 0  1  0
 1 0 0 0  1  0
 0 0 0 0 -2 -1
 0 0 0 0  1  0
 0 0 1 0  1  0
6	% 
 0 0 1 0  3  1
 0 1 0 0 -1 -1
 1 0 0 0 -1 -1
 0 0 0 0  2  1
 0 0 0 0 -1 -1
 0 0 0 1 -1  0
6	% 
 -3 1  0 0 0 1
  1 0 -1 0 0 0
  1 0  0 0 0 0
 -2 0  0 0 0 1
  1 0  0 1 0 0
  1 0  0 0 1 0
3;1,1,1 1 2
4 
#1 
6	% 
  0 0 -1 0 -1 0
  0 0  0 1  1 1
  0 0  0 0  0 1
 -1 0  0 0  0 1
  0 1  0 0  0 0
  0 0  1 0  0 0
2-1;1;1;1;1 1 42
7 
#2 
6	% 
 -1 0  0 0 0  1
  1 0 -1 0 0  0
 -1 1  0 0 0  0
 -1 0  0 1 0  1
  1 0  0 0 1  0
  2 0  0 0 0 -1
6	% 
 0 0 0 1 0  1
 0 0 0 0 1  0
 1 0 0 0 0  0
 0 1 0 0 0  0
 0 0 1 0 0 -1
 0 0 0 0 0 -1
3;1,1;1 1 8
12 
#2 
6	% 
 1  0  0 0  1 0
 0  0 -1 0  0 1
 0 -1  0 0  0 1
 0  0  0 0 -1 0
 0  0  0 1  0 0
 0  0  0 0  0 1
6	% 
  0  0 0 1 -1  0
 -1  0 0 0  0  1
  0 -1 0 0  0  1
  0  0 0 0  1  1
  0  0 1 0  0 -1
  0  0 0 0  0  1
2-2;1,1;1;1 1 17
48 
#2 
6	% 
  0  0 0 1 -1  0
  1  0 0 1  0  0
  1 -1 0 0  0  0
 -1  0 0 0  1  1
  1  0 0 0  0  0
  1  0 1 0  0 -1
6	% 
 -1  0  0 1  0  1
  0 -2  2 1  1  2
  0 -2  3 0  1  1
  1  2 -2 0 -1 -2
  0 -2  2 0  1  2
  0 -3  2 0  1  2
2-2;1,1;1;1 1 19
48 
#2 
6	% 
 1  0  0 0 -1 -1
 0 -1  1 0  1  1
 0  1  0 1  0  0
 0  1  0 0  0 -1
 0  0 -1 0  0  0
 0 -1  1 0  0  0
6	% 
  0  0 0 1 -1  0
  1  1 0 0  1 -1
  0  0 1 0  0  0
 -1  0 0 0  0  1
 -1 -1 0 0  0  1
  0  1 0 0  0 -1
3;1,1;1 1 11
16 
#1 
6	% 
 0  0  0 -1  1  0
 0  0  0  1  1  1
 0 -1  0  0  1  1
 1  0  0  0  1  0
 0  0 -1  0 -1  0
 0  0  0  0 -1 -1
1,1;1;1;1;1 1 33
36 
#2 
6	% 
 -2 -9  2 -1  0  8
  2  6 -1  0  0 -7
  0 -2  1 -1  0  1
  0  0  0 -1 -1 -1
  0  0  0  1 -1  0
 -1 -2  0 -1  0  2
6	% 
  0 1  1  2 -2 -1
 -1 0  0 -2  1  0
  0 0  1  0 -1 -1
  0 0  1  0  0  0
  0 0 -1  0  0  1
  0 0  1  1  0  0
1,1;1;1;1;1 1 42
42 
#4 
6	% 
  1 0 1 0 0 -1
  1 1 0 0 0 -1
 -1 0 0 0 0  1
  1 0 0 1 0  0
  1 0 0 0 1  0
 -2 0 0 0 0  1
6	% 
 0 0  1 0 1  0
 0 1  1 0 0 -1
 0 0 -1 0 0  1
 1 0  1 0 0 -1
 0 0  1 1 0  0
 0 0 -2 0 0  1
6	% 
 0 0 0 1  1  1
 0 1 0 0  1  0
 1 0 0 0 -1 -1
 0 0 0 0  1  0
 0 0 1 0  1  0
 0 0 0 0 -2 -1
6	% 
 0 1 0 0 0  0
 0 0 0 0 1  0
 0 0 0 1 0  1
 1 0 0 0 0 -1
 0 0 1 0 0 -1
 0 0 0 0 0  1
1,1;1;1;1;1 1 51
56 
#3 
6	% 
 -3  6 0 0 0 -4
  3 -5 0 0 0  4
 -1  2 1 0 0 -2
 -1  2 0 1 0 -1
 -1  2 0 0 1 -1
  2 -4 0 0 0  3
6	% 
 0  5 0 0 -3 -1
 0 -6 0 0  3  2
 1  2 0 0 -1 -1
 0  2 1 0 -1 -1
 0  2 0 1 -1  0
 0 -4 0 0  2  1
6	% 
 0  3 0  0 -1 -2
 0 -3 0 -1  0  1
 1  1 0  0  0 -1
 0  1 0  0  0 -1
 0  1 1  0  0 -1
 0 -2 0  0  0  1
1,1;1;1;1;1 1 53
15 
#3 
6	% 
 0  3 0 0 1 -1
 0 -1 0 0 0  0
 1  1 0 0 0 -1
 0  1 1 0 0 -1
 0  1 0 1 0  0
 0 -2 0 0 0  1
6	% 
 0 1 0 0 0  2
 1 0 0 0 0 -1
 0 0 1 0 0  0
 0 0 0 1 0  1
 0 0 0 0 1  1
 0 0 0 0 0 -1
6	% 
 0 0 0 1 -3 -1
 0 0 0 0  1  0
 1 0 0 0 -1 -1
 0 1 0 0 -1 -1
 0 0 1 0 -1 -1
 0 0 0 0  2  1
1,1;1;1;1;1 1 30
72 
#3 
6	% 
  0 -2 0  0  1  0
 -1  2 0  0 -1  0
  0  3 0  0 -1 -1
  0  0 1 -1  0 -1
  0 -2 0 -1  1  0
  0  2 0 -1 -1 -1
6	% 
 -2 -1  0  0 0 -5
  1  1  0 -1 0  3
  1  2  0  0 0  5
  0  0 -1  0 1  1
 -1 -1 -1  0 0 -3
  1  1 -1  0 0  4
6	% 
  0 0  0 -2 -1 -5
 -1 0  0  1  1  4
  0 0  0  1  2  5
  0 1 -1  0  0  0
  0 0 -1 -1 -1 -3
  0 0 -1  1  1  4
1,1;1;1;1;1 1 54
16 
#1 
6	% 
  1 -1  1 1  1  1
 -1  1 -1 1 -1  0
 -2  1 -1 0 -1  0
 -1  2 -1 0 -1 -1
 -1  1 -2 0 -1  0
  1 -1  1 0  1  1
3;2-1;1 1 8
4 
#1 
6	% 
 0  0  0 1 0  1
 0  0  0 0 1  0
 0 -1  0 0 0  1
 0  0 -1 0 0  1
 1  0  0 0 0 -1
 0  0  0 0 0  1
3;2-1;1 1 7
8 
#1 
6	% 
 0  0 0 0 1 0
 0  0 0 1 0 1
 0  0 1 0 0 0
 0 -1 0 0 0 0
 1  0 0 0 0 0
 0  0 0 0 0 1
1;1;1;1;1;1 1 37
7 
#2 
6	% 
 0 1 0 0 0 -1
 1 0 0 0 0  0
 0 0 1 0 0  0
 0 0 0 1 0  1
 0 0 0 0 1  0
 0 0 0 0 0 -1
6	% 
 0 0 0 0 1  0
 0 0 0 1 0  1
 1 0 0 0 0  0
 0 1 0 0 0  0
 0 0 1 0 0 -1
 0 0 0 0 0 -1
1;1;1;1;1;1 1 22
9 
#2 
6	% 
 0 1  0 0  0 -1
 0 0  0 0 -1  0
 0 0  0 1  0  1
 1 0  0 0  0  0
 0 0  0 0  0 -1
 0 0 -1 0  0  1
6	% 
 0 1  0 0  1  0
 0 0 -1 0 -1  0
 1 0  0 0 -1 -1
 0 0  0 0 -1  0
 0 0  0 0  2  1
 0 0  0 1 -1  0
2-2;1,1;1;1 1 16
32 
#1 
6	% 
 -1 -1  0 0 1  2
  1  1  0 1 0 -1
  1  0  1 0 0 -1
  1  0  0 0 0 -1
  0 -1  0 0 0  1
  0  1 -1 0 0  0
2-2;1,1;1;1 1 18
32 
#1 
6	% 
  0  0  0 -1  0 -2
  0  0  0  0  1  2
 -1  0 -1  0  0  1
 -1  1  0  0  0  0
  1 -1  1  1  1  3
 -1  0  0 -1 -1 -3
3;1,1;1 1 13
8 
#1 
6	% 
  0 1 0  0  0  0
 -1 0 0  0  0  1
  0 0 1  0  0 -1
  0 0 0  0 -1 -1
  0 0 0 -1 -1 -1
  0 0 0  0  0 -1
3;1,1;1 1 7
16 
#1 
6	% 
 0 0  0 1  1  1
 0 1  0 1  0  0
 1 0  0 0 -1 -1
 0 0 -1 1  0  1
 0 0  0 0 -1  0
 0 0  0 1 -1  0
2-2;1,1;1;1 1 9
16 
#1 
6	% 
  1 0  0 -1 0 -1
  0 0  0  1 1  1
 -1 0  0 -1 0  0
 -1 0 -1  0 0  1
 -1 1  0  0 0  0
 -1 0  0  0 0  0
3;1,1;1 1 9
8 
#1 
6	% 
 -1 0  0 -1  0  0
  1 0  0  0 -1 -1
  0 0  0  0  0  1
  0 0 -1  0  0  1
  1 0  0  0  0  0
  0 1  0  0  0  0
1,1;1;1;1;1 1 19
9 
#2 
6	% 
  0 1 0 0 0  2
  0 0 1 0 0  0
  0 0 0 1 0  1
 -1 0 0 0 0  1
  0 0 0 0 1  0
  0 0 0 0 0 -1
6	% 
  0  0  0 1  3  2
  0 -1  0 0  1  1
 -1  0  0 0  1  1
  0  0  0 0  1  1
  0  0 -1 0 -1  0
  0  0  0 0 -2 -1
1,1;1;1;1;1 1 23
36 
#2 
6	% 
 0  1  0  0 -1 -2
 1 -2  0  0  1  2
 1  0 -1  0  0  0
 1  2  0  1  0 -2
 0 -2  0 -1  0  1
 0  0  0  1  1  1
6	% 
  0  0 -1 0  0  0
  0 -1  1 1  0  1
  0  0  0 1 -1  0
  1  1  0 1  0 -1
 -1 -1  0 0  0  1
  1  0  1 0  0 -1
1,1;1;1;1;1 1 47
16 
#1 
6	% 
  1 -1  1  1 -1 0
 -1  1 -1 -1  0 0
  0 -1  1  0 -1 0
  1  0  1  1  0 0
  1 -1  0  0 -1 0
  0  0  0  1  1 1
2-2;1;1;1;1 1 21
16 
#1 
6	% 
  1  1 1 0 0 -2
  1  1 0 1 0 -1
  1  1 0 0 1 -1
  0 -1 0 0 0  1
 -2 -2 0 0 0  3
  1  2 0 0 0 -2
3;1;1;1 1 18
8 
#1 
6	% 
  0  0  0 0 -1 -1
  0  0  0 1  1  1
  0 -1  0 0  1  1
 -1  0  0 0 -1  0
  0  0 -1 0 -1  0
  0  0  0 0 -2 -1
2-2;1;1;1;1 1 16
16 
#1 
6	% 
 0 1 -1 -1 0 -1
 0 0  0  0 1  0
 1 0  0  0 0  0
 0 1 -1  0 0  0
 0 1  0  0 0 -1
 0 0  1  0 0  0
1;1;1;1;1;1 1 46
1 
#1 
6	% 
 -1 0 0 0 0  0
  1 1 0 0 0 -1
 -1 0 1 0 0  0
 -1 0 0 1 0  1
 -1 0 0 0 1  1
  2 0 0 0 0 -1
1;1;1;1;1;1 1 16
3 
#1 
6	% 
 0 1 0 0  0  0
 0 0 0 0 -1 -1
 0 0 1 0  0  0
 0 0 0 1  0  0
 1 0 0 0  0 -1
 0 0 0 0  0 -1
1,1;1;1;1;1 1 49
2 
#1 
6	% 
  0  0 0  3 1  2
  0  0 1  1 0  0
  0 -1 0  1 0  1
 -1  0 0  1 0  1
  0  0 0 -1 0  0
  0  0 0 -2 0 -1
1;1;1;1;1;1 1 42
2 
#1 
6	% 
 0  0 1  1 0  0
 0 -1 0 -1 0  0
 0  0 0 -1 1  0
 1  0 0 -1 0 -1
 0  0 0 -1 0 -1
 0  0 0  2 0  1
1;1;1;1;1;1 1 32
2 
#1 
6	% 
 0 0 0 -1 1  0
 0 0 0  1 0  0
 0 1 0 -1 0 -1
 0 0 1 -1 0 -1
 1 0 0  1 0  0
 0 0 0  2 0  1
3;1;1;1 1 9
8 
#1 
6	% 
  0 0  0  0 1  1
  0 0  0 -1 0 -1
  0 0 -1  0 0  0
  0 1  0  0 0  0
 -1 0  0  0 0  0
  0 0  0  0 0 -1
3;1;1;1 1 21
4 
#1 
6	% 
 0 -1  0 0 0  1
 0  0 -1 0 0  0
 1  0  0 0 0 -1
 0  0  0 1 0  1
 0  0  0 0 1  1
 0  0  0 0 0 -1
3;1;1;1 1 12
4 
#1 
6	% 
 0  0  0 0 1  1
 0  0  0 1 0  0
 0  0 -1 0 0  0
 1  0  0 0 0 -1
 0 -1  0 0 0  0
 0  0  0 0 0 -1
