#49

3;3 4 4
1 
#1 
6	% 
 1 0 0 0 0 0
 0 1 0 0 0 0
 0 0 1 0 0 0
 0 0 0 1 0 0
 0 0 0 0 1 0
 0 0 0 0 0 1
1,1,1,1,1,1 1 1
1 
#1 
6	% 
 1 0 0 0 0 0
 0 1 0 0 0 0
 0 0 1 0 0 0
 0 0 0 1 0 0
 0 0 0 0 1 0
 0 0 0 0 0 1
2-1',2-1';1;1 1 3
6 
#1 
6	% 
 -1 0  0 0 -1 -1
  0 0 -1 0 -1  1
  1 0 -1 0  0  1
  1 0  1 0  1  0
  0 0  0 1  0  0
  0 1  0 0  0  0
2-1',2-1';1,1 1 1
6 
#1 
6	% 
 0 0 1  0  1 -1
 1 0 0  0  1  1
 0 0 0  0  0  1
 0 0 0  0 -1  0
 0 0 0 -1  0  0
 0 1 0  1  0  0
2-1;1,1,1;1 1 8
12 
#1 
6	% 
  1 0  1  1 -1 -1
  0 1  0  0  0  0
 -1 0 -1 -1  1  0
 -1 0 -1 -1  0  1
  1 0  0  1 -1 -1
  0 0  1  1 -1 -1
2-1;1,1;1,1 1 11
12 
#1 
6	% 
 0  0  0 1  0  0
 0 -1  0 0  0  0
 0  0  0 0  0 -1
 0  0 -1 0  0  0
 0  0  0 0 -1  0
 1  0  0 0  0  0
1,1,1,1;1,1 1 1
3 
#1 
6	% 
  0 0 -1  0 -1 -1
 -1 0  0  0 -1 -1
 -1 0 -1  0  0 -1
  1 0  1  0  1  1
  0 0  0 -1  0  0
  0 1  0  1  0  0
1,1,1,1,1;1 1 2
6 
#1 
6	% 
  0  0  0 0 -1  0
 -1  0  0 0  0  0
 -1  0  1 0 -1  0
 -1  0  0 0 -1  1
  1 -1 -1 0  1 -1
 -1  0  1 1 -1  1
1,1,1,1;1,1 1 3
24 
#3 
6	% 
 -1 0 -1  0 -1 -2
 -1 0 -1  0 -1 -1
  1 0  1  0  0  1
  1 1  1  0  1  1
 -1 0 -1 -1 -1 -1
 -1 0  0  0 -1 -1
6	% 
  0 -1  0 1  0  0
 -1 -1  1 0  0  0
  0  0  1 0  0  0
  0  1 -1 0  0 -1
 -1 -1  0 0 -1  0
  1  0  0 0  0  0
6	% 
  1  0  0 0  0  0
 -1 -1 -1 1 -1 -1
 -1  0  0 0 -1 -1
  1  1  1 0  1  1
 -1  0 -1 1 -1 -1
  1  0  1 0  0  1
1,1,1;1,1,1 1 2
6 
#1 
6	% 
 -1  0  0  0  0  0
 -1  0 -1  0 -1 -1
  0  0  0 -1  0  0
  0  1  1  1 -1  0
  1 -1  0  0  1  0
 -1 -1 -1  0  0  0
1,1,1;1,1,1 1 4
16 
#3 
6	% 
  1  1  1  1 1 0
  1  1  1  0 0 0
 -1 -1 -2 -1 0 0
  1  1  1  1 0 1
 -2 -1 -1 -1 0 0
  1  0  1  1 0 0
6	% 
  0  0 -1 -1  0 -1
  0  0 -1  0  0 -1
  0  1  1  0 -1  1
  1 -1  0  0  1  0
 -1  0  1  1 -1  0
  1  0  0  0  1  0
6	% 
 0  1  1  1  1 1
 0  1  1  1  0 0
 0 -2 -1 -1 -1 0
 1  1  1  1  1 0
 0 -1 -1 -2 -1 0
 0  1  0  1  1 0
2-2',2-2';1,1 1 3
16 
#1 
6	% 
  0  0  0  0  0  1
  0  0  0  0  1  0
  0  0  0 -1  0  0
  0  0 -1 -1 -1  0
  0 -1  0 -1  0 -1
 -1  0  0  0 -1 -1
2-1,2-1;1;1 1 3
6 
#1 
6	% 
 0 0 -1 0  0 0
 1 0  0 0  0 0
 0 0  0 0 -1 0
 0 0  0 0  0 1
 0 0  0 1  0 0
 0 1  0 0  0 0
2-1;2-1;1;1 1 21
3 
#1 
6	% 
 0 0 0 0 -1  0
 0 0 0 1  0  0
 0 0 1 0  0  0
 0 0 0 0  0 -1
 1 0 0 0  0  0
 0 1 0 0  0  0
2-1,2-1;1;1 3 3
6 
#1 
6	% 
 0 0 0 0 1 0
 0 0 0 0 0 1
 0 0 1 0 0 0
 1 0 0 0 0 0
 0 0 0 1 0 0
 0 1 0 0 0 0
2-1,2-1;1,1 1 1
6 
#1 
6	% 
  0 0 -1  0 -1  0
 -1 0  0  0  0 -1
  0 0  1  0  0  0
  1 0  0  0  0  0
  0 0  0 -1  0  0
  0 1  0  1  0  0
2-1;2-1;1,1 1 6
3 
#1 
6	% 
 0 0 0 -1 0 0
 0 1 0  1 0 0
 0 0 0  0 1 0
 0 0 1  0 0 0
 0 0 0  0 0 1
 1 0 0  0 0 0
2-1,2-1;1,1 3 1
6 
#1 
6	% 
 -1 0  0  0 -1 -1
  0 0 -1  0 -1  1
  1 0 -1  0  0  1
  1 0  1  0  1  0
  0 0  0 -1  0  0
  0 1  0  1  0  0
2-1;1,1;1;1 1 26
6 
#1 
6	% 
 0 1  0 0  0 0
 0 0  0 1  0 0
 0 0  0 0  0 1
 0 0  0 0 -1 0
 0 0 -1 0  0 0
 1 0  0 0  0 0
2-1;1,1;1;1 1 32
24 
#2 
6	% 
 0 -1 0  0  0 0
 0  0 0 -1  0 0
 0 -1 0  1  0 1
 0  1 1 -1  0 0
 0  1 0 -1 -1 0
 1  1 0 -1  0 0
6	% 
 0 -1 0  0  0 0
 0  0 0  1  0 0
 0 -1 0 -1  0 1
 0  1 1  1  0 0
 0  1 0  1 -1 0
 1  1 0  1  0 0
2-1;1;1;1;1 1 35
6 
#1 
6	% 
 0 0  0 1  0  0
 0 1  0 0  0  0
 0 0  0 0  0 -1
 0 0  0 0 -1  0
 0 0 -1 0  0  0
 1 0  0 0  0  0
1,1,1;1;1;1 1 10
12 
#1 
6	% 
 -1 0 -1  0  1 -1
  0 0  0  0  0  1
  1 0  0  0 -1  0
  0 0  0 -1  0  0
  0 1  0  0  0  0
 -1 0 -1  0  0  0
1,1;1,1;1,1 1 1
1 
#1 
6	% 
 0  1 0  0 0  0
 0 -1 0 -1 0  0
 0  0 1  0 0  0
 0  0 0  0 1  0
 0  0 0  0 0 -1
 1  0 0  0 0  1
1,1;1,1;1;1 1 4
3 
#1 
6	% 
 0 0 0 0  0 -1
 1 0 0 0  0  1
 0 0 0 0 -1  0
 0 0 1 0  1  0
 0 0 0 1  0  0
 0 1 0 0  0  0
1,1,1;1,1;1 1 2
12 
#1 
6	% 
  2 0  1 0 -1  0
  1 0  0 0  0 -1
 -2 0 -1 0  1  1
  0 1  0 0  0  0
  0 0  0 1  0  0
  1 0  1 0  0  0
1,1;1,1;1,1 1 5
12 
#3 
6	% 
  0 0  0 -1 0  0
  0 1  0  1 0  0
  1 0  0  0 1  0
 -1 0  0  0 0  0
  0 0 -1  0 0 -1
  0 0  0  0 0  1
6	% 
 0  1 0  0 0 0
 0 -1 0 -1 0 0
 0  0 0  0 1 0
 0  0 0  0 0 1
 1  0 0  0 0 0
 0  0 1  0 0 0
6	% 
  0 1  0 0  0  0
  0 0  0 1  0  0
  1 0  1 0  1  0
 -1 0 -1 0  0  0
  0 0  1 0  1 -1
  0 0  0 0 -1  1
1,1;1,1;1;1 1 34
12 
#3 
6	% 
 0 0  1 0 1  1
 0 0 -1 0 0  0
 0 0  0 1 0  0
 0 0  0 0 0 -1
 1 0  1 0 0  1
 0 1  0 0 0  0
6	% 
  1 0  1 0  0  1
 -1 0 -1 0  0  0
  0 0  0 1  0  0
  0 0  0 0  1 -1
  1 0  0 0 -1  1
  0 1  0 0  0  0
6	% 
  1 0 0 0 1  1
 -1 0 0 0 0  0
  0 0 0 1 0  0
  0 0 0 0 0 -1
  1 0 1 0 0  1
  0 1 0 0 0  0
1,1,1,1;1;1 1 3
3 
#1 
6	% 
  0 0 -1 0 -1 -1
 -1 0  0 0 -1 -1
 -1 0 -1 0  0 -1
  1 0  1 0  1  1
  0 0  0 1  0  0
  0 1  0 0  0  0
1,1,1;1,1;1 1 9
24 
#2 
6	% 
  2 0  1  0 -1  0
  1 0  0  0  0 -1
 -2 0 -1  0  1  1
  1 1  1  1  0  0
  0 0  0 -1  0  0
  0 1  0 -1  0  0
6	% 
  2 0  1  0  1  0
  2 0  1  0  1  1
 -3 0 -2  0 -2 -1
  1 1  1  1  0  0
  0 0  0 -1  0  0
  0 1  0 -1  0  0
1,1,1,1;1;1 1 5
12 
#2 
6	% 
  1  0  0 0 0  0
  0  0  0 0 0  1
  1  0  0 0 1  1
 -1  0  0 1 0 -1
  1 -1  0 0 0  1
 -1  0 -1 0 0 -1
6	% 
  1  1  1  1  0 -1
  1  1  0  1  1 -1
  0  1  1  1  1 -1
 -1 -2 -1 -1 -1  1
  1  1  1  2  1 -1
 -1 -1 -1 -1 -1  0
1,1,1;1,1;1 1 12
48 
#4 
6	% 
  0 -1 -2 -1 -2  0
 -2 -2 -1 -2 -1 -2
  3  4  4  4  4  3
 -1 -1  0 -1 -1 -1
  2  2  2  2  2  1
  0  0 -1 -1 -1  0
6	% 
  0 -1 -2 -1  2  0
 -2 -2 -1 -2  1  2
  3  4  4  4 -4 -3
 -1 -1  0 -1  1  1
  2  2  2  2 -2 -1
  0  0 -1 -1  1  0
6	% 
  0 -1 -2 -1  0  2
 -2 -2 -1 -2  2  1
  3  4  4  4 -3 -4
 -1 -1  0 -1  1  1
  2  2  2  2 -1 -2
  0  0 -1 -1  0  1
6	% 
  0 -1 -2 -1 -2  0
 -2 -2 -1 -2 -1  2
  3  4  4  4  4 -3
 -1 -1  0 -1 -1  1
  2  2  2  2  2 -1
  0  0 -1 -1 -1  0
1,1;1,1;1;1 1 9
12 
#2 
6	% 
 0  0  0 0  0 -1
 1  0  0 0  0  1
 0  0 -1 0  0  0
 0  0  1 1  1  0
 0  0  0 0  1  0
 0 -1 -1 0 -1  0
6	% 
 0  0  0  0  0 -1
 1  0  0  0  0  1
 0  0  0 -1  0  0
 0  1  0  1 -1  0
 0  1  0  0  0  0
 0 -1 -1 -1  0  0
1,1,1;1;1;1 1 19
12 
#1 
6	% 
 1  0 0  0  0 0
 0  0 0  0  0 1
 0  0 0  0 -1 0
 0  0 0 -1  0 0
 0  0 1  0  0 0
 0 -1 0  0  0 0
1,1,1;1;1;1 1 15
8 
#2 
6	% 
  0  0  0 0 0 1
  0  0  0 1 0 0
  0  0  0 0 1 0
 -1  0  0 0 0 0
  0  0 -1 0 0 0
  0 -1  0 0 0 0
6	% 
 0 0 0  0  0 1
 0 0 0 -1  0 0
 0 0 0  0 -1 0
 1 0 0  0  0 0
 0 0 1  0  0 0
 0 1 0  0  0 0
1,1;1,1;1;1 1 25
24 
#3 
6	% 
  0  0  0 0 0  1
  1  0  0 1 0 -1
  0  0  0 0 1  0
  1  0  0 0 0  0
  0  0 -1 0 0  0
 -1 -1  0 0 0  1
6	% 
  1 0  0 0  1  1
  0 0  0 1  0  0
 -2 0 -1 0 -1 -1
  1 0  1 0  0  1
  1 0  1 0  1  2
  0 1  0 0  0  0
6	% 
  0 0 -1  0  0  0
  0 0  1  0  1 -1
  0 0  0 -1  0  0
  0 0  0  0  1  0
  0 1  0  0  0  0
 -1 0 -1  0 -1  0
1,1;1,1;1,1 1 10
8 
#2 
6	% 
 1 0  1 0  0  1
 0 0 -1 1  1  0
 0 0  0 0  0 -1
 1 0  0 0  1  1
 1 0  0 0  0  0
 0 1  1 0 -1  0
6	% 
 -1  0  0  1  0 -1
  0 -1 -1 -1  0  0
  1  0  1  0  1  0
 -1 -1  0  0  0 -1
  0  0  1  0  1 -1
  0  1  0  1 -1  0
1,1;1,1;1;1 1 39
36 
#3 
6	% 
 0  0 0  0  0 1
 1  0 0  0  0 0
 0  0 1  0  0 0
 0 -1 0  0  0 0
 0  0 0  0 -1 0
 0  0 0 -1  0 0
6	% 
 -1 -2  1 -1  1 -1
  1  1 -1  2 -1  1
 -1 -1  1 -1  1  0
  1  1  0  1 -1  1
  1  1 -1  1  0  1
  0  1 -1  1 -1  1
6	% 
  0 -1  0  0 -1  1
 -1  0  1 -1  0  0
  0  0 -1  1  0  0
  0  1  0  0  0 -1
 -1  0  0 -1  0  0
  0  1  0  0  1  0
2-2,2-2;1,1 1 3
16 
#1 
6	% 
  0  1 -1 0 0 1
  1  0 -1 1 0 0
 -1 -1  0 0 1 0
  0 -1  0 0 0 0
  0  0  1 0 0 0
 -1  0  0 0 0 0
2-2,2-2;1;1 2 6
16 
#1 
6	% 
  1 0 1 0 -1  0
  1 0 1 0  0  0
  1 0 1 1 -1 -1
  1 1 1 0 -1  0
  0 0 1 1 -1  0
 -1 0 0 0  0  0
2-2;2-2;1;1 1 18
16 
#1 
6	% 
  0 0 0  0 1  0
  0 1 0  0 0  0
  0 0 1  0 0  0
 -1 0 0  0 0  0
  0 0 0 -1 0  0
  0 0 0  0 0 -1
3,3 4 1
4 
#1 
6	% 
 0 0 0  0 -1  0
 0 0 0  0  0 -1
 0 0 0 -1  0  0
 0 0 1  0  1  0
 1 0 0  0  0  1
 0 1 0  1  0  0
3,3 8 1
8 
#1 
6	% 
 0  0 0  1 -1 0
 0  1 1  0  0 0
 0  0 0  1  0 0
 0 -1 0 -1  1 0
 0  1 0  0 -1 1
 1  0 0  0  0 0
3;2-2;1 2 8
8 
#1 
6	% 
 -1 0  0  0 1 0
 -1 0 -1  0 1 0
  0 0  0  0 0 1
  1 0  0  0 0 0
  0 0  0  1 0 0
  0 1  0 -1 0 0
1,1;1;1;1;1 1 25
3 
#1 
6	% 
 0 0 0  0 0 -1
 1 0 0  0 0  1
 0 0 0  0 1  0
 0 0 0 -1 0  0
 0 1 0  0 0  0
 0 0 1  0 0  0
1,1;1;1;1;1 1 28
12 
#2 
6	% 
 0 0  0 0 -1 0
 0 0 -1 0  1 1
 0 0  0 1  0 0
 0 0 -1 0  0 0
 0 1  0 0  0 0
 1 0  1 0 -1 0
6	% 
  1 0 0 0 0  0
 -1 0 0 0 1 -1
  0 0 0 1 0  0
  0 0 0 0 0 -1
  0 1 0 0 0  0
  1 0 1 0 0  1
1;1;1;1;1;1 1 18
1 
#1 
6	% 
 0 0 0 0 0 1
 0 0 0 0 1 0
 0 0 0 1 0 0
 1 0 0 0 0 0
 0 1 0 0 0 0
 0 0 1 0 0 0
1;1;1;1;1;1 1 41
3 
#1 
6	% 
  0 0 0 1  0  0
  0 1 0 0  0  0
  0 0 0 0  0 -1
  0 0 0 0 -1  0
  0 0 1 0  0  0
 -1 0 0 0  0  0
1,1;1;1;1;1 1 48
3 
#1 
6	% 
 0 1 0 0  0 0
 0 0 0 1  0 0
 0 0 0 0  0 1
 0 0 0 0 -1 0
 0 0 1 0  0 0
 1 0 0 0  0 0
1,1;1;1;1;1 1 54
24 
#2 
6	% 
  0  0  0 1  0 0
  0 -1  0 0  0 0
  0  0  0 0  0 1
  0  0 -1 0  0 0
  0  0  0 0 -1 0
 -1  0  0 0  0 0
6	% 
 0  0  0 1  0  0
 0 -1  0 0  0  0
 0  0  0 0  0 -1
 0  0 -1 0  0  0
 1  0  0 0  0  0
 0  0  0 0 -1  0
