#30

2-1;1,1;1;1 1 23
1 
#1 
6	% 
 1 0 0 0 0 0
 0 1 0 0 0 0
 0 0 1 0 0 0
 0 0 0 1 0 0
 0 0 0 0 1 0
 0 0 0 0 0 1
1,1,1,1,1,1 1 1
1 
#1 
6	% 
 1 0 0 0 0 0
 0 1 0 0 0 0
 0 0 1 0 0 0
 0 0 0 1 0 0
 0 0 0 0 1 0
 0 0 0 0 0 1
2-1;1,1,1,1 1 2
1 
#1 
6	% 
 0  0  0  0  0  1
 1  0  0  0  0  0
 0 -1  0 -1 -1 -1
 0  0  1  0  0  0
 0 -1 -1  0  0  0
 0  1  1  1  0  0
1,1,1,1,1;1 1 2
6 
#3 
6	% 
 -1 -1  0 -1 -1 -1
 -2 -1  0 -1 -1 -1
 -1  1 -1  0 -1 -1
 -2 -1  0 -1  0 -1
  2  0  0  1  1  2
 -2 -1 -1 -1 -1 -2
6	% 
  1  0  0  0  0  0
  0  0  1  0  0  0
  1  0  1 -1  0  0
  0 -1  0 -1 -1 -1
 -1  1 -1  1  0  1
  1 -1  1 -1 -1  0
6	% 
 0  0 0  2  0  1
 0  1 0  1  1  1
 1  1 0  2  1  2
 0  1 0  2  0  1
 0 -1 1 -2 -1 -2
 0  2 1  3  1  2
1,1,1,1;1,1 1 2
3 
#3 
6	% 
  0 -1 1  2 1 1
  0  0 0  0 0 1
  0 -1 0  1 0 0
  1  0 0  0 0 0
 -1  0 0 -1 0 0
 -1 -1 0  0 1 1
6	% 
 1 1  0  1  1 0
 0 1  0  1  1 1
 0 0  0  0  1 0
 0 0 -1 -1  0 0
 0 0  1  0 -1 0
 0 1  1  1  1 0
6	% 
  1  0  0 0  0  0
  1  0  1 1  0  0
  1 -1 -1 0  0  0
  0  0  0 0 -2 -1
 -1  1  0 0  2  1
  1 -1  0 0  3  2
2-1;1,1;1,1 1 4
1 
#1 
6	% 
  0  0 0  0  2  1
 -1 -2 0 -2  2  2
 -1 -2 0 -1  1  1
  0  1 1  0  0  0
  0 -1 0  1  0  0
  1  1 0  2 -2 -2
2-1;1,1,1;1 1 6
2 
#1 
6	% 
  1  1  0  1 1  1
 -1  0  0 -1 0  0
 -1 -1  0 -1 0 -1
  0 -1 -1  0 0  0
  1  1  0  0 0  0
  1  1  0  1 1  0
1,1,1;1,1,1 1 2
2 
#1 
6	% 
  0 -1  0 -1 1  1
  1  0  1 -1 1  1
  0  0  0  0 0 -1
  0  0  1  1 0  0
 -1  0 -1  0 0  0
  1  0  0 -1 1  1
1,1,1,1;1,1 1 3
8 
#2 
6	% 
 0  0 -1 -1 -1 -1
 1  0  2  2  1  1
 0 -1  1  1  0  1
 0  1  0 -1  0 -1
 0  1  2  1  1  0
 0  0 -2 -1 -1  0
6	% 
  0  0  0  1  0  0
 -1 -1  0 -1 -1 -1
  0  0 -1 -1 -1  1
  0  1  1  1  1  0
  0  0  1  0  0 -1
  0 -1 -1  0 -1  1
1,1,1;1,1,1 1 3
4 
#2 
6	% 
  1  1 0  1  0 -2
  0  0 1  1 -1 -1
  1  1 0  1  0 -1
 -1  0 0 -1 -1  0
 -1 -1 0 -1  1  2
  1  1 0  0 -1 -2
6	% 
  1  1  2  1  0  0
  0  1  0 -1  3  2
  1 -1  1  1 -2 -1
 -1  0 -1 -1  1  1
 -1 -1 -1  1 -3 -2
  1  1  1  0  1  1
1,1,1,1;1;1 1 4
1 
#1 
6	% 
 0  0 0  0  1 0
 1  0 0  0  0 0
 0 -1 0 -1 -3 1
 0  1 0  1  2 0
 0  0 1  0 -1 0
 0 -1 0  0 -1 0
1,1,1;1,1;1 1 5
4 
#2 
6	% 
  2  1  1  2 -1 -1
  1  1  0  1 -1 -1
 -2 -2 -1 -3  2  2
  1  0  0  1  0  0
  0  0  0  0 -2 -1
  0 -1 -1  0  0  0
6	% 
 0 0  1  1 -1 -1
 0 0  1  1  0 -1
 0 0 -1 -1  1  2
 1 1  1  1 -1 -1
 1 0  0  0  0  0
 0 1  1  0  0  0
1,1,1,1;1;1 1 5
8 
#2 
6	% 
  1  0  0  0  0  0
  1 -2  1 -1  2  2
  1  0 -1  0  0 -1
 -2  2 -1  1 -2 -1
  2 -2  1 -1  3  2
 -1 -1  0  0  0  1
6	% 
  1  0  0  0  0  0
  1 -1 -1 -1 -1 -1
  1 -1 -1  0  0  0
 -2  1  1  1  1  0
  2 -1 -1 -1  0 -1
 -1  0  1  1  0  0
1,1,1;1,1;1 1 10
4 
#1 
6	% 
  0 -2  0 -2  1  3
  2 -1  0 -1  0  2
 -3  4  0  4 -1 -7
  0 -1 -1 -2  1  2
  1 -1  0  0  0  1
  0 -1 -1  0  0  0
1,1,1;1,1;1 1 7
8 
#4 
6	% 
 0 -1 -2 -1  0  0
 0 -1 -2 -1 -1  1
 0  2  4  2  2 -3
 0 -1 -1 -1  0  1
 1  0  0  0  0  0
 0 -1 -1  0  0  0
6	% 
 0  2 0 -2 -1 -1
 0  3 0 -3 -1 -1
 0 -6 1  7  2  2
 0  2 0 -1 -1 -1
 1  2 0  2 -2 -2
 0  1 0 -1  0 -1
6	% 
  0 -2  0 -2 -1 -1
  2 -1  0 -1  0  0
 -3  2  0  2  0  0
  1 -1 -1 -1  0  0
  0  0 -1 -1  0  0
  0 -1  0 -1 -1  0
6	% 
 -2 -1  0 -3  2  2
  0 -2  0 -4  3  3
  1  4  0  8 -6 -6
  0 -1  0 -2  2  2
  0  0  0  0  3  2
 -1 -1 -1 -2  1  1
1,1;1,1;1,1 1 9
2 
#1 
6	% 
 1  0 0  0  0  0
 0  1 0 -1  0 -1
 0  1 0 -1  1  0
 0  1 1  0  0 -1
 0  1 1  1 -1 -1
 0 -1 0  0  0  1
1,1;1,1;1,1 1 3
1 
#1 
6	% 
 0 0  0  0  4  1
 0 0  1  1  0  0
 1 1  0  1 -1 -1
 0 0  0  0 -3 -1
 0 1 -1 -1  1  0
 0 0 -1 -2  2  1
1,1;1,1;1,1 1 6
2 
#1 
6	% 
 1  2  0  2 -2 -2
 0 -1  0  0  1  1
 0 -1  0 -1  1  1
 0  0  0  0  0 -1
 0  0  0  0 -1  0
 0 -1 -1 -1  1  1
1,1,1;1,1;1 1 9
4 
#1 
6	% 
  2 -1  1 0  1  1
  1  0  0 0  0  0
 -2  2 -1 1 -2 -2
  1 -1  0 0  1  1
  0  1  1 0 -1  0
  0  0  0 0 -1  1
1,1,1;1,1;1 1 11
8 
#2 
6	% 
  2  0  2  0  1  1
  2  1  2  1  0  0
 -5 -2 -6 -2 -1 -1
  1  0  1  0  0  0
  1  1  1  0  1  1
  1  0  1  0  1  0
6	% 
  0   3 0   3 -2 -4
 -2   4 0   4 -3 -5
  3 -10 0 -10  7 13
  0   2 0   1  1  0
 -1   2 0   2 -2 -3
  0   2 1   2 -1 -2
1,1,1,1;1;1 1 6
2 
#2 
6	% 
 0 -1 0 -1 1 1
 1  0 0  0 0 0
 0  1 1  0 0 0
 0  0 0  1 0 0
 0  0 0 -1 0 1
 0  0 0  0 1 0
6	% 
  1  0  0 0 0 -1
  1  0  0 0 0  0
  1  1  0 1 1  0
 -2 -1  0 0 0  0
  2  1  1 1 0  0
  0 -1 -1 0 0  0
1,1;1,1;1;1 1 6
1 
#1 
6	% 
  0  0  0  0  1  0
 -3 -2  0 -2  2  2
  2  1  0  1 -2 -2
  0  0  0  0  1  1
  1  0 -1  0 -1 -1
  1  0  0  1 -1 -1
1,1;1,1;1;1 1 15
2 
#2 
6	% 
 0  0  0  0  3  2
 1  0  0  0  0  0
 0  1  1  1 -1 -1
 0 -1 -1 -1  0  0
 0 -1 -1  0  0  0
 0  0 -1 -1  0  0
6	% 
 1  1  0  1 -1 -1
 0  0 -1 -1  0  0
 0  0  1  0  1  1
 0 -1 -1 -1  0  0
 0  0  0  0 -1  0
 0  0  0  0  0 -1
1,1,1;1;1;1 1 8
2 
#1 
6	% 
  1  0  0  0 0  0
 -1 -1  0 -1 1  2
  1  1  0  0 0 -1
  0  0 -1 -1 0  0
  1  1  0  1 0 -1
 -1  0  0 -1 0  1
1,1,1;1;1;1 1 16
4 
#2 
6	% 
 1 -1 0 -1  1  1
 0 -2 0 -2  2  3
 0  2 0  2 -1 -2
 0 -1 1 -1  1  2
 0 -1 0 -2  1  2
 0  1 1  0  0  0
6	% 
  1  0  0  0  0  0
  1  1 -1  2 -2 -2
 -1 -2 -1 -3  2  2
  1  1  0  2 -2 -2
  1  1  0  2 -1 -2
  0  0  0  0  0 -1
1,1;1,1;1;1 1 10
4 
#1 
6	% 
 1  2  0  2 -2 -2
 0 -1  0  0  0  0
 0 -1  0 -1  1  1
 0  0 -1 -1  1  0
 0  0  1  1  0 -1
 0 -1 -1 -1  1  1
1,1,1;1;1;1 1 12
2 
#1 
6	% 
 -1  0 -1 -1  0 0
  0 -1  0 -1  1 1
  1  1  1  1 -1 0
 -1  0  0 -1  1 1
  0  0  0  0  1 0
  0  0  0  0  0 1
1,1;1,1;1;1 1 27
4 
#1 
6	% 
 1  0  0  0 0 0
 0  1  1  0 0 0
 0 -1 -2 -1 1 0
 0 -1 -1 -1 1 1
 0  1  2  0 0 0
 0 -1 -2 -1 0 1
1,1;1;1;1;1 1 18
1 
#1 
6	% 
 1 1 0  1 -1 -1
 0 1 0  1 -1 -1
 0 0 1  0  0  1
 0 0 0 -1  0  0
 0 0 0  0  0 -1
 0 0 0  0 -1  0
1,1;1;1;1;1 1 41
1 
#1 
6	% 
 1 -1 0 -1 1  1
 0  0 1  1 0  0
 0 -1 0  0 0  1
 0  0 0  0 1  0
 0  0 1  0 0  1
 0  0 0  0 0 -1
