#58

2-2;2-2;1;1 1 1
1 
#1 
6	% 
 1 0 0 0 0 0
 0 1 0 0 0 0
 0 0 1 0 0 0
 0 0 0 1 0 0
 0 0 0 0 1 0
 0 0 0 0 0 1
1,1,1,1,1,1 1 1
1 
#1 
6	% 
 1 0 0 0 0 0
 0 1 0 0 0 0
 0 0 1 0 0 0
 0 0 0 1 0 0
 0 0 0 0 1 0
 0 0 0 0 0 1
1,1,1,1,1;1 1 2
12 
#2 
6	% 
 0 -1  1  0 -1  0
 0  0  1  1  0  1
 0 -1  0  1 -1  0
 0  0  1  0  0  1
 1  0 -1 -1  1 -1
 1 -1  1  1 -1  1
6	% 
 -2  1 -1 -1 -1 -1
 -2  1 -1 -1 -1  0
 -2  1 -2 -1 -1 -1
 -2  1 -1  0 -1 -1
  3 -1  2  1  2  1
 -3  2 -2 -1 -2 -1
1,1,1,1,1;1 1 1
2 
#1 
6	% 
  0  0  0 -1 0  0
 -1  0 -1 -1 0 -1
 -1 -1  0 -1 0 -1
  0 -1 -1  0 0 -1
  1  1  1  1 0  1
  0  0  0  0 1  0
1,1,1,1;1,1 1 1
3 
#2 
6	% 
 0  0 -1 -1  0 -1
 0  0  0 -1 -1 -1
 0  0 -1  0 -1 -1
 0  0  1  1  1  1
 0 -1  0  0  0  0
 1  1  0  0  0  0
6	% 
  0 -1 -1 -1 0  0
 -1  0 -1 -1 0  0
 -1 -1  0 -1 0  0
  1  1  1  1 0  0
  0  0  0  0 0 -1
  0  0  0  0 1  1
1,1,1,1;1,1 1 3
36 
#3 
6	% 
 0  0 0 -1 1  0
 0  0 0 -2 0 -1
 1  0 0  0 0  0
 0  0 1  1 0  1
 0  0 1 -2 0 -1
 1 -1 0  0 0  0
6	% 
  0  0  0  0 1 -1
  0  0  0 -1 1  0
  0  2 -1  0 0  0
  1 -2  1  1 0  1
 -1 -1  1 -2 0 -1
  0  2 -1  1 0  0
6	% 
  0  0  0  0 -1  0
  0  0  0  0 -1 -1
 -1  0 -1  0  0 -1
  1 -1  0  0  1  0
 -1  0  0  0 -1  0
  1 -1  1 -1  0  1
1,1,1,1;1,1 1 2
24 
#2 
6	% 
  0  0  0 -1  0  0
  0  0 -1 -1  0 -1
  0 -1  1 -1  0  0
  2 -1  0  0  1  0
 -1  0  0  1 -1  0
 -1  1  0 -1 -1  0
6	% 
  0 0 1  0 0  0
 -2 1 0 -1 0 -1
  0 0 0  1 0  0
  0 1 0  0 1  0
  1 0 0  0 0  0
 -1 1 0  0 0  0
1,1,1;1,1,1 1 2
12 
#2 
6	% 
  0  1  0  0 -1 0
  0  1  0  0  1 1
 -2  1 -1 -1  0 0
  0  0 -1  0  0 0
  1 -1  1  0  0 0
  1  0  1  0  0 0
6	% 
 -2  1  0  0 -1 -1
  0  0  0  0  1  0
  0  1 -1  0  0  0
  0 -1 -1 -1  0  0
  1  0  1  1  0  0
 -1  1  1  1  0  0
1,1,1;1,1,1 1 1
2 
#1 
6	% 
  0 -1  0  0 -1  0
 -1  0  0  0 -1  0
  1  1  0  0  1  0
  0  0  0 -1  0 -1
  0  0 -1  0  0 -1
  0  0  1  1  0  1
1,1,1;1,1,1 1 3
36 
#2 
6	% 
  2 -1  2 -1 1  0
  0  0  0 -1 0 -1
  1  0  1  0 0  1
 -2  1 -1  1 0  0
 -1  1 -1  1 0  1
  2 -1  1  0 0  0
6	% 
  2 -1  0 1  0  1
  0  0  0 0 -1  0
  0  0 -1 0  0  0
 -1  0  0 0  0 -1
  0  0 -1 1  0  0
  1 -1  0 0  0  1
2-2;1,1,1,1 1 1
2 
#1 
6	% 
 0 1  0  0  0  0
 1 0  0  0  0  0
 0 0  0 -1 -1 -1
 0 0 -1  0 -1 -1
 0 0 -1 -1  0 -1
 0 0  1  1  1  1
2-2',2-2';1,1 1 1
2 
#1 
6	% 
 0 0  0 1 0  0
 0 0 -1 1 0  0
 1 0  0 1 0  0
 0 1 -1 1 0  0
 0 0  0 0 0 -1
 0 0  0 0 1  1
1,1,1,1;1;1 1 3
6 
#1 
6	% 
  0  0 -1  0 -1 -1
  0  0 -1 -1  0 -1
  0  0  0 -1 -1 -1
  0  0  1  1  1  1
 -1  0  0  0  0  0
  1 -1  0  0  0  0
1,1,1;1,1;1 1 9
72 
#4 
6	% 
 0  0  1 0  0  0
 0  0  0 0  1  0
 0  0 -2 0 -1 -1
 0 -2  0 1  0  0
 1  0  0 0  0  0
 2 -1  0 0  0  0
6	% 
  0 0 -2  1  0 0
  0 0  0  0  1 1
  0 0  2 -1 -1 0
  0 0 -1  0  0 0
 -1 0  0  0  0 0
 -2 1  0  0  0 0
6	% 
 0 0 0  1  0  0
 0 0 0  0  1  0
 0 0 0 -2 -1 -1
 0 0 1  0  0  0
 1 0 0  0  0  0
 0 1 0  0  0  0
6	% 
 0 0 -2  1 -2 -2
 0 0  0  0 -1 -1
 0 0  2 -1  2  3
 0 0 -1  0 -1 -1
 1 0  0  2  0  0
 0 1  0  0  0  0
1,1,1;1,1;1 1 4
24 
#2 
6	% 
  0 0  0  1  0 0
  0 0  0  1  1 0
  0 0 -1 -1 -1 0
 -1 2  0  0  0 1
  0 2  0  0  0 1
 -2 1  0  0  0 0
6	% 
 0 0  0  1 0  0
 0 0  0  1 0  1
 0 0 -1 -1 0 -1
 1 0  0  0 1  0
 0 0  0  0 1  0
 0 1  0  0 0  0
1,1,1;1,1;1 1 7
144 
#4 
6	% 
 0 -1  0  0  0 0
 0  2  1 -2  0 0
 0 -2 -1  2  0 1
 0  1 -1 -1 -1 0
 0  0 -2  0 -1 0
 1 -1  0  0  0 0
6	% 
 0 -1  0  0 0 0
 0  0  0 -1 0 0
 0  2  0  2 0 1
 0  0 -1  0 0 0
 0  0  0  0 1 0
 1 -1  0  0 0 0
6	% 
  0 -2 -1  2 0 0
  0  1  0  0 0 0
  0  0  1 -2 0 1
 -1  1  0  0 0 0
  0  0  0  0 1 0
  0 -1 -1  1 0 0
6	% 
 -2  1  0  0 0 0
  0  0  1 -2 0 0
  2 -1 -1  2 0 1
  0  0  1 -1 0 0
  0  0  2  0 1 0
 -1  1  0  0 0 0
1,1,1;1,1;1 1 2
24 
#4 
6	% 
 0 1 0 0 0 0
 0 0 0 0 1 0
 0 0 0 0 0 1
 0 0 1 0 0 0
 0 0 0 1 0 0
 1 0 0 0 0 0
6	% 
 0 1 0 0 0  0
 0 0 1 0 0  0
 0 0 0 1 0  0
 0 0 0 0 0 -1
 0 0 0 0 1  1
 1 0 0 0 0  0
6	% 
 0 0  1  1 0 0
 0 0  1  1 1 0
 0 0 -1 -1 0 1
 1 0  0  0 0 0
 0 1  0  0 0 0
 0 0  1  0 0 0
6	% 
 -2  1 0  0  0 0
  0  0 1  1  0 0
  2 -1 0 -1  0 0
  0  0 0  0  1 1
  0  0 0  0 -1 0
 -1  0 0  0  0 0
1,1,1,1;1;1 1 5
36 
#3 
6	% 
 0  0  0  0  0  1
 0  1  0  0 -1  1
 0  1  0 -1  0  1
 1 -1  0  0  1 -1
 1  0  0  0 -1  1
 0 -1 -1  1  0 -1
6	% 
 0  0  0 -1 -1 -1
 0  1  0  0 -1  0
 1  0  0 -1 -1 -1
 0 -1 -1  1  2  1
 0  1 -1  0 -2 -1
 1 -1  0  1  1  1
6	% 
 -2  1 -1  2  0 -1
 -2  1 -1  2 -1 -2
 -2  1  0  1 -1  0
  3 -2  1 -2  1  1
 -3  1 -1  2 -1 -1
  2 -1  1 -1  1  0
2-2;1,1,1;1 1 2
12 
#2 
6	% 
  0 -1 0 0 0 -1
  0  1 0 0 1  1
 -1  0 0 0 0  0
  0  0 1 0 0  0
  0  0 0 1 0  0
 -1  1 0 0 0  0
6	% 
  0 0 0 0 0 1
  0 0 0 0 1 0
  1 0 0 0 0 0
  0 0 1 0 0 0
  0 0 0 1 0 0
 -1 1 0 0 0 0
1,1,1,1;1;1 1 2
24 
#2 
6	% 
  0  0 0 -1 0 0
  0  2 0  0 0 1
  0 -1 1 -1 0 0
  0  0 0  0 1 0
 -1  0 0  1 0 0
 -1  1 0 -1 0 0
6	% 
  0 0 1 0 0 0
  0 0 0 1 0 0
  0 0 0 0 0 1
  0 0 0 0 1 0
  1 0 0 0 0 0
 -1 1 0 0 0 0
1,1,1;1,1;1 1 8
72 
#3 
6	% 
 0 1 -1  0 0 0
 0 0 -1  0 0 0
 0 0  3  0 0 1
 1 0  0 -1 0 0
 0 0 -1  1 0 0
 0 0  0  0 1 0
6	% 
  0  0 -1  2 0 -2
 -2  1 -1  2 0 -4
  4 -2  3 -6 0  9
  0 -1 -1  1 0 -1
 -1  1  0  1 0 -2
  0  0  0  0 1  0
6	% 
  0 -1  0  0 0  0
  0  1  2 -1 0  2
  0  1 -2  1 0 -3
  1 -1  0  1 0  0
 -1  1  1 -2 0  1
  0  0  0  0 1  0
1,1,1;1,1;1 1 3
24 
#2 
6	% 
 0  1  0  0 0  0
 0  0  1  0 0  0
 0 -2 -1 -1 0  0
 1  0  0  0 0  0
 0  0  0  0 0 -1
 0  0  0  0 1  0
6	% 
 -2  1  0 0 0 0
  0  0  1 1 0 0
  2 -1 -1 0 0 0
 -1  0  0 0 0 0
  0  1  0 0 0 1
  0  0  0 0 1 0
2-2;1,1,1;1 1 1
4 
#1 
6	% 
  0  0  0 1 0  0
  0  0 -1 1 0  0
  0 -1  0 0 0 -1
 -1  0  0 0 0 -1
  1  1  0 0 0  1
  0  0  0 0 1  0
1,1,1;1,1;1 1 1
4 
#1 
6	% 
 0  0  0 1 0  1
 0  0 -1 0 0  0
 0  0  0 0 0 -1
 0 -1  0 0 0  0
 1  1  0 0 0  0
 0  0  0 0 1  0
1,1,1,1;1;1 1 1
1 
#1 
6	% 
  0 -1 -1 -1 0 0
 -1  0 -1 -1 0 0
 -1 -1  0 -1 0 0
  1  1  1  1 0 0
  0  0  0  0 1 0
  0  0  0  0 0 1
2-2',2-2';1;1 1 1
2 
#1 
6	% 
 -1 0  0 0 0 0
 -1 1  0 0 0 0
  0 0  0 1 0 0
  0 0 -1 1 0 0
  0 0  0 0 1 0
  0 0  0 0 0 1
2-2;1,1;1,1 1 1
2 
#1 
6	% 
 0  0  0 1 0  0
 0  0 -1 1 0  0
 0 -1  0 0 0  0
 1  1  0 0 0  0
 0  0  0 0 0 -1
 0  0  0 0 1  1
1,1,1;1;1;1 1 10
36 
#2 
6	% 
 0  0  0  0 0 1
 0  0  0  0 1 0
 0  0  0 -1 0 0
 1  0  0  0 0 0
 1 -1  0  0 0 0
 0  0 -1  0 0 0
6	% 
 0  0  0 0 0 1
 0  0  0 0 1 0
 0  0  0 1 0 0
 1  0  0 0 0 0
 1 -1  0 0 0 0
 0  0 -1 0 0 0
1,1;1,1;1;1 1 19
36 
#1 
6	% 
  0  0 0  0 0 1
  0  0 0  0 1 0
  0  0 1  0 0 0
 -1  0 0  0 0 0
  0  0 0 -1 0 0
  1 -1 0  0 0 0
1,1;1,1;1;1 1 4
6 
#1 
6	% 
  0  0 1 0 0 0
  0  0 0 1 0 0
  0  0 0 0 1 0
  0  0 0 0 0 1
 -1  0 0 0 0 0
  1 -1 0 0 0 0
1,1,1;1;1;1 1 5
12 
#1 
6	% 
  0  0 1  0 0  1
  0  0 0 -1 0  0
  0  0 0  0 0 -1
  0  0 0  0 1  0
 -1  0 0  0 0  0
  1 -1 0  0 0  0
1,1;1,1;1,1 1 2
12 
#1 
6	% 
 0  0 0  0 0 1
 0 -1 0  0 0 0
 1  1 0  0 0 0
 0  0 0  0 1 0
 0  0 1  0 0 0
 0  0 0 -1 0 0
1,1;1,1;1,1 1 1
1 
#1 
6	% 
 0 -1 0  0 0  0
 1  1 0  0 0  0
 0  0 0 -1 0  0
 0  0 1  1 0  0
 0  0 0  0 0 -1
 0  0 0  0 1  1
2-2;2-2;1,1 1 1
1 
#1 
6	% 
  0 1  0 0 0  0
 -1 1  0 0 0  0
  0 0  0 1 0  0
  0 0 -1 1 0  0
  0 0  0 0 0 -1
  0 0  0 0 1  1
1,1;1,1;1;1 1 9
36 
#3 
6	% 
 0  0  0 0 0 -1
 0  0  0 0 1  1
 1  0  0 0 0  0
 0 -1 -1 0 0  0
 1 -1  0 0 0  0
 0  1 -1 1 0  0
6	% 
  0 0  0  0 0 -1
  0 0  0  0 1  1
  0 0  0  1 0  0
  1 0  1 -2 0  0
  0 0  1 -1 0  0
 -1 1 -1  2 0  0
6	% 
  0 0  0  0 0 1
  0 0  0  0 1 0
  0 0 -1  0 0 0
  1 0  0  2 0 0
  0 0 -1  1 0 0
 -1 1  0 -2 0 0
1,1,1;1;1;1 1 7
72 
#3 
6	% 
 0 -1 0 -1 0 -1
 0  0 0  0 1  0
 1  0 0  0 0  0
 0  1 1  0 0  1
 1 -1 0  0 0  0
 0 -1 1 -1 0 -1
6	% 
  0 -2 -1  2 0 -1
  0  0  0  0 1  0
 -1  0  0  0 0  0
  0  1  0 -1 0  1
 -1  1  0  0 0  0
  0 -1 -1  1 0 -1
6	% 
  2 -1  1 -2 0  1
  0  0  0  0 1  0
  0  0  0 -1 0  0
 -1  0 -1  2 0 -1
  0  0 -1  1 0  0
  1 -1  1 -2 0  1
1,1;1,1;1;1 1 8
72 
#3 
6	% 
  0 0  0 -2 -1 0
  0 2  0  0  0 1
 -1 0  0  0  0 0
  0 0 -1  2  1 0
  0 0 -1 -1 -1 0
 -1 1  0  0  0 0
6	% 
  0 0  0 0 0 -1
  0 2  0 0 1  0
 -1 0  0 0 0  0
  0 0  0 1 0  1
  0 0 -1 0 0 -1
 -1 1  0 0 0  0
6	% 
  0  0  0 0 0 -1
  2 -1  0 0 1  0
 -1  0  0 0 0  0
  0  0  0 1 0  1
  0  0 -1 0 0 -1
  1 -1  0 0 0  0
1,1;1,1;1,1 1 5
18 
#2 
6	% 
  0  0  0  0  1 1
  0  0  0  0 -1 0
 -1  1 -2  1  0 0
  1 -1  1 -1  0 0
 -1  0 -2  1  0 0
  1  0  1  0  0 0
6	% 
  0  0  0  0 0 -1
  0  0  0  0 1  1
  1  0  0  1 0  0
 -1 -1 -1 -1 0  0
  1 -1  0  1 0  0
 -1  2  1 -2 0  0
1,1;1,1;1,1 1 4
72 
#3 
6	% 
  0 0  0 2 1 0
  0 1  0 0 0 1
 -1 0  0 0 0 0
  0 0 -1 0 0 0
  0 0 -1 1 0 0
 -1 1  0 0 0 0
6	% 
  0  0 0  0 1 0
  0  0 2  0 0 1
  0  1 0 -1 0 0
  1 -1 0  0 0 0
 -1  0 0  0 0 0
  0  1 1 -1 0 0
6	% 
  2 -1  0  0 1  0
  0  0  2 -1 0  1
  0  0 -1  0 0 -1
 -1  0  0  0 0  0
  1 -1  0  0 0  0
  0  0  1 -1 0  1
2-2,2-2;1,1 1 1
6 
#1 
6	% 
  0 -2  0 -1 0 0
 -2  0  1 -1 0 0
  0  1  0  1 0 0
  1  0 -1  1 0 0
  0  0  0  0 1 0
  0  0  0  0 0 1
1,1;1,1;1;1 1 16
144 
#4 
6	% 
 0  0  1  0 0  1
 0  0  0  0 1  0
 1  0  0  0 0  0
 0  1 -1 -1 0 -1
 1 -1  0  0 0  0
 0  1  2 -1 0  1
6	% 
 0  0  2 -1 0  1
 0  0  0  0 1  0
 1  0  0  0 0  0
 0 -1 -1  0 0 -1
 1 -1  0  0 0  0
 0 -1  1 -1 0  1
6	% 
 0  2  0  0 0 1
 0  0  0  0 1 0
 0  0  0 -1 0 0
 1 -1  0  0 0 0
 0  0 -1  1 0 0
 1  0  0  0 0 0
6	% 
  0  0  0  0 0 1
  0  0  0  0 1 0
  0  1  0 -1 0 0
  1 -1  0  0 0 0
  0 -1 -1  1 0 0
 -1  0  0  0 0 0
1,1;1,1;1;1 1 2
24 
#2 
6	% 
  0 2 0  0 0 1
  0 0 0 -1 0 0
  0 0 1  1 0 0
  0 0 0  0 1 0
 -1 0 0  0 0 0
 -1 1 0  0 0 0
6	% 
  2 -1 0  0 1 0
  0  0 0 -1 0 0
  0  0 1  1 0 0
  0  0 0  0 0 1
 -1  0 0  0 0 0
  1 -1 0  0 0 0
2-2;1,1;1,1 1 2
12 
#1 
6	% 
 0  1 0 0 0 1
 0  0 0 0 1 0
 1 -1 0 0 0 0
 0  0 1 0 0 0
 0  0 0 1 0 0
 1  0 0 0 0 0
1,1,1;1;1;1 1 2
12 
#2 
6	% 
  0 -1 0 -1 0 0
  0  1 1  1 0 0
  0  0 0  0 1 0
  0  0 0  0 0 1
 -1  0 0  0 0 0
 -1  1 0  0 0 0
6	% 
  0 0 0 1 0 0
  0 0 1 0 0 0
  0 0 0 0 1 0
  0 0 0 0 0 1
  1 0 0 0 0 0
 -1 1 0 0 0 0
1,1;1,1;1;1 1 23
18 
#2 
6	% 
 0  0  0  0 0 1
 0  0  0  0 1 0
 1  0  1 -2 0 0
 0 -1 -1  1 0 0
 1 -1  1 -2 0 0
 0  1  0  1 0 0
6	% 
  0  0  0  0 1 0
  0  0  0  0 0 1
  1  0  0  1 0 0
 -1 -1 -1 -1 0 0
  1 -1  0  1 0 0
 -1  2  1 -2 0 0
1,1;1,1;1;1 1 1
1 
#1 
6	% 
 0 -1 0  0 0 0
 1  1 0  0 0 0
 0  0 0 -1 0 0
 0  0 1  1 0 0
 0  0 0  0 1 0
 0  0 0  0 0 1
2-2,2-2;1;1 1 1
6 
#1 
6	% 
  0  1  0  1 0 0
  1  0 -1  1 0 0
  0 -2  0 -1 0 0
 -2  0  1 -1 0 0
  0  0  0  0 1 0
  0  0  0  0 0 1
2-2,2-2;1,1 2 1
6 
#1 
6	% 
  0 1 0  0 0  0
 -1 1 0  0 0  0
  0 0 0 -1 0  0
  0 0 1 -1 0  0
  0 0 0  0 0 -1
  0 0 0  0 1  1
2-2,2-2;1;1 2 1
6 
#1 
6	% 
  0 0 1  0 0 0
  0 0 1 -1 0 0
 -1 0 0  0 0 0
 -1 1 0  0 0 0
  0 0 0  0 1 0
  0 0 0  0 0 1
2-2;1,1;1;1 1 3
6 
#1 
6	% 
  0  0 0 0 1 0
  0  0 0 0 0 1
  0  0 1 0 0 0
  0  0 0 1 0 0
 -1  0 0 0 0 0
  1 -1 0 0 0 0
1,1;1;1;1;1 1 25
9 
#1 
6	% 
 0  0  0  0  1 1
 0  0  0  0 -1 0
 0  0  0 -1  0 0
 1  0  0  0  0 0
 1 -1  0  0  0 0
 0  0 -1  1  0 0
1,1;1;1;1;1 1 9
72 
#2 
6	% 
  0  0 -2 0 0 -1
  0  0  0 0 1  0
 -1  0  0 0 0  0
  0  0  1 1 0  1
  1 -1  0 0 0  0
  0  0 -2 1 0 -1
6	% 
  0  0 0  0 -1 0
  0  0 0  0  0 1
 -1  0 0  0  0 0
  0  0 1  0  1 0
  1 -1 0  0  0 0
  0  0 0 -1 -1 0
2-2;1,1;1;1 1 2
24 
#2 
6	% 
  0 2 0 0 0 1
  0 0 0 0 1 0
 -1 0 0 0 0 0
  0 0 1 0 0 0
  0 0 0 1 0 0
 -1 1 0 0 0 0
6	% 
  2 -1 0 0 0 1
  0  0 0 0 1 0
 -1  0 0 0 0 0
  0  0 1 0 0 0
  0  0 0 1 0 0
  1 -1 0 0 0 0
1,1;1;1;1;1 1 3
6 
#1 
6	% 
  0  0 1 0 0 0
  0  0 0 1 0 0
  0  0 0 0 0 1
  0  0 0 0 1 0
 -1  0 0 0 0 0
  1 -1 0 0 0 0
1,1;1;1;1;1 1 11
36 
#3 
6	% 
  0  0  0  0 0 1
  0  0  0  0 1 0
 -1  0  0  0 0 0
  0  2  0 -1 0 0
  0 -2 -1  1 0 0
 -1  1  0  0 0 0
6	% 
  0  0 0  0 1 0
  0  0 0  0 0 1
 -1  0 0  0 0 0
  0  1 1  0 0 0
  0 -1 1 -1 0 0
 -1  1 0  0 0 0
6	% 
  0  0  0  0 1 0
  0  0  0  0 0 1
  0  0  0 -1 0 0
 -1  0 -1  2 0 0
  1 -1  1 -2 0 0
  0  0 -1  1 0 0
2-2;1,1;1;1 1 1
2 
#1 
6	% 
  0 1 0  0 0 0
 -1 1 0  0 0 0
  0 0 0 -1 0 0
  0 0 1  1 0 0
  0 0 0  0 1 0
  0 0 0  0 0 1
2-2;1;1;1;1 1 2
6 
#1 
6	% 
  0  0 0 0 0 1
  0  0 0 0 1 0
 -1  0 0 0 0 0
  0  0 1 0 0 0
  0  0 0 1 0 0
  1 -1 0 0 0 0
1;1;1;1;1;1 1 7
9 
#1 
6	% 
  0  0 0 0 0 1
  0  0 0 0 1 0
 -1  0 0 0 0 0
  0  0 0 1 0 0
  1 -1 0 0 0 0
  0  0 1 0 0 0
