#47

3;2-2;1 3 3
1 
#1 
6	% 
 1 0 0 0 0 0
 0 1 0 0 0 0
 0 0 1 0 0 0
 0 0 0 1 0 0
 0 0 0 0 1 0
 0 0 0 0 0 1
1,1,1,1,1,1 1 1
1 
#1 
6	% 
 1 0 0 0 0 0
 0 1 0 0 0 0
 0 0 1 0 0 0
 0 0 0 1 0 0
 0 0 0 0 1 0
 0 0 0 0 0 1
2-1;1,1,1,1 1 2
3 
#1 
6	% 
  0  0  0 0 -1  1
  0  0  0 0  0  1
  1  0  1 1  1  2
  0 -1  0 0  0  2
  0  1  1 0  0  0
 -1 -1 -1 0  0 -2
1,1,1,1;1,1 1 2
12 
#3 
6	% 
  0  0  1  0  0 0
  0  1  0  0  0 0
  1  1  2  2 -1 0
  0  0  0  0  2 1
 -1 -1 -1 -1  0 0
  1  1  1  1 -1 0
6	% 
 1  0  1 0 1  0
 0  0  0 0 0 -1
 1  0  1 1 0  1
 0  1  1 0 0  0
 0 -1 -2 0 0  0
 1 -1 -1 0 0  0
6	% 
  0 0 0  0 1  0
 -1 0 1 -1 0 -1
  0 0 0  1 0  0
  0 1 0  0 0  0
  1 0 0  0 0  0
  0 0 1  0 0  0
1,1,1,1,1;1 1 2
12 
#3 
6	% 
  0  0 0  1  0 -1
  0  1 0  0  0 -1
  1  1 1  1  1  0
  0  0 0  0  1 -1
 -1 -1 0 -1 -1  1
  0  1 1  1  1 -1
6	% 
  0  0  1  0 -1  0
  0 -1  0  0  0  0
  0 -1  1  0  1  1
  1  0  1  0  0  1
 -1  1 -1 -1  0 -1
  1 -1  1 -1  1  1
6	% 
 -1  0 -1  0 -1 -1
 -1  0 -1  0 -1  0
 -1  0 -1 -1 -1  0
 -1  0 -1  0  0 -1
  1 -1  1  0  1  0
 -1  0 -2  0 -1  0
1,1,1;1,1,1 1 1
1 
#1 
6	% 
  0 -1 -1  0  0  0
 -1  0 -1  0  0  0
  1  1  1  0  0  0
  0  0  0  0 -1 -1
  0  0  0 -1  0 -1
  0  0  0  1  1  1
2-1;1,1;1,1 1 5
9 
#1 
6	% 
  0 0  0  0  2 1
 -1 0  0  0  0 0
 -1 0 -1 -1  0 0
  1 1  0  0  0 0
  0 0  1  0  0 0
  1 0  1  1 -1 0
2-1;1,1,1;1 1 3
3 
#1 
6	% 
  0 0 0  0 -1 -1
  0 0 0 -1  0 -1
  0 0 0  1  1  1
  0 0 1  0  0  0
  1 1 0  0  0  0
 -1 0 0  0  0  0
2-1;1,1,1;1 1 6
9 
#1 
6	% 
  0  0  0 0 -1  1
 -1  0  0 0 -1 -1
  0  0  0 1  0 -1
  0 -1 -1 0  0  0
  0  0  1 0  1  1
  0  0  0 1 -1  1
1,1,1;1,1,1 1 3
27 
#2 
6	% 
  1  0 -1  0  1  1
  2  1  2  2 -1  0
 -1 -1 -1 -1  0  0
  0  0  1  0  0 -1
 -1 -1 -1 -1  1  0
  1  0  0  0  0  1
6	% 
  0  0  0 0  0 1
 -1 -1  0 0  0 0
  1  2  0 1 -1 0
  0 -1  0 0  0 0
  2  2  1 1  0 0
 -1 -1 -1 0  0 0
1,1,1,1;1,1 1 3
27 
#2 
6	% 
  0 -1  0  0  1  1
  0  0  0  0  0  1
  0  1  1 -1  0  0
  1  0 -1  1  0 -1
  1  0 -1  1 -1  1
 -1 -1  0 -1  1  0
6	% 
  0  0  0  0  1 -1
 -1 -1  0  0  0 -1
 -1  0 -1 -1  0  0
  2  1  2  2 -1  1
  1 -1  1  2 -1 -1
 -1  0 -1 -1  1  0
2-2;1,1,1,1 1 2
5 
#2 
6	% 
 1 0 0  0 0  0
 0 1 0  0 0  0
 0 0 1  0 0  0
 0 0 0  1 0  0
 0 0 0  0 0 -1
 0 0 0 -1 1  0
6	% 
 0  0 0  1  0 0
 0  0 0  0  1 0
 0  0 0  1  1 1
 0 -1 0 -1 -1 0
 1  0 0  1  1 0
 1  1 1 -1 -1 0
2-2',2-2';1,1 1 3
8 
#1 
6	% 
 -2 -1 -1  0  0  1
  1 -1  0 -1  1  0
 -1 -2 -1 -1  0  0
 -1  0  0  0 -1  0
  0 -1  0 -1  0 -1
  1  1  1  1 -1 -1
2-2;2-1;1,1 1 4
3 
#1 
6	% 
  1 1  1  0  1  1
 -1 0 -1  0 -2 -2
  1 0  0  0  1  1
 -1 0 -1  1 -3 -2
 -1 0 -1 -1 -2 -2
 -1 0 -1  0 -2 -3
2-2;1,1;1,1 1 4
21 
#3 
6	% 
  0  0  0  0  1  1
  1  1  1  1 -2 -1
 -1 -1 -1 -1 -1 -1
  0  0 -1  0  0  0
  0 -1  0  0  0  0
 -1  0  0  0  0  0
6	% 
 -1 1  2  0  0  0
  1 0  0  0  0  0
  0 0 -1  0  0  0
 -1 0 -1 -1  0  0
 -1 0 -1  0  0 -1
 -1 0 -1  1 -1  0
6	% 
  1  1  1  0  0  0
  0 -1 -1  0  0  0
 -1 -1  0  0  0  0
 -1  0  1 -1  0  0
 -1  0  1  0  0 -1
 -1  0  1  1 -1  0
1,1;1,1;1,1 1 4
27 
#2 
6	% 
  1  1  1  0 0 0
  0  0  0  0 2 1
 -1  0  1 -1 0 0
  0 -1 -1  0 0 0
  1  1  0  0 0 0
 -1  0  1 -1 1 0
6	% 
 -1  0 -1 0  0  0
  0  0  0 0 -2 -1
  0  1  1 1  1  1
  1  0  0 0  0  0
 -1 -1 -1 0  0  0
  0  1  1 1 -2 -1
2-2;1,1,1;1 1 4
5 
#2 
6	% 
  0 -1 -1  0 0  0
 -1  0 -1  0 0  0
  1  1  1  0 0  0
  0  0  0  1 0  0
  0  0  0  0 0 -1
  0  0  0 -1 1  0
6	% 
 0  0 0  0  1  0
 0  0 0  0  1  1
 0  0 0 -1 -1 -1
 0  0 1  0  0  0
 0 -1 0  0  0  0
 1  0 0  0  0  0
1,1,1;1,1;1 1 7
54 
#4 
6	% 
  1  0  1  0  0  0
  2  2  2  2 -1  0
 -4 -3 -4 -4  2  0
  1  1  1  1 -2 -1
  0  0  0  0 -2 -1
  1  0  0  0  0  0
6	% 
 -2 -1 -1  0  0  0
 -2 -2  0 -2  1  0
  5  4  1  4 -2  0
 -1 -1  0 -1 -1 -1
  0  0  0  0 -2 -1
 -1 -1 -1  0  0  0
6	% 
  0 0  0  0  1 0
 -1 0  1  0 -2 0
  2 0 -2  0  3 1
 -1 0  0  0 -1 0
  0 1  0  0  0 0
  0 0  0 -1  1 0
6	% 
  0  0  0 0 -1 0
  0 -1 -1 0 -2 0
  0  2  2 0  4 1
 -1 -1 -1 0 -1 0
 -1  0 -1 0  0 0
  0  0  0 1 -1 0
1,1,1;1,1;1 1 4
12 
#3 
6	% 
  0 -1 -1  0 0 0
 -1  0 -1  0 0 0
  1  1  1  0 0 0
  0  0  0 -1 2 1
  0  0  0  0 2 1
  0  0  0 -2 1 0
6	% 
  0  0  0  1 0 1
  0  0  0  1 0 0
  0  0  0 -1 1 0
 -1 -1  0  0 0 0
 -1 -1 -1  0 0 0
 -1  0  1  0 0 0
6	% 
  0  0  0  0 1  1
  0  0  0 -1 0  0
  0  0  0  0 0 -1
 -1  0 -2  0 0  0
 -1  0 -1  0 0  0
  0 -1 -1  0 0  0
2-2;1,1,1;1 1 5
21 
#3 
6	% 
  0 1 0  0 0 0
  0 0 1  0 0 0
 -1 0 0  0 0 0
  0 0 0  1 0 0
  0 0 0  0 0 1
  0 0 0 -1 1 0
6	% 
 0 0 0  0 0 -1
 0 0 0 -1 0  0
 0 0 0 -1 1  0
 0 0 1  0 1  1
 0 1 0  0 1  1
 1 0 0  0 1  1
6	% 
 -1 -1 0  0 -1 -1
  1  1 1  0  0  0
 -1  0 0  0  0  0
  0  0 0  1  0  0
  0  0 0  0  0  1
  0  0 0 -1  1  0
1,1,1,1;1;1 1 5
27 
#2 
6	% 
  1  1  1  0 1  1
  1  2  1  0 0  1
  1  1  0  0 0  1
 -1 -2 -1 -1 0 -1
  1  2  1 -1 1  1
  0 -1 -1  0 0 -1
6	% 
  1  0  1 0 -1  1
  2  1  1 0  0  3
  1  0  1 1 -1  1
 -2 -1 -2 0  1 -3
  2  0  1 0 -1  3
 -1  0 -1 1  0 -1
1,1,1,1;1;1 1 6
9 
#2 
6	% 
  1 0  1  1  1  1
  1 0  1  1  1  0
  1 0  1  1  0  1
 -1 1 -1 -1 -1 -1
  2 0  1  1  1  1
  0 1  1  0  0  0
6	% 
 0  0 0  0  0 -1
 0  0 0  0 -1  0
 0  0 0 -1  0  0
 0 -1 0  0  0  0
 1  1 0  0  0  0
 0  0 1  0  0  0
1,1,1;1,1;1 1 11
54 
#3 
6	% 
 -1 -2 -1 -2  0  0
  0  0  0 -1  1  1
  1  2  1  3 -2 -2
 -2 -1 -2  0 -1  1
  1  0  1 -1  1  0
  0 -1 -1 -1  0  0
6	% 
 -1  0 -1  0 -2 0
 -1  0 -1  0 -1 0
  3  0  3  0  4 1
  0  1  0  0 -1 0
 -1 -1 -1 -1  0 0
  0  0 -1  0 -1 0
6	% 
 0  1 -1 -2  0  0
 0  2 -2 -1  1  1
 0 -5  5  3 -2 -2
 1  1  0 -1  0  0
 0  1 -1  0  0  1
 0  1  0 -1  0  0
2-2;2-2;1;1 1 12
4 
#1 
6	% 
  0 0 1  0 0 0
  0 1 0  0 0 0
 -1 0 0  0 0 0
  0 0 0  1 0 0
  0 0 0  0 0 1
  0 0 0 -1 1 0
1,1;1,1;1;1 1 8
27 
#2 
6	% 
  1 1 1 0  0  0
  0 0 0 0 -2 -1
  0 0 0 1  1  1
 -1 0 0 0  0  0
  0 0 1 0  0  0
  0 0 0 1 -2 -1
6	% 
  0 0 0  0 -2 -1
  1 1 0  0  0  0
 -1 0 0  0  0  0
  0 0 0 -1  2  1
  0 0 0 -1 -1 -1
  1 1 1  0  0  0
1,1,1;1;1;1 1 6
1 
#1 
6	% 
  0 0  0  0 -1 -1
  0 0  0 -1  0 -1
  0 0  0  1  1  1
 -1 0 -1  0  0  0
  1 0  0  0  0  0
  1 1  1  0  0  0
1,1;1,1;1;1 1 20
9 
#1 
6	% 
  0  0  0 0  1 1
  2  0  2 0 -1 0
 -1  0 -1 0  0 0
  0 -1  0 0  0 0
  2  0  2 1  0 1
  1  0  0 0  0 0
1,1,1;1;1;1 1 8
9 
#1 
6	% 
  0  0  0  0 -1 1
  1  0  1 -1  2 0
 -1 -1 -1  0 -1 0
 -1 -1  0  0  0 0
 -1  0 -1 -1 -1 0
  0 -1  0  0  1 0
1,1,1,1;1;1 1 4
3 
#1 
6	% 
  0  0  0 -1  1 1
  0  0  0 -1  0 0
  1  0  1  3 -1 0
 -1  0 -1 -2  0 0
  0 -1  0  1  0 0
  0  0  1  1  0 0
1,1,1;1;1;1 1 14
3 
#1 
6	% 
  0  0 0 1  0  1
  0  0 0 0 -1  0
  0  0 0 0  0 -1
  1  0 0 0  0  0
 -1 -1 0 0  0  0
  1  1 1 0  0  0
1,1;1,1;1;1 1 26
27 
#2 
6	% 
  0  0  0 -2 -1 -1
  2  0  2  2 -1  2
  2  0  2  1 -2  1
 -2 -1 -2 -1  1 -1
  1  0  2  1 -1  1
  0 -1 -1  0  0  0
6	% 
  0  0  0  0  2 1
 -1 -2 -1 -3  1 0
 -1 -2 -1 -3  2 0
  1  1  0  2 -1 0
 -1 -1 -1 -2  1 0
  1  0  0  0  0 0
1,1,1;1;1;1 1 16
27 
#2 
6	% 
 -1 0 -1 0 -2 -1
 -2 0 -2 1 -5 -1
  2 0  2 1  4  1
 -1 1 -1 0 -3 -1
 -1 0 -2 0 -3 -1
  1 1  0 0  0  0
6	% 
  0 0  0 0 -1  1
 -1 0  1 1 -4  1
  1 0 -1 1  3 -1
  0 0  1 0 -2  1
  0 1  1 0 -2  1
  1 1  1 0  0  0
2-1;1,1;1;1 1 15
9 
#1 
6	% 
 0 0  0  0 2 1
 1 0  0  0 0 0
 0 0  0 -1 0 0
 0 1  1  0 0 0
 0 0 -1  0 0 0
 0 0  0 -1 1 0
2-2;2-1;1;1 1 7
3 
#1 
6	% 
  1 1  1  0 0 0
 -1 0 -1  0 0 0
  1 0  0  0 0 0
  0 0  0  1 0 0
  0 0  0  0 0 1
  0 0  0 -1 1 0
1,1,1;1,1;1 1 10
18 
#1 
6	% 
 -2 -2  0 -1 -1 -1
 -1 -1  0  0  0  0
  4  4  0  0  1  1
 -2 -1 -1 -1  0 -1
  0 -1  0  0  0  0
  0 -1 -1  0  0  0
3;1,1,1 3 1
1 
#1 
6	% 
  0 -1 0  0  0  0
 -1  0 0  0  0  0
  1  1 1  0  0  0
  0  0 0  0 -1 -1
  0  0 0 -1  0 -1
  0  0 0  1  1  1
2-2,2-2;1;1 2 5
24 
#1 
6	% 
  0 0 1  1  0 -1
  0 1 0 -2  1  0
 -1 0 0 -1  1 -1
  0 0 0  0  0 -1
  0 0 0 -1  0  0
  0 0 0  1 -1  0
2-2,2-2;1,1 1 3
24 
#1 
6	% 
  0  1  1  1 0  0
  1  1  0 -1 1  0
 -1  0 -1  0 0 -1
  0  0 -1  0 0  0
  0 -1  0  0 0  0
 -1  0  0  0 0  0
2-2;2-2;1,1 1 8
4 
#1 
6	% 
  1  1  1 1  0 0
  1  1  1 0  0 1
 -1 -1 -1 1 -1 0
  0  0  1 0  0 0
  0  1  0 0  0 0
  1  0  0 0  0 0
2-2;1,1;1;1 1 11
21 
#3 
6	% 
 0 0 0 0  1  1
 0 0 0 1 -2 -1
 0 0 0 1  1  1
 0 0 1 0  0  0
 0 1 0 0  0  0
 1 0 0 0  0  0
6	% 
 1 1  1  0 0 0
 0 0 -1  0 0 0
 1 0  0  0 0 0
 0 0  0  1 0 0
 0 0  0  0 0 1
 0 0  0 -1 1 0
6	% 
 1 -1 2  0 0 0
 0  1 0  0 0 0
 0  0 1  0 0 0
 0  0 0  1 0 0
 0  0 0  0 0 1
 0  0 0 -1 1 0
3;1,1;1 3 2
3 
#1 
6	% 
  0 0  0  0 2 1
 -1 0  0  0 0 0
  0 0 -1  0 0 0
  0 0  0 -1 0 0
  1 1  1  0 0 0
  0 0  0 -1 1 0
1,1;1;1;1;1 1 38
9 
#1 
6	% 
  0  0 0 0  1  1
  0  0 0 1 -2 -1
  0  0 0 1  1  1
 -1 -1 0 0  0  0
  1  1 1 0  0  0
  1  0 0 0  0  0
1,1;1;1;1;1 1 10
3 
#1 
6	% 
  0  0  0  0 2 1
  0  0  0 -1 0 0
  0  0 -1  0 0 0
 -1  0 -1  0 0 0
  0  0  0 -1 1 0
 -1 -1 -1  0 0 0
2-2;1,1;1;1 1 17
9 
#2 
6	% 
 1 1 0  0 0 0
 0 1 0  0 0 0
 0 0 0  0 0 1
 0 0 1  0 0 0
 0 0 0 -1 1 0
 0 0 0  1 0 0
6	% 
  0  0  1  0 0 0
  0  1  1  0 0 0
  1  2  1  0 0 1
 -1 -1 -1  0 0 0
  1  2  1 -1 1 0
  1  2  1  1 0 0
2-2;1;1;1;1 1 9
1 
#1 
6	% 
  1 1  1  0 0 0
 -1 0 -1  0 0 0
  1 0  0  0 0 0
  0 0  0  1 0 0
  0 0  0  0 0 1
  0 0  0 -1 1 0
2-2;1,1;1;1 1 9
3 
#1 
6	% 
  0 0 1  0 0 0
  1 1 0  0 0 0
 -1 0 0  0 0 0
  0 0 0  1 0 0
  0 0 0  0 0 1
  0 0 0 -1 1 0
2-2;1;1;1;1 1 17
3 
#1 
6	% 
 -1  0  0  0 0 0
 -1 -1 -1  0 0 0
  0  0  0  1 0 0
  1  1  0  0 0 0
  0  0  0  0 0 1
  0  0  0 -1 1 0
