#51

2-1;1;1;1;1 1 29
1 
#1 
6	% 
 1 0 0 0 0 0
 0 1 0 0 0 0
 0 0 1 0 0 0
 0 0 0 1 0 0
 0 0 0 0 1 0
 0 0 0 0 0 1
1,1,1,1,1,1 1 1
1 
#1 
6	% 
 1 0 0 0 0 0
 0 1 0 0 0 0
 0 0 1 0 0 0
 0 0 0 1 0 0
 0 0 0 0 1 0
 0 0 0 0 0 1
2-1;1,1,1,1 1 2
1 
#1 
6	% 
  0 -1 -1  0 -2 1
  0 -1  0  0  0 0
  0  0  0  0 -1 0
 -1 -1  0  0 -2 1
  1  0  0 -1  0 0
 -1  1  0  0  1 0
1,1,1,1,1;1 1 2
8 
#4 
6	% 
  0 -1  0  0  1  0
  0 -1  1  0  1 -1
  1  0  1 -1  2 -1
  0 -1  0  0  2 -2
 -1  1 -1  0 -3  2
  0 -1  1 -1  2 -1
6	% 
  1  0  0  0  0  0
  0  0  1  0  0  0
  1  0  1 -1  0  0
  0 -1  0 -1 -1  1
 -1  1 -1  1  0 -1
  1 -1  1 -1 -1  0
6	% 
  0  0  0 -1  0  0
 -1  0  0  0  0  0
 -1 -1 -1 -1 -1  0
 -1  0  0 -1 -1  2
  1  0  1  1  2 -2
 -1 -1  0 -1 -1  1
6	% 
  0 -1 -1  0 -1 -1
  0  0 -1  0  0  0
  0 -1 -1  1  0  0
  0 -1 -1 -1  0 -1
 -1  1  2  0 -1  1
 -1 -1 -2  0  0  0
1,1,1,1;1,1 1 2
7 
#4 
6	% 
  0 1  0 0  1 -1
  0 0  1 0  2 -1
  0 0 -1 0  0  0
  1 0  0 1  1 -1
 -1 0  0 0 -1  1
 -1 0  0 0  0  0
6	% 
 1  1 -1  1  0  0
 0  0 -1  1  0  0
 0  1 -1  0 -1  1
 0  0  0  0  0 -1
 0 -1  1 -1  0  1
 0  1 -1  1 -1  2
6	% 
 1  0 0  0  1 -1
 0  0 0 -1  0  0
 0  0 0  1  2 -1
 0 -1 1  0  1 -1
 0  1 0  0 -1  1
 0  1 0  0  0  0
6	% 
  0 0 1  0 1 -1
  0 0 0 -1 0  0
  0 1 0  1 1 -1
  1 0 0  0 0 -1
 -1 0 0  0 0  2
 -1 0 0  0 1  1
2-1;1,1,1;1 1 7
2 
#1 
6	% 
 0 -1  0 0 0  0
 0  0 -1 0 0  0
 1  0  0 0 0 -1
 0  0  0 1 1  0
 0 -1 -1 0 0  1
 0  1  1 0 1  0
2-1;1,1,1;1 1 6
2 
#1 
6	% 
  0 0  0  0 -3 2
  0 0  0 -1  0 0
  0 1  0  0  1 0
 -1 0  0  1  0 0
  0 0  0 -1 -1 1
  0 0 -1  0 -2 1
1,1,1,1;1,1 1 3
16 
#4 
6	% 
 0 -1  0 0  0  0
 0  0  1 0 -1  1
 0  1  0 0  0  1
 0  0 -1 1  0 -1
 1  0  1 0  0 -1
 0 -1  0 0  1  0
6	% 
  0  0 0  0 -1  1
  0  0 0  0 -1  0
  0  0 0 -1 -1  1
  1  0 1  0  2 -1
  0 -1 0  1  0 -1
 -1  0 0  0  0  0
6	% 
  1 1  1  1 -1  1
  1 0  0  0  1 -1
  0 0 -1 -1  0  0
 -1 0  0  0  0  1
  1 0  0  0  1  0
  0 1  0  1 -1  1
6	% 
 0 0  0 -1  1  0
 0 1  1  0 -1  2
 1 0  0  1  1 -1
 0 0 -1  0 -1  0
 0 1  0  0  0  1
 1 0  0 -1  0  0
1,1,1;1,1,1 1 2
4 
#2 
6	% 
 -1  0  0 -1 -1  1
 -1  0  0  0  0  1
  0  0 -1  0 -1  1
  0 -1  0  0  0  0
  1  1  0  0  1 -1
 -1  1  0  0  0  0
6	% 
  0 -1  0 -1  0  0
  0 -1 -1  0  0  0
 -1  0  0  0  0  0
 -1  0  0  0  1 -2
  1  1  0  0 -1  2
  1 -1  0  0  0  1
1,1,1;1,1,1 1 3
8 
#3 
6	% 
  1 -1  1 -1  1 -1
  0 -1 -1  0  0 -1
  1  1  1  0  0  1
 -2  0 -1  1 -2  1
 -1  1  1  0 -1  2
  2 -1  0 -1  0 -1
6	% 
  0  0 0  0  0  1
  0 -1 1  0  1 -1
  1  1 0 -1  0  0
  0  0 0  1  0  0
  1  1 0 -1 -1  1
 -1  0 0  0  0  0
6	% 
  0  0  0 1  0  0
 -1  1 -1 0 -1  2
  0 -1  1 0  1 -2
  0  1  0 0  0  1
  0 -1  1 0  0 -1
  0  0 -1 0  0  1
2-1;1,1;1,1 1 10
2 
#1 
6	% 
 0  0  0 1  1 -1
 0 -1  2 0  1 -2
 0  2 -1 0 -1  2
 1  0  0 0  0  0
 0  1 -1 0 -1  2
 0 -1  1 0  0 -1
2-1;1,1;1,1 1 6
1 
#1 
6	% 
 0  0 0 0 0 -1
 0  1 1 0 0  0
 1  1 0 0 0  0
 0 -1 0 1 1 -1
 0 -1 0 0 1 -2
 0 -1 0 0 0  1
1,1,1;1,1,1 1 4
4 
#1 
6	% 
  1 -1  0  1  1 -2
  1 -1  1  1  2 -3
 -2  1 -1 -1 -2  4
  1  0  1  1  1 -2
 -1  1 -1 -2 -1  3
  1 -1  1  1  1 -2
1,1,1,1;1;1 1 4
2 
#2 
6	% 
  0 1  2 0  3 -2
  0 0  1 0  1 -1
  0 0 -3 0 -3  2
  0 0  2 0  1 -1
 -1 0 -1 0 -1  1
  0 0 -1 1  0  0
6	% 
 0  0 0  1 0  0
 1  0 0  0 0  0
 0  0 0 -3 0  1
 0  0 0  2 1 -1
 0 -1 0 -1 0  0
 0  0 1 -1 0  0
1,1,1;1,1;1 1 9
12 
#3 
6	% 
  0 0  2  0  1 -1
  0 1  2  0  2 -2
  0 0 -3  0 -2  2
  0 0  1  0  0 -1
  0 0  0 -1  0  1
 -1 0  0 -1 -1  1
6	% 
 0  0 0  0 -1  1
 1  0 0 -1 -1  1
 0  0 0  1  2 -2
 0  0 0  0 -1  0
 0  0 1  0  1  0
 0 -1 1  0  1 -1
6	% 
  0  0 0  0  1 -1
  1  0 0  0  0  0
 -1  0 0  0 -1  2
  0  0 0 -1  0  0
  0  0 1  1  1 -1
  0 -1 1  0  1 -1
1,1,1;1,1;1 1 7
16 
#5 
6	% 
 1  0 0 -1 -3  3
 0  0 0  0  1 -1
 0  0 0  0  1  0
 0 -1 0  0  1 -1
 0 -1 1  0  1 -1
 1  0 0  0 -1  1
6	% 
 -1  2 0  1 -1  1
  0  2 0  0 -1  1
  1 -5 1 -1  3 -3
  0  1 0  0  0  0
  0  0 0  0  0  1
 -1  1 0  0 -1  1
6	% 
 0 -1 -1 0  1  1
 0  0  0 0  1  1
 0  0  0 1 -1 -2
 1  0  0 0  1  0
 1  0  0 0  0  0
 0 -1  0 0  1  0
6	% 
 0 1 1 0 -3  3
 0 0 0 0  1 -1
 0 0 0 0  1  0
 1 0 0 0  1 -1
 1 0 0 1  1 -1
 0 1 0 0 -2  2
6	% 
 -2 -1 -1 0 -1  1
 -2  0  0 0 -1  1
  3  0  0 1  2 -2
 -1  0  0 0 -1  1
  0  0  0 0 -1  2
 -1 -1  0 0  0  0
1,1,1;1,1;1 1 10
8 
#2 
6	% 
  0  1  1  0  1  1
  0  1  1  0  0  2
  0 -2 -2  0 -2 -3
  0  0  1  0  1  0
  0  1  0 -1 -1  2
 -1  0  0 -1 -1  1
6	% 
 -1  0 0 -1 -2  2
  0  0 0  0 -1  1
  1  0 0  1  3 -2
  0  1 1 -1 -1  1
  0 -1 0  0  0  0
  0 -1 1  0  1 -1
1,1,1;1,1;1 1 12
24 
#3 
6	% 
 1  2 -2 -1 -1  3
 0  1 -1  0 -1  1
 0 -3  3  0  2 -4
 0  1  0  0  0  0
 0 -2  1  0  0 -1
 1  1 -1  0  0  1
6	% 
  2  2  2  2  1 -1
  2  1  1  2 -1  1
 -5 -4 -4 -5  0  0
  1  1  0  1 -1  1
 -2 -2 -2 -3  0  0
  1  1  1  1  1  0
6	% 
  0 -1 -1  0 -1 -1
  1  0  0 -1 -1 -1
 -1  0  0  1  2  2
  1  0  0  0  0 -1
 -1  0  0  0  0  2
  0  0 -1  0 -1  0
1,1,1,1;1;1 1 5
16 
#4 
6	% 
  0  0 0  0  1 -1
 -1 -1 1  1  0 -1
 -1  0 0  0  0 -1
  1  1 0 -1 -1  2
 -1  0 1  1  1 -2
  0  0 0 -1 -1  2
6	% 
  1  1  1 -1  1  1
  1  1  2 -1  1  0
  1  1  1  0  1  0
 -1 -1 -2  1 -1 -1
  1  1  2 -1  2  0
  0 -1 -1  1  0 -1
6	% 
  1  0  0  0  0 0
  0 -1  1 -1 -1 1
  1 -1  0 -1  0 0
 -1  1 -1  1  1 0
  1 -1  1 -1  0 1
 -1  0 -1  1  0 0
6	% 
 0  1  1  1 -2  2
 0  1  1  1  0  1
 1  1  1  1 -1  1
 0 -1 -2 -2  1 -1
 0  2  1  2 -2  2
 1 -1 -1 -1  2 -2
1,1,1;1,1;1 1 6
16 
#6 
6	% 
  0 0  0 0  1 -1
  1 0  0 0  1 -1
 -1 0  0 1 -1  1
  0 0 -1 0  0  0
  0 1 -1 0 -1  1
  0 0  0 0  1  0
6	% 
 0  2 0  0 -1  1
 0  2 1  1  0  0
 0 -3 0 -1  1 -1
 1  1 0  0  0  0
 1  0 0  0  0  0
 0  1 0  0  0  1
6	% 
  0 0  0 0 -1  1
  0 0  1 0  0  0
  0 1 -1 0  1 -1
 -1 0  0 0 -1  1
 -1 0  0 1  0  0
  0 0  0 0  0  1
6	% 
 0  0 0 0  1 -1
 0  0 0 1  0  1
 0  0 0 0 -1  0
 0 -1 0 0  1 -1
 0 -1 1 0  1 -1
 1  0 0 0  1 -1
6	% 
 0 -2 0 0  1 -1
 0 -1 1 0  1 -1
 0  3 0 1 -1  1
 0 -1 0 0  0  0
 0  0 0 0 -1  2
 1 -1 0 0  1 -1
6	% 
 0 -2 0 0  1 -1
 0 -1 0 0  1  0
 0  2 1 0 -1  0
 0 -1 0 0  0  0
 0  0 0 1  0  0
 1 -1 0 0  1 -1
1,1,1,1;1;1 1 6
6 
#3 
6	% 
  0 1  0  0  1 -1
  0 0  0 -1  0  0
  0 0 -1  0  0  0
  0 0  0  0 -1  0
  1 0  0  0  1 -1
 -1 0  0  0 -1  0
6	% 
  1  1  0  0 0 0
  1  0  0 -1 0 0
  0  1  1  0 0 0
 -1 -1 -1  0 0 1
  1  1  1  0 0 0
  0  0  0  0 1 0
6	% 
 0  1  1  0  1 -1
 0  0  1  0  2 -1
 0  1  1  0  2 -1
 1 -1 -1  0 -2  1
 0  1  1 -1  2 -1
 1  0  0  1  1 -1
1,1,1;1,1;1 1 11
28 
#5 
6	% 
 0  0  0 0 -1  1
 0 -1  1 0  0  0
 1  1 -1 0  2 -2
 0  0  0 1  0  0
 0  0  1 0  0  0
 0  0  0 0  0  1
6	% 
 0  0  0 -2 -1  1
 0 -1  1 -2  0  0
 1  2 -2  5  1 -1
 0  0  0 -1 -1  1
 0  0  1 -1  2 -2
 0  0  0 -1  0  1
6	% 
 -2 -2  0  2  1 -1
 -1 -2  2  1  2 -2
  4  5 -3 -4 -4  4
 -1 -1  0  1  0  0
 -1 -1  1  0  1 -1
 -1 -1  0  1  1  0
6	% 
 0  0  0 0  1 -1
 0  1  1 0 -1  1
 0 -1 -1 1  0  0
 0  0  0 0  1  0
 0  1  0 0 -1  1
 1  0  0 0  1 -1
6	% 
 0  0  0  0  1 -1
 0  1  1  0 -2  2
 0 -1 -1  0  3 -2
 0  0  0 -1  0  0
 0  1  0  1 -1  1
 1  0  0  0  1 -1
1,1;1,1;1;1 1 38
12 
#3 
6	% 
  0  0 1 0  0  1
  0 -1 0 0  2 -1
  0  1 1 0 -2  1
 -1  0 0 0 -1  0
 -1  0 0 0  0  1
 -1  0 0 1  0  0
6	% 
 -1 0 1  2  1 -1
  1 1 0  2  1 -1
 -1 0 0 -1 -1  1
  0 0 0 -1 -1  1
  0 0 0  1  0  0
  0 0 0  0  0  1
6	% 
  0 0 1 0  1 -1
  0 1 0 0  0  0
  0 0 0 1  1 -1
 -1 0 0 0  0  0
 -1 0 0 0 -1  1
 -1 0 0 0  0  1
1,1,1;1;1;1 1 16
14 
#4 
6	% 
 0 0  0 0 -2  1
 0 1  0 0 -3  2
 0 0 -1 0  2 -1
 1 0  0 0 -1  0
 0 0  0 1 -1  0
 1 0  0 1  1 -1
6	% 
  1 -1 -1 -1  0 0
  1 -3 -2 -2  0 0
 -2  3  2  1 -1 1
  1 -2 -1 -1  0 0
  1 -2 -1 -1  1 0
  0  0  0  0  0 1
6	% 
 0  0 0 -1  1 -1
 0 -1 0 -2  2 -2
 0  0 1  2 -1  1
 0  0 0 -1  2 -1
 1  0 0 -1  2 -2
 1  0 0  0  1  0
6	% 
 -1  0 0 -1 -1  1
 -3 -1 0 -2 -2  2
  3  0 1  2  3 -3
 -2  0 0 -1 -2  2
 -2  0 0 -1 -1  2
  0  0 0  0  0  1
1,1;1,1;1;1 1 32
6 
#3 
6	% 
 0  0 0 0  0  1
 0 -1 1 0  1 -1
 0  0 0 1  0  0
 0  1 0 0 -1  1
 0  1 0 1  0  0
 1  0 0 1  1 -1
6	% 
  0 -1 1 0  1 -1
  1  0 0 1  1 -1
  0  1 0 0  0  1
 -1  1 0 0 -1  1
 -1  0 0 0  0  1
  0  0 0 0  1  0
6	% 
  0  1 1 0 0  0
 -1  0 0 0 0  1
  0 -1 0 1 1 -1
  1 -1 0 0 1 -1
  1  0 0 1 1 -1
  0  0 0 1 0  0
1,1,1;1;1;1 1 18
4 
#2 
6	% 
 0  1 0 0 0  1
 0  0 1 0 0 -1
 0 -2 0 0 1 -1
 0  1 0 0 0  0
 1  1 0 0 0  0
 0  1 0 1 0  0
6	% 
  0 -1 0 -1  0  0
  0  0 1  1  1 -1
  0  2 0  0 -1  1
  0 -1 0  0  0  0
 -1 -1 0  0  0  0
  0 -1 0  0  0 -1
1,1;1,1;1,1 1 9
14 
#4 
6	% 
 1  0  0 -1  0  0
 0 -1  0  0  2 -2
 0  0 -1  0  1 -1
 0  0  0  0  0 -1
 0  0  0  1  0 -1
 0  0  0 -1 -1  1
6	% 
  0 -1 1 0  1 -1
 -1  0 0 0 -1  1
  0  0 0 1  0  0
  0  0 0 0  1  0
  0  1 0 0  0  1
  0 -1 0 0  0  0
6	% 
  1  0  0  0  0  0
  0 -1  0  1  1 -1
  0  0 -1  1  0  0
  0  0  0  1  0 -1
 -1  0  0  0 -1  0
  1  0  0 -1  0  0
6	% 
  0  0 0  0 -1  2
  0 -1 0 -1  0  0
  0  0 1  1  1 -1
  1  0 0  1  1 -1
  0  0 0  1  1 -1
 -1  0 0  0 -1  1
1,1;1,1;1,1 1 8
3 
#2 
6	% 
  1  0 0 1  1 -1
  0 -1 1 0  1 -1
  0  0 0 0  0 -1
  0 -1 0 0  0  1
  1  0 0 0  0  1
 -1  1 0 0 -1  1
6	% 
  0  1 1  0  0  0
  0  0 0 -1  0  1
 -1  0 0  0 -1  1
  1  0 0 -1  0  0
  1  1 0  0  0  0
  0 -1 0  1  1 -1
1,1;1,1;1;1 1 35
4 
#2 
6	% 
 0 0 1  0 -2  0
 0 0 0 -1  0  0
 0 1 0  0 -1  3
 1 0 0  0  1 -1
 0 0 0  0 -1  0
 0 0 0  0  0  1
6	% 
 -1  0 0  2 2 -1
  0  0 1  0 0  0
  2  0 0 -1 1 -2
  0 -1 0  0 0  0
 -1  0 0  1 1  0
  1  0 0 -1 0 -1
1,1,1;1;1;1 1 8
4 
#2 
6	% 
 0  1  1 0 -1  2
 0 -2 -1 0  0 -2
 1  1  1 0  0  1
 1  0  0 1  1 -1
 0  1  2 0  1  1
 1 -1 -1 0  1 -2
6	% 
 -1 0 0  1  1 -2
  2 0 0 -1  1  1
 -1 1 0  1  0 -1
  0 1 1  0  0  0
 -1 0 0  2  0 -2
  1 1 0 -1 -1  2
1,1;1,1;1;1 1 22
4 
#3 
6	% 
  0 0  0 0  0 -1
  0 1 -1 0 -1  1
  0 0  0 1  1 -2
 -1 0  0 0  0 -1
  0 0  1 0  0  1
  0 0 -1 0 -1  2
6	% 
  1  0 0 0  1 -1
  0  0 0 1  0 -1
  1  0 1 0  1 -1
  1 -1 0 0  1 -1
 -1  0 0 0  0  1
 -1  0 0 0 -1  0
6	% 
  0  0 0 0 0  1
  1  0 0 1 1 -1
  0  0 1 0 0  1
  0 -1 0 0 0  1
 -1  0 0 0 0 -1
  1  0 0 0 1 -2
1,1,1;1;1;1 1 13
6 
#3 
6	% 
  0  0  1 0  0 -1
  0 -1  0 0  0 -1
 -1 -1  1 0  0 -1
  0  0  0 1  0  0
  0 -1  1 0  0 -1
  0  1 -1 0 -1  2
6	% 
  1  0 0  0 0 0
  1  0 0 -1 0 0
  1 -1 0 -1 0 0
  0  0 1  0 1 0
  1  0 0 -1 0 1
 -1  0 0  1 1 0
6	% 
 1  0 0 0 0  0
 0  0 0 0 0 -1
 0 -1 0 0 1 -2
 0  0 1 1 1 -1
 0  0 0 1 1 -2
 0  0 0 1 0  1
2-1;1,1;1;1 1 28
4 
#1 
6	% 
 1  0  0 0  1  0
 0 -1 -2 0 -4  4
 0  2  1 0  3 -3
 0  0  0 1  0 -1
 0  1  1 0  2 -3
 0 -1 -1 0 -3  2
2-1;1,1;1;1 1 31
1 
#1 
6	% 
 0 1  3 0  1 -1
 0 0 -1 1  0  0
 1 0 -1 0  0  0
 0 0  2 0  1 -1
 0 0 -1 0 -1  1
 0 0 -1 0  0  1
2-1;1,1;1;1 1 14
1 
#1 
6	% 
 0  0  0 0  1 -4
 0  0  0 1  1 -2
 0  0 -1 0  0 -1
 0 -1  0 0  0  1
 1  0  0 0  1 -2
 0  0  0 0 -1  3
1,1;1,1;1;1 1 24
28 
#5 
6	% 
  0 1  1  0  0  0
 -1 0  0  0 -2  2
  0 0  0 -1  1 -1
  0 0  0  0 -1  0
  0 0 -1  0 -1  1
  0 0  1  0  1  0
6	% 
  1 0  0  0  0  0
  0 1  0 -1 -1  1
  0 0 -1  1  0  0
  0 0  0  1  0 -1
 -1 0  0  1  0  0
  1 0  0  0  1  0
6	% 
 1  0 0  1  1 -1
 0 -1 0  0  0  0
 0  0 1  0  1 -1
 0  0 0  0 -1  0
 0  0 0 -1 -1  1
 0  0 0  1  1  0
6	% 
  1  0  0  0  1  0
  0 -1 -2  0 -3  3
  0  2  1  0  2 -2
  0  1  1  1  2 -2
 -1  1  1  0  1 -1
  1  0  0 -1  0  0
6	% 
  0 0 0  0  0 -1
  0 1 0 -1 -1  1
  0 0 1  1  1 -1
 -1 0 0  1  0  0
  0 0 0  1  0  1
  1 0 0  0  1 -2
1,1;1,1;1,1 1 10
8 
#1 
6	% 
  0  0  0  0  1  0
  1 -1  0 -1 -1  1
 -1  1 -1  2 -1  0
  0  0  0  0  0  1
 -2  1 -1  1 -1  2
  1  0  1 -1  2 -2
1,1;1,1;1;1 1 28
16 
#2 
6	% 
 -1 -2 -1 0 -4  4
  0 -2  0 1 -1  1
  1 -1 -2 0 -4  4
 -1 -1  1 0  1  0
  0  1  1 0  3 -2
  0  1  1 0  2 -3
6	% 
 0 0  0 1  2 -2
 0 0 -1 0  0  0
 1 0  0 0  2 -2
 0 1  0 0  0  1
 0 0  0 0  0  1
 0 0  0 0 -1  0
1,1,1;1;1;1 1 15
8 
#1 
6	% 
 0 0 1 0 0  0
 0 0 0 0 0  1
 0 0 0 1 0  0
 0 1 0 0 0  0
 1 0 0 0 1 -1
 0 0 0 0 1  0
1,1;1,1;1;1 1 25
8 
#1 
6	% 
 0  0 0 0  0  1
 0  0 0 1  0 -1
 0  0 1 0  2 -2
 0  0 0 0 -1  0
 0 -1 0 0 -1  1
 1  0 0 0  1  0
1,1;1,1;1;1 1 13
4 
#1 
6	% 
  0  0  0  0  1  0
  0  0 -1  0  0  0
  0  1  1 -1  0  0
  0 -1  0  0  1 -1
 -1 -1 -1  0 -1  1
  0  0  0  0 -1  1
1,1;1,1;1,1 1 6
2 
#1 
6	% 
  0  0  0  0  1  0
  1  0  0  0  0  0
  0  0  0  0 -1  1
 -1  0 -1  0 -1  1
  0 -1  0  1  1 -1
  0  0  0 -1 -1  1
1,1;1,1;1;1 1 30
2 
#1 
6	% 
  0 -1  0  1  1 -1
  0  1  1 -1  0  0
 -1  0 -1  0 -1  1
  1  1  1  0  1 -1
  0  0  0  0  0  1
  0  0  0  0  1  0
1,1;1;1;1;1 1 30
8 
#2 
6	% 
  0 -1 0 0 -1  1
 -1  0 0 0  0  0
  0  0 1 0  2 -2
  0  0 0 1  1  0
  0  0 0 0  0  1
  0  0 0 0  1  0
6	% 
 1  0 0 0  2 -2
 0 -1 0 0  1 -1
 0  0 0 1 -1  1
 0  0 1 0  1  0
 0  0 0 0  0  1
 0  0 0 0  1  0
1,1;1;1;1;1 1 42
7 
#4 
6	% 
 0 -1 1 0  1 -1
 0 -1 0 1  1 -1
 1  1 0 0  0  0
 0 -1 0 0  0  0
 0 -1 0 0  1  0
 0  2 0 0 -1  1
6	% 
  1 0 0 0  0  0
  1 0 1 0  1 -1
 -1 1 0 0 -1  1
  1 0 0 1  1 -1
  1 0 0 0  1  0
 -2 0 0 0 -1  1
6	% 
  1 0 0 1  1 -1
  1 0 1 0  1 -1
 -1 1 0 0 -1  1
  1 0 0 0  0  0
  1 0 0 0  1  0
 -2 0 0 0 -1  1
6	% 
 0 0 0 0 -1  2
 0 0 1 0  0  1
 0 1 0 0  0 -1
 1 0 0 0  0  1
 0 0 0 1  0  1
 0 0 0 0  1 -3
1,1;1;1;1;1 1 19
1 
#1 
6	% 
 0  0 0 0 -1  4
 0  0 1 0  0  1
 1  0 0 0  0  1
 0 -1 0 0  0  1
 0  0 0 1  1 -2
 0  0 0 0  1 -3
1,1;1;1;1;1 1 33
4 
#1 
6	% 
  4  2 -2 -3 -2  1
 -2 -2  1  3  2 -2
  1  0 -1 -1 -1  0
  0  0  0  0 -1  0
  0  0  0  0  0  1
  1  1  0 -1 -1  0
1,1;1;1;1;1 1 51
8 
#2 
6	% 
 0  3 -2  3 -1  1
 0 -2  3 -3  1 -1
 0  1 -1  1 -1  1
 1  1 -1  1  0  0
 0  1 -1  1  0  1
 0 -2  2 -2  1 -1
6	% 
 0  3  2 0  6 -6
 0 -2 -3 0 -7  7
 1  1  1 0  3 -3
 0  1  1 1  3 -3
 0  1  1 0  3 -2
 0 -2 -2 0 -5  5
1,1;1;1;1;1 1 53
1 
#1 
6	% 
 0  3 1 0 -1  1
 1 -1 0 0  1 -1
 0  1 0 0 -1  1
 0  1 0 1  0  0
 0  1 0 0  0  1
 0 -2 0 0  1 -1
1;1;1;1;1;1 1 37
1 
#1 
6	% 
  1 0 1 0  1 -1
 -1 1 0 0 -1  1
 -1 0 0 0 -1  1
 -1 0 0 1  0  0
  1 0 0 0  1  0
  2 0 0 0  1 -1
1;1;1;1;1;1 1 22
1 
#1 
6	% 
 0 0 1  0  1  0
 0 0 0 -1 -1  0
 1 0 0  0  0 -1
 0 1 0  0 -1  0
 0 0 0  0  1  1
 0 0 0  0 -1  0
