#39

1;1;1;1;1;1 1 14
1 
#1 
6	% 
 1 0 0 0 0 0
 0 1 0 0 0 0
 0 0 1 0 0 0
 0 0 0 1 0 0
 0 0 0 0 1 0
 0 0 0 0 0 1
1,1,1,1,1,1 1 1
1 
#1 
6	% 
 1 0 0 0 0 0
 0 1 0 0 0 0
 0 0 1 0 0 0
 0 0 0 1 0 0
 0 0 0 0 1 0
 0 0 0 0 0 1
1,1,1,1,1;1 1 2
5 
#2 
6	% 
  0  0  0 -1 -1  0
 -1  0  0 -1 -1  0
 -1  0  1 -1 -2  1
  0 -1  0 -1  0 -1
  1  0 -1  2  2 -1
 -1  0  1 -2 -2  0
6	% 
  0 0  0  0  1  1
  1 0  0  0  0  1
  0 0  1  0  0  2
  1 1  1 -1  1  0
 -1 0 -1  1 -1 -2
  1 1  1  0  1  3
1,1,1,1,1;1 1 1
1 
#1 
6	% 
 0  0  0  0 -1  0
 0 -1 -1  0 -1 -1
 0 -1  0 -1 -1 -1
 0  0 -1 -1  0 -1
 0  1  1  1  1  1
 1  0  0  0  0  0
1,1,1,1;1,1 1 3
8 
#2 
6	% 
  1  0  0  0  0  0
 -1  0  1  0 -1  1
 -1  0  0  1 -1  1
  0 -1 -1  0  1 -1
  0  0  1 -1 -1  1
  1  1  0  0  1  0
6	% 
  0 -1  0  1  0  0
 -1 -1 -1  1 -1  0
  0  0  0 -1  0  0
  1  1  1  0  0  1
 -1  0  0  1 -1  1
  0 -1  0  0  0 -1
1,1,1,1;1,1 1 2
7 
#3 
6	% 
 0 -1 -1  1 -1  0
 0 -1  0  0 -1  0
 0 -1 -1  0  0 -1
 1  0  0  0  0  0
 0  2  1 -1  1  1
 0 -2 -1  1 -1  0
6	% 
 0  0 1 0  0  0
 0  0 0 0  1 -1
 0 -1 0 1 -1 -1
 1  0 0 0  0  0
 0  1 0 0  0  1
 0  0 0 1  0  0
6	% 
  0  0  1 0  0 1
 -1  0  0 0  0 0
 -1  0  1 0 -1 0
  0 -1  0 1  0 0
  1  1 -1 0  0 0
 -1  1  1 0  0 1
1,1,1;1,1,1 1 3
8 
#2 
6	% 
  0 -2 -1  2 -1  0
 -1  0  0  0  0  0
  1 -1  0  0  0 -1
 -1  1  0 -1  1  0
  1  0  0 -1  0 -1
 -1 -1  0  1 -1  1
6	% 
  1  1  1 -1  1 0
  0 -1  0 -1  0 1
  1  1  1  1  0 0
 -1 -1 -1  0  0 0
 -1  1  0  1 -1 0
  1  0  0 -1  1 0
1,1,1;1,1,1 1 2
2 
#1 
6	% 
  0  0 0  1  0  1
  0 -1 0 -1  0 -1
 -1  0 0  0  0  0
 -1  0 1  0 -1  1
  1  1 0  0  1  0
  1 -1 0  0  1 -1
1,1,1;1,1;1 1 7
20 
#4 
6	% 
 0 0  0 -2  0 -1
 0 0 -1 -2 -1 -1
 0 1  3  5  3  3
 1 0  0 -1 -1  0
 1 0  0  0  0  0
 0 0  0 -1  0 -1
6	% 
 0  1 0 -1  2 -1
 0  0 0  0  2 -1
 0 -1 1  1 -5  3
 1  0 0  0  1  0
 1  0 0  0  0  0
 0  1 0  0  1  0
6	% 
 0 -1  0 1  0 -1
 0  0  1 0  1  1
 0  0 -2 0 -2 -1
 1  0  1 0  0  1
 1  0  0 0  0  0
 0 -1  0 0  0 -1
6	% 
 -2 -1 0 1  0 -1
  0  0 0 0  0  1
  1  0 0 0  0 -2
  0  0 0 0 -1  1
  0  0 1 0 -1  1
 -1 -1 0 0  0 -1
1,1,1,1;1;1 1 2
5 
#2 
6	% 
 0  0 0  1  1  0
 0  0 1  0  1  0
 0 -1 0  1  0  0
 1  0 0  0  0  0
 0  1 0 -1 -1  0
 0 -1 0  1  1 -1
6	% 
 0  0  0  0 -1  1
 0 -1 -1  1 -1 -1
 0  0  1  0 -1 -1
 1  0  0  0  0  0
 0  0  0 -1  1  0
 0 -1  0  0 -1 -1
1,1,1;1,1;1 1 6
2 
#1 
6	% 
 0 0 -2 0 0 -1
 1 0 -2 0 0 -1
 0 0  3 0 1  1
 0 0 -1 1 0  0
 0 1  0 1 0  1
 0 0 -1 0 0  0
1,1,1;1,1;1 1 10
20 
#3 
6	% 
 0  1 -1 -1  1 -1
 0  2 -1 -2  1 -1
 1 -4  3  4 -3  3
 0  1  0  0  1  0
 0  1  0 -1  1  0
 0  0  0  0  0  1
6	% 
 0  0  1  0 -1  2
 0  0  0  0  0  1
 1  0 -1  0  1 -4
 0  0  0  0 -1  1
 0  0  1 -1  1  0
 0 -1  0 -1  0 -1
6	% 
  0  0 -1  0  1 -1
  4  1  1 -1 -1  1
 -7 -2 -1  2  1 -1
  0  0 -1  0  0 -1
  2  0  1 -1  0  1
  0 -1  0 -1  0 -1
1,1,1,1;1;1 1 5
8 
#2 
6	% 
  1  1 -1 -1  1 -1
  2  0 -1  0  1 -1
  0  0 -1 -1  0 -1
 -1 -1  2  1 -1  2
  1  1 -2 -1  1 -1
  0 -1  1  0  0  0
6	% 
 0  1  1 -1 -1  0
 1  1  1 -1 -1 -1
 0  1  0 -1 -1 -1
 0 -1 -1  2  1  2
 0  2  1 -1 -1 -1
 0 -1 -1  1  0  1
1,1,1,1;1;1 1 4
2 
#1 
6	% 
 1  0 -1 0 0  0
 1  0  0 0 0  0
 0  0  3 0 1  2
 0  0 -2 0 0 -1
 0 -1  1 0 0  0
 0  0  1 1 0  1
1,1,1;1,1;1 1 9
4 
#1 
6	% 
 0  0 -2  0 0 -1
 0  0 -1  0 1 -1
 1  0  2  0 0  1
 0  0 -1  0 0 -1
 0  0  0 -1 0  1
 0 -1  0 -1 0 -1
1,1,1;1,1;1 1 5
4 
#1 
6	% 
 0 0 0 0 -2 -1
 0 0 1 0 -2  0
 0 0 0 0  3  1
 1 1 0 0 -1  0
 1 0 0 0  0  0
 0 1 0 1  0  1
1,1,1;1,1;1 1 8
8 
#2 
6	% 
 0 1 0 -1  2 -1
 0 0 0  0  2 -1
 0 0 1  0 -5  3
 0 1 0  0  1  0
 0 0 0  0  1 -1
 1 0 0  0  0  0
6	% 
 0 -1 -1 -1  1 -2
 0  0 -1  0  1 -2
 0  1  3  1 -3  5
 0  0 -1 -1  0 -1
 0  0  0  0  1 -1
 1  0  0  0  0  0
1,1,1;1,1;1 1 3
2 
#1 
6	% 
 0  2 0 0  0 1
 0  1 0 0  0 0
 0 -2 0 1  0 0
 0  1 1 0  0 1
 0  0 1 0 -1 1
 1  0 0 0  0 0
1,1;1,1;1,1 1 6
10 
#2 
6	% 
 -3  0 -2  0  2 -2
  1  0  0  1 -1  1
  2  0  1  0 -1  1
  0 -1  0  0  0 -1
  0  0  0 -1  0 -1
  1  1  1  0  0  1
6	% 
 1  0 0  0  0  2
 0  0 0 -1  0 -1
 0  0 0  0  0 -1
 0  0 0  1 -1  1
 0  1 1  0  0  1
 0 -1 0  0  0 -1
1,1;1,1;1;1 1 13
12 
#2 
6	% 
 -3  0 -2  0  2 -2
 -1  0 -1  0  0  0
 -1  0  1 -1  2 -1
 -1  0 -1  0  0 -1
  1 -1 -1  0 -2  0
  2  0  1  0 -1  1
6	% 
 1 0  0 0  0  2
 0 0  0 0  1  0
 0 0 -1 1 -1  1
 0 0  1 0  0  1
 0 1  1 0  1  0
 0 0  0 0  0 -1
1,1,1;1;1;1 1 7
8 
#2 
6	% 
 0  0 1  0 -1 1
 1  0 0  0  0 0
 0 -1 0  1 -1 1
 0  1 0  0  1 0
 0  1 0 -1  1 0
 0  0 0  1 -1 1
6	% 
 0  1 1 -1 -1  2
 1  0 0  0  0  0
 0  0 0 -1  0  0
 0 -1 0  1  1 -1
 0 -1 0  0  0 -1
 0  1 1 -1  0  1
1,1,1;1;1;1 1 13
2 
#1 
6	% 
  1  0  0 0  0  0
  1  0 -1 0  1 -1
  1 -1  0 0  1 -1
  0  0  0 1  0  1
  1  0  0 0  1  0
 -1  0  0 0 -1  1
1,1;1,1;1,1 1 4
4 
#1 
6	% 
  0  0  1  0 1  0
 -1 -1  0  1 0  0
  1  0  0 -1 0 -2
  0  0 -1  0 0  0
  0  0  1  0 0  1
 -1 -1  0  0 0 -2
1,1;1,1;1;1 1 12
4 
#1 
6	% 
  0 0 1 0  1  0
  1 0 0 0  0  0
 -1 0 0 1  1  0
  1 1 0 0  0  0
  0 0 0 0  1 -1
  0 0 0 0 -1  0
1,1,1;1;1;1 1 9
4 
#1 
6	% 
 -1  0 0  0 0  0
 -1  0 0  1 1  0
 -1 -1 0  0 0  0
 -1 -1 0  0 0 -1
  1  1 1  0 0  1
  0 -1 0 -1 0 -1
1,1;1,1;1;1 1 17
10 
#2 
6	% 
 1  0  0  0 0  0
 0  1  0 -1 0  0
 0  0  0  1 0  0
 0 -1  0  0 1 -1
 0  0  0  1 0  1
 0  0 -1 -1 0 -1
6	% 
 1 0 0  0  0  0
 0 0 0  0  0  1
 0 0 0 -1  0 -1
 0 0 0  0 -1 -1
 0 1 0  0  0  0
 0 0 1  0  0  2
1,1;1,1;1;1 1 18
1 
#1 
6	% 
 0  1 0 1  0  1
 0  0 1 0 -1  1
 1  0 0 0  0  0
 0  0 0 0 -1  1
 0  1 0 0  0  1
 0 -1 0 0  1 -1
1,1;1,1;1,1 1 8
1 
#1 
6	% 
  0 0 -1  0 1 -1
  0 1  0  1 0  1
 -1 0  0  0 0 -1
  1 0  0  1 0  1
  1 0 -1  0 0  0
  0 0  1 -1 0  0
1,1;1,1;1;1 1 16
4 
#1 
6	% 
 0 0 1 0  1  0
 1 0 0 0  0  0
 0 0 0 1  0  0
 0 0 0 0 -1  0
 0 1 0 0  0  1
 0 0 0 0  1 -1
1,1,1;1;1;1 1 3
2 
#1 
6	% 
 0  0  1 0 -2  0
 0  0 -1 0  3  1
 1  0  0 0  0  0
 0 -1  0 0  1  0
 0  0  0 0 -2 -1
 0  0  0 1  1  1
1,1;1,1;1;1 1 22
2 
#1 
6	% 
  1  0  0 0 0  1
  0  0 -1 0 1 -1
  1  0  0 1 0  1
  1 -1  0 0 0  0
 -1  0  1 0 0  0
 -1  0 -1 0 0 -1
1,1,1;1;1;1 1 8
4 
#1 
6	% 
 -1 0 0 0 0  1
  1 0 0 0 1 -2
 -1 1 0 0 0  1
  0 1 0 1 0  1
 -1 0 1 0 0  2
  1 1 0 0 0  0
1,1;1,1;1;1 1 20
4 
#1 
6	% 
 1 0  0  0  0  0
 0 0  0  0 -1 -2
 0 0  0  0  0  1
 0 1  0  0  0  0
 0 0 -1  0  0 -3
 0 0  0 -1  0 -1
1,1;1,1;1;1 1 10
8 
#1 
6	% 
 1 0  2 0  2  0
 0 0 -1 0  0  0
 0 0 -1 0 -1  0
 0 0  0 1  0 -1
 0 1  0 0  0  2
 0 0 -1 0  0 -1
1,1;1;1;1;1 1 14
2 
#1 
6	% 
 0 -1 0 1 0  0
 1  0 0 0 0  0
 0 -1 0 0 1 -1
 0  0 1 0 0  0
 0  1 0 0 0  0
 0  1 0 0 0  1
1,1;1;1;1;1 1 22
4 
#1 
6	% 
 1  0  0  0 0  0
 0  0  0  1 0  1
 0  0  0 -1 1 -1
 0  1  0  0 0  1
 0 -1 -1  0 0 -1
 0  1  0  1 0  1
1,1;1;1;1;1 1 21
4 
#1 
6	% 
 1 0 0 0  0  0
 1 0 0 0 -1  0
 0 0 0 1  0  1
 1 0 1 0  0  0
 0 1 0 0  0  0
 0 0 0 0  0 -1
1,1;1;1;1;1 1 19
1 
#1 
6	% 
  3  0  0  0 0  2
  1  0  0  0 1  0
  1 -1  0  0 0  0
  1  0 -1  0 0  0
 -1  0  0 -1 0 -1
 -2  0  0  0 0 -1
1,1;1;1;1;1 1 12
4 
#1 
6	% 
 1 0 0 0 0  0
 0 1 0 0 0  0
 0 1 0 1 0  1
 0 0 0 0 1 -1
 0 1 0 0 0  1
 0 0 1 0 0  1
