#65

3;1;1;1 1 12
1 
#1 
6	% 
 1 0 0 0 0 0
 0 1 0 0 0 0
 0 0 1 0 0 0
 0 0 0 1 0 0
 0 0 0 0 1 0
 0 0 0 0 0 1
1,1,1,1,1,1 1 1
1 
#1 
6	% 
 1 0 0 0 0 0
 0 1 0 0 0 0
 0 0 1 0 0 0
 0 0 0 1 0 0
 0 0 0 0 1 0
 0 0 0 0 0 1
1,1,1,1,1;1 1 2
12 
#4 
6	% 
  1  1 -1 -1  2 -1
  0  0 -1 -1  2 -1
  1  0 -2 -1  3 -1
  0  1 -1  0  1 -1
 -1 -1  2  1 -3  2
  1  1 -2 -1  4 -2
6	% 
  1  0  1  0 1 1
  0 -1  0  0 0 0
  0 -1  1  0 0 0
  1  0  1  0 0 1
 -1  1 -1 -1 0 0
  1 -1  1 -1 0 1
6	% 
  0  0  0  1  0 -2
 -1 -1 -1  0  0 -1
  0  0 -1  1  1 -1
  0  0  0  1  1 -2
  0  1  1 -1 -1  2
 -1  0 -1  1  1 -3
6	% 
 -1  0  0 1  0 -1
 -1 -1  0 0  0  0
 -1  0  0 0  1 -1
 -1  0  1 0  0 -1
  1  0 -1 0 -1  1
 -1  0  1 0  1 -2
2-1;1,1,1,1 1 2
3 
#1 
6	% 
 0 0  1 1 0 -1
 0 1  1 0 0 -1
 1 0  1 0 0  0
 0 0  1 0 0  0
 0 0  0 0 1 -1
 0 0 -1 0 0  1
1,1,1;1,1,1 1 2
4 
#2 
6	% 
 -1 0  0 -1  0  0
  0 1  0  1  0 -1
  0 0  0  0 -1 -1
  0 0 -1  0  0  0
  1 0  1  0  0  1
 -1 0  1  0  0  0
6	% 
 -1 0 -1  0  0  0
  0 1  1  0  0 -1
  0 0  0  0 -1 -1
  0 0  0 -1  0  0
  1 0  0  1  0  1
 -1 0  0  1  0  0
1,1,1,1;1,1 1 3
32 
#5 
6	% 
 1  0 -1  0  0  1
 0 -1 -1  0  1  0
 0  0  0 -1 -1  0
 0  0  1  1  1  0
 0  0 -1  1  3 -1
 0  0  0 -1 -2  1
6	% 
  0  0 1  1  0 -1
  0  0 0  0  1 -1
  1  0 0  0  0  1
 -1  0 0 -1 -1  1
  0  1 0  1  1 -2
  0 -1 0  0  1  0
6	% 
 1  0  0 -1  1  1
 0 -1  0 -1 -1  1
 0  0 -1  0 -2  2
 0  0  1  1  1 -2
 0  0  1 -1  1 -1
 0  0 -1  0 -1  2
6	% 
  0  0  0  0 -1  2
 -1 -1 -1  0 -1 -1
  0  0  0  1  0 -1
  0  1  0 -1  1  0
 -1  0  0 -1 -1  0
  0  0  0  1  0  0
6	% 
  1  1 -1  1  2 -1
 -1 -1  0 -1  1  0
 -1  0  1 -1 -1 -1
  1  0  0  1 -1  1
  0 -1  0 -1  1  1
  0  1 -1  1  1 -2
2-1;1,1,1;1 1 7
6 
#2 
6	% 
 0  1 1  0  0 -1
 1  1 0  0  0  0
 0  0 0 -1  0  0
 0  0 0  1 -1  0
 0  1 0  1  0 -1
 0 -1 0  1  0  0
6	% 
  0  1  0 1  0 -1
 -1  1  0 0  0 -1
  0  0  1 0  0 -1
  0  0 -1 0 -1  1
  0  1 -1 0  0  0
  0 -1 -1 0  0  1
1,1,1,1;1,1 1 2
7 
#3 
6	% 
 0  0  0 1 0 1
 0  0  1 0 1 1
 0  0 -1 0 0 0
 1  1  0 0 0 0
 0 -1  0 0 0 0
 0 -1  0 0 0 1
6	% 
  0  1  0  1 0 -1
 -1  0 -1  0 0  0
  0  1  1  0 0 -1
  0  0  0  0 1  0
  1 -1  0 -1 0  2
 -1  1  0  1 0 -1
6	% 
  1  1  1  0  1 -1
  0  1  1  0  0 -1
 -1  0  1  0  2 -2
  0  0  0  1  0  1
  0 -1 -1 -1 -1  1
  0  1  1 -1  1 -2
2-1;1,1,1;1 1 6
6 
#1 
6	% 
  0 0 1  1  0 -1
  0 0 0 -1 -1  1
  0 1 0 -1  0  0
  0 0 0  0  1  0
  0 0 0  1 -1  0
 -1 0 0  1  0 -1
1,1,1;1,1,1 1 4
12 
#1 
6	% 
 -1  0  0  0  1  0
 -1  0  0  1  0  0
  1 -1 -1 -1 -2  2
  0  1  0  0  2 -1
  1 -1  1 -1 -2  1
  0  1  0  1  2 -2
1,1,1;1,1,1 1 3
12 
#2 
6	% 
  1 -1  0 0  0  1
  0  0 -1 1  1 -1
  0  0  1 0  0  0
 -1  0 -1 0  1 -1
  0  0  1 0 -1  0
  1  0 -1 0  1  0
6	% 
  0  0  0  0  1 -1
  0  0  1 -1  0  0
  0 -1 -1  0  0  1
  0  1  0  0 -1  0
 -1  0 -1  0  0  0
  1  0  0  0  1  0
2-1;1,1;1,1 1 10
6 
#1 
6	% 
  0  0 -1  0 -1  1
  2 -1 -3 -2  0  4
 -1  2 -3  2  0 -1
  0  0  1  0  0 -1
 -1  1  1  1  0 -2
  1 -1  1 -1  0  1
2-1;1,1;1,1 1 6
3 
#1 
6	% 
  0 0 1  1  0 -1
 -1 1 0  0  0 -1
 -1 0 0  0  0  0
  1 0 0  0 -1  1
  1 0 0  1  0  0
  1 0 0 -1  0  1
2-2;1,1,1,1 1 2
4 
#1 
6	% 
  0  1  0  1 0 -1
  1  1  0  0 0  0
  1  0  0  1 0  0
 -1 -1  0 -1 1  0
  1  1 -1  1 0  0
 -1 -1  0 -1 0  0
1,1,1,1;1;1 1 4
4 
#2 
6	% 
  1 1 0  0  0  0
  0 0 1 -1  0  0
 -3 0 0  1  0 -2
  2 0 0  0  0  1
 -1 0 0  0  0 -1
 -1 0 0  0 -1  0
6	% 
  0 0 1  2  1  2
  0 0 0  1  0  1
  0 0 0 -3 -1 -2
  0 0 0  2  0  1
 -1 0 0 -1  0 -1
  0 1 0 -1  0 -1
1,1,1;1,1;1 1 7
24 
#4 
6	% 
  0 0 0  2 1 -2
  0 0 0  2 0 -1
  0 0 1 -3 0  1
 -1 0 0  1 0 -1
 -1 1 0  0 0 -1
  0 0 0  1 0 -1
6	% 
 0 -2 0 0 -1  2
 0 -2 0 0  0  1
 1  3 0 0  0 -1
 0 -1 0 1  0  0
 0  0 1 1  0 -1
 0 -1 0 0  0  1
6	% 
  1  1 0 -2 0  1
  2  2 0 -2 0  1
 -4 -4 0  5 1 -3
  1  1 0 -1 0  0
  0  0 1  0 0  0
  0  1 0 -1 0  0
6	% 
 1 1 0 0 0  1
 0 0 0 0 0 -1
 0 0 0 0 1  2
 0 0 0 1 0 -1
 0 0 1 1 0 -1
 1 0 0 0 0  1
1,1,1;1,1;1 1 12
72 
#6 
6	% 
  0  0 -2  0  3 -2
  1  1 -2  0  2 -1
 -2 -2  6  0 -8  5
  1  0 -1  0  1  0
  0 -2  3 -1 -4  4
  0  0 -1  0  2 -1
6	% 
  0 0 0 -2 -1  2
  0 0 0 -2 -2  3
 -1 1 0  6  2 -6
  0 0 1 -1 -1  1
 -1 0 0  3  1 -3
  0 0 0 -1  0  1
6	% 
  0  0 0  0  2 -1
  1  1 1  0  0 -1
 -1 -1 0  0 -2  1
  1  0 0  0  0  0
 -1  0 0  0 -1  0
  0  0 0 -1  1  0
6	% 
 -1 -1 -2 -2 0  3
 -2 -2  0 -2 0  1
  4  4  3  6 0 -6
 -1 -1  0 -1 1  0
  2  2  2  3 0 -3
 -1  0 -1 -1 0  1
6	% 
 -1 -1 -2 0 -2  3
 -2 -2  0 0 -2  1
  4  4  3 0  6 -6
 -1 -1  0 1 -1  0
  2  2  2 0  3 -3
 -1  0 -1 0 -1  1
6	% 
  0  0  0  2 0 -1
  1  1  0  0 1 -1
 -1 -1  0 -2 0  1
  1  0  0  0 0  0
 -1  0  0 -1 0  0
  0  0 -1  1 0  0
1,1,1;1,1;1 1 9
20 
#4 
6	% 
  2  0 0  0 0  1
  2  1 1  0 0  0
 -3 -1 0  0 0 -1
  1  0 0  1 1 -1
  0  0 0 -1 0  1
  0  0 0  0 1  0
6	% 
  2  0  0 0 0  1
  2  1  0 1 0  0
 -3 -1  0 0 0 -1
  1  0  1 0 1 -1
  0  0 -1 0 0  1
  0  0  0 0 1  0
6	% 
  0 0 0  0  2  1
  0 0 1  0  2  2
  0 0 0  0 -3 -2
  0 0 0 -1  1  1
  0 1 0  1  0 -1
 -1 1 0  0  0 -1
6	% 
  0 0 0  2  0  1
  0 0 1  2  0  2
  0 0 0 -3  0 -2
  0 0 0  1 -1  1
  0 1 0  0  1 -1
 -1 1 0  0  0 -1
1,1,1;1,1;1 1 10
24 
#2 
6	% 
  1 -1  0 -2  0  2
  1 -1  2 -2  0  1
 -3  3 -3  7  0 -5
  1  0  0 -1  1  0
  0 -1  1 -1 -1  2
  0  0  0  0  1  0
6	% 
  0 0  1 -2 0  1
  0 0  2 -2 0  1
  0 0 -4  5 1 -3
  0 0  0 -1 0  1
  0 1  2 -1 0 -1
 -1 1  0  0 0 -1
1,1,1,1;1;1 1 5
32 
#5 
6	% 
  0  0  0  0  1 -1
  0  0 -1 -1  3 -2
  0 -1  0 -1  2 -1
  0  0  0  1 -3  2
  0  0  0 -1  2 -2
 -1  0  0  1 -2  1
6	% 
  1  1  0  0  0 0
  0  1 -1  0 -1 1
  0  1  0  0 -1 0
  1 -1  1 -1  1 0
 -1  1 -1 -1 -1 1
  0 -1  0  0  0 0
6	% 
  1  1  0  0  0 0
  0  1  0 -1 -1 1
  0  1  0  0 -1 0
  1 -1 -1  1  1 0
 -1  1 -1 -1 -1 1
  0 -1  0  0  0 0
6	% 
  1 -1  1  0  0  2
  1 -1  1  0  1  1
  1  0  1  0  0  1
 -1  1 -1 -1 -1 -1
  1 -1  1 -1  1  2
  0  1 -1  0  0 -1
6	% 
  1  1  0  0  1  2
  1  1  0  1  1  1
  1  0  0  0  1  1
 -1 -1 -1 -1 -1 -1
  1  1 -1  1  1  2
  0 -1  0  0 -1  0
2-2;1,1,1;1 1 5
12 
#2 
6	% 
  1 1  0  0  0  0
  2 0 -1 -1  1  1
 -2 0  1 -1 -1  0
 -3 0  1  0 -2  0
 -3 0  2  0 -1 -1
 -3 0  2  0 -2 -1
6	% 
 -1 -1  0  0  0  0
 -1 -2 -2 -1  2  2
  2  1  2  1 -2 -1
  2  2  2  1 -1 -2
  2  2  1  1 -2 -1
  2  2  2  1 -2 -1
1,1,1;1,1;1 1 6
16 
#5 
6	% 
  2  0 0 0 0  1
  2  1 0 0 1  0
 -3 -1 0 0 0 -1
  1  0 0 0 0  0
  0  0 1 0 0  0
  1  0 0 1 0  0
6	% 
  0 0 0 0  0 -1
  0 0 0 0  1  0
  0 0 1 0 -1  1
 -1 0 0 0  0 -1
 -1 1 0 0  0 -1
  0 0 0 1  0 -1
6	% 
  2 0 0  0 0  1
  2 1 0  1 0  0
 -3 0 0 -1 0 -1
  1 0 1  0 0  0
  0 0 1  0 1 -1
  1 0 0  0 0  1
6	% 
  0 0  2  2  2 -3
  0 0  2  1  1 -2
  0 0 -3 -2 -3  4
 -1 0  1  1  1 -2
 -1 1  0  0  0 -1
  0 0  1  1  1 -1
6	% 
  2 0 0 0  0  1
  2 1 0 0  1  0
 -3 0 0 0 -1 -1
  1 0 1 0  0  0
  0 0 1 1  0 -1
  1 0 0 0  0  1
1,1,1;1,1;1 1 11
36 
#5 
6	% 
  2 0 -2 0 0  1
  2 0 -1 0 0  1
 -5 1  3 0 0 -3
  1 0 -1 0 1  0
  1 0  0 0 0  0
  1 0 -1 1 0  0
6	% 
  0  0 0 0 0 -1
  1 -1 0 0 0  2
 -1  1 1 0 0 -2
  1  1 0 0 1 -1
  0 -1 0 0 0  1
  0  0 0 1 0 -1
6	% 
  2 0 0 0  2 -1
  2 0 0 0  1  0
 -5 1 0 0 -3  0
  1 0 0 1  1 -1
  1 0 0 0  0  0
  1 0 1 0  1 -1
6	% 
  0  0 0 0 -2  1
  1 -1 0 0 -2  2
 -1  1 1 0  5 -4
  1  1 0 1 -1  0
  0 -1 0 0 -1  1
  0  0 0 0 -1  1
6	% 
  0  0 0 0 -2  1
 -1  1 0 0 -2  0
  2 -2 0 1  5 -1
  0  0 1 0 -1  0
  0  1 0 0 -1  0
  0  0 0 0 -1  1
1,1,1,1;1;1 1 6
6 
#2 
6	% 
  1 0  0 0 -1  0
  1 0  0 0  0  0
  0 1  0 0  0  0
 -1 0  0 1  1  0
  1 0  1 0 -1 -1
  0 0 -1 1  0  0
6	% 
  1  1 0 0 0  0
  1  0 0 1 0  0
  2  1 0 0 1  0
 -2 -1 1 0 0 -1
  2  1 0 0 0  1
  0  0 1 0 0 -1
2-2;1,1,1;1 1 6
4 
#1 
6	% 
  0 1  0  1 0 -1
 -1 0  0  1 0 -1
  0 0  1  0 0 -1
  0 0  0  1 1 -1
  0 0 -1  0 1  0
  0 0  0 -1 0  1
1,1;1,1;1;1 1 24
36 
#5 
6	% 
  1 1  0  0  0  0
  0 0 -1  0  2 -4
  0 0  2  0 -1  3
  0 0  1 -1 -1  3
 -1 0  1  0 -1  2
  1 0  0  1  0  0
6	% 
 0 0 -1  0 1  0
 1 0  0 -1 0  1
 0 1  0  1 0 -1
 0 0  0  1 0  0
 0 0  1  1 0 -1
 0 0 -1  0 0  0
6	% 
  1 1  0  0  0  0
  0 0  0 -1  1  1
  0 0  0  1 -2  0
  0 0 -1  1 -1  0
 -1 0  0  1 -1 -1
  1 0  1  0  0  0
6	% 
 0  0 1  0  0  0
 1  0 0  0 -1  1
 0 -1 0  0  1  0
 0  0 0  1  1 -1
 0  0 0  0  1  0
 0  0 0 -1  0  0
6	% 
  0  0 1 -1  0  0
 -2 -1 0  0 -1  0
  1  2 0  0  1 -1
  1  1 0  0  1 -1
  1  1 0  1  1 -1
  0  0 0 -1  0  1
1,1;1,1;1;1 1 32
6 
#2 
6	% 
  0 0 1 0  1 -1
 -1 1 0 0  0 -1
  0 0 0 1 -1  0
  1 0 0 0 -1  1
  1 0 0 1  0  0
  0 0 0 1  0  0
6	% 
  0 0 1  1 0 -1
 -1 1 0  0 0 -1
  0 0 0 -1 1  0
  1 0 0 -1 0  1
  1 0 0  0 1  0
  0 0 0  0 1  0
1,1;1,1;1;1 1 25
24 
#2 
6	% 
  1 -1 -1  1  1 -1
  0  0  1  0 -2  3
 -1  2  0 -1  0 -1
  1 -1  1  1 -1  2
  2 -1  0  1  0  1
  0  0 -2  0  1 -2
6	% 
  0 0  1  1  1 -2
  0 1 -1  0  0  0
  0 0  0 -1 -2  2
  0 0 -1  1  1 -1
  0 0  0  1  1 -2
 -1 0  1  0  0 -1
1,1,1;1;1;1 1 13
10 
#4 
6	% 
 1  1 0 0  0  0
 0  1 1 0  0 -1
 0  1 0 0  0  0
 0  0 0 1 -1  0
 0  1 0 1  0 -1
 0 -1 0 1  0  0
6	% 
 1 -1 0  0  0  1
 0 -1 0 -1  0  1
 0 -1 0  0  0  1
 0  0 1  0 -1  0
 0 -1 1  0  0  0
 0  1 1  0  0 -1
6	% 
  0 0  1 0  1  1
  0 0  0 0  1  0
 -1 0  1 0  1  0
  0 1  0 1  0 -1
  0 0  1 1  1  0
  0 0 -1 1 -1 -1
6	% 
  0 0  1 1  0 -1
  0 0 -1 0 -1  1
 -1 0  0 0 -1  0
  0 1  0 0  0  0
  0 0  0 0 -1  1
  0 0  0 0  1  0
1,1,1;1;1;1 1 15
24 
#2 
6	% 
 0  0  1 -1  2 -2
 0  0 -1  0 -1  2
 0 -1 -1  0 -1  2
 0  0 -1 -1 -2  3
 1  0  1  0  1 -1
 0  0  1  0  2 -2
6	% 
 0  0 -1  1  2 -2
 0  0  0 -1 -1  2
 0 -1  0 -1 -1  2
 0  0 -1 -1 -2  3
 1  0  0  1  1 -1
 0  0  0  1  2 -2
1,1;1,1;1;1 1 28
48 
#4 
6	% 
 -2 -1 -2  0 0  0
 -1 -1 -1  0 1  0
 -1 -2 -2  0 0  2
  0  0  0  1 0 -1
  1  1  1  1 0 -1
  1  1  1 -1 0  0
6	% 
 -2 -1  0 -2  0  0
 -1 -1  0 -1 -1  1
 -1 -2  0 -2  0  2
  0  0  1  0  0 -1
  1  1  1  1  0 -1
  1  1 -1  1  0  0
6	% 
 0  0 -3  0  3 -1
 0 -1 -2  0  1  1
 0  0 -2  0  3 -2
 1  0  1  1  0 -1
 0  0  1  1 -1  0
 0  0  1 -1 -1  1
6	% 
 0  0  0  3 -3 -1
 0 -1  0  1 -2  1
 0  0  0  3 -2 -2
 1  0  1  0  1 -1
 0  0  1 -1  1  0
 0  0 -1 -1  1  1
1,1;1,1;1,1 1 10
24 
#2 
6	% 
  0 -1  1  0  0  0
 -1  1  0 -1  2 -1
  0  0 -1  1 -1  0
 -1  0  1  0  0 -1
  0  0  1  1 -1 -1
  1 -1  0 -1  1  2
6	% 
  0 1  0  1 -1 -1
  0 0 -1 -1 -1  2
  0 0  1  0  1 -1
 -1 0  0 -1 -1  0
  0 0  1  0  0 -1
  0 0 -1  1 -1  1
1,1;1,1;1,1 1 9
18 
#3 
6	% 
 1 -1  0  0  0  1
 0  0 -1  0 -1  2
 0  0 -1  0 -2  2
 0  0 -1 -1 -1  2
 0  1  0 -1  0  0
 0 -1  1  0  1 -1
6	% 
  0  0  1  0  0  1
 -1  0  0  0  1 -1
  0 -1  0  0  1  0
  0  0  0 -1  1  0
  0  0 -1 -1  0  0
  0  0  1  0 -1  1
6	% 
 0  0  0  1  0  1
 0 -1 -1  0  0  1
 1  0  1  0  0  0
 1  1  1  0  1 -1
 1  1  1 -1  0 -1
 0  0  0  1 -1  1
1,1,1;1;1;1 1 16
18 
#3 
6	% 
 -1  1 0 0  1 -2
 -3  2 0 0  2 -4
  3 -2 0 0 -1  4
 -2  1 0 1  1 -3
 -2  1 1 0  1 -3
  0  0 1 1  0 -1
6	% 
  1  1 0 0 -1  4
  2  1 0 0 -1  7
 -1 -2 0 0  1 -6
  1  1 0 1 -1  4
  1  1 1 0 -1  4
  0  0 1 1  0 -1
6	% 
  0  0 -1 -1 0  1
 -1  0 -3 -2 0  2
  0 -1  3  2 0 -2
  0  0 -2 -1 0  2
  0  0 -2 -1 1  1
  0  0  0  0 1  0
1,1,1;1;1;1 1 8
12 
#2 
6	% 
  0 0  1 1  0 -1
  0 1 -1 0  0  0
  0 0  1 0  0  0
  0 0  0 0 -1  1
 -1 0  1 0  0 -1
  0 0 -1 0  0  1
6	% 
  0  0 1  1 0 -1
  0  0 0 -1 1  0
 -1  0 0  1 0 -1
 -1 -1 0  0 0  0
  0  0 0  1 0  0
 -1  0 0 -1 0  0
1,1;1,1;1,1 1 6
6 
#1 
6	% 
  0 0 1  3  0 -2
  0 0 0 -1 -1  1
  0 0 0 -2  0  1
  0 1 0  0  1 -1
 -1 0 0  0  0  0
  0 0 0 -1  0  0
1,1;1,1;1;1 1 13
12 
#1 
6	% 
  0  0 1  3  0 -2
  0  1 0  1  1 -2
 -1 -1 0  1 -2  1
  1  0 0  1  1 -1
  1  1 0 -1  1 -1
  0  0 0 -2  0  1
2-2;1,1;1,1 1 6
8 
#1 
6	% 
  0  1 -1  0  1  0
 -1  0  1  0 -1 -1
 -1  0  2 -1 -1 -1
 -1 -1  3  0 -3 -1
  1  1 -2  0  3  1
  0 -1  1  1 -1 -1
2-1;1,1;1;1 1 31
3 
#1 
6	% 
 -3 1 0 0  0 -2
  1 0 0 0 -1  1
  1 0 0 0  0  0
 -2 0 0 0  0 -1
  1 0 1 0  0  0
  1 0 0 1  0  0
2-1;1,1;1;1 1 28
12 
#2 
6	% 
  0  0  0 -1  0  0
  1 -2  1  0  0  1
 -2  1 -1  0  0 -1
  0  0  0  1 -1  0
 -1  1 -1  1  0 -1
  1 -1  1  1  0  0
6	% 
  0  0 -1  0  0  0
  1  2  0  1  0 -1
 -2 -1  0 -1  0  0
  0  0  1  0 -1  0
 -1 -1  1 -1  0  0
  1  1  1  1  0 -1
2-2;1,1;1,1 1 4
4 
#1 
6	% 
 -1 -1  0  0  0  0
  0  1 -1 -2  1  1
  0  1  1  2 -1 -2
  0  0  0  1  0 -1
  0  0  0  1 -1  0
  0  0  1  1  0 -1
1,1;1,1;1,1 1 8
3 
#1 
6	% 
 0  0 1  0  1 -1
 1 -1 0  0  0  1
 0  0 0  1  0  1
 0 -1 0 -1  0  0
 0  0 0 -1  1 -1
 0  1 0  0 -1  0
1,1;1,1;1;1 1 35
12 
#2 
6	% 
  0 0  0 -1 1 -2
  0 1  0  0 0  0
  0 0 -1  1 0 -2
 -1 0  0  0 0  0
  0 0  0 -1 0  0
  0 0  0  1 0 -1
6	% 
 0 1 -2 -1 0  1
 0 0  1  0 1 -1
 1 0 -2  1 0  1
 0 0  1  0 0  0
 0 0 -1 -1 0  1
 0 0 -1  1 0  0
1,1;1,1;1;1 1 22
6 
#2 
6	% 
  0 0 0  0  1  1
  0 0 1  1  0 -1
  0 1 0  0  1  0
 -1 0 0  0  1  0
  0 0 0 -1 -1  0
  0 0 0  1 -1 -1
6	% 
  1 -1  0 0  0  1
  0  0  1 1  0 -1
  1  0  0 0 -1  1
  1  0  0 0  0  1
 -1  0 -1 0  0  0
 -1  0  1 0  0 -1
2-1;1,1;1;1 1 14
3 
#1 
6	% 
  0  0 -3 1  0  1
  0  0 -1 0 -1  1
  0 -1 -1 0  0  1
 -1  0  1 0  0 -1
  0  0 -1 0  0  0
  0  0  2 0  0 -1
1,1,1;1;1;1 1 18
4 
#2 
6	% 
  0 1  0  1  0 -1
 -1 0  0 -1  0  0
  2 0  0  0  0  1
 -1 0  0  0  0 -1
 -1 0 -1  0  0  0
 -1 0  0  0 -1  0
6	% 
  0 1  1  0  0 -1
 -1 0 -1  0  0  0
  2 0  0  0  0  1
 -1 0  0  0  0 -1
 -1 0  0 -1  0  0
 -1 0  0  0 -1  0
1,1;1,1;1;1 1 38
12 
#2 
6	% 
  0 1 0  1 0 -1
 -1 0 0  1 0 -1
  1 1 1 -1 0  0
  0 0 0 -1 0  0
  0 0 0  1 0 -1
  0 0 0  0 1 -1
6	% 
  0 1 0 0  1 -1
 -1 0 0 0  1 -1
  1 1 1 0 -1  0
  0 0 0 0 -1  0
  0 0 0 0  1 -1
  0 0 0 1  0 -1
3;1,1,1 1 2
1 
#1 
6	% 
 -1 0 0 -1  0  0
  0 1 0  1  0 -1
  0 0 0  0  0 -1
  0 0 0  0 -1  0
  0 0 1  0  0 -1
  1 0 0  0  0  0
1,1;1,1;1;1 1 30
6 
#1 
6	% 
  0 -1 0  0 -1  2
 -1  1 0 -1  0 -1
  1  0 0  0  2 -1
 -1  1 0 -1 -1  0
  0  0 1  1  0 -1
  0  0 1 -1  0  0
2-1;1;1;1;1 1 29
3 
#1 
6	% 
 0 0 -1 0  0  0
 0 1  1 0  0 -1
 1 0 -1 0  0  1
 0 0 -1 0 -1  1
 0 0  1 1  0 -1
 0 0 -1 1  0  0
1,1;1;1;1;1 1 30
24 
#4 
6	% 
 0 0  1  0 0 0
 1 0 -1  0 0 1
 0 0 -1  0 1 0
 0 1  0 -1 0 0
 0 0  1 -1 0 0
 0 0 -1 -1 0 1
6	% 
 0 0  0  1 0 0
 1 0  0 -1 0 1
 0 0  0 -1 1 0
 0 1 -1  0 0 0
 0 0 -1  1 0 0
 0 0 -1 -1 0 1
6	% 
  2  1  1 0  0  0
 -1 -1 -1 0  0  1
 -1 -2 -1 0  0  1
  0  0  0 1 -1  0
  1  1  1 1  0 -1
 -1 -1 -1 1  0  0
6	% 
 1 0 0  1  0  0
 0 0 0 -1  0  1
 0 1 0 -1  0  0
 0 0 1  0 -1  0
 0 0 1  1  0 -1
 0 0 1 -1  0  0
1,1;1;1;1;1 1 19
3 
#1 
6	% 
 0 0 1  3  0 -2
 0 0 0  1 -1  0
 1 0 0  1  0  0
 0 0 0  1  0  0
 0 1 0 -1  0  0
 0 0 0 -2  0  1
1,1;1;1;1;1 1 33
12 
#1 
6	% 
 -2 -2 -1  0 -4  5
  2  1  0  0  4 -3
  0 -1 -1  0 -1  2
  0  0 -1 -1  0  1
  0  0  1 -1  0  0
 -1  0 -1  0 -1  1
1,1;1;1;1;1 1 42
9 
#3 
6	% 
  1 1 0 0  0  0
  1 0 0 0 -1  1
 -1 0 0 0  0 -1
  1 0 1 0  0  0
  1 0 0 1  0  0
 -2 0 0 0  0 -1
6	% 
 0 0 1 0  1 -1
 0 1 0 0  1 -1
 1 0 0 0 -1  1
 0 0 0 0  1  0
 0 0 0 1  1 -1
 0 0 0 0 -2  1
6	% 
 0 0 0 1  1 -1
 0 1 0 0  1 -1
 1 0 0 0 -1  1
 0 0 0 0  1  0
 0 0 1 0  1 -1
 0 0 0 0 -2  1
3;1,1;1 1 8
1 
#1 
6	% 
 1  1  0 0  0  0
 0  0  0 0 -1  0
 0  0 -1 0  0  0
 0 -1  0 0  0  0
 0  0  0 1  0  0
 0  0  0 0  0 -1
2-2;1,1;1;1 1 16
8 
#1 
6	% 
 -1  1  1 -1 -1  0
  1 -1 -1 -1  1  1
  0 -1  0  0  1  0
  1 -1 -1  0  1  1
 -1  1  1  0  0 -1
  1  0  0  0  0  0
2-2;1,1;1;1 1 19
4 
#1 
6	% 
 1  1  0 0  0  0
 0 -1 -1 0  1  0
 0  0  1 1  0 -1
 0  0  1 0  0  0
 0  0  0 0 -1  1
 0  0 -1 0  1  0
1,1;1;1;1;1 1 53
1 
#1 
6	% 
 1  3 0 0 0 -1
 0 -1 0 0 0  1
 0  1 1 0 0 -1
 0  1 0 1 0 -1
 0  1 0 0 1 -1
 0 -2 0 0 0  1
1,1;1;1;1;1 1 51
8 
#2 
6	% 
  3 -2 0 0  3  1
 -2  3 0 0 -3 -1
  1 -1 0 0  1  1
  1 -1 1 0  1  0
  1 -1 0 1  1  0
 -2  2 0 0 -2 -1
6	% 
 0 -1 0 -3 0  2
 1  0 0  3 0 -1
 0  0 0 -1 0  1
 0  0 1 -1 0  0
 0  0 0 -1 1  0
 0  0 0  2 0 -1
3;1,1;1 1 9
2 
#1 
6	% 
 -1 0  0 -1 0  0
  0 1  0  1 0 -1
  0 0  0  0 0  1
  0 0  0  0 1  0
  0 0  0  1 0  0
  0 0 -1  0 0  1
2-2;1,1;1;1 1 9
4 
#1 
6	% 
  1 0 -2 -1  2  2
 -1 1  0  0  0 -1
  1 0  2  1 -2 -1
  0 0  2  1 -1 -2
  0 0  1  1 -2 -1
  0 0  2  1 -2 -1
2-2;1,1;1;1 1 18
8 
#1 
6	% 
  0 1  0  1  0 -1
 -1 0  0 -1  0  0
  0 0  0  0  1  0
  0 0 -1  0  0  1
  0 0  1 -1 -1  0
  0 0  0  1  0  0
1;1;1;1;1;1 1 22
3 
#1 
6	% 
 0 1 0  1  0 -1
 0 0 0 -1 -1  1
 0 0 1 -1  0  0
 1 0 0 -1  0  1
 0 0 0  2  0 -1
 0 0 0 -1  0  1
1;1;1;1;1;1 1 37
1 
#1 
6	% 
 0 1 0 0 0  0
 1 0 0 0 0  0
 0 0 1 0 0 -1
 0 0 0 1 0 -1
 0 0 0 0 1  0
 0 0 0 0 0  1
2-2;1;1;1;1 1 16
4 
#1 
6	% 
 1 0 -1 0 1  1
 0 1  0 0 0  0
 0 0  0 1 0 -1
 0 0 -1 0 1  0
 0 0  0 0 1  0
 0 0  1 0 0 -1
