#36

2-2;1;1;1;1 1 15
1 
#1 
6	% 
 1 0 0 0 0 0
 0 1 0 0 0 0
 0 0 1 0 0 0
 0 0 0 1 0 0
 0 0 0 0 1 0
 0 0 0 0 0 1
1,1,1,1,1,1 1 1
1 
#1 
6	% 
 1 0 0 0 0 0
 0 1 0 0 0 0
 0 0 1 0 0 0
 0 0 0 1 0 0
 0 0 0 0 1 0
 0 0 0 0 0 1
1,1,1,1,1;1 1 2
5 
#2 
6	% 
  1  0  0  0  0  0
  0  0  1  0  0  0
  1  0  1 -1  0  0
  0 -1  0 -1 -1  1
 -1  1 -1  1  0 -1
  1 -1  1 -1 -1  0
6	% 
 -1  0  0  0 -2 -1
  0  0  0  0 -1  0
 -1  1  0  0 -1  0
 -1  0  0 -1 -2 -1
  1 -1 -1  0  2  1
 -1  1 -1 -1 -3  0
1,1,1,1,1;1 1 1
1 
#1 
6	% 
 0  0  0  0 -1  0
 0 -1 -1  0 -1 -1
 0 -1  0 -1 -1 -1
 0  0 -1 -1  0 -1
 0  1  1  1  1  1
 1  0  0  0  0  0
1,1,1,1;1,1 1 3
9 
#2 
6	% 
  1 0  0  0  0  0
  2 1  1  1  1 -1
 -1 0  1  0  0 -1
 -1 0 -1 -1 -1  1
  1 0  1  0  0  0
  1 0 -1 -1  0  1
6	% 
 -1  0  0 -1 -1  1
  0 -1  0 -2 -1  1
  1  0 -2 -1  1  2
  0  1  1  2  1 -2
  0 -1  1 -1 -1  0
 -1  0 -2 -1  0  3
1,1,1,1;1,1 1 2
6 
#3 
6	% 
 0  0  1  0 0 0
 0  0  1 -1 0 0
 0 -1  1  0 0 0
 1  0  0  0 0 0
 0  1 -1  1 1 0
 0 -1  1 -1 0 1
6	% 
  1  0 0 1  2 -2
  1  0 0 0  0 -1
  1  0 0 0  1  0
  0 -1 1 0  0  0
 -1  1 0 0 -1  1
  1  1 0 1  2 -2
6	% 
 0  1 0 -1  0  0
 0  0 0 -1  1  0
 0  1 0 -1 -1  0
 1  0 0  0  0  0
 0 -1 1  1  0 -1
 0  1 1  0  1  0
1,1,1;1,1,1 1 2
1 
#1 
6	% 
  0 0  0 0 0  1
  0 0  0 1 0 -1
 -1 0  0 0 0  0
  0 1 -1 0 0  0
  1 0  1 1 1 -1
  1 0  1 0 0  0
1,1,1;1,1,1 1 3
9 
#2 
6	% 
  3  2 0  1  1 -1
  0  0 1 -2 -1  1
  1  1 0  2  1 -2
 -2 -1 0 -1 -1  1
 -1 -1 0  1  1  0
  2  1 0  0  0  0
6	% 
  0  1  1  1  1 -1
 -1  0  0  0  0  0
  1  0  1 -1  0  0
 -1 -1 -2 -1 -1  2
  1  0 -1 -2 -1  1
 -1  1  2  2  1 -2
2-2;1,1,1,1 1 2
1 
#1 
6	% 
  2 -1 -1 -1 -1  1
  1  0  0  0  0  0
  2  1  0  1  0  0
 -2  0  1  0  0 -1
  2  0 -1 -1 -1  1
 -2  0  1  0  1  0
1,1,1,1;1;1 1 5
6 
#1 
6	% 
 0 0  1  0  0  0
 1 0  2  0  1 -1
 0 0  2  1  0 -1
 0 1 -3  0  0  0
 0 1  3  1  1 -1
 0 0 -2 -1 -1  0
1,1,1;1,1;1 1 7
15 
#3 
6	% 
 0 0 0  2  1 -1
 0 0 0  3  1 -1
 1 0 0 -6 -2  2
 0 1 0  2  1 -1
 0 1 1  1  1 -1
 0 0 0  1  1  0
6	% 
 0  2 0  2  1 -1
 0  2 0  1  1 -1
 0 -5 0 -4 -3  3
 1  1 1  1  1 -1
 1  0 0  0  0  0
 0  1 0  1  1  0
6	% 
 0 0 0  1 -1  1
 0 0 0  1 -2  1
 0 1 0 -2  5 -3
 1 0 0  1 -1  0
 1 0 0  0  0  0
 0 0 1  1  0  0
1,1,1,1;1;1 1 2
5 
#2 
6	% 
 0  1  0  0  0  0
 0  0 -1 -1 -1  1
 0  1  0 -1  0  0
 1  0  0  0  0  0
 0 -1  1  1  0 -1
 0  1 -1 -1 -1  0
6	% 
 0  1  0 -1  0 0
 0  1  0  1  1 1
 0  0  0 -1  1 0
 1  0  0  0  0 0
 0 -1 -1  0 -1 0
 0  1 -1 -1  0 1
1,1,1;1,1;1 1 9
3 
#1 
6	% 
 -2 -2 0 -1 -1  1
 -1 -1 1  0  0  0
  3  2 0  1  1 -1
 -1 -1 0  1  0  0
  0  0 0 -2 -1  0
  0  0 0  0 -1 -1
2-2;1,1,1;1 1 5
2 
#1 
6	% 
  1  0  0  0  0 0
  2  1 -1  0  0 0
 -2 -1 -1 -1 -1 1
 -2 -1  0  0 -1 0
 -2 -1  0  0  0 1
 -2 -1  0 -1 -1 1
1,1,1;1,1;1 1 11
12 
#2 
6	% 
 0  0 0  3  1 -1
 0  0 0  1  0  0
 1  0 0 -5 -1  1
 0  1 0  2  1 -1
 0 -1 0  0  0  1
 0  0 1  2  1 -1
6	% 
  2 -2 0 -3 -1  3
  0 -2 0 -2 -1  2
 -1  6 0  7  3 -7
  1 -1 0 -1  0  2
  0 -1 0 -3 -2 -1
  1 -1 1 -1  0  1
1,1,1,1;1;1 1 6
1 
#1 
6	% 
  0  0 0 0 0 -1
  1  0 0 0 0  0
  1  0 0 1 2 -2
 -1  0 1 0 0  1
  1  1 0 1 1 -2
  0 -1 1 0 0  0
1,1,1;1,1;1 1 6
2 
#1 
6	% 
 0 0 0  1  1 -1
 0 0 0  1  1  0
 0 0 0 -3 -2  1
 1 1 0  1  1 -1
 1 0 0  0  0  0
 0 0 1  1  1 -1
2-2;1,1,1;1 1 3
1 
#1 
6	% 
 0  1  0  1  0  0
 0 -1  1  0  0  0
 1  0  0  0  0  0
 0  0 -1  0  0  0
 0  0  1  1  0 -1
 0  0 -1 -1 -1  0
1,1,1;1,1;1 1 8
9 
#2 
6	% 
 0 0 0 -1 -1  1
 0 0 0 -2 -1  1
 0 1 0  4  3 -3
 0 0 1  0 -1 -1
 0 0 0 -1  0  1
 1 0 0  0  0  0
6	% 
 0 -2 0  1 -1 -1
 0 -2 0  2 -1 -2
 0  7 1 -4  4  4
 0 -1 0  1  0  0
 0 -1 0  1  0 -1
 1  0 0  0  0  0
1,1,1;1,1;1 1 3
1 
#1 
6	% 
 0 0  0  1  1 -1
 0 0  0 -1  0  0
 0 0  0  0 -1  0
 0 1  0  1  1 -1
 0 1 -1  0  0  0
 1 0  0  0  0  0
2-2;1,1,1;1 1 6
1 
#1 
6	% 
  1 0  0  0  0  0
  1 1  1  1  1 -1
  0 0  0  0 -1  0
  1 0  1  0  0 -1
  0 0  0 -1  0  0
 -1 0 -1  0  0  0
1,1;1,1;1,1 1 4
3 
#1 
6	% 
  0 1  1  1  1 -1
 -1 0  0  0 -1 -1
  1 0  0  1  1  0
  0 0 -1 -1 -1  1
  0 0  1  0  0  0
 -1 0  0  1  0 -1
1,1;1,1;1,1 1 9
6 
#1 
6	% 
  1 0  0  0  0  0
  0 0  0 -1 -1  0
  0 0  0 -1  0  1
  0 1  0 -1  0  0
 -1 1 -1  0  0  0
  1 0  1  2  1 -1
1,1,1;1;1;1 1 16
3 
#1 
6	% 
 1 0 0 -1  0  0
 0 0 0 -3 -1  0
 0 0 0  3  0 -1
 0 0 1 -2  0  0
 0 1 0 -2  0  0
 0 1 1  1  1 -1
1,1,1;1;1;1 1 7
6 
#1 
6	% 
 0 1  0  0  1 -1
 1 0  0  0  0  0
 0 0  0  1  0 -1
 0 0 -1 -1 -1  1
 0 0  0 -1 -1  0
 0 0 -1  0  0  0
1,1;1,1;1;1 1 24
6 
#1 
6	% 
 1  2  0 1  1 -1
 0  0  0 0 -1  0
 0  0  0 0  0 -1
 0  0 -1 0  0  0
 0 -1  0 0  0  0
 0  1  1 1  1 -1
1,1;1,1;1;1 1 16
3 
#1 
6	% 
 0 1  1  1 1 -1
 1 0  0  0 0  0
 0 0  0 -1 0  1
 0 0 -1  1 0  0
 0 0  0  1 1  0
 0 0  1  2 1 -1
1,1,1;1;1;1 1 11
1 
#1 
6	% 
 0 0 0  0  0  1
 0 0 0 -1 -2  2
 1 0 0  0  0  0
 0 1 1  1  1 -1
 0 0 1  0 -1  1
 0 1 0  0 -1  1
1,1;1,1;1;1 1 26
3 
#1 
6	% 
 1  0  0  0  0 0
 0  0  0  0  0 1
 0  0  0  0 -1 0
 0 -1  0  0  0 0
 0  0 -1 -1 -1 1
 0 -1  1  0  0 0
2-2;1,1;1,1 1 4
3 
#2 
6	% 
  0 1  1  1  1 -1
 -1 0 -1 -1  0  0
  1 0 -1  0 -1  1
  1 0  0  0 -1  0
  1 0  0  0  0  1
  1 0  0  1  0  0
6	% 
  1  0  2  1  1 -1
 -1  1 -1  0  0  0
 -1 -1 -1 -1 -1  1
  0 -1  0  0 -1  0
  0 -1  0  0  0  1
  0 -1  0 -1 -1  1
1,1;1,1;1;1 1 33
6 
#1 
6	% 
 1  0 0  0  0  0
 0  0 0 -1 -1  0
 0  0 0  0 -1 -1
 0  1 1  2  1 -2
 0  0 1  0  0 -1
 0 -1 0 -1  0  2
1,1;1;1;1;1 1 35
3 
#1 
6	% 
 1 0 0  0  0  0
 0 0 0 -2 -1  0
 0 0 0  2  0 -1
 0 1 1  1  1 -1
 0 1 0 -1  0  0
 0 0 1 -1  0  0
2-2;1,1;1;1 1 17
1 
#1 
6	% 
  0 1  1  1  1 -1
  1 1  0  1  0  0
  1 0  0  1 -1  0
 -1 0 -1 -1  0  0
  1 0  0  0 -1  1
  1 0  0  1  0  1
2-2;1,1;1;1 1 7
2 
#1 
6	% 
 1  0  0  0  0 0
 0  1 -1  0  0 0
 0 -1 -1 -1 -1 1
 0 -1  0  0 -1 0
 0 -1  0  0  0 1
 0 -1  0 -1 -1 1
2-2;1,1;1;1 1 19
2 
#1 
6	% 
 1 0 0  0  0  0
 0 1 0  0  1 -1
 0 0 1  1  1  0
 0 0 0  0  0  1
 0 0 0  0 -1  0
 0 0 0 -1  0  0
2-2;1,1;1;1 1 10
1 
#1 
6	% 
 0 -1 -1 -1 -1  1
 1  0  0  0  0  0
 0  0  0  0  0  1
 0 -1  0 -1  0  1
 0  0  0 -1  0  0
 0  1  0  1  1 -1
