#8

3,3 3 1
1 
#1 
6	% 
 1 0 0 0 0 0
 0 1 0 0 0 0
 0 0 1 0 0 0
 0 0 0 1 0 0
 0 0 0 0 1 0
 0 0 0 0 0 1
1,1,1,1,1,1 1 1
1 
#1 
6	% 
 1 0 0 0 0 0
 0 1 0 0 0 0
 0 0 1 0 0 0
 0 0 0 1 0 0
 0 0 0 0 1 0
 0 0 0 0 0 1
1,1,1,1;1,1 1 3
9 
#2 
6	% 
  0  0  1  1 1  1
 -1 -1 -1  0 0  0
  0  1  0  0 0  0
  1  0  0 -1 0 -1
  0 -1  0  0 1  1
 -1  0  0  0 0  0
6	% 
  1  0 -1 0  1  1
  0 -1  0 0  0  0
 -1  1  0 1  0  0
  0  0  1 0 -1 -1
  1 -1  0 0  1  1
  0  0 -1 0  0  1
2-1',2-1';1,1 1 3
3 
#1 
6	% 
  1 -1  0  0 -1 -1
 -1  0  1  1  1  1
 -1  1  0 -1  0  0
 -1  1 -1 -1  0 -1
  0  1  0  0  0  1
  0  0 -1 -1 -1 -1
2-2',2-2';1,1 1 3
4 
#1 
6	% 
 -1  0 1  0 -1  1
 -1  0 0 -1 -1 -2
  1 -1 0 -1 -2 -1
  0  0 0  0  0  1
  0  0 0 -1 -1 -1
  0  0 0  0  1  0
2-2,2-2;1,1 1 3
4 
#1 
6	% 
 1  0 -1  0  0 0
 0  0 -1  0  0 0
 0 -1  1  0  0 0
 0  0  0  1  1 1
 0  0  0  0 -1 0
 0  0  0 -1  0 0
1,1;1,1;1,1 1 11
4 
#2 
6	% 
  0  0 -1  0  0  0
  0  1  0  0  0  0
  1  0  0  0  0  0
  1 -1  0  0 -1  0
  0  0  3  0  0  1
 -1  1 -3 -1  0 -1
6	% 
  0  0  0  0  1  1
  2 -3  3 -2 -1 -2
  3 -2  2 -1  0 -2
 -2  1 -1  1  0  1
 -1  1 -2  1 -2 -1
  0  1  0  0  2  2
2-1,2-1;1,1 2 4
3 
#1 
6	% 
 -1  1 0  1 -1  0
  0 -1 1 -1  0 -1
 -1 -1 1  0  0  1
  0  0 0  1  0  1
  1  0 0 -1  0 -1
 -1 -1 1  0 -1  0
