#33

2-2;1;1;1;1 1 4
1 
#1 
6	% 
 1 0 0 0 0 0
 0 1 0 0 0 0
 0 0 1 0 0 0
 0 0 0 1 0 0
 0 0 0 0 1 0
 0 0 0 0 0 1
1,1,1,1,1,1 1 1
1 
#1 
6	% 
 1 0 0 0 0 0
 0 1 0 0 0 0
 0 0 1 0 0 0
 0 0 0 1 0 0
 0 0 0 0 1 0
 0 0 0 0 0 1
1,1,1,1,1;1 1 2
10 
#3 
6	% 
 0 -1  1  0 -1  0
 0  0  1  1  0  1
 0 -1  0  1 -1  0
 0  0  1  0  0  1
 1  0 -1 -1  1 -1
 1 -1  1  1 -1  1
6	% 
 -1  1  0  0 -1  1
 -1  0  0  0  0  0
 -2 -1  0  1 -1 -1
 -1  0 -1 -1 -1  1
  2  0  1  0  1  0
 -2  0  0  0 -1  0
6	% 
 -2  1 -1 -1 -1 -1
 -2  1 -1 -1 -1  0
 -2  1 -2 -1 -1 -1
 -2  1 -1  0 -1 -1
  3 -1  2  1  2  1
 -3  2 -2 -1 -2 -1
1,1,1,1;1,1 1 1
1 
#1 
6	% 
 0  0 -1 -1  0 -1
 0  0  0 -1 -1 -1
 0  0 -1  0 -1 -1
 0  0  1  1  1  1
 0 -1  0  0  0  0
 1  1  0  0  0  0
1,1,1,1;1,1 1 3
24 
#2 
6	% 
  0  0  1 1 0  0
  0  1  1 0 1  1
 -1  1 -1 0 0  0
  1 -1  1 0 0 -1
  1  0  2 0 0  1
 -1  0 -1 0 0  0
6	% 
  0  0  1 1  0  0
 -2  1 -1 0 -1 -1
  0  1  0 0  0 -1
  1 -2  0 0  0  1
 -1 -1 -1 0  0 -1
  0  1  1 0  0  1
1,1,1,1;1,1 1 2
6 
#1 
6	% 
 -1 -1 0 -1 1  1
  0 -1 0  0 0  0
 -1 -1 0 -1 0  2
  0  0 1  1 0  0
  1  1 0  0 0 -1
 -1 -1 0 -1 0  1
1,1,1;1,1,1 1 2
4 
#1 
6	% 
  1  0  1  0  0  0
 -1 -1 -1  0  0  0
  0  0  0  0  1 -1
  0  0  0 -1  1  1
  0  0  0  1 -1  0
  0  0  1  1 -1  0
1,1,1;1,1,1 1 3
18 
#1 
6	% 
 0 -1  0 -1  1 1
 0  0 -1  0  0 0
 1 -1  1 -1  0 0
 0  0  0  1 -1 0
 1  0  1 -1  0 0
 0  0  0  0  1 0
2-2;1,1,1,1 1 1
1 
#1 
6	% 
 0 1  0  0  0  0
 1 0  0  0  0  0
 0 0  0 -1 -1 -1
 0 0 -1  0 -1 -1
 0 0 -1 -1  0 -1
 0 0  1  1  1  1
1,1,1;1,1;1 1 9
24 
#2 
6	% 
 0  0  0  1 -1  1
 0  0  1  0  0  0
 0  0 -1 -2  1 -1
 0 -2  0  0  0  1
 1  0  0  0  0  0
 2 -1  0  0  0  0
6	% 
 0  0 -1 -2  2  0
 0  0  0 -1  2  0
 0  0  1  3 -3 -1
 0  0 -1 -1  1  0
 1 -1  2  0  0  0
 0 -1  0  0  0  0
1,1,1;1,1;1 1 7
36 
#2 
6	% 
 0 -1 0  0  0 0
 0  0 0  1 -2 0
 0  0 0 -2  3 1
 0  0 0  0 -1 0
 0  0 1  0  0 0
 1 -1 0  0  0 0
6	% 
 -2 1 0  0  0 0
  0 0 0  1 -2 0
  0 0 0 -2  3 1
  0 0 0  1 -1 0
  0 0 1  1  0 0
 -1 1 0  0  0 0
1,1,1,1;1;1 1 3
3 
#1 
6	% 
  0  0 -1  0 -1 -1
  0  0 -1 -1  0 -1
  0  0  0 -1 -1 -1
  0  0  1  1  1  1
 -1  0  0  0  0  0
  1 -1  0  0  0  0
1,1,1,1;1;1 1 5
24 
#2 
6	% 
 0  1  1  1  0  0
 0  0  1  2 -1 -1
 0  0  0  1 -1  0
 1 -1 -1 -2  1  1
 1  0  1  2 -1 -1
 0  0 -1 -1  1  0
6	% 
  0 0  0  0 -1  1
  0 0 -1 -1 -1  1
 -1 1 -1 -1 -1  1
  0 0  1  1  1 -2
  0 0  0 -1 -1  2
  1 0  1  1  1 -1
1,1,1;1,1;1 1 10
72 
#2 
6	% 
 -2  1  0 -2  2  2
 -2  1  0 -1  0  2
  6 -3  0  4 -3 -5
 -1  1  0 -1  1  1
 -1  0 -1 -1  0  1
  0  0 -1  0  0  0
6	% 
  0  1 -2 -2  0  0
  0 -1 -3 -3 -1  1
  0  0  6  6  1 -1
  1  0 -1 -1  0  0
 -1  0 -1 -2  0  1
  0  0  1  0  0  0
1,1,1,1;1;1 1 4
6 
#1 
6	% 
  1 1 0  0  1 -1
  1 0 0  0  0  0
 -2 0 0  1 -3  1
  0 0 0 -1  2  0
  0 0 0  1 -1  0
  0 0 1  1 -1  0
1,1,1;1,1;1 1 5
12 
#1 
6	% 
 0  0  0 -1  1  1
 0  1  0  0  0  0
 1 -1  0  1 -1 -1
 0  0  0  0  1  0
 0  0 -1 -1  0  0
 0  0 -1  0  0  0
1,1,1;1,1;1 1 2
4 
#1 
6	% 
 0 0  1 0  2  0
 0 0  1 1  1 -1
 0 0 -1 0 -3  1
 1 0  0 0  0  0
 0 1  0 0  0  0
 0 0  0 0  1  0
2-2;1,1,1;1 1 2
4 
#1 
6	% 
  0 0 0 1 -1 -1
  0 0 0 0 -1  1
  0 0 1 0  1  0
 -1 1 0 0  0  0
  0 1 0 0  0  0
  0 0 0 0 -1  0
1,1,1;1;1;1 1 10
12 
#1 
6	% 
 0  0  0 -1  0  0
 0  0 -1 -1 -1 -1
 0  0  1  1  0  1
 1  0  0  0  0  0
 1 -1  0  0  0  0
 0  0 -1 -1 -1  0
1,1;1,1;1;1 1 19
9 
#1 
6	% 
  0  0 1  1  0 0
  0  0 0  0 -1 1
  0  0 0 -1  1 0
 -1  0 0  0  0 0
  0  0 0  0  1 0
  1 -1 0  0  0 0
1,1;1,1;1,1 1 2
3 
#1 
6	% 
 0  0 1  1  0 0
 0 -1 0  0  0 0
 1  1 0  0  0 0
 0  0 0  0 -1 1
 0  0 0 -1  1 0
 0  0 0  0  1 0
1,1,1;1;1;1 1 8
36 
#2 
6	% 
  0 1  0  0  1 -1
 -1 0  0  0 -1  1
  0 0  0 -1  1  0
  0 0 -1 -1  0  0
 -1 1  0  0  1 -1
  0 0  0  0 -1  0
6	% 
  0 0  0  0 1 -1
 -1 1  0 -1 0  2
  0 0  0  1 0 -1
  0 0 -1  0 0  0
  1 0  0  1 0 -2
  0 0  0  0 0  1
1,1;1,1;1;1 1 10
72 
#2 
6	% 
  0  0  3  3  2 -2
  0  1  0  0 -1  0
  0  0 -1 -1 -1  1
 -1  1  0  0  0  0
 -1  0  0  0  0  0
  0 -1  0 -1  0  1
6	% 
  0  0  3 1  2  2
  0  0  0 0 -1  0
  0  0 -1 0 -1 -1
  1 -1  1 0  0  0
 -1  0 -1 0  0  0
  0  0 -1 0 -1  0
1,1;1,1;1,1 1 6
36 
#1 
6	% 
  0  0  5  5  2 -2
  1 -1  0 -2  0  1
  0  0 -3 -3 -1  1
 -1  1 -1  0  0  0
 -1  0 -1  0  0  0
  1  0  0 -1 -1  0
1,1;1,1;1;1 1 21
36 
#1 
6	% 
  3 -1 0  0  2 -2
  0 -3 0 -1  1  1
 -2  4 0  1 -2  0
 -1  2 0  1 -1  0
  3 -2 0  0  2 -2
 -1  2 1  1 -1  0
1,1;1,1;1;1 1 5
6 
#1 
6	% 
 0 0 0 -2  3 1
 1 0 0  0  0 0
 0 1 0  0  0 0
 0 0 0  1 -2 0
 0 0 0 -1  1 0
 0 0 1  0  1 0
1,1,1;1;1;1 1 4
4 
#1 
6	% 
  1 1  0  0  1 -1
 -1 0  0  0  0  0
  0 0  0  0 -1  1
  0 0 -1 -1  1 -1
  0 0  0 -1  1  0
  0 0 -1 -1  1  0
2-2;1,1;1,1 1 2
3 
#1 
6	% 
 0 0 1  1  0 0
 0 0 0  0 -1 1
 0 0 0 -1  1 0
 1 0 0  0  0 0
 0 1 0  0  0 0
 0 0 0  0  1 0
1,1;1;1;1;1 1 16
18 
#1 
6	% 
  0  0 1  0 0 0
  0  0 0  1 0 0
 -1  0 0  0 0 0
  0  0 0 -1 0 1
  1 -1 0  0 0 0
  0  0 0 -1 1 0
1,1;1;1;1;1 1 13
24 
#2 
6	% 
 1  3  0  0  2 -2
 0 -2  0  0 -1  1
 0  0 -1 -1  0  0
 0  1 -1  0  0 -1
 1 -4  0  0 -2  2
 0  1  0  0  0 -1
6	% 
 -1 1  0 0 -2  2
  0 0  0 0  1 -1
  0 0 -1 0  0  0
  0 0  0 1 -1  0
  1 0  0 0  2 -2
  0 0  0 0  0  1
2-2;1,1;1;1 1 4
6 
#1 
6	% 
 0 0 0 -2  3 1
 1 0 0  0  0 0
 0 0 0  1 -2 0
 0 1 0  0  0 0
 0 0 1  0  1 0
 0 0 0 -1  1 0
1,1;1;1;1;1 1 7
1 
#1 
6	% 
 1 0  0 0 0 0
 0 1  0 0 0 0
 0 0 -1 0 0 0
 0 0  2 1 0 0
 0 0  1 0 0 1
 0 0  1 0 1 0
1;1;1;1;1;1 1 9
3 
#1 
6	% 
 -1 1  0  0 0 0
  0 0 -1 -1 0 0
  0 0 -1  0 0 0
  0 0  0  0 0 1
  1 0  0  0 0 0
  0 0  0  0 1 0
