#65

3;1;1;1 2 11
1 
#1 
6	% 
 1 0 0 0 0 0
 0 1 0 0 0 0
 0 0 1 0 0 0
 0 0 0 1 0 0
 0 0 0 0 1 0
 0 0 0 0 0 1
1,1,1,1,1,1 1 1
1 
#1 
6	% 
 1 0 0 0 0 0
 0 1 0 0 0 0
 0 0 1 0 0 0
 0 0 0 1 0 0
 0 0 0 0 1 0
 0 0 0 0 0 1
1,1,1,1,1;1 1 2
12 
#4 
6	% 
  0  0  0  0 -1  1
  0  0  0  0  0  1
  0 -1  1  1 -1  1
 -1  0  0 -1 -1  1
  0  0 -1  0  1 -2
  0 -1  1  0 -1  2
6	% 
  0  0 1  1 0  1
 -1  0 0  0 0  0
 -1  1 0  2 1  1
  0 -1 0  1 0  0
  1  0 0 -2 0 -1
 -1  0 0  2 1  0
6	% 
 1 0  0  0  0  0
 0 1  0  0  0  0
 0 0 -1 -1 -1 -1
 0 0  0  0  1 -1
 0 0  0  1  0  0
 0 0 -1  0  0 -1
6	% 
  1  1 -1 -1  1  0
  0  1 -1 -1  0  0
  1  1 -1 -1  0  0
  1  1 -1 -1  1  1
 -2 -2  1  2 -1 -1
  1  1 -1 -2  1  1
2-1;1,1,1,1 1 2
3 
#1 
6	% 
  0  0  0  0  0  1
  0  0  0  0  1  0
  0  1 -1 -1  1  1
  0  1  0 -1  1  1
 -1 -1  0  0  0  0
  0  0  0  1 -1 -1
1,1,1;1,1,1 1 2
4 
#2 
6	% 
  0  1  0  0  0  0
  1  1  1  1 -1  0
  0  0 -1  1 -1 -1
  0  0  0  0 -1  1
 -1 -1  0 -1  1  0
  1  1  1  0  0  0
6	% 
  0  1  0  0  0  0
  1  1  1 -1  0  1
  0  0  0  0 -1  0
  0  1 -1 -1  1  2
 -1 -1  0  1  0 -1
  1  0  1  0  0  0
1,1,1,1;1,1 1 3
32 
#5 
6	% 
  1  1  1 -2 -1  0
  2  1  1 -1  0  1
  0 -1  0  1  0  1
 -1 -1 -1  1  0 -1
  1  0  1 -1  0  1
  0  0  0 -1 -1  0
6	% 
  0  0  0  0 0 -1
  0  0  0  0 1 -1
  0  2 -1  0 0  0
  1 -1  1  0 0  2
 -1 -1  0 -1 0 -1
  0  1  0  1 0 -1
6	% 
  0 -1  0  0 -1  0
  0  1  1 -1  0  1
 -1  0  0  0  0  0
  1  1 -1  0  1 -1
  1  1  0 -1  0  1
 -1 -1  0  0  0  0
6	% 
  1 0  1  1 1  2
  2 1  1  1 0  1
  0 0 -1  0 0 -2
 -1 0  0 -1 0  0
  1 0  1  0 0  1
  0 0  0  1 1  0
6	% 
  0 -1  2  0  0  2
  1  1 -1 -1  1  0
  1  1 -1  0  1 -1
 -2 -1  0  0 -1  0
  0 -1  0  0  0  1
  0  0  1  0  0  0
1,1,1,1;1,1 1 2
7 
#3 
6	% 
 0  0 1  1 -1  0
 0 -1 0  0  0  0
 1  1 0  2 -1 -1
 0  0 0  0 -2 -1
 0  0 0 -1  1  1
 0  0 0  1  0  0
6	% 
  0 -1 1  1 -1 -1
  0  0 0  0  0 -1
  0  0 0  0 -1  0
  1  0 0  0  0  0
 -1  0 0 -1  1  1
 -1 -1 0  1 -1 -1
6	% 
  0  0 0  0 1  0
  0  0 0  0 0  1
 -2 -1 1  1 0 -1
  1  1 0  0 0  0
 -1 -1 0 -1 0  1
 -2 -2 1  0 0  0
2-1;1,1,1;1 1 6
6 
#1 
6	% 
  0 -1  1 1 -2 -1
  1  1 -1 0  1  0
  0  1 -2 0  2  1
 -1 -1  0 0  0  0
  1  0  1 0 -1  0
  0 -1  2 0 -3  0
2-1;1,1,1;1 1 5
6 
#2 
6	% 
 0 1 -1 -1 1  2
 0 1 -1 -1 1  1
 0 0  0  1 0 -1
 1 0  0  0 0  0
 0 1  0  0 0  0
 0 0  1  0 0  0
6	% 
 0 0 0  0 1 0
 0 0 0  0 0 1
 0 1 0 -1 1 0
 1 0 0  0 0 0
 0 1 0  0 0 0
 0 0 1  0 0 0
1,1,1;1,1,1 1 3
12 
#2 
6	% 
 -2  0 -1 -1  1  0
  0 -5  0  0 -3  0
  0  3 -1  0  2 -1
  1  1  1  1  0  0
  0  2  1  0  1  0
 -1  2 -1 -1  2  0
6	% 
 -1  1  0  0  0  0
  0  1 -1 -1  0 -1
 -1  0  0  0  0  1
  1 -1  0  1 -1 -1
  1  0  0  0  1  0
 -1  0  0  1 -1 -1
1,1,1;1,1,1 1 4
12 
#1 
6	% 
  0 -1 0 1 -1 -1
  1  1 0 0  0 -1
 -1  0 0 0  1  1
  0  0 1 0 -1  0
 -1 -1 0 0  1  1
  1  0 0 0 -1  0
2-1;1,1;1,1 1 4
3 
#1 
6	% 
 0  0 -1 1  0 -1
 0  0  0 0 -2 -1
 0 -1  1 0 -2  0
 1  1  0 0  0  0
 0 -1  0 0  0  0
 0 -1  1 0  1  1
2-1;1,1;1,1 1 8
6 
#1 
6	% 
 1  1  0  0 0  0
 0 -1  0  0 0  0
 0 -1  1  1 1  1
 0  0 -1  0 0 -1
 0  1 -1 -1 0 -2
 0  0  0 -1 0  0
2-2;1,1,1,1 1 2
4 
#1 
6	% 
  0  0 1 0  0  0
  0  0 0 0  0  1
  0  0 0 0  1  1
 -1 -1 0 0 -1 -1
  0 -1 1 1  0  1
  1  0 0 0 -1 -1
1,1,1,1;1;1 1 5
32 
#5 
6	% 
  1 0  0  1  0 -1
  1 0 -1  2 -1 -1
  0 0  0  1  0 -1
 -1 0  1 -2  1  2
  1 0 -1  2  0 -1
  0 1  0 -1  0  1
6	% 
  0  0  0 0 0 -1
  0  0  0 0 1 -2
 -1 -1  0 1 0 -2
  1  1  0 0 0  3
 -1  0  0 0 0 -3
  1  1 -1 0 0  1
6	% 
  0  0  0  0  0 -1
  0  0  0  0  1 -1
 -1 -1 -1  1  0 -1
  1  0  1  0 -1  2
 -1 -1  0  1  0 -2
  1  0  1 -1  0  1
6	% 
  1  0 0  0 0  0
  1 -1 0  0 0  0
  0  0 0  0 0 -1
 -1  0 0 -1 0  0
  1  0 1  0 0  1
  0  0 0  0 1  0
6	% 
  1 1  1 -1  0  1
  0 0  1 -1  0  1
  1 0  1 -2  0  1
 -1 0 -2  2  0 -1
  1 0  2 -2 -1  2
 -1 1 -2  1  1 -1
1,1,1;1,1;1 1 7
24 
#4 
6	% 
 -2 -1 0  0  0  0
 -2  0 0 -2  1  1
  4  0 1  3 -2 -1
 -1  0 0 -1  0  0
  0  0 0  0 -2 -1
 -1 -1 0  0  0  0
6	% 
  2  1 0 0  2  0
  2  1 0 0  1  1
 -4 -2 0 0 -3 -2
  1  0 1 0  0  1
  0 -1 1 1 -1  0
  1  1 0 0  1  0
6	% 
 0  0 -2  2 1 -1
 0 -1  0  2 0  0
 0  2  1 -5 0  1
 0 -1  0  1 0  0
 1  0  0  0 0  0
 0  0 -1  1 1 -1
6	% 
  0 -2  0 0 -1 -1
  2  1  0 0  1  1
 -3  0  0 0 -1 -1
  1  1 -1 0  1  0
  0  0 -1 1  0 -1
  0 -1  0 0 -1  0
1,1,1;1,1;1 1 12
72 
#6 
6	% 
  2  1  0  0  0  0
  2  2 -1 -1  2 -1
 -2 -2  1  1 -1  0
  1  1  0 -1  1  0
 -1 -1  0  1 -1 -1
  1  1  0  0  0  0
6	% 
  2  1  0  0  0  0
  0  0 -2  2  1 -3
 -2 -1  3 -3 -1  4
  0  0 -1  1  1 -1
 -1 -1  2 -1 -1  2
  1  1  0  0  0  0
6	% 
 0  0  0  0 -1 -1
 0  0 -1  1 -1 -2
 1 -1  2  0  2  4
 0  0  0  1 -1 -1
 1  0  0 -1  2  2
 0  0  0  0 -1  0
6	% 
  0  0  0  0  1  1
 -2 -2  3  3 -2  1
  3  3 -4 -4  1 -3
 -1 -1  2  1 -1  1
  2  1 -2 -1  0 -2
  0  0  0  0  0  1
6	% 
 -2 -2 -1 -1  2 -1
 -1 -1  1  1  0 -1
  4  4  0  0 -3  3
  0 -1  1  1  0  0
  2  2  0  0 -1  2
 -1 -1 -1  0  1 -1
6	% 
 -2 -1 -1  1  1  0
 -2 -1  0  0  1  1
  8  4  2 -2 -3 -1
 -1  0  0  0  1  0
  4  1  1 -1 -2  0
 -1 -1  0  1  0  0
1,1,1;1,1;1 1 9
20 
#4 
6	% 
  0  0  1 -1  1  0
  0  0  0  0  0 -1
  0  0 -1  1 -2  1
 -1 -1  1  0  0  0
  1  0  0  0  0  0
  0 -1  0  0  0  0
6	% 
  0 -1  1  1 0 -1
  0  0  0  0 1  0
  0  1 -1 -1 0  0
  1  0  1  0 0  0
 -1  0  0  0 0  0
  0  1  0  0 0  0
6	% 
  2  2  1  1 -1  0
  1  1  0  0  0  0
 -2 -3 -1 -1  1  0
  1  1  1  0  0  1
  0  0  0  0  0 -1
  0  0  0  0  1 -1
6	% 
 0 1 -1  1  0 -1
 1 0  0  0  0  0
 0 0  1 -1  0  1
 0 0  0  1  1  1
 0 0  0  0 -1  0
 0 0  0  0 -1  1
1,1,1,1;1;1 1 6
4 
#2 
6	% 
  0  1 -1 -1  1  1
  0  0  0  0  1  0
  0  0  0  0  0  1
  0 -1  0  1 -1 -1
  1  1  0 -1  1  1
 -1 -1  0  0  0  0
6	% 
 0 0 -1 -1 1 0
 1 0  0  0 0 0
 0 1  0  0 0 0
 0 0  0  1 0 0
 0 0  0 -1 0 1
 0 0  0  0 1 0
1,1,1;1,1;1 1 11
24 
#2 
6	% 
  0  1  0 -2  2  2
  0  1 -2  0  1 -1
  0 -3  3  3 -4 -1
  1  1  0 -1  1  1
 -1  0 -1  0  1 -1
  0  1  0 -1  1  1
6	% 
  0  0   4 -2 -1  3
 -1 -1   3 -1 -1  2
  1  1 -10  4  3 -7
  0  0   2 -1  0  2
 -1  0   1 -1  0  1
  0  0   2 -1 -1  2
2-2;1,1,1;1 1 5
12 
#2 
6	% 
 1 1 0 -1  1  1
 0 0 0  0  1  0
 0 0 0  0  0 -1
 0 0 0 -1 -1 -1
 0 1 0 -1 -1 -1
 1 0 1  0 -2 -1
6	% 
  0  0  0 0 -1  0
  1  1 -1 0  0  0
 -1 -1  0 1  0 -1
 -2 -1  0 0  1 -1
 -1 -1  1 1  0 -1
 -1 -2  1 1  0 -1
1,1,1;1,1;1 1 5
16 
#5 
6	% 
  2  2  1  1 -1 0
  1  1  0  0  0 0
 -2 -3 -1 -1  1 0
  1  1  1  0  0 1
  0  0  0  0  2 1
  0  0  1 -1  0 1
6	% 
 0 -1  1  1  0 -1
 0  0  0  0  1  1
 0  1 -1 -1 -1  1
 0 -1  1  0  0  0
 1  0  0  0  0  0
 0  0  1 -1  0  1
6	% 
 0  0 -1  1 -1 0
 0  0  0  0  0 1
 0  0  1 -1  0 0
 0 -1  0  1 -1 0
 1  0  0  0  0 0
 0 -1  1  1 -1 0
6	% 
  1 0 0  0 -1  1
  0 0 0  0  0  1
 -1 0 0  0  0 -2
  1 0 1  0 -1  1
  0 0 1 -1  0  1
  1 1 0  0  0  0
6	% 
 -1 -1  2  0 -1  1
 -1 -1  1  1 -1  0
  1  2 -3 -1  2 -1
  0  0  1  0 -1  0
  0  0  0  0  1  0
  1  1  0  0  0  0
1,1,1;1,1;1 1 10
36 
#5 
6	% 
 0 -2 0  0 -1  1
 0 -1 0  0 -1  1
 1  4 0  0  3 -3
 0 -1 0  0 -1  0
 0  0 0 -1 -1  0
 0  0 1 -1  0  1
6	% 
 -1  1 -1 -1 -1 -2
 -1  1 -1 -1  0 -1
  3 -3  3  3  0  4
  0  1 -1 -1  0 -1
 -1  0  0 -1  0  0
  0  0  1 -1  0  1
6	% 
  2  1 0 0  2  0
  4  2 0 0  3  1
 -8 -4 0 0 -7 -2
  1  1 0 0  1  0
  2  1 0 1  1  0
  0 -1 1 1 -1  0
6	% 
  0  0  0  0  1  1
  1  0  1 -1  0  1
 -3  0 -2  2 -1 -3
  0  0  0  0  1  0
  0 -1  1  0 -1  1
 -1 -1  0  0  0  0
6	% 
   4  2 -2 -2  3  1
   5  3 -3 -3  4  1
 -11 -6  6  6 -8 -2
   2  1 -1 -1  2  0
   2  1 -1 -2  2  1
  -1 -1  0  0  0  0
1,1,1,1;1;1 1 4
6 
#2 
6	% 
 1  0 0 0  0 -1
 0  0 0 0  0  1
 0  3 0 0  4  4
 0 -1 0 0 -1 -3
 0  0 1 0  0  2
 0  0 0 1  0  1
6	% 
  0 0  0  0 -1 1
  1 0  0  0 -1 0
  0 0  1 -1  3 0
 -1 0 -1  1 -1 0
  0 0  0 -1  1 0
  1 1  0 -1  1 0
2-2;1,1,1;1 1 6
4 
#1 
6	% 
  0 0  1 -1  2  1
  0 0  1 -1  2  0
 -1 0  0  0  0  0
  0 1  1 -2  3  1
  1 1  0  0  0  0
  0 0 -2  1 -2 -1
1,1;1,1;1;1 1 10
36 
#5 
6	% 
 1  2  0  0  0 0
 0  0 -1  0  1 0
 0 -1  0  0  0 0
 0  0  0  0 -1 0
 0  0  0  0  0 1
 0  0  0 -1  0 0
6	% 
  0 0  0  0 -3 -2
  0 0  0 -1  1  1
  0 0  0  0  1  1
  0 1  0  0  0  0
 -1 0 -1 -1  1  0
  0 0  1  0  0  1
6	% 
 0  0 0 0 -3 -2
 0 -1 1 0  0  1
 0  0 0 0  1  1
 1  0 0 0  0  0
 1  1 0 0  0  0
 0  0 0 1  0  0
6	% 
 -3 -2  0  0 0  0
  1  0  1  0 0  1
  2  1  0  0 0  0
  0  1 -1 -1 0 -2
  0 -1  1  1 1  1
  1  1  0 -1 0  0
6	% 
  0 -2  3 1 -2  1
 -1  0 -1 0  0 -1
  0  1 -2 0  1 -1
 -1  0  0 0 -1  0
  1  0  0 0  0  1
  0  0 -1 0  1  0
1,1;1,1;1;1 1 6
6 
#2 
6	% 
 1  0  0  0  0  0
 0  0  0  0 -3 -2
 0 -1  0  0  1  1
 0  1  0  0  0  0
 0  0  0 -1  1  1
 0  0 -1  0  1  0
6	% 
  0  0 -1 1  0 -1
  0  0  0 0  3  2
  0  1 -2 0  0 -2
  0 -1  2 0 -1  1
 -1  0 -1 0  0 -1
  0  0 -1 0  0 -1
1,1;1,1;1;1 1 25
24 
#2 
6	% 
  0 0 -1  0  1 0
  0 0  0  0 -1 0
  0 1  1  1 -1 0
  0 0  0 -1  0 0
 -1 0 -2 -2  2 0
  0 0  0  0  0 1
6	% 
  1 1  0 -1 -1 -1
  0 0  0  0  1  0
 -1 0 -1  1  0 -1
  1 0  1  0  1  2
  1 1  1 -1  0  1
  0 0  0  0  0 -1
1,1,1;1;1;1 1 16
12 
#2 
6	% 
  0 0 -1  1  0 -1
 -1 1 -3  1  1 -2
  1 0  3 -1 -1  2
 -1 0 -2  1  0 -2
 -1 0 -2  1  0 -1
  0 0  0  0 -1  0
6	% 
 0 -1  1  1 -1  0
 0 -2  1  3 -2 -2
 0  2 -1 -3  3  1
 0 -1  1  2 -2 -1
 1 -1  1  2 -2 -1
 1  1  0  0  0  0
1,1;1,1;1,1 1 10
24 
#2 
6	% 
  1  1 -1 -1  1 0
  0  2  1 -1  0 0
 -1 -1  0  1  0 0
  1  2 -1 -1  1 0
  1  1 -1  0  1 0
  0 -2  1 -1 -1 1
6	% 
 -1 -1 0 1  1 1
  1  1 0 0  0 0
  0 -2 0 0 -1 0
  1  0 1 0  1 2
  0 -2 0 0  0 1
 -1  0 0 0  0 0
1,1,1;1;1;1 1 15
24 
#2 
6	% 
  2  1  0 0  0  1
 -1 -1  0 1  0  0
 -1 -1  0 0  0  0
 -2 -1  0 0 -1  0
  1  0  0 0  0  0
  1  1 -1 0  0 -1
6	% 
  2  1  1 -1  0  0
 -1  0 -1  1  1  0
 -1 -1  0  1  0  0
 -2 -1 -1  1  1 -1
  1  0  1  0 -1  0
  1  1  1 -1 -1  0
1,1;1,1;1;1 1 27
12 
#1 
6	% 
  0  0 -1 1  0 -1
  1  1  0 0  1  1
 -2 -1  0 0 -2 -3
 -1  0 -1 0 -1 -2
  2  2 -1 0  3  2
 -2 -1  0 0 -3 -2
1,1;1,1;1,1 1 9
6 
#1 
6	% 
  0  0 1 -1  0  1
 -1 -1 0  0 -1 -1
  1  0 0  0  1  1
  1  1 0  0  2  1
  1  0 0  1  1  1
  0  0 0 -1  0  1
1,1;1,1;1;1 1 28
48 
#4 
6	% 
  1  0  1 0  0  2
  1  0  0 1  1  1
  1  1 -1 0 -1 -1
  0  0  1 0  1  2
 -1  0  0 0  0  0
 -1 -1  0 0  0  0
6	% 
  0  0  1  0  0  0
  0  0  0 -1  0  0
  0  1 -1  0  1 -1
 -1 -1  1  0 -1  0
 -1  0  0  0  0  0
  1  1  0  0  0  0
6	% 
  0 1 -1 -1  0 -1
  0 0  0  1 -1 -1
 -1 0  0  0 -1 -1
  0 0 -1  0  1 -1
  0 0  0  0  1  0
  0 0  0  0  0  1
6	% 
  1 -2  0  0 -1  1
 -1 -1  0 -1  0  1
 -1 -3  0  0 -1  1
  1  1 -1  0  1  0
  0  1  0  0  1  0
  0  1  0  0  0 -1
1,1,1;1;1;1 1 8
18 
#3 
6	% 
  0  0 0  0 -1  0
  1  1 0  0  2  1
 -1 -1 1  0 -2  0
  0  0 1 -1  0  1
 -1  0 0  0 -2 -1
  1  0 1  0  1  1
6	% 
 1  2 0  0  1 1
 0 -2 0  0 -1 0
 0  1 1  0  0 1
 0  0 1 -1  0 1
 0  2 0  0  0 1
 0 -2 1  0 -1 0
6	% 
  0 -1 1  1 -2 -1
  0  1 0 -2  2  1
  0  0 0  1 -1 -1
 -1  0 0  0  0  0
  0 -1 0  2 -1 -2
  0  1 0 -1  1  1
1,1,1;1;1;1 1 12
10 
#4 
6	% 
 0  0  0 0 -1  0
 0  0  0 0 -1 -1
 0 -1  0 1  0 -1
 1  1 -1 0  0  0
 1  1  0 0  0  0
 1  0  0 0  0  0
6	% 
  0  0  0  0 0 -1
  0  0  1 -1 0  1
  1  1 -1  0 0  0
  0  0  0 -1 1  0
 -1 -1  0  0 0  0
  1  0  0  0 0  0
6	% 
 1 -1  0  0  0 0
 0 -1 -1 -1  1 0
 0  1  0  1 -1 0
 0 -1 -1  0  1 0
 0  0  0  0  1 0
 0  0  0  0  0 1
6	% 
  0  1 0 0 0  0
 -1 -1 0 0 0  0
  0  0 0 1 0 -1
  0 -1 1 0 0  1
  0  0 0 0 0  1
  0  0 0 0 1  0
1,1;1,1;1,1 1 6
18 
#3 
6	% 
  0  0 0  0 -3 -2
  0  0 0 -1  1  1
  0  0 0  0  1  1
 -1  0 0  0  0  0
  1  1 0  0  0  0
  0 -1 1  0  0  1
6	% 
 1  2  0  0  0  0
 0  0 -1  0  1  0
 0 -1  0  0  0  0
 0 -1  1  1 -1 -1
 0 -1  1  1 -2  0
 0  0  0 -1  1  1
6	% 
  0  1 -3 1  1 -2
 -1 -1  1 0 -1  0
  0 -1  2 0 -1  1
  2  1  0 0  1  0
  0  1  0 0  0 -1
  0 -1  1 0  0  1
2-2;1,1;1,1 1 4
4 
#1 
6	% 
  0  0 0  0  0  1
  1  1 0 -1  1  0
 -1 -1 0  1  0 -1
  0 -1 1  1 -1  0
 -1 -1 0  0  0  0
 -1  0 0  0  0  0
1,1;1,1;1;1 1 30
12 
#2 
6	% 
  1  0 -1  1  0 -1
 -1  1  1 -2  1  1
  0 -1  0  2 -1 -1
 -1  1  0 -3  2  1
  0  0  0  0  0  1
  0  0  0  0  1  0
6	% 
  0 0  0 0  0 -1
  1 1 -1 0  0  0
  0 0  0 0  1  0
  1 0  0 1 -1  0
 -1 0  0 0  0  0
  1 1  0 0  0  0
1,1;1,1;1,1 1 3
3 
#1 
6	% 
 -3 -2  0  0  0 0
  0  0  0  0 -1 0
  0  1 -1 -1  1 0
  2  1  0  0  0 0
 -1  0 -1  0  2 0
 -1 -1  1  0  1 1
1,1;1,1;1;1 1 15
6 
#2 
6	% 
 0 -1  1 1 -1  0
 1  0  0 0  0  0
 0  1 -1 0  0  0
 0  0 -1 0  1 -1
 0  0  0 0  1  0
 0  0  0 0  0 -1
6	% 
  0 -1  1 1 -1  0
  0  0  0 0 -1  0
 -1  0 -1 0  0 -1
  1  1 -1 0  1  0
  1  0  0 0  0  0
  1  1  0 0  0  0
2-2;1,1;1,1 1 6
8 
#1 
6	% 
  1  1 -1  0 -1  0
 -1 -1  0  1 -1  1
 -1 -1  0  0  1  0
 -1 -2  1  1  0  1
  1  1 -1 -1  0 -1
 -1  0  0  0  0  1
2-1;1,1;1;1 1 19
12 
#2 
6	% 
 -1  0  0  0  0 0
  0 -1  0  0  0 0
  0  0 -1  1  0 0
  0  0  1 -2  0 1
  0  0  1 -1 -1 1
  0 -1  2 -1 -1 1
6	% 
 -1  0  0  0  0  0
  0 -1  0  0  0  0
  0  0  0  0  1  0
  0  0 -1  0 -1 -2
  0  0  0  0  0 -1
  0  0  0 -1 -1 -1
2-1;1,1;1;1 1 23
3 
#1 
6	% 
 0 1 -3 1  1 -2
 0 1 -1 0  0  0
 1 0  1 0  0  0
 0 0 -1 0  0  0
 0 0  0 0  0  1
 0 0  0 0 -1  0
2-1;1,1;1;1 1 9
3 
#1 
6	% 
 0  0  0 0 -2 -1
 0 -1  0 0  0  0
 0 -1  0 0  3  1
 1  1  0 0  0  0
 0 -1  0 1  1  0
 0  0 -1 0  2  0
1,1,1;1;1;1 1 4
4 
#2 
6	% 
 0 0  0  0  1  0
 0 0  0  0  0 -1
 0 0 -1  1 -1  0
 1 1  1 -1  1  0
 0 1  0 -1  1  0
 1 1  0 -1  1  0
6	% 
 0 0  0  0 -1  0
 0 0  0  0  1  1
 0 1 -1 -1  0  1
 1 0  1  1  0 -1
 1 0  1  0  0  0
 1 0  0  1  0 -1
1,1;1,1;1;1 1 21
12 
#2 
6	% 
  0  0 -1  1 -2  0
  0 -1  1  1  1  2
  0  1  0 -2  0 -2
  0  1  0 -1  0 -1
  0  0 -1  1 -1  1
 -1  0  0 -1  0 -1
6	% 
  1  1 -1 -1  0  2
 -3  0  0  0 -1 -1
  3 -1  1  1  2 -1
  1 -1  0  1  1 -1
 -1  1 -1 -1 -1  1
  1 -1  1  0  1  0
3;1,1,1 2 2
1 
#1 
6	% 
  0  0  1 -1  2 1
  0  0  1 -1  2 0
  0  0  0 -1  2 0
  0 -1  1  1 -1 0
 -1  0 -1 -1  1 0
  0  0 -1  0 -1 0
1,1;1,1;1;1 1 35
6 
#1 
6	% 
 -2 -1  0  0 -1 -2
  0  0  0 -1  0  1
  2  1  0  0  2  1
  0  0 -1  0  0  0
 -1  0  0  0  0 -1
  1  1  0  0  1  0
2-1;1;1;1;1 1 19
3 
#1 
6	% 
 1 0 0 0 0  0
 0 1 0 0 0  0
 0 0 0 1 0 -1
 0 0 1 0 0  1
 0 0 0 0 0  1
 0 0 0 0 1  0
1,1;1;1;1;1 1 29
24 
#4 
6	% 
 -1 -2  1  1 -1  0
 -1 -1  1  0  0  1
  1  1 -1 -1  1  0
 -1 -1  0  1  0 -1
  0  0  0  0  0 -1
  0  0  0  0  1  0
6	% 
  1  0  0 0  0  0
  1  0  0 1 -1 -1
 -1 -1  0 0  0  0
  1  1 -1 0  1 -1
  0  0  0 0  1  0
  0  0  0 0  0 -1
6	% 
 0  0 0 0 0  1
 0 -1 0 1 0 -1
 0  0 0 0 1  0
 1  0 1 0 0  0
 1  1 0 0 0  0
 1  0 0 0 0  0
6	% 
  0  0  0 0 1  0
  1  0  0 1 0  0
  0  0  0 0 0 -1
  0  0 -1 0 1  0
 -1 -1  0 0 0  0
  1  0  0 0 0  0
1,1;1;1;1;1 1 41
3 
#1 
6	% 
  0 1 1 -3 1 2
  0 0 0  0 1 0
 -1 0 0 -1 1 0
  1 0 0  0 0 0
 -1 0 0 -1 1 1
  1 1 0  0 0 0
1,1;1;1;1;1 1 31
12 
#1 
6	% 
  1  0 0 1  0 -1
  0 -1 1 0 -1  0
  2  1 0 0  1 -2
 -2 -1 0 0 -2  1
  3  1 0 0  2 -2
 -3 -2 0 0 -2  2
1,1;1;1;1;1 1 18
9 
#3 
6	% 
  0  0  0  0 -2 -1
  0  0  0  0  1  1
  1  1  0 -1  0  0
  0  0 -1  0  0 -1
 -1 -1  0  0  0  0
  1  0  0  0  0  0
6	% 
 1  0 0 0 0  0
 0  1 0 0 0  0
 0 -1 0 1 0 -1
 0 -1 1 0 0  1
 0  0 0 0 0  1
 0  0 0 0 1  0
6	% 
  0 -1  1 1 -1  0
  0  1 -2 0  1 -1
 -1 -1  1 0 -1  0
  0  0  1 0 -1  1
  0  0  0 0  0  1
  0  0  0 0 -1  0
2-2;1,1;1;1 1 16
8 
#1 
6	% 
  1  1 -1  0  1  0
 -1 -1  0  1 -1 -1
 -1 -1  0  0 -1  0
 -1 -2  1  1 -2 -1
  1  1 -1 -1  2  1
 -1  0  0  0  0 -1
2-2;1,1;1;1 1 18
8 
#1 
6	% 
  0  0 -1  1 1 -1
  0  0  1 -1 0  0
 -1 -1  0  0 0  0
 -1  0  0  0 0  0
  1  1  1 -2 0  1
 -1  0 -2  1 1 -1
2-2;1,1;1;1 1 17
4 
#1 
6	% 
  0  0 0  0 -1 0
  1  1 0 -1  0 1
  1  1 0 -2  1 1
 -1 -1 0  1  0 0
  1  2 0 -2  1 1
  2  1 1 -1  0 1
3;1,1;1 2 6
2 
#1 
6	% 
 1 0 0 0  0  0
 0 1 0 0  0  0
 0 0 0 1 -1 -1
 0 0 0 0 -1  0
 0 0 1 0  0  1
 0 0 0 0  0  1
1,1;1;1;1;1 1 13
8 
#2 
6	% 
  0  0  2 -2 -1  0
  0  0 -1  1  1  0
 -1 -1  0  0  0  0
 -1  0  0 -1  0  0
  0  0 -2  2  2 -1
  0  0  0 -1  0  0
6	% 
 0 -2  2  2  3  6
 0  1 -1 -1 -2 -3
 1  0  0  0  0  0
 0 -1  1  0  1  2
 0  2 -2 -2 -4 -5
 0 -1  0  1  1  1
2-2;1,1;1;1 1 13
4 
#1 
6	% 
 0  0 0  0 -1  0
 1  1 0 -1  0  0
 0 -1 0  1 -1 -1
 1  0 0  0  0  0
 0 -1 1  1 -1  0
 1  1 0  0  0  0
3;1,1;1 2 5
1 
#1 
6	% 
  0  0  0  0  2  1
 -1  0 -1 -1  1  0
  0  0 -1 -1  1  0
  0  0  0 -1 -1  0
  0 -1  1  1 -1  0
  0  0 -1  0 -1 -1
1,1;1;1;1;1 1 8
1 
#1 
6	% 
 0 0 0  0  1  0
 0 0 0  0  1  1
 1 1 0  0 -1 -1
 1 1 1 -1 -1  0
 0 1 0 -1  0  0
 1 1 0 -1  0  0
1;1;1;1;1;1 1 20
3 
#1 
6	% 
 -1 -1  0 1  0 -1
  0  0 -1 0  0 -1
  0  0  0 0  0 -1
  0  0  0 0 -1  0
  1  0  0 0  0  0
 -1 -1  0 0  0  0
1;1;1;1;1;1 1 12
1 
#1 
6	% 
 1 1  0  0  0 -1
 1 0  0  0  0  0
 0 0  0 -1  1  1
 0 0 -1  0  1  0
 0 0  0  0  0  1
 0 0  0  0 -1  0
2-2;1;1;1;1 1 18
4 
#1 
6	% 
  0  1 -1  0  0 0
  0 -1  1  0  0 1
  0  0  0  0 -1 0
 -1 -1  0  0  0 0
  0  1 -1 -1  1 0
 -1  0  0  0  0 0
