#24

2-1;1;1;1;1 1 40
1 
#1 
6	% 
 1 0 0 0 0 0
 0 1 0 0 0 0
 0 0 1 0 0 0
 0 0 0 1 0 0
 0 0 0 0 1 0
 0 0 0 0 0 1
1,1,1,1,1,1 1 1
1 
#1 
6	% 
 1 0 0 0 0 0
 0 1 0 0 0 0
 0 0 1 0 0 0
 0 0 0 1 0 0
 0 0 0 0 1 0
 0 0 0 0 0 1
2-1;1,1,1,1 1 2
1 
#1 
6	% 
  0  0 -1  0  1  0
  0  0 -1  0  0  0
  0  0  0  1  1  1
 -1  0 -1  1  1  0
  1 -1  0  0  0  0
 -1  0  1 -1 -1 -1
1,1,1,1,1;1 1 2
4 
#2 
6	% 
  0  0  0 -1  1  1
  0  0  0  0  1  0
  0  0  0 -1  1  0
  0  0  1 -1  1  1
 -1  0 -1  1 -2 -2
  0 -1  1 -1  2  1
6	% 
 0 -1  1 -1 1 0
 0  0  0 -1 0 0
 0  0  1 -1 0 0
 0 -1  1 -1 0 0
 1  1 -1  2 0 1
 1 -1  1 -2 0 0
1,1,1,1;1,1 1 3
6 
#1 
6	% 
  1  1  0  1  0  1
  1  1 -1  1  1  1
 -1  0  0 -2 -1 -1
 -1 -1  1 -1  0 -1
  1  1  0  2  1  1
  1  0 -1  0  0  0
1,1,1,1;1,1 1 2
1 
#1 
6	% 
  0 0 0 1 0 0
  0 0 0 0 1 0
  0 0 1 0 0 0
 -1 1 0 0 0 0
  1 0 0 0 0 1
  1 0 0 0 0 0
2-1;1,1;1,1 1 8
3 
#1 
6	% 
 -1 -1 0  0 0 -1
  2  0 0  0 0  1
  0  0 0 -2 1 -1
  1  0 0  0 0  0
  0  0 1  1 0 -1
  1  0 0  1 0  1
1,1,1;1,1,1 1 3
6 
#1 
6	% 
  1  1  0 -2 0 -1
  1 -1  0  0 0  0
  0  1  0  0 0  0
  0 -1 -1  0 0  1
 -1  0  0  1 0  0
  1  0  0 -2 1 -1
1,1,1;1,1,1 1 4
6 
#1 
6	% 
  0 -1  0  0 -1 -1
 -1  0  0  2  1  0
  0  1  0 -2  0  0
  0 -1  1  2  0  0
  0  1  0 -1  0  1
  1  0 -1  0  0  0
1,1,1,1;1;1 1 4
1 
#1 
6	% 
  0 0  0  1  0  1
  0 0 -1  1  0  0
  0 0  0 -3 -1 -2
  0 0  0  2  0  1
 -1 0  0 -1  0 -1
  0 1  0 -1  0  0
1,1,1;1,1;1 1 10
12 
#1 
6	% 
  0  0 -3 -1 -1  0
  1 -1 -4 -1 -1  0
 -1  1  9  3  3  0
  0  0 -1  0 -1  0
  0 -1 -2 -1  0 -1
 -1 -1  0  0  0 -1
1,1;1,1;1;1 1 39
12 
#1 
6	% 
 -1 -1  0  2  0 -1
  1 -1  2  0 -2  0
 -1  0 -1  0  1 -1
  1  0  1 -1  0  0
  1  0  1 -1 -1  0
  1  0  0 -1 -1  1
1,1,1;1,1;1 1 12
12 
#1 
6	% 
  0  2  2  2 -2  1
  0  2  1  0 -1  1
  0 -6 -4 -3  4 -3
  0  1  1  0  0  0
  0 -3 -2 -1  2 -1
 -1  1  1  1 -1  0
1,1,1;1;1;1 1 19
4 
#1 
6	% 
  2 0 0 0 0  1
  1 1 0 0 0  1
 -1 0 1 0 0 -1
  1 0 0 1 0  1
  1 0 0 0 0  0
  1 0 0 0 1  0
1,1;1,1;1,1 1 6
3 
#1 
6	% 
  3 1  0  0  0  2
 -1 0  0 -1  1 -1
 -2 0  0  0  0 -1
  0 0  0  0 -1  0
  0 0  1  1  0  0
 -1 0 -1 -1  0  0
1,1;1,1;1;1 1 36
12 
#1 
6	% 
 -1 -1  0  0  0 -1
  1 -1 -1 -1  1  0
  1  0  0 -1  0  0
  0  1  0  0 -1  1
  0 -1 -1  0  0  0
  1  0  0  0  0  1
1,1;1,1;1;1 1 30
3 
#1 
6	% 
  0 0  0 -1  0 -1
 -1 0  0  1  1  0
  0 0 -1  0 -1  1
 -1 0  1  0  1 -1
  1 1  0  0  0  1
 -1 1  0  0  0  0
1,1,1,1;1;1 1 6
1 
#1 
6	% 
  0 0  1  1  0  1
  0 0  0  1  1  1
  0 0  1  1  1  1
  0 1 -1 -1 -1 -1
  1 0  1  1  1  2
 -1 1  0  0  0  0
1,1;1,1;1;1 1 21
3 
#1 
6	% 
  0  0  0  1  0  1
  0  0 -1 -1 -2  0
  0  0  2  0  2 -1
 -1  0  1  0  1 -1
  0  0 -1  0 -1  1
  0 -1  1  0  1 -1
1,1;1;1;1;1 1 47
8 
#1 
6	% 
 -1  1  0 0 0 0
  0 -1  0 0 0 0
 -1  0 -1 0 0 0
  0  1  0 0 1 0
 -1  0  0 1 0 0
  1  1  0 0 0 1
1,1;1;1;1;1 1 54
8 
#1 
6	% 
 -1 -1  0  0  0 -1
  1 -1  0  0  0  0
  1  0  0  0 -1  1
  1  0  0 -1  0  0
  1  0  0  0  0  1
 -1  0 -1  0  0  0
1;1;1;1;1;1 1 42
1 
#1 
6	% 
  1 0 -1  0 0  1
 -1 0  0 -1 0 -1
 -1 1  0  0 0  0
 -1 0  0  0 1 -1
 -1 0  0  0 0 -1
  2 0  0  0 0  1
1,1;1;1;1;1 1 49
1 
#1 
6	% 
  3 1 0  0  0  2
  1 0 0  0  0  0
  1 0 0  0 -1  1
  1 0 0 -1  0  0
 -1 0 1  0  0 -1
 -2 0 0  0  0 -1
1;1;1;1;1;1 1 32
1 
#1 
6	% 
 -1 1  0 0 0 0
  1 0  0 0 0 0
 -1 0  0 1 0 0
 -1 0 -1 0 0 0
  1 0  0 0 1 0
  2 0  0 0 0 1
