#46

5-2;1 4 2
1 
#1 
6	% 
 1 0 0 0 0 0
 0 1 0 0 0 0
 0 0 1 0 0 0
 0 0 0 1 0 0
 0 0 0 0 1 0
 0 0 0 0 0 1
1,1,1,1,1,1 1 1
1 
#1 
6	% 
 1 0 0 0 0 0
 0 1 0 0 0 0
 0 0 1 0 0 0
 0 0 0 1 0 0
 0 0 0 0 1 0
 0 0 0 0 0 1
1,1,1,1,1;1 1 2
16 
#2 
6	% 
  0  0  1 1 1  0
  0 -1  0 0 0  0
 -1 -1  1 0 0  0
  0  0  1 0 1  0
  0  1 -1 0 0 -1
  0 -1  1 0 1 -1
6	% 
  0  1  0 -1 -1 -1
  0  1  0  0 -1  0
  0  1 -1 -1 -1 -1
  0  2  0  0 -1  0
 -1 -2  1  1  2  1
 -1  2 -1  0 -2 -1
1,1,1,1;1,1 1 3
75 
#3 
6	% 
  1 -1 -1  0 -1 1
 -1 -1 -1  1 -1 1
 -1 -1  0  1 -1 0
  1  2  1 -1  2 0
 -1 -3 -1  1 -2 0
  1  0  0  0  0 0
6	% 
 0  0  1 -1  0  0
 0 -1  0 -1 -1  0
 0  0 -1  0 -1  1
 1  0  0  0  1 -1
 1  0  0 -1  0 -1
 0  0  1  0  0  1
6	% 
  0  1  0  0  0  1
  0 -1  1 -2  0  1
 -1  0 -1  1 -1  0
  1  0  1 -1  2 -1
  1  0  3 -4  2  1
 -1  0 -2  3 -2  0
1,1,1;1,1,1 1 4
60 
#2 
6	% 
  1  2  1 -1  1  0
  1  3  1 -2  2  1
 -1 -4 -2  2 -3  0
  1  1  1 -1  1  0
 -1 -3 -2  1 -2  0
  1  1  1  0  1 -1
6	% 
  1 -1  0 -1  0 -1
  0 -1 -1  0 -1  0
  0  3  1  0  2  1
 -1 -1  0  1 -1 -1
  0  4  1 -1  3  1
  0 -3 -1  1 -2  0
2-1;1,1,1;1 1 8
90 
#2 
6	% 
 -2  0  2  0 -1 0
 -1  0 -1  1  0 1
  1 -1 -1  0  0 0
  1  0  0 -1  1 0
 -1  0  1  0  0 0
 -1 -1  0  0  0 0
6	% 
  1  0  0  1 -2  1
 -1  0  0  1 -1  1
  0 -1  0 -1  1 -1
  0  0 -1  0  1 -1
  0  0  0  1 -2  1
  0 -1 -1  1 -1  1
2-1;1,1;1,1 1 11
90 
#2 
6	% 
  1  0 -1  3 -3 1
 -1  0  1  3 -4 1
  1  0  0 -1  1 0
 -1 -1  0  0  0 0
 -1  1  1  0  0 0
 -1  0  1  0  0 0
6	% 
 -1 0  2  0 -1 -1
 -1 0 -2  2  0  1
  0 1  2 -1  0 -1
  0 0 -2  1  0  1
  0 0 -1  0  1  1
  0 1 -1  1  0  1
2-2',2-2';1,1 1 2
20 
#1 
6	% 
  0  0  0 -1  1 1
 -1  1 -3  2  0 0
  2 -3 -4  0  0 0
 -2  3  3  1 -1 0
  0  0  3 -2  1 0
  2 -3  0 -1 -1 0
2-2;1,1,1,1 1 2
20 
#1 
6	% 
  1  0 0  0  0 0
  0  0 0  0  1 0
  1  0 0  0  1 1
 -1 -1 0  0 -1 0
  1  0 1 -1  1 0
 -1  1 1  0 -1 0
2-2;1,1,1;1 1 5
80 
#2 
6	% 
  2  3  3 -2  2  0
  0  0  0  0  1 -1
  0  0  0  0  0 -1
 -1 -3 -3  2 -4  0
 -2 -3 -2  1 -3  0
 -2 -2 -3  2 -3  0
6	% 
  0  0  0 0  1  1
 -1  0  0 0  1  0
 -1  0  0 1 -1  0
  0  0 -1 1 -2 -1
  0 -1  0 0 -2 -1
  0  1  1 0 -2 -1
4-3';1;1 1 4
36 
#1 
6	% 
 0  1  1  0  0  0
 0 -1 -1  0  1 -1
 1 -1 -1 -1  1  0
 0  1  0  1 -1  0
 1  0  0 -1  1 -1
 0  0  1  0 -1  1
1,1,1;1,1;1 1 12
240 
#5 
6	% 
  0  0  0  0  1  0
  2  3  2 -2  2  0
 -3 -4 -3  3 -5  0
  1  2  1  0  0  0
 -2 -2 -1  1 -2  0
  0  0  0  0  1 -1
6	% 
  0 -2 0 -2 1  0
  0  3 0  2 0  0
 -1 -1 1 -1 0  0
  1 -1 1  0 0  0
 -1  1 0  0 0  0
  0 -1 0 -1 1 -1
6	% 
 0  0  0 -1 0 0
 0  1  1  1 1 0
 0 -1 -1 -1 0 0
 0  0  1  0 0 1
 0 -1  0 -1 0 0
 1  0  0 -1 0 0
6	% 
 0 -2 -2 -1  0  2
 0 -3 -3 -3  2  2
 0  6  6  5 -3 -4
 0 -3 -2 -2  2  1
 0  4  3  3 -2 -2
 1 -1 -1 -1  0  1
6	% 
 0 -2 -4  3 -2 -2
 0  0 -1  1  0 -2
 0  2  6 -5  3  4
 0  0  0  0  0 -1
 0  1  2 -1  1  2
 1 -1 -2  1 -1 -1
2-2',2-2';1;1 1 4
20 
#1 
6	% 
  0  0 -2  1 -1  0
 -2  1  1 -1  1  0
 -2  1  1 -1  1  1
 -1  1  2 -2  1  0
 -2  1  2 -1  2  0
  1 -1 -3  2 -1 -1
1,1,1,1;1;1 1 5
60 
#2 
6	% 
 -1  1  1 -1  1 0
 -1  2  1 -2  2 0
 -1  0  0 -1  1 0
  2 -2 -1  2 -3 1
 -2  2  1 -2  2 1
  1 -1  0  1 -2 0
6	% 
 0  0  0  1 -1 0
 0  1 -1  0  0 1
 0 -1 -1  1 -1 0
 1  0  1 -2  1 0
 1  0 -1  1 -1 0
 0  0  1 -1  0 0
2-2,2-2;1,1 1 2
20 
#1 
6	% 
 -1  1  1  0  0  1
  1  1  1 -1  0  0
  0  1  0  0  0  0
  1  0  1 -1  0 -1
  0  0  1  0 -1  1
  0 -1 -1  1  0 -1
1,1,1;1;1;1 1 19
60 
#2 
6	% 
 1  2  1 -1  1  1
 0  1  0  0  1  0
 0 -1 -1  1 -1 -1
 1  1  0  0  0  1
 0  2  1  0  0  1
 1  1  0 -1  1  1
6	% 
  0  3  1  0  1 -1
  0  1  1  0  0 -1
  0 -2 -1  0 -1  1
  1  2  1 -1  1 -1
 -1  2  1  0  1 -1
  0  2  0  1  0 -1
2-2;2-2;1,1 1 6
60 
#1 
6	% 
 -1  1  1  0  0  1
 -1 -1 -1  1  0 -1
  0  0  1 -1  0  1
  0  0  0  0  0 -1
 -1  0  0  1 -1  0
  1  0  1 -1  0  0
1,1;1,1;1;1 1 39
180 
#3 
6	% 
  1 -3 -1 0 -2 -1
 -1  3  1 0  3 -1
  0 -2 -1 1 -2  0
 -1  2  0 1  1  0
  0  2  1 0  1  0
 -1  1  0 0  2  0
6	% 
 -1  0  0 0  1 -1
 -1  0  0 1 -1  1
  0 -1 -1 0  1 -1
  0  0 -1 1 -1  1
  0  0  0 0  0  1
  0 -1  0 0 -1  1
6	% 
 1  0  0 -1  1 -1
 1  0  0 -1  0  1
 0 -1  0  0  0 -1
 0  0  0  0  0  1
 0 -1 -1  0  0  1
 0  0 -1  1 -1  1
1,1;1,1;1,1 1 11
45 
#1 
6	% 
  0 -2  0  1 -1  0
  1  1  2 -2 -1  1
  1  3  2 -2  2 -1
 -1  1 -1  1  2 -1
 -1  2 -1  0  1  0
  0 -4  0  1 -3  1
2-2;1,1;1,1 1 6
60 
#1 
6	% 
  0  0  0  0  0 -1
  0  0  0  0  1 -1
  1 -1  0 -1  1 -1
  0 -1 -1  0  1  0
  0 -1  0  0 -1  0
 -1  1  1  0  0  1
1,1,1;1;1;1 1 15
60 
#2 
6	% 
 0  1  1 -1  1 -1
 0 -2 -1  1 -1  0
 1 -1 -1  0  0  0
 0 -1 -1  1  0 -1
 1  1  1 -1  0  0
 0  1  1 -1  0  0
6	% 
 -1 0 0  1 -1  1
  0 0 0  0  1 -1
  0 1 0  1  0 -1
 -1 0 0  0  1 -1
  0 1 1 -1  0  1
  0 0 1 -1  0  1
1,1;1,1;1;1 1 31
90 
#2 
6	% 
  0  1  0  1 -2  1
  0 -1  1 -1  1 -1
 -1  1 -1  2 -1 -1
  0  0  0  0  1 -2
  0  1 -1  1 -1  0
 -1  0  0  0  1 -1
6	% 
 -1 -1 -1  1 0  0
  1  0  1 -1 0  0
  1  0 -1  0 1 -1
  2  0  0 -1 0  0
  0 -1 -1  1 0 -1
  1  0  0  0 0  0
2-2,2-2;1;1 1 4
20 
#1 
6	% 
  1  0  1 -1  0  0
  0 -1  0  0  0  0
  0  0 -1  0  1 -1
 -1  1  0  0  1  0
  1  0  0 -1  0  0
  0 -1 -1  1 -1  1
2-2;2-2;1;1 1 17
60 
#1 
6	% 
 -1  0  0  0  0 1
  0 -1 -1  1 -1 0
  1  0  0  0 -1 0
  0  0  1  0 -1 0
  0 -1  0  0 -1 0
  1  0  0 -1  1 0
2-2,2-2;1;1 2 4
60 
#1 
6	% 
  0  0 0  1 -1  0
  0  0 1  0 -1  0
  0  0 1 -1  0 -1
  1 -1 1 -2  0  0
  0  1 0 -1  1  0
 -1  0 0  2 -2  1
4-3';1,1 1 2
36 
#1 
6	% 
  0 -1  0  0 -1 1
  2 -1  1 -3  2 0
  0 -2 -1 -2  2 0
  2  1  2 -2  1 0
 -1  1  0  3 -3 0
 -1 -1 -2  0  1 0
2-2,2-2;1,1 2 2
60 
#1 
6	% 
  0 0  0  0  1 -2
  0 0 -1  0  1  0
  1 0  0 -1  1  0
 -2 0  0  2 -2  1
  0 1  2  0 -1 -1
  2 0  1 -1 -1  1
2-1;1,1;1;1 1 35
45 
#1 
6	% 
  1  0 0  0  0  0
  0  1 0  0  0  1
  0 -1 0 -1  1  0
 -1  0 1  0  0 -1
  0  0 1 -1  0  0
  1  0 0  0 -1  1
2-1;1,1;1;1 1 32
180 
#4 
6	% 
 -1 0 -1  1  1 -1
  1 0  1 -1  0 -1
 -1 1  0  1  0  0
  1 0  1 -1  0  0
  1 0  0  0 -1  0
  1 1  1 -1  0  0
6	% 
 1  0 -1  0 0  1
 1  0  1 -1 0 -1
 0  0 -1  0 1  1
 0  1  2 -1 0 -1
 0 -1  1 -1 0 -1
 0  0  2 -1 0 -1
6	% 
 -1  0  0 0  0  1
 -1  0  0 1  0 -1
  0  0 -1 0  0  1
  0 -1 -1 1  0 -1
  0  1  0 1  0 -1
  0  0  0 1 -1 -1
6	% 
  1  0 0  0 0 -1
 -1  0 0  0 1 -1
  1  0 1 -1 0  0
 -1  1 1  0 0  0
 -1 -1 0  0 0  0
 -1  0 0  0 1  0
4-2;1,1 2 2
10 
#1 
6	% 
  1 0 -1  0 0 1
 -1 1  1  0 0 0
  1 1  0  0 0 0
  1 0  0 -1 1 0
  0 0 -1  1 0 0
 -1 0  0  0 0 0
2-1;1;1;1;1 1 37
45 
#1 
6	% 
  1 -1 -1  0  0 0
  0  0  1 -1  0 0
  1  0  1 -1  0 0
  0  1  0  1 -1 0
  0  1  1  0 -1 1
 -1 -1  0  0  0 0
4-2;1;1 2 4
10 
#1 
6	% 
  0 0  1 0 -1 1
  0 1  0 0  0 0
 -1 0 -1 1  0 0
  0 0 -1 0  1 0
  1 0 -1 0  0 0
 -1 0  0 0  0 0
3;1,1,1 1 3
15 
#1 
6	% 
 -1 0  0  0  0  1
 -1 0  0  2 -1 -1
 -1 0  0  1 -1  0
 -1 1  0  1  0  0
  1 1  1 -1  0  0
  1 0 -1  0  0  0
3;2-2;1 2 5
15 
#1 
6	% 
 -1 0  0  1 -1  1
 -1 0 -1  1  0  0
  0 1  0  0  0  0
  0 0  1 -1  1 -1
  0 0  0  0 -1  1
  0 0  0  0  1 -2
2-2;2-2;1,1 1 7
10 
#1 
6	% 
  0  0  0 -1 1  1
  0  1  0  0 0  0
 -1  0  0  0 0  1
  0 -1  0  0 0 -1
 -1  0 -1  1 0  0
  0  0 -1  0 0  1
2-2;1,1;1;1 1 16
60 
#1 
6	% 
 -1  1  1  1 0 -1
  1 -1 -1 -1 1 -1
  0  1  0  0 0  0
  0  0  0 -1 1  0
 -1  1  0  1 0  0
  1 -1 -1  0 0  0
3;1,1;1 1 11
30 
#2 
6	% 
 0  0 0  0  1 -1
 0  0 0  0  0  1
 0  1 1  0 -1  0
 0 -1 0  0 -1  0
 1  0 0  0  0  0
 0  0 1 -1  1  0
6	% 
  1  0 0 -1  0  1
 -1  0 0  0  0  1
  0  1 1 -1  0  1
  0 -1 0 -1  0  1
  0  0 0  1 -1 -1
  0  0 1  0  0 -1
2-2;2-2;1;1 1 13
10 
#1 
6	% 
  0  0 0  0 -1 1
  1  2 1 -1  1 0
 -1 -1 0  0  0 0
  0 -1 0  0 -1 0
  1  0 0 -1  1 0
  0  1 1  0  0 0
4-3;1;1 1 6
6 
#1 
6	% 
  0  0  0  0 -1 1
 -1  0  0  0  0 0
  0  0  1 -1  0 0
  0 -1 -1  0  0 0
  0  1  0  0  0 0
  0  0  0  0  1 0
1,1;1;1;1;1 1 34
15 
#1 
6	% 
 -2  6 -2  2  0 1
  2 -5  1 -2  0 0
  1 -1  0  0  0 0
  0  1 -1  1 -1 0
 -1  3 -1  1  0 1
 -1  4 -2  1  1 0
1,1;1;1;1;1 1 54
120 
#4 
6	% 
  0 -1 0  0  1 -1
  0  1 0  0  0 -1
 -1  1 0  0  0  0
  0  2 1  0 -1  0
  1  1 0 -1  0  0
  0 -1 1 -1  1  0
6	% 
  1  2  1 -1  2 -1
 -1 -2 -1  1 -1 -1
 -1 -3 -2  2 -3  0
 -2 -3 -1  1 -2  0
 -1 -4 -2  1 -2  0
  2  3  1 -2  3  0
6	% 
 -1  0  0 1  0 -1
 -1  0  0 0  0  1
  0  1  0 0  0  1
  0  0  0 0 -1  1
  0 -1 -1 0  0  1
  0  0 -1 1  0 -1
6	% 
 1  1  1 -1 0  1
 1 -1 -1  0 0 -1
 0 -1  0  0 0 -1
 0  0 -1  1 0 -1
 0 -1 -1  0 1 -1
 0  0  0  0 0  1
4-3;1,1 1 2
6 
#1 
6	% 
  0  0  0  0 1  3
  0 -1 -1  0 0 -1
  0 -1  0  0 0  1
 -1  0  0  0 1  1
  1  0  0 -1 1  1
  0  0  1 -1 0 -1
1,1;1;1;1;1 1 57
15 
#1 
6	% 
  0  2  0 0  2 -1
  0 -1 -1 1 -2  1
 -1  1  1 0  0  0
  0 -1  0 0  0  0
 -1  0 -1 1  0  0
  0  1  0 1 -1  0
1;1;1;1;1;1 1 45
15 
#1 
6	% 
 -1 0  0  0  0 1
  0 0 -1  0  1 0
  1 1  1  0 -1 0
  0 0  0 -1  1 0
  2 0  0  0 -1 0
 -1 0  1 -1  1 0
3;1,1;1 1 15
15 
#1 
6	% 
  0 -2 -1  0  0 0
  0 -1  1 -1  0 0
  0 -1  0  0 -1 0
 -1 -2  0  0 -1 1
  0 -1  0  0 -1 1
  0 -2  0  0 -1 0
3;1;1;1 1 20
15 
#1 
6	% 
 1  0  1 -1  0 0
 0  0  2 -1 -1 1
 0  0 -1  0  1 0
 0  0  2 -1  0 0
 0  1 -1  1  0 0
 0 -1 -2  1  0 0
