#79

3;1;1;1 2 8
1 
#1 
6	% 
 1 0 0 0 0 0
 0 1 0 0 0 0
 0 0 1 0 0 0
 0 0 0 1 0 0
 0 0 0 0 1 0
 0 0 0 0 0 1
1,1,1,1,1,1 1 1
1 
#1 
6	% 
 1 0 0 0 0 0
 0 1 0 0 0 0
 0 0 1 0 0 0
 0 0 0 1 0 0
 0 0 0 0 1 0
 0 0 0 0 0 1
1,1,1,1,1;1 1 2
11 
#3 
6	% 
  0  0  0 0 -1  0
 -1  0  0 0  0  0
 -1  0  1 0 -1  0
 -1  0  0 0 -1  1
  1 -1 -1 0  1 -1
 -1  0  1 1 -1  1
6	% 
  1  0  0  0  0  0
  0  0  1  0  0  0
  1  0  1 -1  0  0
  0 -1  0 -1 -1 -1
 -1  1 -1  1  0  1
  1 -1  1 -1 -1  0
6	% 
 -1 -1  0 -1 -1 -1
 -2 -1  0 -1 -1 -1
 -1  1 -1  0 -1 -1
 -2 -1  0 -1  0 -1
  2  0  0  1  1  2
 -2 -1 -1 -1 -1 -2
1,1,1,1,1;1 1 1
1 
#1 
6	% 
 0  0  0  0 -1  0
 0 -1 -1  0 -1 -1
 0 -1  0 -1 -1 -1
 0  0 -1 -1  0 -1
 0  1  1  1  1  1
 1  0  0  0  0  0
2-1;1,1,1,1 1 2
3 
#1 
6	% 
 0  0  0  0  0  1
 1  0  0  0  0  0
 0 -1  0 -1 -1 -1
 0  0  1  0  0  0
 0 -1 -1  0  0  0
 0  1  1  1  0  0
1,1,1;1,1,1 1 2
4 
#2 
6	% 
 -1  0  0  0  0  0
 -1  0  0  0 -3 -2
  0  0 -1 -1  0  0
  0  1  0  1 -1 -1
  1 -1  0  0  1  1
 -1 -1  0  0  0  0
6	% 
  0  0 -1 -1 0  0
  1  1  0 -1 0  0
  0 -1  0 -1 0 -1
  0  1  0  1 1  1
 -1  0  0  1 0  0
  1  1  0  0 0  0
1,1,1,1;1,1 1 3
24 
#3 
6	% 
 -1  0  1  0 -1 -1
  1  1  2  1  0  0
  1  1  0  0  0  1
  0 -1 -1  0  0  0
  0  0  1  1  0  0
 -1  0  0 -1 -1  0
6	% 
  1 1 0 -1  2  1
  1 0 0  0 -1 -1
 -1 0 0  1 -1 -1
 -1 0 1  0  1  1
  1 0 1  0  0  0
  1 1 0  0  0  0
6	% 
 0  0 -1 -1 -1 -1
 1  0  2  2  1  1
 0 -1  1  1  0  1
 0  1  0 -1  0 -1
 0  1  2  1  1  0
 0  0 -2 -1 -1  0
1,1,1,1;1,1 1 2
15 
#5 
6	% 
 0  0  0  0 1  0
 0  0  0  0 0  1
 0 -1 -1 -1 0 -1
 1  0  0  0 0  0
 0  1  0  0 0  0
 0  0  0 -1 0  0
6	% 
 0  0  1  0 0  0
 0  0  1 -1 0  0
 0 -1  1  0 0  0
 1  0  0  0 0  0
 0  1 -1  1 1  0
 0 -1  1 -1 0 -1
6	% 
  1  0  0 0  0  0
  1  0  1 1  0  0
  1 -1 -1 0  0  0
  0  0  0 0 -2 -1
 -1  1  0 0  2  1
  1 -1  0 0  3  2
6	% 
 1 1  0  1  1 0
 0 1  0  1  1 1
 0 0  0  0  1 0
 0 0 -1 -1  0 0
 0 0  1  0 -1 0
 0 1  1  1  1 0
6	% 
 0 -1 2 1  0  0
 0  0 0 0  0  1
 0 -1 1 0 -1 -1
 1  0 0 0  0  0
 0  1 0 0  0  0
 0  0 1 0  0  0
2-1;1,1,1;1 1 6
6 
#1 
6	% 
  1  1  0  1 1  1
 -1  0  0 -1 0  0
 -1 -1  0 -1 0 -1
  0 -1 -1  0 0  0
  1  1  0  0 0  0
  1  1  0  1 1  0
2-1;1,1,1;1 1 2
3 
#1 
6	% 
 0  1  0  1 1 0
 0  1  0  1 0 1
 1  0  0  0 0 0
 0  0 -1  0 0 0
 0  1  1  0 0 0
 0 -1 -1 -1 0 0
2-1;1,1,1;1 1 5
3 
#1 
6	% 
  0 0 0  0 -2 -1
 -1 0 0  0 -1 -1
  1 0 0 -1  1  1
  0 0 1  1  0  0
  0 1 0 -1  0  0
  1 1 0  0  0  0
1,1,1;1,1,1 1 3
24 
#3 
6	% 
 -1 0  0 0 -1  1
  0 0 -1 0  1  1
  0 1  1 0 -1  0
  1 0  0 0  1  0
  0 0  1 1  0 -1
 -1 0  0 0  0  1
6	% 
  1  1  2  1  0  0
  0  1  0 -1  3  2
  1 -1  1  1 -2 -1
 -1  0 -1 -1  1  1
 -1 -1 -1  1 -3 -2
  1  1  1  0  1  1
6	% 
  1  1  0  1  1 1
  0 -1  1  2  0 0
  1  0 -1 -1  0 1
 -1 -1  0  0 -1 0
 -1  0 -1 -1 -1 0
  1  0  0  1  0 1
2-1;1,1;1,1 1 5
6 
#1 
6	% 
 -1 0 0  0 -1  1
  0 1 0  0  0  0
  1 0 0  0  0 -1
  0 0 1  1  0  0
  0 0 0 -1  0  0
  1 0 0  0  1  0
2-1;1,1;1,1 1 4
3 
#1 
6	% 
  0  0 0  0  2  1
 -1 -2 0 -2  2  2
 -1 -2 0 -1  1  1
  0  1 1  0  0  0
  0 -1 0  1  0  0
  1  1 0  2 -2 -2
2-2;1,1,1,1 1 2
4 
#1 
6	% 
  1 0  0 0  1  2
  1 0  0 0  0  0
  0 0  0 0  0  1
 -1 0 -1 0  0 -1
  1 1  0 0 -1  0
 -1 1  1 1  0 -1
1,1,1,1;1;1 1 6
4 
#2 
6	% 
  1  0  0 0 0 -1
  1  0  0 0 0  0
  1  1  0 1 1  0
 -2 -1  0 0 0  0
  2  1  1 1 0  0
  0 -1 -1 0 0  0
6	% 
 0 -1 0 -1 1 1
 1  0 0  0 0 0
 0  1 1  0 0 0
 0  0 0  1 0 0
 0  0 0 -1 0 1
 0  0 0  0 1 0
1,1,1,1;1;1 1 2
11 
#3 
6	% 
 0  0 1 0 0 0
 0  0 0 0 1 0
 0  0 0 0 0 1
 1  0 0 0 0 0
 0  0 0 1 0 0
 0 -1 0 0 0 0
6	% 
 0  1  0  0  0  0
 0  0 -1 -1 -1 -1
 0  1  0 -1  0  0
 1  0  0  0  0  0
 0 -1  1  1  0  1
 0  1 -1 -1 -1  0
6	% 
 0  0  0  0  0 -1
 0  0  0  0  1 -1
 0 -1  0 -1 -1 -1
 1  0  0  0  0  0
 0  1  0  0  0  2
 0 -1 -1 -1  0 -2
1,1,1;1,1;1 1 6
8 
#2 
6	% 
 0 -1 0 -1  0 0
 0  0 0  0  1 0
 0  1 0  1 -1 1
 1  0 1  0  0 0
 1  0 0  0  0 0
 0  0 0 -1  0 0
6	% 
 0 -2 0 0  1  1
 0 -1 1 0  1  1
 0  3 0 1 -2 -2
 1 -1 0 0  1  1
 1  0 0 0  0  0
 0 -1 0 0  1  0
1,1,1;1,1;1 1 7
60 
#8 
6	% 
 0  1  2  1  0  0
 0  2  2  2  1  1
 0 -4 -5 -4 -2 -2
 1  1  1  1  1  0
 1  0  0  0  0  0
 0  1  1  0  0  0
6	% 
 0  1  2  1  0  0
 0  2  2  2 -1 -1
 1 -4 -4 -4  2  2
 0  1  1  1 -3 -2
 0  0  0  0 -2 -1
 0  0  1  1  0  0
6	% 
 0 -1 -2 -1  0  0
 0 -1 -2 -1 -1  1
 0  2  4  2  2 -3
 0 -1 -1 -1  0  1
 1  0  0  0  0  0
 0 -1 -1  0  0  0
6	% 
 0  2  0  2 -1 -1
 0  2  1  1  0  0
 0 -3 -2 -1  0  0
 1  1  1  1  0  0
 1  0  0  0  0  0
 0  1  0  1 -1  0
6	% 
  0  0  0 0 -1 -1
  2  1  1 0 -1 -1
 -3 -2 -2 0  2  2
  1  0  1 0  0  0
  0  1  0 1 -1 -1
  0  0  0 0 -1  0
6	% 
 0  0  0  0  1  1
 0  2  1  1  1  1
 0 -3 -2 -2 -4 -4
 1  1  1  0  1  1
 1  0  0  0  0  0
 0  0  0  0  0  1
6	% 
 0  1  2  1 1 -1
 0  1  2  1 0  0
 0 -2 -4 -2 0 -1
 1  1  1  0 0  0
 1  0  0  0 0  0
 0  1  1  1 0 -1
6	% 
 0 -1  1 0  0  0
 0 -2  2 0 -1 -1
 0  4 -3 1  2  2
 1 -1  1 0  0 -1
 1  0  0 0  0  0
 0 -1  0 0  0  0
1,1,1;1,1;1 1 11
60 
#5 
6	% 
 -2 -1 -2 -1  0  0
  0  0  0  0  1 -1
  3  1  2  1 -2  2
 -1 -2 -1 -2  1  1
  0  1  0  1  0 -1
 -1  0 -1 -1  0  0
6	% 
  2 -1  0 -1  0  2
  2  1  0  1 -1 -1
 -5  1  0  1  1 -3
  1 -1 -1 -1  0  1
  1  1  1  1 -1 -1
  1  0  0 -1  0  1
6	% 
  2  0  0  2 -1 -1
  2  0 -1  3 -2 -2
 -5  0  1 -7  4  4
  1  0  0  1 -1 -1
  1 -1 -1  1 -2 -2
  1  0  0  1 -1  0
6	% 
  2  0  0  0 -1 -1
  0  0 -1  1 -1 -1
 -1  0  2 -2  3  3
  1 -1 -1 -1  0  0
  0  1  0  1 -1 -1
  1  0  0  0  0 -1
6	% 
  4  1  2  1 -1 -1
  2  0  0  0  1  1
 -7 -1 -2 -1 -1 -1
  2  0  1  1 -1  0
  1  1  0 -1  1  0
  2  0  1  0  0  0
1,1,1;1,1;1 1 9
12 
#2 
6	% 
  2  0  0 0  1  1
  1  0  0 0 -2 -1
 -2  0  0 0  1  0
  1  1  1 1  0  0
  0 -1 -1 0  0  0
  0 -1  0 1  0  0
6	% 
  2 -1  1 0  1  1
  1  0  0 0  0  0
 -2  2 -1 1 -2 -2
  1 -1  0 0  1  1
  0  1  1 0 -1  0
  0  0  0 0 -1  1
1,1,1,1;1;1 1 5
24 
#3 
6	% 
 1  0  0  0 0 0
 0  0  0  0 1 0
 0 -1 -1  0 0 0
 0  0  1  0 0 0
 0 -1 -1 -1 1 1
 0  0  1  1 0 0
6	% 
  1  0  1  0  1  0
 -2 -1  1 -1  2  1
  0 -1  1  0  1  1
  1  1 -2  1 -2 -1
 -1 -1  2 -1  3  2
  0  0 -1  1 -1 -1
6	% 
 1  0  0  0 0  0
 0  0 -1 -1 0  0
 0  0  1  0 0  0
 0  1  0  1 1  0
 0 -1  0 -1 0 -1
 0  1  0  0 0  0
2-2;1,1,1;1 1 5
8 
#1 
6	% 
  1  0 0  0  0 0
  0  0 0  0 -1 0
  0  0 0  0  0 1
 -1  0 0 -1  1 1
 -1 -1 0  0  1 1
 -1  1 1  1  0 0
1,1,1;1,1;1 1 8
24 
#3 
6	% 
 0 -1 0  1 -2 -2
 0 -1 0  1 -1 -1
 0  3 0 -3  5  4
 0  0 1  1 -1 -1
 0 -1 0  0  0  0
 1  0 0  0  0  0
6	% 
 0 -1  0 -1  1  1
 0  0  2  0  1  1
 0  2 -3  2 -3 -4
 0  0  0 -1  1  1
 0  0  1  0  0  0
 1  0  0  0  0  0
6	% 
 0  2  1  1  1 -3
 0  2  1  1  0 -2
 0 -5 -2 -3  0  6
 0  1  0  0  1 -1
 0  1  1  1 -1 -2
 1  0  0  0  0  0
2-2;1,1,1;1 1 3
4 
#1 
6	% 
 0  0  0  0  0 -1
 0  1  1  1  2  2
 1  0  0  0  0  0
 0 -1 -1  0 -2 -1
 0  1  0  1  1  0
 0  0 -1 -1 -2 -1
1,1,1;1,1;1 1 3
4 
#2 
6	% 
 0  1  1 0 -1  1
 0  1  1 0  0  1
 0 -1 -1 0  1 -2
 0  0  1 0  0  1
 0  1  0 1 -1 -1
 1  0  0 0  0  0
6	% 
 0  2 0  0 -1 -1
 0  1 0 -1  0  0
 0 -2 1  1  1  1
 0  1 0  0  2  1
 0  0 0  0  2  1
 1  0 0  0  0  0
1,1;1,1;1;1 1 16
12 
#2 
6	% 
 0  0 0  0  3  2
 1  0 0  0  0  0
 0 -1 0 -1  1  1
 0  0 0  1 -1 -1
 0  0 1  1  0  0
 0  0 0  1  0  0
6	% 
 0 -1 0 -1 1  1
 1  0 0  0 0  0
 0  0 0  0 0 -1
 0  1 1  1 0  0
 0  0 0  0 1  0
 0 -1 0  0 1  1
2-2;1,1,1;1 1 6
4 
#1 
6	% 
  1  0  0  0  0  0
 -1  0  0  0 -3 -2
  0  1  1  0  0  0
  0  0  0 -1 -2 -1
  0  0 -1 -1  0  0
  0 -1  0  0  3  2
1,1,1;1,1;1 1 5
12 
#3 
6	% 
 -2  0  0 0 -1 -1
 -1  0  0 0  2  1
  3  0  0 0  1  1
 -1  0  0 1 -1 -1
  0  1  0 1 -1 -1
  0 -1 -1 0  0  0
6	% 
 0 -1 0 -1  0  0
 0  0 0  0  1  0
 0  0 0  0 -1 -1
 1  0 1  0  0  0
 1  0 0  0  0  0
 0  1 1  0  0  0
6	% 
  2  1  1  2 -1 -1
  1  1  0  1 -1 -1
 -2 -2 -1 -3  2  2
  1  0  0  1  0  0
  0  0  0  0 -2 -1
  0 -1 -1  0  0  0
1,1;1,1;1;1 1 3
3 
#1 
6	% 
 0 0 0  0 -7 -4
 0 1 0  1 -1 -1
 1 0 0  0  0  0
 0 0 0  0  5  3
 0 0 1  0 -2 -1
 0 0 0 -1 -2 -1
1,1;1,1;1;1 1 24
24 
#2 
6	% 
 1  0  0  0  1 -1
 0 -2 -1 -1  1  1
 0  1  2  1  0  0
 0  1  1  1 -1 -1
 0  1  1  1 -1  0
 0  0  0  0  1  0
6	% 
 1  1  2  1  0  0
 0 -2  0 -2 -1 -2
 0  2  0  2  2  1
 0  1  0  2  1  1
 0  1 -1  1  1  1
 0  1  1  0  0  0
1,1;1,1;1;1 1 12
12 
#2 
6	% 
  1  0 0  0 0  0
  0 -1 0 -1 1  1
  1  1 1  1 0 -1
  0 -1 0  0 1  1
  1  0 0  0 1  0
 -1  0 0  0 0  1
6	% 
  1  0  0  0 0 0
  0  0  0  0 2 1
  1  0  0 -1 1 1
  0 -1 -1 -1 0 0
  1  0 -1 -1 0 0
 -1 -1 -1  0 0 0
1,1,1;1;1;1 1 16
12 
#2 
6	% 
  1 0 0  0 0  0
  2 0 0  0 1  0
 -2 0 0  0 0 -1
  1 0 0 -1 0  0
  1 0 1  0 0  0
  0 1 1  0 0  0
6	% 
  1  0  0  0  0  0
  2 -2 -1 -1  1  1
 -2  1  1  2 -1 -1
  1 -1 -1 -1  1  1
  1 -1 -1 -1  1  0
  0  0  0  0  1  0
1,1,1;1;1;1 1 7
24 
#3 
6	% 
 0 -1 -1 -1 -1 -1
 1  0  0  0  0  0
 0 -1 -1  0  0  0
 0  1  1  1  0  1
 0  0  1  1  0  0
 0 -1 -1 -1 -1  0
6	% 
 0  0  0 0  1 -2
 1  0  0 0  0  0
 0 -1 -1 0  0 -1
 0  1  1 1 -1  1
 0  0  1 1  0  1
 0  0 -1 0  0 -2
6	% 
 0  1 1  0  1  1
 1  0 0  0  0  0
 0 -1 0 -1  1  0
 0  0 0  1 -1 -1
 0  1 0  1  0 -1
 0  0 1  0  1  1
1,1;1,1;1,1 1 9
30 
#3 
6	% 
  1  0  0  0  0  0
  0 -1  0  0  0 -1
  0  0  0 -1 -1  0
  0  0  0 -1 -1  1
 -1  0 -1 -1 -1  1
  1  1  1  1  0  0
6	% 
  1  0  0  0  0 0
  0 -1  1  0  1 1
  0  0  1 -1  1 1
  0  0  1  0  0 1
 -1  0  0  0 -1 0
  1  0 -1  0  0 0
6	% 
 1  0 0  0  0  0
 0  1 0 -1  0 -1
 0  1 0 -1  1  0
 0  1 1  0  0 -1
 0  1 1  1 -1 -1
 0 -1 0  0  0  1
1,1,1;1;1;1 1 17
12 
#1 
6	% 
  1  0  0  0 -1 -1
 -2 -1 -2 -1  1  0
  1  0  1  1  0  0
  1  1  1  1 -1 -1
 -1 -1 -1 -1  1  0
  1  1  1  0  0  0
1,1;1,1;1;1 1 27
36 
#3 
6	% 
 1  0  0  0 0 0
 0  1  1  0 0 0
 0 -1 -2 -1 1 0
 0 -1 -1 -1 1 1
 0  1  2  0 0 0
 0 -1 -2 -1 0 1
6	% 
 1  0  0  0  0  0
 0 -1  0  0 -1 -1
 0  1  1  0  2  2
 1  0  0  0  1  0
 1 -1  0  0 -1 -2
 0  0 -1 -1  2  2
6	% 
 1  1  0 -1  0  0
 0  1  1  1  0  0
 0 -1 -2 -1 -1 -2
 0  0 -1 -1 -1 -1
 0  2  2  1  1  1
 0 -1 -2 -1 -2 -1
1,1,1;1;1;1 1 11
4 
#2 
6	% 
 0 0  0  0 0 -1
 0 1  0  1 1  0
 1 0  0  0 0  0
 0 0 -1 -1 0  0
 0 1  0  0 1 -1
 0 0 -1  0 1 -1
6	% 
 0  1  0 1 -1 -1
 0 -1 -1 0  0  0
 1  0  0 0  0  0
 0  0  0 0  0  1
 0  0 -1 0  0  0
 0  0 -1 0 -1  0
1,1;1,1;1;1 1 33
30 
#3 
6	% 
 1  0  0  0  0  0
 0 -1  0 -1  1  2
 0  1  0  1  0 -1
 0  3  0  2 -1 -4
 0  1  1  0  0  0
 0 -3 -1 -3  1  4
6	% 
 1 0  0 0  0  0
 0 0  1 1 -1 -1
 0 1  1 0  1  1
 0 0  0 0 -1  0
 0 0  1 0  0  1
 0 0 -1 0  0  0
6	% 
 1 0  0  0  0  0
 0 0 -1 -1  1  1
 0 1  1  0 -1 -1
 0 1  1  1 -1 -1
 0 0  0  1 -1  0
 0 0 -1 -1  1  0
1,1;1,1;1,1 1 4
12 
#2 
6	% 
 -1 -1  0  1  0  0
  0  0  0  0  3  2
  0  1  1  1 -1 -1
  1  0 -1 -1  0  0
 -1 -1 -1  0  0  0
  0  1  1  1  0  0
6	% 
  0  2 -1 1 -2 -2
 -1  0  0 0 -1  1
  1  0  0 0  0 -1
  0 -1  0 0  1  1
  0  0 -1 0  0  0
 -1  0  0 0 -1  0
1,1,1,1;1;1 1 4
3 
#1 
6	% 
 0  0 0  0  1 0
 1  0 0  0  0 0
 0 -1 0 -1 -3 1
 0  1 0  1  2 0
 0  0 1  0 -1 0
 0 -1 0  0 -1 0
1,1,1;1,1;1 1 10
12 
#1 
6	% 
  0  0  0  0  1 -1
 -2  0 -1 -1  1 -1
  3  0  1  1 -3  3
  0 -1  0 -1  0 -1
 -1  0 -1  0  1  0
  0 -1 -1  0  0  0
1,1,1;1;1;1 1 12
6 
#2 
6	% 
 0 0 0 0 -2 -1
 1 0 0 0  3  2
 0 0 0 1 -1 -1
 0 1 1 1  0  0
 0 1 1 0  0  0
 0 0 1 1  0  0
6	% 
 0 -1 -1  0  0  0
 1  0 -1 -1  0  0
 0  1  1  1 -1  0
 0  0 -1  0 -1 -1
 0  0  0  0  0 -1
 0  0  0  0 -1  0
2-2;1,1;1,1 1 4
12 
#2 
6	% 
  1 0 0 0  1 -1
 -1 0 0 0 -1  0
 -1 0 0 0  0  1
  0 0 0 1  1  1
  0 0 1 0  2  2
  0 1 0 0  1  1
6	% 
  0  0  0  0  3  2
  2  1  1  1 -3 -2
 -2 -1 -1 -1 -2 -1
 -1 -1 -1  0  0  0
 -1 -1  0 -1  1  1
 -1  0 -1 -1  0  0
1,1;1,1;1;1 1 26
12 
#2 
6	% 
 1  0  0  0 0  0
 0 -1 -1 -2 1  1
 0 -2 -1 -1 1  1
 0  1  1  1 0 -1
 0 -1 -1 -1 0  0
 0  0  0  0 1  0
6	% 
 1 0 0 0  0  0
 0 0 0 0  0 -1
 0 0 0 0 -1  0
 0 0 1 0  0  0
 0 0 0 1  0  0
 0 1 1 0  0  0
1,1;1,1;1,1 1 3
3 
#1 
6	% 
 0 0  0  0  4  1
 0 0  1  1  0  0
 1 1  0  1 -1 -1
 0 0  0  0 -3 -1
 0 1 -1 -1  1  0
 0 0 -1 -2  2  1
1,1;1,1;1;1 1 15
6 
#2 
6	% 
 0 -1 0 -1  1  1
 1  0 0  0  0  0
 0  1 1  1  0  0
 0  0 0  1 -1 -1
 0  0 0  0 -1  0
 0  0 0  0  0 -1
6	% 
 0  0  0  0  3  2
 1  0  0  0  0  0
 0  1  1  1 -1 -1
 0 -1 -1 -1  0  0
 0 -1 -1  0  0  0
 0  0 -1 -1  0  0
2-1;1,1;1;1 1 21
6 
#1 
6	% 
  1 0  0  0  0 0
  1 1  1  1  0 0
  0 0 -1 -1  0 0
  0 0  1  0  0 1
  1 0  0  0  0 1
 -1 0  0  0 -1 0
2-1;1,1;1;1 1 10
6 
#1 
6	% 
 1  0  0 0  0 0
 0  0  1 0  0 0
 0  0  0 0  0 1
 0 -1 -1 0  0 0
 0  1  1 1  0 0
 0  0  0 0 -1 0
2-1;1,1;1;1 1 23
3 
#1 
6	% 
 1  0 0  0  0  0
 0 -1 0  0  1  1
 0  1 1  1 -1 -1
 0  0 0 -1  1  1
 0  0 0  0  1  0
 0  0 0  0  0  1
2-1;1,1;1;1 1 5
3 
#1 
6	% 
 0 0 0  0 1 0
 1 0 0  0 0 0
 0 0 0 -1 1 1
 0 0 1  1 0 0
 0 1 0 -1 0 0
 0 1 0  0 0 0
1,1,1;1;1;1 1 4
1 
#1 
6	% 
  1  0 0  0 0 0
 -1  0 0  0 1 0
  2  0 0  0 1 1
 -2 -1 0 -1 0 0
 -1  0 1  0 0 0
 -1  0 0 -1 0 0
1,1,1;1;1;1 1 3
3 
#1 
6	% 
 0  0 0  0  1  0
 0  0 0  0 -1 -1
 1  0 0  0  0  0
 0  1 1  1  0  0
 0 -1 0 -1  0  0
 0  0 0  1  0  0
1,1;1,1;1;1 1 20
6 
#1 
6	% 
 1  0 0  0  0  0
 0 -2 0 -2  0 -1
 0  1 0  1  0  0
 0  0 1  0  0  0
 0 -2 0 -2 -1  0
 0 -1 0  0  0  0
1,1;1,1;1;1 1 6
3 
#1 
6	% 
  0  0  0  0  1  0
 -3 -2  0 -2  2  2
  2  1  0  1 -2 -2
  0  0  0  0  1  1
  1  0 -1  0 -1 -1
  1  0  0  1 -1 -1
1,1,1;1;1;1 1 8
6 
#1 
6	% 
  1  0  0  0 0  0
 -1 -1  0 -1 1  2
  1  1  0  0 0 -1
  0  0 -1 -1 0  0
  1  1  0  1 0 -1
 -1  0  0 -1 0  1
3;1,1,1 2 2
1 
#1 
6	% 
 1  0 0 0  2 1
 0  0 0 0  2 1
 0 -1 0 0  2 1
 0  1 1 0  0 0
 0 -1 0 1  0 0
 0 -1 0 0 -1 0
1,1;1,1;1;1 1 10
12 
#1 
6	% 
 -3 0 -2 -2  0 0
  1 1  1  1  0 0
  2 0  1  1  0 0
  0 0  0  0  0 1
  0 0  0  0 -1 0
  1 0  1  0  0 0
1,1;1,1;1,1 1 6
6 
#1 
6	% 
 -3  0 -2 -2 0 0
  1 -1  0  0 0 0
  2  0  1  1 0 0
  0  0 -1  1 0 1
  0  2  1  1 1 0
  1  0  1  0 0 0
1,1;1,1;1;1 1 17
6 
#1 
6	% 
 1  0  0  0 0  0
 0 -1  0 -1 0  2
 0  0 -1  0 0 -1
 0  0  0  0 1  0
 0  1  0  0 0 -1
 0  0  0  0 0  1
2-1;1;1;1;1 1 18
3 
#1 
6	% 
 1 0  0  0  0  0
 0 1  1  1 -1 -1
 0 0 -1 -1  0  0
 0 0  1  0  0  1
 0 0  0  0  0  1
 0 0  0  0  1  0
1,1;1;1;1;1 1 17
6 
#2 
6	% 
 0 0  0  0  2  1
 1 0  0  0  0  0
 0 1  0  0 -3 -2
 0 1  1  1  2  1
 0 1  1  0  0  0
 0 0 -1 -1  0  0
6	% 
 0 1 0 1 -1 -1
 1 0 0 0  0  0
 0 0 1 0  1  0
 0 0 0 1  0  0
 0 0 0 0  1  0
 0 0 0 0  0 -1
1,1;1;1;1;1 1 35
12 
#2 
6	% 
 1  0  0  0  0  0
 0  2  0  2 -2 -3
 0 -2  0 -2  1  2
 0  0 -1 -1  0  0
 0  1 -1  1 -1 -2
 0  2  0  1 -1 -2
6	% 
 1  0  0  0  0  0
 0 -1 -1 -2  1  1
 0  2  1  1 -1 -1
 0  0  0  0  0 -1
 0 -1 -1 -1  1  0
 0 -1 -1 -1  0  0
1,1;1;1;1;1 1 36
12 
#1 
6	% 
 1  0  0  0  0  0
 0  1  0  0 -1  0
 0  2  2  1  0  0
 0 -1 -2 -1  0 -1
 0  0  1  0  1  1
 0 -1 -1 -1  0  0
1,1;1;1;1;1 1 39
12 
#2 
6	% 
 1  0  0 0  0  0
 0  0  1 1  0  0
 0  0  0 0  0 -1
 0 -1  0 0  1  0
 0  0 -1 0 -1  0
 0  0  0 0  1  0
6	% 
 1 0  0 0 0  0
 0 0  0 0 0 -1
 0 0  1 1 0  0
 0 0  1 0 1  0
 0 0 -1 0 0  0
 0 1  1 0 0  0
1,1;1;1;1;1 1 41
3 
#1 
6	% 
 1 -1 0 -1 1  1
 0  0 1  1 0  0
 0 -1 0  0 0  1
 0  0 0  0 1  0
 0  0 1  0 0  1
 0  0 0  0 0 -1
1,1;1;1;1;1 1 12
6 
#1 
6	% 
 1 0 0 0 0  0
 0 0 1 0 0  0
 0 1 1 0 0  0
 0 0 0 0 0 -1
 0 1 1 1 0  0
 0 0 0 0 1  0
2-2;1,1;1;1 1 17
4 
#1 
6	% 
  0  0  0  0  1 0
  1  0  1  0  1 1
  1  0  1 -1  1 1
 -1  0 -1  0 -1 0
  1 -1  1  0  1 1
  1  1  2  1  0 0
1,1;1;1;1;1 1 15
2 
#1 
6	% 
 -1 0  0  0  0  0
 -1 0 -1  0 -1 -1
  0 0 -1 -1  0  0
  0 1  0  0  0 -1
 -1 0  0  0  0 -1
  1 0  0  0  1  0
1,1;1;1;1;1 1 18
3 
#1 
6	% 
  1  0  0 0  0  0
 -2 -1 -1 0  0  0
  1  1  1 1  0 -1
  1  1  0 0 -1 -1
  0  0  0 0 -1  0
  0  0  0 0  0 -1
3;1,1;1 2 7
2 
#1 
6	% 
 1  0  0  0  0  0
 0 -1 -1 -1  1  0
 0  0  0  1 -1  0
 0  0  1  0  1  0
 0  0  0  0  0 -1
 0  0  0  0  1  0
2-2;1,1;1;1 1 19
8 
#1 
6	% 
 1  0  0  0  1  1
 0  0 -1  0 -1 -1
 0  0  0 -1  1  0
 0 -1  0 -1  1  1
 0  0  1  1  0  0
 0 -1 -1  0  0  0
2-2;1,1;1;1 1 7
8 
#1 
6	% 
 1  0 0  0  0 0
 0  0 0  0 -1 0
 0  0 0  0  0 1
 0  0 0 -1  1 1
 0 -1 0  0  1 1
 0  1 1  1  0 0
2-2;1,1;1;1 1 10
4 
#1 
6	% 
 0  0  0  0 3 2
 1  0  0  0 0 0
 0  1  1  0 0 0
 0  0  0 -1 1 1
 0  0 -1 -1 0 0
 0 -1  0  0 0 0
3;1,1;1 2 2
1 
#1 
6	% 
 0  0 0 0  2 1
 1  0 0 0  0 0
 0 -1 0 0  2 1
 0  1 1 0  0 0
 0 -1 0 1  0 0
 0 -1 0 0 -1 0
1,1;1;1;1;1 1 6
1 
#1 
6	% 
 0 0 0 0  1  0
 1 0 0 0  0  0
 0 0 1 1 -1 -1
 0 0 0 1 -1 -1
 0 0 0 0  1  1
 0 1 1 1 -1 -1
1;1;1;1;1;1 1 25
3 
#1 
6	% 
 1 0  0  0  0  0
 0 0  1  0  1  1
 0 1  1  1  0  0
 0 0 -1 -1  0  0
 0 0  0  0 -1  0
 0 0  0  0  0 -1
1;1;1;1;1;1 1 11
1 
#1 
6	% 
 1 0 0 0  0  0
 0 1 1 1  0 -1
 0 1 1 0  0  0
 0 1 0 0 -1 -1
 0 0 0 0  0 -1
 0 0 0 0 -1  0
2-2;1;1;1;1 1 15
4 
#1 
6	% 
 1 0  0  0  0  0
 0 0  1  0  1  1
 0 0  1  0  1  0
 0 1  0  1 -1 -1
 0 0 -1 -1  0  0
 0 1  1  0  0  0
