#112

4-1;1;1 2 1
1 
#1 
6	% 
 1 0 0 0 0 0
 0 1 0 0 0 0
 0 0 1 0 0 0
 0 0 0 1 0 0
 0 0 0 0 1 0
 0 0 0 0 0 1
1,1,1,1,1,1 1 1
1 
#1 
6	% 
 1 0 0 0 0 0
 0 1 0 0 0 0
 0 0 1 0 0 0
 0 0 0 1 0 0
 0 0 0 0 1 0
 0 0 0 0 0 1
1,1,1,1,1;1 1 1
2 
#1 
6	% 
  0  0  0 -1 0  0
 -1  0 -1 -1 0 -1
 -1 -1  0 -1 0 -1
  0 -1 -1  0 0 -1
  1  1  1  1 0  1
  0  0  0  0 1  0
2-1;1,1,1;1 1 7
36 
#1 
6	% 
 0  0 0  0  1  0
 0  0 0  0  0  1
 1  0 0  0  0  0
 0 -1 1  0  0  0
 0  0 0 -1  1  1
 0 -1 0  1 -1 -1
2-1;1,1,1;1 1 5
36 
#1 
6	% 
 0 1 -1  0  1 1
 0 0  0  0  1 0
 1 0  0  0 -1 0
 0 0 -1  0  0 0
 1 0  1 -1  0 0
 0 1  0 -1 -1 0
1,1,1,1;1,1 1 1
1 
#1 
6	% 
  0 -1 -1 -1 0  0
 -1  0 -1 -1 0  0
 -1 -1  0 -1 0  0
  1  1  1  1 0  0
  0  0  0  0 0 -1
  0  0  0  0 1  1
2-1;1,1;1,1 1 6
36 
#1 
6	% 
  0  0 0  0 0  1
  0  2 0  0 1  0
 -1  1 0  0 0  0
  0 -1 1  0 0  0
  0  0 0 -1 0  1
  0 -1 0  1 0 -1
2-1;1,1;1,1 1 4
36 
#1 
6	% 
 0 1 -1  0 0 1
 0 0  0  0 1 0
 0 1  0 -1 0 0
 0 0 -1  0 0 0
 1 0  1 -1 0 0
 1 0  0  0 0 0
1,1,1,1;1,1 1 2
66 
#3 
6	% 
  0 -2 0  0  0 -1
  0 -2 0 -1 -1 -2
  0 -1 0  1  0  0
 -1  0 1  0  0  0
  1  1 0  0  0  1
  1 -2 0  0  0 -1
6	% 
 1 -1  1  0  0 -1
 0  0  0  0  0 -1
 0 -1  2  0  0 -1
 0  1  0 -1  1  0
 0  0 -1  1 -1  1
 0 -1  1  0 -1 -1
6	% 
 1 1 -2 -1 0 0
 0 0  0 -1 0 0
 1 0 -1  0 1 0
 0 0  0  0 0 1
 0 0  1  0 0 0
 1 0  0 -1 0 0
2-1;1,1;1,1 1 2
18 
#1 
6	% 
  1 1  1 -2 0  0
  0 0  0  0 0 -1
  0 0  0  0 1  1
  0 0  1  0 0  0
  1 0 -1  0 0  0
 -1 0  0  1 0  0
1,1,1,1,1;1 1 2
24 
#2 
6	% 
 -1  1 -1 -1  1  0
  0  0  0 -1  0  0
 -1  1 -1 -1  0  0
 -1  1 -1 -1  1  1
  1 -2  2  2 -1 -1
 -1  1 -2 -1  1  1
6	% 
  1  1  4 -2  1  0
  1  0  2 -1  1  0
  1  1  3 -2  1  1
  1  1  4 -2  1  1
 -2 -1 -4  2 -2 -1
  1  1  5 -3  2  1
2-1',2-1';1,1 1 1
6 
#1 
6	% 
 -1 -1  3  0 0  0
  0  1  0  1 0  0
  1  1 -2  0 0  0
  0  0 -1 -1 0  0
  0  0  0  0 0 -1
  0  0  0  0 1  1
1,1,1;1,1,1 1 2
42 
#3 
6	% 
  0  0 0  0 -1  0
 -1  0 1  0  0  0
  0  1 0 -1  0  0
  0 -1 0 -1  0 -1
  1  0 0  1  0  1
 -1  1 0  1  0  1
6	% 
 0  0  0  0 -1 0
 0  0  0  0  1 1
 0  0  0 -1  0 0
 1  0 -1  0  0 0
 0  0  1  0  0 0
 0 -1  1  1  0 0
6	% 
  0  1 -1 -1 0 0
 -1 -1  2  1 0 0
  1  0  1 -1 0 1
  0  0  0  0 1 0
  1  0  0 -1 0 0
  0  0  1  0 0 0
2-1;1,1,1;1 1 2
36 
#1 
6	% 
  1 1  1 -2 1 0
  1 0  1 -1 1 0
  0 0  0  0 0 1
  0 0  1  0 0 0
  1 0 -1  0 0 0
 -1 0  0  1 0 0
2-1',2-1';1;1 1 1
6 
#1 
6	% 
  1  1 -2 0 0 0
  0  0  1 1 0 0
  0 -1  2 1 0 0
 -1 -1  1 0 0 0
  0  0  0 0 1 0
  0  0  0 0 0 1
2-1;1,1,1,1 1 2
18 
#1 
6	% 
  0 0  0  0 -1  1
  0 0  0  0  0  1
  1 1  1 -2  1  2
  0 0  1  0  0  2
  1 0 -1  0  0  0
 -1 0  0  1  0 -2
1,1,1,1;1,1 1 3
72 
#1 
6	% 
  0 -1  2  1 -1 -2
  1 -2  3  1  0 -1
  0  0 -1  0  1  1
 -1  1 -1 -1  0  1
  0 -1  2  0  0 -1
  0 -1  1  1 -1 -1
1,1,1;1,1,1 1 3
72 
#1 
6	% 
  0 -1  0  1 -1  0
  1 -2  3  1  0  1
  0  1 -2  0  0 -1
  0  0  1  0  0  0
 -1  1 -1 -1  0 -1
  0 -1  1  1  0  0
2-2;1,1,1,1 1 2
32 
#2 
6	% 
 1  1 -1 -1  0  0
 0  0  0  0  1  0
 0  0  0  0  0  1
 0 -1  1  0 -1 -1
 0  1  0 -1  1  1
 0 -1  1  1 -1 -1
6	% 
  0  0 0  0  1  0
  0  0 0  0  0  1
  0  0 0  1  0  0
 -1  0 0 -1 -1 -1
  0 -1 1  2  1  1
  1 -1 0 -1 -1 -1
2-2',2-2';1,1 1 1
8 
#1 
6	% 
 -1  1 -1 0 0  0
 -1  0  0 0 0  0
 -1  0 -1 1 0  0
  0 -1  0 0 0  0
  0  0  0 0 0 -1
  0  0  0 0 1  1
2-2;1,1,1;1 1 3
64 
#2 
6	% 
 -1  0  1 1 0  0
  0  0  0 0 0 -1
  0  0  0 0 1  0
  0  0 -1 0 0  1
  0 -1  1 1 0 -1
  1  0 -1 0 0  1
6	% 
  0 0  0  0 0 1
  0 0  0  1 0 0
  0 0  0  0 1 0
  1 0  0  0 0 0
  0 1 -1 -1 0 0
 -1 1  0  0 0 0
1,1,1,1;1;1 1 1
1 
#1 
6	% 
  0 -1 -1 -1 0 0
 -1  0 -1 -1 0 0
 -1 -1  0 -1 0 0
  1  1  1  1 0 0
  0  0  0  0 1 0
  0  0  0  0 0 1
1,1,1;1,1;1 1 3
84 
#3 
6	% 
 -1  1 -1  1 0 0
  0  0  0  0 0 1
  0  0  1 -1 0 0
  0  0  0  1 0 0
  0 -1  1  1 0 0
  0  0  0  0 1 0
6	% 
 -2  1  0 0 0 0
 -2  0  1 1 0 0
  3 -1 -1 0 0 0
 -1  0  0 0 0 0
  0  1  0 0 0 1
  0  0  0 0 1 0
6	% 
  2 -1  0  1 0 0
  1  0 -1  1 0 0
 -3  1  1 -1 0 0
  1  0  0  0 0 0
  0  1  0 -1 0 1
  0  0  0  0 1 0
1,1,1;1,1;1 1 8
144 
#1 
6	% 
 0  3 -1  1 0 0
 0  4 -1  1 0 0
 0 -9  3 -3 0 1
 0  1  0  1 0 0
 1  2 -1  0 0 0
 0  0  0  0 1 0
1,1,1,1;1;1 1 2
48 
#2 
6	% 
  0 0 0 0 0  1
 -1 0 0 1 0  0
 -1 0 1 0 0  1
  0 0 0 0 1  0
  1 0 0 0 0 -1
 -1 1 0 0 0  1
6	% 
 1 -1  1  0 0 -1
 0  0  0 -1 0  0
 0 -1  2  0 0 -1
 0  0  0  0 1  0
 0  0 -1  1 0  1
 0 -1  1  0 0 -1
2-2',2-2';1;1 1 1
8 
#1 
6	% 
 -1 1 -1  0 0 0
  0 1 -1 -1 0 0
  0 1  0 -1 0 0
  1 0  0  0 0 0
  0 0  0  0 1 0
  0 0  0  0 0 1
3;1,1,1 1 2
12 
#1 
6	% 
 0  0 0  0 0 1
 0  0 0  0 1 0
 0 -1 0  0 0 0
 1 -1 0  0 0 0
 0 -1 1  0 0 0
 0  0 0 -1 0 0
2-1;1,1;1;1 1 16
18 
#1 
6	% 
 0  0 0  0 0 -1
 0  0 0  0 1  1
 1  0 0  0 0  0
 0 -1 1  0 0  0
 0  0 0 -1 0  0
 0 -1 0  1 0  0
2-1;1,1;1;1 1 13
72 
#1 
6	% 
 0  0 0  0 0  1
 0  0 0  0 1  0
 1  0 0  0 0  0
 0 -1 1  0 0  0
 0  0 0 -1 0  1
 0 -1 0  1 0 -1
2-1;1,1;1;1 1 7
18 
#1 
6	% 
 0 0  0  0 0 -1
 0 0  0  0 1  1
 0 0 -1  0 0  0
 1 0  1 -1 0  0
 1 0  0  0 0  0
 0 1  0 -1 0  0
3;1,1,1 2 2
12 
#1 
6	% 
 0 1 -1  0  0 1
 0 1 -1  0 -1 1
 0 1 -1 -1 -1 0
 0 0  1  0  0 0
 1 0 -1 -1  0 0
 0 0  0 -1  1 0
2-1;1,1;1;1 1 5
72 
#1 
6	% 
  0  2 -2  0 0 1
  0  0  0  0 1 0
 -1  0  0  0 0 0
  1  0  0 -1 0 0
 -1  0 -1  1 0 0
  0 -1  0  1 0 0
2-2;1,1;1,1 1 3
32 
#2 
6	% 
 -1 0 1  1 0  0
  0 0 0  0 0 -1
  0 0 0  0 1  1
  1 0 0 -1 0  0
 -1 1 0  0 0  0
  0 0 0 -1 0  0
6	% 
  0 0  0  1 0  0
  0 0  0  0 0 -1
  0 0  0  0 1  1
  1 0  0  0 0  0
  0 1 -1 -1 0  0
 -1 1  0  0 0  0
1,1;1,1;1,1 1 2
9 
#1 
6	% 
 -2  2 -1  1 0 0
  0  0  0  0 1 0
  0  0  0  0 0 1
  0  1 -1 -1 0 0
  1 -1  1  0 0 0
  0  0  0  1 0 0
1,1;1,1;1;1 1 23
36 
#1 
6	% 
  0  0 0 0 1 0
  0  0 0 0 0 1
  1  0 0 0 0 0
 -1 -1 1 0 0 0
  1 -1 0 0 0 0
 -1  1 0 1 0 0
1,1;1,1;1,1 1 5
36 
#1 
6	% 
  0  0 0 0 0 -1
  0  0 0 0 1  1
  1  0 0 0 0  0
 -1 -1 1 0 0  0
  1 -1 0 0 0  0
 -1  1 0 1 0  0
1,1;1,1;1;1 1 7
9 
#1 
6	% 
  0  2 0 1 0 0
 -1  0 1 0 0 0
  0  0 0 0 0 1
  0  0 0 0 1 0
  1 -1 0 0 0 0
  1  0 0 0 0 0
1,1,1;1;1;1 1 2
24 
#2 
6	% 
 -1 0 0 1 0 0
 -1 0 1 0 0 0
  0 0 0 0 1 0
  0 0 0 0 0 1
  1 0 0 0 0 0
 -1 1 0 0 0 0
6	% 
 -1  1 -1 0 0 0
 -1  0  1 0 0 0
  0  0  0 0 1 0
  0  0  0 0 0 1
  1 -1  0 1 0 0
 -1  0  0 0 0 0
1,1,1;1,1;1 1 2
24 
#2 
6	% 
 -2  1 0  0  0 0
 -2  0 1  1  0 0
  3 -1 0 -1  0 0
  0  0 0  0  1 1
  0  0 0  0 -1 0
 -1  0 0  0  0 0
6	% 
 -2  1  0 -1 0 0
 -2  1  0  0 0 0
  3 -1 -1  1 0 0
  0  0  0  0 1 0
  0  0  0  0 0 1
 -1  1  0 -1 0 0
2-1;1;1;1;1 1 11
18 
#1 
6	% 
 0  0 0  0 1 0
 0  0 0  0 0 1
 1  0 0  0 0 0
 0 -1 1  0 0 0
 0  0 0 -1 0 0
 0 -1 0  1 0 0
2-1;1;1;1;1 1 4
18 
#1 
6	% 
  0  0  0  0 1 0
  0  0  0  0 0 1
  0  0 -1  1 0 0
  1  0  0 -1 0 0
 -1  0 -1  1 0 0
  0 -1  0  1 0 0
1,1,1;1;1;1 1 18
12 
#1 
6	% 
  0  1  0  0 1  1
  0 -1  0  0 0 -1
  0 -1  0  0 0  0
 -1  1  0  0 0  0
  0  1 -1  0 0  0
  0  1  0 -1 0  0
1,1,1;1;1;1 1 4
12 
#1 
6	% 
  0  0  0 0 1  1
  0  0  0 0 0 -1
  0 -1  0 1 0  0
  0  1  0 0 0  0
  0  1 -1 0 0  0
 -1  1  0 0 0  0
1,1,1;1;1;1 1 12
36 
#1 
6	% 
  0 0  0  2 0 1
  0 0  0  0 1 0
  0 1 -1 -1 0 0
 -1 1  0  0 0 0
 -1 0  1  0 0 0
 -1 1 -1  0 0 0
1,1;1,1;1;1 1 15
36 
#1 
6	% 
  0  0  0  0 0 1
  0  0  0  1 1 0
 -1  1  0  0 0 0
  1  0  0 -1 0 0
  1  0 -1  0 0 0
  1 -1  1  0 0 0
1,1;1,1;1;1 1 11
18 
#1 
6	% 
  0 -2  0 -1  0  0
  0  0  0  0 -1 -1
  0  0  0  0  0  1
  0  2 -1  1  0  0
 -1 -1  0 -1  0  0
  1  0 -1  0  0  0
1,1,1;1;1;1 1 11
36 
#1 
6	% 
 0  1 0  0 0 1
 0  1 0 -1 0 0
 0  0 0  0 1 0
 1 -1 1  0 0 0
 0  0 1 -1 0 0
 1  0 0 -1 0 0
1,1,1,1;1;1 1 6
18 
#1 
6	% 
  0 -1 0  1 0  0
  0  0 0  1 1  1
  0 -2 0  0 0 -1
  0  1 1 -1 0  0
  1 -2 0  1 0  0
 -1  0 1  0 0  0
1,1;1,1;1;1 1 32
36 
#1 
6	% 
  0 0 0  0 1 0
  0 1 0  0 0 1
  0 0 1 -1 0 0
  0 1 0 -1 0 0
  0 0 1  0 0 0
 -1 0 1  0 0 0
1,1,1;1,1;1 1 5
108 
#2 
6	% 
 0 0  0  1  0  0
 0 0  0  0  1  0
 0 0  0 -2 -1 -1
 1 0  0  0  0  0
 1 0 -1  0  0  0
 0 1  0 -1  0  0
6	% 
  2 -1  0  0 0 0
  1  0 -1  0 0 1
 -3  1  1  0 0 0
  1  0  0  0 0 0
  0  0  0  1 1 0
  0  1  0 -1 0 0
1,1;1,1;1,1 1 3
36 
#1 
6	% 
 1 -2  3 0  0 0
 0  0  0 0 -1 0
 0  0  0 0  0 1
 0  1 -2 0  0 0
 0 -1  1 1  1 0
 0  0  1 0  1 0
1,1,1;1,1;1 1 6
108 
#2 
6	% 
 0  1 0 -2  2  2
 0  0 0  0  1  1
 0 -1 0  2 -2 -3
 1  0 0 -1  1  1
 1 -1 1  0  0  0
 0  0 0 -1  1  1
6	% 
 0  1 0  0 0  0
 0  0 0  1 0  0
 0 -2 0 -1 0 -1
 0  0 1  0 0  0
 0  0 0  0 1  0
 1  0 0  0 0  0
1,1;1,1;1,1 1 8
36 
#1 
6	% 
 1 -1  1  0  0 0
 0  0  0  0  1 0
 0  1  0  0  0 1
 0  0  0 -1  1 0
 0 -1  1  0  0 0
 0  0 -1  1 -1 0
1,1;1,1;1;1 1 6
36 
#1 
6	% 
 0  0 0  0 1 0
 0  2 0 -2 0 1
 0 -1 0  0 0 0
 0  0 0  1 0 0
 0 -1 1  0 0 0
 1 -1 0  0 0 0
1,1;1,1;1;1 1 5
18 
#1 
6	% 
 0  2 0 1 0  0
 0  0 0 0 0 -1
 0  0 0 0 1  1
 0 -1 0 0 0  0
 1  0 0 0 0  0
 0  0 1 0 0  0
1,1,1;1;1;1 1 3
36 
#1 
6	% 
  0  0  0  1 0  0
  0 -2  0 -1 0 -1
  0  0  0  0 1  0
 -1  0  0  0 0  0
  0  1  0  0 0  0
  0  0 -1  0 0  0
1,1,1,1;1;1 1 4
18 
#1 
6	% 
  0  0  0  1  0  0
  0  1  0  1  0  1
  0 -2  0 -1 -1 -1
  0  1  0  0  0  0
 -1  0  0  0  0  0
  0  0 -1  0  0  0
1,1,1;1;1;1 1 13
36 
#1 
6	% 
 0 0 0  0  1  0
 0 0 0  0  0  1
 1 0 0 -1  1  1
 0 0 1  0  0  0
 0 1 0 -1  1  1
 0 0 0  1 -1 -1
1,1;1,1;1;1 1 22
36 
#1 
6	% 
 0  1 0  0 0 1
 0  0 0  0 1 0
 0  0 1  0 0 0
 1  0 0  0 0 0
 0  0 0 -1 0 0
 0 -1 0  1 0 0
2-1;2-1;1,1 1 2
9 
#1 
6	% 
 0  0 0  0 0 -1
 0  0 0  0 1  1
 0 -1 1  1 0  0
 0  1 0 -1 0  0
 1 -2 1  1 0  0
 0 -1 1  0 0  0
2-1;1,1;1;1 1 2
18 
#1 
6	% 
  1 1  1 -2 0 0
  0 0  0  0 1 0
  0 0  0  0 0 1
  0 0  1  0 0 0
  1 0 -1  0 0 0
 -1 0  0  1 0 0
2-1;2-1;1;1 1 2
9 
#1 
6	% 
 0  0 0  0 1 0
 0  0 0  0 0 1
 0 -1 1  1 0 0
 0  1 0 -1 0 0
 1 -2 1  1 0 0
 0 -1 1  0 0 0
1,1,1,1;1;1 1 5
72 
#1 
6	% 
 0  0  0  0  1  0
 0  0  0  0  1 -1
 0 -1  1  0  0 -1
 1  0 -1  1 -1  1
 1 -1  1 -1  1 -1
 0  0 -1  1  0  1
1,1,1;1,1;1 1 7
288 
#2 
6	% 
  0  1 -2 -1  2 0
  0  1 -2  0  2 0
  0 -2  4  0 -3 0
 -1  1 -1  0  1 0
  0  0  0  0  0 1
  0  0 -1  0  1 0
6	% 
  0 -1  2  0 0 -2
  0 -1  2  1 0 -2
  0  2 -4 -2 0  5
  0 -1  1  1 0 -1
  0  0  0  0 1  0
 -1  0  1  0 0 -1
1,1,1;1,1;1 1 9
144 
#2 
6	% 
 -2  1  0 0 0  0
  0  0  0 0 1  1
  2 -1  0 0 0 -1
 -1  1 -1 1 0  0
  0 -1  1 0 0  0
  0 -1  0 1 0  0
6	% 
  0 -1  0  1 0 0
  0 -1  0  1 1 0
  0  2  0 -2 0 1
  0  0 -1  2 0 0
 -1  0  1 -1 0 0
 -2  1  0  0 0 0
2-2;1,1,1;1 1 5
96 
#2 
6	% 
  0  0  0  0  1  0
  0  0 -1  1  2  1
  0 -1  1  0 -2 -1
  1 -1  1 -1 -3 -1
 -1  0  1 -1 -3 -1
  0 -1  2  0 -3 -1
6	% 
  0  0  0  0  1  0
  1 -1  1 -1  3  1
 -2  1  0  0 -3 -1
 -2  1 -1  1 -4 -1
 -2  2 -1  0 -4 -1
 -2  1  0  1 -4 -1
2-1,2-1;1,1 2 1
18 
#1 
6	% 
  2 0 -1  1 0  0
  1 1 -2 -2 0  0
 -1 0  1  0 0  0
  0 0  0  1 0  0
  0 0  0  0 0 -1
  0 0  0  0 1  1
4-1;1,1 2 1
1 
#1 
6	% 
 1 -1 0 1 0  0
 0 -1 0 2 0  0
 0 -1 1 1 0  0
 0 -1 0 1 0  0
 0  0 0 0 0 -1
 0  0 0 0 1  1
2-1,2-1;1;1 3 1
36 
#1 
6	% 
  0 -1  2 -1 0 0
 -1  1  1  0 0 0
  0  1 -1  1 0 0
  1  0 -2  0 0 0
  0  0  0  0 1 0
  0  0  0  0 0 1
2-1,2-1;1,1 3 1
36 
#1 
6	% 
  0 -1  2 -1 0  0
 -1  1  1  0 0  0
  0  1 -1  1 0  0
  1  0 -2  0 0  0
  0  0  0  0 0 -1
  0  0  0  0 1  1
2-1,2-1;1;1 2 1
18 
#1 
6	% 
  1  1 -3  0 0 0
  0 -1  0 -1 0 0
 -1  0  2  1 0 0
  1  1 -2  1 0 0
  0  0  0  0 1 0
  0  0  0  0 0 1
4-2';1,1 1 1
24 
#1 
6	% 
  0 1 -1  0 0  0
 -1 1 -1  0 0  0
  0 0  1  0 0  0
  0 1  0 -1 0  0
  0 0  0  0 0 -1
  0 0  0  0 1  1
4-1';1;1 1 1
36 
#1 
6	% 
  0  2 -3 -1 0 0
 -1 -1  0  0 0 0
  1 -1  2  1 0 0
  1  2 -2 -1 0 0
  0  0  0  0 1 0
  0  0  0  0 0 1
4-1';1,1 1 1
36 
#1 
6	% 
 0  1 -1 0 0  0
 0  0  1 0 0  0
 1  0  0 0 0  0
 0 -1  1 1 0  0
 0  0  0 0 0 -1
 0  0  0 0 1  1
1,1;1,1;1;1 1 12
144 
#1 
6	% 
 0  0  0 0  1 0
 0  0  0 1  0 1
 0  0 -1 1  1 0
 1 -1  0 0  0 0
 1  0 -1 0  1 0
 1 -1  1 0 -1 0
1,1;1,1;1;1 1 18
72 
#1 
6	% 
  0  2  0 1  0 0
  0  0  0 0  1 0
  0  0  0 0  0 1
 -1  1 -1 0  1 0
 -1  1  0 0  0 0
  0 -1  1 0 -1 0
1,1;1,1;1;1 1 3
72 
#1 
6	% 
 1 -2  3 0 0  0
 0  0  0 0 0 -1
 0  0  0 0 1  0
 0  1 -2 0 0  0
 0 -1  1 1 0  1
 0  0  1 0 0  1
1,1,1;1;1;1 1 7
144 
#1 
6	% 
  0  0  0 -1 0  1
  0  0  0  0 1  0
 -1  1 -1  0 0  1
  0 -1  1  1 0 -1
 -1  0  1  0 0 -1
  0  0 -1  0 0  1
1,1;1,1;1;1 1 16
288 
#2 
6	% 
  2 -1  0  0 0 1
  0  0  0  0 1 0
  0  0 -1  2 0 0
 -1  0  1 -2 0 0
  0 -1  1 -1 0 0
  1 -1  1 -2 0 0
6	% 
  0  1  0 -1 0 1
  0  0  0  0 1 0
 -1  1 -1  1 0 0
  0 -1  1  0 0 0
 -1  0  1 -1 0 0
  0  0  1 -1 0 0
1,1;1,1;1,1 1 4
144 
#1 
6	% 
  2 -1  0  0 0  1
  0  1  0 -1 1  0
  0  0 -1  2 0  0
 -1  0  1 -1 0 -1
  1 -1  1 -1 0  1
  0  1 -1  1 0  0
2-2;1,1;1,1 1 4
192 
#2 
6	% 
  0 -2  0  2 -1  0
  0  1 -1  0  0  1
  0  0  1 -1  0 -1
  1 -1  1 -1  0 -1
 -1  0  1 -1  0 -1
  0 -1  2  0  0 -1
6	% 
  0  0 0  0  0  1
  0 -1 0  2  2 -1
 -1  1 1 -1 -2 -1
 -1  1 0 -1 -1  0
  0  0 1 -1 -1  0
  0  1 0 -1 -1  0
4-2';1;1 1 1
24 
#1 
6	% 
  0  2 -1 -1 0 0
 -1  2 -2 -1 0 0
 -1  1 -2  0 0 0
 -1 -1  0  1 0 0
  0  0  0  0 1 0
  0  0  0  0 0 1
1,1;1,1;1;1 1 9
72 
#1 
6	% 
  0  0  0  0 0 -1
  0  0  0  0 1  1
 -1  0  1 -1 0  0
  0  0 -1  2 0  0
 -1  1 -1  1 0  0
  0 -1  1 -1 0  0
2-2;1,1,1;1 1 6
96 
#2 
6	% 
 0  1  0 -1  1  1
 0  1  0 -1  0  1
 1 -1  1  0  0  0
 1  0  0  0  1  1
 0  0  0  1  0  0
 0  0 -1  0 -1 -1
6	% 
  1 0 -1 -1 1  1
  1 0 -1 -1 0  1
  0 0 -1  1 0  0
  0 1 -1 -1 0  1
  0 1  0 -1 0  0
 -1 0  1  0 0 -1
2-2,2-2;1,1 2 1
48 
#1 
6	% 
  1 0 -1  1 0  0
  0 1 -2  0 0  0
  0 1 -2 -1 0  0
 -1 1  0 -2 0  0
  0 0  0  0 0 -1
  0 0  0  0 1  1
2-2,2-2;1;1 2 1
48 
#1 
6	% 
 1 -1  0  2 0 0
 1  0 -2  1 0 0
 1  0 -2  0 0 0
 0  1 -1 -2 0 0
 0  0  0  0 1 0
 0  0  0  0 0 1
2-2;2-2;1,1 1 2
16 
#1 
6	% 
  0  0 0  0 0 -1
  0  0 0  0 1  1
  1 -1 0  0 0  0
 -2  1 0  0 0  0
  1  0 0 -1 0  0
 -1  0 1  0 0  0
2-2;1,1;1;1 1 5
32 
#2 
6	% 
 -1 0 1  1 0 0
  0 0 0  0 1 0
  0 0 0  0 0 1
  1 0 0 -1 0 0
 -1 1 0  0 0 0
  0 0 0 -1 0 0
6	% 
  0  0 0  1 0 0
  0  0 0  0 1 0
  0  0 0  0 0 1
 -1  0 0 -1 0 0
  0 -1 1  2 0 0
  1 -1 0 -1 0 0
3;1,1;1 1 2
24 
#1 
6	% 
  0 0 0  0 0  1
  0 0 0  0 1  0
  0 1 0  0 0  0
  0 1 0 -1 0  0
 -1 1 0  0 0  0
  0 0 1  0 0 -1
2-2;2-2;1;1 1 4
16 
#1 
6	% 
 0  0  0  0 1 0
 0  0  0  0 0 1
 0  0  1  0 0 0
 1  0 -1 -1 0 0
 0  0  0  1 0 0
 1 -1  0  0 0 0
2-2;1,1;1;1 1 10
192 
#2 
6	% 
 -1  1 -1  1 0 -1
  0  0  0  0 1  0
  0 -1  1  1 0  0
  0  0 -1  1 0  0
  0  0 -1  0 0  0
  1  0  0 -1 0  0
6	% 
  0  0 1 -1 0 1
  0  0 0  0 1 0
 -1  1 0  0 0 0
  0  0 1  0 0 0
  1  0 0  0 0 0
  0 -1 0  1 0 0
2-2;1,1;1;1 1 7
192 
#2 
6	% 
 0  0  0  0 1  0
 0 -1  2  0 0 -1
 1  0 -1 -1 0  1
 0  0 -1  0 0  1
 0  1 -1 -1 0  1
 1  0 -1  0 0  1
6	% 
  0  0  0  0 1  0
  0  1  0 -1 0  1
  0  0 -1  0 0 -1
 -1  0 -1  1 0 -1
  1 -1 -1  1 0 -1
  0 -1  0  0 0 -1
1,1;1;1;1;1 1 44
24 
#1 
6	% 
  1 -1 -1  1 0  3
  0  0  0  0 1  0
 -1  1  1 -1 0 -2
  1 -1  0  1 0  1
  0  0 -1  1 0  1
  0  1  0 -1 0 -1
1,1;1;1;1;1 1 6
24 
#1 
6	% 
 0  0  0  0 0 1
 0  0  0  0 1 0
 1 -1 -1  1 0 0
 0 -1  0  1 0 0
 0  0  1 -1 0 0
 1 -1  0  1 0 0
1,1;1;1;1;1 1 17
72 
#1 
6	% 
 0 0  0  0 0 1
 0 0  0  0 1 0
 1 0  0 -1 0 0
 0 0 -1  0 0 0
 0 1 -1 -1 0 0
 1 0  0  0 0 0
1,1;1;1;1;1 1 24
18 
#1 
6	% 
 -1 1  0  0 0 0
  0 0  0  0 1 0
  0 0  0  0 0 1
  0 1 -1 -1 0 0
  0 0  1  0 0 0
  1 0 -1  0 0 0
1,1;1;1;1;1 1 14
72 
#1 
6	% 
  0  0  0  0 0  1
  0  0  0  0 1  0
  1  0 -1  0 0  1
  1 -1  1  0 0  0
  0  0  1 -1 0 -1
 -1  1  0  0 0 -1
1,1;1;1;1;1 1 4
18 
#1 
6	% 
 -3  3 -2  2 0 0
  0  0  0  0 1 0
  0  0  0  0 0 1
  1 -1  1 -1 0 0
  0  0  0  1 0 0
 -1  0  0  1 0 0
1,1;1;1;1;1 1 11
72 
#1 
6	% 
 0  0 0 0 0 1
 0  0 0 0 1 0
 1  0 0 0 0 0
 0 -2 0 1 0 0
 0  1 1 0 0 0
 1 -1 0 0 0 0
3;1,1;1 2 2
24 
#1 
6	% 
 0  0 -1  0 0 -1
 0  0  0  0 1  0
 0  1 -1 -1 0 -1
 0 -1  1  0 0  0
 1  1 -1 -1 0  0
 0  1  0 -1 0  1
3;1,1;1 1 3
12 
#1 
6	% 
 0 0  0 0 0 -1
 0 0  0 0 1  1
 0 1  0 0 0  0
 0 1 -1 0 0  0
 1 0  0 0 0  0
 0 0  0 1 0  0
3;1,1;1 2 3
12 
#1 
6	% 
 0 0  0  0 0 -1
 0 0  0  0 1  1
 0 1 -1 -1 0  0
 0 0  1  0 0  0
 1 0 -1 -1 0  0
 0 0  0 -1 0  0
2-2;1;1;1;1 1 6
96 
#2 
6	% 
  0  0 0  0 1 0
  0  0 0  0 0 1
  0  0 1  0 0 0
 -1  0 0  1 0 0
  0 -1 1  1 0 0
  0  0 1 -1 0 0
6	% 
  0 0 0  0 1 0
  0 0 0  0 0 1
  0 0 1 -1 0 0
  0 0 0  1 0 0
  1 0 0  0 0 0
 -1 1 0 -1 0 0
2-2;1,1;1;1 1 12
96 
#2 
6	% 
 0  0  0  0 1 0
 0  0  0  0 0 1
 0  0  0  1 0 0
 1  0 -1  0 0 0
 0 -1  1  1 0 0
 0  0  1 -1 0 0
6	% 
  0  0 0  0 1 0
  0  0 0  0 0 1
  1 -1 1  0 0 0
  1 -1 0  0 0 0
  1  0 0  0 0 0
 -1  1 0 -1 0 0
1,1;1;1;1;1 1 45
3 
#1 
6	% 
  0 0  0  0 0 -1
  0 0  0  0 1  1
 -1 1 -1 -1 0  0
  0 0  1  0 0  0
  0 0  0  1 0  0
  1 0  0  0 0  0
1;1;1;1;1;1 1 29
3 
#1 
6	% 
  0 0  0  0 1 0
  0 0  0  0 0 1
 -1 1 -1 -1 0 0
  0 0  1  0 0 0
  0 0  0  1 0 0
 -1 0  0  0 0 0
1,1;1;1;1;1 1 7
3 
#1 
6	% 
  0 0 0 0 0 -1
  0 0 0 0 1  1
  1 0 0 0 0  0
 -2 1 0 0 0  0
 -1 0 0 1 0  0
 -1 0 1 0 0  0
1;1;1;1;1;1 1 10
18 
#1 
6	% 
  0 0  0  0 1 0
  0 0  0  0 0 1
 -1 0  0  1 0 0
  0 0  1  0 0 0
  1 0  0  0 0 0
  0 1 -1 -1 0 0
1,1;1;1;1;1 1 27
18 
#1 
6	% 
  0 0  0  0 1 0
  0 0  0  0 0 1
 -1 0  0  1 0 0
  0 0 -1  0 0 0
  0 1 -1 -1 0 0
 -1 0  0  0 0 0
1;1;1;1;1;1 1 4
3 
#1 
6	% 
  0  0 0  0 1 0
  0  0 0  0 0 1
  0 -1 1  0 0 0
  1  0 0  0 0 0
 -1  0 1 -1 0 0
 -1  0 1  0 0 0
3;1;1;1 1 2
12 
#1 
6	% 
 0 0  0 0 1 0
 0 0  0 0 0 1
 0 1  0 0 0 0
 0 1 -1 0 0 0
 1 0  0 0 0 0
 0 0  0 1 0 0
3;1;1;1 2 2
12 
#1 
6	% 
 0 0  0  0 1 0
 0 0  0  0 0 1
 0 1 -1 -1 0 0
 0 0  1  0 0 0
 1 0 -1 -1 0 0
 0 0  0 -1 0 0
