#81

3;2-1;1 1 8
1 
#1 
6	% 
 1 0 0 0 0 0
 0 1 0 0 0 0
 0 0 1 0 0 0
 0 0 0 1 0 0
 0 0 0 0 1 0
 0 0 0 0 0 1
1,1,1,1,1,1 1 1
1 
#1 
6	% 
 1 0 0 0 0 0
 0 1 0 0 0 0
 0 0 1 0 0 0
 0 0 0 1 0 0
 0 0 0 0 1 0
 0 0 0 0 0 1
1,1,1,1,1;1 1 2
14 
#5 
6	% 
  0 -1 1 -1  0  0
 -1 -1 0  0  0  0
 -1  0 0  2  1 -1
 -1 -1 0 -1  0  1
  1  1 0 -1 -1  0
 -1 -1 0  0  1  0
6	% 
  0  0  0  1  0 -1
  0  0  1  0  0 -1
  1 -1  1  1  1  0
  0  0  0  0  1 -1
 -1  0 -1 -1 -1  1
  0 -1  1  1  1 -1
6	% 
  0  0  1 1  0  1
  0 -1  0 0  0  0
 -1 -1  1 0  0  0
  0  0  1 0  0  1
  0  1 -1 0 -1 -1
  0 -1  1 0 -1  0
6	% 
  0  0  0  1  1  0
  1  0 -1  1  1  0
  1 -1 -1  1  2  0
  1  0  0  0  1  0
 -1  0  1 -1 -2 -1
  1  0 -1  1  2  0
6	% 
  0  1  0  1 1 1
  0  0 -1  0 0 0
  0  0 -1  1 0 0
  0  1  0  1 0 1
 -1 -1  1 -1 0 0
 -1  1 -1  1 0 1
2-1;1,1,1,1 1 2
4 
#2 
6	% 
  0 0  1  0 -1  0
  0 0  1  0  0  0
  0 0  0 -1 -1 -1
 -1 0  1 -1 -1  0
  1 1  0  0  0  0
 -1 0 -1  1  1  1
6	% 
  0  0  1 0 -1 -1
  1  1  0 0  0  0
  2  1  1 0  0 -1
  1  1  1 0  0 -1
  0  0  0 1  0  0
 -1 -1 -1 0  0  0
1,1,1;1,1,1 1 2
10 
#3 
6	% 
  0  0  1 -1  0  0
  0  0 -1  0  0  0
 -1 -1  0  0  0  0
  0 -1  0  0 -1 -1
  1  1  0  0  1  0
  1  1  0  0  1  1
6	% 
  0  0  0  0 -1  0
  0  0  0 -1  0  0
 -1 -1  0  0  0  0
  0 -1 -1  0  0  0
  1  1  1  0  0 -1
  1  1  1  0  0  0
6	% 
  0 -1  0  0 -1 -1
  0 -1 -1  0  0  0
 -1  0  0  0  0  0
  1  0  0 -1  0  0
  0  1  0  1  0  1
  0 -1  0  1  0  0
2-1;1,1,1;1 1 6
12 
#2 
6	% 
  0  0 1  1 -1 -2
  0 -1 0  0  1  0
  0  0 0 -1  1  1
 -1  1 0  0  0  1
  0 -1 0  0 -1 -1
  0  0 0  0 -1 -1
6	% 
  0  0 1  0 -1 -1
  1 -1 0 -1  1  0
  1  0 0  0  1  0
  0  0 0  1  0  0
 -1  1 0 -1 -1  1
  0  1 0  0 -1  0
1,1,1,1;1,1 1 3
44 
#6 
6	% 
  0  0 0 -1  0  1
  1 -1 1  0  1 -1
  0 -1 0  0  0  0
  0  1 0 -1 -1  0
  1  0 0 -1  1  0
 -1  0 0  1  0  0
6	% 
  1  0 1 -1  0  0
 -1 -1 0  2  0 -2
  0  0 0  1 -1 -1
  0  1 0 -2  1  2
  0 -1 0  0  1 -1
  0  0 0  0 -1  0
6	% 
 1 0  0 -1  1  0
 1 1  0 -1  2  1
 0 0 -1 -1  0  2
 0 0  0  1 -1 -1
 0 0  0  0  1  0
 0 0 -1 -2  0  2
6	% 
  1 -1 0  1  0  1
  1 -1 1  1  0  1
  1  1 0  0  1  1
 -1  0 0 -1 -1 -1
  0 -1 0  1 -1  0
  1  1 0  0  1  0
6	% 
  0  0  1  1 -1 -2
  0 -1  0  0 -1 -1
 -1  0  0 -1  0  1
  0  1 -1  1  1  1
  0 -1  1  0 -1 -1
 -1  0  0  0  0  0
6	% 
  1 -1 1  0  1 -1
  1 -1 0 -1  1  0
  0  1 0 -1 -1  1
 -1  0 0  1  0 -1
  0 -1 0 -1  0 -1
  1  0 0  1  1  0
1,1,1,1;1,1 1 2
15 
#5 
6	% 
 0  0  0 1  0  0
 0  0  1 0  0  0
 0  0 -1 0 -1 -1
 1  1  0 0  0  0
 0 -1  0 0  0  0
 0 -1  0 0  0 -1
6	% 
  0 -1 0 0  1  0
 -1 -1 1 0  1  0
 -1  0 0 0  1  1
  0  0 0 1  0  1
  1  1 0 0 -1 -1
 -1 -1 0 0  1  0
6	% 
  1  0 0  1  0 -1
  1  1 1  1  0 -1
  1 -1 0  2  0 -2
  0  0 0  0 -1 -1
 -1  0 0 -2  1  2
  1  0 0  2  1 -1
6	% 
  0 0 1  0 0  1
  0 0 0 -1 0  0
  0 1 0  1 0  1
 -1 0 0  0 1  1
  1 0 0  0 0 -1
  1 0 0  0 0  0
6	% 
 0  0  1  1  0 -1
 0 -1  1  1  1 -1
 0  0  0  1 -1 -1
 1  0  0  0  0  0
 0  1 -1 -1  0  2
 0 -1  1  1  0 -1
2-1;1,1,1;1 1 7
16 
#5 
6	% 
 0 0  1  0  0  0
 0 0  0  1  0  0
 1 0  0  0 -1 -1
 0 1  0  0  1  1
 0 0  1  1  1  1
 0 0 -1 -1  1  0
6	% 
  1  0  1  0  0 -1
  1 -1  0  0  0 -1
  0  0  0  0 -1  0
  0  0  0 -1  1  1
  1 -1  1  0  1 -1
 -1  1 -1  0  1  2
6	% 
  0  1  0  0 1 1
 -1  1  0  0 0 1
  0  0  1  0 0 0
  0  0 -1 -1 0 1
  0  1 -1  0 0 1
  0 -1 -1  0 0 0
6	% 
 0 0 0  1  1  0
 0 0 1  0 -1 -1
 1 0 0  0  0  0
 0 1 0  0  0  0
 0 0 0  1  0 -1
 0 0 0 -1  0  0
6	% 
  0  1 -1  0  0  1
  0  1  0  0  1  1
 -1  0  0  0  0  1
  1  0  0 -1  0  0
  1  1 -1  0  1  1
  1 -1  1  0 -1 -2
2-1',2-1';1,1 1 2
6 
#1 
6	% 
  0 -1  0 -1 0 1
 -1  0  0  2 0 0
  0  0 -1  0 1 1
  0  0 -1  0 0 1
  0  0  0 -1 0 0
  0  0  1  0 0 0
1,1,1;1,1,1 1 3
24 
#3 
6	% 
  0  0 -1  3 -1 -3
 -1 -1  0  1  0  0
  0  1  0  0  0  0
  0  0  0 -2  1  2
  0  1  0 -1  0  1
  0  0  0  1 -1 -2
6	% 
  2 -2 1  0  1 -2
 -1 -1 0 -1  0 -1
  1  0 0  1  1  0
 -1  1 0  0 -1  1
  0  1 0  1 -1  0
  1 -1 0  0  1  0
6	% 
  0 -1 -1  1  0 -1
 -1  0  0  2 -1  0
  0  0  0 -1  1  0
  0  0  1 -1  0  0
  0  0  0 -2  1  1
  0  0 -1  0  0  0
2-1;1,1;1,1 1 10
12 
#2 
6	% 
 0 1  0  2 -1  0
 0 0 -2  9 -3 -3
 0 0  2  4 -3  0
 1 0  0 -2  1  0
 0 0  1 -3  1  1
 0 0 -1 -1  1  0
6	% 
  0  0 -1 -1  0  1
 -2 -1 -3  0 -2  1
  1  2 -3  0  2  3
  0  0  1  0  0  0
  1  1  1  0  1  0
 -1 -1  1  0 -1 -1
1,1,1;1,1,1 1 4
12 
#1 
6	% 
 -1  1 -1  2  1 -1
 -1  0 -1  1  0 -1
  2 -1  2 -4  0  2
 -1  1 -1  4 -1 -2
  1 -2  2 -5  0  2
  0  1 -1  3  0 -1
2-1;1,1;1,1 1 6
12 
#3 
6	% 
  0 0 1  0  1  0
 -1 1 0  0  0  1
 -1 0 0  0  0  0
  1 0 0 -1  0  0
  1 0 0  0  1  0
  1 0 0  0 -1 -1
6	% 
  0 0 1 0 -1 -1
  0 0 0 1  0  1
 -1 0 0 0  0  1
  0 1 0 0  0  0
  0 0 0 0 -1 -1
  0 0 0 0  1  0
6	% 
 1  0 0  0  1  0
 0 -1 1  0  0 -1
 0 -1 0  0  0  0
 0  1 0 -1  0  1
 0  1 0  0  1  1
 0  1 0  0 -1  0
2-1',2-1';1;1 1 6
6 
#1 
6	% 
 0 1  0  0  0  0
 1 0  0 -1  0  0
 0 0  0  0  1  0
 0 0  0  1 -1 -1
 0 0 -1  0 -1  0
 0 0  1  0 -1 -1
2-2;1,1,1,1 1 2
4 
#1 
6	% 
  1  1 -1 -1 -1  1
  1  1  0  0  0  0
  1  0 -1 -1  0  1
 -1 -1  1  0  0 -1
  1  1  0 -1  0  1
 -1 -1  1  1  0 -1
1,1,1,1;1;1 1 4
4 
#2 
6	% 
  1  0 -1  0  0  0
  0 -1  0  0 -1 -1
 -2  1  1  0  0  1
  2  0  0  0  0 -1
 -1  0  0  0  0  1
 -1  0  0 -1  0  1
6	% 
  0 0  0  1  0  0
  0 0 -1  1 -1  0
  0 0  1 -3  0 -1
  0 0  0  2  0  1
 -1 0  0 -1  0  0
  0 1  0 -1  0  0
1,1,1;1,1;1 1 7
48 
#6 
6	% 
  0 0 0 -1 -2  0
  0 0 0  0 -2 -1
  0 0 1  1  3  0
 -1 0 0  0 -1  0
 -1 1 0  0  0  1
  0 0 0  0 -1  0
6	% 
  2 0 0  1  0 -2
  2 0 0  0  0 -1
 -5 1 0 -1  0  4
  1 0 0  0 -1 -1
  0 0 1  0 -1 -1
  1 0 0  0  0 -1
6	% 
 0 0 -2  3 0 -2
 0 0 -2  4 0 -3
 1 0  3 -7 0  5
 0 0 -1  2 1 -1
 0 1  0  0 1  1
 0 0 -1  1 0 -1
6	% 
 0  0 0 1 -2 -2
 0  0 0 0 -2 -1
 1  0 0 0  3  1
 0 -1 0 0 -1 -1
 0 -1 1 0  0 -1
 0  0 0 0 -1 -1
6	% 
 1 -1 0  0 0  2
 0  0 0  0 0 -1
 0  0 1  0 0  0
 0  0 0 -1 0  0
 0  0 0 -1 1  1
 1  0 0  0 0  1
6	% 
 1 -1 0 0 -2 -2
 0  0 0 0 -2 -1
 0  0 0 1  5  2
 0  0 0 0 -1 -1
 0  0 1 0  0  0
 1  0 0 0 -1 -1
1,1,1;1,1;1 1 9
32 
#5 
6	% 
  0 0  0  0 -2 -1
  0 1  0  0 -1  0
  0 0 -1  0  3  2
  1 0  0 -2 -1  1
 -1 0  0  2  0 -2
  0 0  0 -1  0  0
6	% 
 -2 0 0  0  0  1
 -1 0 1  0  0  0
  3 1 0  0  0 -1
 -1 0 0 -1  1  2
  0 0 0  0 -1 -1
  0 0 0 -1  0  0
6	% 
  2  0  0  0  0 -1
  1  1  0  0  0  0
 -2 -1  0  0 -1  0
  1  0  1 -2  0  1
  0  0 -1  1  0 -1
  0  0  0 -1  0  0
6	% 
  0  0 0  0 0 -1
  0  0 1  0 0  0
  0  0 0  0 1  2
  1 -1 0  1 0 -2
 -1  0 0 -1 0  1
 -1 -1 0  0 0  0
6	% 
  0  0  0 0  0 -1
  0  0  0 1  0  0
  0  0 -1 0  0  1
  1 -1  0 0  1 -1
 -1  0  0 0 -1  0
 -1 -1  0 0  0  0
1,1,1,1;1;1 1 5
44 
#6 
6	% 
  1 0  1 0 0 -1
  1 0  2 0 1 -1
  0 1  1 0 0  0
 -1 0 -2 0 0  2
  1 0  2 1 0 -2
  0 1 -1 0 0  1
6	% 
  1  1  0 -1 0  1
  0  1 -1 -1 0  2
  0  1  0 -1 1  2
 -1 -2  0  2 0 -2
  1  2  0 -1 0  2
  0 -1  0  1 1 -1
6	% 
  1 -1 -1 -1  1  1
  1 -1 -1  0  1  0
  0 -1 -1  0  0  0
 -1  1  2  1 -1 -1
  1 -1 -2  0  1  1
 -1  0  1  0  0  0
6	% 
  1  0 0  0 -1 -1
  1 -1 0  0 -2 -2
 -1 -1 0  1 -1 -2
  0  1 1 -1  2  2
  0 -1 1  1 -2 -3
  1  1 0 -2  1  2
6	% 
  1 -1  0  1  0  2
  1 -1  0  1  1  1
  1  0  0  1  0  1
 -1  1 -1 -1 -1 -1
  1 -1 -1  1  1  2
  0  1  0 -1  0 -1
6	% 
  1 -1  0  1  0  2
  1 -1  1  1  0  1
  1  0  0  1  0  1
 -1  1 -1 -1 -1 -2
  1 -1  1  1 -1  1
  0  1  0 -1  0 -1
1,1,1;1,1;1 1 12
72 
#6 
6	% 
  0  0 0  1 -2 -2
 -1  1 0  2  0 -1
  1 -1 0 -2  2  2
 -1  0 1  1  0 -1
  1  0 0 -1  1  1
  0  0 0  1 -1 -1
6	% 
  0  0 -2  1  0  0
 -1  1  0  0  0  1
  2 -2  2 -2  0 -1
  1  2  0  0  1  1
  0 -2  1 -1 -1 -1
  0  0 -1  1  0  0
6	% 
 -1  1  4 -2 0 -2
 -2  2  2 -2 0  1
  4 -4 -9  6 0  2
 -1  1  2 -1 1  1
  2 -2 -5  3 0  1
 -1  0  2 -1 0 -1
6	% 
  1 -1 -6  0  2   6
  0  0 -3  0  2   4
 -2  2 14  0 -6 -15
  0  0 -1  0  1   2
 -1  1  6 -1 -3  -7
  0 -1 -3  0  1   3
6	% 
 0  0 -4  2 0  3
 0  0 -3  2 0  2
 1 -1  7 -4 0 -6
 0  0 -1  1 0  1
 1  0  3 -2 0 -3
 0  0 -2  1 1  2
6	% 
  2 -2 0 -2  2  1
  1 -1 0  1  0 -2
 -3  3 0  0 -2  2
  1  0 0  1  0 -1
 -2  1 0 -1 -1  1
  1 -1 1 -1  1  0
1,1,1;1,1;1 1 10
24 
#2 
6	% 
 -1 -1 0  0 -2 -1
  0  0 0  0 -2 -1
  1  1 1  0  5  2
  0 -1 0  1 -1 -2
  0  0 0 -1 -1  0
  0  0 0 -1  0  0
6	% 
  0  0 -1  2 0 -1
  0  0 -2  2 0 -1
  0  0  4 -5 1  3
  0  0 -1  1 0  0
  0 -1 -1  1 0 -1
 -1 -1  0  0 0  0
2-2;2-1;1,1 1 4
4 
#1 
6	% 
 0 1 -2  2  1  2
 0 0  4 -4 -2 -3
 1 0 -2  2  1  1
 0 0  6 -6 -3 -4
 0 0  6 -5 -3 -5
 0 0  5 -6 -3 -4
2-2;1,1,1;1 1 5
20 
#3 
6	% 
 -1  1 0  0  0  1
  0  1 0  0 -1  0
  1  0 0  0  1  0
  1 -1 1  0  1 -1
  1 -1 0 -1  1  0
  1 -1 0  0  1 -1
6	% 
  1 1  0 0  0  0
  1 0  0 0 -1 -1
 -1 0  0 0 -1  0
 -1 0 -1 0  0  1
 -1 0  0 1  0  0
 -1 0  0 0  0  1
6	% 
 0  0 -1  1 -1 -1
 1 -1  0  0  0 -1
 1  1  0  0  0  0
 0  1  1  0  1  1
 0  1  0 -1  1  2
 0  1  1 -1  1  1
1,1,1;1,1;1 1 11
96 
#10 
6	% 
 0 0  0 -2 0  1
 0 0 -1 -2 0  2
 1 0  0  5 0 -3
 0 1 -2 -1 0  1
 0 0  0 -1 0  1
 0 0  0 -1 1  1
6	% 
  2  0  0  0 0 -1
  2 -2  1  0 0 -3
 -5  3 -2  0 0  6
  1  0  0  1 0 -1
  1 -1  1 -1 0 -1
  1  0  0  0 1  0
6	% 
 -2  2 0  2 0  1
 -1  1 0  0 0  1
  4 -4 1 -1 0 -4
 -1  1 0  1 0  0
 -1  0 0  0 0  0
 -1  1 0  1 1  1
6	% 
 0 0  2  0 0 -1
 0 0  2 -1 0  0
 0 1 -5  1 0  2
 0 0  1 -1 1  0
 0 0  1 -1 0  0
 1 0  1  0 0 -1
6	% 
  2 0 0 -2 0 1
  2 0 0 -1 0 0
 -5 1 0  3 0 0
  1 0 0 -1 1 1
  1 0 0  0 0 0
  1 0 1 -1 0 0
6	% 
  0 0  2  2  2 -1
  0 0  1  1  0 -1
  0 1 -4 -4 -3  3
  1 0  1  1  1 -1
 -1 0  0  1  0  0
  0 0  1  1  1 -1
6	% 
  0  0 0 0 -2 -1
 -1  1 0 0 -2  0
  2 -2 1 0  5  0
  1  1 0 1 -1 -1
 -1  0 0 0 -1  0
  0  0 0 0 -1 -1
6	% 
  0  0 0 -2 0  1
  1  1 0 -2 0  1
 -1 -1 1  5 0 -3
  0  0 0 -1 1  1
  0  1 0 -1 0  1
  0  0 0 -1 0  0
6	% 
 0 0 0 -2 -2 -1
 0 0 0 -3 -2 -1
 0 1 0  7  5  3
 0 0 1 -3 -1  1
 0 0 0 -1 -1 -1
 1 0 0 -1 -1 -1
6	% 
 0 0  2 0 -2 -3
 0 0  3 0 -2 -4
 0 0 -8 1  5 10
 0 1  1 0 -1 -1
 0 0  2 0 -1 -2
 1 0  1 0 -1 -2
1,1,1;1,1;1 1 6
60 
#12 
6	% 
 -2 0 0 0 0  1
 -1 1 0 0 0  1
  3 0 0 1 0 -2
 -1 0 0 0 0  0
  0 0 1 0 0  0
 -1 0 0 0 1  1
6	% 
 0  0 0 0 0 -1
 0  1 1 0 0  0
 0 -1 0 0 0  1
 1  0 0 0 0 -1
 1  0 0 1 0 -1
 0  0 0 0 1  0
6	% 
  0 0  0 0 0  1
  0 0  1 0 0  1
  0 0 -1 1 0 -1
 -1 0  0 0 0  1
 -1 1  0 0 0  1
  0 0  0 0 1  1
6	% 
 -2 0 0 0 0  1
 -1 1 0 0 0  1
  3 0 0 0 1 -1
 -1 0 0 1 0  0
  0 0 1 1 0 -1
 -1 0 0 0 0  0
6	% 
 0 0 0 0 0  1
 0 0 1 0 0  1
 0 0 0 1 0 -1
 0 1 0 0 0  1
 0 1 0 0 1  1
 1 0 0 0 0  0
6	% 
  0 -2 0 0 0 -1
  0 -1 1 0 0 -1
  0  3 0 1 0  1
 -1 -1 0 0 0  0
 -1  0 0 0 1  1
  0 -1 0 0 0 -1
6	% 
 0 -2 0 0 0 -1
 0 -1 1 0 0 -1
 0  3 0 0 1  2
 1 -1 0 0 0 -1
 1  0 0 1 0 -1
 0 -1 0 0 0 -1
6	% 
  0 0 0  2 0 -1
  0 0 1  1 0 -1
  0 0 0 -3 1  2
 -1 0 0  1 0  0
 -1 1 0  0 0  1
  0 0 0  1 0 -1
6	% 
 -2 0 0 0  0  1
 -1 1 0 0  0  1
  3 0 0 1  0 -2
 -1 0 0 0 -1  0
  0 0 1 0 -1 -1
 -1 0 0 0  0  0
6	% 
 0 -2 0 0 0 -1
 0 -1 0 1 0 -1
 0  3 0 0 1  2
 0 -1 0 0 0 -1
 0  0 1 0 0  0
 1 -1 0 0 0 -1
6	% 
 0 0 -2 0  0  1
 0 0 -2 1  1  1
 0 0  3 0 -1 -2
 0 0 -1 0  0  0
 0 1  0 0  0  0
 1 0 -1 0  0  0
6	% 
 0 0  0  0 0 -1
 0 1  0  1 0  0
 0 0  0 -1 0  1
 0 0 -1  0 0  0
 0 0 -1  0 1  1
 1 0  0  0 0 -1
1,1,1,1;1;1 1 6
15 
#5 
6	% 
  0  1 0 -1  0  0
  0  1 0  0  0  0
  0  0 1  0  0  0
  0 -1 0  1 -1  0
  1  1 0 -1  0 -1
 -1  0 0  0 -1  0
6	% 
  1 0  0 -1  0  0
  1 0  0  0  0  0
  0 1  0  0  0  0
 -1 0  0  1 -1  0
  1 0  1 -1  0 -1
  0 0 -1  0 -1  0
6	% 
  0 -1  0  0  1 0
  0 -1  1 -1  1 0
  0  0  0 -1  1 1
  0  1 -1  1 -2 0
  1 -1  1 -1  2 0
 -1  0  0  0  0 1
6	% 
  1  1 -1  0  1  1
  1  1  0  0  0  0
  1  0  0  0  1  0
 -2 -1  1  0 -1 -1
  2  1 -1 -1  1  1
  0  0  0  1  0 -1
6	% 
 0  0  1 0 -1  0
 0  0  1 0  0  0
 0  0  0 1  0  0
 1  0 -1 0  1  0
 0 -1  1 0 -1 -1
 1  1  0 0  0  0
2-2;1,1,1;1 1 6
4 
#1 
6	% 
 0 1  0  0  1 1
 1 0  0  0  1 0
 0 0  0 -1  0 0
 0 0 -1  0  1 1
 0 0 -1  1  0 0
 0 0  0  0 -1 0
1,1;1,1;1;1 1 24
96 
#10 
6	% 
  0 -1  0  0 1  0
  0  0  2 -1 0  3
  0  0 -1  2 0 -4
  1  0 -1  1 0 -3
  0  1 -1  1 0 -2
 -1 -1  0  0 0  0
6	% 
  1 1  0  0  0  0
  0 0  2 -1  0  3
  0 0 -1  2  0 -4
  0 0 -1  1 -1 -3
 -1 0 -1  1  0 -2
  1 0  0  0  1  0
6	% 
 0 0 -1 1  0  0
 1 0  0 0 -1 -1
 0 1  0 0  1  1
 0 0  0 0  1  0
 0 0  1 0  1  0
 0 0 -1 0  0  1
6	% 
  0  1 1  0  0  0
 -1  0 0  1  0 -1
  1  0 0 -2  0  1
  1  0 0 -2 -1  1
  1 -1 0 -2  0  1
  0  1 0  0  1  1
6	% 
  1  0  0  0 1  0
  0 -1  0 -1 0 -1
  0  1  0  2 0  0
  0  1 -1  1 0  1
 -1  1  0  1 0  1
  1  0  1  0 0 -1
6	% 
  1 1  0  0  0  0
  0 0  0  2 -1  0
  0 0  0 -3  1  1
  0 0 -1 -2  1  1
 -1 0  0 -2  1  1
  1 0  1  0  0 -1
6	% 
 0 0 1  0  0  0
 1 0 0 -1  0  0
 0 1 0  1  0  0
 0 0 0  1 -1 -1
 0 0 0  1  0  0
 0 0 0  0  1  0
6	% 
  0  0  1  0 1 0
  0 -1  0  0 0 0
  0  1  0 -1 0 1
  1  1  0  0 0 0
  0  1 -1  0 0 1
 -1  0  1  0 0 0
6	% 
  0 1  1  0  0  0
  0 0  0  1 -1 -2
  0 0  0 -2  1  2
 -1 0  0 -1  1  2
  0 0 -1 -1  1  2
  1 0  1  0  0 -1
6	% 
 0 0 1  0  1  0
 1 0 0 -1  0  0
 0 1 0  1  0  0
 0 0 0  1  0 -1
 0 0 0  1 -1 -1
 0 0 0  0  1  1
1,1;1,1;1;1 1 32
45 
#8 
6	% 
 0 -1  0 0 1  0
 0  0  1 1 0 -1
 1  1  0 0 0  0
 0  1 -1 0 0  1
 1  0 -1 0 0  0
 1  0  0 0 0 -1
6	% 
  0 0  1 1 0 -1
 -1 1  0 0 0  1
  0 0 -1 0 1  1
  1 0 -1 0 0  0
  1 0  0 0 1  0
  0 0  0 0 1  0
6	% 
 0 0  0 0 1  0
 0 0  1 1 0 -1
 1 0  0 0 0  0
 0 0 -1 0 0  1
 1 0 -1 0 0  0
 1 1  0 0 0  0
6	% 
  0 -1 1 0 0 -1
 -1  0 0 0 1  1
  0  1 0 1 0  0
  1  1 0 0 0  0
  1  0 0 1 0 -1
  0  0 0 1 0 -1
6	% 
  0 0 -1 0 1  1
 -1 1  0 0 0  1
  0 0  1 1 0 -1
  1 0  1 0 0 -1
  1 0  0 1 0 -1
  0 0  0 1 0 -1
6	% 
  0 -1 1 0 0 -1
 -1  0 0 1 0  0
  0  1 0 0 1  1
  1  1 0 0 0  0
  1  0 0 0 1  0
  0  0 0 0 1  0
6	% 
  0 0 1  1 0 -1
  0 1 0  0 0  0
  0 0 0 -1 1  1
  0 0 0 -1 0  1
  0 0 0  0 1  1
 -1 0 0  0 1  1
6	% 
  0  0 0 0 1  0
  0 -1 1 0 0 -1
  0  0 0 1 0  0
  0  1 0 0 0  1
  0  1 0 1 0  0
 -1  0 0 1 0  0
1,1;1,1;1;1 1 25
24 
#2 
6	% 
  1 -1  0  0  1 -1
 -1  2  0  0 -1  1
  0  0  0 -1  0  2
 -1  1  0  0 -1  0
  0  0 -1  0  0 -1
  2 -1  0  0  1 -1
6	% 
 0 0  1 -1  1  1
 0 1 -1  0  0  1
 0 0  0  0 -1 -1
 0 0 -1 -1  1  2
 0 0  0 -1  1  1
 1 0  1  0  0 -1
2-1;1,1;1;1 1 14
6 
#2 
6	% 
 0 0 1  0 -3 -2
 0 1 0  0 -1  0
 0 0 0 -1 -1  0
 0 0 0  0  1  0
 1 0 0  0 -1 -1
 0 0 0  0  2  1
6	% 
  0  0 -3  0 1  2
  0  0 -1 -1 0  1
  0 -1 -1  0 0  0
 -1  0  1  0 0  0
  0  0 -1  0 0  1
  0  0  2  0 0 -1
2-1;1,1;1;1 1 28
24 
#4 
6	% 
 1 0  0  0  1  0
 0 0  1  0  0  0
 0 0 -1  1  0  0
 0 1  0  0 -1  0
 0 0 -1  1 -1 -1
 0 0  1 -1 -1  0
6	% 
 1 0  1 0  0 -1
 0 0  0 1  1  0
 0 0  0 0 -1  0
 0 1 -1 0  0  1
 0 0 -1 0 -1  0
 0 0 -1 0  1  1
6	% 
  0  0  1  0  0 0
  0 -1  0  0  1 0
 -1  0  0  0 -1 0
  0  0 -1 -1  0 1
  0  0 -1  0 -1 0
  0  0 -1  0  1 1
6	% 
  0  0  0  0 -1  0
  0 -1  1  0  0 -1
 -1  0 -1  0  0  1
  0  0  0 -1  1  1
  0  0 -1  0  1  1
  0  0  1  0  1  0
1,1,1;1;1;1 1 8
12 
#2 
6	% 
 -1  1 1 0 -1  0
  1 -2 0 0  1 -1
 -1  1 0 0 -1  0
  0  0 0 1  0 -1
 -2  1 0 0 -1  1
  1 -1 0 0  1 -1
6	% 
 0 0 1 0 -1 -1
 0 0 0 1  1  0
 1 0 0 0 -1 -1
 1 1 0 0  0  0
 0 0 0 0 -1  0
 1 0 0 0  1  0
1,1;1,1;1,1 1 6
6 
#1 
6	% 
  0 0 1  0  3  1
  0 0 0  0 -1 -1
  0 0 0  0 -2 -1
  0 1 0  1  0  1
 -1 0 0 -2  0  1
  0 0 0  1 -1 -1
1,1,1;1;1;1 1 15
24 
#2 
6	% 
  0  0 -1  2 -1 -2
  0 -1  1 -2  0  1
  0  0  1 -1  0  1
  0  0  1 -2 -1  1
  0  0 -1  2  0 -1
 -1  0 -1  2  0 -1
6	% 
  1 -1 -1 -2 -1 1
 -1  0  0  1  1 0
 -1  1  0  2  1 0
 -1  1 -1  2  1 0
  1 -1  0 -1 -1 0
  0 -1  0 -1 -1 0
1,1;1,1;1;1 1 13
12 
#1 
6	% 
 0 0 1  0  3  1
 0 0 0  0  1  0
 0 1 0 -1  1  2
 0 0 0  1  1  0
 1 0 0  1 -1 -2
 0 0 0  0 -2 -1
1,1;1,1;1,1 1 10
24 
#2 
6	% 
  0 1 -1  1  0  1
  0 0  0  0 -1 -1
  0 0  1  0  1  0
 -1 0 -1 -1  0  1
  0 0 -1  0  1  1
  0 0  0  1 -1 -1
6	% 
 0 1  0  1  1  1
 0 0 -1 -1 -1  1
 0 0  1  0  0 -1
 1 0  0  1 -1 -1
 0 0  1  1  0 -1
 0 0 -1 -1  1  2
1,1,1;1;1;1 1 13
16 
#5 
6	% 
  1  1  0  0  0  0
  1  0  1  0  0 -1
  1  1  1  0  0  0
  0  0  0 -1 -1  0
  1  1  1  0 -1 -1
 -1 -1 -1  0 -1  0
6	% 
 1 -1 0  0  0 -1
 0 -1 0  0 -1 -1
 0 -1 0  0  0 -1
 0  0 1 -1  0  0
 0 -1 1  0  0 -1
 0  1 1  0  0  0
6	% 
  0 0  1  0  1  0
  0 0  0 -1  1  1
 -1 0  1 -1  1  1
  0 1  0  0  0  0
  0 0  1 -1  1  0
  0 0 -1  1 -1 -1
6	% 
  0 0  1  0 0 0
  0 0  0 -1 0 0
 -1 0  1  0 0 1
  0 1  0  0 1 1
  0 0  1  0 1 1
  0 0 -1  0 1 0
6	% 
  0  1  0  0  1  1
  0  1 -1  0  0  1
  0  1 -1  0  1  2
 -1  0  0 -1  0  1
 -1  1 -1  0  1  2
 -1 -1  1  0 -1 -1
1,1,1;1;1;1 1 16
48 
#6 
6	% 
 -1  1 0 -1 0  2
 -3  2 0 -2 0  4
  3 -2 0  1 0 -4
 -2  1 0 -1 1  3
 -2  1 1 -1 0  2
  0  0 1  0 1  0
6	% 
 0  1 -1 -1 0  2
 0  2 -3 -2 0  4
 0 -2  3  1 0 -4
 1  1 -2 -1 0  2
 0  1 -2 -1 1  3
 1  0  0  0 1  0
6	% 
 0  1 0  1  1  1
 0  2 0  2  3  2
 0 -2 0 -1 -3 -3
 1  1 0  1  2  1
 0  1 1  1  2  1
 1  0 1  0  0 -1
6	% 
 0 0  1 -1 -1  4
 0 0  2 -1 -1  6
 0 0 -1  2  1 -7
 1 0  1 -1 -1  4
 0 1  1 -1 -1  5
 1 1  0  0  0  0
6	% 
  1 -1  1 0 0  2
  1 -2  2 0 0  3
 -2  1 -2 0 0 -3
  1 -1  1 0 1  3
  1 -1  1 1 0  2
  0  0  0 1 1  0
6	% 
  0  0 -1 0  1  1
 -2  1 -3 0  2  4
  1 -2  3 0 -2 -4
 -1  1 -2 0  1  2
 -1  1 -2 1  1  2
  0  0  0 1  0 -1
1,1;1,1;1,1 1 9
48 
#6 
6	% 
 1 -1  0  0  0 -1
 0  0 -1  2  0 -2
 0  0 -1  3  0 -2
 0  0 -1  4 -1 -2
 0  1  0  2 -1  0
 0 -1  1 -2  0  1
6	% 
  0 1 -1  0 0  1
 -1 0  0  1 0 -1
 -1 0  0  2 0 -1
 -1 0  0  1 1 -1
  0 0  1 -1 1  0
  1 0 -1 -2 0  2
6	% 
 -1  0  0  0 1  1
  0 -1  0  2 0 -1
  0  1  0 -1 0  0
  0  1  1 -4 0  2
  1  1  0 -2 0  0
 -1  0 -1  2 0 -1
6	% 
  0  0 -1 0  0 -1
  0  1  0 0  1  1
  1  0  0 0  1  0
  2  0  0 1  1 -1
  1 -1  1 1  0 -1
 -1 -1 -1 0 -1 -1
6	% 
  0  0 -1  0 1  1
 -1  0  0  1 0  0
  1  0  0  0 0 -1
  1  1  0 -2 0  1
  1  0  1 -1 0 -1
  0 -1 -1  1 0 -1
6	% 
 0  0  0 -1 1  1
 0  1 -1  0 0  2
 1  0  1  0 0  0
 1 -1  1  0 0 -1
 1 -1  1  1 0 -2
 0  0  0 -1 0  0
1,1;1,1;1;1 1 28
48 
#4 
6	% 
 -1  2  1  1  0  0
 -1  1  1  1  0  0
 -2  1  1 -1  0  2
  0  0  0  0  1  1
  1 -1 -1  0  1  0
  1 -1 -1  0 -1 -1
6	% 
  2 -1  0 0 -2 -2
  1 -1  0 1 -1 -2
  1 -2  0 0 -2 -3
  0  0  1 0  0  0
 -1  1  1 0  1  1
 -1  1 -1 0  1  2
6	% 
 -1 0 -1  2  0  0
  0 1  0  1  0  0
  1 0  0  2  0 -2
 -1 0  0  0 -1  0
  0 0  0 -1 -1  0
  0 0  0 -1  1  1
6	% 
 0  0  0 -3  3  4
 0 -1  0 -2  1  1
 0  0  0 -2  3  4
 1  0  1  1  0 -1
 0  0  1  1 -1 -2
 0  0 -1  1 -1 -1
2-2;1,1;1,1 1 4
12 
#2 
6	% 
 -1 -1  0  0  0  0
  0  1 -3  3  2  3
  0  1  3 -3 -2 -2
  0  0  2 -2 -1 -1
  0  0  2 -1 -1 -2
  0  0  1 -2 -1 -1
6	% 
 -1  0  0  0 -1  0
  0  2  3 -3  1  3
  0 -2 -3  3  1 -2
  0 -1 -2  2  0 -1
  0 -1 -2  1  0 -1
  0 -1 -1  2  0 -2
1,1;1,1;1;1 1 38
48 
#6 
6	% 
 0 0 0 1  2  0
 0 0 1 0  2  1
 0 0 0 0 -1  0
 1 0 0 0 -1 -1
 1 0 0 0  1  0
 1 1 0 0  0  0
6	% 
  0 1 0 0  1  1
 -1 0 0 0  1  1
  1 1 1 0 -1 -1
  0 0 0 0 -1  0
  0 0 0 0  1  1
  0 0 0 1  0  0
6	% 
  0 0  1  0 0 0
  0 0  1 -1 0 0
  0 1 -1  0 0 0
 -1 0 -1  1 0 0
 -1 0  1 -1 0 1
 -1 0  0  0 1 1
6	% 
 0 -1 0 1  0 -1
 0 -1 0 0  0  0
 0  1 0 1 -1 -1
 1  1 0 0  0  0
 1 -1 0 0  0 -1
 1  0 1 0  0 -1
6	% 
 -1  2  1  2 0  0
  1  2  2  1 0 -1
 -1 -1 -1 -1 0  1
  0 -1 -1 -1 0  0
  0  1  1  1 0 -1
  0  0  0  0 1  0
6	% 
  0 1 0  1 0 0
 -1 0 0  1 0 0
  0 0 1 -1 0 0
  0 0 0 -1 0 1
  0 0 0  1 0 0
  0 0 0  0 1 1
1,1;1,1;1,1 1 8
15 
#3 
6	% 
 0  0 1  1  0 -1
 1 -1 0  0  0 -1
 0  0 0  0  1  0
 0 -1 0  0 -1 -1
 0  0 0  1 -1 -1
 0  1 0 -1  0  1
6	% 
 -1 0  0  0 1  1
  0 1 -1  0 0  1
  0 0  0 -1 0 -1
  0 0 -1  1 0  1
 -1 0  0  1 0  1
  1 0  1  0 0 -1
6	% 
  1  0 0 1  0 -1
  0 -1 1 0  0 -1
  0  0 0 0 -1 -1
  0 -1 0 0  1  0
  1  0 0 0  1  0
 -1  1 0 0  0  1
1,1,1;1;1;1 1 18
20 
#6 
6	% 
  0 0  1 0  1  0
  0 0  0 1 -1 -1
  0 0 -2 0  0  1
  0 0  1 0  0 -1
  0 1  1 0  0  0
 -1 0  1 0  0  0
6	% 
 0  0 1 0  0  0
 0  0 0 1  0  0
 0  0 0 0  0  1
 1  0 0 0  0 -1
 0 -1 0 0  0 -1
 0  0 0 0 -1 -1
6	% 
  0  0 1  0  1  0
  0 -1 0  0 -1 -1
  0  2 0  0  0  1
  0 -1 0  0  0 -1
 -1 -1 0  0  0  0
  0 -1 0 -1  0  0
6	% 
  0 1  0  0  1  1
 -1 0  0  0 -1  0
  2 0  0  0  0 -1
 -1 0  0  0  0  1
 -1 0 -1  0  0  1
 -1 0  0 -1  0  1
6	% 
  0 1  1  0  0  0
 -1 0 -1  0  0  1
  2 0  0  0  0 -1
 -1 0  0  0  0  1
 -1 0  0 -1  0  1
 -1 0  0  0 -1  0
6	% 
  0 -1 0 -1  0  0
  0  0 1  1  0 -1
  0  2 0  0  0  1
  0 -1 0  0  0 -1
 -1 -1 0  0  0  0
  0 -1 0  0 -1 -1
1,1;1,1;1;1 1 35
12 
#2 
6	% 
 0  0  1  2  1 -3
 0 -1  0  0  0  0
 0  0 -2 -1 -1 -1
 1  0  0  0  0  0
 0  0  1  1  1 -1
 0  0 -1 -1 -1  0
6	% 
 -1  2 -2 0  1  3
  0  0  1 1  0 -1
  2 -1 -2 0 -1 -1
  0  0  1 0  0 -1
 -1  1 -1 0  1  2
  1 -1 -1 0 -1 -1
1,1;1,1;1;1 1 22
12 
#3 
6	% 
  0 0 0  0 -1 -1
  0 0 1  1  0 -1
  0 1 0  0  0  0
 -1 0 0  0  0  0
  0 0 0 -1  0  1
  0 0 0  1  0  0
6	% 
 -1  0 0  0 1  1
  0  1 1  0 0  0
 -1  0 0 -1 0  1
 -1  0 0  0 0  1
  1 -1 0  0 0 -1
  1  1 0  0 0  0
6	% 
 -1 1  0  0 0  1
  0 0  1  0 1  0
 -1 0  0 -1 0  1
 -1 0  0  0 0  1
  1 0 -1  0 0  0
  1 0  1  0 0 -1
2-2;2-1;1;1 1 12
4 
#1 
6	% 
 1 0  0  0 0 0
 0 1  0  0 0 0
 0 0  0  0 1 1
 0 0  1 -1 0 0
 0 0  0 -1 0 0
 0 0 -1  0 0 1
2-1;1,1;1;1 1 31
24 
#6 
6	% 
 0 0 1 -3 0  1
 0 1 0  1 0  0
 1 0 0  1 0 -1
 0 0 0 -2 0  1
 0 0 0  1 0 -1
 0 0 0  1 1  0
6	% 
 0 1 -3  0 0  2
 0 0  1 -1 0  0
 0 0  1  0 0  0
 0 0 -2  0 0  1
 1 0  1  0 0 -1
 0 0  1  0 1  0
6	% 
 -3 1 0  0 0  2
  1 0 0 -1 0  0
  1 0 0  0 0  0
 -2 0 0  0 0  1
  1 0 1  0 0 -1
  1 0 0  0 1  0
6	% 
 0 1 0  0 -3 -1
 0 0 0 -1  1  1
 0 0 0  0  1  1
 0 0 0  0 -2 -1
 1 0 0  0  1  0
 0 0 1  0  1  0
6	% 
 0 0 0  3 1 -1
 0 1 0 -1 0  1
 1 0 0 -1 0  0
 0 0 0  2 0 -1
 0 0 0 -1 0  0
 0 0 1 -1 0  0
6	% 
 0 0 1  0 -3 -2
 0 0 0 -1  1  1
 0 0 0  0  1  1
 0 0 0  0 -2 -1
 1 0 0  0  1  0
 0 1 0  0  1  1
2-1;2-1;1,1 1 5
3 
#1 
6	% 
 0 0 -3  0 1  2
 0 1 -1  0 0  1
 0 0  1 -1 0  0
 1 0 -1  0 0  0
 0 0  1  0 0  0
 0 0  2  0 0 -1
2-1,2-1;1;1 2 8
12 
#1 
6	% 
 1 0  0  1  0 -1
 0 1  0  0  0  1
 0 0  0 -1  1  1
 0 0  0  0 -1  0
 0 0 -1  0 -1  0
 0 0  1  0 -1 -1
2-1,2-1;1,1 2 2
12 
#1 
6	% 
 1 0 0  1  0 -1
 0 1 0  0  0  1
 0 0 1  0 -1 -1
 0 0 0  0 -1 -1
 0 0 0 -1  0  1
 0 0 0  0  1  0
2-1,2-1;1;1 3 5
12 
#1 
6	% 
 0 -1  0 -1 0 -1
 1  1  0  3 0 -1
 0  1  0  2 1  1
 0  0  0  0 1  0
 0  0 -1  0 1  1
 0  0  1  0 1  0
2-1,2-1;1,1 3 2
12 
#1 
6	% 
  0  0  1  0 1  0
  1 -1  0 -1 0 -1
  2 -1  0  0 0 -2
  1  0  1  0 0 -1
 -1  0  0  0 0  1
  1  0 -1  0 0  0
2-1;2-1;1;1 1 22
3 
#1 
6	% 
 0 0  1  0 0 0
 0 1 -1  0 0 1
 1 0 -1  0 0 0
 0 0 -1 -1 0 1
 0 0 -2  0 0 1
 0 0  1  0 1 0
2-2;1,1;1,1 1 6
8 
#1 
6	% 
  0 -1 -1  1  0  0
 -1  0  1 -1  0  0
  0  1  1 -1  1  0
 -1  1  2 -3  0  0
  1 -1 -3  3  0  0
 -1  0  2 -1 -1 -1
3;1,1,1 1 2
1 
#1 
6	% 
 -1 0  0 0 -1 0
  0 1  0 0  1 1
  0 0  0 0  0 1
  0 0 -1 0  0 1
  0 0  0 1  0 0
  1 0  0 0  0 0
2-1;1;1;1;1 1 29
6 
#2 
6	% 
 1 0  1  0 0 -1
 0 0 -1 -1 0  1
 0 0  1  0 0 -1
 0 1  1  0 0  0
 0 0 -1  0 1  1
 0 0  1  0 1  0
6	% 
 0 0  1  0 0  0
 0 1 -1  0 0  1
 1 0  1  0 0 -1
 0 0  1 -1 0  0
 0 0 -1  0 1  1
 0 0  1  0 1  0
1,1;1,1;1;1 1 30
6 
#1 
6	% 
  0 -1 0 -1  0 -1
 -1  1 0  0 -1  1
  1  0 0  2  0 -1
 -1  1 0 -1 -1  1
  0  0 1  0  1  0
  0  0 1  0 -1 -1
2-1;1;1;1;1 1 42
4 
#2 
6	% 
 -1 0 0  0 0  1
  1 0 0 -1 0  0
 -1 1 0  0 0  1
 -1 0 1  0 0  0
  1 0 0  0 1  0
  2 0 0  0 0 -1
6	% 
 1 0 0 0 0  0
 0 1 0 0 0  0
 0 0 1 0 0  0
 0 0 0 1 0  0
 0 0 0 0 1  0
 0 0 0 0 0 -1
1,1;1;1;1;1 1 51
32 
#5 
6	% 
 0 0  3 -5 0  4
 0 0 -3  6 0 -4
 1 0  1 -2 0  1
 0 1  1 -2 0  2
 0 0  1 -2 1  2
 0 0 -2  4 0 -3
6	% 
 0 0 0 -2  3  4
 0 0 0  3 -3 -4
 1 0 0 -1  1  1
 0 1 0 -1  1  2
 0 0 1 -1  1  1
 0 0 0  2 -2 -3
6	% 
 -3 0 0  6 0 -4
  3 0 0 -5 0  4
 -1 1 0  2 0 -1
 -1 0 1  2 0 -2
 -1 0 0  2 1 -1
  2 0 0 -4 0  3
6	% 
  3 -2  3 0 0 -4
 -2  3 -3 0 0  4
  1 -1  1 0 0 -2
  1 -1  1 1 0 -2
  1 -1  1 0 1 -1
 -2  2 -2 0 0  3
6	% 
  3 -2 0 0  3 -1
 -2  3 0 0 -3  1
  1 -1 0 0  1 -1
  1 -1 1 0  1 -1
  1 -1 0 1  1 -1
 -2  2 0 0 -2  1
1,1;1;1;1;1 1 42
24 
#6 
6	% 
 0 0  1 0 1  0
 0 0  1 1 0 -1
 0 0 -1 0 0  1
 1 0  1 0 0 -1
 0 1  1 0 0  0
 0 0 -2 0 0  1
6	% 
  1 1 0 0 0  0
  1 0 0 1 0 -1
 -1 0 0 0 0  1
  1 0 1 0 0 -1
  1 0 0 0 1  0
 -2 0 0 0 0  1
6	% 
  1 0 1 0 0 -1
  1 0 0 1 0 -1
 -1 0 0 0 0  1
  1 1 0 0 0  0
  1 0 0 0 1  0
 -2 0 0 0 0  1
6	% 
 0  1 0 0 1  1
 0  1 0 1 0  0
 0 -1 0 0 0  0
 1  1 0 0 0  0
 0  1 1 0 0  0
 0 -2 0 0 0 -1
6	% 
 0 0 1 0 0  0
 0 1 0 0 0  0
 1 0 0 0 0  0
 0 0 0 1 0 -1
 0 0 0 0 1  0
 0 0 0 0 0  1
6	% 
 0 0 0 1 -1 -1
 0 1 0 0 -1  0
 1 0 0 0  1  0
 0 0 0 0 -1 -1
 0 0 1 0 -1 -1
 0 0 0 0  2  1
1,1;1;1;1;1 1 30
24 
#4 
6	% 
 0 0  1 -1  0  0
 1 0 -1  1  0 -1
 0 0 -1  0  0  0
 0 1  0  0 -1  0
 0 0  1 -1 -1  0
 0 0 -1  1 -1 -1
6	% 
 0 0  0  0  1  0
 1 0  0  0 -1 -1
 0 0  0 -1 -1  0
 0 1 -1  0  0  1
 0 0 -1  0  1  1
 0 0 -1  0 -1  0
6	% 
 1 0 0  0  1  0
 0 0 0  0 -1 -1
 0 1 0  0 -1  0
 0 0 1 -1  0  0
 0 0 1  0  1  0
 0 0 1  0 -1 -1
6	% 
 1 0  1  0 0 -1
 0 0 -1  0 0  1
 0 1 -1  0 0  1
 0 0  0 -1 1  1
 0 0  1  0 1  0
 0 0 -1  0 1  1
1,1;1;1;1;1 1 19
3 
#1 
6	% 
  0  0 1  0 -3 -2
  0  0 0 -1 -1  0
 -1  0 0  0 -1  0
  0  0 0  0 -1  0
  0 -1 0  0  1  0
  0  0 0  0  2  1
1,1;1;1;1;1 1 33
12 
#1 
6	% 
 -2  2 -1 -5  0  7
  2 -1  0  3  0 -5
  0  1 -1 -1  0  2
  0  0 -1  0 -1  0
  0  0  1  0 -1 -1
 -1  0 -1 -1  0  2
3;1,1;1 1 9
2 
#1 
6	% 
 1 0  0 0 -1 -1
 0 1  0 0  1  1
 0 0  0 0  0  1
 0 0 -1 0  0  1
 0 0  0 0  1  1
 0 0  0 1  0  0
2-2;1,1;1;1 1 9
4 
#1 
6	% 
  1 0 0  0 -1 -1
 -1 1 0  0  0  1
  1 0 0  0  1  0
  0 0 1  0  1  0
  0 0 0 -1  1  1
  0 0 0  0  1  0
2-2;1,1;1;1 1 16
8 
#1 
6	% 
  1 -1 -1  1 1 0
 -1  1  1 -1 1 1
  0  1  0 -1 0 1
 -1  1  1 -1 0 1
  1 -1 -1  0 0 0
 -1  0  0  0 0 0
2-2;1,1;1;1 1 18
8 
#1 
6	% 
  1  0  0  0 -1 -1
  0  1  0  0  1  1
  0  0 -1  0  0  1
  0  0  0  1  0  0
 -1  1  1 -1  1  1
  1 -1  0  0 -1 -1
3;1,1;1 1 8
3 
#2 
6	% 
 1  1  0  0 0 0
 0  0 -1  0 0 1
 0  0  0 -1 0 1
 0 -1  0  0 0 0
 0  0  0  0 1 0
 0  0  0  0 0 1
6	% 
 0 1  0  0 -1  0
 0 0 -1  0  0  1
 0 0  0 -1  0  1
 0 0  0  0  1  1
 1 0  0  0  0 -1
 0 0  0  0  0  1
2-2;1,1;1;1 1 19
12 
#2 
6	% 
 1 -1  0  0 0 -1
 0  1 -1  1 0  1
 0  0  1  0 1  0
 0  0  1  0 0 -1
 0  0  0 -1 0  0
 0  0 -1  1 0  0
6	% 
 0 1  0  0  1  1
 0 0 -1  1 -1  0
 1 0  0  0  0 -1
 0 0  1  0  0 -1
 0 0  1 -1  0  0
 0 0  0  1  0  0
2-2;1,1;1;1 1 17
12 
#2 
6	% 
  0 1  0 0 -1  0
  1 1  0 0  0  0
  1 0  0 1  0 -1
 -1 0  0 0  1  1
  1 0  0 0  0  0
  1 0 -1 0  0  0
6	% 
 -1 1  0  0  0  1
  0 1 -2  2  1  2
  0 0 -3  2  1  2
  1 0  2 -2 -1 -2
  0 0 -2  2  1  2
  0 0 -2  3  1  1
1,1;1;1;1;1 1 53
15 
#5 
6	% 
 1  3 0 0 0  1
 0 -1 0 0 0 -1
 0  1 1 0 0  0
 0  1 0 1 0  0
 0  1 0 0 1  1
 0 -2 0 0 0 -1
6	% 
 0  3 0 1 0  1
 1 -1 0 0 0 -1
 0  1 0 0 0  0
 0  1 1 0 0  0
 0  1 0 0 1  1
 0 -2 0 0 0 -1
6	% 
 0 0 -3 0 0 -2
 1 0  1 0 0  0
 0 1 -1 0 0  0
 0 0 -1 1 0 -1
 0 0 -1 0 1  0
 0 0  2 0 0  1
6	% 
 0 -3 0 0 1 -1
 1  1 0 0 0  0
 0 -1 0 0 0 -1
 0 -1 1 0 0 -1
 0 -1 0 1 0 -1
 0  2 0 0 0  1
6	% 
 0 0 1 0  3  1
 1 0 0 0 -1 -1
 0 0 0 0  1  0
 0 1 0 0  1  1
 0 0 0 1  1  0
 0 0 0 0 -2 -1
1;1;1;1;1;1 1 37
4 
#2 
6	% 
  1 0 0 1 0 -1
 -1 0 1 0 0  0
 -1 0 0 0 0  0
 -1 1 0 0 0  1
  1 0 0 0 1  0
  2 0 0 0 0 -1
6	% 
 0 1 0 0 0  0
 1 0 0 0 0  0
 0 0 1 0 0  0
 0 0 0 1 0  0
 0 0 0 0 1  0
 0 0 0 0 0 -1
1;1;1;1;1;1 1 46
1 
#1 
6	% 
 1 0 0 0 0  0
 0 1 0 0 0  0
 0 0 1 0 0  0
 0 0 0 1 0  0
 0 0 0 0 1  1
 0 0 0 0 0 -1
1;1;1;1;1;1 1 22
3 
#1 
6	% 
 0 1 0  0  0  0
 0 0 0 -1  0  1
 0 0 1  0  0  0
 1 0 0  0  0  0
 0 0 0  0  0 -1
 0 0 0  0 -1  0
2-2;1;1;1;1 1 21
4 
#1 
6	% 
 1 0 -1  1 0  0
 0 1 -1  1 0  1
 0 0 -1  1 1  1
 0 0  0 -1 0  0
 0 0  2 -2 0 -1
 0 0 -1  2 0  0
2-2;1;1;1;1 1 16
4 
#1 
6	% 
 1 0 1 -1 0 -1
 0 1 0  0 0  0
 0 0 0  0 1  1
 0 0 1 -1 0  0
 0 0 1  0 0 -1
 0 0 0  1 0  0
3;1;1;1 1 21
1 
#1 
6	% 
 0 0  0 -1 0  1
 0 0 -1  0 0  0
 1 0  0  0 0 -1
 0 1  0  0 0  1
 0 0  0  0 1  1
 0 0  0  0 0 -1
3;1;1;1 1 12
1 
#1 
6	% 
 0 1  0  0 0  1
 1 0  0  0 0 -1
 0 0 -1  0 0  0
 0 0  0  0 1  0
 0 0  0 -1 0  0
 0 0  0  0 0 -1
