#17

2-1,2-1;1;1 1 4
1 
#1 
6	% 
 1 0 0 0 0 0
 0 1 0 0 0 0
 0 0 1 0 0 0
 0 0 0 1 0 0
 0 0 0 0 1 0
 0 0 0 0 0 1
1,1,1,1,1,1 1 1
1 
#1 
6	% 
 1 0 0 0 0 0
 0 1 0 0 0 0
 0 0 1 0 0 0
 0 0 0 1 0 0
 0 0 0 0 1 0
 0 0 0 0 0 1
2-1',2-1';1,1 1 2
1 
#1 
6	% 
 0 1  1  0 0  0
 1 0 -1 -1 0  0
 0 0  0  0 1 -1
 0 0  0  0 0 -1
 0 0  1  1 0  0
 0 0  0 -1 0  1
1,1,1,1;1,1 1 2
3 
#2 
6	% 
 -1 0 -1  0  0  0
 -1 0  0  0  0  0
  0 0  0  1 -1 -1
  0 1  1  1  0  0
  1 0  0 -1  1  0
 -1 0 -1  0 -1  0
6	% 
 0 1  0  1  0 0
 0 0 -1  0  0 0
 1 0  1  1  0 0
 0 0  0  0 -1 1
 0 0  0 -1  1 0
 0 0  0  0  1 0
1,1,1,1,1;1 1 2
2 
#1 
6	% 
  0 -1  1  0  0  0
  0 -1  0  0  0  0
  1 -1  1 -1  1 -1
 -1 -1  1 -1  0  0
  0  2 -1  2 -1  0
  0 -2  1 -1  0 -1
1,1,1,1;1,1 1 3
2 
#1 
6	% 
  0  0  0  0  1 -2
  0  0  0  0  1 -1
  0 -1 -1  0  0  1
  1  1  1  1 -1  1
  1  1  1  0  1 -1
 -1  0 -1 -1  0 -1
2-1',2-1';1;1 1 4
1 
#1 
6	% 
  0 -1 -1  0 0 0
  1  0 -1 -1 0 0
  1  1  1  0 0 0
 -2  0  0  1 0 0
 -1  0  0  0 0 1
 -1  0  0  0 1 0
1,1,1;1,1,1 1 2
2 
#1 
6	% 
  1 0  1  0  0  0
  1 0 -1  0  1 -1
  0 1 -1 -1  0  0
  0 0 -2 -1 -1 -1
 -1 0  2  1  0  1
  1 0  1  1  1  0
1,1,1;1,1,1 1 4
2 
#1 
6	% 
  1  1  0  0  0  1
  1  1  1  1  0  0
 -2 -1 -1 -1 -1  0
  1  1  0 -1  1  0
 -1 -2 -1  1  0 -1
  1  1  1  0  0  0
2-1,2-1;1,1 1 2
1 
#1 
6	% 
 -1  0 -1  0 0  0
  0 -1 -1 -1 0  0
  0  0  0  0 1 -1
 -1  1  0  1 0 -1
  2  0  1  0 0  0
 -1  1  0  0 0  1
1,1;1,1;1,1 1 3
1 
#1 
6	% 
 0 0 0 -2 1  3
 0 1 0  0 0  0
 1 0 1  0 0  0
 0 0 0  1 0 -2
 0 0 1  0 0  1
 0 0 0  0 0  1
1,1,1;1,1;1 1 5
4 
#1 
6	% 
  2 0  1  0  1 -1
  1 0  0  0  0  0
 -2 0 -2  0 -1  1
  1 1  1  0  1  0
  0 1  1  1  0  0
  0 0  0 -1  1  1
1,1,1,1;1;1 1 4
1 
#1 
6	% 
 0  1 0  0  0  0
 1  0 0  0  0  0
 0 -3 1 -1  0  0
 0  2 0  1  0  0
 0 -1 0  0 -1  0
 0 -1 0  0  0 -1
1,1,1;1,1;1 1 12
4 
#1 
6	% 
  0  0 0   3 -1  1
 -1  1 0   3 -2  2
  1 -1 0 -10  4 -4
  0  1 1   2 -1  1
  1  0 0  -5  2 -2
  0  0 0   1  0  1
1,1;1,1;1;1 1 6
1 
#1 
6	% 
 1 0  0  0 0 0
 0 1  2  2 0 0
 0 0 -2 -1 0 0
 0 0  1  0 0 0
 0 0 -1 -1 0 1
 0 0 -1 -1 1 0
1,1;1,1;1;1 1 35
1 
#1 
6	% 
  0 1 -1 -1  0  0
  0 0  0  0  0 -1
 -1 0  1  0  0  0
  0 0  0  0 -1  0
  0 0 -1  0  0  0
  0 0  1  1  0  0
1,1;1,1;1,1 1 9
1 
#1 
6	% 
  0 0  0 -1  1 1
 -1 0  0 -1  0 0
  0 1  0 -1  0 0
  0 0 -1 -1  0 0
  0 0 -1  0 -1 0
  0 0  0  0  1 0
