#108

5-1;1 3 2
1 
#1 
6	% 
 1 0 0 0 0 0
 0 1 0 0 0 0
 0 0 1 0 0 0
 0 0 0 1 0 0
 0 0 0 0 1 0
 0 0 0 0 0 1
1,1,1,1,1,1 1 1
1 
#1 
6	% 
 1 0 0 0 0 0
 0 1 0 0 0 0
 0 0 1 0 0 0
 0 0 0 1 0 0
 0 0 0 0 1 0
 0 0 0 0 0 1
1,1,1,1,1;1 1 2
26 
#3 
6	% 
  0  0  1 1  0  1
  0 -1  0 0  0  0
 -1 -1  1 0  0  0
  0  0  1 0  0  1
  0  1 -1 0 -1 -1
  0 -1  1 0 -1  0
6	% 
 -1  1 -1 -1 -1 -1
  0  1  0  0 -1  0
  0  1 -1  0 -2 -1
  0  0  0 -1  0  0
  1 -1  1  1  2  1
 -1  1 -1 -2 -2 -2
6	% 
 0 -1  1 -1 1 0
 0  0  0 -1 0 0
 0  0  1 -1 0 0
 0 -1  1 -1 0 0
 1  1 -1  2 0 1
 1 -1  1 -2 0 0
2-1;1,1;1,1 1 10
60 
#1 
6	% 
  1  0 0 1  0  1
  3  3 0 0  2  6
  3 -4 0 0 -2 -3
 -1  0 1 0  0  0
 -1 -2 0 0 -1 -3
 -1  2 0 0  1  2
2-1;1,1,1;1 1 8
120 
#1 
6	% 
  1  1 -1  1 -1  0
 -1  0  0  0 -1 -1
  0 -1  0 -1  1  0
  0 -1  1 -1  1  0
  0  1 -1  0 -1 -1
  0  0 -1  1 -1 -1
2-1;1,1,1;1 1 6
60 
#1 
6	% 
 1 -1  0  0  1  1
 0  0  0  1 -1  0
 0  1  0  0 -1  0
 0  0 -1 -1  0 -1
 0  0  0  1  1  1
 0  0  0  0  1  1
2-1;1,1;1,1 1 11
120 
#1 
6	% 
 -1  0  0 -2 -1 -1
 -1 -2  2  0  1  0
  0  1 -1  0 -1  0
  0 -1  0  1  1  0
  0  0  1  1  1  1
  0 -1  1  1  1  1
1,1,1,1;1,1 1 2
15 
#2 
6	% 
 -1 -1  0 0  0 -1
 -1 -1  0 0 -1 -1
  0 -1  0 0  1  0
  0  0 -1 1  0  0
  1  1  1 0  0  1
 -1 -1  1 0  0  0
6	% 
 -1 -1 -1 -1  0 -2
 -1 -1  0  0  0 -1
 -2 -1 -1 -2  0 -3
  0  0  0  0  1  1
  2  1  1  1 -1  2
 -2 -1 -1 -1 -1 -3
2-1;1,1;1,1 1 6
30 
#1 
6	% 
  0 0 0 0 -1 0
 -1 0 0 1  0 0
 -1 1 0 0  0 0
  1 0 1 0  0 1
  1 0 0 0 -1 0
  1 0 0 0  1 1
1,1,1;1,1,1 1 3
60 
#1 
6	% 
  0  1  1  1 1  2
 -1  0  0  0 0  0
  0  1  1  1 0  2
  0 -2 -1 -1 0 -3
  0 -1 -1 -1 0 -1
  0  1  2  1 0  1
2-1',2-1';1,1 1 2
30 
#1 
6	% 
 0 -1 0 -2  0 -2
 0  0 1  1  0  0
 1  0 0  0 -1  0
 0  0 0 -1 -1 -1
 0  0 0  1  0  1
 0  0 0 -1  1  0
1,1,1,1;1,1 1 3
140 
#3 
6	% 
  1  0  0  1  1  1
 -1 -1  1  0  1  0
  0  1  0 -1  0 -1
  0  0 -1  1 -1  0
  0 -1  0  1  1  1
  0  0  1 -2  0 -1
6	% 
 -1 -1  1  0 -1  1
  0  0  0  0 -1  0
  1  0 -1  0  0 -1
  0  0  0 -1  1  0
  0  0  0 -1 -1 -1
 -1 -1  0  0  0  0
6	% 
 1 0 -1  0  0  0
 1 1  0  1  0  1
 0 0  0 -2 -1 -2
 0 0  1  1  1  2
 0 0 -1  1  1  1
 0 0  0 -1 -1 -2
1,1,1;1,1,1 1 2
10 
#1 
6	% 
  0  1  0 0  0  0
  1  1  0 0  0  1
  0  0 -1 0 -1 -1
  0  0  0 1  1  1
 -1 -1  1 0  0  0
  1  1  1 0  0  1
2-1;1,1,1;1 1 7
40 
#2 
6	% 
 0 0 0 -1 -1 -1
 1 0 0  0  1  1
 0 1 0  0  0  0
 0 0 1  0  0  1
 0 0 0 -1  0  0
 0 0 0  1  0  1
6	% 
  1 0 0  0  0  0
  0 0 0  1  0  0
  0 1 0  0  1  1
  0 0 1  0 -1  0
  1 0 0  1 -1  0
 -1 0 0 -1 -1 -1
2-1',2-1';1;1 1 6
30 
#1 
6	% 
  0 -1  0 -2  0 -2
  0  0 -1 -1  0  0
 -1  0  1  1  0  0
  1  1  0  1  0  2
  1  0  0  0 -1  0
  1  0  0  0  1  1
1,1,1;1,1,1 1 4
60 
#1 
6	% 
 -1 -1  0 -1  0 -2
  0  0  0 -1  1 -1
  0  0  1  2 -1  2
  1  0 -1 -1  0 -1
  0  1  0  2 -1  2
  0  0  0 -2  1 -1
2-1;1,1,1,1 1 2
10 
#1 
6	% 
  1  0 0  0 -1  0
  1  0 0  0  0  0
  0  0 0 -1 -1 -1
  1  1 0 -1 -1  0
  0 -1 1  0  0  0
 -1  1 0  1  1  1
2-2;1,1,1,1 1 2
40 
#1 
6	% 
  1  0  0  0 -1  0
  1  1  0  0  0  1
  0  1 -1 -1  0 -1
 -1 -1  0  0  1  0
  1  1  0 -1 -1  0
 -1 -1  1  0  1  0
1,1,1;1,1;1 1 12
360 
#4 
6	% 
 -2  0 0  0 0 -1
  0  1 1  1 0  1
  2 -1 0 -1 0  0
  0  0 0  1 0  0
  1  0 0 -1 0  0
 -1  0 0  0 1  0
6	% 
  0 0 0 -1  2  1
  0 0 0  0  2  1
  0 1 1  2 -4 -1
  1 0 0  0  1  1
 -1 1 0  1 -2 -1
  0 0 0  0  1  1
6	% 
  2 -2  2  3  0  1
  0 -1  1  0  0  0
 -2  4 -4 -4  0 -1
  0  0  1  0 -1  0
 -1  2 -2 -2  1  0
  1 -1  1  1  0  0
6	% 
 0  0 0  0  2  1
 0  1 0  0  2  2
 0 -1 1 -1 -4 -3
 0  1 0  0  1  1
 0 -1 1  0 -2 -1
 1  0 0  0  1  1
1,1,1,1;1;1 1 6
15 
#2 
6	% 
 0  1  1  0  0  1
 0  0  1  1  0  1
 0  1  1  1  0  1
 1 -1 -1 -1  0 -1
 0  1  1  1 -1  1
 1  0  0  0  1  1
6	% 
  0 -1  0 0 -1 -1
  1  0  0 0  0  0
  0  1  0 0  0  0
 -1  0  0 1  1  1
  1  0  1 0 -1  0
  0  0 -1 1  0  0
2-2;1,1,1;1 1 5
200 
#3 
6	% 
  0 -1  1  1  0  0
  1 -1  1  1 -1  0
 -1  1 -1 -1 -1 -1
 -1  2 -1 -2  0  0
 -1  1 -2 -2  0 -1
 -1  2 -2 -2  0 -1
6	% 
  0 0 0 1  0 0
  0 0 0 0 -1 0
  0 0 0 1  1 1
  0 0 1 0  1 1
  0 1 0 0  1 1
 -1 0 0 0  1 0
6	% 
  0  1  0  1  1  1
 -1  0  1  0  0  0
 -1  0 -1  0  0 -1
  0 -1 -1  0 -1 -1
  0  0 -1 -1 -1 -1
  0 -1 -1 -1 -1 -2
1,1,1;1,1;1 1 6
60 
#3 
6	% 
  2 0 0  0 0  1
  2 0 1  1 0  2
 -3 0 0 -1 0 -2
  1 0 0  0 0  1
  0 1 0  0 0  1
  1 0 0  0 1  1
6	% 
  2 0 0 0  0  1
  1 0 0 0  1  1
 -2 0 0 0 -1 -2
  1 0 1 0  0  1
  0 0 1 1  0  1
  1 1 0 0  0  1
6	% 
 0 0  0 0 0 -1
 0 0  1 0 0  0
 0 1 -1 0 0  1
 0 0  0 1 0  0
 0 0  0 1 1  1
 1 0  0 0 0  0
1,1,1;1,1;1 1 11
240 
#3 
6	% 
 -2  2 0 0 0 1
 -2  1 0 0 0 0
  5 -3 0 1 0 0
 -1  1 1 0 0 1
 -1  0 0 0 0 0
 -1  1 0 0 1 1
6	% 
 0  0  0 -2 0 -1
 0  1  1  0 0  1
 0 -1 -1  1 1  0
 0  0  0 -1 0  0
 0  0  1  0 0 -1
 1  0  0 -1 0  0
6	% 
  0  0  0 0  0  1
 -2 -1  1 0  0  0
  3  1 -1 0  0 -2
  0  0  0 0 -1  0
 -1  0  1 0  1  1
  0  0  0 1  0  1
1,1,1,1;1;1 1 5
140 
#3 
6	% 
  1 -2  1 0  0 -1
  2 -4  1 1  0 -2
  1 -1  0 0 -1 -1
 -2  4 -1 0  0  2
  2 -3  1 0  0 -2
 -1  1  0 0 -1  0
6	% 
  1  0  0  1 -1  0
 -1 -1 -1 -1 -3 -3
  0  0 -1  0 -1 -1
  0  1  1  0  3  2
  0 -1 -1 -1 -3 -3
  0  1  0  0  1  1
6	% 
 0 0  1  1  1  1
 0 1  2  2  1  2
 0 0  1  2  0  1
 1 0 -2 -2 -1 -1
 1 0  2  2  1  2
 0 0 -1 -1  0  0
4-3';1;1 1 4
96 
#1 
6	% 
 -1  1  1  1  0  0
 -1  2 -2 -3 -1 -2
 -2  1 -1 -4  0 -2
  2 -1 -1  1  0  1
 -1 -1  1 -1 -1 -1
  2 -1  0  2  1  2
2-1;1;1;1;1 1 29
30 
#1 
6	% 
 -1 0 1 0 0  0
  1 1 0 0 0  1
 -1 0 0 0 0 -1
 -1 0 0 1 0  0
  1 0 0 0 1  1
 -1 0 0 0 1  0
2-1;1,1;1;1 1 28
120 
#2 
6	% 
 -1  0 1 0  0  0
  0 -3 0 0  1 -2
  0  2 0 0 -1  2
  1  0 0 1  0  1
  1  2 0 0 -1  2
  1 -2 0 0  1 -1
6	% 
  0 0 1 0 -1 0
  1 1 0 0  0 1
 -1 0 0 0  0 0
  0 0 0 1  1 1
 -1 0 0 0  1 0
  1 0 0 0  1 1
2-2;2-1;1;1 1 12
40 
#1 
6	% 
 0  0 1 0 0 0
 0  0 0 1 0 1
 0  0 0 0 1 0
 1 -1 0 0 0 0
 1  0 0 0 0 1
 0  1 0 0 0 0
2-1;1,1;1;1 1 27
60 
#1 
6	% 
 1  0  0 0 -3 -1
 0  0  0 1  1  1
 0  0  0 0  2  1
 0 -1  0 0  1  0
 0  0 -1 0  1  0
 0  0  0 0 -1 -1
2-1;1,1;1;1 1 32
240 
#2 
6	% 
 -1 -1  1 -1 -1 -1
 -1  1 -1  1  1  0
  0 -1  1  0 -1  0
  0  1  0  1  1  1
  0  0 -1  1  1  0
  0  1 -1  1  1  1
6	% 
  1 0 0  0 -1  0
 -1 0 0  0 -1 -1
  1 1 0  0  0  1
 -1 0 0  0  0  0
 -1 0 0 -1  0 -1
 -1 0 1  0  0  0
3;1,1,1 1 3
40 
#1 
6	% 
  1 1 -1 1 1 1
  2 0  0 0 0 1
  1 0  0 1 0 1
  1 1  0 0 0 1
 -1 0  1 0 0 0
 -1 0  0 0 0 0
2-1;1,1;1;1 1 14
30 
#1 
6	% 
 1 0 0 0 -3 -1
 0 0 0 1 -1  0
 0 1 0 0 -1  0
 0 0 0 0  1  0
 0 0 1 0 -1  0
 0 0 0 0  2  1
2-2;2-1;1,1 1 4
40 
#1 
6	% 
  0 0 0 1 -1 0
  0 0 0 0  2 1
  0 0 1 0 -1 0
  0 0 0 0  3 1
 -1 0 0 0  3 1
  0 1 0 0  3 2
2-1;1;1;1;1 1 36
60 
#1 
6	% 
  1 0 0 -1  0  0
  1 1 0  0  0  1
  1 0 1  0  0  1
  1 0 0  0  0  0
 -2 0 0  0  0 -1
  1 0 0  0 -1  0
1,1;1,1;1,1 1 8
15 
#1 
6	% 
  1  0  0 0 1  1
  0  0  1 1 0  1
  0  1  0 0 0  1
  0 -1  1 0 0  0
  1 -1  0 0 0  0
 -1  0 -1 0 0 -1
1,1,1;1;1;1 1 18
20 
#2 
6	% 
  0  1 0 0  1  1
 -1  0 0 0  1  0
  2 -2 0 0 -2 -1
 -1  1 0 0  1  0
 -1  1 1 0  1  1
 -1  1 0 1  1  1
6	% 
  1  0 0 0 0  0
  0  1 0 0 0  0
 -2 -2 0 0 0 -1
  1  1 1 0 0  1
  1  1 0 1 0  1
  1  1 0 0 1  1
1,1,1;1;1;1 1 16
120 
#2 
6	% 
 -1 -1 0 0 -1 -2
 -3 -2 0 0 -2 -4
  3  1 0 0  2  4
 -2 -1 0 1 -1 -2
 -2 -1 1 0 -1 -2
  0  0 1 1  0  1
6	% 
 -1  1 -1 -1 0 -1
 -3  1 -2 -2 0 -3
  3 -2  2  1 0  2
 -2  1 -1 -1 0 -1
 -2  1 -1 -1 1 -1
  0  0  0  0 1  1
1,1,1;1,1;1 1 7
120 
#2 
6	% 
 0 1  0 0  2  2
 0 0  0 0  2  1
 1 0  0 0 -3 -1
 0 0 -1 0  1  0
 0 0 -1 1  0  0
 0 0  0 0  1  1
6	% 
 -4 -1 1  0 0 -1
 -2  0 0  0 0  1
  5  0 0  0 0 -2
 -1  0 0 -1 0  0
  0  0 0 -1 1  0
 -2 -1 0  0 0 -1
1,1,1;1;1;1 1 8
60 
#1 
6	% 
  1 0 0 0 1 1
 -1 1 0 0 0 0
  1 0 1 0 0 1
  0 0 1 1 0 1
  1 0 0 0 0 0
 -1 0 1 0 0 0
1,1;1,1;1;1 1 38
120 
#2 
6	% 
  0 -2  0 0  1  0
  0 -1  0 0  1  1
 -1  0  0 0 -1 -2
  0  1 -1 0 -1 -1
  0 -1 -1 0  1  0
  0  0 -1 1  0  0
6	% 
  0 0 1  2 0  3
  0 1 0  2 0  0
  0 0 0 -1 0  0
 -1 0 0 -1 0 -1
 -1 0 0  1 0  0
 -1 0 0  0 1  0
1,1;1,1;1,1 1 9
120 
#2 
6	% 
  0  0 1  1 0  1
 -1 -1 0  0 0 -1
 -1  0 0  0 0 -1
 -1 -1 0  0 1 -1
  0  0 0 -1 1  0
  1  1 0  1 0  2
6	% 
  0  0 0 0 1  1
 -1 -1 0 0 0 -1
 -1  0 0 1 0  0
 -1  1 1 1 0  1
  0  1 1 1 0  1
  1  0 0 0 0  1
1,1;1,1;1;1 1 35
60 
#1 
6	% 
  2  0  0 0  1  3
 -1 -1  0 1  0 -1
  2  3  0 0 -1  2
 -1 -1 -1 0  0 -2
  1  0  0 0  1  2
  1  2  0 0 -1  1
1,1;1,1;1;1 1 32
45 
#2 
6	% 
  0 1  0 0  1  1
  1 0  0 0  0  0
  0 0  0 1 -1  0
 -1 0  0 0 -1 -1
 -1 0  0 1  0  0
  0 0 -1 1  0  0
6	% 
  1  0 0 1 0  1
  0  1 1 0 0  1
 -1  0 0 0 1  0
 -1 -1 0 0 0 -1
  0 -1 0 0 1  0
  0  0 0 0 1  0
1,1,1;1;1;1 1 13
40 
#2 
6	% 
  1  0  0 0  0  0
  0  0  0 0 -1 -1
  1  0 -1 0 -1 -1
  0 -1  0 1  0  0
  1 -1  0 0 -1 -1
 -1 -1  0 0  1  0
6	% 
  1  0  0 0 0  0
  1 -1  0 0 0  0
  1 -1 -1 0 0 -1
  0  0  0 1 1  1
  1 -1  0 0 1  0
 -1  1  0 0 1  1
1,1;1,1;1;1 1 22
30 
#1 
6	% 
  1  0  0 0 0  1
  0 -1  0 0 1  0
  1  0  0 1 0  1
  1  0 -1 0 0  0
 -1  1  0 0 0  0
 -1 -1  0 0 0 -1
1,1,1,1;1;1 1 4
10 
#1 
6	% 
  0  2 0  0 1  1
 -1  0 0  0 0  0
  1 -3 0  0 0 -1
  0  2 0  0 0  1
  0 -1 1  0 0  0
  0 -1 0 -1 0 -1
2-2;1,1;1,1 1 4
120 
#2 
6	% 
 0  0 -1 -1  0 -1
 0  0  0  1  1  1
 0  0  0  1 -1  0
 1  0  0  0 -1  0
 0 -1  0  0 -1 -1
 0  0  0  0 -1  0
6	% 
  0  0 0 1  1  1
 -1  0 0 0 -1 -1
  1  0 0 0 -1  0
  1 -1 0 0  0  0
  1  0 1 0  0  1
  1  0 0 0  0  0
2-1;1,1;1;1 1 31
60 
#2 
6	% 
 0 0 0 0  3 2
 0 0 1 0 -1 0
 0 1 0 0 -1 0
 0 0 0 0  2 1
 1 0 0 0 -1 0
 0 0 0 1 -1 0
6	% 
 1 0 0 -3 0 -1
 0 0 1  1 0  1
 0 1 0  1 0  1
 0 0 0 -2 0 -1
 0 0 0  1 0  1
 0 0 0  1 1  1
2-1;1;1;1;1 1 42
10 
#1 
6	% 
 0 1 0 0 0 0
 0 0 1 0 0 1
 1 0 0 0 0 0
 0 0 0 1 0 0
 0 0 0 0 1 1
 0 0 0 0 0 1
2-1;2-1;1,1 1 5
15 
#1 
6	% 
 0 0 0 0 1  2
 0 0 1 0 0  1
 0 0 0 1 0  0
 0 1 0 0 0  1
 1 0 0 0 0  0
 0 0 0 0 0 -1
2-1;2-1;1;1 1 22
15 
#1 
6	% 
 1 0 0 0 0 0
 0 0 1 0 0 1
 0 1 0 0 0 1
 0 0 0 1 0 1
 0 0 0 0 0 1
 0 0 0 0 1 0
1,1;1,1;1;1 1 13
60 
#1 
6	% 
 0  0  0 1  3  2
 0  0  0 0  1  1
 0  0 -1 0  1  0
 1  0  0 0  1  1
 0 -1  0 0 -1 -1
 0  0  0 0 -2 -1
1,1,1;1,1;1 1 10
120 
#1 
6	% 
  0  1  1 0  2  2
  0  0  0 0 -2 -1
  0 -1 -1 1  1  0
  1  1  0 0  1  1
  0  0  0 0 -1 -1
 -1  0  0 0  0 -1
1,1;1,1;1;1 1 24
240 
#3 
6	% 
  1 0  0  0  0 0
  0 1  0  0 -1 0
  0 0 -1  0  1 0
  0 0  0 -1  1 0
 -1 0  0  0  1 0
  1 0  0  1  0 1
6	% 
  1 0  0  0  0 0
  0 1  0 -1  0 0
  0 0 -1  1  0 0
  0 0  0  1 -1 0
 -1 0  0  1  0 0
  1 0  0  0  1 1
6	% 
  0 0 0 -1 1 0
  0 1 0  0 0 1
  0 0 1  0 0 0
 -1 0 0  0 0 0
  0 0 0  1 0 1
  1 0 0 -1 0 0
1,1;1,1;1;1 1 28
240 
#2 
6	% 
  0 0 1  0  3  2
 -1 0 0  0  1  0
  0 1 0  0  3  2
  0 0 0  1  0  1
  0 0 0  1 -1  0
  0 0 0 -1 -1 -1
6	% 
 -1  1  2 -1  0  0
 -1  1  1 -1  0  0
  1  2  1 -1  0  2
  0  0  0  0 -1  0
  0 -1 -1  1 -1 -1
  0 -1 -1  1  1  0
1,1,1;1,1;1 1 9
80 
#2 
6	% 
 -2  0 0 0 0 -1
 -1  0 1 0 0  0
  3  0 0 0 1  2
 -1 -1 0 1 0 -1
  0  1 0 0 0  1
  0  0 0 1 0  1
6	% 
 -2  0 0 0  0 -1
 -2  1 1 0  0  0
  3 -1 0 0  0  1
 -1  0 0 1 -1 -1
  0  0 0 0  1  1
  0  0 0 1  0  1
4-1;1,1 2 2
5 
#1 
6	% 
 1 0 0 0  3  2
 0 1 0 0 -1  0
 0 0 0 1 -1  0
 0 0 1 0 -1  0
 0 0 0 0 -1  0
 0 0 0 0 -2 -1
2-1;2-1;1,1 1 7
30 
#1 
6	% 
 1 0 0 0  3  2
 0 0 1 0 -1  0
 0 1 0 0 -1  0
 0 0 0 0 -1  0
 0 0 0 1 -1  0
 0 0 0 0 -2 -1
2-1,2-1;1,1 2 2
60 
#1 
6	% 
 0 -1  0  0  0 -1
 0  0 -1 -1  0 -1
 1  0  0  0  1  1
 0  0  1  0  1  1
 0  1 -1  0  0  0
 0  0  1  0 -1  0
2-1,2-1;1;1 2 8
60 
#1 
6	% 
  0 -1  0  0  0 -1
  0  0 -1 -1  0 -1
  1  1  0  0  0  1
 -1  0 -1  0  0 -1
 -1  0  0  0 -1 -1
 -1  0  0  0  1  0
2-1,2-1;1;1 3 5
60 
#1 
6	% 
 0 -1 0 -2  0 -2
 0  1 1  3  0  2
 1  1 1  3  0  3
 1 -1 0 -1  0 -1
 1  0 0  0 -1  0
 1  0 0  0  1  1
2-1;2-1;1;1 1 23
30 
#1 
6	% 
 -1 0 0 1 0  0
  1 0 1 0 0  1
  1 1 0 0 0  1
 -1 0 0 0 0  0
 -2 0 0 0 0 -1
 -1 0 0 0 1  0
4-1;1;1 2 6
5 
#1 
6	% 
 -1 0 0 0 0  0
 -1 1 0 0 0  0
 -1 0 0 1 0  0
  1 0 1 0 0  1
 -2 0 0 0 0 -1
  1 0 0 0 1  1
4-1';1;1 1 5
60 
#1 
6	% 
 0 -1 0 0  0 -1
 0  1 1 1  0  2
 1  1 0 1  0  2
 1  0 0 0  0  0
 1  0 0 0 -1  0
 1  0 0 0  1  1
2-1,2-1;1;1 2 10
30 
#1 
6	% 
 0  0  1  0  0  0
 0 -1 -1 -1  0 -1
 1 -1 -1  0  0  0
 1  0  1  0  0  1
 1  0  0  0  1  1
 1  0  0  0 -1  0
2-1,2-1;1,1 3 2
60 
#1 
6	% 
 1  0 0 0  1  1
 0  1 1 1  0  2
 0  1 0 1  0  2
 0  0 0 0  1  1
 0 -1 0 0  0 -1
 0  0 0 0 -1  0
2-1,2-1;1,1 2 3
30 
#1 
6	% 
 1  0  0   0 -1   0
 0 -5  3  -3  0  -5
 0 -9 -4 -10  0 -12
 0 -1 -4  -3 -1  -3
 0  4  1   4  0   5
 0 -1 -4  -3  1  -2
4-1';1,1 1 2
60 
#1 
6	% 
  1  0 0  0 -1  0
  0  1 1  1  0  1
  0  0 1  1  0  0
  1  0 1  1  0  1
  0 -1 0 -1  0 -1
 -1  0 1  1  0  0
4-3';1,1 1 2
96 
#1 
6	% 
 -1  1 -1 -1  1  0
 -1  2 -1 -1  1  1
 -2  2 -1 -1  1  0
  2 -1  2  1 -1  1
 -1  1 -2 -2  1 -1
  1 -1  1  2 -1  0
1,1;1,1;1,1 1 6
30 
#1 
6	% 
  3  0  0  0 1  2
 -1  0  1  1 0  0
 -2  0  0  0 0 -1
  0  0 -1 -2 0 -1
  0  1  0 -1 0  1
 -1 -1  0  1 0 -1
1,1,1;1;1;1 1 19
40 
#1 
6	% 
  3  2 -2  2 -1  1
  1  1 -1  1 -1  0
 -2 -2  2 -2  1 -1
  2  2 -1  2 -1  1
  2  2 -2  1 -1  0
  2  1 -2  2 -1  0
1,1;1,1;1;1 1 39
120 
#1 
6	% 
 -1 -1  1 -2 -1 -1
 -1  2 -2  1  1  0
  0 -2  1 -1 -1 -1
  0  1 -1  2  1  1
  0  1 -2  1  1  0
  0  1 -1  1  1  0
1,1,1;1;1;1 1 15
120 
#2 
6	% 
 -1  0  0  2 -1 -1
  0  0  0 -1  1  1
  0  0 -1 -1  1  0
 -1  0  0 -2  1  0
  0 -1  0  1 -1 -1
  0  0  0  2 -1  0
6	% 
  1  0  0 1  0  1
 -1  0  0 0 -1 -1
 -1  0 -1 0  0 -1
 -1  0  0 0  0  0
  1 -1  0 0  0  0
  1  0  0 0 -1  0
1,1;1,1;1,1 1 10
120 
#1 
6	% 
  0  1  0  0  1  1
  1 -1  1 -1 -1  0
 -1  0  0  2  0  0
  0  0  1  0 -1  0
 -1  0  0  1  0 -1
  1  1 -1 -1  1  1
1,1;1,1;1;1 1 25
120 
#1 
6	% 
  1  1 -1 -1  1 1
 -1  0  0  2  0 0
  0 -1  2  0 -1 0
 -1  1 -1  1  1 0
  0  2 -1  0  1 1
  1  0  0 -1  0 1
1,1;1,1;1;1 1 30
30 
#1 
6	% 
  1  0  0 -1 0  0
 -1  0  1  1 0  0
  0 -1 -1  0 0 -1
 -1  1  1  0 0  0
  0  0  0  0 1  1
  0  0  0  0 1  0
2-2;1,1,1;1 1 6
40 
#1 
6	% 
  0  0  1 -1  0  0
  0  0  1  0  1  1
  0 -1  0  0  0  0
 -1  0  1 -1  1  0
 -1  1  0  0  0  0
  0  0 -1  1 -1 -1
3;1,1,1 1 2
10 
#1 
6	% 
  0  0 0  1  1  1
 -1  0 0  1  0  0
  0  0 0  0  0 -1
  0 -1 0  0  0 -1
  0  0 1  0  0  0
  1  0 0 -1 -1 -1
2-2;1,1;1,1 1 6
80 
#1 
6	% 
  0  0  0  1  1  2
  0  0  0  2  1  2
  0  0 -1  1 -1 -2
  0  1 -1  4  0  0
 -1 -1  0 -4  0 -1
  1  0  0  3  1  2
1,1;1;1;1;1 1 30
120 
#2 
6	% 
  1 -2 0 -1 0 -1
 -1  1 0  1 0  1
 -1  1 0  2 0  1
  0  0 1  0 1  1
  1 -1 0 -1 1  0
 -1  1 0  1 1  1
6	% 
 0 -2  0 0  1 -2
 0  2 -1 0 -1  1
 0  3  0 0 -1  2
 1  0  0 1  0  1
 1 -2  0 0  1 -1
 1  2  0 0 -1  2
1,1;1;1;1;1 1 54
80 
#2 
6	% 
  1 -1 -1 -1 -1 -1
 -1  1  1  1 -1  0
 -1  1  1  1  0  0
 -1  1  2  1  0  1
 -1  2  1  1  0  1
  1 -1 -1 -2  0 -1
6	% 
 1 0 0 0  1 1
 1 0 0 0 -1 0
 0 1 0 0 -1 0
 0 0 0 1 -1 0
 0 0 0 0 -1 0
 0 0 1 0  1 1
2-2;1,1;1;1 1 16
80 
#1 
6	% 
 -1  1  1  1 -1  0
  1 -1 -1 -1 -1 -1
  1  0  0 -1  0  0
  1 -1 -1 -1  0 -1
  0  1  1  1  0  1
  0 -1  0  0  0  0
1,1;1;1;1;1 1 33
60 
#1 
6	% 
 -1  0 -2 1  0  0
  0 -1  1 0  0 -1
 -1  0 -1 0  0 -1
 -1  0  0 0 -1 -1
  1  0  0 0 -1  0
 -1  0  0 0  0  0
2-2;1,1;1;1 1 17
120 
#2 
6	% 
  1  0  0  0 1  1
  0  2  1  2 1  2
  0  2  1  1 0  1
 -1 -2 -1 -2 0 -2
  0  2  1  2 0  2
  0  1  1  2 0  1
6	% 
  0  0 1  1  0  1
  0  0 1  0  1  1
 -1  0 0  0  1  0
  0  0 0 -1 -1 -1
  0  0 0  0  1  0
  0 -1 0  0  1  0
3;1,1;1 1 8
30 
#2 
6	% 
 1 0 0 -1 0  0
 0 1 0  0 0  0
 0 0 1  0 0  0
 0 0 0  1 0  0
 0 0 0  0 1  1
 0 0 0  0 0 -1
6	% 
 0  0 0 0 -1 0
 0  1 0 1  0 1
 0  1 1 0  0 1
 0  1 0 0  1 1
 1 -1 0 0  0 0
 0  2 0 0  0 1
3;1,1;1 1 11
80 
#2 
6	% 
  1 0 0  0 -1  0
  1 0 0  0  1  1
  1 1 0  0  0  1
  1 0 0 -1  0  0
 -1 0 1  0  0  0
 -1 0 0  0  0 -1
6	% 
 -1  0  0  0  1  0
  1  0  0  0  1  1
  0 -1  0  0  1  0
  0  0  0 -1  1  0
  0  0 -1  0 -1 -1
  0  0  0  0 -1 -1
2-2;1,1;1;1 1 19
120 
#2 
6	% 
 1  0  0  1 0  1
 0 -1  1 -1 0 -1
 0  1  0  0 1  1
 0  1  0  0 0  1
 0  0 -1  0 0  0
 0 -1  1  0 0  0
6	% 
 0  0  0 1  1  1
 0 -1  1 0 -1 -1
 1  0  0 0  0  1
 0  1  0 0  0  1
 0  1 -1 0  0  0
 0  0  1 0  0  0
1,1;1;1;1;1 1 53
15 
#2 
6	% 
 1 0 -3 0 0 -1
 0 0  1 0 0  1
 0 1 -1 0 0  0
 0 0 -1 1 0  0
 0 0 -1 0 1  0
 0 0  2 0 0  1
6	% 
 1 0 0 0 -3 -1
 0 0 0 0  1  1
 0 1 0 0 -1  0
 0 0 1 0 -1  0
 0 0 0 1 -1  0
 0 0 0 0  2  1
1,1;1;1;1;1 1 51
80 
#2 
6	% 
  3 0  0 -1 0  1
 -3 0 -1  0 0 -2
  1 0  0  0 0  1
  1 1  0  0 0  1
  1 0  0  0 1  1
 -2 0  0  0 0 -1
6	% 
  3 -2 0 0  3  2
 -2  3 0 0 -3 -1
  1 -1 0 0  1  1
  1 -1 1 0  1  1
  1 -1 0 1  1  1
 -2  2 0 0 -2 -1
1,1;1;1;1;1 1 42
60 
#2 
6	% 
 0 0  1 1 0  1
 0 1  1 0 0  1
 0 0 -1 0 0 -1
 1 0  1 0 0  1
 0 0  1 0 1  1
 0 0 -2 0 0 -1
6	% 
 1 0 0 0  1  1
 0 0 0 1  1  1
 0 0 1 0 -1  0
 0 1 0 0  1  1
 0 0 0 0  1  1
 0 0 0 0 -2 -1
4-3;1;1 1 6
16 
#1 
6	% 
 0  0 0  0 1  1
 1  0 0  0 0  1
 0  0 0 -1 0  0
 0  0 1  0 0  1
 0 -1 0  0 0  0
 0  0 0  0 0 -1
3;1;1;1 1 12
10 
#1 
6	% 
  1 1 0 0 0  1
 -1 0 0 0 0 -1
 -1 0 0 1 0  0
 -1 0 0 0 1  0
 -1 0 1 0 0  0
 -2 0 0 0 0 -1
3;1,1;1 1 9
20 
#1 
6	% 
 0  2  0 0 -1  1
 0 -1  0 0  1 -1
 2  0  0 0  0  1
 1  0  0 1  0  1
 1 -2  0 0  1 -1
 1  0 -1 0  0  0
3;2-1;1 1 8
10 
#1 
6	% 
 0 0 1 0 0 1
 0 0 0 1 0 0
 1 0 0 0 0 1
 0 1 0 0 0 1
 0 0 0 0 1 0
 0 0 0 0 0 1
3;1,1;1 1 13
40 
#1 
6	% 
  0 1 0 0  0  1
  0 0 0 1  0  1
  0 0 1 0  0  0
  0 0 0 0 -1 -1
 -1 0 0 0 -1 -1
  0 0 0 0  0 -1
4-3;1,1 1 2
16 
#1 
6	% 
  0  0 0  0  2  1
 -1  0 0  0 -1 -1
  0  0 0 -1  1  0
  0  0 1  0  1  1
  0 -1 0  0  1  0
  0  0 0  0 -1 -1
3;1;1;1 1 18
40 
#1 
6	% 
 0  0  0 0 -1 -1
 1  0  0 0  1  1
 0 -1  0 0  1  0
 0  0  0 1 -1  0
 0  0 -1 0 -1 -1
 0  0  0 0 -2 -1
1,1;1;1;1;1 1 19
15 
#1 
6	% 
 1 0  0  0  3  2
 0 1  0  0  1  1
 0 0 -1  0  1  0
 0 0  0  0  1  0
 0 0  0 -1 -1 -1
 0 0  0  0 -2 -1
1;1;1;1;1;1 1 46
1 
#1 
6	% 
 -1 0 0 0 0 0
  1 1 0 0 0 1
 -1 0 1 0 0 0
 -1 0 0 1 0 0
 -1 0 0 0 1 0
  2 0 0 0 0 1
1;1;1;1;1;1 1 37
10 
#1 
6	% 
 0 0 0 1 0 1
 0 0 1 0 0 0
 1 0 0 0 0 0
 0 1 0 0 0 0
 0 0 0 0 1 1
 0 0 0 0 0 1
1;1;1;1;1;1 1 22
15 
#1 
6	% 
 0 1 0  0  1  1
 0 0 0 -1 -1 -1
 0 0 1  0 -1  0
 0 0 0  0 -1 -1
 0 0 0  0  2  1
 1 0 0  0 -1  0
2-2;1,1;1;1 1 9
40 
#1 
6	% 
 0  0 -1 0 -1 -1
 0  0  1 1  0  1
 0  0 -1 0  1  0
 0 -1  0 0  1  0
 1  0  0 0  1  1
 0  0  0 0  1  0
2-2;1;1;1;1 1 21
40 
#1 
6	% 
 -1 -1 1 0 0 -1
 -1 -1 0 1 0 -1
 -1 -1 0 0 1 -1
  0  1 0 0 0  1
  2  2 0 0 0  3
 -1 -1 0 0 0 -2
2-2;1;1;1;1 1 16
40 
#1 
6	% 
  1 -1 -1 0 0 -1
  0  0  0 1 0  0
  0  0  0 0 1  1
  1 -1  0 0 0  0
  0 -1  0 0 0 -1
 -1  0  0 0 0  0
3;1;1;1 1 21
10 
#1 
6	% 
 0  1 1 0 0  1
 0 -1 0 1 0  0
 0 -1 0 0 0  0
 1  1 0 0 0  1
 0  1 0 0 1  1
 0 -2 0 0 0 -1
2-2;1,1;1;1 1 18
80 
#1 
6	% 
  0  0  0  0  1  1
  0  0  0  1 -1  0
 -1 -1  0  0  0 -1
 -1  0  1  0  0  0
  1  1 -1  1 -1  0
 -1  0  0 -1  1  0
1,1;1;1;1;1 1 49
10 
#1 
6	% 
  3  0  0  0 1  2
  1  0 -1  0 0  0
  1 -1  0  0 0  0
  1  0  0 -1 0  0
 -1  0  0  0 0  0
 -2  0  0  0 0 -1
1;1;1;1;1;1 1 42
10 
#1 
6	% 
  1 -1 0  0 0  0
 -1  0 0 -1 0 -1
 -1  0 0  0 1  0
 -1  0 1  0 0  0
 -1  0 0  0 0 -1
  2  0 0  0 0  1
