#51

2-1;1;1;1;1 1 19
1 
#1 
6	% 
 1 0 0 0 0 0
 0 1 0 0 0 0
 0 0 1 0 0 0
 0 0 0 1 0 0
 0 0 0 0 1 0
 0 0 0 0 0 1
1,1,1,1,1,1 1 1
1 
#1 
6	% 
 1 0 0 0 0 0
 0 1 0 0 0 0
 0 0 1 0 0 0
 0 0 0 1 0 0
 0 0 0 0 1 0
 0 0 0 0 0 1
2-1;1,1,1,1 1 2
1 
#1 
6	% 
  0  0  0  0  0  1
  0  0  0  0  1  0
  0  1 -1 -1  1  1
  0  1  0 -1  1  1
 -1 -1  0  0  0  0
  0  0  0  1 -1 -1
1,1,1,1,1;1 1 2
8 
#4 
6	% 
  1  1 -1 -1  1  0
  0  1 -1 -1  0  0
  1  1 -1 -1  0  0
  1  1 -1 -1  1  1
 -2 -2  1  2 -1 -1
  1  1 -1 -2  1  1
6	% 
  0  1  1 -1  0 -1
 -1  0  0  0  0  0
  0  0  1  0  0 -1
 -1 -1  0 -2 -1 -1
  1  0 -1  1  0  2
 -1  0  1 -1 -1 -1
6	% 
  0 -2 0  0 -1 -3
  0 -1 0  0  0 -2
  1  0 0  0 -1  0
  1 -3 1 -1  0 -5
 -1  2 0  1  1  4
  1 -3 1  0 -1 -5
6	% 
 0  0  1 -1  0  0
 0  1  1  0  1  1
 0  1  0 -1  1  0
 0  1  1  0  0  1
 1 -1 -1  1 -1 -1
 1  2  1 -1  1  1
1,1,1,1;1,1 1 2
7 
#4 
6	% 
  0 -1 1  1 -1 -1
  0  0 0  0  0 -1
  0  0 0  0 -1  0
  1  0 0  0  0  0
 -1  0 0 -1  1  1
 -1 -1 0  1 -1 -1
6	% 
  0 0 0  0 0 -1
  1 0 1 -1 1  0
 -1 0 0  0 0  1
  1 1 0  0 0  0
  0 0 0  1 0 -1
  1 0 1  0 0  0
6	% 
 0  0 1  1  0 -1
 0 -1 0  0  0  0
 1  1 0  2 -1 -1
 0  0 0  0  2  1
 0  0 0 -1  0  0
 0  0 0  1 -1 -1
6	% 
  0  2  0 0  1  3
 -1  0  0 0  1  0
  1  1  0 0  1  1
  0  0 -1 1 -1  0
  0 -1  1 0  0 -1
  0  0  1 0  1  0
2-1;1,1,1;1 1 6
2 
#1 
6	% 
  0  1 -1 -1  1  2
  1  0  1  0  0 -1
  0 -1  1  1 -1 -1
 -1  0  0  0  0  0
  1  1 -1  0  0  1
  0  1 -1 -1  0  2
2-1;1,1,1;1 1 5
2 
#1 
6	% 
 0 0 0  0 0 1
 0 0 0  0 1 0
 0 1 0 -1 0 1
 1 0 0  0 0 0
 0 1 0  0 0 0
 0 0 1  0 0 0
1,1,1,1;1,1 1 3
16 
#4 
6	% 
 -1  0  1 -1  0 -1
  0  1  0 -2 -1 -1
  0  0 -1  0 -1  1
  0 -1  0  1  0  0
 -1  0  0 -1  0  0
 -1 -1  1  0  0  0
6	% 
  2 -1  0  0  0  0
  1  1  1 -1  0 -1
 -1  1  0  0  0  1
 -1  0 -1  0  0  1
  1  1  0 -1  0  0
  1 -1  0  0 -1  0
6	% 
  0  0  0 1  0  0
  0 -1 -1 0  0  1
 -1 -1  0 0  0  1
  1  1  0 0  1 -1
  1  0  0 0  1 -1
 -1  0  0 0 -1  0
6	% 
  0 -1  0  0  0 -1
  0  1  1 -1  1  0
 -1  0  0  0  0  0
  1  1 -1  0 -1  1
  1  1  0 -1  1  0
 -1 -1  0  0  0  0
1,1,1;1,1,1 1 3
8 
#3 
6	% 
 -1  1  0  0  0  0
  0  2 -1 -3 -2 -1
  0 -1  1  2  2  0
  1  0  0 -1 -1 -1
  0 -2  1  2  1  1
 -1  1  0 -1 -1 -1
6	% 
  1  0  0  0 -1 -1
 -1 -1  0  0  0  0
  2  1  0  1  0 -1
 -3 -1  0 -1  1  1
  1  1  1  0  1 -1
  0 -1 -1  0 -1  0
6	% 
  0 -1  1 1  0 -1
  0  0  0 0  1  0
 -1 -1  1 0  0  1
  0  0 -1 0 -1  0
 -1  0 -1 0 -1  2
  0  0  1 0  0 -1
1,1,1;1,1,1 1 2
4 
#2 
6	% 
  0  1  0  0  0  0
  1  1  1  1  0 -1
  0  0 -1  1 -1 -1
  0  0  0  0  1 -1
 -1 -1  0 -1  0  1
  1  1  1  0  0  0
6	% 
  1  0  0 0  0 0
  0  0 -1 1 -1 0
 -1 -1  0 0  1 0
  0  0  0 0 -1 0
  0  0  1 0  1 0
  1  1 -1 0  0 1
2-1;1,1;1,1 1 4
1 
#1 
6	% 
 0  0 -1 1 -1  0
 0  0  0 0  2  1
 0 -1  1 0  2  0
 1  1  0 0  0  0
 0 -1  0 0  0  0
 0 -1  1 0 -1 -1
2-1;1,1;1,1 1 8
2 
#1 
6	% 
 1 0 0 0 0  0
 0 1 0 0 0  0
 0 0 0 0 1  0
 0 0 0 1 0  0
 0 0 0 0 0  1
 0 0 1 0 0 -1
1,1,1;1,1,1 1 4
4 
#1 
6	% 
  0 -1 0 1 -1  1
  1  1 0 0  0  1
 -1  0 0 0  1 -1
  0  0 1 0 -1  0
 -1 -1 0 0  1 -1
  1  0 0 0 -1  0
1,1,1;1,1;1 1 10
28 
#5 
6	% 
  0  0  0  0  1  1
  1  0  1 -1  1  0
 -3  0 -2  2 -3 -1
  0  0  0  0  0  1
  0 -1  1  0  1 -1
 -1 -1  0  0  0  0
6	% 
 0  0  0 0  1 -1
 0  1 -2 0  0  0
 0 -2  3 1 -1  0
 0  0  0 0  1  0
 1  1 -1 0  0  0
 1  1  0 0  0  0
6	% 
 0 -2  0  0 -1  1
 0 -1  0  0 -1  1
 1  4  0  0  3 -3
 0 -1  1 -1 -1 -1
 0  0 -1  0  0  2
 0  1 -1 -1  0  1
6	% 
 -2 -1  0  0 -2  0
 -2 -1  0  0 -1  1
  6  3  0  0  4 -1
 -1  0  0  0 -1  0
 -1 -1  0 -1  0  1
  0  1 -1 -1  0  1
6	% 
  2 0  0  0  1  1
  1 0  1 -1  0 -1
 -5 0 -2  2 -1  1
  1 0  0  0  1  0
  1 1  0 -1  0  0
  0 1 -1 -1  0  1
1,1,1,1;1;1 1 4
6 
#3 
6	% 
  0  0  0  0 -1  1
  1  0  0  0 -1  0
 -2  0 -1  1  1  0
  1  0  1 -1  0  1
  0  0  0  1  0 -1
 -1 -1  0  1  0 -1
6	% 
 0  0  1 -1  1 1
 0  0  0  0  1 0
 0  1 -3  1 -2 0
 0 -1  2  0  0 0
 0  1 -1  0  0 0
 1  1 -1  0  0 0
6	% 
 0 -2 0 0  0 -3
 1  0 0 0  0  0
 0  3 0 0  2  4
 0 -1 0 0 -1 -1
 0  0 1 0  1  0
 0  0 0 1  0  0
1,1,1;1,1;1 1 5
16 
#6 
6	% 
  1 0 0  0 -1 -1
  0 0 0  0 -1  0
 -1 0 0  0  3  2
  1 0 1  0  0 -1
  0 0 1 -1  1  0
  1 1 0  0  0  0
6	% 
  0 -1  1  1 -1 0
  0 -1  1  1  0 0
  0  2 -2 -2  2 1
  1  0  1  0  0 0
 -1  0  0  0  0 0
  1  1  0  0  0 0
6	% 
  1  1 -2 0 -1  1
  1  0 -1 1 -1  0
 -2 -1  2 0  1 -1
  1  1 -1 0  0  1
  0  0  0 0 -1  0
  1  1  0 0  0  0
6	% 
 0  0 -1  1 0 -1
 0  0  0  0 1  0
 0  0  1 -1 0  0
 0 -1  0  1 0 -1
 1  0  0  0 0  0
 0 -1  1  1 0 -1
6	% 
  2 -1  1 -1  1  0
  1  0  0  0  0  0
 -3  0 -1  1 -1  0
  1 -1  1  0  0 -1
  0  0  0  0 -2 -1
  0 -1  1  1  0 -1
6	% 
  1  0 0 0  1 -1
  1  0 0 0  2  0
 -2  0 0 0 -1  2
  1  0 1 0  1 -1
 -1 -1 0 0  0  0
  0 -1 1 1  0 -1
1,1,1,1;1;1 1 5
16 
#4 
6	% 
  0 -1  1  1  0 -1
  1 -1  1  1  0 -1
  1  0  0  1  0  0
 -1  1 -1 -1 -1  1
  1 -1  1  1  0  0
  0  1  0 -1  0  0
6	% 
  1 0  0  0  0  0
  1 1 -1 -1  0  1
  0 0 -1  0 -1  0
 -1 0  1  1  1 -1
  1 0 -1 -1  0  0
  0 0  0  1  0  0
6	% 
  0 -1 -1 -1 0  1
  0 -2 -2 -1 0  2
  0 -2 -1 -1 0  0
 -1  2  2  1 0 -2
 -1 -3 -2 -1 0  2
  0  2  1  1 1 -1
6	% 
  0  0  0  0 -1  0
  0  0  0  0 -1  1
 -1 -1 -1  1 -1  0
  1  0  1  0  2 -1
 -1 -1  0  1 -2  0
  1  0  1 -1  1  0
1,1,1;1,1;1 1 9
12 
#3 
6	% 
  2  2  1  1  0 -1
  1  1  0  0  0  0
 -2 -3 -1 -1  0  1
  1  1  1  0 -1 -2
  0  0  0  0  0  1
  0  0  0  0 -1  1
6	% 
 -1  0 -2 0 -1  1
 -1 -1 -1 1 -1  0
  2  1  2 0  1 -1
  0  0 -1 0  0  1
 -2  0  0 0 -1 -2
  0  0  0 0  1 -1
6	% 
  0  0 -1  1 0 -1
  0  0  0  0 1  1
  0  0  1 -1 0  0
  0  0  0  1 0 -1
 -1  0  0  0 0  0
 -2 -1  0  0 0  0
1,1,1,1;1;1 1 6
2 
#2 
6	% 
 0 0 -1 -1 0 1
 1 0  0  0 0 0
 0 1  0  0 0 0
 0 0  0  1 0 0
 0 0  0 -1 1 0
 0 0  0  0 0 1
6	% 
  0  1 -1 -1  1  1
  0  0  0  0  1  0
  0  0  0  0  0  1
  0 -1  0  1 -1 -1
  1  1  0 -1  1  1
 -1 -1  0  0  0  0
1,1,1;1,1;1 1 7
16 
#5 
6	% 
 0  0 -2  2 -1 1
 0 -1  0  2  0 0
 0  2  1 -5  1 0
 0 -1  0  1  0 0
 1  0  0  0  0 0
 0  0 -1  1 -1 1
6	% 
  0 -2 0  0 -1 -1
  2  1 0  0  1  1
 -3  0 0  0 -1 -1
  1  1 0 -1  1  1
  0  0 1 -1  1  0
  0 -1 0  0  0 -1
6	% 
 -2 0  0  0 -1 -1
  1 0 -1  1  0  1
  0 0  1 -1  1  0
  2 1  0  1  0  0
  1 1  0  0  0  0
 -1 0  0  0  0 -1
6	% 
  0 -1  0 0  0  0
  0  0 -2 0 -1  1
  0  1  3 1  1 -2
  0  0 -1 0 -1  0
  0  0  0 0  1  0
 -1 -1  0 0  0  0
6	% 
  0   3 0 0  2  2
  0   5 0 0  1  3
  0 -10 0 0 -1 -6
  0   2 0 1  0  1
  0  -1 1 1  0 -1
 -1   1 0 0  1  1
1,1,1;1,1;1 1 12
24 
#3 
6	% 
  0  0 -2  2  1  3
  2  1 -1  1  2  3
 -2 -1  4 -4 -4 -8
  1  1  0  1  1  1
 -1 -1  2 -2 -2 -4
  0  0 -1  1  1  1
6	% 
 -2 -1 -1 1  0  1
  0  0  0 0  1  1
  2  1  0 0 -1 -1
  0  1  0 0  1  0
  1 -1  0 0 -1  0
 -1  0 -1 0  0  1
6	% 
  0 -1  0  0  0  0
  0  0  1  1  1 -2
  0  2 -1 -1 -2  3
  0  0  1  0  0 -2
  0  1 -1  0  0  3
 -1 -1  0  0  0  0
1,1,1;1,1;1 1 11
8 
#2 
6	% 
  0  2 -2 0 -1  1
  0  1 -2 0 -1  1
  0 -4  5 1  2 -3
  0  1 -1 0 -1  0
 -1  0 -1 0 -1  0
  0  1 -1 0  0  0
6	% 
 0  1 -2 0  0  2
 0  1 -2 0 -1  1
 0 -3  5 1  2 -3
 0  1 -1 0  0  1
 0  1 -1 0  0  0
 1  1 -1 0  0  1
1,1;1,1;1,1 1 6
14 
#4 
6	% 
 1  2  0  0  0  0
 0  0 -1  0  0  1
 0 -1  0  0  0  0
 0 -1  1  1 -1 -1
 0 -1  1  1  0 -2
 0  0  0 -1  1  1
6	% 
  0 -2 1  3 -1 -2
 -2  0 0 -1 -1  0
  0  1 0 -2  1  1
  2  1 0  0  1  0
  0 -1 0  0  0  1
 -1  1 0 -1  0 -1
6	% 
 -3  0 -2  2 -2  0
  0 -1  1  0  1  0
  1  0  1 -1  1  0
  1  1  0  0 -1  0
 -1 -1  0  0  0 -1
  1  0  1  0  1  0
6	% 
  0  0 0  0  3  2
  0  0 0 -1  0  0
  0  0 0  0 -1 -1
 -1  0 0  0  0  0
  1  1 0  0  0  0
  0 -1 1  0  0 -1
1,1;1,1;1,1 1 3
3 
#2 
6	% 
 0 -2 1  3 -1 -2
 0  0 0  0  1  0
 1  1 0  0  0  0
 0  1 0 -2  1  1
 0  0 0  1 -2 -1
 0 -1 0  1 -2 -1
6	% 
 -5  0  2 -2  2 0
  0  0  0  0 -1 0
 -2 -1 -1 -1  0 1
  3  0 -1  1 -1 0
 -3 -1  0 -1  2 1
  0  1  1  0  2 0
1,1,1;1;1;1 1 16
4 
#2 
6	% 
 0 -1  1  1  0 -1
 0 -2  1  3 -2 -2
 0  2 -1 -3  1  3
 0 -1  1  2 -1 -2
 1 -1  1  2 -1 -2
 1  1  0  0  0  0
6	% 
  0 0 -1  1 -1  0
 -1 1 -3  1 -2  1
  1 0  3 -1  2 -1
 -1 0 -2  1 -1  0
 -1 0 -2  1 -2  0
  0 0  0  0  0 -1
1,1;1,1;1;1 1 30
4 
#2 
6	% 
  0 0 0  0 -1  0
  1 1 0 -1  1  0
  0 0 0  0  0  1
  1 0 1  0  1 -1
 -1 0 0  0  0  0
  1 1 0  0  0  0
6	% 
  1  0  0 0  0  0
  1 -1  0 1 -1  0
 -1 -1  0 0  0  0
 -1 -1 -1 0 -1  1
  0  0  0 0  0 -1
  0  0  0 0 -1  0
1,1,1;1;1;1 1 12
6 
#3 
6	% 
 0  1 -1 -1  1 1
 0  1 -1 -1  0 0
 0 -1  0  1  0 0
 1  1 -1  0 -1 0
 1  1  0  0  0 0
 1  0  0  0  0 0
6	% 
 1 0  0  0  0  0
 1 0  1 -1  1  0
 0 1 -1  0 -1  0
 1 0  1  0  1 -1
 0 0  0  0  1  0
 0 0  0  0  0 -1
6	% 
 1 -1  0  0 0  0
 0 -1 -1 -1 0  1
 0  1  0  1 0 -1
 0 -1 -1  0 0  1
 0  0  0  0 0  1
 0  0  0  0 1  0
1,1;1,1;1;1 1 15
4 
#3 
6	% 
  0 -1  1 1  0 -1
  0  0  0 0  1  0
 -1  0 -1 0  0  1
  1  1 -1 0 -1  0
  1  0  0 0  0  0
  1  1  0 0  0  0
6	% 
 0 -1  1 1  0 -1
 1  0  0 0  0  0
 0  1 -1 0  0  0
 0  0 -1 0 -1  1
 0  0  0 0  0  1
 0  0  0 0 -1  0
6	% 
 -2 0  1 -1  1  0
  1 1  0  0  0  0
  0 0 -1  0 -1  1
  1 0  0  1  0 -1
  0 0  0  0  0 -1
  0 0  0  0  1  0
1,1,1;1;1;1 1 8
14 
#4 
6	% 
  0 -1 1  1 -1 -2
  0  1 0 -2  1  2
  0  0 0  1 -1 -1
 -1  0 0  0  0  0
  0 -1 0  2 -2 -1
  0  1 0 -1  1  1
6	% 
 -1 0 0 0  0  0
  2 0 0 0  0  1
 -1 0 0 1  0  0
  1 1 0 0  0  0
 -2 0 0 0 -1  0
  2 0 1 0  0 -1
6	% 
 1  2 0  0 1  1
 0 -2 0  0 0 -1
 0  1 1  0 1  0
 0  0 1 -1 1  0
 0  2 0  0 1  0
 0 -2 1  0 0 -1
6	% 
 0  3 0  0  1  2
 1  1 0  0 -1  0
 0  0 1  0  1  0
 0  0 1 -1  1  0
 1  0 0  0  1  0
 0 -1 1  0  0 -1
1,1;1,1;1;1 1 21
12 
#3 
6	% 
 0  0 -1  1  0  0
 0 -1  1  1 -1 -2
 0  1  0 -2  2  2
 0  0  0 -1  1  1
 0  0 -1  1 -1 -1
 1  1  0 -1  1  1
6	% 
  1 0 -1  1  1 -1
 -3 0  0  0 -1 -1
  3 0  1 -1  0  3
  1 0  0 -1  0  2
 -1 0 -1  1  0 -2
  2 1  0 -1  0  2
6	% 
 -1 0 0 0 -1  0
  1 0 0 0  0  0
  0 1 0 0  1 -1
  0 0 1 0  1 -1
  1 0 0 0  0  1
  0 0 0 1  0 -1
1,1,1;1;1;1 1 4
4 
#2 
6	% 
  0  0  0  0  1  1
  0  0  0  0  0 -1
  0 -1  1  1 -1  0
 -1  0 -1 -1  1  0
 -1  0 -1  0  0  0
 -1  0  0 -1  1  0
6	% 
  0  0 0 0  2  1
  0  0 0 0 -1  0
 -1  0 0 0  1  1
  0 -1 0 0 -1 -1
  0 -1 0 1 -1 -1
  0 -1 1 0  0 -1
1,1;1,1;1;1 1 6
6 
#3 
6	% 
 0  0  0 0 -1  0
 0 -2  3 1  1 -2
 0  1 -2 0  0  2
 0  0  0 0 -1 -1
 1  1 -1 0  0  1
 0  1 -1 0  0  1
6	% 
  0 0  0  0 -1  0
 -3 0 -2  2 -2  0
  1 0  1 -1  2  1
  0 0  0  0 -1 -1
  1 1  0 -1  1  1
  0 0  0 -1  1  1
6	% 
 0  0  0  0  1  0
 1  2  0  0  0  0
 0 -1  0  0 -1 -1
 0  0  0  0  1  1
 0  0  0 -1  0  0
 0  0 -1  0 -1  0
2-1;1,1;1;1 1 19
4 
#1 
6	% 
 -1  0  0  0  0 0
  0 -1  0  0  0 0
  0  0  0  0 -1 0
  0  0 -1  0  0 1
  0  0  0  0  0 1
  0  0  0 -1  1 1
2-1;1,1;1;1 1 23
1 
#1 
6	% 
 0 1 -3 1 -2  1
 0 1 -1 0  0  0
 1 0  1 0  0  0
 0 0 -1 0  0  0
 0 0  0 0  1  0
 0 0  0 0  0 -1
2-1;1,1;1;1 1 9
1 
#1 
6	% 
  0  0  0  0  2  1
  0 -1  0  0  0  0
  0 -1  0  0 -3 -1
 -1  0  0  0  0  0
  0  0  0 -1 -1  0
  0  0 -1  0 -2  0
1,1;1,1;1;1 1 10
28 
#5 
6	% 
  0 -2  3 1  1 -2
 -1  0 -1 0 -1  0
  0  1 -2 0 -1  1
 -1  0  0 0  0 -1
  1  0  0 0  1  0
  0  0 -1 0  0  1
6	% 
 -3 0 -2  2 -2 0
  1 0  1  0  1 0
  1 0  1 -1  1 0
  0 0  0  0 -1 0
  0 0  0  0  0 1
  1 1  0 -1  0 0
6	% 
 1  2  0  0 0  0
 0  0 -1  0 0  1
 0 -1  0  0 0  0
 0  0  1 -1 0 -2
 0  0 -1  1 1  1
 0  0  0 -1 0  0
6	% 
  3  3  2 -2  2  0
 -1  0 -1  0 -1  0
 -1 -1 -1  1 -1  0
 -1  0  0  0  0 -1
  1  0  0  0  1  0
  0  0 -1  0  0  1
6	% 
 0  0 0  0  3  2
 0  1 1  0  0 -1
 0  0 0  0 -1 -1
 1  0 0  0  0  0
 1  1 0  0  0  0
 0 -1 0 -1  0  0
1,1,1;1;1;1 1 15
8 
#1 
6	% 
  2  1  1 -1  0  0
 -1  0 -1  1  0  1
 -1 -1  0  1  0  0
 -2 -1 -1  1 -1  1
  1  0  1  0  0 -1
  1  1  1 -1  0 -1
1,1;1,1;1;1 1 28
16 
#2 
6	% 
 1  0 -1 0  1  2
 0 -1  0 1  0  0
 1  1  1 0  2  1
 0  0 -1 0  0  0
 0  0  0 0  0 -1
 0  0  0 0 -1  0
6	% 
  0 1 -1  0  0  0
  0 0  0 -1  0  0
  0 0  1  0  1 -1
 -1 0 -1  0 -1  0
 -1 0  0  0  0  0
  1 1  0  0  0  0
1,1;1,1;1,1 1 10
8 
#1 
6	% 
 1  1 0 0  1  1
 0 -2 0 1 -1  0
 0  0 0 0  0 -1
 1  0 0 0  1  1
 0  0 0 0  1  0
 0  1 1 0  0  0
1,1;1,1;1;1 1 35
2 
#1 
6	% 
 -2 -1  0  0 -1 -2
  0  0  0 -1  0  1
  2  1  0  0  2  1
  0  0 -1  0 -1  1
 -1  0  0  0  0 -1
  1  1  0  0  1  0
1,1;1,1;1,1 1 9
2 
#1 
6	% 
  0  0 -1 1 -1  0
 -1 -1  0 0 -1 -1
  1  0  0 0  1  1
  1  1  0 0  2  1
  1  0  1 0  2  1
  0  0 -1 0 -1  1
1,1;1,1;1;1 1 27
4 
#1 
6	% 
  0  0 1 -1  1 0
  0  2 0  0  1 0
  1 -4 0  0 -1 1
  0 -2 0 -1  0 1
  0  5 0 -1  2 0
 -1 -5 0  0 -1 1
1,1;1,1;1;1 1 25
8 
#1 
6	% 
  0  1  0  1  1  1
  0  0  0  0  0 -1
 -1 -3 -1 -1  0  1
  0  1  1  0 -1 -2
 -1  2  1  1  0 -1
  0  0  0  0  1  0
1,1;1;1;1;1 1 13
8 
#2 
6	% 
 -3  0 0  0 -2 -3
  1  0 0  0  1  1
  0  0 1 -1  1  0
 -1 -1 1  0  0 -1
  3  0 0  0  3  2
  0  0 1  0  0 -1
6	% 
  0  0  1 -1  0 0
  0  0 -1  1  0 1
 -1 -1  0  0  0 0
 -1  0  0 -1  0 0
  0  0 -1  1 -1 1
  0  0  0 -1  0 0
1,1;1;1;1;1 1 18
7 
#4 
6	% 
 -1  0  0 0  0  0
 -1  0 -1 1 -1  0
  0 -1  1 0  1 -1
  1  0  1 0  0 -1
  0  0  0 0 -1  0
  0  0  0 0  0 -1
6	% 
  0 -1  1 1  0 -1
  0  1 -2 0 -1  1
 -1 -1  1 0  0 -1
  0  0  1 0  1 -1
  0  0  0 0  1  0
  0  0  0 0  0 -1
6	% 
 1  0 0 0  0 0
 0  1 0 0  0 0
 0 -1 0 1 -1 0
 0 -1 1 0  1 0
 0  0 0 0  1 0
 0  0 0 0  0 1
6	% 
  0  0  0  0  2  1
  0  0  0  0 -1 -1
  1  1  0 -1  1  1
  0  0 -1  0  0  1
 -1 -1  0  0  0  0
  1  0  0  0  0  0
1,1;1;1;1;1 1 8
1 
#1 
6	% 
  0 0  0  0 -1  0
  0 0  0  0 -1 -1
 -1 0  0  0  1  1
  0 1  0  0  1  1
  0 1  0 -1  1  1
  0 1 -1  0  0  1
1,1;1;1;1;1 1 29
8 
#2 
6	% 
 1  0  0  0  0  0
 0 -1  0 -1  1  0
 1  1  0  0  0  0
 0 -1 -1  0 -1  0
 0  0  0  0 -1  0
 0  0  0  0  0 -1
6	% 
  0  1 -1 -1  0  0
  0  1  0 -1  0  0
  0 -1  1  1  1 -1
 -1  0 -1  0 -1  0
 -1 -1  0  0  0  0
 -1  0  0  0  0  0
1,1;1;1;1;1 1 41
1 
#1 
6	% 
  0 1 1 -3 2 1
  0 0 0  0 0 1
 -1 0 0 -1 0 1
  1 0 0  0 0 0
 -1 0 0 -1 1 1
  1 1 0  0 0 0
1,1;1;1;1;1 1 31
4 
#1 
6	% 
  1  0 0 1  0  0
  0 -1 1 0  1 -1
  2  1 0 0  2  1
 -2 -1 0 0 -1 -2
  3  1 0 0  2  2
 -3 -2 0 0 -2 -2
1;1;1;1;1;1 1 20
1 
#1 
6	% 
 -1 -1  0 1 -1  0
  0  0 -1 0 -1  0
  0  0  0 0 -1  0
  0  0  0 0  0 -1
  1  0  0 0  0  0
 -1 -1  0 0  0  0
1;1;1;1;1;1 1 12
1 
#1 
6	% 
 1 1  0  0 -1  0
 1 0  0  0  0  0
 0 0  0 -1  1  1
 0 0 -1  0  0  1
 0 0  0  0  1  0
 0 0  0  0  0 -1
