#37

2-1;2-1;2-1 1 11
1 
#1 
6	% 
 1 0 0 0 0 0
 0 1 0 0 0 0
 0 0 1 0 0 0
 0 0 0 1 0 0
 0 0 0 0 1 0
 0 0 0 0 0 1
1,1,1,1,1,1 1 1
1 
#1 
6	% 
 1 0 0 0 0 0
 0 1 0 0 0 0
 0 0 1 0 0 0
 0 0 0 1 0 0
 0 0 0 0 1 0
 0 0 0 0 0 1
1,1,1,1;1,1 1 3
9 
#2 
6	% 
  1  0  0  0  0  0
 -1  0  1  0 -1  0
  0 -1  1  0  0  1
 -1  0 -1 -1  0 -1
 -1  1  0 -1 -1 -1
  1  0  0  1  1  0
6	% 
 -1 0 -1  0  0  0
 -2 1 -1 -1 -1  1
  0 0  0 -1  0  0
  2 0  0  1  1  0
 -1 1 -1  0  0  1
 -1 0  0  0  0 -1
1,1,1,1,1;1 1 2
6 
#1 
6	% 
  0 -1  0  0  1  0
  0 -1  0  0  0  0
 -1 -2 -1 -1 -1  1
  1 -1 -1  0  1  0
 -1  2  1  0  0 -1
  0 -2 -1 -1  0  0
2-1',2-1',2-1' 1 1
4 
#1 
6	% 
 0  0  1  1  1 -1
 1 -1  0  2  0  0
 0 -1  0  1  0  0
 0  0 -1 -1  0  1
 1  0 -1  1  0  1
 0  1 -1 -1 -1  0
1,1,1;1,1,1 1 3
9 
#2 
6	% 
 0  1 -1  0 -2  0
 0  1  1  1 -1 -1
 1  0 -1  0  1  1
 0  0  1  0  0  0
 0 -1  0 -1  0  0
 0  1  0  0 -1  0
6	% 
  0  0  1  0 -1  0
  0 -1  1  1  1 -1
  0  1 -1  0 -1  1
  1  0  0  0  1  0
 -1  1 -1 -1 -1  0
  1 -1  1  0  0  0
2-1',2-1';1;1 1 7
6 
#1 
6	% 
  0  1  0  0 0  0
  0  0  0 -1 0  1
 -1  0  0  0 0 -1
  0 -1  0  0 1  0
  0  0 -1  0 0  0
  0  0  0  1 0  0
1,1,1,1;1,1 1 2
6 
#1 
6	% 
 1  0  0  0 0  0
 0  0  0  1 0  0
 0 -1  1 -1 1 -1
 0 -1  0  0 0  0
 0  0 -1  0 0  0
 0 -1  0  0 1  0
2-1;1,1;1,1 1 11
6 
#1 
6	% 
  0  1 -1 0 0  0
  0  0  0 0 0  1
 -1  0  0 0 0 -1
  0 -1  0 0 1  0
  0  0  1 0 0  0
  0  0  0 1 0  0
1,1,1;1,1,1 1 1
1 
#1 
6	% 
  0  0 1  0  1  0
  0 -1 0  0  0  0
  0  0 0  0 -1  0
  0  0 0 -1  0 -1
 -1  0 0  0  0 -1
  1  0 0  1  0  1
1,1,1;1,1,1 1 4
4 
#1 
6	% 
  1  0  0  0 -1  0
  1  0  0 -1 -1  1
 -1  0 -1  1  2 -1
  1  0  1  1 -1  0
 -2 -1 -1 -1  1  0
  1  1  1  1 -1  0
1,1;1,1;1,1 1 12
6 
#3 
6	% 
  0 0  0 0 1  0
  0 0  0 0 0 -1
  0 0 -1 0 0  0
 -1 0  0 0 0 -1
  0 1  0 0 0  0
  0 0  0 1 0 -1
6	% 
  0  1  0  0  0  0
  1  0 -1  0  1  0
 -1 -1  1 -1  0 -1
  0  0  0 -1  1  0
  1  1  0  1 -1  1
  0 -1  0  0  1 -1
6	% 
  0  0 -1 0 1  0
  0  0  0 0 0 -1
  0 -1  1 0 0  0
 -1  0  0 0 0 -1
  0  0 -1 0 0  0
  0  0  0 1 0 -1
1,1,1;1,1;1 1 11
36 
#3 
6	% 
  1  2  2 -1 -2  1
  1  1  1 -1 -1  1
 -2 -4 -3  2  3 -2
  0  1  1 -1 -1  0
  0  1  0 -1 -1  0
  1  1  1  0 -1  0
6	% 
  1  0  2  1  0 -1
  2  1  3  2 -1 -2
 -4 -2 -7 -4  2  4
  0  0  1  1  0 -1
  1  0  2  1 -1 -1
  1  0  1  1  0  0
6	% 
  1  2  0 -1  0  1
 -1  1 -1  1  1 -1
  1 -3  2 -1 -2  1
  0  1  0 -1  0  1
 -1  1 -1  0  0  0
  1  1  0  0  0  1
2-1',2-1';2-1 1 3
6 
#1 
6	% 
 -1  0 -1 -1  1 1
 -1 -1  1  0 -1 0
  1  1 -1  0  0 0
 -1  0 -1 -1  1 0
  0  0 -1  0  1 1
  1  0  0  0  1 0
1,1;1,1;1;1 1 37
18 
#4 
6	% 
  1  0  0 0  0 1
  0  0  0 0 -1 0
 -1  0  0 0  0 0
  0 -1  0 0  0 0
  1  0  0 1  0 0
  0  0 -1 0  0 0
6	% 
  0  0  0  0  0 -1
  0  0  0  0 -1  0
 -1  0  0  0  0  0
  0 -1  0  0  0  0
  0  0  0 -1  0  0
  0  0 -1  0  0  0
6	% 
  0 0 0 1 0  0
  0 0 0 0 1  0
  0 0 0 0 0 -1
  0 0 1 0 0  0
 -1 0 0 0 0  0
  0 1 0 0 0  0
6	% 
 0 1 -1 0  0 0
 1 0  0 0  0 1
 0 0  1 0 -1 0
 1 0  0 1  0 0
 0 0 -1 0  0 0
 1 0  0 0  0 0
1,1,1;1;1;1 1 16
18 
#2 
6	% 
 0  1  0 0  0 0
 0  4 -1 0  0 0
 0 -3  0 0 -1 0
 1  2  0 0  0 1
 1  2  0 0  0 0
 1  0  0 1  0 0
6	% 
  1  1 0  1 -1 -1
  2  1 1  2 -2 -2
 -2 -2 0 -2  1  2
  1  1 1  2 -1 -2
  2  1 1  2 -1 -1
  0  0 0  1  0  0
1,1;1,1;1;1 1 39
6 
#1 
6	% 
 0  1 0 0  0  0
 0  0 0 1  0 -1
 0  0 0 0  0  1
 0 -1 1 0  0  0
 1  0 0 1  0  0
 0  0 0 0 -1  0
1,1;1,1;1,1 1 4
9 
#2 
6	% 
  0 -2 1  0 -1  0
  2  0 0 -1  0  1
 -1  0 0  0  0 -1
  0  1 0  0  1  0
  0 -2 1  0  0  0
  0  0 0 -1  0  0
6	% 
  0 -1  0  0  1  0
  2  0  0 -1  0  1
 -1 -1  1  0 -1 -1
  0  1 -1  0  0  0
  0  0  0  0  1  0
  0 -1  1 -1 -1  0
1,1;1,1;1;1 1 8
9 
#2 
6	% 
  0 -2 -1  0 1  0
  2  0  0 -1 0  1
 -1  0  0  0 0 -1
  0  0  1  0 0  0
  0 -1  0  0 1  0
  0  0  0 -1 0  0
6	% 
 2 0 0 -1  0 1
 0 0 0  0 -1 0
 0 0 1  0  0 0
 0 0 0  1  0 0
 1 0 0  0  0 1
 0 1 0  0 -1 0
1,1,1,1;1;1 1 5
9 
#2 
6	% 
 -1 -1  0 0  0 0
 -1 -2  0 0  0 0
 -2 -1  0 0  1 0
  3  2  1 1 -1 0
 -2 -2 -1 0  1 1
  2  0  1 0  0 0
6	% 
 -1 0 0  0  0  0
 -2 0 0  0 -1  0
 -3 0 0  0  0 -1
  3 1 0  0 -1  0
 -3 0 1  0  0  0
  2 0 0 -1  0  0
1,1,1,1;1;1 1 6
6 
#1 
6	% 
  0 1 0  0 0 0
  0 0 1  0 0 0
  0 0 0  0 1 0
  0 0 0 -1 0 1
  0 0 0  1 0 0
 -1 0 0 -1 0 0
1,1,1;1,1;1 1 4
6 
#1 
6	% 
  0  0 -1  0 -1  0
  0 -1  0  0 -1  0
  0  1  1  0  1  0
 -2  0  0  0  0 -1
 -1  0  0  0  0  0
 -1  0  0 -1  0 -1
1,1,1;1,1;1 1 7
18 
#2 
6	% 
 -1  0  0 1  0 -1
  0 -1  1 0  1  0
  1  2 -2 0 -2  0
  0  0  0 0  1  0
  0 -1  0 0  0  0
  0  0  0 1  0  0
6	% 
 -1 -2  2 -1 -2 1
 -2 -1  1  0 -1 0
  3  2 -2  0  2 0
 -1  0  0  0 -1 0
  0  0 -1  0  0 0
 -1 -1  1 -1 -1 0
2-1,2-1,2-1 1 1
4 
#1 
6	% 
  0  1 -1  0  0  0
  0  0  0  0  0 -1
  0  0 -1  0 -1  0
 -1  0  0 -2  0  0
  0 -1  1  0  1  0
  1  0  0  1  0  1
2-1,2-1,2-1 3 1
12 
#1 
6	% 
 -1  0 -1  0  0  0
  0  0  1  1 -1  0
  0 -1  0  1  0  0
  0  0  1  1  0 -1
  1  0  1  1  0 -1
  0  1 -1 -1  1  0
1,1;1,1;1;1 1 26
18 
#2 
6	% 
  0 -1  1  0  0  0
 -2 -1 -2 -2  1  2
 -2 -2 -1 -2  2  2
  1  1  1  2 -1 -2
 -2 -1 -1 -2  1  1
  0  0  0  1  0  0
6	% 
  0 -1  1  0 -2  0
 -2 -1 -2  2  2 -2
 -2 -2 -1  2  1 -2
  1  1  1 -2 -1  2
 -2 -1 -1  1  1 -2
  0  0  0  0  0  1
2-1,2-1;1;1 1 7
6 
#1 
6	% 
 0  1  0  0 0  0
 0  0  0  1 0 -1
 1  0  0  0 0  1
 0 -1  0  0 1  0
 0  0 -1  0 0  0
 0  0  0 -1 0  0
2-1,2-1;2-1 1 3
6 
#1 
6	% 
 0 1 0  0  0  0
 0 0 0  1  0 -1
 1 0 0  0  0  1
 0 0 1  0  0  0
 0 1 0  0 -1  0
 0 0 0 -1  0  0
2-1;2-1;1;1 1 31
3 
#1 
6	% 
 0 0  0  0  0 1
 1 0  0  0  0 0
 0 0  0  0 -1 0
 0 0  1  0 -1 0
 0 1 -1  0  0 0
 0 0  0 -1  0 0
2-1,2-1;1;1 3 6
6 
#1 
6	% 
  0  0 1  0  0  0
 -1  0 0 -1  0  0
  0  0 0 -1  0  0
  0  0 0  0 -1  0
 -1  0 0 -1  0 -1
  0 -1 1  0  1  0
2-1,2-1;2-1 3 3
6 
#1 
6	% 
  0  0 1 0 -1 0
  1  0 0 1  0 0
  0  0 0 0 -1 0
  0 -1 1 0  0 0
  1  0 0 0  0 1
 -1  0 0 0  0 0
1,1,1;1;1;1 1 14
2 
#1 
6	% 
  0  0  0 -1 0 -1
 -1  0  0  0 0 -1
  1  0  0  1 0  1
  0  1 -1  0 0  0
  0 -1  0  0 1  0
  0  1  0  0 0  0
2-1;1;1;1;1 1 46
3 
#1 
6	% 
 0  0 1  0 -1  0
 0  0 0 -1  0  1
 0  0 0  0  0 -1
 0 -1 1  0  0  0
 0  0 0  0  1  0
 1  0 0  1  0  0
1,1;1;1;1;1 1 50
9 
#2 
6	% 
  0 0 -1  0 1  0
  1 0  0  0 0  0
 -1 0  1 -1 0 -1
  0 0  0  0 0 -1
  0 0  0 -1 0  0
  1 1 -1  1 0  1
6	% 
 0  0  0 0  0 1
 0 -1  0 0  1 0
 1  1 -1 0  1 0
 0  0  0 0  1 0
 0  0 -1 0  1 0
 0 -1  1 1 -1 0
1;1;1;1;1;1 1 33
1 
#1 
6	% 
 -1  0 0  0 0 -1
  0 -1 1  0 0  0
  1  0 0  0 0  0
  0 -1 0  0 1  0
  0 -1 0  0 0  0
 -1  0 0 -1 0  0
1;1;1;1;1;1 1 49
1 
#1 
6	% 
 0  0 -1  0  0 0
 0  0  0  0  0 1
 0  0  1  0 -1 0
 0  0  0 -1  0 0
 1  0  0  0  0 0
 0 -1  1  0  0 0
1,1;1;1;1;1 1 38
6 
#1 
6	% 
  0 -2 1 0 -1  0
  0  0 0 0  1  0
  0 -1 1 0  0  0
 -1  0 0 0  0 -1
  1  0 0 0  0  0
  1  0 0 1  0  0
