#83

2-2;2-1;1;1 1 2
1 
#1 
6	% 
 1 0 0 0 0 0
 0 1 0 0 0 0
 0 0 1 0 0 0
 0 0 0 1 0 0
 0 0 0 0 1 0
 0 0 0 0 0 1
1,1,1,1,1,1 1 1
1 
#1 
6	% 
 1 0 0 0 0 0
 0 1 0 0 0 0
 0 0 1 0 0 0
 0 0 0 1 0 0
 0 0 0 0 1 0
 0 0 0 0 0 1
2-1;1,1,1,1 1 2
1 
#1 
6	% 
 0  0 -1  1  0  0
 0  0  0  1  0  0
 1  1  1  2  0 -1
 0  0  0  2 -1 -1
 0  1  0  0  1  1
 0 -1  0 -2 -1  0
1,1,1,1,1;1 1 2
11 
#5 
6	% 
  0 0 -1  0  1  0
  0 0  0 -1  1  0
  1 0 -1 -1  0  0
  1 1  0  0  2 -1
 -1 0  1  1 -1  1
  1 1 -1 -1  2  0
6	% 
  0  0  0  1  1 1
  0 -1  0  0  0 0
  0  0  0 -1  1 0
 -1 -1  0  0  1 0
  0  1 -1  1 -1 0
  0 -1 -1  0  1 0
6	% 
  0  0 -1  0  0 0
 -1  0  0  0  0 0
 -1  0 -1  0  1 0
 -1  0 -1  1  0 0
  1 -1  1 -1 -1 0
 -1  0 -1  1  1 1
6	% 
  1  0  0  0  0  0
  1  0  0  1  0  0
  1 -1  0  1  0  0
  0  0 -1  0  0 -1
 -1  0  1 -1 -1  0
  1 -1 -1  1 -1 -1
6	% 
  1 0  0  0  0 -1
  1 0  0  0  0  0
  1 0  0  0 -1 -1
  2 1  2 -1  1  1
 -2 0 -1  0  0  0
  2 0  1 -1  0  0
1,1,1,1,1;1 1 1
1 
#1 
6	% 
 0  0  0  0 -1  0
 0 -1 -1  0 -1 -1
 0 -1  0 -1 -1 -1
 0  0 -1 -1  0 -1
 0  1  1  1  1  1
 1  0  0  0  0  0
1,1,1,1;1,1 1 1
1 
#1 
6	% 
  0 -1 0  0 -1 -1
 -1  0 0  0 -1 -1
 -1 -1 0  0  0 -1
  1  1 0  0  1  1
  0  0 0 -1  0  0
  0  0 1  1  0  0
1,1,1,1;1,1 1 2
16 
#8 
6	% 
 1  0  0  0 0  0
 0 -1 -1 -1 0  1
 0  0  1  0 0  0
 0  1  0  0 1  1
 0  0  0  0 0 -1
 0 -1  0  0 0  0
6	% 
  0  0  1  0 1 0
 -1  0  0  0 0 0
 -1  0  1 -1 0 0
  0 -1  0  0 0 1
  1  1 -1  0 0 0
 -1  1  1  0 1 0
6	% 
 0  0  0 -1  1 0
 0 -1 -1 -1 -1 1
 0  0  0  0  1 0
 1  0  0  0  0 0
 0  1  0  1  1 0
 0  0  0 -1  0 1
6	% 
 0 -1 0  1  0  0
 0  0 0  1  0  1
 0 -1 0  0 -1 -1
 1  0 0  0  0  0
 0  1 1 -1  0  0
 0 -1 1  0  0  0
6	% 
 0  0 1  0  0  0
 0  0 0  0  1  0
 0 -1 0 -1 -1 -1
 1  0 0  0  0  0
 0  1 0  0  0  0
 0  0 0  0  0 -1
6	% 
  1  1  1  1  0  1
  1  1  0  1  0  1
  1  1  1  0  0  1
  0  0  0  0 -1 -1
 -1 -1 -1 -1  1 -1
  1  2  1  1  1  2
6	% 
 0  0  0  1 0 0
 0 -1  0  1 0 0
 0  0 -1  1 0 0
 1  0  0  0 0 0
 0  1  1 -1 1 1
 0  0 -1  1 1 0
6	% 
  0  1  0  0 0  0
  0  1  0  0 0 -1
  0  2  2 -1 1  1
  1  0  0  0 0  0
 -1 -2 -1  0 0  0
 -1  2  1 -1 0  0
2-1;1,1,1;1 1 6
6 
#2 
6	% 
 -1 0 0  1 0 0
  1 1 0  1 0 0
  1 0 1 -1 0 0
  0 0 0  0 1 0
 -1 0 0 -1 0 1
 -1 0 1  0 0 0
6	% 
 -1 -1 -2  1  0  1
  0  0  0  0  0  1
  1  0  1 -1  0  0
  0 -1  0  0 -1 -1
  0  1  0  0  0  0
 -1  0 -1  0  0  0
2-1;1,1,1;1 1 3
1 
#1 
6	% 
  0 0 -1 -1 0 0
 -1 0  0 -1 0 0
  1 0  1  1 0 0
  0 1  0  0 0 0
  0 0  0  0 1 0
  0 0  0  0 0 1
2-1;1,1,1;1 1 2
1 
#1 
6	% 
 0  1 1 1  0 -1
 0  1 1 0  0 -1
 1  0 0 0  0  0
 0  0 0 0 -1 -1
 0  1 0 0  1  1
 0 -1 0 0 -1  0
2-1;1,1;1,1 1 2
1 
#1 
6	% 
 1  1 0  0  0 -1
 0  0 0 -1  0  0
 0  0 1  1  0  0
 0  0 0  0 -1 -1
 0  1 0  0  1  1
 0 -1 0  0 -1  0
1,1,1,1;1,1 1 3
30 
#6 
6	% 
  1 1 0  1  1 -1
  1 0 0  0 -1  0
  0 0 0 -1  0  1
 -1 0 1  0  1  0
  1 0 1 -1 -1  0
  0 1 0  1  1  0
6	% 
  1 0 0  0  0  0
 -1 0 0  1  1  0
  0 0 1 -1  0  0
  0 0 0 -1 -1 -1
  0 1 0  1  1  0
  0 0 1  0  0  0
6	% 
  1  1  0 -1  0  0
  1  1  0  1  0  1
  0 -2 -1  1 -2 -1
 -1  0  1 -1  1  0
  1  1  1  0  1  1
  0  0 -1  0 -2 -1
6	% 
  0  0  0  0 -1  0
  1 -1  2 -1  1  1
  1  0  0  0  0 -1
  0  1 -1  0  0  0
  0  0  1 -1  1  1
 -1 -1  0  0 -1  0
6	% 
 -1  0  0  0 1  0
 -1  1  0  0 0  1
  1  0  1 -1 0  1
  1  0  0  1 0 -1
 -1  1  0  1 0  0
 -1 -1 -1  0 0  0
6	% 
 1  0  0  0  0 -1
 1 -1  0  0  0 -1
 0  0  0  2 -1  0
 0  1  1 -2  1  2
 0  0 -1 -1  1 -1
 0 -1  0  2 -1 -1
1,1,1;1,1,1 1 2
5 
#3 
6	% 
  1 0 0 0 -1  0
  1 1 0 0  1 -1
  0 0 0 1  0  0
  0 0 1 0  0  0
 -1 0 0 0  0  1
  1 1 0 0  1  0
6	% 
  1 1 0 0  1  1
  0 0 0 0 -1  0
  0 0 0 1  0  0
  0 0 1 0  0  0
 -1 0 0 0  0 -1
  1 1 0 0  0  0
6	% 
  1 -1  0  0  0  0
  1  1  0  0  0  1
  0  0  0 -1  0  0
  0 -1 -1 -1 -2 -1
 -1  0  1  1  1  0
  1  1  1  1  1  1
1,1,1;1,1,1 1 1
1 
#1 
6	% 
  0  0 -1 -1  0  0
 -1  0  0 -1  0  0
  1  0  1  1  0  0
  0  0  0  0 -1 -1
  0 -1  0  0  0 -1
  0  1  0  0  1  1
1,1,1;1,1,1 1 3
30 
#6 
6	% 
  0  1  0  0 -1  1
 -1  0  0  1  0  0
  0  0  0 -1 -1  1
  0 -1 -1  0  0 -1
  0 -1  0 -1  1  0
  0  1  1 -1  0  1
6	% 
  0 -3 -2  1 -2 -1
 -1  0  0  0  0  0
  1 -1  0 -1 -1  0
 -1  2  1  0  1  0
  1  1  0 -1  0  0
 -1 -2 -1  1 -1  0
6	% 
 -1 -1 -2 1 -1 -1
  0  1  0 1  2 -1
  0 -1  0 0 -2  0
  1  1  1 0  1  0
  0  0  0 0 -1  1
 -1  0 -1 1  0 -1
6	% 
  1  1  2 -1  0 -1
  0  1  0  1  1  1
  1 -1  1 -1 -1 -1
 -1  0 -1  1  0  1
 -1 -1 -1  0 -1 -1
  1  1  1  0  0  0
6	% 
  1 0 0 -1 0  0
  0 0 0  0 1  1
  1 1 0  0 0  0
 -1 1 1  0 1  0
 -1 0 0  0 0 -1
  1 1 1 -1 1  0
6	% 
 -1  0 -2  1  0  0
  0  0  0 -2  0 -1
 -1 -1 -1  2 -1  0
  1  0  1 -1  0  0
  1  0  1  1  1  1
 -1  0 -1  0  0  0
2-1;1,1;1,1 1 5
6 
#2 
6	% 
 -1  0  0 -1 0  0
  0  1  2 -1 0 -2
  1  1  1  0 0 -1
  0  1  0  0 1  1
  0 -2 -2  1 0  1
  1 -1 -1  1 0  1
6	% 
 -1 0 -2  1 0 0
  0 1  0  1 0 0
  1 0  1 -1 0 0
  0 0  0  0 1 0
  0 0  0 -1 0 1
  1 0  1  0 0 0
2-2;1,1,1,1 1 1
1 
#1 
6	% 
  0  0 0 1  0  0
  0  0 1 0  0  0
  0 -1 0 0 -1 -1
 -1  0 0 0 -1 -1
 -1 -1 0 0  0 -1
  1  1 0 0  1  1
2-2;2-1;1,1 1 2
1 
#1 
6	% 
 1  1  0 0  0 -1
 0  0  0 0 -1 -1
 0  0 -1 1  0  0
 0  0 -1 0  0  0
 0  1  0 0  1  1
 0 -1  0 0 -1  0
1,1,1,1;1;1 1 2
11 
#5 
6	% 
 0  0 0 0  1  0
 0  0 1 0 -1  0
 0  0 0 1  0  0
 1  0 0 0  0  0
 0  0 0 0  0 -1
 0 -1 0 0 -1  0
6	% 
 0 -1  0  1 0  0
 0  0  0  1 1  1
 0 -1  0 -1 0 -1
 1  0  0  0 0  0
 0  1 -1  0 0  0
 0 -1 -1  1 0  0
6	% 
 0  0 1 0 0 0
 0  0 0 1 0 0
 0  0 0 0 1 0
 1  0 0 0 0 0
 0  0 0 0 0 1
 0 -1 0 0 0 0
6	% 
 0  0  0  0  0 1
 0 -1 -1  2 -1 0
 0  0  0  0  1 0
 1  0  0  0  0 0
 0  0  0 -1  0 0
 0  0 -1  1  0 0
6	% 
 0 0  0  0 -1 -1
 0 1  1  1 -1 -2
 0 0  0  1  1  1
 1 0  0  0  0  0
 0 0 -1 -1  0  1
 0 1  1  1  0  0
1,1,1;1,1;1 1 7
90 
#18 
6	% 
 0 1  2 0 1 -1
 0 0 -1 0 0  0
 0 0  1 0 1  0
 0 0 -1 1 0  0
 1 0  0 0 0  0
 0 1  1 0 1  0
6	% 
 0 1  0  0 1 -1
 0 0 -2  1 0  0
 0 0  4 -2 1  0
 0 0 -1  0 0  0
 1 0  0  0 0  0
 0 1  0  0 1  0
6	% 
  2  0 0 -1 0  0
  2  1 0  2 0 -1
 -5 -2 0 -3 0  2
  1  0 0  1 0 -1
  0  0 0  0 1  0
  1  0 1 -1 0  0
6	% 
 0  0  0 1  0 0
 0 -2  0 0 -1 0
 0  3  0 0  2 1
 1 -1  0 0  0 0
 1  0  0 0  0 0
 0  0 -1 1  0 0
6	% 
 0  0  0  1 0  0
 0  1  0 -2 0 -1
 0 -1  0  3 0  2
 1  1  0 -1 1  0
 1  0  0  0 0  0
 0  0 -1  1 0  0
6	% 
 -2 0  0 1  0 0
 -2 0  0 0 -1 0
  5 0  0 0  2 0
 -1 1  0 0  0 0
  0 1  0 0  1 1
 -1 0 -1 1  0 0
6	% 
  0  0 0  1  0  0
  2  1 0  2  2  1
 -3 -2 0 -5 -4 -2
  1 -1 0  1  1  0
  0 -1 0  0  0  0
  0  0 1  0  0  0
6	% 
 0  0  0  1 0  0
 0 -1  0 -2 0 -1
 0  2  0  3 1  2
 1  0  0 -1 0 -1
 1  0  0  0 0  0
 0  0 -1  1 0  0
6	% 
 0 -1 -2 0 0 -1
 0  0 -1 0 0  0
 0  1  3 0 1  1
 0  0 -1 1 0  0
 1  0  0 0 0  0
 0 -1 -1 0 0  0
6	% 
 0 1  0  0 0 1
 0 0 -2  1 0 0
 0 0  4 -2 1 0
 0 0 -1  0 0 0
 1 0  0  0 0 0
 0 1  0  0 0 0
6	% 
 0  0 1 -2 0  0
 0 -1 0  0 0  1
 1  2 0  0 0 -2
 0 -1 0  0 0  0
 0  0 0  0 1  0
 0  0 1 -1 0  0
6	% 
 0  1  0 0 0  1
 0  2  1 0 0  2
 0 -2 -2 0 0 -3
 0  1  0 1 0  1
 1  0  0 0 0  0
 0  1  0 0 1  1
6	% 
 0  1  0  0  0 -1
 0  2  2 -1  0  0
 0 -5 -4  2  0  0
 0  1  1 -1  0  0
 1  0  0  0  0  0
 0  0  0  0 -1 -1
6	% 
 0  0 -1  2 -2 0
 0  0  0  0  1 0
 1  0  1 -2  0 0
 0 -1  0  0  0 0
 0 -1  0  0  0 1
 0  0 -1  1 -1 0
6	% 
 0  0 1 -2  0  0
 0 -1 0  0 -1  1
 0  2 0  0  3 -2
 1  0 0  0  0  1
 1  0 0  0  0  0
 0  0 1 -1  0  0
6	% 
 0 -2 -2 1 0  0
 0 -1  0 0 0  1
 0  1  0 0 0 -2
 1  0  0 0 1  1
 1  0  0 0 0  0
 0 -1 -1 1 0  0
6	% 
 -2  0 -2 1  0  0
  0  1  0 0  2  1
  1 -2  0 0 -4 -2
  0 -1  0 0  1  0
  0 -1  0 0  0  0
 -1  0 -1 1  0  0
6	% 
 0  0 2 -1 0  0
 0 -1 0  0 0 -1
 0  2 0  0 1  2
 1  0 0  0 0 -1
 1  0 0  0 0  0
 0  0 1 -1 0  0
1,1,1;1,1;1 1 5
6 
#3 
6	% 
 0 -1 0 0 0  1
 0  0 1 0 0  0
 0  2 0 1 0 -2
 1  0 0 0 1  1
 1  0 0 0 0  0
 0  1 0 0 1  1
6	% 
 0 0 0 0 -1 0
 0 0 1 0  0 0
 0 0 0 1  2 0
 1 1 0 0  0 0
 1 0 0 0  0 0
 0 1 0 0  1 1
6	% 
 0 -1 0  0 -1 -1
 0  0 1  1  0  0
 0  1 0 -1  1  1
 1  0 0  0  0 -1
 1  0 0  0  0  0
 0  1 0  0  0 -1
1,1,1;1,1;1 1 10
36 
#6 
6	% 
 0 0 -1  2 -2 0
 0 0 -1  2 -1 0
 1 0  3 -6  4 0
 0 0 -1  1 -1 0
 0 0 -1  1  0 1
 0 1  0  0  1 1
6	% 
 0  0  0  1  0  0
 0  0  0 -1 -1  0
 1  0  0 -1  1  0
 0  0 -1  1  0  0
 0  0  1 -1 -1 -1
 0 -1  0  0 -1 -1
6	% 
 0 -2 -1  2 0  2
 0 -1 -1  2 0  1
 1  4  3 -6 0 -4
 0 -1 -1  1 0  1
 0  0 -1  1 0  1
 0  1  0  0 1  1
6	% 
  0  0  0  1  0  0
  2  1  0  1  0 -1
 -3 -2  0 -4  0  2
  0  0 -1  1 -1  0
  1  0  1  0  1 -1
  0 -1  0  0 -1 -1
6	% 
 0 0 -1  2 -2  0
 0 0 -1  2 -1  0
 1 0  3 -6  4  0
 0 0 -1  1 -1  0
 0 0 -1  1 -1 -1
 0 1  0  0  0 -1
6	% 
 0  0  0  1  0 0
 0  0  0 -1 -1 0
 1  0  0 -1  1 0
 0  0 -1  1  0 0
 0  0  1 -1  0 1
 0 -1  0  0  0 1
1,1,1,1;1;1 1 4
3 
#2 
6	% 
  1  0  0  0 0  0
  1  0 -1 -1 0  0
 -3 -1  1  0 0  1
  2  1  0  0 0 -1
 -1  0  0  0 1  1
 -1  0  0  0 0  1
6	% 
 1  0 -1 0  0  0
 1  0  0 0  0  0
 0  0  3 1  2  0
 0  0 -2 0 -1  0
 0 -1  1 0  0  0
 0  0  1 0  0 -1
2-2;1,1,1;1 1 2
5 
#3 
6	% 
 -1 -1 0 0 -2  1
  0  0 0 0  1  0
  1  0 0 0  0 -1
  0  0 1 0  0  0
  0  0 0 1  0  0
 -1 -1 0 0 -1  0
6	% 
 -1 -1 0 0 -1 -1
  0  0 0 0  1  0
  1  0 0 0  0  1
  0  0 0 1  0  0
  0  0 1 0  0  0
 -1 -1 0 0  0  0
6	% 
 -1  1 0 0  0  0
 -1 -1 0 0  0 -1
  1  0 0 0 -1  0
  0  0 0 1  0  0
  0  0 1 0  0  0
 -1 -1 0 0 -1 -1
1,1,1;1,1;1 1 4
11 
#5 
6	% 
 0  0  1 0  0  0
 0  0  1 1  0  0
 1  0 -1 0  0  0
 0  0  0 0  1 -1
 0  0  0 0  1  0
 0 -1  0 0 -1 -1
6	% 
 0  1  0 0 0 1
 0  1  0 0 0 0
 0 -1  0 0 1 0
 1  0 -1 1 0 0
 1  0  0 1 0 0
 0  0 -2 1 0 0
6	% 
 0  0 -1 -1  0  0
 0  0 -1  0  0  0
 1  0  1  1  0  0
 0 -1  0  0 -1  0
 0 -1  0  0 -1 -1
 0 -1  0  0  0  1
6	% 
  0  0 -1 -1  0  0
 -1  0  0 -1  0  0
  1  0  1  1  0  0
  0 -2  0  0 -1 -1
  0 -2  0  0  0 -1
  0 -1  0  0 -2 -1
6	% 
  0  0 0 0  1  0
  0  0 0 0  1  1
  0 -1 0 0 -1 -1
  0  0 1 0  0  0
 -1  0 0 0  0  0
  0  0 0 1  0  0
1,1,1;1,1;1 1 2
5 
#3 
6	% 
  2  1 0 0  1 -1
  1  0 0 0 -1  0
 -2 -1 0 0  0  1
  0  0 1 0  0  0
  0  0 0 1  0  0
  1  1 0 0  1  0
6	% 
 -2 -1 0 0 0 -1
 -1  0 0 0 1  0
  3  1 0 0 0  1
  0  0 1 0 0  0
  0  0 0 1 0  0
 -1  0 0 0 0 -1
6	% 
  2  1 0 0 0 -1
  1  0 0 0 0  0
 -2 -1 0 0 1  2
  0  0 1 0 0  0
  0  0 0 1 0  0
  1  1 0 0 0  0
1,1,1,1;1;1 1 5
30 
#6 
6	% 
  0 0  0  0  1 0
 -1 0  0  0  2 0
  0 0  0  0  2 1
  0 0 -1  1 -3 0
  0 0  0 -1  3 0
  0 1  0  0 -1 0
6	% 
  1 0  0  0 -1 0
  2 0  0 -1 -1 0
  0 0  0 -1 -1 1
 -1 0 -1  1  1 0
  1 0 -1  0 -1 0
  0 1  0  1  2 0
6	% 
 -1  0 0  0 -1 -1
  0  0 0 -1 -1 -1
 -1  0 1 -1 -1 -1
  0 -1 0  1  1  1
  0  0 0 -1 -1 -2
  1  0 1  0  1  1
6	% 
  1  0  0  0  0  0
  0 -1  0 -1 -1 -1
 -1 -1  0  0 -1  0
  1  1 -1  1  1  1
 -1 -1 -1  0 -1 -1
  1  0  0  0  1  1
6	% 
  1 0  0  0  0  0
  1 0  0  0 -1  0
  1 0  0  0  0 -1
 -2 0 -1  1  0  0
  2 0  0 -1  0  0
 -1 1  0  0  0  0
6	% 
  1  0 0  0 0  0
  1  0 0  0 0 -1
  0 -1 0  1 0 -1
 -1  1 0  0 1  1
  1  0 0  0 1  0
  0  1 1 -1 0  1
1,1,1;1,1;1 1 9
30 
#6 
6	% 
 -2 -1  0  0 -1  1
 -1  0  0  0  1  0
  3  1  0  0  1 -1
 -1 -1  0 -1 -1  0
  0  1 -1  2  1  1
  0  0 -2  1  0  0
6	% 
  2  1  0 0 0 -1
  1  0  0 0 0  0
 -2 -1  0 0 1  2
  1  1  0 1 0  0
  0  0 -1 0 0  0
  0  0 -2 1 0  0
6	% 
 -2 -1  0  0 0 -1
 -1  0  0  0 1  0
  3  1  0  0 0  1
 -1  0  0  1 0 -1
  0 -1 -1 -2 0  1
  0  0 -2  1 0  0
6	% 
  2  1 0 0 1 -1
  1  0 0 0 0  0
 -3 -1 0 0 0  1
  1  1 0 0 1  0
  0  0 1 0 0  0
  0  0 0 1 0  0
6	% 
 -2 -1 0 0 0 -1
 -1  0 0 0 1  0
  3  1 0 0 0  1
 -1  0 0 0 0 -1
  0  0 1 0 0  0
  0  0 0 1 0  0
6	% 
 0 -1 0 0 0  1
 0  0 0 0 1  1
 1  1 0 0 0 -1
 0 -1 0 0 0  0
 0  1 1 0 0  1
 0  0 0 1 0  0
1,1,1,1;1;1 1 3
3 
#1 
6	% 
  0 -1  0  0 -1 -1
 -1  0  0  0 -1 -1
 -1 -1  0  0  0 -1
  1  1  0  0  1  1
  0  0 -1  0  0  0
  0  0  1 -1  0  0
1,1,1;1,1;1 1 6
6 
#3 
6	% 
 0  1 0  2 0  1
 0  0 0  1 0  0
 0 -1 1 -3 0 -1
 1  1 0  1 1  1
 1  0 0  0 0  0
 0  1 0  1 0  0
6	% 
  0 -1 0  0 0 -1
  0  0 0  1 0  0
  0  1 1 -1 0  1
 -1 -1 0  0 0  0
 -1 -1 0  0 0  1
  0  0 0  0 1  0
6	% 
  0 -1 0  0 0  1
  0  0 0  1 0  0
  0  1 1 -1 0 -1
 -1 -1 0  0 0  0
 -1 -1 0  0 0 -1
  0  0 0  0 1  1
1,1,1;1,1;1 1 11
36 
#6 
6	% 
  2  1  0  0   2  1
  4  2 -1  2   4  2
 -9 -5  2 -4 -10 -5
  1  1  1  0   1  1
  2  1 -1  1   2  1
  1  1  0  0   1  0
6	% 
 0 -1  0 -2 -2 -1
 0 -1  0 -3 -2 -1
 1  3  0  7  6  3
 0  0  0 -1 -1  0
 0  0 -1 -1 -1  0
 0  0  0 -1 -1 -1
6	% 
 0 -1  0  0 0  1
 0 -2  1 -2 0  2
 1  4 -1  2 0 -4
 0 -2 -1  0 0 -1
 0  0  1 -1 0  2
 0  0  0  0 1  1
6	% 
 0 -1  0  0 0 -1
 0  1 -1  2 0  1
 1 -1  2 -4 0 -1
 0 -1 -1  0 0  0
 0  1  0  1 0  0
 0  0  0  0 1  0
6	% 
 0  1 0  2 0 -1
 0  0 0  1 0  0
 1 -1 0 -4 0  1
 0  0 0  1 0 -1
 0  1 1  0 0  1
 0  1 0  1 1  0
6	% 
  2  1 0 0 0  1
  2  2 0 1 0  2
 -5 -3 0 0 0 -3
  1  0 0 0 0  1
  1  2 1 0 0  0
  1  1 0 0 1  1
1,1,1,1;1;1 1 6
3 
#2 
6	% 
  1 0  0  0  0 0
  0 0  1  0  0 0
  0 0  0  1  0 0
 -1 0 -1 -1 -1 0
  1 0  1  1  1 1
  0 1  0  0  0 0
6	% 
 0 -1 0 -1  0 1
 1  0 0  0  0 0
 0  0 1  0  0 0
 0  1 0  0  0 0
 0  0 0  0  1 1
 0  0 0  0 -1 0
1,1,1;1,1;1 1 8
30 
#6 
6	% 
 0 -1  0 -2 0 -1
 0 -1  0 -1 0 -1
 0  3  0  4 1  3
 0  0  0 -1 0 -1
 0 -1 -1  0 0  0
 1  0  0  0 0  0
6	% 
 0 -1 -2  1 -2 -1
 0 -2 -2  1 -2 -2
 0  5  6 -3  5  5
 0  0 -1  0 -1 -1
 0 -1 -1  1 -1 -1
 1  0  0  0  0  0
6	% 
 0  0 -2  1 -2  0
 0 -1 -2  1 -3  1
 0  1  6 -3  6 -1
 0  0 -1  0 -1  0
 0  0 -1  1 -1  1
 1  0  0  0  0  0
6	% 
 0 -1  0 -2 -1  1
 0  0  0 -1  0  0
 0  1  0  3  2 -1
 0  0  0 -1  0  1
 0 -1 -1  0 -1 -1
 1  0  0  0  0  0
6	% 
 0  1  2 -1  2  1
 0 -1  0  0  0  1
 0  0 -2  1 -3 -3
 0  1  1  0  1  1
 0 -1  0 -1  0  0
 1  0  0  0  0  0
6	% 
 0  0 0 -1 0  0
 0  1 0  0 0 -1
 0 -1 0  2 1  2
 0  1 1 -1 0  1
 0  0 0  0 0 -1
 1  0 0  0 0  0
2-2;1,1,1;1 1 1
1 
#1 
6	% 
 0  0  0 1  0  0
 0  0 -1 1  0  0
 0  0  0 0 -1 -1
 0 -1  0 0  0 -1
 0  1  0 0  1  1
 1  0  0 0  0  0
1,1,1;1,1;1 1 3
5 
#3 
6	% 
 0 -1  0 0  0  1
 0  0  1 1  0  0
 0  1 -1 0  0 -1
 0 -1  0 0 -1  0
 0 -1  0 0 -1 -1
 1  0  0 0  0  0
6	% 
 0 -1  0 0 -1 -1
 0  0  1 1  0  0
 0  1 -1 0  1  1
 0 -1  0 0 -2  0
 0 -1  0 0 -2  1
 1  0  0 0  0  0
6	% 
 0  1  0  2  0  1
 0  0 -1  1  0  0
 0 -1  1 -2  0 -1
 0  1  0  1 -1 -1
 0  0  0  0 -1 -1
 1  0  0  0  0  0
1,1,1;1,1;1 1 1
1 
#1 
6	% 
 0 0 0  0 -1 -1
 0 0 0  0 -1  0
 0 1 0  0  1  1
 0 0 0 -1  0  0
 0 0 1  1  0  0
 1 0 0  0  0  0
1,1;1,1;1;1 1 19
15 
#3 
6	% 
 -1  0 0 0 -1 0
  0 -1 0 0  0 1
  1  1 0 0  1 0
  0  0 0 1  0 0
 -1  1 0 0  0 0
  0  0 1 0  0 0
6	% 
 -1 -1 0 0 -2 -1
  0  1 0 0  0  0
  1  1 0 0  1  1
  0  0 0 1  0  0
 -1  0 0 0 -1  0
  0  0 1 0  0  0
6	% 
 -1 -1 0 0 0 1
  0  0 0 0 1 0
  1  1 0 0 0 0
  0  0 0 1 0 0
 -1  0 0 0 0 1
  0  0 1 0 0 0
1,1;1,1;1,1 1 2
5 
#3 
6	% 
 -1  0 0  0 -1 0
  0  0 0 -1  0 0
  0  0 1  1  0 0
  0 -1 0  0  0 1
  1  1 0  0  1 0
 -1  1 0  0  0 0
6	% 
 -1 -1 0  0 0 1
  0  0 0 -1 0 0
  0  0 1  1 0 0
  0  0 0  0 1 0
  1  1 0  0 0 0
 -1  0 0  0 0 1
6	% 
 -1 -1 0  0 -2 -1
  0  0 0 -1  0  0
  0  0 1  1  0  0
  0  1 0  0  0  0
  1  1 0  0  1  1
 -1  0 0  0 -1  0
1,1,1;1;1;1 1 5
3 
#1 
6	% 
 0  0 0 0  1  0
 0 -1 0 0  0 -1
 0  1 0 0 -1  0
 1  0 0 0  0  0
 0  0 0 1  0  0
 0  0 1 0  0  0
1,1,1;1;1;1 1 10
15 
#3 
6	% 
 -1  0 0  0  1  0
 -1 -1 0  0 -1  1
  1  0 0  0  0 -1
  0  0 0 -1  0  0
  0  0 1  0  0  0
 -1 -1 0  0 -1  0
6	% 
  0  0 0  0 1  1
 -1 -1 0  0 0  1
  1  0 0  0 0 -1
  0  0 0 -1 0  0
  0  0 1  0 0  0
 -1 -1 0  0 0  0
6	% 
 -1 -1 0  0 -1 -1
  0  0 0  0  1  0
  1  0 0  0  0  1
  0  0 0 -1  0  0
  0  0 1  0  0  0
 -1 -1 0  0  0  0
1,1;1,1;1,1 1 4
30 
#6 
6	% 
 1 0 1 -2  0  0
 0 1 0  0  1  1
 0 0 1  0 -1 -1
 0 0 0  1  0  0
 0 0 1 -1  0  0
 0 1 1  0  1  0
6	% 
 0  1  0 0 1 1
 1  0  0 1 0 0
 0  0 -1 0 0 0
 0 -1  0 0 0 0
 0  0  0 0 0 1
 0  0 -1 1 0 0
6	% 
 0  1  0 0  2 -1
 1  0  0 1  0  0
 0  0 -1 0  0  0
 0 -1  0 0 -1  0
 0  0  0 0  0 -1
 0  0 -1 1  0  0
6	% 
 1  0  1 -2 0 0
 0  1  0  0 1 1
 0 -1  1  0 0 0
 0  0 -1  1 0 0
 0  0  0 -1 0 0
 0  1  1  0 1 0
6	% 
 -1 0 -2  1 0 0
  0 1  0  0 1 0
  0 0  0  1 0 1
  1 0  1 -1 0 0
 -1 0 -1  0 0 0
  0 1  0  1 0 0
6	% 
 1  0 0  1 0 0
 0  2 0  0 0 1
 0 -1 0  0 1 0
 0  0 1 -1 0 0
 0  0 1  0 0 0
 0  2 0  0 1 1
1,1,1;1;1;1 1 3
3 
#2 
6	% 
 0  2 1  2  0 -2
 0 -2 0 -3  0  2
 1  0 0  0  0  0
 0 -1 0 -1 -1  0
 0  1 0  2  0 -1
 0 -1 0 -1  0  0
6	% 
 0  0 1  2  2  0
 0  0 0 -3 -2  0
 1  0 0  0  0  0
 0 -1 0 -1 -1  0
 0  0 0  2  1  0
 0  0 0 -1 -1 -1
1,1;1,1;1;1 1 20
18 
#4 
6	% 
  1  0  0  0 0  0
 -1 -2 -4  1 0  2
  0  1  2  0 0 -1
  0  0 -1  0 1  1
  1 -2 -3 -1 0  2
  0  0 -1  0 0  1
6	% 
  1  0  0 0 0  0
 -1 -2 -1 0 0  2
  0  1  0 0 0 -1
  0  0  0 0 1  1
  1 -2 -1 1 0  2
  0  0  0 0 0  1
6	% 
  1 0  0  0  0 0
 -1 0  2  1  1 0
  0 0 -2  0 -1 0
  0 1  1  0  1 0
  1 0  3 -1  1 0
  0 0  1  0  1 1
6	% 
  1 0  0 0  0  0
 -1 0 -1 0 -3  0
  0 0  0 0  1  0
  0 1  0 0  0  0
  1 0 -1 1 -3  0
  0 0  0 0 -1 -1
1,1,1;1;1;1 1 11
3 
#2 
6	% 
 0  0  0 1  0  0
 0 -1 -1 0  0  1
 1  0  0 0  0  0
 0 -1  0 0 -1 -1
 0 -1 -1 1  0  0
 0 -1 -1 1 -1  0
6	% 
 0 0 1 0 0 0
 0 0 0 1 0 0
 1 0 0 0 0 0
 0 0 0 0 0 1
 0 1 1 1 1 1
 0 0 1 1 1 1
1,1;1,1;1;1 1 26
18 
#4 
6	% 
  1  0  0  0  0  0
 -1  0  0  1  0  0
  1  0  1 -1  0  0
  0 -1 -1  0  0  0
  0  0  1  0 -1 -1
  0  0  0  0  1  0
6	% 
  1  0  0 0  0  0
 -1  0 -1 0  0  0
  1  0 -1 1  0  0
  0 -1  0 0 -1  0
  0  0  0 0  0 -1
  0  0  0 0 -1  0
6	% 
  1  0  0  0  0 0
 -1  1  3 -2  2 1
  1  1  3 -1  2 1
  0 -1 -2  1 -1 0
  0  1  2 -1  1 1
  0 -1  0  0  0 0
6	% 
  1  0  0  0  0  0
 -1  0  0  1  0  0
  1  0  1 -1  0  0
  0 -1 -1  0 -1 -1
  0  0  1  0  0  1
  0  0  0  0 -1 -1
2-2;1,1;1,1 1 2
5 
#3 
6	% 
 -1 -1 0 0 0 1
  0  0 0 0 1 0
  1  1 0 0 0 0
  0  0 0 1 0 0
  0  0 1 0 0 0
 -1  0 0 0 0 1
6	% 
 -1  0 0 0 -1 0
  0 -1 0 0  0 1
  1  1 0 0  1 0
  0  0 1 0  0 0
  0  0 0 1  0 0
 -1  1 0 0  0 0
6	% 
 -1 -1 0 0  0 -1
  0  0 0 0 -1 -1
  1  1 0 0  1  1
  0  0 0 1  0  0
  0  0 1 0  0  0
 -1  0 0 0  1  0
1,1,1;1;1;1 1 6
1 
#1 
6	% 
 1 0  0  1  0 0
 0 0 -1  0  0 0
 0 0  0 -1  0 0
 0 0  0  0 -1 0
 0 0  0  0  1 1
 0 1  0  0  1 0
1,1,1;1;1;1 1 14
1 
#1 
6	% 
  0 0 -1 -1  0  0
 -1 0  0 -1  0  0
  1 0  1  1  0  0
  0 0  0  0  0  1
  0 0  0  0 -1 -1
  0 1  0  0  1  1
1,1;1,1;1;1 1 5
3 
#2 
6	% 
 1  2  0 0  0 -2
 0  0  1 1  0  0
 0  0 -1 0  0  0
 0 -1  0 0  0  1
 0  0  0 0 -1 -1
 0  0  0 0  0 -1
6	% 
 1  0  0 0  2  0
 0  0  1 1  0  0
 0  0 -1 0  0  0
 0  0  0 0 -1  0
 0 -1  0 0  0  0
 0  0  0 0  0 -1
1,1,1;1;1;1 1 8
18 
#4 
6	% 
  1  0  0  0 0  0
 -1  1  0 -1 0 -1
  1  0  0  0 1  1
  0  1  0  0 1  1
  1 -1 -1  1 0  1
 -1  1  0  0 1  0
6	% 
 1  1 0  1 0 -1
 0 -1 1 -3 0  1
 0  1 0  1 1  0
 0  0 0  0 1  0
 0  1 1  2 0 -1
 0  0 0 -1 1  1
6	% 
 -1 0 0  1  0  0
  1 0 1  0  1  0
 -1 1 0  0  0  0
  0 1 0  0  0 -1
 -1 0 1 -1 -1  0
  1 1 0  0  1  0
6	% 
 -1 0  0  0 1  0
  2 0  0 -1 0  0
 -1 1  0  0 1  0
  0 1  0  0 0 -1
 -2 0 -1  1 0  0
  1 1  0  0 0  0
1,1;1,1;1;1 1 11
3 
#2 
6	% 
 1  1  0 0  0 -1
 0  0 -1 0  0  0
 0  0  1 1  0  0
 0 -1  0 0  0  0
 0  0  0 0 -1 -1
 0  0  0 0  1  0
6	% 
  1 0 0  0  0 0
  0 0 0 -1  0 0
  0 0 1  1  0 0
 -1 0 0  0 -1 0
  1 0 0  0  1 1
  0 1 0  0  0 0
1,1,1;1;1;1 1 16
18 
#4 
6	% 
 -1 -1 -1  2 0  1
 -2 -2 -1  3 0  2
  2  2  2 -3 0 -2
 -1 -1 -1  2 1  2
 -1 -1 -1  2 0  2
  0  1  0  0 1  1
6	% 
  1  1 0  1 0 -1
  1  2 1  3 0 -2
 -1 -2 1 -4 0  2
  1  2 0  2 0 -1
  1  2 0  2 1 -1
  0  1 0  0 1  1
6	% 
 1  0 0 -1  0  0
 0 -1 1 -4 -2 -1
 0  1 1  3  2  1
 0  0 0 -2 -1  0
 0  0 0 -2 -1 -1
 0  1 0  0  0  0
6	% 
  1 0 0  0 0  0
  2 0 1 -1 0  0
 -2 0 0  1 0  0
  1 0 0  0 0 -1
  1 0 0  0 1  0
  0 1 0  0 1  0
2-1;1,1;1;1 1 10
6 
#2 
6	% 
 1  0 0  0  0  0
 0  0 0 -2  1  1
 0  0 1 -1  0  0
 0 -1 0  0 -1 -1
 0  1 0  2  1  0
 0  0 1  0  0  0
6	% 
 1  0  0  0  0  0
 0  0  0  0 -1 -1
 0  1  0 -1  0 -1
 0  0  0  0  1  0
 0 -1  0  0 -1  0
 0 -1 -1  1  0  1
2-1;1,1;1;1 1 15
6 
#2 
6	% 
 -1 0  0 -1 0 0
  0 1  0  0 0 0
  1 0 -1  1 0 0
  0 0  0  0 1 0
  0 0  0  0 0 1
 -1 0 -1  0 0 0
6	% 
 1 0  1 -2 0 0
 0 1  0  0 0 0
 0 0 -1  1 0 0
 0 0  0  0 1 0
 0 0  0  0 0 1
 0 0  0 -1 0 0
2-1;1,1;1;1 1 11
3 
#1 
6	% 
 1 1  0 0 0 -1
 0 1  0 0 0  0
 0 0  0 0 1  0
 0 0 -1 1 0  0
 0 0  0 0 0  1
 0 0  1 0 0  0
2-1;1,1;1;1 1 3
1 
#1 
6	% 
 0 0 1 0 0 0
 0 0 0 1 0 0
 1 0 0 0 0 0
 0 1 0 0 0 0
 0 0 0 0 1 0
 0 0 0 0 0 1
2-1;1;1;1;1 1 9
3 
#1 
6	% 
 1 0 0 0 0 0
 0 1 0 0 0 0
 0 0 0 1 0 0
 0 0 0 0 1 0
 0 0 0 0 0 1
 0 0 1 0 0 0
1,1;1,1;1;1 1 8
30 
#6 
6	% 
 0  1  0 0  2 -1
 1  0  0 1  0  0
 0  0 -1 0  0  0
 0 -1  0 0 -1  0
 0  0  0 0  0 -1
 0  0 -1 1  0  0
6	% 
 0  1  0 0 1 1
 1  0  0 1 0 0
 0  0 -1 0 0 0
 0 -1  0 0 0 0
 0  0  0 0 0 1
 0  0 -1 1 0 0
6	% 
 0  1 0  0 1 1
 1  0 1 -2 0 0
 0  0 0  1 0 0
 0 -1 0  0 0 0
 0  0 0  0 0 1
 0  0 1 -1 0 0
6	% 
 0  1 0  0  2 -1
 1  0 1 -2  0  0
 0  0 0  1  0  0
 0 -1 0  0 -1  0
 0  0 0  0  0 -1
 0  0 1 -1  0  0
6	% 
 1 0  1 -2  0 0
 0 1  0  0  1 0
 0 0  0  0 -1 0
 0 0 -1  1  0 0
 0 0  0 -1  0 0
 0 1  0  0  1 1
6	% 
 1 0 0  1  0 0
 0 1 0  0  1 0
 0 0 0  0 -1 0
 0 0 1 -1  0 0
 0 0 1  0  0 0
 0 1 0  0  1 1
1,1,1;1;1;1 1 7
30 
#6 
6	% 
 0 1 0  2  2 -1
 1 0 0  0  0  0
 0 0 1  0  0  0
 0 0 0 -1 -1  1
 0 0 1 -1  0  0
 0 1 0  1  2  0
6	% 
 0  1 1 -2  2 -1
 1  0 0  0  0  0
 0  0 0  0  0 -1
 0 -1 0  1 -1  1
 0 -1 0  0 -1  0
 0  1 1 -1  1 -1
6	% 
 0 1 0  2  1  1
 1 0 0  0  0  0
 0 0 1  0  0  0
 0 0 0 -1 -1 -1
 0 0 1 -1  0  0
 0 1 0  1  1  0
6	% 
 0 1 0  2 1 0
 1 0 0  0 0 0
 0 0 1  0 0 0
 0 0 0 -1 0 1
 0 0 1 -1 0 0
 0 1 0  1 0 0
6	% 
 0  1 1 -2 1  1
 1  0 0  0 0  0
 0  0 0  0 0  1
 0 -1 0  1 0 -1
 0 -1 0  0 0  0
 0  1 1 -1 0  1
6	% 
 0 -1 -1  2 0 -2
 1  0  0  0 0  0
 0  0  0  0 1  0
 0  1  0 -1 0  1
 0  1  0  0 1  1
 0 -1 -1  1 0 -1
1,1;1,1;1;1 1 10
36 
#6 
6	% 
 1  0 0  0  2  0
 0 -1 0 -1 -1  0
 0  0 0  0 -1  0
 0  0 1  0  0  0
 0  0 1 -1  0  0
 0  0 0  1 -1 -1
6	% 
 1  2 0  0  0 -2
 0 -1 0  1  0  0
 0 -1 0  0  0  1
 0  0 1 -2 -1  0
 0  0 1  1  1  0
 0 -1 0 -1 -1  0
6	% 
 -3 0  0  0 -2  0
  1 1  0  0  1  0
  2 0  0  0  1  0
  0 0  0 -1  0  0
  0 0 -1  1  0  0
  1 0  0  0  0 -1
6	% 
 -3 0 0  0 -2  0
  1 1 0  1  1  0
  2 0 0  0  1  0
  0 0 1  0  0  0
  0 0 1 -1  0  0
  1 0 0 -1  0 -1
6	% 
 -3 -2  0  0 0  2
  1  1  0  0 1  0
  2  1  0  0 0 -1
  0  0  0 -1 0  0
  0  0 -1  1 0  0
  1  0  0  0 0 -1
6	% 
 -3 0  0  0 -2 0
  1 1  0  0  1 0
  2 0  0  0  1 0
  0 0  0 -1  0 0
  0 0 -1  1  0 0
  1 0  0  0  1 1
1,1;1,1;1,1 1 6
18 
#3 
6	% 
 -3 0  0  0 -2 0
  1 0 -1  0  1 1
  2 0  0  0  1 0
  0 0  1  0  0 0
  0 0  1 -1  0 0
  1 1 -1  1  1 0
6	% 
 -3 -2  0 0 0  2
  1  0  0 0 0 -1
  2  1  0 0 0 -1
  0  0  1 0 0  0
  0  0 -1 1 0  0
  1  1  0 0 1  0
6	% 
 -3 -2  0  0 -2 -2
  1  0 -1  1  0  1
  2  1  0  0  1  1
  0  1  1 -1  0 -1
  0  1  0 -1  0 -1
  1  0  0  1  1  1
1,1;1,1;1;1 1 2
5 
#3 
6	% 
 0 1 0  0  2 -1
 0 0 0 -1  0  0
 0 0 1  1  0  0
 1 0 0  0  0  0
 0 0 0  0 -1  1
 0 1 0  0  2  0
6	% 
 0 1 0  0  1  1
 0 0 0 -1  0  0
 0 0 1  1  0  0
 1 0 0  0  0  0
 0 0 0  0 -1 -1
 0 1 0  0  1  0
6	% 
 0 1 0  0 1 0
 0 0 0 -1 0 0
 0 0 1  1 0 0
 1 0 0  0 0 0
 0 0 0  0 0 1
 0 1 0  0 0 0
1,1;1,1;1;1 1 17
18 
#3 
6	% 
 1  0 0  0 0  0
 0 -1 0  0 0  1
 0  0 0  0 0 -1
 0  0 0  1 0  0
 0  1 0  0 1  0
 0  0 1 -1 0  0
6	% 
 1  0  0  0  0  0
 0  1  0  1  0 -1
 0 -1 -1  0 -1  0
 0 -1  1 -1  1  1
 0  0 -1  0  0  1
 0  1  1  0  1 -1
6	% 
 1  0 0  0  0  0
 0 -1 0  0 -1 -1
 0  0 0  0  1  1
 0  0 0  1  0  0
 0  1 0  0  1  0
 0  0 1 -1  0  0
1,1;1,1;1;1 1 16
30 
#6 
6	% 
 0  1  0  0  2 -1
 1  0  0  0  0  0
 0  0  0 -1  0  0
 0 -1 -1  2 -2  0
 0  0 -1  1  0  0
 0  0 -1  2  1 -1
6	% 
 0  1 0  0  2 -1
 1  0 0  0  0  0
 0  0 1  0  0  0
 0 -1 0 -1 -2  0
 0  0 1 -1  0  0
 0  0 0 -1  1 -1
6	% 
 0  1 0  0  1 1
 1  0 0  0  0 0
 0  0 1  0  0 0
 0 -1 0 -2 -1 0
 0  0 1 -1  0 0
 0  0 0 -2  1 1
6	% 
 0  0 0  0 -1 -1
 1  0 0  0  0  0
 0  0 1  0  0  0
 0  0 0 -1  1  0
 0  0 1 -1  0  0
 0 -1 0 -1 -1 -1
6	% 
 0  1  0  0  1 1
 1  0  0  0  0 0
 0  0  0 -1  0 0
 0 -1 -1  2 -1 0
 0  0 -1  1  0 0
 0  0 -1  2  1 1
6	% 
 0  2  0  0  0  1
 1  0  0  0  0  0
 0  0  0 -1  0  0
 0 -2 -1  2 -1 -1
 0  0 -1  1  0  0
 0  1 -1  2 -1  0
1,1;1,1;1;1 1 24
36 
#6 
6	% 
 1  1 0  0  2  1
 0  1 1  3  0  1
 0 -1 1 -4  0 -1
 0  0 0 -2  0 -1
 0 -1 0 -2 -1 -1
 0  0 0  0  1  1
6	% 
 1 1 0  0  2  1
 0 0 1 -1  0  0
 0 0 0  1  0  0
 0 0 0  0  0 -1
 0 0 0  0 -1 -1
 0 1 0  0  1  1
6	% 
 1  1 0  0  2  1
 0 -1 1 -3  0  1
 0  1 1  2  0 -1
 0  0 0  1  0 -1
 0  0 0  1 -1 -1
 0  1 0  0  1  1
6	% 
 1  1  0  0  0 -1
 0 -1 -3  1 -2 -1
 0  1  3 -2  2  1
 0  0  2 -1  1  0
 0  0  2 -1  1  1
 0  1  0  0  0  0
6	% 
 1  1 0  0  0 -1
 0  1 1  3  0  1
 0 -1 1 -4  0 -1
 0  0 0 -2  1  0
 0 -1 0 -2  0  0
 0  0 0  0 -1 -1
6	% 
  1  0  0  0  0  0
  0  1  1 -3  2  1
  0 -1 -2  3 -2 -1
  0 -1 -1  2 -1  0
 -1 -1 -1  2 -1 -1
  1  1  0  0  0  0
1,1;1,1;1,1 1 9
18 
#3 
6	% 
  1  0  0  0  0  0
  0  2  1  0  0  0
  0  0 -1  1  0  2
  0  1  0  1  0  2
 -1 -1  0  0 -1  0
  1 -1  0 -1  1 -1
6	% 
  1 0 0  0 0  0
  0 1 1 -1 0  1
  0 1 0 -1 0  1
  0 1 1  0 1  1
 -1 0 1  0 1  1
  1 0 0  0 0 -1
6	% 
  1  0  0  0  0 0
  0 -1 -1 -1 -1 0
  0  0  1 -2  1 1
  0  0  2 -2  1 1
 -1  0  2 -1  1 0
  1  1  0  1  0 0
1,1;1,1;1;1 1 33
18 
#3 
6	% 
 1  0  0  0  0  0
 0 -1 -2  1 -1 -1
 0  0 -1 -1 -1  0
 0  2  1 -2  0  1
 0  0 -2  0 -1 -1
 0 -1  1  2  1 -1
6	% 
 1 0  0  0  0  0
 0 1  1  1  1  0
 0 0 -1  2 -1 -1
 0 0  0  0 -1  0
 0 1  0  1  0  0
 0 0  0 -1  1  1
6	% 
 1  0  0  0  0  0
 0  1  1  0  0  0
 0  0  1 -1  0 -1
 0  0  0  0 -1  0
 0  1  2 -1 -1 -2
 0 -2 -2  1  0  1
2-2;1,1;1;1 1 2
5 
#3 
6	% 
 0 1 0 0  2 -1
 1 0 0 0  0  0
 0 0 0 0 -1  1
 0 0 1 0  0  0
 0 0 0 1  0  0
 0 1 0 0  2  0
6	% 
 0 1 0 0  1  1
 1 0 0 0  0  0
 0 0 0 0 -1 -1
 0 0 0 1  0  0
 0 0 1 0  0  0
 0 1 0 0  1  0
6	% 
 0 1 0 0 -1 -2
 1 0 0 0  0  0
 0 0 0 0  1  2
 0 0 0 1  0  0
 0 0 1 0  0  0
 0 1 0 0 -1 -1
1,1;1;1;1;1 1 9
15 
#3 
6	% 
 0 1  0  0  2 -1
 1 0  0  0  0  0
 0 0  0 -1  0  0
 0 0  0  0 -1  1
 0 0 -1  1  0  0
 0 1  0  0  2  0
6	% 
 0  2  0  0 0 1
 1  0  0  0 0 0
 0  0 -1  0 0 0
 0 -1  0  0 1 0
 0  0  1 -1 0 0
 0  2  0  0 1 1
6	% 
 0 1  0  0  1  1
 1 0  0  0  0  0
 0 0 -1  0  0  0
 0 0  0  0 -1 -1
 0 0  1 -1  0  0
 0 1  0  0  1  0
1,1;1;1;1;1 1 12
18 
#4 
6	% 
 1  0  0 0  0 0
 0 -1 -1 0 -1 0
 0 -1  0 0  0 1
 0  0  1 1  1 0
 0 -1  1 0  0 0
 0  0 -2 1 -1 0
6	% 
 1 0  0 0 0 0
 0 0 -1 0 1 1
 0 0  0 0 1 0
 0 0  0 1 0 0
 0 1  1 0 1 0
 0 0 -1 1 0 0
6	% 
 1 0 0  0 0 0
 0 0 0  0 1 1
 0 1 0  0 1 1
 0 0 0  1 0 0
 0 1 0  0 1 0
 0 0 1 -1 0 0
6	% 
 1  0  0  0  0 0
 0 -1  0  0  0 0
 0 -1  0  0  0 1
 0  0  0 -1  1 0
 0 -1  0  0 -1 0
 0  0 -1  1 -1 0
2-2;1,1;1;1 1 4
3 
#2 
6	% 
 1  0  0 0  2  0
 0  0 -1 1  0  0
 0  0  0 0 -1  0
 0  0  0 1  0  0
 0  0  0 0  0 -1
 0 -1  0 0  0  0
6	% 
 1  2  0 0  0 -2
 0  0 -1 1  0  0
 0 -1  0 0  0  1
 0  0  0 1  0  0
 0  0  0 0  0 -1
 0  0  0 0 -1 -1
1,1;1;1;1;1 1 5
1 
#1 
6	% 
 0 0  1 1  0 0
 0 0 -1 0  0 0
 1 0  0 0  0 0
 0 0  0 0  1 1
 0 0  0 0 -1 0
 0 1  0 0  1 0
1,1;1;1;1;1 1 16
9 
#2 
6	% 
 1 0  0  0  1 0
 0 0  0  0 -1 0
 0 0  0 -1  0 0
 0 0  0  0  1 1
 0 0 -1  1  0 0
 0 1  0  0  1 0
6	% 
 1  1 0 0 0 -1
 0 -1 0 0 0  1
 0  0 0 1 0  0
 0  1 0 0 0  0
 0  0 1 0 0  0
 0  1 0 0 1  0
1,1;1;1;1;1 1 10
6 
#2 
6	% 
 1 0 1 -2 0 0
 0 0 0  1 0 0
 0 0 0  0 1 1
 0 0 0  0 1 0
 0 0 1 -1 0 0
 0 1 0  0 1 0
6	% 
 1 0  0 1 0 0
 0 0 -1 0 0 0
 0 0  0 0 1 1
 0 0  0 0 1 0
 0 0 -1 1 0 0
 0 1  0 0 1 0
1,1;1;1;1;1 1 35
18 
#4 
6	% 
 1  0  0  0 0  0
 0  2 -1  3 0 -2
 0 -2 -1 -2 0  2
 0  1  0  0 1  1
 0  2  0  2 0 -1
 0  2  0  2 1 -1
6	% 
 1 0  0  0 0  0
 0 0 -1  0 0  0
 0 0 -1  1 0  0
 0 1  0  0 1  0
 0 0  0 -1 1  0
 0 0  0 -1 0 -1
6	% 
 1  0  0  0 0  0
 0 -2 -1  3 0 -2
 0  2  2 -3 0  2
 0  1  0  0 1  0
 0 -1 -1  2 1 -1
 0 -1 -1  2 0 -2
6	% 
 1  0  0  0 0  0
 0 -2 -1  3 0  2
 0  2  2 -3 0 -2
 0  1  0  0 1  1
 0 -1 -1  2 1  2
 0 -1 -1  2 0  2
1,1;1;1;1;1 1 38
6 
#2 
6	% 
 1  0  0 1  0 0
 0  0 -1 0  0 0
 0  0 -1 1  0 0
 0 -1  0 0 -1 0
 0  1  0 0  1 1
 0  1  0 0  0 0
6	% 
 1  0 1 -2  0 0
 0  0 0  1  0 0
 0  0 1 -1  0 0
 0 -1 0  0 -1 0
 0  1 0  0  1 1
 0  1 0  0  0 0
1,1;1;1;1;1 1 40
9 
#2 
6	% 
 1 0  0  0 0 0
 0 0 -1  0 0 0
 0 0  1 -1 0 0
 1 1  0  0 1 0
 1 1  0  0 0 0
 0 1  0  0 1 1
6	% 
 1 0  0  0 0 0
 0 0 -1  0 0 0
 0 0  1 -1 0 0
 1 1  0  0 1 0
 1 1  0  0 1 1
 0 1  0  0 0 0
1,1;1;1;1;1 1 26
1 
#1 
6	% 
 0 0 1 0 0 0
 0 0 0 1 0 0
 1 0 0 0 0 0
 0 0 0 0 0 1
 0 1 0 0 1 1
 0 0 0 0 1 1
2-2;1,1;1;1 1 15
3 
#2 
6	% 
  1 0  0 0  0 0
  0 0  0 1  0 0
  0 0 -1 1  0 0
 -1 0  0 0 -1 0
  1 0  0 0  1 1
  0 1  0 0  0 0
6	% 
  1 0  0 0  0  0
  0 0  0 1  0  0
  0 0 -1 1  0  0
 -1 0  0 0  0  1
  1 0  0 0 -1 -1
  0 1  0 0  1  1
1;1;1;1;1;1 1 8
3 
#1 
6	% 
 1 0 0 0 0 0
 0 0 0 1 0 0
 0 0 0 0 1 1
 0 0 0 0 1 0
 0 0 1 0 0 0
 0 1 0 0 1 0
1;1;1;1;1;1 1 24
3 
#1 
6	% 
 1  0 0 0  0  0
 0  0 0 1  0  0
 0  0 1 0  0  0
 0  0 0 0  0 -1
 0  0 0 0 -1 -1
 0 -1 0 0 -1 -1
2-2;1;1;1;1 1 3
1 
#1 
6	% 
 1 0 0 0  0 0
 0 0 1 0  0 0
 0 0 0 0 -1 0
 0 0 0 0  1 1
 0 0 0 1  0 0
 0 1 0 0  1 0
2-2;1;1;1;1 1 12
1 
#1 
6	% 
 1 0  0 0  0  0
 0 0  0 1  0  0
 0 0 -1 1  0  0
 0 0  0 0  0  1
 0 0  0 0 -1 -1
 0 1  0 0  1  1
