#58

4-1;1,1 1 1
1 
#1 
6	% 
 1 0 0 0 0 0
 0 1 0 0 0 0
 0 0 1 0 0 0
 0 0 0 1 0 0
 0 0 0 0 1 0
 0 0 0 0 0 1
1,1,1,1,1,1 1 1
1 
#1 
6	% 
 1 0 0 0 0 0
 0 1 0 0 0 0
 0 0 1 0 0 0
 0 0 0 1 0 0
 0 0 0 0 1 0
 0 0 0 0 0 1
1,1,1,1,1;1 1 1
4 
#1 
6	% 
 0  0  0  0 -1  0
 0 -1 -1  0 -1 -1
 0 -1  0 -1 -1 -1
 0  0 -1 -1  0 -1
 0  1  1  1  1  1
 1  0  0  0  0  0
1,1,1,1;1,1 1 1
7 
#2 
6	% 
  0 -1 -1 -1 0  0
 -1  0 -1 -1 0  0
 -1 -1  0 -1 0  0
  1  1  1  1 0  0
  0  0  0  0 0 -1
  0  0  0  0 1  1
6	% 
 0  0 -1 -1  0 -1
 0  0  0 -1 -1 -1
 0  0 -1  0 -1 -1
 0  0  1  1  1  1
 0 -1  0  0  0  0
 1  1  0  0  0  0
1,1,1,1,1;1 1 2
12 
#1 
6	% 
  0  0  1 0  0 -1
  0  1  0 0  0 -1
  1  1  1 1  1  0
  0  0  0 0  1 -1
 -1 -1 -1 0 -1  1
  0  1  1 1  1 -1
2-1;1,1,1;1 1 8
24 
#1 
6	% 
  0  0  0  0  0 -1
 -1 -1 -1 -1 -1  0
  0  0  0  1  0  1
  0  0  1  0  0  1
  0 -1  0  0  0 -1
 -1  0  0  0  0 -1
1,1,1;1,1,1 1 1
4 
#1 
6	% 
  0  0 1  1  0  0
  0 -1 0  0  0  0
  0  0 0 -1  0  0
  0  0 0  0 -1 -1
 -1  0 0  0  0 -1
  1  0 0  0  1  1
2-1;1,1,1,1 1 1
6 
#1 
6	% 
 1  0  0 0  0  0
 0  0  0 1  0  0
 0  0 -1 0 -1 -1
 0 -1  0 0 -1 -1
 0 -1 -1 0  0 -1
 0  1  1 0  1  1
1,1,1;1,1,1 1 2
12 
#1 
6	% 
 -1  0  0  1 -1 -1
  0  0  0  0  1  0
 -1 -1  0 -1  0  0
  0  0 -1  0  0  0
  1  0  1  0  0  0
  0  0  1  1  0  0
1,1,1,1;1,1 1 2
24 
#1 
6	% 
 0 0 0  0 1 0
 0 0 0  0 0 1
 0 0 1  0 0 0
 0 1 0  0 0 0
 1 0 0  0 0 0
 0 0 0 -1 0 0
1,1,1,1;1,1 1 3
12 
#1 
6	% 
  0  0  0  0  0 -1
 -1 -1 -1 -1 -1 -1
  0  1  0  0  0  0
  1  0  1  0  0  1
  0 -1  0 -1  0 -1
 -1  0  0  0  0  0
2-1;1,1;1,1 1 1
6 
#1 
6	% 
 0 0  0 1 0  0
 1 0  0 0 0  0
 0 0 -1 0 0  0
 0 1  1 0 0  0
 0 0  0 0 0 -1
 0 0  0 0 1  1
2-1;1,1,1;1 1 1
12 
#1 
6	% 
 0 0 0 1  0  0
 1 0 0 0  0  0
 0 0 1 0  0  1
 0 0 0 0 -1  0
 0 0 0 0  0 -1
 0 1 0 0  0  0
2-1;1,1,1;1 1 4
12 
#1 
6	% 
 1 0  0  0 0  0
 0 1  0  0 0  0
 0 0  0  0 1  0
 0 0 -1 -1 0 -1
 0 0  0  1 0  0
 0 0 -1  0 0  0
2-1',2-1';1,1 1 1
6 
#1 
6	% 
  1  1  0 -1 0  0
  0  1  1  1 0  0
 -1  0  0  1 0  0
  0 -1 -1  0 0  0
  0  0  0  0 0 -1
  0  0  0  0 1  1
2-2;1,1,1,1 1 2
16 
#1 
6	% 
  1  0  0  0  0  0
  2  1  1  1  1  1
  1  0  0  0  0 -1
 -2 -1 -1  0 -1  0
  2  1  0  1  1  0
 -2  0 -1 -1 -1  0
1,1,1,1;1;1 1 1
6 
#1 
6	% 
 0 -1 0  0 -1 -1
 0 -1 0 -1  0 -1
 0  0 0 -1 -1 -1
 0  1 0  1  1  1
 1  0 0  0  0  0
 0  0 1  0  0  0
1,1,1;1,1;1 1 1
16 
#2 
6	% 
 0 1  0  1 0 0
 0 0 -1  0 0 0
 0 0  0 -1 0 0
 0 0  0  0 1 0
 0 0  0  0 0 1
 1 0  0  0 0 0
6	% 
 0 0  0  1 0 1
 0 0  0  1 0 0
 0 0  0 -1 1 0
 0 0 -1  0 0 0
 0 1  1  0 0 0
 1 0  0  0 0 0
2-2;1,1,1;1 1 3
16 
#1 
6	% 
 0  0  0  0  0 -1
 0  1  1 -1  1  1
 1  0  0  0  0  0
 0 -1 -1  0 -1  0
 0  1  0 -1  1  0
 0  0 -1  1 -1  0
1,1,1,1;1;1 1 2
24 
#1 
6	% 
 0  0 1  0 0 0
 0  0 0  0 1 0
 0  0 0  0 0 1
 1  0 0  0 0 0
 0  0 0 -1 0 0
 0 -1 0  0 0 0
1,1,1;1,1;1 1 3
24 
#1 
6	% 
 0  1  0  1  0  0
 0  1  0  1  1  0
 0 -2  0 -2 -1 -1
 0  1  0  0  0  0
 0  0 -1  0  0  0
 1  0  0  0  0  0
1,1;1,1;1,1 1 1
3 
#1 
6	% 
 0  1 1  0 0  0
 0 -1 0  0 0  0
 0  0 0 -1 0  0
 1  0 0  1 0  0
 0  0 0  0 0 -1
 0  0 0  0 1  1
1,1;1,1;1,1 1 2
12 
#1 
6	% 
 -1  0 -1  1 0 0
  0  0  0  0 1 0
  0  0  0  0 0 1
  0 -1 -1 -1 0 0
  1  1  1  0 0 0
 -1  1  0  1 0 0
1,1,1;1,1;1 1 2
24 
#2 
6	% 
  2  1 -1 0 0  0
  1  0  0 0 0  0
 -3 -1  1 1 0  0
  0  0  0 0 0 -1
  0  0  0 0 1  1
  1  1  0 0 0  0
6	% 
  1 0 0  1  0  0
  1 0 0  1  1  0
 -2 0 0 -2 -1 -1
  0 1 0  0  0  0
  0 0 1  0  0  0
  1 0 0  0  0  0
2-2;1,1;1,1 1 3
16 
#1 
6	% 
 1 0  0 0  0 0
 0 0  0 0  1 1
 0 0  0 0 -1 0
 0 0  0 1  0 0
 0 0 -1 0  0 0
 0 1  0 0  0 0
1,1;1,1;1,1 1 5
6 
#1 
6	% 
  0  0  0  0 1  1
  0  0  0  0 0 -1
  1  1  1  0 0  0
 -1 -1  0  0 0  0
  0  1  1 -1 0  0
  0  0 -1  1 0  0
1,1,1;1,1;1 1 9
24 
#1 
6	% 
  0 -1  1 0 0  0
  0  0  0 0 1  1
  0  1 -1 0 0 -1
  0  0  1 0 0  0
  0  0  0 1 0  0
 -1  0  0 1 0  0
1,1,1,1;1;1 1 3
6 
#1 
6	% 
 0 -1  0 0 -1 -1
 0 -1 -1 0  0 -1
 0  0 -1 0 -1 -1
 0  1  1 0  1  1
 0  0  0 1  0  0
 1  0  0 0  0  0
1,1,1;1,1;1 1 4
24 
#1 
6	% 
  0  0  0  0 1  0
  0 -1  0  0 0 -1
  0  0  0  0 0  1
 -1  0 -1  0 0  0
 -1  0 -1 -1 0  0
 -1  0  0  1 0  0
1,1,1,1;1;1 1 5
12 
#1 
6	% 
  1  1 -1  1  1  1
  1  1 -1  1  1  0
  0  1 -1  1  0  1
 -1 -2  1 -1 -1 -1
  1  1 -2  1  1  1
 -1 -1  1  0  0 -1
2-1;1,1;1;1 1 26
12 
#1 
6	% 
 0  0 0  0  1  0
 0  0 0  0 -1 -1
 0  0 0 -1  0  0
 0  0 1  0  0  0
 0 -1 0  0  0  0
 1  0 0  0  0  0
3;1,1,1 1 3
8 
#1 
6	% 
 0 0  0  0 0  1
 0 0  0  0 1 -1
 0 0  0 -1 0  0
 0 0 -1  0 0  0
 0 1  0  0 0  0
 1 0  0  0 0  0
1,1;1,1;1;1 1 1
6 
#1 
6	% 
 0 1 0 0  0 0
 0 0 1 0  0 0
 0 0 0 0  1 1
 0 0 0 0 -1 0
 1 0 0 0  0 0
 0 0 0 1  0 0
2-2;1,1,1;1 1 4
16 
#1 
6	% 
 0  0 0 0  1 0
 0  0 0 0  1 1
 1  0 0 0 -1 0
 0  0 0 1  0 0
 0  0 1 0  0 0
 0 -1 0 0  0 0
1,1;1,1;1;1 1 2
24 
#1 
6	% 
 0 1  1 -1  0 0
 0 0  0  0  1 1
 0 0  0  0 -1 0
 1 0  0  0  0 0
 0 0 -1  1  0 0
 0 1  1  0  0 0
1,1,1;1;1;1 1 2
12 
#1 
6	% 
 0 0  0  0 0 1
 0 0  0  0 1 0
 1 0  0  0 0 0
 0 1  0  0 0 0
 0 0  0 -1 0 0
 0 0 -1  0 0 0
1,1,1;1;1;1 1 1
4 
#1 
6	% 
 0 0 0  0 1  1
 0 0 0 -1 0  0
 0 0 0  0 0 -1
 1 0 0  0 0  0
 0 1 0  0 0  0
 0 0 1  0 0  0
1,1,1;1;1;1 1 10
12 
#1 
6	% 
 0  0  0  0 0 1
 0  0  0  0 1 0
 0  0  0 -1 0 0
 0 -1  0  0 0 0
 1  0  0  0 0 0
 0  0 -1  0 0 0
1,1,1;1;1;1 1 5
12 
#1 
6	% 
 0 0 0  0 1  1
 0 0 0 -1 0  0
 0 0 0  0 0 -1
 0 0 1  0 0  0
 0 1 0  0 0  0
 1 0 0  0 0  0
1,1;1,1;1;1 1 4
6 
#1 
6	% 
 0 0  1 1  0  0
 0 0 -1 0  0  0
 0 0  0 0  1  0
 0 0  0 0 -1 -1
 0 1  0 0  0  0
 1 0  0 0  0  0
1,1;1,1;1;1 1 9
12 
#1 
6	% 
  0  0  0  0 1 0
  0  0  0  0 0 1
  0  0  0 -1 0 0
  1  0 -1  1 0 0
  1  0  0  0 0 0
 -1 -1  0 -1 0 0
1,1,1;1;1;1 1 19
8 
#1 
6	% 
  0  0 0  0 0 1
  0  0 0  0 1 0
  0  0 0 -1 0 0
 -1  0 0  0 0 0
  0  0 1  0 0 0
  0 -1 0  0 0 0
2-1;1,1;1;1 1 1
6 
#1 
6	% 
 0 0 0 1  0 0
 1 0 0 0  0 0
 0 0 0 0  1 1
 0 0 0 0 -1 0
 0 1 0 0  0 0
 0 0 1 0  0 0
2-1;1,1;1;1 1 6
6 
#1 
6	% 
 1 0 0 0  0  0
 0 0 0 1  0  0
 0 0 0 0  1  0
 0 0 0 0 -1 -1
 0 0 1 0  0  0
 0 1 0 0  0  0
2-1;2-1;1,1 1 1
3 
#1 
6	% 
 0 0 1 0 0  0
 0 1 0 0 0  0
 0 0 0 1 0  0
 1 0 0 0 0  0
 0 0 0 0 0 -1
 0 0 0 0 1  1
3;1,1,1 2 1
4 
#1 
6	% 
 0 0  0 1  0  0
 0 1  0 0  0  0
 1 0  0 0  0  0
 0 0  0 0 -1 -1
 0 0 -1 0  0 -1
 0 0  1 0  1  1
2-1,2-1;1,1 3 1
6 
#1 
6	% 
  0 -1  0 0 0  0
  0  0  0 1 0  0
  0  0 -1 0 0  0
 -1  0  0 0 0  0
  0  0  0 0 0 -1
  0  0  0 0 1  1
2-1,2-1;1,1 1 1
12 
#1 
6	% 
 1  0  0 -1 0  0
 0 -1 -1  0 0  0
 0  0  0  1 0  0
 0  1  0  0 0  0
 0  0  0  0 0 -1
 0  0  0  0 1  1
2-1,2-1;1,1 2 1
12 
#1 
6	% 
  0  1 -1 -1 0  0
 -1 -1  0 -1 0  0
  0  0  0  1 0  0
  0  1  0  0 0  0
  0  0  0  0 0 -1
  0  0  0  0 1  1
2-1;2-1;1,1 1 6
6 
#1 
6	% 
 0 0 0 0  1  0
 0 0 0 0 -1 -1
 0 0 0 1  0  0
 0 0 1 0  0  0
 0 1 0 0  0  0
 1 0 0 0  0  0
4-1';1,1 1 1
12 
#1 
6	% 
 0 -1 0 0 0  0
 0  0 0 1 0  0
 0  0 1 0 0  0
 1  0 0 0 0  0
 0  0 0 0 0 -1
 0  0 0 0 1  1
2-2;1,1;1;1 1 6
16 
#1 
6	% 
 0  0 0 0 0 -1
 0  0 0 0 1  1
 1  0 0 0 0  0
 0  0 0 1 0  0
 0  0 1 0 0  0
 0 -1 0 0 0  0
1,1;1;1;1;1 1 1
1 
#1 
6	% 
 0 0 0 0 1 0
 0 0 0 0 0 1
 1 0 0 0 0 0
 0 1 0 0 0 0
 0 0 1 0 0 0
 0 0 0 1 0 0
1,1;1;1;1;1 1 3
6 
#1 
6	% 
 0 0 0 0 0 1
 0 0 0 0 1 0
 1 0 0 0 0 0
 0 0 0 1 0 0
 0 0 1 0 0 0
 0 1 0 0 0 0
3;1,1;1 2 1
4 
#1 
6	% 
 0 0 0 1 0 0
 0 0 1 0 0 0
 0 1 0 0 0 0
 0 0 0 0 1 0
 0 0 0 0 0 1
 1 0 0 0 0 0
1,1;1;1;1;1 1 25
3 
#1 
6	% 
 0 0 0  0  1 1
 0 0 0  0 -1 0
 0 0 1  0  0 0
 0 0 0 -1  0 0
 1 0 0  0  0 0
 0 1 0  0  0 0
3;1,1;1 1 12
8 
#1 
6	% 
 -1 0  0 -1 0 0
 -1 0 -1  0 0 0
  1 1  0  0 0 0
  0 0  0  0 1 0
  0 0  0  0 0 1
  1 0  0  0 0 0
1,1;1;1;1;1 1 48
2 
#1 
6	% 
 0 0  0  0 0 -1
 0 0  0  0 1  1
 0 0  0 -1 0  0
 0 0 -1  0 0  0
 0 1  0  0 0  0
 1 0  0  0 0  0
