#20

4-1';2-1 1 3
1 
#1 
6	% 
 1 0 0 0 0 0
 0 1 0 0 0 0
 0 0 1 0 0 0
 0 0 0 1 0 0
 0 0 0 0 1 0
 0 0 0 0 0 1
1,1,1,1,1,1 1 1
1 
#1 
6	% 
 1 0 0 0 0 0
 0 1 0 0 0 0
 0 0 1 0 0 0
 0 0 0 1 0 0
 0 0 0 0 1 0
 0 0 0 0 0 1
2-1',2-1';1,1 1 3
1 
#1 
6	% 
  0 -1  0  1 -1 -1
 -1  1 -1 -1  0  0
  2  0  0  1  1  2
  3 -1  1  2  1  1
 -1  1  0 -1  0  0
  1 -1  0  2  0  0
1,1,1,1,1;1 1 2
2 
#1 
6	% 
  1  1  0  0  0  1
  0  0  0  0  1  0
  1  1  1  0  0  1
  0 -1  0 -1 -1  1
 -1  0 -1  0  0 -2
  1  0  1 -1  0  1
1,1,1,1;1,1 1 3
5 
#2 
6	% 
  1  0  0 0  0  0
 -1 -1  2 0 -1  0
  0 -1  1 0  0 -1
  0  1 -2 0  0  0
  0  0  1 0 -1  0
  0  0  0 1  1  0
6	% 
  1  1  0 1  1 0
  0 -1  1 0  1 0
  0 -1  0 0  0 0
 -1  1  0 0 -1 0
  1 -1  2 1  1 1
  0  1 -1 0  0 0
2-1',2-1';1;1 1 5
1 
#1 
6	% 
 -2 -1  0  0 -1 -2
  2  0  1  1  1  1
  2  1  0  0  1  1
  1  2 -1 -1  0  2
  2  0  0  1  1  1
 -1  1 -1 -2 -1  0
2-1;1,1;1,1 1 11
2 
#1 
6	% 
 0 1 -1 0 -1  0
 1 0  0 1  0  0
 0 0  0 0 -1  0
 0 0  0 1  0  0
 0 0  0 0  0 -1
 0 0  1 0  1  0
1,1,1;1,1,1 1 3
4 
#1 
6	% 
  0  0  0  1  0 -2
  2  0  1  1  0  1
 -1  0  0  0  0 -1
  0  0 -1  0 -1  2
 -1  0  0 -1  0  0
  0 -1  0  0  0 -2
1,1,1;1,1,1 1 4
4 
#1 
6	% 
  1  1  1  0  0  0
  1  1  1 -1  0 -2
 -1 -2 -1  1  0  1
  1  1  0 -1  0 -1
 -2 -1 -1  1  0  1
  1  1  1 -1 -1 -1
2-1,2-1;1;1 3 7
1 
#1 
6	% 
  0 0  0 0 0 -1
  0 1  0 0 0  0
  0 0  0 0 1  0
 -1 0  0 0 0  0
  0 0 -1 0 0  0
  0 0  0 1 0  1
2-1,2-1;2-1 3 4
1 
#1 
6	% 
  1  1  0 0  1  0
  1  0  0 1  1  0
  0  0 -1 0  0  0
  0 -1  1 1  1  0
 -1 -1  1 0  0 -1
  0  1 -1 0 -1  1
4-1';1;1 1 6
1 
#1 
6	% 
  0  1 -1 -1 -1  0
  1  0  1  1  1  0
 -1 -1  0  0  0 -1
  1  1  0  1  1  1
  0  0 -1  0  0  0
  0  0  0  1  0  1
2-1,2-1;1,1 2 4
1 
#1 
6	% 
 0 -1  1 0 1 0
 0  1  0 0 0 0
 1  0  2 1 0 1
 1  0  0 0 0 1
 0  1 -1 0 0 0
 0  0  2 0 0 1
2-1,2-1;1;1 2 7
1 
#1 
6	% 
 1 -1  1  2 1 -1
 1  1  0  0 0  1
 0  0  0 -1 0  0
 1  0  0  0 0  1
 1  1 -1  0 0  1
 1  0  0  0 0  0
1,1,1,1;1;1 1 5
1 
#1 
6	% 
  1 -1  1 0 1  1
  1 -2  1 0 0  1
  1 -1  1 0 0  1
 -1  2 -1 1 0 -1
  1 -2  1 0 0  2
 -1  1  0 0 0 -1
1,1,1;1,1;1 1 11
4 
#1 
6	% 
  0  2 0 -3 -2  3
  0  1 0 -1 -1  1
  0 -3 1  4  3 -4
  1  1 0 -1 -1  2
 -1  0 0 -1 -1  0
  0  1 0 -1 -1  2
1,1,1;1,1;1 1 10
4 
#1 
6	% 
  0 0 -1  0  0  0
 -1 0 -2 -1 -2  0
  1 0  4  1  3  0
  0 1 -1  0  0  0
  0 0 -1 -1 -1  0
  0 0  0 -1  0 -1
1,1;1,1;1,1 1 11
2 
#1 
6	% 
  0  0 -1 -2  0 -2
  2  1  1  3  2  1
  2  2  0  1  1  3
 -1 -1  0 -1 -1  0
 -1 -1  2  3 -1  3
  0  0 -2 -3  0 -4
1,1;1,1;1;1 1 39
2 
#1 
6	% 
  0 -1  1 0 1  0
 -1  0  0 0 0 -1
  0  0  0 0 0  1
  0  1  0 0 0  0
  0  0  0 1 0  0
  0  1 -1 0 0  0
1,1;1,1;1;1 1 29
2 
#1 
6	% 
  0 -1  1 -1 1  1
 -1  1  0  0 0 -1
 -1  1 -1  0 0 -1
  1  0  0  0 0  0
  1  0  0  0 0  1
  0  0  0  1 0  0
