#38

2-1;1;1;1;1 1 26
1 
#1 
6	% 
 1 0 0 0 0 0
 0 1 0 0 0 0
 0 0 1 0 0 0
 0 0 0 1 0 0
 0 0 0 0 1 0
 0 0 0 0 0 1
1,1,1,1,1,1 1 1
1 
#1 
6	% 
 1 0 0 0 0 0
 0 1 0 0 0 0
 0 0 1 0 0 0
 0 0 0 1 0 0
 0 0 0 0 1 0
 0 0 0 0 0 1
2-1;1,1,1,1 1 2
1 
#1 
6	% 
  0  0  0 0 -1  1
  0  0  0 0  0  1
  0  1 -1 1  1  2
 -1  0 -1 0  0  2
  1  1  1 0  0  0
 -1 -1  0 0  0 -2
1,1,1,1,1;1 1 2
8 
#4 
6	% 
  1  0  0 -1  0  1
  1  0  0 -1  1  0
  2  1 -1  0  1  1
  2  0  0 -1  0  0
 -3 -1  0  1 -1 -1
  2  0 -1 -1  1  1
6	% 
  1  1  1  0  1  1
  1  1  1  1  0  1
  1  1  1  1  1  1
  1  1  1  0  0  2
 -1 -2 -1 -1 -1 -2
  1  1  2  1  1  2
6	% 
  1 -1  1  1 1  1
  0 -1  0  0 0  0
  0 -1  1  0 0 -1
  1  0  1  1 1  0
 -1  1 -1 -1 0  1
  1 -1  1  0 1  0
6	% 
 0  0 -2  0  0 -1
 0 -1 -1 -1  0 -1
 0  0 -1  0  1  0
 0  0 -1 -1  0 -1
 1  1  2  1 -1  1
 1  0 -1 -1  1 -1
1,1,1,1;1,1 1 2
8 
#4 
6	% 
 0  0 0  0 1  0
 0  0 0  0 0  1
 0 -1 1 -1 0 -1
 1  0 0  0 0  0
 0  1 0  0 0  0
 0  0 1  0 0  0
6	% 
 0  0 0  0  1 0
 0  0 0 -1  1 0
 0  0 0  1  1 1
 0 -1 1  0  0 0
 1  1 0  0 -1 0
 0  1 0  0  1 0
6	% 
  1  0  0  0  0  0
  1  0 -1  0  0  0
  0 -1 -1 -1 -1 -1
  0  0  0  0  1  0
 -1  1  1  1  1  0
  1 -1 -1  0  0 -1
6	% 
  0 1  1 0 1  0
  0 0  0 0 0 -1
  0 1  1 1 0  1
  1 0  1 0 0  0
 -1 0 -2 0 0  0
 -1 1 -1 0 0  0
2-1;1,1,1;1 1 3
1 
#1 
6	% 
 0 0 0  0 -1 -1
 0 0 0 -1  0 -1
 0 0 0  1  1  1
 0 1 0  0  0  0
 1 0 0  0  0  0
 0 0 1  0  0  0
2-1;1,1,1;1 1 6
3 
#1 
6	% 
 0 0 0 0  0  1
 0 0 1 0  0 -1
 0 0 0 1  0 -1
 1 0 0 0  0  0
 0 1 0 0  0  1
 0 0 0 0 -1  0
1,1,1,1;1,1 1 3
15 
#3 
6	% 
  1  0  0 0  0  0
  2 -1  1 0  0 -1
 -1  0 -1 0 -1  0
 -1  1  0 0  0  0
  2  0  1 0  0  0
  0 -1  0 1  0 -1
6	% 
 1  1  1 1  1  1
 0  1  1 0  0  3
 0 -1  0 0 -1 -1
 0  0 -1 0  0 -2
 0  1  0 0  0  2
 0  0  1 1  0  0
6	% 
  0 -1 -2 -1 -1 -1
  0  1 -1  0  0 -1
  0  1  1  1  0  0
 -1 -1  0 -1  1  2
 -1  0 -1 -1  1  0
  0 -1 -1  0 -1 -1
1,1,1;1,1,1 1 1
1 
#1 
6	% 
  0 -1 -1  0  0  0
 -1  0 -1  0  0  0
  1  1  1  0  0  0
  0  0  0  0 -1 -1
  0  0  0 -1  0 -1
  0  0  0  1  1  1
1,1,1;1,1,1 1 3
15 
#3 
6	% 
  0  1 -1 0  0  1
 -1  0  0 0  0  0
  1  1  0 0 -1  0
  0 -1  0 0  0  0
  1  0  1 1  0 -1
  0  0 -1 0  0  0
6	% 
  0 0  0  0  0 -1
  0 1 -1  1 -1 -1
  1 0  1  0  1  1
  0 0 -1  0  0  0
  0 0  1 -1  0  0
 -1 0 -1  0  0  0
6	% 
 -1  1 -2 0 0 0
  0  1  1 0 0 1
  0  0 -1 0 0 0
  1  0  2 1 0 0
  0 -1  0 0 0 0
 -1  1 -1 0 1 1
2-1;1,1;1,1 1 5
3 
#1 
6	% 
 0 0 0 -1 -1 -2
 0 0 1 -1  1  1
 0 0 0  0  1  1
 1 0 0  0  0  0
 0 1 0  1 -1 -1
 0 0 0  1  0  0
1,1,1,1;1;1 1 4
3 
#2 
6	% 
  0  0  0 -1 0  0
  0  0  0  0 0 -1
  0  2 -2  3 1  1
  0 -1  1 -2 0  0
 -1  0 -1  1 0  0
  0  0 -1  1 0  0
6	% 
  0 0 0 0 0 -1
  0 0 0 1 0  0
 -1 0 0 0 1  1
  1 0 0 0 0  0
  0 1 0 0 0  0
  0 0 1 0 0  0
1,1,1;1,1;1 1 10
18 
#3 
6	% 
 0 -2  2 -1 -1 -1
 0 -1  1  0  0  0
 0  4 -4  0  1  1
 1 -1  1  0  0 -1
 0  0  1  0  0  0
 1  1  1  0  0  0
6	% 
  2  0  0  1 1 -1
  1  0  0  0 0  0
 -4  0  0 -1 0  1
  1  0  0  1 1  0
  0  0 -1  0 0  0
 -1 -1 -1  0 0  0
6	% 
  0  0  0 -1  1  1
  1  1  1 -1  1  1
 -1 -1 -1  3 -2 -2
  1  0  0  0  1  0
  0  0  1 -1  0  1
  0 -1  1  0  0  0
1,1,1;1,1;1 1 4
8 
#4 
6	% 
  0  0  0  1 0 1
  0  0  0  1 0 0
  0  0  0 -1 1 0
  1  0 -1  0 0 0
  1  0  0  0 0 0
 -1 -1 -1  0 0 0
6	% 
  0  0  0  1 0 1
  0  0  0  1 0 0
  0  0  0 -1 1 0
  0 -1  0  0 0 0
 -1 -1 -1  0 0 0
  0 -1  1  0 0 0
6	% 
  0 -1 -1  0  0  0
 -1  0 -1  0  0  0
  1  1  1  0  0  0
  0  0  0 -1  0 -1
  0  0  0 -1 -1 -2
  0  0  0 -1  1  1
6	% 
  0  0  0  0  1  0
  0  0  0  0  1  1
  0  0  0 -1 -1 -1
 -1 -2 -1  0  0  0
  0 -2 -1  0  0  0
 -2 -1 -1  0  0  0
1,1,1;1,1;1 1 7
30 
#6 
6	% 
  1 -1 1  0  0  0
  2  0 0  1  1 -1
 -3  0 0 -2 -2  2
  1  0 0 -1  0 -1
  0  0 0 -1  0  0
  0 -1 0  0  0  0
6	% 
  0 -1 -1  0  0  0
  2  0  0  1  1 -1
 -3  0  0 -2 -2  2
  1  0  0  2  1  0
  0  0  0  2  1  1
  0 -1  0  0  0  0
6	% 
 0  0  0 -1 -1  3
 0  1 -1  0  0  2
 0 -2  2  0  0 -5
 1  1  0  0  0  1
 1  0  0  0  0  0
 0  0  0 -1  0  2
6	% 
  0  0  0 1 1 -1
 -2 -1 -1 0 0  0
  4  2  2 0 0  1
 -1  0  0 0 0  0
  0  2  1 0 0  0
  0  0  0 1 0 -1
6	% 
  2 0 0  1  1  1
  1 0 0  0  0  0
 -2 0 0 -1 -1 -2
  1 1 0  0  0  0
  1 1 1  0  0  0
  1 0 0  1  0  0
6	% 
  0 -1 1  0  0  0
  0 -2 0 -1 -1  1
  0  4 1  2  2 -2
  0 -1 0 -2 -1  0
  0  0 0 -1  0  0
 -1 -1 0  0  0  0
1,1,1,1;1;1 1 5
15 
#3 
6	% 
  0  0  0  0  1  0
 -1  0  0  0  2  0
  0  0 -1  1  2 -1
  0  0  0  0 -2  1
  0  0  0  1  3  0
 -1 -1  0 -1 -2  1
6	% 
  0 0  0 0  1 0
 -1 0  0 0  2 0
 -1 0  0 0  1 1
  1 0 -1 0 -2 0
 -1 1  0 0  2 0
  1 0  0 1  0 0
6	% 
 0  1  0 0  0  1
 0  2  0 0  0  3
 1  2  0 0  0  1
 0 -2  1 1  0 -3
 0  2 -1 0 -1  2
 1 -1  1 0  0 -1
1,1,1,1;1;1 1 6
6 
#3 
6	% 
 0  1  1  1  1  1
 0  1  1  1  1  0
 0  1  1  1  0  1
 1 -1 -1 -1 -1 -1
 0  2  1  1  1  1
 1  0  1  0  0  0
6	% 
  1  0  0 0 0 0
  0  1  0 0 0 0
  0  0  1 0 0 0
 -1 -1 -1 0 0 1
  1  1  1 0 1 0
  0  0  0 1 0 0
6	% 
  0  0 0 0 1 0
  0  0 0 0 0 1
  0  0 0 1 0 0
  0  1 0 0 0 0
 -1 -1 0 0 0 0
  1  1 1 0 0 0
1,1,1;1,1;1 1 11
48 
#6 
6	% 
 0 -3 -3 -4 -2 -2
 0 -2 -2 -1 -1 -1
 0  6  6  4  3  3
 1 -1 -1 -2 -1 -1
 0 -1 -1  0  0 -1
 0 -1 -2 -2 -1 -1
6	% 
 0  0  0 -1 -1  1
 0 -1 -1 -1 -1  1
 1  2  2  3  3 -3
 0  0  0  0  0  1
 0  0 -1 -1 -1  0
 0  0  0  0 -1  0
6	% 
  0  2  0  1  1  1
  0  1  1  1  1  1
  0 -2 -1 -2 -2 -2
  0  1  0  0  0  1
 -1  0  0  0  0  1
  0  1  0  1  0  0
6	% 
  0  0 0  1  1  1
 -1 -2 0  0  0  0
  2  3 1 -1 -1 -1
  2  0 0  1  1  0
 -1 -1 0  0  0  0
  0  0 0  1  0  0
6	% 
 0 -1  1 -2  0  0
 0  0  0 -1  1  1
 0  1 -1  4 -1 -1
 0  0  1 -1  0  0
 0  0  0  0  1  0
 1  0  1 -1  0  0
6	% 
 0 -1 -1  0  0  0
 0  1  1  1  3 -1
 0  0  0 -1 -4  1
 0  0 -1  1  1  1
 0  0  1  0  1 -1
 1  0  0  0  0  0
1,1;1,1;1,1 1 4
15 
#3 
6	% 
  0  0  0 -1  0  0
 -1 -1 -1  0  0  0
  1  0  1 -1 -1  1
  0  0  0  2  1  0
  0  0  0 -1  0 -1
 -1 -1  0 -1 -1  1
6	% 
  1 1  1  0  0 0
  0 0  0 -1  0 0
 -2 0  0  0  0 1
  0 0 -1  0  0 0
  1 0  1  0  0 0
 -2 0  0 -1 -1 0
6	% 
 0 0 0 1 2 -1
 0 2 1 0 0  0
 1 0 0 0 0  0
 0 0 0 0 0  1
 0 0 0 1 1  0
 1 1 1 0 0  0
1,1,1;1;1;1 1 14
2 
#2 
6	% 
  0  0 0 1  0  1
  0  0 0 0 -1  0
  0  0 0 0  0 -1
  0  1 0 0  0  0
 -1 -1 0 0  0  0
  1  1 1 0  0  0
6	% 
  0 -1 -1 0 0 0
 -1  0 -1 0 0 0
  1  1  1 0 0 0
  0  0  0 0 0 1
  0  0  0 0 1 0
  0  0  0 1 0 0
1,1;1,1;1;1 1 26
24 
#5 
6	% 
  0  0  0 -1  0  0
  0  1 -1  3  2 -1
  0  1 -1  0  1 -2
 -1 -1  0 -1 -1  1
  0  1  0  1  1 -1
 -1 -1 -1  0  0  0
6	% 
 1  0  0 0  0  0
 0  2 -1 1  1  1
 0  1 -2 1  1  1
 0 -1  1 0 -1 -1
 0  1 -1 1  1  0
 0  0  0 0 -1  0
6	% 
  0  1  0  0  0  0
 -3 -1 -1 -2 -2 -2
 -3 -2 -2 -2 -2 -2
  2  1  1  1  2  2
 -2 -1 -1 -2 -2 -1
  0  0  0  0  1  0
6	% 
  0 -1 1  0  0  0
 -2  1 0 -1 -1 -1
 -3 -1 0 -1 -1 -1
  1  0 0  0  1  1
 -1  0 0 -1 -1  0
  0  0 0  0  1  0
6	% 
  0  0  0 -1 -1  2
  0  2  2  2 -1 -2
  0  2  2  1 -2 -1
 -1 -2 -2 -1  1  1
  0  2  1  1 -1 -1
 -1 -1  0  0  0  0
1,1,1;1;1;1 1 16
24 
#5 
6	% 
 0 0 0  0 -1  0
 0 0 0 -1 -4  0
 0 0 0  0  3 -1
 0 1 0  0 -2  0
 1 1 0  0 -2  0
 1 1 1  0  0  0
6	% 
  1  0  0 0 0  0
  2 -1  0 0 0  0
 -3  0 -1 0 0  0
  2  0  0 1 1  0
  2  0  0 1 0 -1
  0  0  0 1 0  0
6	% 
  1  0 0 0 0  0
  3 -1 0 0 0  0
 -3  0 1 0 0  0
  2  0 0 1 1  0
  2  0 0 1 0 -1
  0  0 0 1 0  0
6	% 
 0 0  0 0  0 -1
 0 0  0 1  0 -4
 0 0  0 0 -1  3
 0 0 -1 0  0 -2
 1 0  0 0  0 -2
 1 1  0 0  0  0
6	% 
 0 1  0  0  0  0
 1 0 -1 -1 -1 -1
 1 1  2  1  1  1
 0 0 -1  0  0 -1
 0 0 -1  0 -1 -1
 0 0  0  1  0 -1
1,1,1;1;1;1 1 6
1 
#1 
6	% 
  0 0 0  0  1  0
  0 0 0  0  1  1
  0 0 0 -1 -1 -1
 -1 0 0  0  0  0
  1 0 1  0  0  0
  1 1 0  0  0  0
1,1;1,1;1;1 1 20
9 
#2 
6	% 
  0  0  0 -1  0 0
  0  1 -1  0  0 1
  0 -1  1  0  0 0
 -1  0 -1  0  0 0
  0  1 -1 -1 -1 0
  0  0 -1  0  0 0
6	% 
  0  0  0 -1  0 0
  0  0  0  0  0 1
 -1  0  0  0  0 0
  0 -1  0  0  0 0
  0  0  0 -1 -1 0
  0  0 -1  0  0 0
1,1,1;1;1;1 1 8
9 
#2 
6	% 
  0  0  0 0 1 0
  0 -1  1 0 0 1
 -1  0 -1 0 0 0
 -1  0  0 0 0 0
  0  1 -1 1 1 0
 -1 -1  0 0 0 0
6	% 
  0  0 0 0 1 0
 -1  0 0 0 1 1
  0 -1 0 0 0 0
  0 -1 1 0 0 0
  1  0 0 1 0 0
 -1 -1 0 0 0 0
2-1;1,1;1;1 1 15
3 
#1 
6	% 
 0 0 0 -1 -1 -2
 0 0 1  0  0  0
 0 0 0  0  1  1
 1 0 0  0  0  0
 0 1 0  0  0  0
 0 0 0 -1  0  0
2-1;1,1;1;1 1 29
3 
#1 
6	% 
 -1 0 0 0 0 0
  1 1 0 0 0 0
  1 0 1 0 0 0
  0 0 0 0 0 1
  0 0 0 0 1 0
  0 0 0 1 0 0
1,1;1,1;1;1 1 29
18 
#2 
6	% 
  0 -1  1 -2 -2 -2
  4  1  0  2  2  0
  3  0 -1  2  2  0
 -2  0  0  0 -1  0
 -2  1 -1  1  1  2
  0 -1  1 -2 -1 -1
6	% 
 -1  0  0  0  0  0
 -1 -2 -1 -1 -1  1
 -1 -1 -2 -1 -1  1
  1  1  1  0  1  0
  0  1  1  0  0 -1
  1  0  0  1  0  0
1,1;1,1;1,1 1 11
6 
#1 
6	% 
  1  0  0  1  1 -1
 -1 -2  1  1  3  4
  0 -1  2  3  1  2
  0  1 -1 -1 -2 -2
 -2  1 -1 -3 -3  0
  2  0  0  1  2 -1
1,1;1,1;1;1 1 8
15 
#3 
6	% 
  2  1 -1 0  0  0
  0  0  0 1  1 -2
  0  0  0 0 -1  1
 -1 -1  0 0  0  0
  0  0 -1 0  0  0
  0  0  0 1  0 -2
6	% 
 -1 -1 -1 0  0  0
  0  0  0 1  1 -2
  0  0  0 0 -1  1
  1  1  0 0  0  0
 -1  0 -1 0  0  0
  0  0  0 1  0 -2
6	% 
 0 0 0  1 1 -2
 0 2 1  0 0  0
 1 0 0  0 0  0
 0 0 0 -1 0  2
 0 0 0  0 1 -1
 1 1 1  0 0  0
1,1;1,1;1;1 1 37
18 
#2 
6	% 
 -1 -1 0 -1 -1  1
  0  0 0  0 -1  0
  1  0 0  0  0 -2
  0  1 1  1  1  2
  0  0 1  1  1  1
  0  1 1  2  1  1
6	% 
 0  1 -1 0 0 1
 1  1  0 0 0 0
 0 -2  0 0 1 0
 0  1  0 0 0 0
 0  1  1 1 0 0
 1  1  1 0 0 0
1,1;1,1;1,1 1 12
6 
#1 
6	% 
  0  1  1  1  0 0
  0 -1  0 -1  0 0
  0  0  0  0  1 0
 -1 -1  0 -1  0 1
  0  1  1  0  0 1
 -1 -1 -1 -1 -1 0
1,1;1;1;1;1 1 10
3 
#1 
6	% 
 0 0 0 1 0  0
 0 0 0 0 1  0
 1 0 1 0 0  0
 1 0 0 0 0  0
 0 0 0 1 0 -1
 1 1 0 0 0  0
1,1;1;1;1;1 1 37
9 
#2 
6	% 
 0  1 -1  2 -2 -2
 0 -1  0 -1  1  1
 1  0  1 -1  1  1
 0  2 -2  4 -3 -3
 0 -2  2 -3  4  3
 0  0  0  0  0  1
6	% 
  1 0 0  0  0 0
  0 0 1  0  0 0
  0 1 0  0  0 0
  3 0 0  0 -1 0
 -3 0 0  0  1 1
  0 0 0 -1 -1 0
1,1;1;1;1;1 1 38
8 
#4 
6	% 
 2 1 -1  0 0 0
 0 0  1  0 0 0
 1 1  0  0 0 0
 0 0  0 -1 0 1
 0 0  0  1 0 0
 0 0  0  1 1 0
6	% 
  0  0 0 0  0  1
  0  0 0 1  0 -2
  0  0 0 0 -1  1
 -1 -1 0 0  0  0
  1  1 1 0  0  0
  0  1 0 0  0  0
6	% 
 -1 -1 -1  0 0 0
  1  0  1  0 0 0
 -1 -1  0  0 0 0
  0  0  0 -1 0 1
  0  0  0  1 0 0
  0  0  0  1 1 0
6	% 
 0 2 1  0 0 0
 1 0 0  0 0 0
 1 1 1  0 0 0
 0 0 0 -1 0 1
 0 0 0  1 0 0
 0 0 0  1 1 0
1,1;1;1;1;1 1 50
9 
#2 
6	% 
  0  0  0 -1  0  0
 -1  0 -1  0  0  0
  0  1  1  2  1 -2
  0  1  0  1  1 -1
 -1  0  0  1  1 -1
  0 -1 -1 -2 -2  1
6	% 
 -1 0  0  0  0  0
  0 0  0  0 -1 -1
  1 1  0  1  1 -1
  0 1 -1  1  1 -2
  0 1 -1  2  1 -2
  0 0  1 -1 -1  1
1;1;1;1;1;1 1 33
1 
#1 
6	% 
  0 0  0 0 0 1
  0 1  0 0 0 0
  0 0  0 0 1 0
 -1 0  0 0 0 0
 -1 0 -1 0 0 0
  0 0  0 1 0 0
1;1;1;1;1;1 1 26
1 
#1 
6	% 
 -1 0 0  0  0 0
  1 0 1  0  0 0
  1 1 0  0  0 0
  0 0 0 -1  0 1
  0 0 0  1  0 0
  0 0 0 -1 -1 0
