#49

1;1;1;1;1;1 1 19
1 
#1 
6	% 
 1 0 0 0 0 0
 0 1 0 0 0 0
 0 0 1 0 0 0
 0 0 0 1 0 0
 0 0 0 0 1 0
 0 0 0 0 0 1
1,1,1,1,1,1 1 1
1 
#1 
6	% 
 1 0 0 0 0 0
 0 1 0 0 0 0
 0 0 1 0 0 0
 0 0 0 1 0 0
 0 0 0 0 1 0
 0 0 0 0 0 1
1,1,1,1,1;1 1 2
6 
#3 
6	% 
  0  0 0  1  0 -1
  0  1 0  0  0 -1
  1  1 1  1  1  0
  0  0 0  0  1 -1
 -1 -1 0 -1 -1  1
  0  1 1  1  1 -1
6	% 
  0  0  0  0 -1  0
 -1  0  0  0  0  0
 -1  0  1  0 -1 -1
 -1 -1 -1  1 -1 -1
  1  0  0 -1  1  2
 -1 -1  0  0 -1 -1
6	% 
  0 -1 -1 -2 -1  0
 -1 -1 -1 -1 -1  0
  0  0 -1 -1 -1 -1
  0 -1  0 -2 -1  0
  0  1  1  2  1  1
  0 -1 -1 -2 -2  0
1,1,1,1;1,1 1 3
12 
#3 
6	% 
  0  1  0 -1 1  0
 -1 -1 -1  1 0 -2
  0 -1  0  0 0  0
  0  1  1  0 0  1
 -1  0  0  1 0 -2
  0  0  0 -1 0  1
6	% 
  0  0  0 1  0  0
  1  1  1 0  0 -1
  0  1  1 0  1  0
  0 -1 -1 0 -1  1
  1  1  0 0  0  0
 -1 -1  0 0 -1  0
6	% 
  0  0  1  0 1  1
  1  1  2 -1 0 -1
  1  1  0  0 0 -2
  0 -1 -1  0 0  1
  0  0  1 -1 0  0
 -1  0  0  1 1  0
1,1,1,1;1,1 1 1
1 
#1 
6	% 
 0 -1  0 -1  0 -1
 0  0  0 -1 -1 -1
 0 -1  0  0 -1 -1
 0  1  0  1  1  1
 0  0 -1  0  0  0
 1  0  1  0  0  0
1,1,1,1;1,1 1 2
2 
#2 
6	% 
 1  0  0 0  1  1
 0  0 -1 0  1  0
 0  0  1 0  1  1
 0 -1  0 1 -1  0
 0  1  0 0  0 -1
 0  1  0 0  1  0
6	% 
  0 1  0  1  0 -1
 -1 0  0  0  0  0
  0 0 -1  0  0  0
  0 0  0  0  2  1
  0 0  0 -1  0  0
  0 0  0  1 -1 -1
1,1,1;1,1,1 1 4
4 
#1 
6	% 
 0 0 0 -1 -1 -1
 0 0 0  0  0 -1
 1 0 0  0  1  1
 0 1 0  0 -1 -2
 0 0 1  0  1  1
 0 0 0  0 -1  0
1,1,1;1,1,1 1 2
4 
#2 
6	% 
  0 -1  0 1 -1 -1
  0  0  0 0  0  1
 -1  0  0 0  0  0
  0  0 -1 0  0  0
  1  1  1 0  0  0
  1  0  1 1  0 -1
6	% 
  0 0 -1  0 -1  1
  1 0  0  0  1 -1
  0 0  0 -1 -1 -1
  0 1  0  1  0 -1
 -1 0  0  0  0  1
  1 0  0  0  1  0
1,1,1;1,1,1 1 3
2 
#1 
6	% 
 -1 -1  1 -1  0  1
  0  0  0  0  0  1
  0  0  1  0  1  0
  0  1 -1  0  0 -1
  1  0  0  0  1  0
 -1 -1  0  0 -1  0
1,1,1;1,1;1 1 7
4 
#2 
6	% 
 -1 0 -1 0  0 -2
  0 0  0 0  1 -1
  0 0  0 0 -2  1
  0 0  0 1  0 -1
  0 1  0 1  0 -1
 -1 0  0 0  0 -1
6	% 
 -1  0 -1 0  0  0
  0 -2  0 0 -1  1
  1  3  1 1  1 -2
  0 -1  0 0 -1  0
  0  0  0 0  1  0
 -1  0  0 0  0  0
1,1,1;1,1;1 1 9
16 
#4 
6	% 
  0 0 0 0 -1 -1
  0 0 0 1  0  0
  0 1 0 0  1  0
  0 0 0 0  0 -1
  0 0 1 0  0  0
 -1 0 1 0  0  0
6	% 
 0  1  0  1  1  0
 0  1  0  1  0  1
 0 -2  0 -2 -2 -1
 1  1  1  0  1  0
 0  0 -1  0  0  0
 1  0 -1  0  0  0
6	% 
  2  0  2  0  1  1
  2  0  1  0  1  1
 -3  0 -3  0 -2 -2
  1  0  1  0  1  0
  0  0  0 -1 -1  2
  0 -1  0 -1  0  1
6	% 
 -2 -1 0  1 -1  0
 -1  0 1  0  0  0
  3  1 0 -1  1  0
 -1  0 0  1  0  0
  0 -1 0 -1  0  0
  0  0 0  0  1 -1
1,1,1,1;1;1 1 3
1 
#1 
6	% 
 0 -1 0  0 -1 -1
 0 -1 0 -1  0 -1
 0  0 0 -1 -1 -1
 0  1 0  1  1  1
 0  0 1  0  0  0
 1  0 0  0  0  0
1,1,1,1;1;1 1 5
12 
#3 
6	% 
  0  0  0  0  0 -1
 -1 -1 -1  1 -1  0
 -1  0 -1  1  0 -1
  1  1  2 -1  1  1
 -2 -1 -1  1 -1 -1
  1  1  1  0  0  0
6	% 
  0 0 0 -1  1  0
  0 1 0 -1  1  0
  0 0 1  0  1 -1
  0 0 0  1 -2  0
  0 0 0 -1  1 -1
 -1 0 0  0 -1  1
6	% 
  1  0 0  0  0  0
  1 -1 1  1  1  2
  0  0 0  1  0  0
 -1  1 0 -1 -1 -1
  1 -1 0  1  0  2
  0  1 0  0  0 -1
1,1,1;1,1;1 1 12
24 
#3 
6	% 
 1 0 1  0  0  0
 0 0 0  0 -1  1
 0 1 0 -1  1  0
 0 0 0  0  0  1
 0 1 0  0  0 -1
 1 0 0  0  0  0
6	% 
  0 -1  0  1  2  3
 -2 -2  2  2  1  3
  3  4 -3 -4 -4 -8
 -1 -1  1  1  1  1
  2  2 -1 -2 -2 -4
  0  0  0  1  1  1
6	% 
  0  0  0  0 -1 -1
 -1 -1 -1  1  0  1
  2  1  2 -1  2  1
  0  0 -1  1  0  0
  1  0  1 -1  1  1
  0  0  0  0  0 -1
1,1,1,1;1;1 1 4
1 
#1 
6	% 
  1  0 0 0  0  0
  0  0 0 0  1  0
 -3  0 1 0 -2 -1
  2  0 0 0  1  1
 -1 -1 0 0 -1  0
 -1  0 0 1 -1 -1
1,1,1;1,1;1 1 2
4 
#2 
6	% 
 0 -1 0  1 0 -1
 0  0 0  0 1  0
 0  1 0 -1 0  0
 1  0 0  0 0  0
 0  0 1  0 0  0
 0  0 0  1 0 -1
6	% 
 0 0 0  0  1  1
 0 0 0 -1  0  0
 0 1 0  1 -1 -2
 1 0 0  0  0  0
 0 0 1  0  0  0
 0 0 0  0  1  0
1,1,1;1,1;1 1 10
4 
#1 
6	% 
 -1 0 -1 0 -2 -2
 -1 0 -1 0 -3 -1
  3 0  3 0  7  4
  0 0 -1 0 -1 -1
 -1 0  0 1 -2 -1
  0 1  0 1  0 -1
1,1,1;1,1;1 1 5
2 
#1 
6	% 
  2  1  0 -1  1  0
  1  0 -1  0  0  0
 -2 -1  1  1 -1  0
  1  1  0  0  0 -1
  0  0  0  0 -2 -1
  0  1  0  1  0 -1
1,1,1;1,1;1 1 6
2 
#1 
6	% 
 0 0  0 0  1  1
 1 0  0 0  1  1
 0 0 -1 0 -2 -2
 0 0  0 1  0  0
 0 1  0 1  0 -1
 0 0  0 0  1  0
1,1,1;1,1;1 1 11
4 
#1 
6	% 
  2 0 -2  2 -1 -1
  1 0 -1  0  0  0
 -3 1  3 -1  1  0
  1 0 -1  1 -1 -1
  1 0  0  0  1  1
  1 0 -1  1  0 -1
1,1,1,1;1;1 1 6
1 
#1 
6	% 
 0 -1 0 -1 0 1
 1  0 0  0 0 0
 0  0 1  0 0 0
 0  0 0  1 0 0
 0  0 0 -1 1 0
 0  0 0  0 0 1
1,1;1,1;1;1 1 25
16 
#2 
6	% 
  0  0 0  0 -1  0
  0  0 1  0  1 -1
  0  0 0 -1  0  0
  0  0 0  0  0 -1
  0 -1 0  0  0  1
 -1  0 0  0 -1  1
6	% 
  0 -1 0  0  0 1
  0  1 1 -1  1 0
  0  0 0  0 -1 0
  0  0 0 -1  1 1
  0  0 0  0  0 1
 -1 -1 0  1 -1 0
1,1,1;1;1;1 1 8
2 
#1 
6	% 
 0 0  0 0 -1  2
 0 0 -1 0  0 -3
 0 1  0 0  0  1
 0 1  0 1  0 -1
 1 0  0 0  0  3
 0 1  0 0  1 -2
1,1,1;1;1;1 1 10
4 
#2 
6	% 
 0 -1  0  1 -1 -1
 0  0  0  0  1 -1
 0  0  0 -1  0  1
 0  0 -1  0  0  0
 1  0  0  0  0  0
 0 -1  0  0  0  0
6	% 
 0 0  0 -1 -1 -1
 0 1  0  1  0 -1
 0 0  0  0  0  1
 0 0 -1  0  0  0
 1 0  0  0  0  0
 0 0  0  0 -1  0
1,1,1;1;1;1 1 15
8 
#1 
6	% 
 -1 0 -1 1  0 -1
  1 0  1 0  0 -1
  0 0  1 0  0  0
  1 1  1 0  0  0
 -1 0  0 0  0  0
 -1 0 -1 0 -1  0
1,1;1,1;1;1 1 10
4 
#1 
6	% 
  0 0 0 0  3  2
  0 1 0 0  0 -1
  0 0 0 0 -1 -1
  0 0 1 0  0  0
 -1 0 0 0  0  0
  0 0 0 1 -1 -1
1,1;1,1;1,1 1 10
8 
#1 
6	% 
 0  1 -1 1 0 -1
 0  0  0 0 0  1
 0 -1  0 0 0  1
 1  1  0 1 0 -1
 0  0  0 1 0  0
 0  0  0 0 1  0
1,1;1,1;1,1 1 6
2 
#1 
6	% 
  0  0  0  0  3  2
  1  0  0 -1  0  0
  0  0  0  0 -1 -1
 -1  1  0  1  0 -1
  0 -1 -1 -1  0  1
  0  1  1  0  0 -1
1,1;1,1;1;1 1 24
4 
#1 
6	% 
  0 1 0 -1  1  0
 -1 0 0  0  0  0
  0 0 1  0  0  0
  0 0 0  0 -1  0
  0 0 0  1 -1 -1
  0 0 0 -1  1  0
1,1;1,1;1,1 1 9
2 
#1 
6	% 
  0 1  0  1  0 -1
 -1 0  0  0 -1 -1
  0 0 -1  0 -1 -1
  1 0 -1  0 -1  0
  1 0 -1 -1  0  1
  0 0  0  1  0  0
1,1,1;1;1;1 1 16
2 
#1 
6	% 
 0 -1  0 -1  0  1
 1 -3  0 -1 -1  2
 0  3 -1  1  1 -2
 0 -2  0 -1 -1  1
 0 -2  0 -1  0  1
 0  0  0  0  0 -1
1,1;1,1;1,1 1 5
2 
#1 
6	% 
 0  0 -1  0  0  0
 1  0  1  0  0  0
 0  1  0  0 -1 -2
 0 -1  0  0  0  2
 0  0  0 -1 -1 -1
 0  0  0  1  1  0
1,1;1,1;1,1 1 2
1 
#1 
6	% 
 0  0  0 0  2  1
 0  0 -1 0  0  0
 1  0  1 0  0  0
 0 -1  0 1 -1  0
 0  1  0 0  0 -1
 0  1  0 0  1  0
1,1;1,1;1;1 1 34
2 
#1 
6	% 
 0  0 0 -1 0  1
 0 -1 0  0 0  1
 0  0 1  0 0  0
 0  0 0  1 0  0
 0  1 0  0 1 -1
 1  0 0  0 0  0
1,1;1,1;1;1 1 19
1 
#1 
6	% 
 0  0 0 0  2  1
 0 -1 0 1 -1  0
 0  1 0 0  0 -1
 0  0 1 0  0  0
 0  1 0 0  1  0
 1  0 0 0  0  0
1,1,1;1;1;1 1 13
2 
#1 
6	% 
  1  0  0 0  0  0
  1  0 -1 0  0  0
  1 -1 -1 0 -1  0
  0  0  0 1  0 -1
  1  0 -1 0  0 -1
 -1  0  1 0  1  0
1,1;1,1;1;1 1 9
4 
#1 
6	% 
 0  0 -1  0  0  0
 1  0  1  0  0  0
 0  0  0  0  0  1
 0  0  0 -1 -1 -1
 0  0  0  0 -1  0
 0 -1  0  0  1  2
1,1;1,1;1;1 1 28
8 
#1 
6	% 
 0 -1 1 0  1  2
 0  0 0 1  0  0
 1  1 0 0  2  1
 0 -1 0 0  0  0
 0  0 0 0  0 -1
 0  0 0 0 -1  0
1,1,1;1;1;1 1 12
2 
#1 
6	% 
 -1  0  0  0 0  0
  0  0 -1  0 0  0
  1  0  1 -1 0  0
 -1 -1 -1  0 0  0
  0  0  0  0 1  0
  0  0  0  0 0 -1
1,1;1,1;1;1 1 5
1 
#1 
6	% 
 0 0 0  0  3  2
 1 0 0  0  0  0
 0 0 1  0  0  0
 0 0 0  0 -1 -1
 0 1 0  0  1  0
 0 0 0 -1  1  1
1,1;1,1;1;1 1 35
2 
#1 
6	% 
  2 0  1  0  0 -2
  0 0  0 -1  1  1
 -1 0 -2  0 -2  0
  0 1  0  0  1  0
  1 0  1  0  0 -1
 -1 0 -1  0 -1  0
1,1;1,1;1;1 1 11
1 
#1 
6	% 
 0 1  0  1  0 -1
 0 0 -1  0  0  0
 1 0  1  0  0  0
 0 0  0 -1  0  0
 0 0  0  1 -1  0
 0 0  0  0  0 -1
1,1;1,1;1;1 1 30
2 
#1 
6	% 
  0 -1 -1 -1 0  1
  0  1  1  0 0 -1
 -1  1  0  1 0 -1
  1  0  0 -1 0  0
  0  0  0  0 1  0
  0  0  0  0 0 -1
1,1;1;1;1;1 1 16
1 
#1 
6	% 
 0 0 0  0 1  0
 0 0 0  0 1  1
 0 0 1  0 0  0
 0 0 0 -1 0  0
 1 0 0  0 0  0
 0 1 0  0 0 -1
1,1;1;1;1;1 1 30
4 
#1 
6	% 
 -2  0 -1 0 -2  2
  1 -1  1 0  1 -1
  1  0  2 0  2 -2
  0  0  0 1  0  0
 -1  0 -1 0 -1  2
  1  0  1 0  2 -1
1,1;1;1;1;1 1 28
4 
#1 
6	% 
 0 0 0 0 -1  0
 0 0 0 1  1  1
 0 0 1 0  0  0
 0 0 0 0  0  1
 1 0 0 0  0  0
 0 1 0 0 -1 -2
1,1;1;1;1;1 1 40
1 
#1 
6	% 
 0 1 0 1  0 -1
 0 0 1 0  0  0
 1 0 0 0  0  0
 0 0 0 1  0 -1
 0 0 0 1 -1 -1
 0 0 0 0  0 -1
1,1;1;1;1;1 1 29
4 
#1 
6	% 
  0  0 1 0  0  0
  0  0 0 1 -1 -1
 -1  0 0 0  0  0
  0 -1 0 0 -1  1
  0  0 0 0  0  1
  0  0 0 0 -1  0
1,1;1;1;1;1 1 27
1 
#1 
6	% 
 1  0 0 0 0  0
 0  0 1 0 0  0
 0  0 0 1 0 -1
 0 -1 0 0 0  1
 0  0 0 0 0  1
 0  0 0 0 1  0
