#129

5-1;1 3 1
1 
#1 
6	% 
 1 0 0 0 0 0
 0 1 0 0 0 0
 0 0 1 0 0 0
 0 0 0 1 0 0
 0 0 0 0 1 0
 0 0 0 0 0 1
1,1,1,1,1,1 1 1
1 
#1 
6	% 
 1 0 0 0 0 0
 0 1 0 0 0 0
 0 0 1 0 0 0
 0 0 0 1 0 0
 0 0 0 0 1 0
 0 0 0 0 0 1
1,1,1,1,1;1 1 1
1 
#1 
6	% 
  0  0  0 -1  0 0
 -1  0 -1 -1 -1 0
 -1 -1  0 -1 -1 0
  0 -1 -1  0 -1 0
  1  1  1  1  1 0
  0  0  0  0  0 1
2-1;1,1;1,1 1 5
60 
#1 
6	% 
  0  1 0  0  1 1
  1  0 0 -1  0 0
  1 -1 0  0  0 0
  0  0 1  1  1 0
 -1  0 0 -1 -1 0
 -1  0 0  0 -1 0
2-1;1,1,1;1 1 8
120 
#1 
6	% 
  2  1 -1  1 1  1
  0  0  0  0 0  1
 -1 -1  1  0 0 -1
 -1  0  1 -1 0 -1
  1  1  0  1 1  1
  1  1 -1  1 1  1
2-1;1,1,1;1 1 6
60 
#1 
6	% 
  0  0  0  0  0 1
  1 -1  0  1  1 0
  1  0  0  0  1 0
  0  0 -1 -1 -1 0
 -1  1  0  1  0 0
 -1  1  0  0  0 0
2-1;1,1;1,1 1 9
120 
#1 
6	% 
  2  1 -1  1  1 0
  0  1 -1 -1  0 1
 -1 -1  1  0  0 0
 -1 -1  0 -1 -1 0
  1  0 -1  1  0 0
  1  1 -1  1  1 0
1,1,1,1;1,1 1 2
35 
#3 
6	% 
  0 1  0 0  0  1
  0 0  0 0  1  1
 -1 0  0 0 -2 -1
  0 0 -1 1  0  0
  1 0  1 0  1  0
 -1 0  1 0  0  0
6	% 
 -1 -1 -1 -1 -2  0
 -1 -1  0  0 -1  0
 -2 -1 -1 -2 -3  0
  0  0  0  0  1  1
  2  1  1  1  2 -1
 -2 -1 -1 -1 -3 -1
6	% 
  0  0 0 -1  0  0
 -1 -1 0 -2 -1  0
  0  1 1  0  1  0
  0  0 0  0  0  1
  1  0 0  1  0 -1
 -1  0 0 -2 -1 -1
2-1;1,1;1,1 1 6
30 
#1 
6	% 
  0 0 0 0 -1 -1
 -1 0 0 1  0  0
 -1 1 0 0  0  0
  1 0 1 0  1  0
  1 0 0 0 -1 -1
  1 0 0 0  2  1
1,1,1;1,1,1 1 3
120 
#2 
6	% 
  0  2  2  2  3 1
 -1  0  0  0  0 0
  0  1  1  1  2 0
  0 -2 -1 -1 -3 0
  0 -1 -1 -1 -1 0
  0  1  2  1  1 0
6	% 
  0  0  0  0  0 -1
  2  1 -1 -1  1  0
 -1  0  1  1  0  0
  1  0  0  0  1  0
 -1 -1  0  1 -1  0
  1  0  0 -1  0  0
1,1,1,1,1;1 1 2
25 
#2 
6	% 
 -1  0 -1 -1 -1 -1
 -2 -1 -1 -2 -2 -1
 -2 -1 -1 -1 -2  0
 -1  0 -1 -1 -1 -2
  2  1  2  2  3  2
 -2 -1 -2 -1 -2 -2
6	% 
  0 -1 -1  0  1  0
  0 -1  0  0  0  0
  0  0 -1  0  2  1
  0 -1 -1  1  0  0
 -1  1  1 -1 -2 -1
 -1 -1 -1  1  1  1
2-1',2-1';1,1 1 2
30 
#1 
6	% 
  0 0 -1 -1  0  0
  0 1  0  2  2  0
  2 0  0  0  1  1
  1 0  0  0  1  1
  0 0  0 -1 -1  0
 -1 0  0  0  0 -1
1,1,1,1;1,1 1 3
120 
#2 
6	% 
  0  0  0  1  0  0
  2  1 -1  1  1  1
  0  1  0  1  1  0
 -1 -1  0 -2 -2 -1
  1  0 -1  0 -1  1
  0  0  1  0  1  0
6	% 
  1 0 0 0 0 -1
  0 0 0 0 1 -1
 -1 0 1 0 0  0
  0 0 0 1 0  1
  0 0 0 1 1 -1
  1 1 0 0 1  0
1,1,1;1,1,1 1 2
10 
#1 
6	% 
  0  1  0 0 0 0
  1  1  0 0 1 0
  0  0  0 0 0 1
  0  0 -1 1 0 0
 -1 -1  1 0 0 0
  1  1  1 0 1 0
2-1;1,1,1;1 1 7
30 
#1 
6	% 
  1 0 0 1  1  1
  0 0 0 0  0  1
  0 1 0 0  1  0
  0 0 1 0  0  0
  1 0 0 0  0  1
 -1 0 0 0 -1 -1
2-1',2-1';1;1 1 2
30 
#1 
6	% 
  0 -1 0 -2 -2 0
  0  0 1  1  0 0
  0  0 0  0  0 1
 -1  0 0 -1 -1 0
  0  0 0  1  1 0
  1  0 0 -1  0 0
2-1;1,1,1;1 1 2
10 
#1 
6	% 
  0  0  0  1  1 0
 -1  0  0  1  1 0
  0  0  0  0  0 1
 -1 -1  0  1  0 0
  0  1 -1  0  0 0
  1 -1  0 -1 -1 0
2-1;1,1,1,1 1 2
10 
#1 
6	% 
  0  0 0  1  1  1
  0  0 0  1 -1  0
  1  0 0  1  0  1
  1  1 0  1  1  1
  0 -1 1  0  0  0
 -1  1 0 -1  0 -1
2-2;1,1,1,1 1 2
40 
#1 
6	% 
  1  1  0  0  1  1
  0 -1  1  1  1  0
 -1  0  1  1  1  0
  0  0 -1 -2 -2 -1
  0  0  2  1  2  1
  0  0 -1 -1 -2 -1
1,1,1;1,1;1 1 8
120 
#2 
6	% 
  0  1  3  1  1 0
  2  1  4  1  2 0
 -2 -2 -8 -2 -3 0
  0  1  2  0  1 0
  1  0  1  1  0 0
  0  0  0  0  0 1
6	% 
 0 -2 0 -2 -3 0
 0 -3 0 -2 -4 0
 1  5 0  5  8 0
 0 -1 1 -1 -1 0
 0 -1 0 -1 -2 0
 0  0 0  0  0 1
1,1,1,1;1;1 1 2
25 
#2 
6	% 
 0  0 1  0 1 0
 0 -1 0  0 0 0
 0  0 0 -1 0 0
 0  0 0  0 0 1
 1  0 0  0 0 0
 1  0 0  0 1 0
6	% 
  0 -1  0 0 -1 0
  0 -1 -1 1 -1 0
 -1 -1  1 0 -1 0
  0  0  0 0  0 1
  1  1  0 0  2 0
 -1 -2  0 0 -2 0
2-2;1,1,1;1 1 3
40 
#1 
6	% 
  1 -1  1  0 0 0
  1  0  0 -1 0 0
  0  0  0  0 0 1
 -1  1  0  1 1 0
  1  0  1 -1 0 0
 -1  1 -1  1 0 0
1,1,1;1,1;1 1 3
10 
#1 
6	% 
 -2  0 0  0 -1 0
 -2  0 1  1  0 0
  3  0 0 -1  1 0
 -1  0 0  0  0 0
  0 -1 0  0  0 0
  0  0 0  0  0 1
4-3';1;1 1 3
96 
#1 
6	% 
  0  0  0  0  0 1
 -1 -1  0  0 -1 0
  0  0  1 -1  0 0
  1  0  0  0  0 0
  0 -1  0 -1 -1 0
  0  0 -1  0 -1 0
2-1;1;1;1;1 1 12
30 
#1 
6	% 
  0 0 0 0  0 1
  1 1 0 0  1 0
  1 0 0 1  1 0
 -1 0 0 0 -1 0
  1 0 1 0  1 0
 -2 0 0 0 -1 0
2-1;1,1;1;1 1 17
60 
#1 
6	% 
  0 0 0 0  0 1
  1 1 0 0  1 0
  1 0 0 1  1 0
 -1 0 0 0 -1 0
  1 0 1 0  1 0
 -2 0 0 0 -1 0
2-2;2-1;1;1 1 6
40 
#1 
6	% 
  0 0 0 0 0 1
 -1 0 0 1 0 0
 -1 0 1 0 0 0
 -1 1 0 0 0 0
  1 0 0 0 1 0
  0 1 0 0 0 0
2-1;1,1;1;1 1 10
60 
#1 
6	% 
  0  0  0  0  0 1
 -1  1 -1  0 -1 0
 -1  0  0  0 -1 0
  0  0  1 -1  0 0
  1 -1 -1  0  0 0
  1 -1  0  0  0 0
2-1;1,1;1;1 1 27
60 
#1 
6	% 
 -2  0  0 0 -1 -3
  1  0  0 1  1  1
  2  0  0 0  1  2
  1 -1  0 0  0  1
  1  0 -1 0  0  1
 -1  0  0 0 -1 -1
2-1;1,1;1;1 1 25
120 
#1 
6	% 
  0 1 -1  1  0 1
 -1 1  0  0  0 0
 -2 0  0  0 -1 0
 -1 0  0 -1 -1 0
  1 0 -1  0  0 0
  1 0  0  0  1 0
3;1,1,1 1 3
40 
#1 
6	% 
  2 1 -1 1 1  0
  0 0  0 0 0 -1
  1 1  0 0 1  0
  1 0  0 1 1  0
 -1 0  1 0 0  0
 -1 0  0 0 0  0
2-1;1,1;1;1 1 24
120 
#1 
6	% 
  2  1 -1  1  1 0
  0  0  0  0  0 1
  1  0 -1  1  0 0
 -1 -1  0 -1 -1 0
  1  1 -1  0  0 0
 -1 -1  1 -1 -1 0
2-1;1,1;1;1 1 14
30 
#1 
6	% 
  4 0 0 0  2  3
  1 0 0 1  1  1
  1 1 0 0  1  1
 -1 0 0 0 -1 -1
  1 0 1 0  1  1
 -2 0 0 0 -1 -2
2-2;2-1;1,1 1 4
40 
#1 
6	% 
 -1  1 0 1 0 -1
  2 -2 0 0 1  2
 -1  1 1 0 0 -1
  3 -3 0 0 1  3
  2 -3 0 0 1  3
  3 -2 0 0 2  3
2-1;1;1;1;1 1 23
60 
#1 
6	% 
  0 0  0 0  0 1
 -1 1  0 0  0 0
 -2 0  0 0 -1 0
 -1 0  0 0  0 0
 -1 0  0 1  0 0
  1 0 -1 0  0 0
1,1;1,1;1,1 1 8
15 
#1 
6	% 
  0  0  0 0  0 1
  0  0  1 1  1 0
  0  1  0 0  1 0
  0 -1  1 0  0 0
 -1 -1  0 0 -1 0
  1  0 -1 0  0 0
1,1,1;1;1;1 1 18
10 
#1 
6	% 
 1 0 0 0  0  0
 0 0 0 0 -1 -1
 0 0 0 0 -1  0
 0 1 0 0  1  0
 0 0 1 0  1  0
 0 0 0 1  1  0
1,1;1,1;1;1 1 26
60 
#1 
6	% 
  0  1  0  0  0 1
  1 -3  0  0 -3 0
  1 -4  0  0 -3 0
 -1  3 -1  0  2 0
  1 -3  0 -1 -3 0
  0  0 -1  1  0 0
1,1;1,1;1,1 1 4
60 
#1 
6	% 
  0  2 0  0  0 1
  0  0 1  1  1 0
 -1 -1 0 -1 -2 0
  1  0 0  0  1 0
  1  1 0  0  1 0
 -1 -1 0  1 -1 0
1,1;1,1;1;1 1 20
60 
#1 
6	% 
  0  0 0 0  0 -1
 -3 -2 0 0 -4  1
  2  2 0 0  3  0
 -1 -1 1 0 -1  0
 -3 -3 0 0 -4 -1
 -1 -1 0 1 -1  0
1,1,1;1;1;1 1 16
60 
#1 
6	% 
  0  0 0 0 0 -1
 -1  0 0 0 0 -3
  1 -1 0 0 0  3
 -1  1 0 1 1 -2
 -1  1 1 0 1 -2
  0  0 1 1 1  0
1,1,1;1,1;1 1 7
300 
#4 
6	% 
 -2 1 0 0  0 -2
 -2 0 0 0 -1 -2
  4 0 0 0  2  3
 -1 0 1 0  0 -1
  0 0 1 1  1  0
 -1 0 0 0  0 -1
6	% 
 -4 -1 1  0 -1 0
 -2  0 0  0  1 0
  5  0 0  0 -2 0
 -1  0 0 -1  0 0
  0  0 0  0  0 1
 -2 -1 0  0 -1 0
6	% 
  0  0  0 0  1 0
  2  1 -1 0  1 0
 -3 -2  2 0 -3 0
  1  0 -1 0  0 0
  0  0  0 0  0 1
  0  0  0 1  1 0
6	% 
 -2  0  0 -1 -1 0
 -2 -1  1 -2 -1 0
  4  1 -1  4  2 0
 -1 -1  0 -1 -1 0
  0  0  0  0  0 1
 -1  0  0  0  0 0
1,1,1;1;1;1 1 8
60 
#1 
6	% 
  0  1  0 0  1 -1
  1 -1  0 0  0  1
 -1  0 -1 0 -1 -1
  0  0 -1 1  0  0
 -1  0  0 0  0 -1
  1  0 -1 0  0  1
1,1;1,1;1;1 1 32
30 
#1 
6	% 
  0 0  0 0 0 -1
  1 0  0 0 0  0
  0 1  0 1 1  1
 -1 1  0 0 0  1
 -1 0  0 1 0  0
  0 0 -1 1 0  0
1,1;1,1;1;1 1 22
30 
#1 
6	% 
  1  0  0 0  1 0
  0  0  0 0  0 1
  1  0  0 1  1 0
  1  0 -1 0  0 0
 -1  1  0 0  0 0
 -1 -1  0 0 -1 0
1,1,1;1,1;1 1 6
50 
#2 
6	% 
 0 0 0 0 1 0
 1 0 0 0 0 0
 0 0 0 0 0 1
 0 0 1 0 1 0
 0 0 1 1 1 0
 0 1 0 0 1 0
6	% 
 0 0  0  0 -1 0
 0 0  1  0  0 0
 0 1 -1  0  1 0
 0 0  0 -1 -1 0
 0 0  0  0  0 1
 1 0  0  0  0 0
1,1,1;1;1;1 1 13
30 
#1 
6	% 
  1 0  0 0 1  1
  0 0  0 0 1  1
  1 0 -1 0 0  1
  0 1  0 1 1  0
  1 1  0 0 1  1
 -1 1  0 0 0 -1
1,1,1;1;1;1 1 11
10 
#1 
6	% 
 1  0 0 0 0 0
 1 -1 0 0 0 0
 0  0 0 0 0 1
 0  0 1 1 1 0
 1  0 0 1 1 0
 1  0 1 0 1 0
1,1,1;1;1;1 1 3
10 
#1 
6	% 
 -1  1 0  0  0 0
  1 -2 0  0 -1 0
  0  0 0  0  0 1
  0 -1 1  0  0 0
  0  2 0  0  1 0
  0 -1 0 -1 -1 0
1,1,1,1;1;1 1 6
10 
#1 
6	% 
  1 0  0 0  0  0
  1 1  0 0  1  1
  0 0  0 0 -1 -1
 -1 0  0 1  0  0
  1 0  1 0  1  0
  0 0 -1 1  0  0
1,1,1,1;1;1 1 4
10 
#1 
6	% 
 0 1 0  0  0 0
 1 0 0  0  0 0
 0 0 0  0  0 1
 0 0 0  0  1 0
 0 0 1  0  0 0
 0 0 0 -1 -1 0
2-2;1,1;1,1 1 4
200 
#3 
6	% 
  0  0 -1 -1 -1  0
  1 -1  0  1  1  1
 -1  1  0  1  0 -1
  0  1  0  0  0 -1
 -1  0  0  0 -1 -1
 -1  1  0  0  0 -1
6	% 
  0  0 0  2  1  1
 -1  0 0 -1 -1 -1
  1  0 0 -1  0 -1
  1  0 1  0  1  0
  1  0 0  0  0  0
  1 -1 0  0  0  0
6	% 
  0  0  0  0  0 -1
 -1 -1  1 -1 -1  0
  1  1 -1  0  0  0
  1  1 -2  1  0  0
  1  2 -1  1  1  0
  2  1 -1  1  1  0
2-1;1,1;1;1 1 31
30 
#1 
6	% 
 0 0 0 0  0 1
 0 0 1 0  1 0
 0 1 0 0  1 0
 0 0 0 0 -1 0
 1 0 0 0  1 0
 0 0 0 1  1 0
2-1;1;1;1;1 1 27
10 
#1 
6	% 
 0 0 0  0 0 1
 0 0 1  0 0 0
 0 1 0  0 1 0
 0 0 0  1 1 0
 0 0 0 -1 0 0
 1 0 0 -1 0 0
2-1;1,1;1;1 1 13
30 
#1 
6	% 
 1 0 0  1 1 0
 0 0 0  0 0 1
 0 1 0  0 0 0
 0 0 1  0 1 0
 0 0 0  1 1 0
 0 0 0 -1 0 0
2-1;2-1;1;1 1 9
15 
#1 
6	% 
 0 0 0 0  0 1
 0 0 1 0  1 0
 0 0 0 1  0 0
 0 1 0 0  1 0
 1 0 0 0  0 0
 0 0 0 0 -1 0
2-1;2-1;1,1 1 5
15 
#1 
6	% 
 0 0 0 0 -4 -3
 0 0 1 0 -1 -1
 0 0 0 1  2  1
 0 1 0 0 -1 -1
 1 0 0 0  2  1
 0 0 0 0  3  2
1,1;1,1;1;1 1 33
60 
#1 
6	% 
  0 0 0  0  0 1
  0 0 1  1  0 0
  0 1 0  1  2 0
 -1 0 0  0  0 0
 -1 0 0  1  0 0
  0 0 0 -1 -1 0
1,1;1,1;1;1 1 13
180 
#2 
6	% 
 0  0  0  4  2  3
 0  0  0  1  1  1
 0  0 -1  1  0  1
 1  0  0  1  1  1
 0 -1  0 -1 -1 -1
 0  0  0 -2 -1 -2
6	% 
  0 -1 -1  0 -1 -3
 -1 -1  0 -1 -2 -1
  2  0 -1  0  1 -1
 -1 -1  0  1 -1 -1
 -1  0  1  0 -1  1
  0  1  1  0  1  2
1,1,1;1,1;1 1 10
300 
#3 
6	% 
 0  1  1 -2  0 -2
 0  2  2 -2  1 -2
 0 -5 -5  6 -2  5
 2  1  0 -1  0 -1
 0  1  1 -1  1 -1
 1  0  0  0  1  0
6	% 
 0  1  1  0  1 0
 0  1  1 -1  1 0
 0 -2 -2  2 -2 1
 1  1  0  0  1 0
 0  0  1  0  1 0
 0  0  0  1  1 0
6	% 
  0  1 -1  1  1 0
  0  2 -1  1  2 0
  0 -4  3 -3 -4 1
  0  1  0  1  1 0
 -1  1 -1  0  0 0
 -2  0  0  0 -1 0
1,1;1,1;1;1 1 12
60 
#1 
6	% 
  1 0  0  0  0 0
  0 1  1  0  1 1
  1 0 -1  0  0 0
  0 1  0 -1  0 0
  1 0  0 -1  0 0
 -1 0  0 -1 -1 0
1,1;1,1;1;1 1 16
60 
#1 
6	% 
 -1  0  0  0 -1 0
  0  0  0  0  0 1
  0  1  0 -1  0 0
  1 -1 -1  1  0 0
  0  0 -1  1  0 0
 -1 -1 -1  1 -1 0
1,1;1,1;1;1 1 24
120 
#1 
6	% 
  0 0 0  2  1  1
  0 1 0  0  2  0
  0 0 1  0 -1  0
 -1 0 0  0  0  0
  0 0 0 -1  0 -1
  1 0 0  1  1  1
1,1,1;1,1;1 1 11
120 
#1 
6	% 
 0  0  0 -2 -1 -2
 0  1  1  0  1  0
 0 -1 -1  2  0  1
 0  0  0 -1  0 -1
 0  0  1  0 -1  0
 1  0  0 -1  0 -1
1,1;1,1;1;1 1 17
150 
#2 
6	% 
  0 0 0  0  0 1
 -1 0 0  0 -1 0
  0 0 0  1  1 0
 -1 0 1 -1 -1 0
  1 0 0  1  1 0
  1 1 0 -1  1 0
6	% 
  0 0  0 0  0 1
 -1 0 -1 0 -1 0
  1 0  0 0  0 0
  0 0  1 1  1 0
  1 0  0 0  1 0
 -1 1  0 0  0 0
1,1,1,1;1;1 1 5
120 
#2 
6	% 
  0  1  1  2  1  0
  0  1  1  1  1 -1
 -1  0  1  1  0 -1
  1 -1 -1 -2 -1  1
 -1  1  1  1  0 -1
  1 -1  0 -1  0  1
6	% 
 0 -1 -1 0 -1 -1
 0 -2 -2 0 -2 -1
 0 -2 -1 1 -1  0
 1  3  2 0  3  1
 1 -3 -2 0 -2 -1
 0  2  1 0  2  0
1,1,1;1,1;1 1 9
60 
#1 
6	% 
  0 0 -2  0 -1 -2
  0 1 -1  0  0 -1
  0 0  2  0  1  3
  1 0 -1 -1  0 -1
 -1 0  0  2  0  0
  0 0  0  1  1  0
1,1,1;1,1;1 1 5
20 
#1 
6	% 
 -2  0  0  0 -1 0
 -1  1  0  0  0 0
  2 -1 -1  0  0 0
 -1  0  0  0 -1 0
  0  0  0  2  0 1
  0  0  0 -1 -1 0
2-2;1,1,1;1 1 5
160 
#2 
6	% 
  0  0  0 -1 0  0
 -1 -1  1 -1 0 -1
  1  1 -1  2 1  1
  1  1  0  2 1  1
  1  0 -1  2 0  1
  0  1 -1  2 0  1
6	% 
  0 0  0 0  0  1
 -1 0  1 0  0  0
 -1 0 -1 0 -1  0
  0 1 -1 0  0 -1
  0 0 -1 1  0 -1
  0 0 -1 0 -1 -1
4-1;1,1 2 2
5 
#1 
6	% 
  4 0 0 0  2  3
 -1 1 0 0  0 -1
 -1 0 0 1  0 -1
 -1 0 1 0  0 -1
 -1 0 0 0  0 -1
 -2 0 0 0 -1 -2
2-1;2-1;1,1 1 7
30 
#1 
6	% 
  4 0  0  0  2  3
 -1 0  0 -1 -1 -1
 -1 1  0  0  0 -1
 -1 0  0  0  0 -1
 -1 0 -1  0 -1 -1
 -2 0  0  0 -1 -2
2-1,2-1;1,1 2 2
60 
#1 
6	% 
  0 -1  0  0 -1  0
  0  0 -1 -1 -1  0
  2  0  0  0  1  1
  1  0  1  0  1  1
  0  1 -1  0  0  0
 -1  0  1  0  0 -1
2-1,2-1;1;1 2 2
60 
#1 
6	% 
  0 1 0  0  1 0
  0 0 1  1  1 0
  0 0 0  0  0 1
 -1 0 0 -1 -1 0
  0 0 0  1  0 0
  1 0 0 -1  0 0
2-1,2-1;1;1 3 2
60 
#1 
6	% 
  0  0 0  0  0 1
  0  1 1  3  3 0
  0  1 0  2  3 0
  1  0 0  0  1 0
  0 -1 0 -1 -2 0
 -1  0 0  0  0 0
2-1;2-1;1;1 1 12
30 
#1 
6	% 
  0 0 0 0  0 1
 -1 1 0 0  0 0
 -1 0 1 0  0 0
 -1 0 0 1  0 0
 -1 0 0 0  0 0
 -2 0 0 0 -1 0
4-1;1;1 2 2
5 
#1 
6	% 
  0 0 0 0  0 1
 -1 1 0 0  0 0
 -1 0 0 1  0 0
 -1 0 1 0  0 0
 -1 0 0 0  0 0
 -2 0 0 0 -1 0
4-1';1;1 1 2
60 
#1 
6	% 
  0  0  0  0  0 1
  0 -1  3  1  0 0
  0 -3  2 -1 -3 0
  1 -1  0 -1 -1 0
  0  2 -1  1  2 0
 -1 -1  0 -1 -2 0
2-1,2-1;1;1 2 3
30 
#1 
6	% 
  0  0  0  0  0 1
  0 -3  1  3  0 0
  0 -2  5  4  5 0
  1  1  2  0  3 0
  0  1 -2 -2 -2 0
 -1  1  2  0  2 0
2-1,2-1;1,1 3 2
60 
#1 
6	% 
  0  0 0  0  0 -1
  0  1 1  3  3  0
  0  1 0  2  3  0
 -1  0 0  0  0 -1
  0 -1 0 -1 -2  0
  1  0 0  0  1  1
2-1,2-1;1,1 2 3
30 
#1 
6	% 
  0  0  0  0  0 -1
  0 -1 -1 -1 -1  0
  0 -3  0 -2 -3  0
 -1 -1  1  0 -1 -1
  0  1  0  1  1  0
  1 -1  1  0  0  1
4-1';1,1 1 2
60 
#1 
6	% 
  0  0  0  0  0 1
  0 -1  3  1  0 0
  0 -3  2 -1 -3 0
 -1 -1  0 -1 -2 0
  0  2 -1  1  2 0
  1 -1  0 -1 -1 0
1,1;1,1;1,1 1 6
150 
#2 
6	% 
  4  0  0  0  2 1
 -1  1  0 -1  0 0
 -2  0  0  0 -1 0
  0 -1  0  0 -1 0
  0  0  1  1  1 0
 -1  0 -1 -1 -1 0
6	% 
  0  2 -2  0  0  3
  1  0  1  0  2 -1
  0 -1  1  0  0 -2
 -1  0  0  0 -1  0
 -1  0  0  1  0  0
  1 -1  0 -2 -1 -1
1,1,1;1;1;1 1 19
40 
#1 
6	% 
  2  1 -1 -1  1  0
  0  0  0  0  0 -1
 -1 -1  0  0 -1  0
  1  0 -1  0  0  0
  1  0  0 -1  0  0
  1  0  0  0  1  0
1,1;1,1;1;1 1 36
120 
#1 
6	% 
  0  1 -1  1  0 1
  2  1 -1 -1  1 0
  1  0  0 -1  0 0
 -1 -1  0  0 -1 0
  1  0 -1  0  0 0
  1  0  0  0  1 0
4-3';1,1 1 2
96 
#1 
6	% 
  0  0  0  0  0 1
  0  1  0  0  1 0
  0  0  0 -1  0 0
  0  0  1  1  1 0
 -1  0 -1  0 -1 0
  1 -1  0  0  0 0
1,1,1;1;1;1 1 9
60 
#1 
6	% 
 0  0  0  0 0  1
 1  0 -1  1 0  1
 0  1  0  2 1  1
 0  1  0  1 0  1
 1 -1  0 -1 0 -1
 0  1  1  0 1  0
1,1;1,1;1;1 1 10
120 
#1 
6	% 
  0  2 -2  0  0 1
 -1 -1  0  0 -1 0
  0 -1  1  0  0 0
  1  0  0 -1  0 0
 -1  0  0  0 -1 0
  1 -1  0  0  0 0
1,1,1;1;1;1 1 7
120 
#2 
6	% 
  0 1 -1  0 0 0
  0 0  0  0 0 1
 -1 0  0 -1 0 0
  1 0  1  1 1 0
  1 0  0  2 1 0
 -1 1  0 -1 0 0
6	% 
  1 -1 1  1  1 0
  0  0 0  0  0 1
  1  0 0  0  0 0
 -1  0 0 -1 -1 0
 -1  0 0  0 -1 0
  1 -1 0  0  0 0
1,1;1,1;1,1 1 9
60 
#1 
6	% 
  0  0 0 0  2 1
 -1 -1 0 0 -1 0
 -1  0 0 1  0 0
 -1  1 1 1  1 0
  0  1 1 1  1 0
  1  0 0 0  1 0
1,1;1,1;1;1 1 18
15 
#1 
6	% 
 1  0 0  1  1 0
 0  1 1  0  1 0
 0  0 0  0  0 1
 0  1 0  0  0 0
 0  0 0  1  0 0
 0 -1 0 -1 -1 0
2-2;1,1,1;1 1 6
40 
#1 
6	% 
 0  0  0  0  0 -1
 0  0 -1 -1 -1 -1
 0  1  0  0  0  0
 1  0  0 -1  0 -1
 1 -1  0  0  0  0
 0  0  0  1  1  1
3;1,1,1 1 2
10 
#1 
6	% 
 1 0 0 -1  0 0
 0 0 0  0  0 1
 0 0 0  0 -1 0
 0 0 1  0  0 0
 0 1 0  0  0 0
 0 0 0  1  0 0
1,1;1;1;1;1 1 46
40 
#1 
6	% 
  2  0  0 0  1 0
  0  0  0 0  0 1
 -1 -1  0 0 -1 0
  1  0  0 0  1 0
  1  0 -1 0  0 0
  1  0  0 1  1 0
1,1;1;1;1;1 1 12
60 
#1 
6	% 
  0  0  0 0 0 1
  1  0  0 0 1 0
  0  0 -1 0 0 0
 -1  0  0 1 0 0
 -1  0  0 0 0 0
  1 -1  0 0 0 0
2-2;1,1;1;1 1 7
160 
#2 
6	% 
  0  0  0 0 0 1
  1 -1 -1 0 0 0
 -1  0  1 1 0 0
 -1  1  2 1 1 0
 -2  1  1 1 0 0
 -1  1  1 1 0 0
6	% 
  0 0  0 0  0 1
 -1 0 -1 0 -1 0
 -1 0  1 0  0 0
  0 1  1 0  1 0
  0 0  1 1  1 0
  0 0  1 0  0 0
1,1;1;1;1;1 1 22
60 
#1 
6	% 
  0 0  0  0  0 1
 -1 0  1  0  0 0
  0 0 -1 -1 -1 0
 -1 0  0  0  0 0
  0 1  0  0  0 0
  0 0  1  0  1 0
3;1,1;1 1 2
10 
#1 
6	% 
 1 0 0 -1  0 0
 0 0 0  0  0 1
 0 0 0  0 -1 0
 0 0 1  0  0 0
 0 1 0  0  0 0
 0 0 0  1  0 0
3;1,1;1 1 6
40 
#1 
6	% 
  2 0 0  0  1 0
  0 0 0  0  0 1
  1 1 0  0  1 0
  1 0 0 -1  0 0
 -1 0 1  0  0 0
 -1 0 0  0 -1 0
2-2;1,1;1;1 1 10
40 
#1 
6	% 
 -1  0 0 -1 -1 0
  0  0 0  0  0 1
  0  1 0  0  1 0
 -1  0 1  0  0 0
  0 -1 1  0  0 0
  1  0 0  0  0 0
1,1;1;1;1;1 1 44
10 
#1 
6	% 
 1 0  3 0  2 0
 0 0  0 0  0 1
 0 0 -2 0 -1 0
 0 0  1 0  1 0
 0 1  1 0  1 0
 0 0 -1 1  0 0
1,1;1;1;1;1 1 35
60 
#1 
6	% 
  0  0  0  0  0 1
 -1  0 -2  1 -1 0
  1  0  1 -2  0 0
  0 -1  0  0  0 0
 -1 -1 -1  1 -1 0
 -1  0 -1  1  0 0
1,1;1;1;1;1 1 14
30 
#1 
6	% 
  0 0 -1 1 0 0
  0 0  0 0 0 1
  0 1 -1 0 0 0
  1 0  0 0 1 0
  1 0  1 0 1 0
 -1 0  1 0 0 0
4-3;1;1 1 4
16 
#1 
6	% 
  0  0 0  0  0 1
  1  0 0  0  0 0
  0  1 0  1  1 0
  0  0 1  0  1 0
 -1  0 1 -1  0 0
  0 -1 0  0 -1 0
3;1;1;1 1 4
10 
#1 
6	% 
  0  0 0 0  0 1
 -1 -1 0 0 -1 0
 -1  0 0 0 -1 0
 -1  0 0 1  0 0
 -1  0 1 0  0 0
 -2  0 0 0 -1 0
3;1,1;1 1 5
20 
#1 
6	% 
  0  0 0 0  0  1
 -1 -1 0 0 -1 -1
 -1  0 0 0 -1 -1
 -1  0 0 1  0  0
 -1  0 1 0  0  0
 -2  0 0 0 -1  0
3;2-1;1 1 2
10 
#1 
6	% 
 0 0 0 0 0 1
 0 0 0 1 1 0
 0 0 1 0 1 0
 1 0 0 0 1 0
 0 1 0 0 1 0
 0 0 0 0 1 0
3;1,1;1 1 13
40 
#1 
6	% 
 0 1 0 0  1 0
 0 0 0 1  1 0
 0 0 1 0  0 0
 1 0 0 0  0 1
 0 0 0 0  0 1
 0 0 0 0 -1 0
3;1,1;1 1 7
40 
#1 
6	% 
  0 1 -1  1  0 1
 -1 1  0  0  0 0
 -1 0  0 -1 -1 0
 -1 0 -1  0 -1 0
 -1 0  0  0  0 0
 -2 0  0  0 -1 0
4-3;1,1 1 2
16 
#1 
6	% 
  2 -2  2 -2  1  3
 -1  0 -1  1 -1 -1
  1 -1  1  0  1  1
  0 -1  1 -1  0  1
  1 -1  0 -1  0  1
 -1  1 -1  1  0 -1
3;1;1;1 1 8
40 
#1 
6	% 
  0 0 0  0 0 1
  1 0 0  0 1 0
 -1 1 0  0 0 0
  1 0 0 -1 0 0
  1 0 1  0 1 0
  2 0 0  0 1 0
1,1;1;1;1;1 1 53
5 
#1 
6	% 
  4 0 0 0  2 1
 -1 0 0 0  0 0
  1 1 0 0  1 0
  1 0 1 0  1 0
  1 0 0 1  1 0
 -2 0 0 0 -1 0
1,1;1;1;1;1 1 19
15 
#1 
6	% 
  4 0  0  0  2  3
  1 1  0  0  1  1
  1 0 -1  0  0  1
  1 0  0  0  0  1
 -1 0  0 -1 -1 -1
 -2 0  0  0 -1 -2
1;1;1;1;1;1 1 38
1 
#1 
6	% 
 0 0 0 0 0 1
 1 0 0 0 0 0
 0 1 0 0 0 0
 0 0 1 0 0 0
 0 0 0 1 0 0
 0 0 0 0 1 0
1;1;1;1;1;1 1 27
10 
#1 
6	% 
 0  0  0 0  0 1
 0  1 -1 0  0 0
 0  0  0 1  0 0
 0 -1  0 0 -1 0
 1  0  0 0  1 0
 0 -1  0 0  0 0
1;1;1;1;1;1 1 14
15 
#1 
6	% 
  0 0 0 0  0 1
 -1 1 0 0  0 0
 -1 0 0 1  0 0
 -1 0 0 0 -1 0
  1 0 1 0  1 0
  2 0 0 0  1 0
1,1;1;1;1;1 1 42
30 
#1 
6	% 
  0 0 0 0 0 -1
 -1 0 0 1 0 -1
  1 0 1 0 1  1
 -1 1 0 0 0 -1
 -1 0 0 0 0 -1
  2 0 0 0 1  2
1,1;1;1;1;1 1 43
20 
#1 
6	% 
 -1  0 0 0 -1 -1
  1 -1 0 0  0  1
  0 -1 0 0 -1 -1
  0  1 1 0  1  0
  0  1 0 1  1  0
  0 -2 0 0 -1  0
2-2;1;1;1;1 1 15
40 
#1 
6	% 
  0  0 0 0  0 1
  1  0 1 0  1 0
  1  0 0 1  1 0
  0  1 0 0  1 0
 -1 -1 0 0 -1 0
  1  0 0 0  1 0
1,1;1;1;1;1 1 21
60 
#1 
6	% 
  0 2 0 0  0 1
 -1 1 0 0  0 0
  1 0 0 1  1 0
 -1 0 0 0 -1 0
 -1 0 1 0  0 0
 -2 0 0 0 -1 0
2-2;1;1;1;1 1 8
40 
#1 
6	% 
  0  0 0 0 0 1
  0  0 0 1 0 0
  0  0 1 0 0 0
 -1  0 0 0 0 0
  1 -1 0 0 0 0
  0  1 0 0 1 0
2-2;1,1;1;1 1 17
40 
#1 
6	% 
  0  0 1 -1  0  0
  1  1 1  0  2  1
  2  1 0  0  2  1
 -1 -1 0  1 -1 -1
  1  1 0  0  2  1
  1  2 0  0  2  1
2-2;1,1;1;1 1 9
40 
#1 
6	% 
 -1  1 -1 0  0 -1
  0  0  1 1  1  0
  1 -1 -1 0 -1  1
  2 -1  0 0  0  1
  1 -2  0 0 -1  1
  1 -1  0 0 -1  1
3;1,1;1 1 8
20 
#1 
6	% 
 0  0 0 0  2  1
 0  1 0 1  1  0
 0  1 1 0  1  0
 0  1 0 0 -1 -1
 1 -1 0 0  0  0
 0  2 0 0  1  0
3;1;1;1 1 10
10 
#1 
6	% 
 0  0 0 0 0 1
 0  1 0 1 1 0
 0  1 1 0 1 0
 0 -1 0 0 0 0
 1  1 0 0 1 0
 0  2 0 0 1 0
2-2;1,1;1;1 1 19
80 
#1 
6	% 
 0  0  0 0  0 -1
 0  1 -1 1  1  1
 1  0  1 0  1  0
 0 -1  1 0  0  0
 0 -1  0 0 -1  0
 0  0 -1 0  0  0
2-2;1,1;1;1 1 13
80 
#1 
6	% 
  0  0  0 2  0 1
  1  1 -1 1  1 0
 -1  0  0 0 -1 0
  0  1 -1 0  0 0
 -1 -1  0 0 -1 0
  1  0 -1 0  0 0
1,1;1;1;1;1 1 47
40 
#1 
6	% 
  0 0  0 0  0  1
 -1 0  0 0 -1 -1
 -1 0 -1 0 -1  1
  1 0  0 1  1  1
 -1 1  0 0  0  1
  2 0  0 0  1  0
1,1;1;1;1;1 1 49
10 
#1 
6	% 
  4  0  0  0  2 1
  1 -1  0  0  0 0
  1  0 -1  0  0 0
  1  0  0 -1  0 0
 -1  0  0  0  0 0
 -2  0  0  0 -1 0
1;1;1;1;1;1 1 31
10 
#1 
6	% 
  0  0 0 0  0 1
  1 -1 0 0  0 0
 -1  0 1 0  0 0
  1  0 0 1  1 0
 -1  0 0 0 -1 0
 -2  0 0 0 -1 0
