#116

4-1;1;1 2 2
1 
#1 
6	% 
 1 0 0 0 0 0
 0 1 0 0 0 0
 0 0 1 0 0 0
 0 0 0 1 0 0
 0 0 0 0 1 0
 0 0 0 0 0 1
1,1,1,1,1,1 1 1
1 
#1 
6	% 
 1 0 0 0 0 0
 0 1 0 0 0 0
 0 0 1 0 0 0
 0 0 0 1 0 0
 0 0 0 0 1 0
 0 0 0 0 0 1
1,1,1,1;1,1 1 3
48 
#3 
6	% 
 -1 -1  0  0 -1 -2
  0  0 -1  0  0  0
  1  0  0 -1  1  1
  0  0  0  1  0  0
  0  0  0  1  0 -1
 -1 -1  0 -1  0  0
6	% 
  0  0  1 1 0  1
 -1  0  1 1 0  2
  0  0  0 0 1  0
  1  0 -1 0 0 -1
 -1  0  0 1 0  1
  0 -1  0 0 0  0
6	% 
 -1 0  1  1  0 -1
  2 1  1  1  1 -2
  1 0 -1  0  0  0
 -1 0  0 -1 -1  2
  1 0  1  0  1  0
 -1 0  0  1  0 -1
1,1,1,1,1;1 1 1
1 
#1 
6	% 
 0  0  0  0 -1  0
 0 -1 -1  0 -1 -1
 0 -1  0 -1 -1 -1
 0  0 -1 -1  0 -1
 0  1  1  1  1  1
 1  0  0  0  0  0
1,1,1,1,1;1 1 2
17 
#3 
6	% 
 0  0  1  1  0 -1
 0  1  0  1  0 -1
 1  1  1  1  1 -2
 0  0  1  2  1 -2
 0 -1 -1 -2 -1  3
 0  1  1  2  1 -2
6	% 
  1  0  0  1 1 1
  0  0 -1  0 0 0
  0  0 -1  1 0 0
  1  0  0  1 0 1
 -1 -1  1 -1 0 0
  1 -1 -1  1 0 1
6	% 
  0  0  0  0  1  0
  1  0  0  0  0  0
  0 -1 -1 -1  0 -1
  1  0  0  0  1 -1
 -1  1  1  0 -1  1
  1 -1  0 -1  1 -1
2-1;1,1,1;1 1 8
24 
#1 
6	% 
  1  0  0  0  0  0
 -2 -1 -1 -1 -1 -1
  0  0  0  0  1  0
  0  0  0  1  0  0
  0  0 -1  0  0  0
  0 -1  0  0  0  0
1,1,1;1,1,1 1 2
10 
#2 
6	% 
  1  0 0  0  0  1
 -1 -1 0  0  0 -1
  0  0 0 -1 -1  1
  0  0 1  0  1 -1
  0  0 0  1  0 -1
  0  0 0  1  0  0
6	% 
  0 0  0  0  1  1
  0 0 -1  0 -1 -1
 -1 0  0  0  0  0
  0 1  0 -1  0  0
  1 0  0  1  0 -1
  1 0  0  1  0  0
1,1,1;1,1,1 1 3
48 
#3 
6	% 
  1  2  0  2 -2 -1
  0  0 -1  0  0  1
  0  0  0  0 -1 -1
 -1 -1  0 -1  1  0
  0 -1  0  0  0 -1
  1  1  0  1 -1 -1
6	% 
  0  1  1  1 1  1
 -1  0  0  0 0  0
  0  0  0  1 0  1
  0 -1 -1 -1 0 -1
  0  0 -1  0 0 -1
  0  0  1  1 1  1
6	% 
  0  1  1 1  1 -2
 -1  0  0 0  0  1
  0  0  0 1  1 -2
  0 -1  0 0  0  0
  0  0 -1 0 -1  0
  0  1  0 0  0 -1
2-1;1,1,1;1 1 6
12 
#1 
6	% 
 -1 0 -1  0 -1 -2
  1 0  0 -1  0  0
  1 0  0  0  1  1
  0 1  0  1  0 -1
 -1 0  0 -1  0  1
 -1 0 -1  0  0 -1
2-1;1,1,1;1 1 7
18 
#2 
6	% 
  1 0  0  0 0  0
  0 0  0  1 0  0
  0 1 -1  0 0  0
  0 0  1  0 1 -1
  1 0  1  1 0  0
 -1 0  1 -1 0 -1
6	% 
  1 0 0 0  0  0
  1 1 0 0  1 -1
  0 0 1 0  0  0
  0 0 0 1  0 -1
  1 0 0 0  1 -1
 -1 0 0 0 -1  0
1,1,1,1;1,1 1 2
27 
#5 
6	% 
  0  0 -1 -1  0  1
  0 -1 -1 -1 -1  2
  0 -1 -1  0  0  1
  1  0  0  0  0  0
 -1  1  1  1  0 -2
 -1 -1 -1 -1  0  1
6	% 
 -1  0  0  1 -1  0
 -1  0  0  0  0  0
 -1  0 -1  0 -1  1
  0 -1  0  0  0 -1
  1  1  0 -1  0  1
 -1  1  0  1  0  0
6	% 
 0 0  0 1  0  1
 0 0  0 0 -1  0
 0 0 -1 0  0  0
 1 0  0 0  0  0
 0 1  0 0  0 -1
 0 1  0 0  0  0
6	% 
 0  0 1 0  0  1
 0  0 0 0 -1  0
 1  0 0 0  1  1
 0 -1 0 1  0  0
 0  1 0 0  0 -1
 0  1 0 0  0  0
6	% 
 0 1  0  0  0  0
 0 0  0  0  0  1
 0 0 -1 -1 -1 -1
 1 0  0  0  0  0
 0 0  1  0  0  0
 0 0  0 -1  0  0
2-1;1,1;1,1 1 9
24 
#1 
6	% 
 1  0  0 0 0 0
 0  0  0 0 0 1
 0  0  0 0 1 0
 0  0 -1 0 0 0
 0  0  0 1 0 0
 0 -1  0 0 0 0
2-1;1,1;1,1 1 5
12 
#1 
6	% 
 -1  0 -1  0  1  0
  0  0  0  1  0  0
  1  0  0  0 -1 -1
  0 -1  0 -1  0  1
  0  0  0  1  0 -1
  1  0  1  0  0  1
2-1;1,1;1,1 1 6
18 
#2 
6	% 
  0 0  0  1 0  0
 -1 0 -2  0 0  1
 -1 1 -1  0 0  0
  1 0  1  0 1 -1
  1 0  1  1 0  0
  1 0  1 -1 0 -1
6	% 
 0 1  0 0  1 -1
 1 0  0 0  0  1
 0 0 -1 0  0  1
 0 0  0 1  0 -1
 0 0  0 0  1 -1
 0 0  0 0 -1  0
2-1;1,1,1,1 1 2
6 
#1 
6	% 
  1  0  0  0 -1  0
  1  0  0  0  0  0
  0 -1  0  0 -1 -1
  1 -1 -1  0 -1  0
  0  0  1 -1  0  0
 -1  1 -1  0  1  1
2-1',2-1';1,1 1 2
6 
#1 
6	% 
  0  0 -1 -1  0 1
  0 -1  0  0  1 0
  1  0  0  0  0 0
  1  0 -1  0  0 1
  0  0  1  0 -1 0
 -1  0 -1  0  0 0
2-1;1,1,1;1 1 2
6 
#1 
6	% 
 0 0  0  0 -1 -1
 0 1  0  0 -2 -1
 1 0  0  0  0  0
 0 0 -1  0 -1  0
 0 0  1 -1  0  0
 0 0 -1  0  1  1
2-1',2-1';1;1 1 2
6 
#1 
6	% 
 0  0 -1 -1 0  1
 0 -1  0  0 1  0
 1  0  0  0 0  0
 0  0  0 -1 0  0
 0  1  0  1 0 -1
 0  0  0 -1 0  1
2-2;1,1,1,1 1 2
16 
#1 
6	% 
  1  0  0  0  0  0
  0  0 -1 -1 -1 -1
  2  2  1  1  1  0
 -1 -1  0  0  1  1
  1  1  0 -1  0 -1
 -1 -1  1  0  0  1
1,1,1;1;1;1 1 13
18 
#2 
6	% 
  1  0  0  0 0 0
  1  0 -1  0 0 0
  1 -1 -1  0 0 0
  0  0  0 -1 1 0
  1  0 -1 -1 0 0
 -1  0  1 -1 0 1
6	% 
 1  0 0 0  0  0
 0  0 1 0 -1  0
 0 -1 0 0 -1  1
 0  0 0 1  0 -1
 0  0 0 0 -1  0
 0  0 0 0  1 -1
2-2;1,1,1;1 1 5
32 
#2 
6	% 
  1 0 0  0 0 0
  2 0 0 -1 0 0
 -2 0 0 -1 0 1
 -3 0 0  0 1 1
 -3 0 1  0 0 1
 -3 1 0  0 0 1
6	% 
  1 0 0  0 0 0
  1 0 0  1 0 0
 -1 0 0 -1 0 1
 -1 0 0 -1 1 0
 -1 0 1 -1 0 0
 -1 1 0 -1 0 0
1,1;1,1;1,1 1 9
36 
#2 
6	% 
 1  0  0  0  0  0
 0  0 -1  0 -1  1
 0  1  1  0  0 -1
 0  2  1  1  0 -2
 0  1  1  0  1 -1
 0 -1  0 -1  1  0
6	% 
  1  0  0 0  0  0
  0 -1  0 0  0 -1
  0  0  0 0 -1 -1
  0  1  0 1 -1 -1
 -1  1 -1 1 -1  0
  1  0  1 0  0  0
2-2;1,1,1;1 1 6
16 
#1 
6	% 
 1  0  1  0 0  1
 0  0  1  0 0  1
 0  1  0 -1 0  0
 0  0  1  0 1  0
 0  0  0  1 1 -1
 0 -1 -1  0 0  0
1,1,1;1;1;1 1 16
36 
#2 
6	% 
 -1  0 0 0 0  1
 -3 -1 0 0 0  1
  3  0 0 0 1 -1
 -2  0 0 1 0  1
 -2  0 1 0 0  1
  0  0 1 1 0 -1
6	% 
  1  0  0 0  0  0
  2 -2 -1 0 -1  2
 -2  1  1 0  2 -2
  1 -1 -1 0 -1  1
  1 -1 -1 1 -1  1
  0  0  0 1  0 -1
1,1;1,1;1;1 1 24
72 
#3 
6	% 
 1  0  2  0 0 -1
 0 -1  0  0 0 -1
 0  0  0  0 1  1
 0  0  0 -1 0  0
 0  0 -1  0 0  0
 0  0  1  1 0 -1
6	% 
 1  0  0  0  0  0
 0 -2 -1  0 -1  2
 0  1  1  0  2 -2
 0  1  1 -1  1 -1
 0  1  1  0  1 -1
 0  0  0  1  0 -1
6	% 
 1  2  0  0  0 -1
 0  0 -2  1 -1  1
 0  0  1 -2  1  0
 0  0  1 -1  1  0
 0 -1  1 -1  1  0
 0  1  0  0  0 -1
1,1,1;1;1;1 1 7
48 
#3 
6	% 
 0 1  1 0  1  2
 1 0  0 0  0  0
 0 0  0 1  0  0
 0 0 -1 0 -1 -1
 0 0  0 1  0 -1
 0 1  1 0  0  1
6	% 
 0 0  1 0 1 -1
 1 0  0 0 0  0
 0 0  1 1 0 -1
 0 0 -1 0 0  0
 0 1 -1 0 0  0
 0 0  1 0 0 -1
6	% 
 0 1  1  1  1  1
 1 0  0  0  0  0
 0 0  1  0  0  1
 0 0 -1 -1 -1 -1
 0 0  0 -1  0 -1
 0 1  1  1  0  1
1,1,1;1,1;1 1 8
48 
#3 
6	% 
 0  0  0 0  0 -1
 0  1  2 0  1  0
 0 -1 -3 0 -1  2
 0  1  0 1 -1 -1
 0  0  1 0  1  0
 1  0  0 0  0  0
6	% 
 0  1  2 -2 -1  1
 0  0  1 -1  0  1
 0 -1 -3  3  1 -3
 0  1  1 -1  0  0
 0  0  0 -1  0  1
 1  0  0  0  0  0
6	% 
 0  1  2 0  1 -2
 0 -1  0 0 -1  1
 0  1 -3 1  1  0
 0  1  1 0  0 -1
 0 -1  0 0  0  0
 1  0  0 0  0  0
1,1,1;1,1;1 1 9
36 
#2 
6	% 
 0  0 0  0  0 -1
 1  0 0  0  0  0
 0  0 1  0  0  2
 0  0 0 -1  0  0
 0  0 0  1 -1  0
 0 -1 0  0 -1  1
6	% 
 -2 -2  0 0  0  1
 -1 -1  0 1  0  0
  3  2  0 0  0 -1
 -1 -1  0 0  0  0
  0  0  0 0 -1  2
  0  0 -1 0 -1  1
1,1;1,1;1;1 1 12
36 
#2 
6	% 
 0  0 1  0 0  0
 1  0 0  0 0  0
 0  0 0  0 1 -1
 0 -1 0 -1 0  1
 0  0 0 -1 0  0
 0  0 0 -1 0  1
6	% 
  0 1 0 0 -1  0
  1 0 0 0  0  0
 -1 0 0 1 -1  0
  1 0 1 0  0 -1
  0 0 0 0 -1  0
  0 0 0 0  1 -1
1,1,1;1,1;1 1 11
72 
#3 
6	% 
 0 -2 -2 0 -2  3
 0 -1 -2 0 -1  2
 1  4  6 0  4 -7
 0 -1 -1 1 -1  1
 0  0 -1 0 -1  1
 0 -1 -1 0 -1  1
6	% 
 0  0 0  0  0  1
 0  1 0  0  1  3
 1 -1 0  0 -1 -5
 0  0 0 -1  0  1
 0  1 0  1  0  1
 0  0 1  0  0  0
6	% 
  2  2 0  2 -2 -1
  2  1 0  2 -1 -1
 -5 -4 0 -6  4  3
  1  1 0  1 -1 -1
  1  0 0  1 -1 -1
  1  1 1  1 -1 -1
1,1;1,1;1,1 1 4
36 
#2 
6	% 
 -1 -1 0  0 -1  1
  0  0 1  0  0  1
  0  0 0 -1  0  0
  1  0 0  1  1 -1
 -1 -1 0  1  0  0
  0  0 0 -1  0  1
6	% 
  0 1  0  1  0 -1
 -1 0 -1  0  1  0
  1 0  0  0 -1 -2
  0 0  0 -1  0  1
  0 0  0  1  0  0
 -1 0 -1  0  0 -2
1,1,1,1;1;1 1 5
48 
#3 
6	% 
  1  1  1  0  1  1
  1  1  2  0  1  0
  1  1  1 -1  1  1
 -1 -1 -2  0 -2 -1
  1  2  2  0  1  1
 -1 -1 -1 -1 -1  0
6	% 
 1 0  0  0 0  0
 0 0 -1 -1 0  1
 0 0  0 -1 1  0
 0 0  1  2 0 -2
 0 0 -1 -2 0  1
 0 1  0  1 0 -1
6	% 
  1  0  0 0 0  0
  0  0  0 0 0  1
  1  0  0 1 0  1
 -1  0  0 0 1 -1
  1 -1  0 0 0  1
 -1  0 -1 0 0 -1
1,1,1;1,1;1 1 3
10 
#2 
6	% 
 0 0 0  0  0 -1
 0 0 0  1  0  0
 0 0 0 -1 -1  0
 0 1 0  0  0 -1
 0 1 1  0  0 -1
 1 0 0  0  0  0
6	% 
 0 0 -2  0 0  1
 0 0 -1  0 1  0
 0 0  3 -1 0 -1
 0 0 -1  0 0  0
 0 1  0  0 0  0
 1 0  0  0 0  0
1,1,1,1;1;1 1 2
17 
#3 
6	% 
 0 -1 1 0 0 0
 0 -1 0 1 0 0
 0 -1 0 0 1 0
 1  0 0 0 0 0
 0  1 0 0 0 0
 0 -1 0 0 0 1
6	% 
 0  0 1 0  0  0
 0  0 0 0  0 -1
 0  0 0 1  0  1
 1  0 0 0  0  0
 0  0 0 0 -1  0
 0 -1 0 0  0  1
6	% 
 0  0 0 1  0 1
 0  0 1 0  1 1
 0  0 0 0 -1 0
 1  0 0 0  0 0
 0 -1 0 0  0 0
 0 -1 0 0  0 1
2-2;1,1,1;1 1 3
16 
#1 
6	% 
 0  1  1 -1  1  1
 0 -1 -1  1 -1 -2
 1  0  0  0  0  0
 0  0  0  1  0 -1
 0  0  1  0  0  0
 0 -1  0  0  0  0
1,1,1;1,1;1 1 10
60 
#3 
6	% 
 -2 -1 -1 -1 -1  2
 -6 -2 -1 -2 -1  3
 11  4  3  4  3 -7
 -1  0 -1 -1  0  1
 -3 -1  0 -1 -1  2
  0  0  0  0  0  1
6	% 
 0 0 -1 -1 0 -2
 0 0 -1 -1 0 -3
 1 0  3  3 0  7
 0 0 -1  0 0 -1
 0 0 -1  0 1 -2
 0 1  0  0 1 -1
6	% 
  0  0 -1  1  0  0
 -4 -1 -3  3  1  0
  5  1  5 -5 -1  0
  0  0 -1  0  0 -1
 -2 -1 -1  2  0  1
  0 -1  0  0 -1  1
1,1,1;1,1;1 1 7
132 
#7 
6	% 
 0  2 0 -2  2 -1
 0  1 0 -2  1  0
 0 -2 1  5 -2 -1
 1  1 0 -1  0  0
 1  0 0  0  0  0
 0  1 0 -1  1 -1
6	% 
 0 -1  0 0 -1 -2
 0  0  2 0  0 -1
 0  0 -3 0  0  1
 1  0  1 1  0 -1
 1  0  0 0  0  0
 0 -1  0 0  0 -1
6	% 
 0  0 0  0  0  1
 0 -1 0  0 -1 -2
 0  2 1  0  2  3
 1  0 0  0 -1 -1
 1  0 0  0  0  0
 0  0 0 -1  0  1
6	% 
 -2 -1 0 -2 1  1
 -2  0 0 -2 0  1
  5  0 0  4 0 -2
 -1  0 0 -1 0  1
  0  0 1  0 0  1
 -1 -1 0 -1 0  1
6	% 
 0 -1 0 1 -2  1
 0  0 0 0 -2  1
 0  0 1 0  5 -3
 0  0 0 0 -1  0
 1  0 0 0  0  0
 0 -1 0 0 -1  1
6	% 
 0 -1  0  0 -1 0
 0  0  1  1  0 0
 0  1 -1 -1  1 1
 1  0  1  0  0 0
 1  0  0  0  0 0
 0 -1  0  0  0 0
6	% 
  2 0  1 0 -1  1
  0 0  0 0  0  1
 -1 0 -1 0  1 -4
  0 1  0 0  0  0
  0 1  0 1  0 -1
  1 0  1 0  0  0
1,1,1;1,1;1 1 6
50 
#6 
6	% 
 -2 0 -2 0 0  1
 -1 0 -2 0 0  1
  3 0  3 1 0 -2
 -1 0 -1 0 1  0
  0 1  0 0 1 -1
 -1 0 -1 0 0  0
6	% 
 0 -2 0  0 0  1
 0 -2 1  1 0  0
 0  3 0 -1 0 -1
 1 -1 0  0 1  0
 1  0 0  0 0  0
 0 -1 0  0 0  0
6	% 
 0  0 0 0 0 -1
 0  1 0 0 0  0
 1 -1 0 0 0  1
 0  0 1 0 0 -1
 0  0 1 1 0 -1
 0  0 0 0 1 -1
6	% 
 0 0 -2 0 0  1
 0 0 -1 1 0  0
 0 0  3 0 1 -2
 0 0 -1 0 0  0
 1 0  0 0 0  0
 0 1 -1 0 0  0
6	% 
 -2  0 0 -2 0  1
 -1  0 0 -2 0  1
  3  0 0  3 1 -2
 -1 -1 0 -1 0  0
  0 -1 0  0 0 -1
 -1  0 1 -1 0  0
6	% 
 0 0 0 0  0 -1
 0 0 0 1  1  0
 0 0 0 0 -1  1
 1 1 0 0  0 -1
 1 0 0 0  0  0
 0 0 1 0  0 -1
1,1,1,1;1;1 1 6
10 
#2 
6	% 
  1  0  0 0 0  0
  1  0  1 1 0 -1
  1  0  1 0 1 -1
 -1  0 -1 0 0  0
  1 -1  1 0 0  0
  0  1  0 0 0 -1
6	% 
  1  0 0 0 -1  0
  1  0 0 0  0  0
  0  0 1 0  0  0
 -1  0 0 1  1  0
  1  1 0 0 -1 -1
  0 -1 0 1  0  0
3;1,1,1 1 3
8 
#1 
6	% 
  0  0  0 0 0  1
  1  0  0 0 0 -1
  1  0  0 0 1  0
  1  0  0 1 0  0
 -1  0 -1 0 0  0
 -1 -1  0 0 0  0
2-1;1,1;1;1 1 24
24 
#1 
6	% 
 0 0 0  0  0 -1
 1 0 0  0  0  0
 0 0 0  0 -1 -1
 0 1 0  0  0  1
 0 0 0 -1  0 -1
 0 0 1  0  0  1
2-1;1,1;1;1 1 27
12 
#1 
6	% 
  3 0 0 0  0  1
 -1 0 1 0  0 -1
 -2 0 0 0  0 -1
 -1 0 0 0 -1  0
 -1 1 0 0  0 -1
  1 0 0 1  0  0
2-1;1,1;1;1 1 25
24 
#1 
6	% 
 1  0 0 0  0  0
 0 -1 0 0  0  1
 0  0 0 0  0  1
 0  0 1 0  0  0
 0  0 0 0 -1  0
 0  0 0 1  0 -1
1,1;1,1;1;1 1 16
36 
#2 
6	% 
 0 1 0  0  0  1
 1 0 0  0  0  0
 0 0 0  1 -1  0
 0 0 1 -1  1 -1
 0 0 1  0  1 -1
 0 0 1 -1  1  0
6	% 
 0 1 0 0  1 -1
 1 0 0 0  0  0
 0 0 1 0  0  1
 0 0 0 0 -1  0
 0 0 0 1  0 -2
 0 0 0 0  1 -1
1,1;1,1;1;1 1 18
15 
#2 
6	% 
 0 1  0 0  0  1
 0 0  0 1  1 -1
 1 0  0 0  0  0
 0 0 -1 0  1  0
 0 0 -1 0  0  1
 0 0  0 0 -1  0
6	% 
 0  1  0 0 1 -1
 0  0  1 1 0 -1
 1  0  0 0 0  0
 0  0  1 0 0 -1
 0  1  0 0 0 -1
 0 -1 -1 0 0  1
1,1;1,1;1;1 1 32
30 
#3 
6	% 
 0  0 0 1  1 -1
 1  0 0 0  0  0
 0  0 1 0 -1  0
 0  0 0 0 -1  1
 0  0 1 0  0  0
 0 -1 1 0  0  0
6	% 
 1 0 0  0 0  0
 0 0 0  1 1 -1
 0 1 0  0 0 -1
 0 1 0 -1 0  0
 0 0 0 -1 0  0
 0 0 1  0 0 -1
6	% 
 1  0 0 0 0  0
 0  0 1 0 0  0
 0  0 0 1 1 -1
 0  0 0 0 1  0
 0  0 0 1 0  0
 0 -1 0 1 0  0
1,1;1,1;1;1 1 22
18 
#2 
6	% 
  0  0 -1  0 0 -1
  1  0  0  0 0  0
  0  0  0  0 1 -1
  0 -1  0  0 0  0
 -1  0  0 -1 0  1
  1  0  0  1 0  0
6	% 
 -1  0  0 0 0 -1
  0  0 -1 0 1  0
  0  0  0 1 0 -1
  0 -1  0 0 0  0
  0  0  1 0 0  0
  0  0 -1 0 0  1
2-2;1,1;1,1 1 4
48 
#3 
6	% 
  1 0  0  2 0 -1
 -1 0  0 -1 0  0
 -1 0  0 -1 0  1
  0 0  0  0 1  2
  0 0 -1  0 0  3
  0 1  0  0 0  2
6	% 
  0  0  1  0  0  0
  2  1 -1  1 -1 -1
 -2 -1 -1 -1  1  0
 -1 -1  0 -1  0  1
 -1 -1  0  0  1  0
 -1  0  0 -1  1  0
6	% 
 -1 0 0  0  0 -1
  0 0 0  0  1  0
  0 0 0  0 -1  1
  0 0 0 -1 -1  1
  0 0 1  0 -1  0
  0 1 0  0 -1  0
1,1;1,1;1;1 1 33
36 
#2 
6	% 
 1  0  0  0  0  0
 0  1  0  1  0 -1
 0  0  0  1 -1  0
 0  0  1  0  0 -1
 0  1  0  1 -1 -1
 0 -1 -1 -1  1  1
6	% 
 1 0  0  0 0  0
 0 0  0  0 1  1
 0 1  0  0 0  1
 0 0 -1 -1 0  1
 0 0 -1  0 0  1
 0 0  0  1 0 -1
1,1;1,1;1;1 1 26
36 
#2 
6	% 
 1  0 0  0  0  0
 0  0 0  0 -1 -2
 0 -1 0  0  0 -2
 0  0 1  0  0  0
 0  0 0  1  0 -1
 0  0 1 -1  0  0
6	% 
 1  0  0 0  0  0
 0 -1 -1 0 -2  2
 0 -2 -1 0 -1  2
 0  1  1 1  1 -2
 0 -1 -1 0 -1  2
 0  0  0 1  0 -1
2-1;1,1;1;1 1 14
6 
#1 
6	% 
 -3 0 0 0 0 -2
 -1 0 0 1 0 -1
 -1 0 0 0 1 -1
  1 0 1 0 0  0
 -1 1 0 0 0 -1
  2 0 0 0 0  1
2-1;1,1;1;1 1 10
12 
#1 
6	% 
 1  0  0  0  0  0
 0 -1 -1  0 -1 -2
 0  0  0  0 -1 -1
 0  1  0 -1  0  0
 0 -1  1  0  1  3
 0  0  1  0  0  1
2-1;1,1;1;1 1 17
12 
#1 
6	% 
 -1 0 -1 0 -1  1
  1 0  0 0  1  0
  0 0  0 1  0  0
 -1 0 -1 0  0  0
  0 1  0 0  0  0
  0 0  0 0  0 -1
2-1;1,1;1;1 1 31
18 
#2 
6	% 
 1 0 0 0 0  2
 0 0 0 0 1 -1
 0 1 0 0 0 -1
 0 0 0 0 0  1
 0 0 1 0 0 -1
 0 0 0 1 0 -1
6	% 
 -3 0 0 -4 0  2
  1 0 0  1 1 -1
  1 1 0  1 0 -1
 -2 0 0 -2 0  1
  1 0 0  1 0 -1
  1 0 1  1 0 -1
3;1,1,1 1 2
4 
#1 
6	% 
  1 0  0  0 0  0
  0 0  0  1 0  0
  0 2  0  0 0 -1
  0 1  0  0 1 -1
  0 1 -1  0 0  0
 -1 1  0 -1 0 -1
2-1;1,1;1;1 1 13
18 
#2 
6	% 
 0 0  0 1 0  0
 1 0  0 0 0  0
 0 1  1 0 0 -1
 0 0 -1 0 1  0
 0 0 -1 0 0  0
 0 0 -1 0 0  1
6	% 
 0  1 0 0 1 -1
 1  0 0 0 0  0
 0  0 1 0 0 -1
 0  0 0 1 0  0
 0  1 0 0 0  0
 0 -1 0 0 0  1
1,1;1,1;1,1 1 6
30 
#2 
6	% 
 1  0  0  0  0  2
 0  0  0  0  1 -1
 0  0  0  0  0 -1
 0  0  0 -1 -1  1
 0 -1 -1  0  0  1
 0  1  0  0  0 -1
6	% 
 1  0  2  2  0 -2
 0 -1 -1  0  1  1
 0  0 -1 -1  0  1
 0  0  0  0 -1 -1
 0  1  0  0  0  1
 0 -1 -1  0  1  0
1,1;1,1;1,1 1 8
15 
#2 
6	% 
 0  1 0 1  0 -1
 0  0 1 0  1 -1
 1  0 0 0  0  1
 0  0 0 0  1 -1
 0  1 0 0  0 -1
 0 -1 0 0 -1  1
6	% 
 1 0  0  0 0  0
 0 0  1  0 1 -1
 0 1  0  0 0  1
 0 0  1  0 0 -1
 0 0  0 -1 0  0
 0 0 -1  1 0  0
1,1;1,1;1;1 1 17
30 
#2 
6	% 
 1 0  0  0  0  0
 0 0 -1  0  1  0
 0 0  1  0  0  0
 0 0  0 -1 -1  1
 0 0  1  0  0 -1
 0 1 -1  0  0  0
6	% 
 1 0 0  0  0  0
 0 0 0  0  0 -1
 0 0 0  0 -1  1
 0 0 0 -1  0  0
 0 1 0  0  0  0
 0 0 1  0  0  0
1,1,1;1;1;1 1 11
10 
#2 
6	% 
 0  0  1  0 1 -1
 0  0 -1 -1 0  1
 1  0  0  0 0  0
 0 -1  0  0 0  0
 0  0  0 -1 0  0
 0 -1  0 -1 0  1
6	% 
 0 0 0 1  0  0
 0 0 0 0 -1  0
 1 0 0 0  0  0
 0 1 1 0  0 -1
 0 0 1 0 -1 -1
 0 1 0 0 -1 -1
2-1;1;1;1;1 1 23
12 
#1 
6	% 
 1  0  0 0  0  0
 0  0  0 0 -1  0
 0  0  0 0  0 -1
 0  0  0 1  0 -1
 0  0 -1 0  0  0
 0 -1  0 0  0  1
1,1,1;1;1;1 1 18
10 
#2 
6	% 
  1  0  0 0  0  0
  1  0  1 1  0 -1
 -2  0 -2 0  0  1
  1 -1  1 0  0  0
  1  0  1 0  0 -1
  1  0  1 0 -1  0
6	% 
 1 0 0 0 0  0
 0 0 0 0 1  0
 0 0 0 0 0  1
 0 1 0 0 0 -1
 0 0 1 0 0 -1
 0 0 0 1 0 -1
1,1,1;1;1;1 1 19
8 
#1 
6	% 
  1 0 0 0  0 0
  0 0 0 0  0 1
 -1 0 0 0 -1 0
  1 1 0 0  0 0
  1 0 1 0  0 0
  1 0 0 1  0 0
1,1;1,1;1;1 1 10
24 
#1 
6	% 
 1  0  2  2 0 -2
 0  0 -1  0 0  1
 0  0 -1 -1 0  1
 0  0  0  0 1  1
 0 -1  0  0 0 -1
 0  0 -1  0 0  0
1,1,1;1;1;1 1 8
12 
#1 
6	% 
 -1 0 0 0  0  1
  1 0 0 0 -1 -2
 -1 0 1 0  0  0
  0 0 1 1  0 -1
 -1 1 0 0  0  2
  1 0 1 0  0 -1
1,1;1,1;1;1 1 13
36 
#2 
6	% 
 1 0  0 0 0  2
 0 1  0 0 0  0
 0 0  0 1 0  0
 0 0  0 0 1  0
 0 0 -1 0 0  0
 0 0  0 0 0 -1
6	% 
 -3  0 -2  2  0  0
 -1  0  0  1  1 -1
 -1 -1 -1  0 -1  1
 -1  1  0  1  0 -1
  1  1  1  0  1 -2
  2  0  1 -1  0  0
1,1;1,1;1;1 1 36
24 
#1 
6	% 
 0  1  1  1 1 1
 1  1 -1 -1 1 0
 0  0  0 -1 0 0
 0 -1  0  0 0 0
 0  0  0  0 1 0
 0  0 -1  0 0 0
1,1,1;1;1;1 1 9
12 
#1 
6	% 
  1  0  0 0  0  0
  1  0  0 1  1 -1
  2  1  0 0  0  0
  2  1  0 0  0 -1
 -1 -1 -1 0  0  1
  0  1  0 0 -1  0
2-1;1;1;1;1 1 12
6 
#1 
6	% 
 1 0 0 0 0  0
 0 0 0 0 1  0
 0 0 0 1 0  0
 0 0 1 0 0 -1
 0 1 0 0 0  0
 0 0 0 0 0 -1
2-1;1;1;1;1 1 27
6 
#1 
6	% 
 1 0 0  0 0  0
 0 0 0  0 1  0
 0 1 0  0 0 -1
 0 0 0  1 0 -1
 0 0 0 -1 0  0
 0 0 1 -1 0  0
4-1;1,1 2 2
1 
#1 
6	% 
 1 0 0 0 0  2
 0 0 0 0 1 -1
 0 0 0 1 0 -1
 0 0 1 0 0 -1
 0 1 0 0 0 -1
 0 0 0 0 0 -1
2-1;2-1;1,1 1 5
3 
#1 
6	% 
 -3 0 0 0 0 -2
 -1 0 0 1 0 -1
  1 0 0 0 1  0
 -1 1 0 0 0 -1
  1 0 1 0 0  0
  2 0 0 0 0  1
2-1,2-1;1;1 3 2
12 
#1 
6	% 
 1  0  0 0 0  0
 0 -1 -1 1 1  0
 0 -2 -1 1 0  1
 0 -1  0 0 0  0
 0  1  1 0 0 -1
 0 -1  0 0 0  1
2-1,2-1;1,1 2 3
6 
#1 
6	% 
  1  0  0  0  0  0
  0 -1 -1 -1 -1  2
  0  1  0 -2 -3  2
  1  1  1  0 -1  0
  0  0  0  1  1 -1
 -1  1  1  0 -1 -1
2-1,2-1;1;1 2 2
12 
#1 
6	% 
 0 1  0 0 -1  0
 0 0  1 1  0 -1
 1 0  0 0  0  0
 0 0 -1 0  0  1
 0 0  1 0  1 -1
 0 0 -1 0  0  0
2-1;2-1;1;1 1 9
3 
#1 
6	% 
 1 0 0 0 0  0
 0 0 0 1 0  0
 0 0 0 0 1 -1
 0 1 0 0 0  0
 0 0 1 0 0 -1
 0 0 0 0 0 -1
2-1;2-1;1,1 1 7
6 
#1 
6	% 
 -3 0  0 0  0 -2
  1 1  0 0  0  0
  1 0  0 0 -1  1
  1 0  0 1  0  0
  1 0 -1 0  0  1
  2 0  0 0  0  1
2-1,2-1;1,1 2 2
12 
#1 
6	% 
 0  1 1  0 0 -1
 0  0 0  1 1 -1
 1  0 0  0 0  1
 0  0 0 -1 0  1
 0 -1 0  1 0  0
 0  0 0 -1 0  0
4-1';1;1 1 2
12 
#1 
6	% 
 1  0  0  0  0  0
 0 -3 -1 -1 -3  4
 0 -4 -3  1 -2  4
 0 -1 -1  1  0  0
 0  2  2 -1  1 -2
 0 -1 -1  1  0  1
2-1;2-1;1;1 1 12
6 
#1 
6	% 
 1 0 0  0 0 0
 0 0 0  0 1 0
 0 0 0 -1 0 1
 0 0 1  0 0 0
 0 1 0  0 0 0
 0 0 0  0 0 1
2-1,2-1;1;1 2 3
6 
#1 
6	% 
 1  0  0  0  0  0
 0 -3  1 -1  3  0
 0 -2 -3 -5  4  3
 0  1 -2 -2  0  2
 0  1  1  2 -2 -1
 0  1 -2 -2  0  1
2-1,2-1;1,1 3 2
12 
#1 
6	% 
 -1  0  0 0 0 -1
  0 -1 -1 1 1  0
  0 -2 -1 1 0  1
 -1 -1  0 0 0  0
  0  1  1 0 0 -1
  1 -1  0 0 0  1
4-1';1,1 1 2
12 
#1 
6	% 
 -1  0  0  0  0  0
  0 -3 -1 -1 -3  4
  0 -4 -3  1 -2  4
  0 -1 -1  1  0  1
  0  2  2 -1  1 -2
  0 -1 -1  1  0  0
1,1;1,1;1;1 1 20
12 
#1 
6	% 
 1  0  0 0  0  0
 0  0  0 0 -1 -3
 0  0  0 0  0  1
 0  0 -1 0  0  0
 0 -1  0 0  0 -3
 0  0  0 1  0 -1
1,1,1;1;1;1 1 3
6 
#1 
6	% 
 0 0  1  0  0  0
 0 0 -1  0 -1  0
 1 0  0  0  0  0
 0 1  0  0  0  0
 0 0  0  0  0 -1
 0 0  0 -1  0  1
1,1,1,1;1;1 1 4
6 
#1 
6	% 
 0  0  1 0 0  0
 1  0  0 0 0  0
 0  0 -3 0 1 -1
 0  0  2 0 0  1
 0 -1 -1 0 0  0
 0  0 -1 1 0 -1
1,1,1;1,1;1 1 5
12 
#1 
6	% 
 0 0 0 0 0 -1
 0 0 1 0 0  0
 0 0 0 0 1  2
 1 1 0 0 0 -1
 1 0 0 0 0  0
 0 1 0 1 0 -1
1,1;1;1;1;1 1 42
18 
#2 
6	% 
 1 0 0 0 0  0
 0 0 0 0 1 -1
 0 1 0 0 0  0
 0 0 1 0 0 -1
 0 0 0 1 0 -1
 0 0 0 0 0  1
6	% 
  1 0  0 0 0  0
  1 0  1 0 1 -1
 -1 1 -1 0 0  0
  1 0  1 0 0 -1
  1 0  1 1 0 -1
 -2 0 -2 0 0  1
1,1;1;1;1;1 1 14
18 
#2 
6	% 
 0 0  1  0 0  0
 1 0  0  0 0  0
 0 0  1  0 1  0
 0 1  0 -1 0  0
 0 0 -1 -1 0  0
 0 0 -1  1 0 -1
6	% 
 0 0 0 -1 1  0
 1 0 0  0 0  0
 0 0 1 -1 0  0
 0 1 0  0 0  0
 0 0 0  1 0  0
 0 0 0  1 0 -1
3;1,1;1 1 8
8 
#2 
6	% 
  1  0 0 0 0  0
  0  1 0 0 1 -1
  0  1 1 0 0 -1
 -1  1 0 0 0 -1
  0 -1 0 1 0  0
  0  2 0 0 0 -1
6	% 
 1  0 0 0 0  0
 0  1 0 0 1 -1
 0  1 1 0 0 -1
 0  1 0 1 0 -1
 0 -1 0 0 0  0
 0  2 0 0 0 -1
2-2;1,1;1;1 1 7
32 
#2 
6	% 
 1 0 0  0 0 0
 0 0 0 -1 0 0
 0 0 0 -1 0 1
 0 0 0  0 1 1
 0 0 1  0 0 1
 0 1 0  0 0 1
6	% 
 1  0  0 0  0  0
 0  0  0 0  1 -1
 0  0  0 0 -1  0
 0  0  0 1 -1  0
 0  0 -1 0 -1  1
 0 -1  0 0 -1  1
2-2;1,1;1;1 1 19
32 
#2 
6	% 
  1  0  0 0  0  0
 -1  1  1 0  1 -2
  0  0 -1 1  0  0
  0 -1 -1 0  0  1
  0 -1  0 0 -1  1
  0  0  1 0  1 -1
6	% 
 1  0 0  0  0  0
 0 -1 1  1  1 -1
 0  0 0 -1  0  0
 0  0 0 -1 -1  1
 0  1 0  0 -1  0
 0 -1 0  1  0  0
2-2;1,1;1;1 1 17
16 
#1 
6	% 
  0  0  0 1  0 -1
 -2 -1 -1 1 -1  1
 -3 -1 -2 0 -1  2
  2  1  1 0  1 -1
 -3 -2 -1 0 -1  2
 -3 -1 -1 0 -2  2
1;1;1;1;1;1 1 27
6 
#1 
6	% 
 1  0 0  0 0  0
 0 -1 0 -1 0  1
 0  0 0  0 1 -1
 0  0 0  1 0 -1
 0  0 1  0 0  0
 0  0 0  1 0  0
1,1;1;1;1;1 1 35
36 
#2 
6	% 
 1  0 0  0  0  0
 0 -1 0 -1  2  0
 0  2 0  1 -1 -1
 0  0 1  0  0  0
 0 -1 1 -1  1  0
 0 -1 0 -1  1  1
6	% 
 1  0 0 0  0  0
 0  1 0 0  2  5
 0 -2 0 0 -1 -5
 0  0 1 1  0 -1
 0  1 1 0  1  3
 0  1 0 1  1  3
2-2;1,1;1;1 1 10
16 
#1 
6	% 
 0  0 1  0  0  1
 1  0 0  0  0  0
 0 -1 0  1  0  0
 0  0 0  0 -1  1
 0  0 0 -1 -1  1
 0  1 0  0  0 -1
1,1;1;1;1;1 1 43
12 
#1 
6	% 
 1 1 0 0  1 -1
 0 0 0 0 -1  1
 0 1 0 0  0  0
 0 0 1 0  0 -1
 0 0 0 1  0 -1
 0 0 0 0  0  1
1,1;1;1;1;1 1 12
12 
#1 
6	% 
 1  0  0 0 0  0
 0 -1  0 0 0  0
 0 -1 -1 0 0  1
 0  0  0 0 1 -1
 0 -1  0 0 0  1
 0  0  0 1 0  0
1,1;1;1;1;1 1 44
10 
#2 
6	% 
 0 0 0  3 0  1
 1 0 0  0 0  0
 0 0 0 -2 0 -1
 0 1 0  1 0  0
 0 0 1  1 0  0
 0 0 0 -1 1 -1
6	% 
 0 0 0 1  3 -2
 1 0 0 0  0  0
 0 0 0 0 -2  1
 0 1 0 0  1 -1
 0 0 1 0  1 -1
 0 0 0 0 -1  0
3;1,1;1 1 6
8 
#1 
6	% 
 0 0 0 0  0  1
 1 0 0 0  0  0
 0 0 0 0 -1  0
 0 0 0 1  0 -1
 0 0 1 0  0  0
 0 1 0 0  0  0
3;1,1;1 1 2
4 
#1 
6	% 
 0 0  0 0  1  0
 1 0  0 0  0  0
 0 2  0 0  0 -1
 0 1  0 1  0 -1
 0 1 -1 0  0  0
 0 1  0 0 -1 -1
1,1;1;1;1;1 1 46
8 
#1 
6	% 
 0 -1 -1  1 1 -3
 1  0  0  0 0  0
 0  0  0 -1 0  1
 0  0  0  0 1 -1
 0  0 -1  0 0  0
 0 -1  0  0 0  0
1,1;1;1;1;1 1 22
12 
#1 
6	% 
 1  0  0  0  0  0
 0  0  0  0  1 -1
 0  0  0 -1 -1  1
 0  1  0  0  0 -1
 0 -1 -1  0  0  1
 0  1  0  0  1 -1
1,1;1;1;1;1 1 47
8 
#1 
6	% 
 1 0 0  0 0  0
 0 1 0  0 0  0
 0 0 0  0 1  0
 0 0 1  0 0 -1
 0 0 0 -1 0  1
 0 0 0  0 0 -1
1,1;1;1;1;1 1 21
12 
#1 
6	% 
 1 0 0 0 0  0
 1 0 0 1 0  0
 0 0 0 0 1 -1
 1 1 0 0 0  0
 0 0 1 0 0  0
 0 0 0 0 0  1
3;1,1;1 1 7
8 
#1 
6	% 
 1  1 1  1 1 -2
 0  0 0  0 1 -1
 0  0 0 -1 0  0
 0  0 1  0 0 -1
 0 -1 0  0 0  0
 0  0 0  0 0 -1
1,1;1;1;1;1 1 53
5 
#2 
6	% 
 -3 0 -4 0 0  2
  1 0  1 0 0 -1
 -1 1 -1 0 0  0
 -1 0 -1 1 0  0
 -1 0 -1 0 1  0
  2 0  2 0 0 -1
6	% 
 1 0 0 0 0  2
 0 1 0 0 0 -1
 0 0 1 0 0  0
 0 0 0 1 0  0
 0 0 0 0 1  0
 0 0 0 0 0 -1
3;1,1;1 1 13
8 
#1 
6	% 
 0  1 0  0 -1 0
 0  1 0 -1  0 0
 0 -1 1  0  0 0
 1 -1 0  0  0 1
 1  0 0  0  0 1
 0 -2 0  0  0 1
1;1;1;1;1;1 1 38
1 
#1 
6	% 
 1 0 0 0 0  0
 0 1 0 0 0  0
 0 0 1 0 0  0
 0 0 0 1 0  0
 0 0 0 0 1  0
 0 0 0 0 0 -1
2-2;1;1;1;1 1 15
16 
#1 
6	% 
 1 0  0 0  0  0
 0 0 -1 0  0  0
 0 0 -1 1  0  0
 0 1  0 0  1 -1
 0 0  1 0 -1  0
 0 1 -1 0  0  0
1,1;1;1;1;1 1 49
2 
#1 
6	% 
 1 0  0 0 0  2
 0 1  0 0 0  0
 0 0  0 1 0  0
 0 0 -1 0 0  1
 0 0  0 0 1 -1
 0 0  0 0 0 -1
1,1;1;1;1;1 1 19
3 
#1 
6	% 
 -1  0  0  0 0 -2
  0  0  0  0 1 -1
  0  0 -1  0 0  0
  0 -1  0  0 0  0
  0  0  0 -1 0  1
  0  0  0  0 0  1
1;1;1;1;1;1 1 31
2 
#1 
6	% 
 1  0 0  0 0  0
 0 -1 0  0 0  0
 0  0 0 -1 0  1
 0  0 1  0 0 -1
 0  0 0  0 1  0
 0  0 0  0 0  1
1;1;1;1;1;1 1 14
3 
#1 
6	% 
 1 0 0 0  0  0
 0 0 0 0 -1  1
 0 0 0 1  0  0
 0 1 0 0  0  0
 0 0 1 0  0 -1
 0 0 0 0  0 -1
3;1;1;1 1 8
8 
#1 
6	% 
 1  0  0  0 0  0
 0 -1  0  0 0  1
 0  0  0  0 1 -1
 0  0  0 -1 0  1
 0  0 -1  0 0  1
 0  0  0  0 0  1
3;1;1;1 1 10
4 
#1 
6	% 
 1  0 0 0 0  0
 0  1 0 0 1 -1
 0  1 0 1 0 -1
 0 -1 0 0 0  0
 0  1 1 0 0 -1
 0  2 0 0 0 -1
