#39

2-1;2-1;1;1 1 25
1 
#1 
6	% 
 1 0 0 0 0 0
 0 1 0 0 0 0
 0 0 1 0 0 0
 0 0 0 1 0 0
 0 0 0 0 1 0
 0 0 0 0 0 1
1,1,1,1,1,1 1 1
1 
#1 
6	% 
 1 0 0 0 0 0
 0 1 0 0 0 0
 0 0 1 0 0 0
 0 0 0 1 0 0
 0 0 0 0 1 0
 0 0 0 0 0 1
1,1,1,1;1,1 1 3
19 
#7 
6	% 
 -1 -1  0  0  1 -1
 -1  0 -1  0  1 -1
  0  0  0 -1  0  1
  1  0  1  0 -1  0
  0  1 -1  1  1 -1
 -1 -2  0 -1  0  0
6	% 
  1 1 0  0 -1 -1
  0 0 0 -1 -1  0
  0 0 1  0  0  1
  0 0 0  1  0  0
 -1 0 0 -1  0  1
  0 0 0  0 -1  1
6	% 
  1  0  0 0 -2 0
  0  0 -1 0 -1 1
 -1  0  0 0  1 0
  0  0  1 1  1 0
 -1 -1 -1 0 -1 1
  0  0  0 0 -1 1
6	% 
  2  2  1  0 -1 -1
 -2 -1 -1 -1  1  2
 -1 -1  0  0  1  1
  1  1  0  1 -1 -1
 -2 -1 -1 -1  0  2
  1  1  1  0  0 -1
6	% 
  0  0 -1 0  0  0
  1  1  0 1  0 -1
  0  0  0 0  0 -1
  0 -1  2 0 -1  1
  1  0 -1 1  0  0
 -1  0 -1 0  1  0
6	% 
  2  0  0  1  0 -1
  2  1 -1  1  1 -2
  1  1  0  1  1 -1
 -1 -1  0 -1 -1  2
 -1 -1 -1 -1  0  0
  0  0  1  0  0  0
6	% 
  0  0 0  0 -1  0
  0  0 0  1  0  0
  1  0 1  0  1  0
 -1 -1 0 -1  0  0
  0  0 1  0  0  1
  0  0 0  0 -1 -1
1,1,1,1,1;1 1 2
6 
#3 
6	% 
  1  0  1  0 -1 -1
  0 -1  1 -1 -1  0
  1  0  1 -1 -2  0
  1  0  1  0 -1  0
 -1  0 -2  1  2  0
  2  0  2 -1 -2 -1
6	% 
  1  1  0  0 1 -1
  1  1 -1  1 1 -1
  1  1  1  1 0 -1
  1  2  0  0 0 -1
 -2 -2 -1 -1 0  1
  1  2  0  1 1 -2
6	% 
  0  0  0 0 -1  0
 -1  0  0 0  0  0
 -1  0  1 0 -1  0
 -1  0  0 0 -1  1
  1 -1 -1 0  1 -1
 -1  0  1 1 -1  1
2-1',2-1';1,1 1 3
2 
#1 
6	% 
 -1 0  0 0  1  1
  1 0  0 0 -1  0
  2 1  1 0 -1 -1
  1 1  1 1  0 -1
  0 0 -1 0  0 -1
  0 1  1 0  0  1
1,1,1;1,1,1 1 3
8 
#3 
6	% 
  1  0  1  0 -1 1
  0  1  0  0  1 0
  1 -2  1 -1 -1 0
 -1  1 -1  1  1 0
 -1  0  0  1  0 0
  1  0  0  0  0 0
6	% 
  1  1  0 1  0 -1
 -1  0 -2 0  1 -2
 -1  0  0 0  0  2
  0 -1  0 0  0  0
  0  0  1 0 -1  1
  1  1  0 0  0 -1
6	% 
  0 -3  0 -2 -2  0
  1  0  1  0  0 -1
 -1  0 -1  0  0  0
  0  2  1  1  0  1
 -1  0 -1  0  1  0
  0 -3  1 -2 -1  1
1,1,1;1,1,1 1 4
6 
#2 
6	% 
  0 -1 0 -1 -1  0
  1  1 0  2  0  1
 -1  0 0 -1  0  0
  0  0 1  0  0  0
  0  0 0 -1  0 -1
  1  0 0  1  0  1
6	% 
 -2 -1 -1 -2 -1  1
  0  0 -1 -2 -1 -1
 -1 -1  0  2  1  2
  1  1  2  0  0  0
 -1  0 -2  3  1  0
  2  1  2 -1  0 -1
2-1;1,1,1;1 1 8
4 
#1 
6	% 
  0  0  0  1  0  0
 -1  3 -1  2  1 -1
  1 -1  0 -1 -1  0
  0 -2  1 -2 -1  1
  0  1  0  1  0 -1
 -1  1 -1  1  0  0
2-1',2-1';1;1 1 5
2 
#1 
6	% 
  1 0  0 0 0 -1
  0 1  0 0 0  0
 -1 0  0 0 1  0
 -1 0  0 0 1  1
  0 0  0 1 0  0
 -1 0 -1 0 1  0
2-1;1,1;1,1 1 9
4 
#1 
6	% 
  1  0  1  0 -1 1
  0  1  0  2  0 0
 -1 -1  0 -1  0 0
 -1  0 -1  0  0 0
  1  0  0  0 -1 0
  1  0  1  0 -1 0
1,1,1;1,1;1 1 10
16 
#5 
6	% 
  0  1 -2  1  0  0
  0  0 -1  0 -1  0
  0 -2  3 -1  0  0
  0  0 -1  0  0  0
  0  1 -1  1  0 -1
 -1  0 -1  0  1 -1
6	% 
 -2 -1 -1 -1  1  0
 -3 -2 -1 -2  1  1
  8  5  3  5 -3 -3
 -1  0  0 -1  1  0
 -1 -1 -1 -1  0  0
  1  0  0  0  0 -1
6	% 
  0  1  1 -1  1 0
  0  1  0 -1  0 0
  0 -3 -1  2 -2 0
  1  1  1  0  0 0
 -1  0  0 -1  0 1
 -1  0  0  0  0 1
6	% 
 0 -1  0 -1 -2 0
 0 -1  0 -1 -1 0
 0  5  0  4  4 0
 0  0 -1  0 -1 0
 0  0 -1  0 -1 1
 1  0  1  0 -1 1
6	% 
 -1  0 -1  0  1 -1
 -2 -1 -1 -1  1  0
  5  2  3  2 -3  0
 -1  0  0  0  1  0
 -1 -1 -1  0  0  0
  0 -1  0  1  0  0
1,1;1,1;1,1 1 10
8 
#2 
6	% 
  0  1  1  1  2 -1
  0 -1  1 -2 -1  0
  0  0 -1  1  0  0
 -1 -1  1 -1  2  0
  0  0  0  1  1  0
  0  0  1 -1 -1  0
6	% 
  1 0  0 1 -1 -1
  1 0  0 0  1 -2
 -2 0  0 0  0  3
  1 1  1 0  0 -1
 -1 0  1 0 -1  2
  1 0 -1 0  0 -2
1,1,1;1,1;1 1 12
36 
#10 
6	% 
  0  1 -3 -1 -3  0
 -1  1 -2 -1  0 -1
  1 -2  6  2  4  1
  0  1 -1  0  0 -1
  0 -2  3  0  2  1
  0  1 -2  0 -1  0
6	% 
 -3 -2 -2 -2  0  1
 -2 -1 -2 -1  0  0
  6  4  5  4  1 -2
 -1  0 -2  1  1  0
  3  1  4  0 -1 -1
 -2 -1 -1 -1  0  1
6	% 
  1  0  0  0 -2 -1
 -1 -1 -1 -1 -1  1
  1  2  1  2  3 -1
 -1  0 -1 -1  0  0
  1  1  1  1  1  0
  0  0  0  0 -1  0
6	% 
  1  0  4  0  2  1
  0 -1  1  1  1  0
 -1  1 -4 -1 -2 -1
  1  0  1  1  0 -1
 -2  0 -3 -1  0  1
  0  0  2  0  1  1
6	% 
 -3 -2 -2 -4 -2  3
 -1 -1  0 -1  0  1
  4  3  3  5  3 -4
  0  1 -1  1  1  1
  2  1  2  2  1 -2
 -2 -1 -1 -2 -1  2
6	% 
 -1 -2  0  0  0 -1
  0  0 -1  2  1  0
  1  1  3 -5 -3  1
  1  1  0  2  1 -1
 -1 -1  1 -4 -2  2
 -1 -1  0  0  0  0
6	% 
 -1  0  1  0 -1  1
 -2 -1  1 -1 -1  2
  4  1 -4  1  4 -4
 -1  0  1 -1  0  1
  2  0 -2  1  2 -2
 -1  0  0  0  0  0
6	% 
  3  2 -1  4 -1 -3
  2  1 -1  3 -1 -2
 -5 -3  3 -7  3  5
  1  0  0  1 -1 -1
 -3 -1  1 -3  2  3
  2  1  0  2 -1 -1
6	% 
  0 -1 -2 -1  2  0
  1  0 -2  0  2 -1
 -1  2  7  2 -7  1
  0  0 -1  0  2 -1
  0  1  4  1 -4  1
  0  0 -1 -1  1  0
6	% 
  2  1  2  1  0  0
  1  0  2  0  0  1
 -3 -1 -5 -1 -1 -1
  0  0  1  0  0  1
 -1 -1 -2 -1 -1 -1
  1  1  1  0  0  0
1,1;1,1;1,1 1 11
9 
#5 
6	% 
 -1 -2  0 -2  0  1
  0  1  0  2  2 -1
  0  0 -1  1 -1 -1
  0  0 -1 -1 -2  0
  1  3  0  2  0 -1
 -1 -2  1 -2  2  1
6	% 
  3  3  1  3  1 -3
 -1 -1  0 -2 -1  2
 -2 -1 -1 -2  0  1
 -1  0 -1  1  1  0
 -4 -4 -2 -3 -1  4
  5  4  2  4  1 -4
6	% 
  0  0 -1  0 -1  0
 -4 -2 -3  1  4 -1
 -1 -1 -1  2  2 -4
  2  1  2 -1 -2  1
  2  1  3 -1  0  1
 -1  0 -2  0 -1  1
6	% 
  0 -1  0 -1 -1 0
  0  2 -2  1  0 1
 -1  1 -3  2  1 0
  0 -1  1  0  0 0
  0  1  1  1  1 0
  0 -1  0 -2 -1 0
6	% 
 -4 -4  1 -4  1  4
  2  4 -3  3  2 -4
  4  3 -1  4  0 -2
  0 -1  1  0 -1  1
  5  5 -1  5 -2 -5
 -6 -5  1 -6  2  5
1,1;1,1;1;1 1 36
12 
#2 
6	% 
 -1 -1 1 -1  1 -1
  0  0 0  1  1  0
  0  0 0  0 -1  1
  0  0 0  0  0  1
 -1 -1 0 -1  0  0
  1  0 0  0 -1  0
6	% 
  0 0 -1 1  0 0
  1 0  1 0 -1 1
  1 1  0 1  0 0
 -1 0 -1 0  0 0
  1 0  1 0 -1 0
  1 0  0 0 -1 0
1,1,1;1;1;1 1 19
4 
#1 
6	% 
 1  0 0 1 -1  1
 0 -1 1 0  0  0
 0  1 0 0  1 -1
 1  0 0 1  0  0
 0  0 0 1  0  1
 1  0 0 1 -1  0
1,1,1;1,1;1 1 11
16 
#5 
6	% 
 -2 -3  2 -3 0 -2
 -1 -1  0 -1 0 -1
  4  6 -3  6 1  4
 -1 -2  1 -2 0 -1
 -1 -1  0 -1 0  0
 -1 -1  1 -2 0 -1
6	% 
 -3  0 -2 -2  2  3
 -3 -2 -1 -2  1  3
  8  3  4  5 -4 -8
 -2  0 -1 -1  2  1
 -1 -1  0 -1  0  2
 -2  0 -1 -1  1  2
6	% 
  1  2 -2  2 0  1
  1  3 -4  3 0  1
 -3 -7  9 -7 1 -3
  0  0 -1  1 0  1
  1  2 -2  2 0  0
  0  1 -1  1 0  1
6	% 
 -3 -2 -1 -2 1  3
 -1  0  0 -2 0  1
  3  1  0  5 0 -3
 -1 -1  0 -1 1  1
  0  0  0 -1 0  0
 -1 -1  0 -1 0  2
6	% 
  2  1 0  1 -2  2
  1  1 0  1 -1  1
 -3 -2 1 -2  3 -3
  1  1 0  1  0  1
  0  1 0  1  1  1
  1  1 0  0 -1  1
1,1,1;1;1;1 1 9
4 
#2 
6	% 
  0  0  0  1  1 0
 -1  0 -1  1  1 0
  1  0  1  1  0 0
  0 -1  1  0  0 1
 -1  0  0 -1  0 0
  1  0  1  0 -1 1
6	% 
  0  0 0  0 0  1
 -1  0 0 -1 1  1
 -1 -1 0  0 0  2
  0 -1 0  0 0  1
  1  1 1  0 0 -1
  0 -1 0  1 0  0
1,1;1,1;1;1 1 28
24 
#6 
6	% 
 -2 -1  0 -1  2 -1
  0  0  1 -1  0 -1
 -1  1 -1  1  3 -2
  0 -1  1 -2 -1  0
  1  0  0  0 -1  0
  0  0  0  0 -1  1
6	% 
 0 -3 -6  2 -6 0
 0 -2 -3  1 -4 1
 0 -2 -6  3 -6 0
 1  1  0  1  0 0
 0  2  3 -1  4 0
 0  1  4 -2  3 0
6	% 
  0  1 0  1  3 -1
 -1  0 0  0  1  1
  0  1 1  1  2  1
  0 -1 0  0  0  0
  0 -1 0  0 -1  0
  0  0 0 -1 -1  0
6	% 
 0 1 -2  4  2 0
 1 0  0  1  0 0
 0 0 -2  3  2 0
 0 0  0  0 -1 1
 0 0  0 -1 -1 0
 0 0  1 -1  0 0
6	% 
 -1 0  0 -1 -1  1
  0 0  0  0 -1  0
 -1 0 -1  1  0  1
  0 1 -1  1  1 -1
  0 0  0  0  1 -1
  1 0  1  0  0  0
6	% 
  1  1  0  1 1  0
  1  0  0  1 0  0
  0  1 -1  1 0  1
  0  0  0  1 0  0
  0  0  0  0 0 -1
 -1 -1  0 -1 0  0
1,1,1;1;1;1 1 15
12 
#4 
6	% 
  0  0  0 -1 -1  0
 -1 -1  0  0  1  0
  1  0  1  0  0  0
  0 -1  1  0  0  0
  0  0 -1  0  0 -1
  0  0  0 -1 -1  1
6	% 
  2 0 0  0 -4 -1
 -3 0 0 -1  5  3
  0 0 0  0  1  0
 -1 0 1  0  3  2
  1 0 0  0 -1 -1
  3 1 0  0 -5 -3
6	% 
 -2 -1 -1 -2 -1  2
  1  0  1  1  0 -1
  0  0  0  1  1 -1
  1  1  1  2  1 -1
 -1  0 -1 -1  0  0
 -1 -1  0 -2 -1  1
6	% 
 -2 -1 -2 -1 -1 1
  1  0  2  0  0 0
  1  1  1  0  0 0
  1  1  2  1  1 0
 -1  0 -1 -1  0 0
 -1 -1 -1 -1 -1 0
1,1;1,1;1;1 1 31
15 
#6 
6	% 
 -1  1 -2  0  1 -2
  1 -1  1  0 -2  2
 -2  0 -1 -1  1  0
 -1 -1  0 -1  0  1
 -1  0  0 -1  1 -1
 -1 -1  1 -1  0  1
6	% 
  0  0  0 1 1 -2
  2  2  1 1 0  0
 -1  0 -2 1 2 -2
  0  1 -1 1 1  0
 -2 -1 -2 0 1 -1
  0  0 -1 0 0  0
6	% 
  4  0  3 -1 -4  2
  2  1  3  0 -2  4
  2  1 -1  1  0 -2
  0  1 -1  1  1  0
 -4 -1 -6  1  5 -7
 -5  0 -6  2  6 -6
6	% 
 -2 -1 -1 -2  0  1
 -1 -2  0 -1 -1  2
  0  0  1 -1 -1  1
  1  0  1  0 -1  1
  1  1  1  0  0 -1
  1  1  1  1  0  0
6	% 
  1  1  2  1  1 -2
 -2 -3 -1 -3 -2  1
  2  1  1  2  1 -2
  1  0  0  0  0 -1
  2  3  0  3  2 -1
  1  1 -1  2  1  0
6	% 
 -1 -1 -1 -1  0  0
 -1 -1  0 -1 -1  2
  1  0  0  1  0  0
  1  0  1  0 -1  1
  1  1  0  1  1 -1
  1  0  1  1  0  0
1,1,1;1;1;1 1 17
4 
#2 
6	% 
  0  1 -1  1  1  0
  1 -1  3 -1 -1  0
  0  0 -1  1  0  0
 -1  1 -2  1  1  0
  1  0  1  0  0 -1
  0  1 -1  0  0  0
6	% 
 -2 -1 -1 -1  1  2
  2  3  2 -2 -1 -2
  0 -1  0  1  0  1
 -1 -2 -1  1  1  1
  0  1  1 -1  0  0
 -1 -1 -1  1  1  0
1,1,1,1;1;1 1 5
15 
#6 
6	% 
  0  0  1  0  1 0
  0  1  0  0  1 0
 -1 -1  1 -1  1 0
  0  0 -1  0 -2 1
 -1  0  1  0  2 0
  0  0 -1  0 -1 1
6	% 
  1  1 0  1 0  0
  1  1 0  1 0  1
  0  0 0  1 1  1
 -2 -1 0 -2 0  0
  1  1 0  2 0  1
  0  0 1 -1 0 -1
6	% 
 0 0 0  0  0  1
 1 0 1  0 -1  1
 1 0 0  0 -1  0
 0 1 0  0  1 -2
 0 0 0 -1 -1  2
 0 0 0  0  1 -1
6	% 
  0  0 -1 0 -1 0
  0 -1 -1 0 -2 1
  0  0 -1 1  0 0
  0  1  2 0  2 0
 -1 -1 -2 0 -2 1
  0  1  0 0  1 0
6	% 
  1  0  0  1 -1 -1
  1  1 -1  1 -1 -1
  1  1 -1  0 -1 -1
 -1 -1  2 -1  2  2
  2  1 -1  1 -3 -1
  0 -1  1  0  1  0
6	% 
  0  0  2  0 -1  0
  1  1  2  1 -1 -1
  0  1  1  0  0  0
 -1 -1 -3 -1  1  0
  0  1  2  1  0 -1
  0  0 -1 -1  0  0
2-1;2-1;1,1 1 10
1 
#1 
6	% 
  2  0  1  1 -1 -1
 -2  0 -1 -1  1  0
 -1  0  0  0  1  1
  0 -1  1  0 -1  2
  1  0  1  0  0 -1
  1 -1  1  0 -1  0
2-1,2-1;1;1 2 7
2 
#1 
6	% 
  0  0 -1 0 0  0
 -1  0  0 0 1  0
  1  0  0 1 0 -1
  1  0  0 0 0 -1
  0  0  1 0 0  1
  0 -1  0 0 0  0
2-1,2-1;1,1 2 4
4 
#2 
6	% 
 1  1  0  1  0 -1
 0  0  0 -1  0  0
 1  1  0 -1 -1  0
 0  0 -1  0  0  0
 0 -1  0  0  0  0
 0  1  0 -1  0  1
6	% 
 -1  2 -2  2 2  1
  1 -1  2  0 0 -1
 -1 -1 -1  0 0  0
 -1  0 -1  0 0  1
  1  0  2 -1 0 -1
 -1  0 -1  1 1  0
2-1,2-1;1;1 2 9
2 
#1 
6	% 
  0  2  0  3  3  0
  0 -1  0  0 -1  1
 -1  0 -1  0  0  1
  0  1  0  0  0  1
  2 -1  3  0  0 -2
  0  1  0 -1  0  0
1,1;1,1;1;1 1 29
8 
#4 
6	% 
  0  2 -1  2  3 0
  0 -3  1 -3 -2 1
 -1 -3  0 -3 -1 0
  0  0  0  1  0 0
  0  0  0  0 -1 0
  0  1  0  0  1 0
6	% 
  0  1  0 -1  0 0
  1  0  1  1 -1 1
  2  0  1  1 -1 0
 -1 -1  0 -1  0 0
 -1 -1  0  0  1 0
  0  1 -1  0  0 0
6	% 
  0 -1  0 -1 -1 0
  0  2 -3  2  0 1
 -1  2 -4  2  1 0
  0  0  1 -1  0 0
  0  0  1  0  0 0
  0 -1  0  0  0 0
6	% 
  0 0  1 0  1  0
  2 0  1 1 -2 -2
  2 1  1 0 -2 -2
 -1 0 -1 0  1  0
  0 0 -1 0  0  0
  0 0  1 0  0  1
2-1;1,1;1;1 1 33
4 
#1 
6	% 
  1 -4  1 -4 -1  1
 -1  2 -1  2  0  0
  0 -2  0 -2  0  1
  0  3 -1  3  1 -1
 -1  4 -1  5  1 -1
 -1  2  0  2  1  0
2-1;1,1;1;1 1 25
4 
#1 
6	% 
  0  0  0  1  0  0
 -1 -1  0 -1  0  0
 -1  0 -1  0  1 -1
 -1  0  0  0  1  0
  0  0  0  0  0  1
  0  0  0  0 -1  1
2-1;1,1;1;1 1 35
2 
#1 
6	% 
  0 -1  0  1 -1  1
  1  1  0  1  0  0
  0  0  0 -1 -1  0
 -1  0 -1 -1  1 -1
  0  0  0 -1  0  0
  1 -1  1  1 -1  1
2-1;1;1;1;1 1 34
2 
#1 
6	% 
 -1  0 -1 -1 0  1
  0  0  0  1 1 -1
  0  0  0  0 0  1
  1  0  0  1 0 -1
  0  0  0  1 0  0
 -1 -1  0 -1 0  1
1,1;1;1;1;1 1 47
4 
#1 
6	% 
 0 0 -1 1  0  0
 0 1 -1 1  1 -1
 0 0  0 0  1 -1
 0 0  1 0  0  1
 0 0  0 0  0 -1
 1 0  1 0 -1  1
1,1;1;1;1;1 1 32
12 
#4 
6	% 
 1 -1  1 -1 -3  0
 1  2  0  2  2  0
 1  1  0  0  0 -1
 0 -3  1 -2 -4  0
 0  2 -1  3  4  0
 0  0  0 -1  0  0
6	% 
 -1  0 -1  0  0 0
 -1  0  0  0  1 0
 -1 -1  0 -1  0 0
  0  1 -1  0  0 0
  0  0  0  1  1 0
  0 -1  1 -1 -1 1
6	% 
  0 0  0  0  0 -1
  1 0  1  0 -1  0
  1 1  0  0  0 -1
 -1 0 -1  0  0  0
  0 0  1  0  0  1
  0 0  0 -1  0  0
6	% 
  2  1  1  0 -1 -2
 -1  0 -1 -1  1  1
  0  0  0  0  1 -1
  3  1  2  1 -2 -2
 -2 -1 -1 -1  1  3
 -1  0  0  0  1  0
1;1;1;1;1;1 1 23
1 
#1 
6	% 
  0 -1  0  0  0  0
 -1 -1  0 -1  0  0
  0  1 -1  1  0  0
  0  1 -1  1  1 -1
  0 -2  1 -1 -1  0
  0 -1  0 -1 -1  0
1,1;1;1;1;1 1 34
3 
#2 
6	% 
  0 -1  1  0  0  1
 -1  1 -2 -1  1 -2
  1 -1  2  0 -1  1
 -1  0 -1 -1  0 -1
  2 -2  3  1 -2  3
  2 -1  2  1 -1  1
6	% 
  0  0  0  1  0  0
 -2 -2 -1 -2  0  1
  1  1  1  1  0 -1
 -1 -2  0 -2 -1  1
  3  3  1  4  1 -3
  1  2  0  2  1 -2
1;1;1;1;1;1 1 40
1 
#1 
6	% 
 0  0  0  1  1  0
 0  0  1  0  0  1
 1  0 -1  0 -1 -1
 0 -1  0 -1 -1  0
 0  0  1  0  1  0
 0  0  1  0  0  0
1,1;1;1;1;1 1 57
1 
#1 
6	% 
  0  1 0  0 0 0
  1  0 1  1 0 0
 -1  0 0  0 0 1
  0 -1 0 -1 0 0
  0  0 1  0 0 0
  0  1 0  1 1 0
1,1;1;1;1;1 1 55
4 
#1 
6	% 
 -1 -1 1 -1 1 -1
 -1 -1 0  0 1 -1
  1  1 0  1 0  0
 -1  0 0  0 1  0
  0  0 0  0 0  1
  0  0 0  0 1 -1
