#18

3;2-2;1 3 4
1 
#1 
6	% 
 1 0 0 0 0 0
 0 1 0 0 0 0
 0 0 1 0 0 0
 0 0 0 1 0 0
 0 0 0 0 1 0
 0 0 0 0 0 1
1,1,1,1,1,1 1 1
1 
#1 
6	% 
 1 0 0 0 0 0
 0 1 0 0 0 0
 0 0 1 0 0 0
 0 0 0 1 0 0
 0 0 0 0 1 0
 0 0 0 0 0 1
1,1,1;1,1,1 1 3
7 
#2 
6	% 
 -3 -1 -1 -1 -2  1
  0  0  0  2  2 -1
 -1  0  0 -1 -2  1
  2  0  1  1  2 -1
  1  0  0  0 -1  0
 -2  0 -1  0  0  0
6	% 
  1  0  0  0  1 -1
  0 -1 -1 -1  1  1
  0  0  1  0  0 -1
 -1  0  0  0  0  1
  0  1  0  2 -1  0
  1  0  0  1  1  0
2-1;1,1;1,1 1 9
3 
#1 
6	% 
 1  0 0  2 -1 1
 0  0 0  1  0 0
 0 -1 0  0  0 0
 0  0 1 -1  0 0
 0  0 1  0  0 1
 0 -1 0  0 -1 0
1,1,1,1;1,1 1 3
9 
#2 
6	% 
 0  0  0  1  0  0
 1  1 -1  0  1 -1
 0 -1  0  0  0  1
 0  0  1 -1  0  1
 0  1  0  1  0  0
 0  0 -1  1 -1 -1
6	% 
 -1  0  0 -1 -1 -1
 -1  0  0 -1  1  0
  0  0  1  0  1  1
  1 -1 -2  1 -1 -1
 -1 -1 -2  1  0 -1
  0  0  1 -1 -1  0
2-1;1,1,1;1 1 8
3 
#1 
6	% 
 -1  0  0 0  1  2
  0  0  0 1  0  0
  1  0 -1 1 -1 -2
  1 -1  0 0 -1 -2
 -1 -1  0 0  0  2
 -1  0 -1 0  1  1
1,1,1,1,1;1 1 2
3 
#1 
6	% 
  0  1 1 -1 -1  0
  0  1 0  0 -1  0
  0  1 0 -2 -2 -1
  0  1 0 -1  0  0
 -1 -2 0  1  1  1
 -1  2 0 -2 -2  0
2-2',2-2';1,1 1 3
4 
#1 
6	% 
 0 -1  0  2 -1 -1
 0  0 -1  1 -1  1
 1  0  0  3 -1  0
 1  0  1  1  0 -1
 1  1  0  1  0  0
 0  1  1 -2  1  0
1,1,1;1,1;1 1 11
9 
#2 
6	% 
 0 0  0  3 1 -1
 0 0  0  3 0 -1
 0 0  0 -7 0  2
 0 1  1  1 1  0
 0 0 -1  2 0 -1
 1 0  0  2 1 -1
6	% 
 0 -2  2 -1 1  3
 0 -1  1  0 0  1
 0  3 -3  1 0 -3
 0 -1  1  0 0  2
 0  0  1  0 0  1
 1 -1  1  0 1  1
1,1;1,1;1;1 1 36
9 
#2 
6	% 
  0  0  0  0 -1 -1
 -1 -1  1 -1 -1  1
 -1 -1  0  0 -1  1
  1  0 -1  1  1 -1
 -1 -1  0 -1 -1  0
 -1  0  1 -1  0  1
6	% 
 1 0  0  2 -1  1
 0 0  0  4  1  1
 0 0 -1  3  1  0
 0 1  0 -3  0 -1
 0 1  0  3  1  1
 0 0  1  2  1  1
2-2;2-2;1;1 1 15
4 
#1 
6	% 
 -1  0  0 -1  0 0
  0  1  0  1  0 0
  0  1  0  0  0 0
  0  1  1  0  0 1
 -1 -1 -1  0 -1 0
  1  1  1  1  0 0
2-1;1,1;1;1 1 33
3 
#1 
6	% 
  0  0  0  0 -1 -1
  0 -1  0  0  0  1
  0  0 -1  1 -1 -1
  0  0 -1  0  1  0
 -1  0  0 -1  1  2
  0  1  0  0  1  1
1,1,1;1;1;1 1 19
3 
#1 
6	% 
 -1  0  0 -1  1  2
  0  0  0 -1  0  0
  1 -1  0  1 -1 -2
 -1  0 -1 -1  1  1
 -1  0  1 -2  1  2
 -1 -1  0 -1  0  2
2-2,2-2;1,1 1 3
4 
#1 
6	% 
  0  0 0  1 0  0
  0  0 0 -1 1  0
  0  0 0  0 0 -1
  0  0 1  0 0  1
  0 -1 0  0 0  0
 -1  0 0 -1 0  1
2-2,2-2;1;1 2 5
4 
#1 
6	% 
 -1  1  1  3 -2  1
 -1 -1 -1 -2 -1  2
 -1  1 -1  2 -2  2
 -1  1  0  2 -2  1
  0 -1 -1 -2  0  0
  1  0  1  0  1 -2
1,1,1;1;1;1 1 17
1 
#1 
6	% 
  0  0 0 -1  1 0
  0  0 1  1 -1 0
  0 -1 0  0  0 0
  1  0 0 -1  1 0
 -1  0 1 -1 -1 1
  0  1 0  0  1 0
1,1,1,1;1;1 1 5
3 
#1 
6	% 
  1 0  0  0  0  0
  1 0  0 -1  0  0
  1 1  0  0  0  0
 -1 0 -1  1  1  0
  1 0 -1  0 -1 -1
 -1 1  0  0  1  0
1,1;1;1;1;1 1 55
3 
#1 
6	% 
 0  0  0 -1 -2 -2
 1  0  0  0  0 -1
 0  0 -1  1  0  0
 0  0 -1  0  0 -1
 0 -1  0  0  0  0
 0 -1  0  0 -1  0
