#8

3;1,1,1 1 3
1 
#1 
6	% 
 1 0 0 0 0 0
 0 1 0 0 0 0
 0 0 1 0 0 0
 0 0 0 1 0 0
 0 0 0 0 1 0
 0 0 0 0 0 1
1,1,1,1,1,1 1 1
1 
#1 
6	% 
 1 0 0 0 0 0
 0 1 0 0 0 0
 0 0 1 0 0 0
 0 0 0 1 0 0
 0 0 0 0 1 0
 0 0 0 0 0 1
2-1;1,1,1;1 1 8
3 
#1 
6	% 
 1  0  0  0  0  0
 0 -1  0  0  0  0
 0  1  0  0  0 -1
 0  1  0  0 -1  0
 0 -1  0 -1  0  0
 0 -1 -1  0  0  0
1,1,1,1,1;1 1 2
6 
#1 
6	% 
  0 0 0  1  0  0
  1 0 0  0  0  0
  0 0 0  0  1  0
  1 1 1  1  1 -1
 -1 0 0 -1 -1  1
  1 0 1  1  1  0
1,1,1,1;1,1 1 3
3 
#1 
6	% 
  0  1  0  0  0  0
 -1  0 -1  1 -1  1
 -1 -1  0  0  0  1
  1  0  0 -1  0 -1
 -1  0 -1  0 -1  0
  1  1  1  0  0  0
2-2;1,1,1,1 1 2
4 
#1 
6	% 
  0  1  0  0  0  0
  0  0  1  0  0  0
 -1 -1 -1 -1  1  1
  1  0  0  0 -1 -1
 -1  0  0 -1  1  0
  1  0  0  1  0 -1
1,1,1,1;1;1 1 5
3 
#1 
6	% 
  0  1  1  1 -1 -1
  1  0  1  1 -1 -1
  1  1  1  0 -1 -1
 -1 -1 -1 -1  1  2
  1  1  2  1 -1 -1
 -1 -1 -1 -1  0  1
1,1,1;1;1;1 1 19
1 
#1 
6	% 
 1 0  0  0 0  0
 0 1  0  0 0  0
 0 0  0  0 0 -1
 0 0 -1  0 0  0
 0 0  0  0 1  0
 0 0  0 -1 0  0
