#42

3;1;1;1 2 6
1 
#1 
6	% 
 1 0 0 0 0 0
 0 1 0 0 0 0
 0 0 1 0 0 0
 0 0 0 1 0 0
 0 0 0 0 1 0
 0 0 0 0 0 1
1,1,1,1,1,1 1 1
1 
#1 
6	% 
 1 0 0 0 0 0
 0 1 0 0 0 0
 0 0 1 0 0 0
 0 0 0 1 0 0
 0 0 0 0 1 0
 0 0 0 0 0 1
1,1,1,1,1;1 1 2
12 
#3 
6	% 
 0 -1  1  1 -1 -1
 0  0  0  1 -1 -1
 1 -1  1  1 -1  0
 0 -1  0  2 -1 -1
 0  2 -1 -2  2  1
 0 -1  1  2 -2 -1
6	% 
 0  0  0 -1  1  1
 1  0  0  0  0  0
 0 -1  0 -1  0  2
 0  0  1 -1  1  1
 0  1 -1  2 -1 -2
 0 -1  0 -1  1  2
6	% 
 -1 -1  0  1  1 -1
 -1 -1  0  1  0  0
  0 -1  0  1  1 -1
  1  0 -1  0  1  1
  0  1  1 -1 -1  0
  1  0 -1  1  1  0
2-1;1,1,1,1 1 2
3 
#1 
6	% 
  0 -1  1  0  1 -1
  0 -1  1  0  0  0
  0 -1  1  1 -1 -1
  0 -1  1  1  0 -1
 -1 -1  0  0  0  0
  0  2 -1 -1  0  1
1,1,1;1,1,1 1 2
10 
#2 
6	% 
  0  1  0 0  0  0
  1  1  1 0  0  0
  0  0  0 1 -1 -1
  0  0  0 0 -1  1
 -1 -1 -1 0  1  0
  1  1  0 0  1  0
6	% 
  0  0 -1  1  0 0
 -1  1 -1  1  0 0
  0 -1  1  0  0 0
  0  0  0  0 -1 1
  0 -1  1 -1  1 0
  0  0  0  0  1 0
1,1,1,1;1,1 1 3
24 
#2 
6	% 
  0  0  0  0 -1  1
  0  0  0 -1  0  2
  1 -1  1 -1  1  0
  0  0  0  1  0 -1
  0  1 -1  0  0  1
 -1 -1  0  0 -1  0
6	% 
  0  1  0  0  1 -1
  0 -2  0 -1  1  1
 -1 -2  1  0  0  0
  1  3 -2  1 -1  0
  1  1 -1 -1  1  0
 -1 -1  1  0  0  0
1,1,1,1;1,1 1 2
15 
#3 
6	% 
 -1 0  1 0  0  0
 -1 1  0 0  0  0
 -2 0  0 0 -1  1
  0 0  0 1 -1 -1
  2 0 -1 0  1  0
 -2 0  0 0  0  1
6	% 
 0  1 -1 -1 1  1
 0  1  0 -1 0  0
 0  1 -1  0 0  0
 1  0  0  0 0  0
 0 -1  1  1 0 -1
 0  2 -1 -1 0  1
6	% 
  0  1 -1  0  0 0
  1  1 -1  0  0 0
  0  1 -1  0 -1 1
  2  2 -1  1  0 0
 -2 -3  2 -1  1 0
 -1  0 -1  0 -1 0
2-1;1,1,1;1 1 5
12 
#2 
6	% 
 0 -2  2 -1  1 1
 0 -2  2 -1  2 0
 0  0 -1  1 -1 0
 1  1  0  0  0 0
 0 -1  0  0  0 0
 0  0  0  0 -1 0
6	% 
 0  0  0 -1  1 1
 0  0 -1  0  1 1
 0 -1  1  0 -1 0
 1  1  0  0  0 0
 0 -1  0  0  0 0
 0  0  0  0 -1 0
1,1,1;1,1,1 1 3
18 
#1 
6	% 
  0 -1  1 0  0  0
  0  2  0 1 -1 -1
 -1 -2  0 0  0  1
  1  1  0 0  0  0
  1  0 -1 0  1  0
 -1  0  0 0  0  0
2-1;1,1;1,1 1 4
9 
#1 
6	% 
 0  0 -1 1  0  0
 0  0  0 0  1 -1
 0  0  0 0  0 -1
 1  1  0 0  0  0
 0 -1  0 0  0  0
 0 -1  1 0 -1  0
2-2;1,1,1,1 1 2
4 
#1 
6	% 
  0 0  0  1  0 0
  0 0  0  0  1 0
  0 0  0  1  1 1
 -1 0  0 -1 -1 0
  0 1 -1  1  1 0
  1 1  0 -1 -1 0
1,1,1,1;1;1 1 5
24 
#2 
6	% 
  0  1  0 -1 0  0
  0  0  1 -1 0  0
  1  0  1  0 0  0
 -1 -1 -1  1 1  0
  1  1  1 -1 0 -1
 -1  1 -1  0 0  0
6	% 
  0  0 -1 0  1  1
  0  0 -2 1  1  1
 -1 -1  0 0  0  1
  1  0  1 0 -1 -1
 -1 -1 -1 0  1  1
  1  0  1 0  0 -1
1,1,1;1,1;1 1 7
36 
#2 
6	% 
 -2  1 -2  0 0 0
 -2  2 -2 -1 0 0
  4 -3  3  2 0 0
 -1  1 -1 -1 0 1
  0  0  0 -1 1 1
 -1  1 -1  0 0 0
6	% 
  2  1  0 0  0  0
  2  1  1 0 -1 -1
 -4 -2 -3 1  2  2
  1  0  1 0 -1  0
  0 -2  2 0 -1  1
  1  0  0 0  0  0
1,1,1;1,1;1 1 9
24 
#2 
6	% 
  0  0  1 -2  2  0
  0  0  0 -1  2  0
  0  0 -1  3 -3 -1
  1 -1  2 -1  1  0
 -1  2 -2  0  0  0
  0  1  0  0  0  0
6	% 
  0  3 -3  1 0 -2
  0  1 -1  0 1 -1
  0 -4  4 -1 0  2
  1  2 -3  2 0 -1
 -1  0  2 -2 0  0
  0  1  0  0 0  0
1,1,1,1;1;1 1 6
3 
#1 
6	% 
  0 -1  1  1 -1 -1
  0 -1  1  0  0  0
  0 -1  0  1  0  0
  0  2 -1 -1  0  1
  1 -1  1  1  0 -1
 -1  0  0  0  0  0
2-2;1,1,1;1 1 5
12 
#1 
6	% 
  0  0 0  1 -2  0
  1  1 0  1 -2 -1
 -1 -1 1 -2  2  1
 -1 -1 0 -2  3  1
  0 -1 1 -2  3  1
 -1  0 0 -2  3  1
1,1,1;1,1;1 1 5
60 
#6 
6	% 
  0  2  1 0 0  0
 -1  1  0 0 0  0
  1 -2 -1 0 0  0
  0  1  0 0 1  0
  0  0  0 0 1 -1
  0  0 -1 1 0  0
6	% 
 0  1 -1  1 -2 0
 0 -1  1  0 -1 1
 0  0  0 -1  2 0
 1  1 -1  1 -1 0
 1  0  0  0  0 0
 0  0 -1  1  0 0
6	% 
  2 1  0 0  1 -1
  1 0  0 0  0  0
 -3 0  0 0 -1  1
  1 0  0 0  1  0
  0 1 -1 0  0  0
  0 0 -1 1  0  0
6	% 
 0  0  1  0 -2 0
 0  0  1 -1 -1 1
 0  0 -2  1  2 0
 1  0  1  0 -1 0
 1  0  0  0  0 0
 0 -1  1  0  0 0
6	% 
 0 -1 0  0  1  1
 0 -2 1  1  0  0
 0  2 0 -1 -1 -1
 1  0 0  0  1  0
 2  0 0  0  1 -1
 1  1 0  0  0  0
6	% 
 -1 -1  1 0 -1  1
  1  0  0 0  0  0
  0  0  0 0  1 -1
  0  0  0 0  0  1
  0  0 -1 1  0  0
  1  1  0 0  0  0
1,1,1,1;1;1 1 4
15 
#3 
6	% 
  0  1  0  0  0  0
 -1  1  0  0  0  0
  1 -3 -2  0 -1  1
  0  2  1  0  1 -1
  0 -1 -1  0  0  1
  0 -1  0 -1  0  1
6	% 
 1  1  0  0  1 -1
 0  1  0  0  1 -1
 0 -3  0  1 -3  1
 0  1  0 -1  2  0
 0 -1  0  1 -1  0
 0  0 -1  1 -1  0
6	% 
  0  0 -1 1  1 -1
  1  0  0 0  1 -1
 -1  0  1 0 -3  1
 -1  0 -1 0  2  0
  1  0  1 0 -1  0
  0 -1  1 0 -1  0
1,1,1;1,1;1 1 10
72 
#3 
6	% 
 -1  1 -1  0 -2  2
 -3  3 -3  1 -2  0
  5 -5  5 -1  5 -3
  0  1  0  0 -1  1
 -2  1 -2  0 -1  0
  0  0  1 -1  0  0
6	% 
  1  1  1 0  0  0
  1  1  0 0  1 -1
 -3 -3 -2 0 -2  2
  1  0  1 0  0  0
  1  0  0 1  0 -1
  0  0 -1 1  0  0
6	% 
 -2 -1 0 -2  2  2
 -2 -1 0 -1  0  2
  6  3 0  4 -3 -5
 -1 -1 0 -1  1  1
 -1 -1 1 -1  0  1
  0 -1 1  0  0  0
2-2;1,1,1;1 1 6
4 
#1 
6	% 
  0 0 -1 1  0  0
  0 0  0 0 -1  1
 -1 0  0 0  0  0
  0 1 -1 0  0  1
  1 1  0 0  0  0
  0 0  0 0  0 -1
1,1;1,1;1;1 1 6
45 
#4 
6	% 
 1  0  0  0  0  0
 0  0 -3  3 -2  2
 0 -1  1 -1  1 -1
 0  1  0  0  0  0
 0 -1  1  0  0 -1
 0  0  0  0  0 -1
6	% 
 1  0  0  0  0  0
 0 -2  2  0 -1  1
 0  0 -1  0  1 -1
 0  1  0  0  0  0
 0  0  0 -1  1  0
 0  0 -1  0  1  0
6	% 
  0  0 -1 1  0  0
  0 -3  3 0 -2  2
  0  1 -2 0  2  0
  0  0  1 0 -1 -1
 -1  0 -1 0  1  0
  0  0 -1 0  1  0
6	% 
  0 -1  1  0  0  0
 -3  0  0  0 -2  2
  1  1 -1  1  0 -2
  0 -1  1 -1  1  1
  1  1  0  0  0 -1
  0  0  0  0  0 -1
1,1;1,1;1;1 1 10
72 
#3 
6	% 
 0  0 -3  3 -2  2
 0  0  0 -1  1  0
 0  0  1 -1  1 -1
 0 -1  0  0  0  0
 1  0  1  0  0  0
 0  0  1 -1  1  0
6	% 
  0 -2  2  0  1 -1
  1  1  0  0 -1  0
  0  1 -1  0 -1  1
 -1 -1  0  0  0  0
  1  0  0  0  0  0
 -1  0  0 -1  0  1
6	% 
 0 0  0 -2  3 1
 0 1 -1  1 -1 0
 0 0  0  1 -2 0
 1 0  1 -1  0 0
 1 1 -1  1  0 0
 0 0  0  0 -1 0
1,1,1;1;1;1 1 8
36 
#2 
6	% 
  0 -1  1  0  0  0
  1  2 -2  1 -1 -1
 -1 -2  1  0  1  0
  0  0  0  0  1 -1
 -1 -3  2 -1  1  1
  1  2 -2  1  0 -1
6	% 
  0 0  0  0 -1 1
 -1 0  0 -1  2 0
  1 1  0  0 -1 0
  0 1 -1  0  0 0
  1 1  0  1 -2 0
 -1 0  0 -1  1 0
1,1;1,1;1,1 1 6
36 
#2 
6	% 
  0  0  0 -2 1  3
  0  0  1  0 0 -1
  0  0  0  1 0 -2
 -1  0 -1  0 0  0
  1 -1  1  0 0  0
  0  1  0  0 0 -1
6	% 
  0 -2  2 0  1 -1
  1  2 -1 1 -1  0
  0  1 -1 0 -1  1
 -1 -1  0 0  0  0
 -1  0  0 0  0  0
  1  0  0 0 -1  0
1,1,1;1;1;1 1 12
12 
#2 
6	% 
  0 -1  1 0  0  0
  0 -1  1 0  1 -1
  0  1 -2 1 -1  0
 -1 -2  1 0  1  0
 -1  0  0 0  0  0
 -1 -1  0 0  0  0
6	% 
 0 0 -1 0 1  1
 0 0 -1 1 0  0
 0 1  0 0 0 -1
 1 1 -1 0 0  1
 1 0  0 0 0  0
 1 1  0 0 0  0
2-2;1,1;1,1 1 4
12 
#1 
6	% 
  0  0  0 -1  1  1
 -1 -1  1  0  0 -1
  1  1  0  0 -1  0
  1  0  0  0  0  0
  0  1 -1  0  0  0
  1  1  0  0  0  0
1,1,1;1;1;1 1 4
20 
#4 
6	% 
  1  0  0 0  0  0
 -1  1  0 0  0  0
  0 -2 -1 0  0  0
  0  2  0 1  0  0
  0  1  0 1  0 -1
  0  1  0 1 -1  0
6	% 
  0  1  0 0  0  0
 -1  0  0 0  0  0
  0 -1  0 0 -1  1
  0  1 -1 1  1 -1
  0  0  0 1  0 -1
  0  1 -1 1  0 -1
6	% 
  0  0 -1  1  0 0
  0  0  1 -1 -1 1
  0  0 -1  0  2 0
 -1 -1  1  0 -2 0
  0 -1  1  0 -1 0
 -1 -1  1  0 -1 0
6	% 
 0 0  0  0 -1  1
 0 1 -1  0  1 -1
 0 1 -1  1 -2  0
 1 0  1 -1  2  0
 1 0  0  0  1  0
 1 0  1 -1  1  0
1,1;1,1;1,1 1 3
15 
#2 
6	% 
 1  2  0  0 0 0
 0  0 -1  1 0 0
 0  1 -1  0 0 0
 0 -1  0  0 0 0
 0  0  1 -1 0 1
 0  1  0 -1 1 0
6	% 
  5  0  0  0  2 -2
  0  0  1 -1  0  0
  0 -1  1  0  0  0
 -3  0  0  0 -1  1
  2  1 -2  2  0 -1
  2  0 -1  1  1  0
1,1;1,1;1;1 1 21
36 
#2 
6	% 
 0 1 -1 0 -1  1
 0 0  0 0  1 -1
 0 0  1 0 -1  1
 0 0  0 0  0  1
 1 0  0 0  1 -1
 0 0  0 1 -1  0
6	% 
  3  1  0  0  2 -2
  0  4 -1  1  0  0
 -2 -5  1 -1 -1  1
 -1 -3  1 -1  0  1
  3  2  0  0  2 -2
 -1 -3  1  0 -1  0
2-1;1,1;1;1 1 9
18 
#2 
6	% 
 0  0  0 -1 1  1
 0 -1  0  0 0  0
 0 -1  0  1 0 -2
 1  1  0  0 0  0
 0  0 -1  1 0 -1
 0  0  0  0 0 -1
6	% 
 0  2 -2  0  1 -1
 0 -1  0  0  0  0
 0 -4  3  0 -1  1
 1  1  0  0  0  0
 0 -2  2 -1  0  1
 0 -2  2  0 -1  0
1,1;1,1;1;1 1 15
9 
#1 
6	% 
  0  0  0 1 -1 -1
  0 -2  2 0 -1  1
 -1  0 -1 0  1  0
  1  0  0 0  0  1
  1  1  0 0  0  0
  1  0  0 0  0  0
3;1,1,1 2 2
1 
#1 
6	% 
  0  0  0 -1 1  1
  0  0  1 -2 1  1
  0  0  0 -1 0  1
  0 -1  1  0 0  0
 -1  0 -1  0 0  0
  0  0 -1  1 0 -1
2-1;1;1;1;1 1 8
3 
#1 
6	% 
 1 0 0  0 0 0
 0 1 0  0 0 0
 0 1 0 -1 1 1
 0 0 1 -1 1 1
 0 0 1 -1 1 0
 0 0 0  0 1 0
1,1;1;1;1;1 1 18
18 
#2 
6	% 
  0  0 1 -1 0 0
  0  1 0 -1 0 0
 -1 -1 0  0 0 1
  0 -1 0  0 1 0
  1  0 0  0 0 0
 -1 -1 0  0 0 0
6	% 
  0  0 0 -1  1 1
  0  0 0  1 -2 0
  0 -1 1 -1  1 0
 -1 -1 0  0  1 0
 -1  0 0  0  0 0
 -1 -1 0  0  0 0
1,1;1;1;1;1 1 13
24 
#2 
6	% 
 -3 -1 -5  5  0 0
  2  1  3 -3  0 0
  0  0  0  0 -1 1
 -1  0 -2  1  0 1
  3  2  5 -5  0 0
 -1  0 -2  2 -1 0
6	% 
 -3 -3  2 0  0  0
  2  2 -1 0  0  0
  0  0  0 1 -1 -1
 -1 -1  1 0  0 -1
  3  4 -2 0  0  0
 -1 -1  1 0 -1  0
2-2;1,1;1;1 1 9
12 
#1 
6	% 
 -1 -1  0  0 0 1
  0  0  1 -1 0 0
  1  1 -1  0 1 0
  1  1  0  0 0 0
  1  0  0  0 0 0
  0  1 -1  0 0 0
2-2;1,1;1;1 1 13
12 
#1 
6	% 
  0  0 0 0 -1 1
 -1 -1 0 1 -1 0
  1  0 1 0 -1 0
  0 -1 1 0  0 0
  1  1 0 0  0 0
 -1  0 0 0  0 0
3;1,1;1 2 5
3 
#1 
6	% 
  0  0  0 -1 1  1
 -1  0 -1  0 0  0
  0  0 -1  0 0  0
  0  0 -1  1 0 -1
  0 -1  1  0 0  0
  0  0  0  0 0 -1
1,1;1;1;1;1 1 8
15 
#3 
6	% 
 1 0  0  0 0 0
 0 1  0  0 0 0
 0 0 -1  0 0 0
 0 0  0 -1 0 0
 0 0  0 -1 0 1
 0 0  0 -1 1 0
6	% 
  0  0  0  0 -1 1
  0  0  0 -1  2 0
 -1 -1  0  1 -2 0
 -1  0 -1  1 -2 0
 -1  0  0  0 -1 0
 -1  0 -1  1 -1 0
6	% 
  0  0  0  0  1 -1
  0 -1  1  0 -1  1
 -1  0 -1  0  1 -1
  0  0 -1  0  1 -1
  0  0  0 -1  1  0
  0  0 -1  0  1  0
1;1;1;1;1;1 1 12
3 
#1 
6	% 
  1  0 -1 1  0  0
  0  1 -1 0  0  0
  0  1  0 0  0 -1
  0  1  0 0 -1  0
 -1  0  0 0  0  0
 -1 -1  0 0  0  0
1;1;1;1;1;1 1 6
1 
#1 
6	% 
  1 0  0 0 0 0
 -1 1 -1 0 0 0
 -2 0 -1 0 0 0
 -2 0 -2 1 0 0
 -1 0 -1 0 0 1
 -1 0 -1 0 1 0
2-2;1;1;1;1 1 10
4 
#1 
6	% 
 -1  0 -1  0 0 1
  0  0 -1  1 0 0
 -1  0  0 -1 1 0
  1  0  0  0 0 0
  0 -1  1  0 0 0
  1  1  0  0 0 0
