#15

1,1;1;1;1;1 1 6
1 
#1 
6	% 
 1 0 0 0 0 0
 0 1 0 0 0 0
 0 0 1 0 0 0
 0 0 0 1 0 0
 0 0 0 0 1 0
 0 0 0 0 0 1
1,1,1,1,1,1 1 1
1 
#1 
6	% 
 1 0 0 0 0 0
 0 1 0 0 0 0
 0 0 1 0 0 0
 0 0 0 1 0 0
 0 0 0 0 1 0
 0 0 0 0 0 1
1,1,1,1;1,1 1 2
7 
#3 
6	% 
  0 -1  0 -1  0 1
  0 -1 -1 -1 -1 1
  0 -1  0  0  0 0
  1  0  0  0  0 0
 -1  2  0  1  0 0
 -1 -2  0 -1 -1 0
6	% 
  1  0  0  0  0  0
  1  0  0  0 -1  0
  0 -1  0 -1 -1  1
  0  0 -1 -1 -2 -1
 -1  1  1  1  2  0
  1 -1  1  0  1  1
6	% 
 -1 0 -1 1 -2  1
 -1 0  0 0  0  0
  0 0  0 0 -1  0
  0 1  1 0  1  0
  1 0  0 0  1 -1
 -1 0 -1 0 -2  1
1,1,1,1,1;1 1 2
3 
#1 
6	% 
 0  0 -1  1 -2  1
 1  0  0  0  0  0
 0 -1 -1  0 -2  2
 0  0 -1  1 -1  1
 0  1  2 -1  3 -2
 0 -1 -1  1 -2  2
1,1,1,1,1;1 1 1
1 
#1 
6	% 
  0 0  0  0 -1  0
 -1 0 -1  0 -1 -1
 -1 0  0 -1 -1 -1
  0 0 -1 -1  0 -1
  1 0  1  1  1  1
  0 1  0  0  0  0
1,1,1;1,1,1 1 2
4 
#2 
6	% 
  0 0 -1  0 -1  0
  1 0 -1  0  0  0
  0 1  1 -1  0 -1
  0 0  0 -1  0  1
 -1 0  0  1  0  0
  1 0 -1  1  0  0
6	% 
  1  0  0  0  1  0
 -1 -1  0  0 -1  0
  0  0  0  1  0 -1
  0  0 -1  1  0  1
  0  0  1 -1  0  0
  0  0  1 -1  1  0
1,1,1;1,1;1 1 3
4 
#2 
6	% 
 0 0 0  2  1  0
 0 0 1  1  1 -1
 0 0 0 -3 -1  1
 0 0 0  1  0  0
 1 0 0  0  0  0
 0 1 0  0  0  0
6	% 
 0 0 -1  1 -1  1
 1 0  0  0  1  0
 0 0  1 -1  0 -1
 0 0  0  1  0  0
 0 0 -1  0 -1  0
 0 1  0  0  0  0
1,1;1,1;1,1 1 3
3 
#1 
6	% 
 0 0 -2 1 0  3
 0 1  0 0 0  0
 1 0  0 0 1  0
 0 0  1 0 0 -2
 0 0  0 0 1  1
 0 0  0 0 0  1
1,1,1;1,1;1 1 5
12 
#3 
6	% 
 0  2  1  1  1 -1
 0  1  0  0  0  0
 0 -2 -2 -1 -2  1
 0  1  0  1  0  0
 1  0  0  0  0  0
 0  0 -1  1  0  1
6	% 
  2  0  0  1  1 -1
  1  0  0  0  0  0
 -2  0  0 -1 -2  1
  1  0  0  1  1  0
  0 -1 -1  1  0  1
  0  0  1  0  1  0
6	% 
 0 0 0  0 -1 0
 1 0 0  0  0 0
 0 1 0  0  2 0
 0 0 0  0  0 1
 0 0 0 -1  0 1
 0 0 1  0  1 0
1,1,1,1;1;1 1 2
3 
#1 
6	% 
 -1 0 -1 1 -2  1
 -1 0 -1 0 -2  2
  0 0  0 0 -1  0
  0 1  0 0  0  0
  1 0  0 0  1 -1
 -1 0 -1 0 -2  1
1,1,1,1;1;1 1 4
3 
#1 
6	% 
  1  0  0  0  0  0
  1 -1  0  0  0  0
 -3  0  0 -1  0  1
  2  0  0  1  1 -1
 -1  0  0  0  0  1
 -1  0 -1  0 -1  1
1,1;1,1;1;1 1 3
3 
#1 
6	% 
  0 0 -2 1  0  3
 -1 0  0 0 -1  0
  0 1  0 0  0  0
  0 0  1 0  0 -2
  1 0 -1 0  0  1
  1 0  0 0  1  1
1,1;1,1;1;1 1 6
3 
#1 
6	% 
 1 0  0  0  0  0
 0 1  0  2  0 -2
 0 0  0 -1 -1  1
 0 0  0  0  1  0
 0 0 -1  0 -1  1
 0 0  0  0  0  1
1,1,1;1;1;1 1 3
3 
#1 
6	% 
 1 0 0  0  0  0
 0 0 0  1  0 -1
 0 1 0  0  0  0
 0 0 0  0  0 -1
 0 0 0 -1 -1  1
 0 0 1  0  1 -1
1,1,1;1;1;1 1 4
1 
#1 
6	% 
  1 1  0  0  1 0
 -1 0  0  0  0 0
  0 0  0  0 -1 0
  0 0  0 -1  1 1
  0 0 -1  0  0 1
  0 0  0  0  1 1
