#15

2-1;1,1;1,1 1 10
1 
#1 
6	% 
 1 0 0 0 0 0
 0 1 0 0 0 0
 0 0 1 0 0 0
 0 0 0 1 0 0
 0 0 0 0 1 0
 0 0 0 0 0 1
1,1,1,1,1,1 1 1
1 
#1 
6	% 
 1 0 0 0 0 0
 0 1 0 0 0 0
 0 0 1 0 0 0
 0 0 0 1 0 0
 0 0 0 0 1 0
 0 0 0 0 0 1
2-1;1,1,1,1 1 2
1 
#1 
6	% 
  0 -1 -1 0 -2 -3
  0 -1  0 0  0  0
  0  0  0 0 -1 -2
 -1 -1  0 0 -2 -3
  1  0  0 1  0  0
 -1  1  0 0  1  2
1,1,1,1,1;1 1 2
4 
#2 
6	% 
  0  0  0 0 -1  0
  0  0  1 0 -1 -1
  1  1  1 1  0  1
  0  1  0 0 -2 -2
 -1 -1 -1 0  1  0
  0  1  1 1 -2 -1
6	% 
  0  1  0 -1  0  0
  0  0  0 -1 -1 -1
  0  1  1 -1  0  0
  0  1 -1 -1  1  0
 -1 -1  0  2 -1  0
 -1  1  0 -2  0 -1
1,1,1,1;1,1 1 3
2 
#1 
6	% 
 1  0 0  0 1  1
 1  0 0 -1 0  0
 0  0 0  0 0 -1
 0  0 1  1 0  0
 0 -1 0 -1 0  0
 0  0 0  0 1  0
1,1,1,1;1,1 1 2
1 
#1 
6	% 
 0 1  0  0 1 1
 0 0  1  0 2 3
 0 0 -1  0 0 0
 1 0  0  1 0 0
 0 0  0 -1 0 0
 0 0  0 -1 1 1
1,1,1;1,1,1 1 4
2 
#1 
6	% 
  0  0 -1 -1 -1  0
 -1  1 -1  0 -1 -1
  0 -1  1  0  0 -1
  1  1  0  0  1  2
  0 -1  1  0  1  0
  0  1 -1  1  0  0
1,1,1;1,1,1 1 3
2 
#1 
6	% 
  1  1 -1  0 -1  2
  0 -1 -1  1  0  0
  1  1  0 -1  0  0
 -1 -1  0  0  0 -1
 -1  0  1 -1 -1 -1
  1  0 -1  0  0  1
1,1,1,1;1;1 1 4
1 
#1 
6	% 
  0 1  2 0  3  4
  0 0  1 0  1  1
  0 0 -3 0 -3 -4
  0 0  2 0  1  1
 -1 0 -1 0 -1 -1
  0 0 -1 1 -1 -1
1,1,1;1,1;1 1 12
4 
#1 
6	% 
  1  0  0  1  1 -1
  0 -1  1  0  1 -1
 -2  2 -2 -2 -3  3
  0  0  1  0  1  0
 -1  1 -1 -1 -2  1
  0  0  0  1  0 -1
1,1;1,1;1,1 1 9
1 
#1 
6	% 
 1  0  0 -1  1  1
 0 -1  0  0 -1 -1
 0  0 -1  0 -1 -1
 0  0  0  0  0 -1
 0  0  0  1  0 -1
 0  0  0 -1  1  1
1,1,1;1,1;1 1 11
4 
#1 
6	% 
 0  0  0 0 -1 -1
 0  1  1 0 -1 -1
 0 -1 -1 1  3  3
 0  0  0 0 -1  0
 0  1  0 0  0 -1
 1  0  0 0  0  0
1,1;1,1;1;1 1 38
1 
#1 
6	% 
  0  0 1 0  1  2
  0 -1 0 0 -2 -1
  0  1 1 0  3  2
 -1  0 0 0  0 -1
 -1  0 0 0 -1  0
 -1  0 0 1 -1 -1
1,1,1,1;1;1 1 6
1 
#1 
6	% 
 0  1  1  0  1  1
 0  0  1  0  2  3
 0  1  1  0  2  3
 1 -1 -1  0 -2 -3
 0  1  1 -1  3  4
 1  0  0  1  0  0
1,1;1,1;1;1 1 35
1 
#1 
6	% 
 0 -1  2  0 2 1
 0  0  0 -1 0 0
 0  2 -1  0 1 2
 1  0  0  0 0 0
 0 -1  1  0 1 0
 0  1 -1  0 0 1
