#17

1,1;1;1;1;1 1 36
1 
#1 
6	% 
 1 0 0 0 0 0
 0 1 0 0 0 0
 0 0 1 0 0 0
 0 0 0 1 0 0
 0 0 0 0 1 0
 0 0 0 0 0 1
1,1,1,1,1,1 1 1
1 
#1 
6	% 
 1 0 0 0 0 0
 0 1 0 0 0 0
 0 0 1 0 0 0
 0 0 0 1 0 0
 0 0 0 0 1 0
 0 0 0 0 0 1
1,1,1,1;1,1 1 3
4 
#2 
6	% 
 1  1  1  1 1  1
 1  2  1  1 0  0
 0  0 -1  0 0 -1
 0 -2  0 -1 0  0
 0  1  1  0 0  0
 0  1  0  1 1  0
6	% 
  1  0  0  0  0 0
  0  0 -1  0 -1 0
 -1  0  0 -1  0 0
  0  0  1  1  1 1
  0 -1  0  0  0 0
  1  1 -1  0  0 0
1,1,1,1,1;1 1 2
3 
#1 
6	% 
  1  1  1 1  1 1
  0  0  1 0  0 0
  1  1  1 1  1 0
  0  0  2 0  1 0
 -1 -1 -2 0 -1 0
  1  0  3 1  1 0
1,1,1,1,1;1 1 1
1 
#1 
6	% 
 0  0  0  0 -1  0
 0 -1 -1  0 -1 -1
 0 -1  0 -1 -1 -1
 0  0 -1 -1  0 -1
 0  1  1  1  1  1
 1  0  0  0  0  0
1,1,1;1,1,1 1 3
4 
#2 
6	% 
 -1 -1 -1 -1  0  0
  0  0  0  1  1 -1
 -1  0  0  0  0  1
  1  0  1  0  0  0
  1  0  0  0 -1  0
 -1 -1  0 -1  0  0
6	% 
 -1 -1 1 -1  0  0
  0  1 0  0 -1 -1
  0  0 0  0  0  1
  0  1 0  1  0  0
  0  0 0  0  1  0
  0  0 1  0  0  0
1,1,1,1;1,1 1 2
3 
#1 
6	% 
 0  0  0  0  0 1
 0 -1 -1 -1 -1 0
 0  0  1  0  0 0
 1  0  0  0  0 0
 0  1  0  0  0 0
 0  0 -1 -1  0 0
1,1;1,1;1,1 1 9
3 
#1 
6	% 
 1  0  0  0  0  0
 0 -1 -1  0 -1 -1
 0 -2  0 -1 -1 -1
 0 -1  0  0 -1  0
 0  0  0  0  0  1
 0  1  0  0  0  0
1,1,1;1,1;1 1 8
4 
#2 
6	% 
 0  1  1  1 1 1
 0  1  1  1 0 0
 0 -3 -2 -2 0 0
 0  1  0  1 1 0
 0  1  0  1 0 0
 1  0  0  0 0 0
6	% 
 0  0  2  0  1  1
 0 -1  1 -1  0  0
 0  1 -4  1 -2 -1
 0  0  1  0  1  1
 0  0  0 -1 -1 -1
 1  0  0  0  0  0
1,1,1;1,1;1 1 11
6 
#2 
6	% 
  2  1 -1 -1  1  1
  2  1 -1 -1  0  0
 -5 -3  3  3 -2 -2
  1  0  0 -1  0  1
  1  0  0 -1  0  0
  1  1  0  0  1  1
6	% 
  2  1 -1  1  0  0
  2  1 -1  1  1 -1
 -5 -3  3 -3 -2  2
  1  1  0  1  0  0
  1  0 -1  0  1  0
  1  0  0  1  0  0
1,1,1;1,1;1 1 7
6 
#1 
6	% 
 0 1 -1 1  0  0
 0 0  2 0  1  1
 0 0 -3 0 -2 -1
 0 0  1 0  0  0
 1 0  0 0  0  0
 0 1 -1 0  0  0
1,1,1,1;1;1 1 2
3 
#1 
6	% 
 0  1 0 1  1  1
 0  0 1 0  1  0
 0  0 1 0  0  1
 1  0 0 0  0  0
 0 -1 0 0 -1 -1
 0  0 1 1  1  1
1,1,1,1;1;1 1 5
3 
#1 
6	% 
  1  0 0 0  0  0
  1  0 0 0 -1  0
  1  0 0 1  1  2
 -2  0 1 0  0 -1
  2  1 0 1  1  2
 -1 -1 1 0 -1 -2
1,1;1,1;1;1 1 27
3 
#1 
6	% 
 1  0  0  0  0  0
 0  0  1  0  0  1
 0  1 -1  2  1 -1
 0  1 -1  1  0 -1
 0 -1  2 -1 -1  1
 0  2 -2  1  1 -1
1,1;1,1;1;1 1 33
3 
#1 
6	% 
 1  0  0  0  0  0
 0  0  0  0 -1  0
 0  0  0  0  0  1
 0  1  0  0  1  1
 0  1 -1  0 -1  1
 0 -1  0 -1  0 -2
1,1,1;1;1;1 1 7
3 
#1 
6	% 
 0 -1  2 -1  1  0
 1  0  0  0  0  0
 0  0  0 -1  0  0
 0  1 -1  1 -1  0
 0  1 -1  0  0  0
 0 -1  1 -1  0 -1
1,1,1;1;1;1 1 17
1 
#1 
6	% 
  1 0  0  0  0  0
 -3 1 -1  0 -1  1
  1 0  0  0  1  0
  2 0  1  0  1  0
 -1 0 -1 -1 -1  0
  1 0  0  0  0 -1
