#55

4-1;1,1 2 2
1 
#1 
6	% 
 1 0 0 0 0 0
 0 1 0 0 0 0
 0 0 1 0 0 0
 0 0 0 1 0 0
 0 0 0 0 1 0
 0 0 0 0 0 1
1,1,1,1,1,1 1 1
1 
#1 
6	% 
 1 0 0 0 0 0
 0 1 0 0 0 0
 0 0 1 0 0 0
 0 0 0 1 0 0
 0 0 0 0 1 0
 0 0 0 0 0 1
1,1,1,1;1,1 1 3
36 
#2 
6	% 
 -1 -1  0  0 -1 -2
  0  0 -1  0  0  0
  1  0  0 -1  1  1
  0  0  0  1  0  0
  0  0  0  1  0 -1
 -1 -1  0 -1  0  0
6	% 
  0  0  1 1 0  1
 -1  0  1 1 0  2
  0  0  0 0 1  0
  1  0 -1 0 0 -1
 -1  0  0 1 0  1
  0 -1  0 0 0  0
1,1,1,1;1,1 1 2
7 
#2 
6	% 
  0  0 -1 -1  0  1
  0 -1 -1 -1 -1  2
  0 -1 -1  0  0  1
  1  0  0  0  0  0
 -1  1  1  1  0 -2
 -1 -1 -1 -1  0  1
6	% 
 0  0 1 0  0  1
 0  0 0 0 -1  0
 1  0 0 0  1  1
 0 -1 0 1  0  0
 0  1 0 0  0 -1
 0  1 0 0  0  0
2-1;1,1,1;1 1 8
24 
#1 
6	% 
  1  0  0  0  0  0
 -2 -1 -1 -1 -1 -1
  0  0  0  0  1  0
  0  0  0  1  0  0
  0  0 -1  0  0  0
  0 -1  0  0  0  0
1,1,1;1,1,1 1 2
4 
#1 
6	% 
  1  0 0  0  0  1
 -1 -1 0  0  0 -1
  0  0 0 -1 -1  1
  0  0 1  0  1 -1
  0  0 0  1  0 -1
  0  0 0  1  0  0
2-1;1,1,1;1 1 6
12 
#1 
6	% 
 -1 0 -1  0 -1 -2
  1 0  0 -1  0  0
  1 0  0  0  1  1
  0 1  0  1  0 -1
 -1 0  0 -1  0  1
 -1 0 -1  0  0 -1
2-1;1,1,1;1 1 7
12 
#1 
6	% 
  1 0  0  0 0  0
  0 0  0  1 0  0
  0 1 -1  0 0  0
  0 0  1  0 1 -1
  1 0  1  1 0  0
 -1 0  1 -1 0 -1
1,1,1,1,1;1 1 2
16 
#2 
6	% 
  1  0  0  1 1 1
  0  0 -1  0 0 0
  0  0 -1  1 0 0
  1  0  0  1 0 1
 -1 -1  1 -1 0 0
  1 -1 -1  1 0 1
6	% 
  0  0  0  0  1  0
  1  0  0  0  0  0
  0 -1 -1 -1  0 -1
  1  0  0  0  1 -1
 -1  1  1  0 -1  1
  1 -1  0 -1  1 -1
2-1;1,1,1,1 1 2
6 
#1 
6	% 
  1  0  0  0 -1  0
  1  0  0  0  0  0
  0 -1  0  0 -1 -1
  1 -1 -1  0 -1  0
  0  0  1 -1  0  0
 -1  1 -1  0  1  1
2-1',2-1';1,1 1 2
6 
#1 
6	% 
  0  0 -1 -1  0 1
  0 -1  0  0  1 0
  1  0  0  0  0 0
  1  0 -1  0  0 1
  0  0  1  0 -1 0
 -1  0 -1  0  0 0
2-1;1,1;1,1 1 6
6 
#1 
6	% 
 0 1  0 0  1 -1
 1 0  0 0  0  1
 0 0 -1 0  0  1
 0 0  0 1  0 -1
 0 0  0 0  1 -1
 0 0  0 0 -1  0
1,1,1;1,1,1 1 3
12 
#1 
6	% 
  0  1  1 1  1 -2
 -1  0  0 0  0  1
  0  0  0 1  1 -2
  0 -1  0 0  0  0
  0  0 -1 0 -1  0
  0  1  0 0  0 -1
2-2;1,1,1,1 1 2
16 
#1 
6	% 
  1  0  0  0  0  0
  0  0 -1 -1 -1 -1
  2  2  1  1  1  0
 -1 -1  0  0  1  1
  1  1  0 -1  0 -1
 -1 -1  1  0  0  1
2-2;1,1,1;1 1 5
16 
#1 
6	% 
  1 0 0  0 0 0
  2 0 0 -1 0 0
 -2 0 0 -1 0 1
 -3 0 0  0 1 1
 -3 0 1  0 0 1
 -3 1 0  0 0 1
1,1,1;1;1;1 1 13
12 
#1 
6	% 
  1  0  0  0 0 0
  1  0 -1  0 0 0
  1 -1 -1  0 0 0
  0  0  0 -1 1 0
  1  0 -1 -1 0 0
 -1  0  1 -1 0 1
1,1;1,1;1,1 1 9
12 
#1 
6	% 
 1  0  0  0  0  0
 0  0 -1  0 -1  1
 0  1  1  0  0 -1
 0  2  1  1  0 -2
 0  1  1  0  1 -1
 0 -1  0 -1  1  0
2-2;1,1,1;1 1 6
16 
#1 
6	% 
 1  0  1  0 0  1
 0  0  1  0 0  1
 0  1  0 -1 0  0
 0  0  1  0 1  0
 0  0  0  1 1 -1
 0 -1 -1  0 0  0
1,1,1;1;1;1 1 16
12 
#1 
6	% 
 -1  0 0 0 0  1
 -3 -1 0 0 0  1
  3  0 0 0 1 -1
 -2  0 0 1 0  1
 -2  0 1 0 0  1
  0  0 1 1 0 -1
1,1;1,1;1;1 1 24
24 
#1 
6	% 
 1  0  0  0  0  0
 0 -2 -1  0 -1  2
 0  1  1  0  2 -2
 0  1  1 -1  1 -1
 0  1  1  0  1 -1
 0  0  0  1  0 -1
1,1,1;1,1;1 1 9
24 
#1 
6	% 
 0  0 0  0  0 -1
 1  0 0  0  0  0
 0  0 1  0  0  2
 0  0 0 -1  0  0
 0  0 0  1 -1  0
 0 -1 0  0 -1  1
1,1,1,1;1;1 1 5
36 
#2 
6	% 
  1  1  1  0  1  1
  1  1  2  0  1  0
  1  1  1 -1  1  1
 -1 -1 -2  0 -2 -1
  1  2  2  0  1  1
 -1 -1 -1 -1 -1  0
6	% 
  1  0  0 0 0  0
  0  0  0 0 0  1
  1  0  0 1 0  1
 -1  0  0 0 1 -1
  1 -1  0 0 0  1
 -1  0 -1 0 0 -1
1,1,1;1,1;1 1 11
24 
#1 
6	% 
 0  0 0  0  0  1
 0  1 0  0  1  3
 1 -1 0  0 -1 -5
 0  0 0 -1  0  1
 0  1 0  1  0  1
 0  0 1  0  0  0
1,1;1,1;1,1 1 6
6 
#1 
6	% 
 1  0  0  0  0  2
 0  0  0  0  1 -1
 0  0  0  0  0 -1
 0  0  0 -1 -1  1
 0 -1 -1  0  0  1
 0  1  0  0  0 -1
1,1;1,1;1,1 1 8
3 
#1 
6	% 
 0  1 0 1  0 -1
 0  0 1 0  1 -1
 1  0 0 0  0  1
 0  0 0 0  1 -1
 0  1 0 0  0 -1
 0 -1 0 0 -1  1
2-2;1,1;1,1 1 4
16 
#1 
6	% 
 -1 0 0  0  0 -1
  0 0 0  0  1  0
  0 0 0  0 -1  1
  0 0 0 -1 -1  1
  0 0 1  0 -1  0
  0 1 0  0 -1  0
1,1,1;1,1;1 1 7
24 
#2 
6	% 
 0 -1 0 1 -2  1
 0  0 0 0 -2  1
 0  0 1 0  5 -3
 0  0 0 0 -1  0
 1  0 0 0  0  0
 0 -1 0 0 -1  1
6	% 
  2 0  1 0 -1  1
  0 0  0 0  0  1
 -1 0 -1 0  1 -4
  0 1  0 0  0  0
  0 1  0 1  0 -1
  1 0  1 0  0  0
1,1,1;1,1;1 1 6
16 
#2 
6	% 
 0 0 -2 0 0  1
 0 0 -1 1 0  0
 0 0  3 0 1 -2
 0 0 -1 0 0  0
 1 0  0 0 0  0
 0 1 -1 0 0  0
6	% 
 0  0 0 0 0 -1
 0  1 0 0 0  0
 1 -1 0 0 0  1
 0  0 1 0 0 -1
 0  0 1 1 0 -1
 0  0 0 0 1 -1
3;1,1,1 1 3
8 
#1 
6	% 
  0  0  0 0 0  1
  1  0  0 0 0 -1
  1  0  0 0 1  0
  1  0  0 1 0  0
 -1  0 -1 0 0  0
 -1 -1  0 0 0  0
2-1;1,1;1;1 1 27
12 
#1 
6	% 
  3 0 0 0  0  1
 -1 0 1 0  0 -1
 -2 0 0 0  0 -1
 -1 0 0 0 -1  0
 -1 1 0 0  0 -1
  1 0 0 1  0  0
1,1;1,1;1;1 1 32
6 
#1 
6	% 
 0  0 0 1  1 -1
 1  0 0 0  0  0
 0  0 1 0 -1  0
 0  0 0 0 -1  1
 0  0 1 0  0  0
 0 -1 1 0  0  0
2-1;1,1;1;1 1 14
6 
#1 
6	% 
 -3 0 0 0 0 -2
 -1 0 0 1 0 -1
 -1 0 0 0 1 -1
  1 0 1 0 0  0
 -1 1 0 0 0 -1
  2 0 0 0 0  1
2-1;1,1;1;1 1 31
6 
#1 
6	% 
 1 0 0 0 0  2
 0 0 0 0 1 -1
 0 1 0 0 0 -1
 0 0 0 0 0  1
 0 0 1 0 0 -1
 0 0 0 1 0 -1
3;1,1,1 1 2
4 
#1 
6	% 
  1 0  0  0 0  0
  0 0  0  1 0  0
  0 2  0  0 0 -1
  0 1  0  0 1 -1
  0 1 -1  0 0  0
 -1 1  0 -1 0 -1
1,1,1,1;1;1 1 6
6 
#1 
6	% 
  1  0 0 0 -1  0
  1  0 0 0  0  0
  0  0 0 1  0  0
 -1  0 1 0  1  0
  1  1 0 0 -1 -1
  0 -1 1 0  0  0
1,1,1;1;1;1 1 19
8 
#1 
6	% 
 1  0 0 0 0  0
 1  0 0 0 0  1
 0  0 0 0 1 -1
 0  0 0 1 0  0
 0  0 1 0 0  0
 0 -1 0 0 0  1
1,1,1;1;1;1 1 8
12 
#1 
6	% 
 -1 0 0  0 0  1
  1 0 0 -1 0 -2
 -1 1 0  0 0  0
  0 1 0  0 1 -1
 -1 0 1  0 0  2
  1 1 0  0 0 -1
1,1,1;1,1;1 1 10
24 
#1 
6	% 
 0 0 -1 -1 0 -2
 0 0 -1 -1 0 -3
 1 0  3  3 0  7
 0 0 -1  0 0 -1
 0 0 -1  0 1 -2
 0 1  0  0 1 -1
1,1;1,1;1;1 1 13
12 
#1 
6	% 
 1 0  0 0 0  2
 0 1  0 0 0  0
 0 0  0 1 0  0
 0 0  0 0 1  0
 0 0 -1 0 0  0
 0 0  0 0 0 -1
2-1;2-1;1,1 1 5
3 
#1 
6	% 
 -3 0 0 0 0 -2
 -1 0 0 1 0 -1
  1 0 0 0 1  0
 -1 1 0 0 0 -1
  1 0 1 0 0  0
  2 0 0 0 0  1
2-1,2-1;1,1 3 2
12 
#1 
6	% 
 -1  0  0 0 0 -1
  0 -1 -1 1 1  0
  0 -2 -1 1 0  1
 -1 -1  0 0 0  0
  0  1  1 0 0 -1
  1 -1  0 0 0  1
2-1,2-1;1,1 2 3
6 
#1 
6	% 
  1  0  0  0  0  0
  0 -1 -1 -1 -1  2
  0  1  0 -2 -3  2
  1  1  1  0 -1  0
  0  0  0  1  1 -1
 -1  1  1  0 -1 -1
2-1,2-1;1,1 2 2
12 
#1 
6	% 
 0  0 1  1 0 -1
 0 -1 0  0 1  0
 1  0 0  0 0  1
 0  1 0  0 0  0
 0 -1 0 -1 0  1
 0  1 0  0 0 -1
2-1;2-1;1,1 1 7
6 
#1 
6	% 
 -3 0  0 0  0 -2
  1 1  0 0  0  0
  1 0  0 0 -1  1
  1 0  0 1  0  0
  1 0 -1 0  0  1
  2 0  0 0  0  1
4-1';1,1 1 2
12 
#1 
6	% 
 -1  0  0  0  0  0
  0 -3 -1 -1 -3  4
  0 -4 -3  1 -2  4
  0 -1 -1  1  0  1
  0  2  2 -1  1 -2
  0 -1 -1  1  0  0
1,1,1;1;1;1 1 18
4 
#1 
6	% 
 1 0 0 0 0  0
 0 0 0 0 1  0
 0 0 0 0 0  1
 0 1 0 0 0 -1
 0 0 1 0 0 -1
 0 0 0 1 0 -1
1,1;1,1;1;1 1 22
6 
#1 
6	% 
 -1  0  0 0 0 -1
  0  0 -1 0 1  0
  0  0  0 1 0 -1
  0 -1  0 0 0  0
  0  0  1 0 0  0
  0  0 -1 0 0  1
1,1,1,1;1;1 1 4
6 
#1 
6	% 
 0  0  1 0 0  0
 1  0  0 0 0  0
 0  0 -3 0 1 -1
 0  0  2 0 0  1
 0 -1 -1 0 0  0
 0  0 -1 1 0 -1
3;1,1;1 1 8
4 
#1 
6	% 
  1  0 0 0 0  0
  0  1 0 0 1 -1
  0  1 1 0 0 -1
 -1  1 0 0 0 -1
  0 -1 0 1 0  0
  0  2 0 0 0 -1
2-2;1,1;1;1 1 19
16 
#1 
6	% 
  1  0  0 0  0  0
 -1  1  1 0  1 -2
  0  0 -1 1  0  0
  0 -1 -1 0  0  1
  0 -1  0 0 -1  1
  0  0  1 0  1 -1
1,1;1;1;1;1 1 42
6 
#1 
6	% 
 1 0 0 0 0  0
 0 0 0 0 1 -1
 0 1 0 0 0  0
 0 0 1 0 0 -1
 0 0 0 1 0 -1
 0 0 0 0 0  1
1,1;1;1;1;1 1 49
2 
#1 
6	% 
 1 0  0 0 0  2
 0 1  0 0 0  0
 0 0  0 1 0  0
 0 0 -1 0 0  1
 0 0  0 0 1 -1
 0 0  0 0 0 -1
1,1;1;1;1;1 1 19
3 
#1 
6	% 
 -1  0  0  0 0 -2
  0  0  0  0 1 -1
  0  0 -1  0 0  0
  0 -1  0  0 0  0
  0  0  0 -1 0  1
  0  0  0  0 0  1
1,1;1;1;1;1 1 53
1 
#1 
6	% 
 1 0 0 0 0  2
 0 1 0 0 0 -1
 0 0 1 0 0  0
 0 0 0 1 0  0
 0 0 0 0 1  0
 0 0 0 0 0 -1
3;1,1;1 1 13
8 
#1 
6	% 
 0  1 0 0 -1  0
 0  1 0 1  0 -1
 0 -1 1 0  0  0
 1 -1 0 0  0  1
 1  0 0 0  0  1
 0 -2 0 0  0  1
