#26

1;1;1;1;1;1 1 37
1 
#1 
6	% 
 1 0 0 0 0 0
 0 1 0 0 0 0
 0 0 1 0 0 0
 0 0 0 1 0 0
 0 0 0 0 1 0
 0 0 0 0 0 1
1,1,1,1,1,1 1 1
1 
#1 
6	% 
 1 0 0 0 0 0
 0 1 0 0 0 0
 0 0 1 0 0 0
 0 0 0 1 0 0
 0 0 0 0 1 0
 0 0 0 0 0 1
1,1,1,1,1;1 1 2
6 
#2 
6	% 
  0  0  1 1  0 1
  0 -1  0 0  0 0
 -1 -1  1 0  0 0
  0  0  1 0  0 1
  0  1 -1 0 -1 0
  0 -1  1 0 -1 1
6	% 
  0  0  0  1  0 -1
  0  0  1  0  0 -1
  1 -1  1  1  1  0
  0  0  0  0  1 -1
 -1  0 -1 -1 -1  1
  0 -1  1  1  1 -1
1,1,1,1;1,1 1 2
7 
#2 
6	% 
  0  1  0  1 0  1
 -1  0 -1  0 0  0
  0  1  1  0 0  1
  0  0  0  0 1  1
  1 -1  0 -1 0 -2
 -1  1  0  1 0  1
6	% 
 0  0  0 1  0  0
 0  0  1 0  0  0
 0  0 -1 0 -1 -1
 1  1  0 0  0  0
 0 -1  0 0  0  0
 0 -1  0 0  0 -1
1,1,1,1;1,1 1 3
8 
#1 
6	% 
  0  0  0 -1  0  1
 -1  1 -1 -1  0 -1
 -1  0 -1  0 -1  0
  2  0  1  1  1  0
  0  2 -1 -1  1 -1
  0 -1  1  0 -1  1
1,1,1;1,1,1 1 3
6 
#1 
6	% 
  1 -1  1  1  0  0
  0  0  0  0 -1  1
  1  0  1  1  1  1
 -1  0 -1 -2  0 -2
  0  1 -1 -1  1  0
  0 -1  1  2  0  0
1,1,1;1,1,1 1 2
4 
#1 
6	% 
 -1 0 -1  0  0  0
  0 1  1  0  0  1
  0 0  0 -1  0  0
  0 0  0 -1 -1 -1
  1 0  0  1  1  0
 -1 0  0  1  1  1
1,1,1;1,1;1 1 6
16 
#2 
6	% 
  0 0  0 0 0  1
  0 0  1 0 0  1
  0 0 -1 1 0 -1
 -1 0  0 0 0  1
 -1 1  0 0 0  1
  0 0  0 0 1  0
6	% 
  2  0 0 0 0 -1
  2  1 0 1 0  0
 -3 -1 0 0 0  1
  1  0 0 0 0 -1
  0  0 1 0 0  0
  1  0 0 0 1 -1
1,1,1,1;1;1 1 6
6 
#1 
6	% 
  0 0  1 -1  0  0
  1 1  0  0  0  0
  1 0  1  0  0  0
 -1 0 -1  1 -1  1
  1 0  1 -1  0 -1
  0 0  0  0 -1  1
1,1,1,1;1;1 1 5
8 
#1 
6	% 
  1  1  1  0  0  1
  2  2  2  1  0  1
  1  0  1  0  0  0
 -2 -2 -2 -1 -1 -1
  2  2  2  1 -1  2
  0 -1 -1  0  0 -1
1,1,1;1,1;1 1 11
24 
#1 
6	% 
  0  0 0  0 0 -1
  1  1 0  0 0  2
 -1 -1 1  0 0 -1
  0  0 0 -1 0 -1
  1  0 0  1 0  1
  0  0 0  0 1 -1
1,1,1;1,1;1 1 9
8 
#1 
6	% 
  0  0 0 0  0 -1
  0  0 1 0  0  0
  0  0 0 1  0  2
  1 -1 0 0  1 -2
 -1  0 0 0 -1  1
 -1 -1 0 0  0  0
1,1,1,1;1;1 1 4
1 
#1 
6	% 
  0 0  0  1  0  0
  0 0 -1  1 -1  0
  0 0  1 -3  0 -1
  0 0  0  2  0  1
 -1 0  0 -1  0  0
  0 1  0 -1  0  0
1,1,1;1,1;1 1 7
12 
#1 
6	% 
 1 -1  0  2 0  0
 0  0  0  2 0  1
 0  0  0 -5 1 -3
 0  0 -1  1 0  0
 0  0 -1  0 0 -1
 1  0  0  1 0  0
1,1;1,1;1;1 1 32
6 
#1 
6	% 
  0 0 1  1 0  1
 -1 1 0  0 0  1
  0 0 0 -1 1 -1
  1 0 0 -1 0 -1
  1 0 0  0 1 -1
  0 0 0  0 1 -1
1,1;1,1;1,1 1 8
3 
#1 
6	% 
 0  0 1  1  0  1
 1 -1 0  0  0 -1
 0  0 0  0  1  0
 0 -1 0  0 -1 -1
 0  0 0  1 -1  0
 0  1 0 -1  0  0
1,1,1;1;1;1 1 18
4 
#1 
6	% 
  0 1  0  1  0  1
 -1 0  0 -1  0  0
  2 0  0  0  0 -1
 -1 0  0  0  0  1
 -1 0 -1  0  0  0
 -1 0  0  0 -1  1
1,1,1;1;1;1 1 16
12 
#1 
6	% 
  0  0 -1 -1 0 -1
 -1  0 -3 -2 0 -2
  0 -1  3  2 0  2
  0  0 -2 -1 0 -2
  0  0 -2 -1 1 -2
  0  0  0  0 1 -1
1,1;1,1;1;1 1 38
12 
#1 
6	% 
  0 1 0  1 0 1
 -1 0 0  1 0 1
  1 1 1 -1 0 0
  0 0 0 -1 0 0
  0 0 0  1 0 1
  0 0 0  0 1 0
1,1;1,1;1,1 1 9
12 
#1 
6	% 
  0 0  0  0 1 1
 -1 0 -1  0 0 0
  0 1  1  0 0 1
  0 0  1 -1 0 0
  0 0  1  0 0 0
  0 0  0  1 0 1
1,1,1;1;1;1 1 13
4 
#1 
6	% 
  0 0  1  0 0  0
  0 0  0 -1 0  0
 -1 0  1  0 0  1
  0 1  0  0 1  0
  0 0  1  0 1  0
  0 0 -1  0 1 -1
1,1;1,1;1;1 1 24
24 
#1 
6	% 
 0 0 -1  0  0 -1
 1 0  0 -1  0 -1
 0 1  0  1  0  1
 0 0  0  1 -1  1
 0 0  1  1  0  1
 0 0 -1  0  1 -1
1,1;1,1;1;1 1 22
3 
#1 
6	% 
  0 0 -1 0  0 -1
  0 0  0 1 -1  1
  0 1  0 0  0  0
 -1 0  0 0  0  0
  0 0  0 0  1  0
  0 0  0 0 -1  1
1,1;1;1;1;1 1 42
6 
#1 
6	% 
 0 0 1 0 0  0
 0 1 0 0 0  0
 1 0 0 0 0  0
 0 0 0 1 0  0
 0 0 0 0 1 -1
 0 0 0 0 0  1
1,1;1;1;1;1 1 53
1 
#1 
6	% 
 1  3 0 0 0  1
 0 -1 0 0 0 -1
 0  1 1 0 0  1
 0  1 0 1 0  1
 0  1 0 0 1  0
 0 -2 0 0 0 -1
1,1;1;1;1;1 1 51
8 
#1 
6	% 
  3 -2 0  3 0 -1
 -2  3 0 -3 0  1
  1 -1 0  1 0 -1
  1 -1 1  1 0  0
  1 -1 0  1 1 -1
 -2  2 0 -2 0  1
