#29

3;2-2;1 2 5
1 
#1 
6	% 
 1 0 0 0 0 0
 0 1 0 0 0 0
 0 0 1 0 0 0
 0 0 0 1 0 0
 0 0 0 0 1 0
 0 0 0 0 0 1
1,1,1,1,1,1 1 1
1 
#1 
6	% 
 1 0 0 0 0 0
 0 1 0 0 0 0
 0 0 1 0 0 0
 0 0 0 1 0 0
 0 0 0 0 1 0
 0 0 0 0 0 1
1,1,1,1,1;1 1 2
4 
#2 
6	% 
  0  0  0  0 -1 -1
 -1  0  0  0  0  0
 -1  0  0  1 -2 -2
 -1  0  0 -1  0  1
  1 -1  0 -1  2  1
 -1  0 -1  0 -1  0
6	% 
 -1 -1  0  0 -1 -1
 -1 -1 -1  0 -1 -1
 -1 -1  0  1  0 -1
 -1  0 -1  0 -1 -1
  1  1  1 -1  1  1
 -1 -1 -1  1 -1 -2
2-1;1,1,1;1 1 8
6 
#2 
6	% 
  1 0 0  0  0  0
  1 0 0  0  0 -1
 -1 0 1  0 -1 -2
 -1 0 0  0  1 -1
  1 0 0 -1  0  2
  1 1 0  1  0  1
6	% 
 1 0 0  1  1  0
 0 0 0  0  0 -1
 0 0 0 -1  0  1
 0 0 1  0 -1  0
 0 1 0  1  0 -1
 0 0 0  0  1  0
1,1,1,1;1,1 1 3
19 
#5 
6	% 
  0  1  0  0 -1 -1
  0  0 -1 -1  0  0
 -1  0 -1 -1  2  1
  1  0  1  1 -1 -1
  1 -1  0  0  0  1
 -1  1  0 -1  0  0
6	% 
 1  0  1  0  0  1
 0  1  1  0  0  1
 0  0 -1 -1  1  1
 0  0  1  1 -2 -2
 0  1  1  1 -2 -1
 0 -1  0 -1  1  1
6	% 
  1  0  1  0  0 -1
  0  1  1  0  0 -1
 -1 -1  0 -1  0  0
  0 -1 -1  0 -1  0
  0  2  1  1  0 -1
  1 -1  1  0  1  1
6	% 
  1  0  0  1  0  0
 -2  0  0  1 -1 -2
 -1  0  0  0  0 -1
  1  0 -1 -2  1  1
 -1 -1  0  1  0 -2
  1  0  0  0  0  0
6	% 
 1  0  1  1 -1  1
 1  0  1  1 -1  2
 0  0 -1  0  0  0
 0 -1  1 -1  0 -1
 0 -1  1  0 -1  1
 0  1  0  0  0  0
1,1,1;1,1,1 1 4
16 
#4 
6	% 
  1  0  2 0 -1  0
  1  1  1 0  0  0
 -1 -1 -2 0  0 -1
  1  1  1 1  0  0
 -1 -1 -2 0  0  0
  1  0  2 0  0  1
6	% 
 0  1  1  0 -1 -1
 1  1  1  1 -1 -1
 0 -1 -2 -1  2  2
 0 -1  0  0 -1  0
 0  0  0 -1  2  1
 1 -1  1  1 -1  0
6	% 
  0  0  1  0 -1  2
  1  0  1 -1  0  2
  0  1 -1  1  1 -3
  0  0  0  0 -1  2
  0  0  0  1  1 -3
 -1 -1 -1 -1  0  1
6	% 
  0  1  2  1 -3 -2
  0  0  2  0 -1  0
 -1  0 -3 -1  3  1
  0  1  2  0 -2 -1
  1 -1 -2  0  2  2
  0  0  2  1 -2 -2
2-1;1,1;1,1 1 11
6 
#2 
6	% 
  1  0  0 -1 -1  0
 -1 -1  1 -1 -1 -1
  1  0 -1  0  1  1
 -1  0  0  1  0 -1
 -1  0  0  0  1  0
 -1 -1  0 -1  0  0
6	% 
  1 0 0  1  1  0
 -1 0 0 -1 -1 -1
  2 0 1  2  1  0
 -2 0 0 -2 -1 -1
 -2 0 0 -1 -2 -2
 -2 1 0 -1 -2 -1
2-2',2-2';1,1 1 2
4 
#1 
6	% 
  1 0  1 0  0  1
 -1 1 -1 1  2  0
  0 1 -2 0  2  1
 -1 0  0 0 -1 -1
  1 0  1 0 -1  0
  0 0 -1 0  0  0
1,1,1;1,1;1 1 12
40 
#9 
6	% 
  0  3 -3  1  3  1
  0  3 -3  0  4  2
  0 -7  7 -2 -8 -3
  1  1 -1  0  2  2
 -1 -3  3 -1 -4 -3
  0  2 -1  1  1  0
6	% 
  2 -1  1 -3  3  3
  2 -1  1 -3  3  2
 -4  2 -2  7 -7 -6
  1  0  0 -1  2  1
 -2  0  0  3 -4 -3
  1  0  1 -1  1  1
6	% 
  0  1 -1  1  1  3
  0  0  0 -1 -1 -1
  0 -1  1  0  0 -1
  0  0  0 -1  0  0
 -1  0  0  0  0 -1
  0  1  0  1  0  1
6	% 
 -2  1 -1  1 -1  1
 -1  0  0  0 -1  0
  4 -1  1 -1  3 -2
 -1  0  0  0  0  0
  1  0  0 -1  2 -1
 -1  1  0  1 -1  0
6	% 
 -2  1 -1  1 -1  1
 -1  0  0  1  0  0
  3 -1  1 -2  1 -2
  0  0  0  1  0  0
  0  0  0 -2  1 -1
 -1  1  0  1 -1  0
6	% 
 0 -2  0  0  2  1
 0 -3  3  1  1  0
 0  6 -4 -1 -3 -1
 1 -2  2  1  0  0
 0  3 -2 -1 -1  0
 0 -1  0  0  1  0
6	% 
  2  0  0  2  2 1
  2  0  1  2  0 0
 -4 -1 -1 -6 -2 0
  1  0  1  1  0 0
 -2 -1 -1 -3 -1 0
  1  0  0  1  1 1
6	% 
   6  0   6   4 -4 -1
   4  1   5   4 -4 -2
 -14 -1 -15 -11 11  4
   2  0   3   2 -2 -1
  -7  0  -8  -6  5  2
   3  0   3   2 -2  0
6	% 
 -2  0  0  0  0 -1
 -2 -2  3  1 -1 -2
  6  3 -4 -1  1  4
 -1 -2  1  0 -1 -1
  3  2 -2  0  1  2
 -1  0  0  0  0 -1
1,1,1,1;1;1 1 5
6 
#2 
6	% 
  0  0 0  0  0  1
 -1 -1 1 -1 -1  0
 -1  0 0  0  1  2
  1  1 0  1  0 -1
 -1  0 1  0 -1  0
  1  0 0 -1  0 -1
6	% 
 1 -1  1 -1  0  1
 0 -1  1 -2  0  1
 0 -1  0 -2  0  1
 0  1 -1  2  1 -1
 0 -1  1 -2 -1  0
 0  0 -1  1  1  0
2-1;1,1;1;1 1 35
3 
#1 
6	% 
  1  0  0  1  2  1
  0 -1  0 -1  0  1
  0  0  1 -1 -1  0
 -1  1 -1  0  0 -1
  0  0  0 -1 -1  0
  1  0  0  1  1  1
2-1;1,1;1;1 1 32
12 
#4 
6	% 
 1 -1  1  0  0  1
 1  0  0  0  0  0
 0 -1  1  0 -1  0
 0  1  0  0 -1 -1
 0  0 -1 -1  0  0
 0  1 -1  1  0 -1
6	% 
 -1  0 0  0  0 -1
  1  0 0  0  0  0
 -1  0 0  0 -1 -1
  1 -1 0 -1  0  1
  1  0 1  0 -1  0
  1  0 0  1  0  0
6	% 
 -1  1 -1  1  1 -1
 -1  0  0 -1 -1  0
  0  1 -1  1  2  0
  0  0  1 -1 -2  0
  0 -1  0 -2 -1  1
  0 -1  1 -2 -1  1
6	% 
  1  0  0  1  1  1
 -1  0  0 -1 -1  0
  1  0 -1  1  2  1
 -1  0  0 -1 -2 -1
 -1  0  0 -2 -1  0
 -1 -1  0 -2 -1  0
1,1,1;1;1;1 1 15
4 
#2 
6	% 
  0 -1  1 -1 -2 -4
 -1  1 -1  1  1  1
  0  0 -1  0  1  2
  0  1 -1  2  1  3
  0 -1  0 -1  0 -1
 -1  0  0 -1 -1 -2
6	% 
 1 -3  0 -1  2  2
 0  2  1  1 -2 -2
 0  1  0  1 -1 -1
 1  2  1  1 -2 -1
 0 -1  0  0  0  0
 0 -2 -1 -1  2  1
1,1;1,1;1;1 1 31
12 
#3 
6	% 
  0  1 -1  1  2  1
  0  1 -1  2  1 -1
 -1  1  0  1 -1 -1
  0  0  0  1 -1 -1
  0 -1  2 -2 -3  0
 -1 -1  1 -2 -3 -1
6	% 
 -1 -1  2 -2  1  1
  1 -3  2  1 -2 -1
 -1  0 -1 -2  2  1
  0 -1 -1 -1  1  1
 -1  2 -2 -1  2  1
  0  1 -2  0  1  0
6	% 
  0  1 -1  0 -1 -1
  1 -1  1  1  1  1
  0  0 -1 -1  0  1
  0  0  0  0  0  1
 -2  1 -1 -2  0  0
 -2  0 -1 -2  1  1
1,1;1,1;1,1 1 11
9 
#2 
6	% 
  0  0  0  0  0  1
 -2  2 -2 -2 -1 -1
 -2  0  0  1  2 -1
  1 -2  2  3  2  0
  1 -1  0  0  0 -1
  0  2 -1 -2 -3  1
6	% 
  0  2  1  0  0  0
  1 -1  1  1 -2  0
 -1  0  0  1 -2 -3
 -1  0 -1 -1  1 -1
  0 -3 -2 -1  1  1
  1  2  2  0  0  2
1,1,1;1;1;1 1 19
12 
#3 
6	% 
  0  1  2 1 -2 -3
  0  1  1 1 -1 -1
  0 -1 -1 0  1  1
  0  1  1 1 -2 -2
  1  0  2 1 -1 -1
 -1  1  1 1 -1 -2
6	% 
  0 -1  0 0  1  0
  0  0  0 0  0  1
  0  1  0 1 -1 -1
 -1  0 -1 0  1  0
  0 -1  0 0  0  0
  1 -1  0 0  1  1
6	% 
  1 0  1  0  0  0
  1 0  1  0  0 -1
 -1 0 -1  0 -1 -1
  1 0  1 -1  0  1
  1 1  1  1  0  0
  1 0  2  0 -1  0
1,1;1,1;1;1 1 39
36 
#7 
6	% 
  0 0  1  1  0 -2
  0 1  0  0 -1  1
  0 0  1  0  0 -1
  1 0  1  0 -1  1
  0 0 -1 -1  1  2
 -1 1  0  0 -1  0
6	% 
 0  0  1  1  0  0
 0  0 -1 -1  0  1
 1 -1  1  0  0  0
 0  0  0 -1  0  0
 1  0  0  0  0  1
 0  0  0  0 -1 -1
6	% 
 -1 -1 -1  0  0 -1
  1  0  2  0  0  0
 -1  0 -1  0 -1 -1
  1  1  1  1  0  0
  1  0  2  0 -1  0
  1  0  1 -1  0  1
6	% 
 1  1  0  0 0  1
 1  0 -1  0 0  0
 0  0  0  0 1  1
 0 -1  0 -1 0  0
 0  0 -1  0 1  0
 0  0  0  1 0 -1
6	% 
  1  0 0  1  1  4
  1 -1 1 -1 -1 -3
  1  0 1  1  0  2
  1  0 1  0 -1 -2
 -1  0 0 -1  0 -2
  1 -1 1  0 -1 -2
6	% 
 -1  1  0  0 0 -2
 -1  0 -1  0 0  1
  1  0  0  0 1  0
  1  0  0  1 0  1
 -1  0 -1 -1 0  1
  1 -1  0  0 1  2
6	% 
  1 0  1  1 -1 -1
 -1 0 -1 -1  1  0
  0 1  0  1  0  0
  0 0  0 -1  0  1
  0 0 -1  0  1  0
  0 0  0  0  1  1
2-2',2-2';1;1 1 4
4 
#1 
6	% 
 -1  1 -1 1  0 -1
  0  1  0 1 -1 -1
  1  0  1 1 -1 -1
  0  1  1 1 -1 -1
  2 -1  1 0  0  1
 -1  0 -1 0  0  0
2-2,2-2;1,1 2 2
4 
#1 
6	% 
 1 -1  0  0  0  3
 0  1 -1  0  0  0
 0  0  0 -1 -1  0
 0  0  0  0  1  0
 1 -1  1  0  0  1
 0  0  1  0 -1 -1
2-2;2-2;1;1 1 17
4 
#1 
6	% 
  0  0  1  0 -1  0
  1  0  0  1  0  0
  0  0 -1  0  0  0
 -1  1 -1  1  0 -1
  0  0  0  1 -1 -1
  0 -1  0 -1  1  1
2-2,2-2;1,1 1 2
4 
#1 
6	% 
  0  0  0  0  0  1
 -1  0  0  0 -1 -1
 -1  0 -1 -1  0  0
  0 -1  1  0 -1  0
  0  0  1  1  0 -1
  1  0  0  1  1  1
2-2,2-2;1;1 1 4
4 
#1 
6	% 
  0  2  1  0  0  0
  3 -1  1 -1  2  3
 -1  0 -1  0  0  0
  0  0  0  1 -1 -1
 -2  1 -1  0  0 -1
  1 -1  0 -1  1  1
2-1;1;1;1;1 1 37
3 
#1 
6	% 
  1 0  1 0 -1  0
  0 0  0 1  1  0
  1 0  0 0  1  1
  0 0 -1 0  0  0
  0 0 -1 0  1  0
 -1 1  0 1  0 -1
2-2,2-2;1;1 2 4
4 
#1 
6	% 
 -1  1 0  2 -1 -2
  1  1 1  2 -1 -1
  1  0 1  0  0  1
  2 -1 1  0  0  1
  0  0 0 -1  1  1
 -1  1 0  1 -1 -2
2-2;2-2;1,1 1 6
4 
#1 
6	% 
 0  0 0  0  0 1
 1  0 1  1 -1 0
 0  0 0  0  1 0
 1  0 0  0  0 1
 1  0 1  0 -1 0
 0 -1 0 -1  1 1
1,1;1;1;1;1 1 34
1 
#1 
6	% 
 1 -1  2 -1 -2  0
 0  0 -1  1  1  0
 0  1  0  1  0 -1
 0 -1  0 -1  0  0
 1  0  1  0 -1  0
 0  0  1  0 -2 -1
1,1;1;1;1;1 1 54
24 
#6 
6	% 
 -1  0 -1  0 0 1
  1 -1  0 -1 1 0
  1  0  0  0 0 0
  0  0  0  0 1 0
  0  0  0 -1 0 0
 -1  1 -1  0 0 0
6	% 
 0  1 0  1  0  1
 0  0 1  0 -1 -2
 0  0 0 -1  0  0
 1 -1 1  0  0  0
 0  0 0  0 -1 -1
 1  0 0  0  0  1
6	% 
  0  0 -1 -1 0 0
  0 -1  0  0 1 1
  1 -1  1  1 1 1
 -1  0  0  1 1 0
  0 -1  1  0 1 1
  0  1 -1 -1 0 0
6	% 
  0  1  2  1 -2 -1
  0 -1 -2 -1  2  2
  0  0 -1  0  0  0
 -1  0 -1  0  1  0
  1 -1  0  0  1  1
  0  0  1  1 -1 -1
6	% 
  0  0  1  1 0 -1
  0  0 -1 -1 0  0
 -1  0 -1 -1 0  0
  1 -1  0 -1 0  1
  0  0 -1 -1 1  1
  0  0  1  0 0  0
6	% 
 -1  1 0  1 -1 -2
  1 -1 0 -1  1  1
  1 -1 0 -1  0  1
  1 -1 0  0  1  1
  1 -1 1 -1  0  1
 -1  0 0  0 -1 -1
1;1;1;1;1;1 1 45
3 
#1 
6	% 
 0  0 0  0 -1 -1
 0  1 0  1 -1 -1
 0  0 0 -1  1  1
 1  0 0  0 -1  0
 0  0 0  0  2  1
 1 -1 1  0 -1  0
1,1;1;1;1;1 1 57
3 
#1 
6	% 
 0  0  1  0 -1 0
 0 -1  0 -1  1 0
 1 -1  1  0 -1 0
 0  1 -1  1  1 0
 1 -1  1 -1  0 1
 0 -1  1  0  0 0
