#12

1,1;1;1;1;1 1 7
1 
#1 
6	% 
 1 0 0 0 0 0
 0 1 0 0 0 0
 0 0 1 0 0 0
 0 0 0 1 0 0
 0 0 0 0 1 0
 0 0 0 0 0 1
1,1,1,1,1,1 1 1
1 
#1 
6	% 
 1 0 0 0 0 0
 0 1 0 0 0 0
 0 0 1 0 0 0
 0 0 0 1 0 0
 0 0 0 0 1 0
 0 0 0 0 0 1
1,1,1,1;1,1 1 1
1 
#1 
6	% 
 0  0 -1 -1  0 -1
 0  0  0 -1 -1 -1
 0  0 -1  0 -1 -1
 0  0  1  1  1  1
 0 -1  0  0  0  0
 1  1  0  0  0  0
1,1,1,1,1;1 1 2
4 
#1 
6	% 
 -1  1  0  0 -1  1
 -1  0  0  0  0  0
 -2 -1  0  1 -1 -1
 -1  0 -1 -1 -1  1
  2  0  1  0  1  0
 -2  0  0  0 -1  0
1,1,1;1,1,1 1 2
4 
#1 
6	% 
  1  0  1  0  0  0
 -1 -1 -1  0  0  0
  0  0  0  0  1 -1
  0  0  0 -1  1  1
  0  0  0  1 -1  0
  0  0  1  1 -1  0
1,1,1,1;1,1 1 2
6 
#1 
6	% 
 -1 -1 0 -1 1  1
  0 -1 0  0 0  0
 -1 -1 0 -1 0  2
  0  0 1  1 0  0
  1  1 0  0 0 -1
 -1 -1 0 -1 0  1
1,1,1;1,1;1 1 2
4 
#1 
6	% 
 0 0  2  2  1  1
 0 0  1  1  0  0
 0 0 -2 -3 -1 -1
 1 0  0  0  0  0
 0 1  0  0  0  0
 0 0  1  1  1  0
1,1;1,1;1,1 1 2
3 
#1 
6	% 
 0  0 1  1  0 0
 0 -1 0  0  0 0
 1  1 0  0  0 0
 0  0 0  0 -1 1
 0  0 0 -1  1 0
 0  0 0  0  1 0
1,1,1,1;1;1 1 4
6 
#1 
6	% 
  1 1 0  0  1 -1
  1 0 0  0  0  0
 -2 0 0  1 -3  1
  0 0 0 -1  2  0
  0 0 0  1 -1  0
  0 0 1  1 -1  0
1,1,1;1,1;1 1 5
12 
#1 
6	% 
 0  0  0 -1  1  1
 0  1  0  0  0  0
 1 -1  0  1 -1 -1
 0  0  0  0  1  0
 0  0 -1 -1  0  0
 0  0 -1  0  0  0
1,1;1,1;1;1 1 5
6 
#1 
6	% 
 0 0 -5 -3 -2 -2
 1 0  0  0  0  0
 0 1  0  0  0  0
 0 0  3  2  1  1
 0 0 -2 -1  0 -1
 0 0 -2 -1 -1  0
1,1,1;1;1;1 1 4
4 
#1 
6	% 
  1 1  0  0  1 -1
 -1 0  0  0  0  0
  0 0  0  0 -1  1
  0 0 -1 -1  1 -1
  0 0  0 -1  1  0
  0 0 -1 -1  1  0
