#65

2-1;1;1;1;1 1 12
1 
#1 
6	% 
 1 0 0 0 0 0
 0 1 0 0 0 0
 0 0 1 0 0 0
 0 0 0 1 0 0
 0 0 0 0 1 0
 0 0 0 0 0 1
1,1,1,1,1,1 1 1
1 
#1 
6	% 
 1 0 0 0 0 0
 0 1 0 0 0 0
 0 0 1 0 0 0
 0 0 0 1 0 0
 0 0 0 0 1 0
 0 0 0 0 0 1
2-1;1,1,1,1 1 2
1 
#1 
6	% 
  0 0  0  1  0  0
  1 0  0  0  0  0
  1 1  0  1  0  1
  1 0 -1  1  0  0
  0 0  1  0 -1  0
 -1 0 -1 -1  0 -1
1,1,1,1,1;1 1 2
7 
#4 
6	% 
  1 0 0 -1  0 1
  1 0 0  0  0 0
  1 0 0 -1  0 0
  2 1 1  1 -1 1
 -2 0 0  0  1 0
  2 0 1  0  0 1
6	% 
 -1 -1  1  0  0  0
 -1  0  0  0  0  0
 -2 -1  0  0 -1 -1
 -1 -1  1  1  1  0
  2  1 -1 -1  0  0
 -2 -1  1  1  0 -1
6	% 
  0  0  0 0 -1  0
 -1  0  0 0  0  0
 -1  0  1 0 -1 -1
 -1  0  0 0 -1  1
  1 -1 -1 0  1 -1
 -1  0  1 1 -1  0
6	% 
  2 0 0 1  0 1
  1 0 0 0  0 0
  1 0 0 0 -1 0
  2 1 0 0  1 1
 -2 0 1 0  0 0
  2 0 1 0  0 1
1,1,1,1,1;1 1 1
1 
#1 
6	% 
 0  0  0  0 -1  0
 0 -1 -1  0 -1 -1
 0 -1  0 -1 -1 -1
 0  0 -1 -1  0 -1
 0  1  1  1  1  1
 1  0  0  0  0  0
1,1,1,1;1,1 1 2
11 
#7 
6	% 
 -1 -1  0  0 0 -1
 -1 -1  0 -1 0 -1
  0 -1  0  1 0  0
  0  0 -1  0 1  0
  1  1  1  0 0  1
 -1 -1  1  0 0  0
6	% 
 0  0 0  1 0  1
 0 -1 0  1 0 -1
 0  0 0  1 0  2
 1  0 0  0 0  0
 0  1 1 -1 0 -1
 0 -1 0  1 1  2
6	% 
 0  0 1  0 1 1
 0 -1 0 -1 0 0
 0 -1 0  0 1 0
 1  0 0  0 0 0
 0  1 0  0 0 1
 0 -1 0  0 0 0
6	% 
 0  0 1  0  0  0
 0 -1 0 -1 -1 -1
 0  0 0  0  0  1
 1  0 0  0  0  0
 0  1 0  0  0  1
 0  0 0 -1  0  0
6	% 
  0  0  1 0  0  1
 -1  0  0 0  0  0
 -1  0  1 0 -1  0
  0 -1  0 1  0 -1
  1  1 -1 0  0  0
 -1  1  1 0  0  1
6	% 
 -1 -1 0  0 -1 -1
 -1 -2 0 -1 -1 -1
 -1 -1 0  1  0 -1
  0  0 1  0  0  0
  2  2 0  0  1  2
 -2 -2 0  0 -1 -1
6	% 
 0  0 0  1  0 1
 0 -1 0  1 -1 0
 0 -1 0  0  0 0
 1  0 0  0  0 0
 0  1 1 -1  0 0
 0 -1 1  1  0 1
2-1;1,1,1;1 1 7
1 
#1 
6	% 
  1  0 0  0 0  0
  1 -1 0  1 0 -1
  0  0 1  0 0  1
  0  0 0  0 1  0
  1  0 0  1 0 -1
 -1  0 0 -1 0  0
2-1;1,1,1;1 1 6
2 
#1 
6	% 
 -1 -1 0 -1  0 -3
  1  0 0  0 -1 -1
  1  0 0  1  0  1
  0  0 1  0  1  1
 -1  0 0  0 -1  0
 -1 -1 0  0  0 -2
2-1;1,1,1;1 1 2
1 
#1 
6	% 
 0  0  0  1  0  1
 0 -1  0  2  0  1
 1  0  0  0  0  0
 0 -1 -1  1  0  0
 0  0  1  0 -1  0
 0  1 -1 -1  0 -1
1,1,1,1;1,1 1 3
12 
#4 
6	% 
  1 0  0  0  0 0
  1 1  1  1 -1 0
  0 0  1  0  0 0
 -1 0 -1 -1  0 1
  1 0  0  1 -1 0
  0 0  0  0  1 0
6	% 
  1  0 0  0 0 1
  0  1 0  1 0 2
 -1 -1 0  0 1 0
  0  0 0 -1 0 0
  0  1 0  0 0 1
  1  0 1  1 0 0
6	% 
  1  1  0  1  2  1
  1  1  1  1  1  1
  0 -1  0  0 -1 -1
 -1  0 -1 -1 -1  0
  1  1  1  0  1  2
  0  0  0  1  1  0
6	% 
 1  1  0 1  0  1
 0  0  0 0 -1  1
 0  0  1 0  0  1
 0 -1 -2 0  0 -3
 0  0 -2 1  0  0
 0  0  1 0  0  0
1,1,1;1,1,1 1 2
4 
#3 
6	% 
  0  1 0  1  0  0
 -1  1 0 -1  0  1
  0  0 0  0 -1 -1
  0  0 1  0  1  1
  0 -1 0  0  0  0
  0  1 0  0  0  1
6	% 
  0  0 0  1  0  1
  0 -1 0 -1  0 -1
 -1  0 0  0  0  0
  0  0 1  0 -1  0
  1  1 0  0  1  1
  1 -1 0  0  1  0
6	% 
  0 -1  0  0 -1 -1
  0 -1  0 -1  0  0
 -1  0  0  0  0  0
  1  0 -1  0  0  0
  0  1  1  0  0  1
  0 -1  1  0  0  0
1,1,1;1,1,1 1 3
12 
#4 
6	% 
  0  1 -1 -1 1  1
 -1  0  0  0 0  0
  1  0 -1  0 0 -1
 -1 -1  0  0 0 -1
  1  0  1  0 0  0
 -1  0  0 -1 0  0
6	% 
  0  1  1 -1  1  1
 -1  0  0  0  0  0
  0  0  0  0  1  1
  0 -1 -1  0 -1 -1
  0  0 -1  0  0 -1
  0  0  1 -1  1  1
6	% 
 1 0 -1  0 -1 -3
 0 1  1 -1 -1  1
 0 0  0  1  0 -1
 0 0  0 -1  1  2
 0 0  0  1  0  0
 0 0 -1 -1  0 -1
6	% 
  0  1 1 -1  0  1
 -1  0 0  0  0  0
  0  0 0 -1 -1  1
  0 -1 0  0  0 -1
  0 -1 0  0 -1 -2
  0  0 0 -1  0  1
2-1;1,1;1,1 1 5
2 
#1 
6	% 
 -1 -1  0 -1  0  0
  0  0  0  0  1  1
  1  0  0  1  0 -1
  0  0 -1  0 -1 -1
  0  0  0  0  1  0
  1  1  0  0  0  1
2-1;1,1;1,1 1 6
1 
#1 
6	% 
  0 1  0 -1 0  1
 -1 0  0  0 0 -1
 -1 0 -1  0 0 -1
  1 0  0  0 1  1
  1 0  0 -1 0  1
  1 0  0  1 0  0
1,1,1,1;1;1 1 4
2 
#2 
6	% 
  1 -1  0 1 0  0
  1  0  0 0 0  0
 -1  3  0 0 0  1
  0 -2  0 0 0 -1
  0  1 -1 0 0  0
  0  1  0 0 1  1
6	% 
 1  0 -1 0 0  0
 1  0  0 0 0  0
 0  0  3 0 1  2
 0  0 -2 0 0 -1
 0 -1  1 0 0  0
 0  0  1 1 0  0
1,1,1;1,1;1 1 7
32 
#11 
6	% 
 0 -2 -1 0  1 -1
 0 -2  0 0  0 -1
 0  3  1 1 -1  1
 1 -1  0 0  0  0
 1  0  0 0  0  0
 0 -1 -1 0  0 -1
6	% 
  2  0  1 0 -1  1
  0  0  0 0  0  1
 -1  0 -1 0  1 -4
  0 -1  0 0  0  0
  0 -1  0 1  0 -1
  1  0  1 0  0  1
6	% 
 0  0 -1  0 1  1
 0  1  0  1 0  1
 0 -2  0 -2 0 -1
 1  1  0  0 0  1
 1  0  0  0 0  0
 0  0 -1  0 0  0
6	% 
 0  2  0 0  0  1
 0  2  1 0  1  2
 0 -5 -2 1 -2 -5
 1  1  1 0  0  1
 1  0  0 0  0  0
 0  1  0 0  0  1
6	% 
 0  0 -2  0 0 -1
 0  1 -2  1 0 -1
 0 -2  5 -2 1  3
 1  1 -1  0 0  0
 1  0  0  0 0  0
 0  0 -1  0 0 -1
6	% 
 0 -1  2 -1 0  1
 0  0  2  0 0  1
 0  0 -3  0 1 -1
 1  0  1  0 0  1
 1  0  0  0 0  0
 0 -1  1  0 0  0
6	% 
 0 -1 0 -1 0 -3
 0  0 0  0 0 -1
 0  1 1  1 0  3
 1  0 0  0 1  0
 1  0 0  0 0  0
 0 -1 0  0 0 -2
6	% 
  2  1 0  1 0  1
  2  0 0  0 0 -1
 -5 -1 0 -1 0  1
  1  0 0  0 1  0
  0  0 1  0 1  1
  1  1 0  0 0  1
6	% 
 0 1  0 1  0  1
 0 0 -1 0 -1 -2
 0 0  2 0  2  3
 1 0  0 0 -1 -1
 1 0  0 0  0  0
 0 1  0 0  0  1
6	% 
  2  1 0  1  2  1
  2  2 0  2  2  1
 -3 -4 0 -4 -4 -2
  1  1 0  1  1  0
  0  0 1  0  0  0
  1  0 0  1  1  0
6	% 
 0  0 0  0  2 -1
 0 -1 0 -1  0 -1
 0  2 0  2 -1  3
 1  0 0 -1  0  0
 1  0 0  0  0  0
 0  0 1  0  1  0
1,1,1,1;1;1 1 2
7 
#4 
6	% 
 0  0  0 -1  0  0
 0 -1 -1 -2  1 -1
 0 -1  0  0  0  1
 1  0  0  0  0  0
 0  1  0  1 -1  0
 0 -1 -1 -1  0 -1
6	% 
 0 1 -1 0  0  0
 0 0 -1 0 -1 -1
 0 0  0 1  1  0
 1 0  0 0  0  0
 0 0  1 0  0  0
 0 0 -1 0  0 -1
6	% 
 0  0  0  0 -1  1
 0  0  1  0 -1 -1
 0 -1 -1 -1 -1 -1
 1  0  0  0  0  0
 0  0  0  1  1  0
 0 -1  0  0 -1 -1
6	% 
 0  0  0  1  0  1
 0  0  0  1  1  1
 0 -1  0  1 -1  0
 1  0  0  0  0  0
 0  1 -1 -1  0 -1
 0 -1 -1  1  0  0
1,1,1;1,1;1 1 5
4 
#2 
6	% 
 0  2 0  0 0  1
 0  1 0  0 0  0
 0 -3 0 -1 0 -2
 1  1 1  0 0  1
 1  0 0  0 0  0
 0  0 1  0 1  1
6	% 
 0 0 0  0 0 -1
 0 0 1  0 0  0
 0 0 0  0 1  2
 1 1 0  0 0  0
 1 0 0  0 0  0
 0 1 0 -1 0  1
1,1,1;1,1;1 1 10
20 
#5 
6	% 
 0  1 0 -1 0  2
 0  0 0  0 0  1
 1 -1 0  1 0 -4
 0  1 0  0 0  1
 0 -1 0 -1 1  1
 0  0 1  0 1  1
6	% 
  2  1  0 -1  0  1
  0  1  1 -1 -1  1
 -1 -3 -2  3  2 -3
  1  0  0 -1  0 -1
  0  1  0  0 -1  1
  0  0 -1  0 -1 -1
6	% 
  0 -1  1  1 -1 -1
 -2 -2  1  2 -1 -2
  3  4 -3 -4  3  4
  0  0  1  1  0  0
 -1 -1  1  1  0  0
  0  0  0  0  0  1
6	% 
 0  0 -1 0  1 -3
 0  0 -1 0  1 -2
 1  0  3 0 -3  6
 0  0 -1 0  0 -2
 0  0  0 1  1 -1
 0 -1  0 1  0 -1
6	% 
 0  2  1  2 -1  0
 0  1  0  1  0  0
 1 -4 -1 -4  1  0
 0  1  1  1  0  0
 0  0  0  1  0  0
 0 -1  0  1  0 -1
1,1,1,1;1;1 1 5
12 
#4 
6	% 
 -1 -1 -1 1  1 -1
 -2 -1 -1 1  1  0
 -1  0 -1 0  0 -1
  2  1  1 0 -1  1
 -2  0 -1 1  1 -1
  1  0  0 0 -1  0
6	% 
  1  0  0  0 0  0
  1 -1 -1  1 1 -1
  0  0  0 -1 0  0
 -1  1  1  0 0  1
  1 -1  0  0 1  0
  0  0  0  1 0 -1
6	% 
  1 0 0 0  0  0
  2 0 1 0  1  1
  1 0 0 0  1  0
 -1 1 0 0 -1  0
  1 0 0 1  1  0
 -1 0 0 0 -1 -1
6	% 
  1 0  0  0 -1  1
  2 0  0  0 -1  0
  0 0  0 -1 -1  0
 -1 0 -1  0  1 -1
  1 0 -1  0 -1  0
  0 1  0  0  1  1
1,1,1;1,1;1 1 9
8 
#3 
6	% 
 0  2  0  0  0  1
 1  1  0  1  0  0
 0 -3  0 -1  0 -1
 0  1  0  0  0  1
 0  0  0  0 -1  0
 0  0 -1  0 -1 -1
6	% 
 -2  0  0 0 0 -1
 -2  0  0 0 1  0
  3  0  0 0 0  1
 -1  1 -1 1 0 -1
  0 -1  1 0 0  0
  0 -1  0 1 0 -1
6	% 
  2 0  2  0  0  1
  2 0  1  0  1  1
 -3 0 -3  0 -1 -2
  1 1  1  1  0  2
  0 0  0 -1  0  0
  0 1  0 -1  0  1
1,1,1;1,1;1 1 6
12 
#7 
6	% 
  0 -2 0  0 0 -1
  1 -2 0  0 0 -1
 -1  3 0 -1 0  2
  0 -1 0  0 1  0
  0  0 1  0 1  1
  0 -1 0  0 0  0
6	% 
 0 -2 0  0 0 -1
 0 -2 1  1 0 -1
 0  3 0 -1 0  2
 1 -1 0  0 1  0
 1  0 0  0 0  0
 0 -1 0  0 0  0
6	% 
 -2 0 -2  0  0 -1
 -1 0 -2  0  0 -1
  2 0  3  0 -1  1
 -1 0 -1 -1  0  0
  0 1  0 -1  0  1
 -1 0 -1  0  0  0
6	% 
  2  0 0 0  0  1
  2  0 0 0 -1  0
 -3  0 0 0  1 -1
  1 -1 0 0  0  0
  0 -1 0 1  0 -1
  1  0 1 0  0  1
6	% 
 0 -2 0 0 0 -1
 0 -1 0 1 0 -1
 0  3 0 0 1  2
 1 -1 0 0 0  0
 1  0 0 0 0  0
 0 -1 1 0 0  0
6	% 
 0 -2 0 0 0 -1
 0 -1 0 0 0 -1
 0  2 0 1 0  2
 1 -1 0 0 1  0
 1  0 0 0 0  0
 0 -1 1 0 0  0
6	% 
  0 -2 0  0 0 -1
  1 -2 0  0 0 -1
 -1  3 0 -1 0  2
  0 -1 0  0 1  0
  0  0 0  0 1  1
  0 -1 1  0 0  0
1,1,1;1,1;1 1 11
12 
#3 
6	% 
 0 -2 0  2 -2 -3
 0 -1 0  1 -2 -2
 1  4 0 -4  6  7
 0 -2 1  0 -1 -1
 0 -1 0  0 -1 -1
 0 -1 0  1 -1 -1
6	% 
 0  0 0  0 0  1
 0 -1 0  1 0 -2
 1  2 0 -2 0  2
 0  0 0  0 1  1
 0  0 0  1 0 -1
 0  0 1  0 0  1
6	% 
  2  2 0 -2  2  3
  2  1 0 -1  2  2
 -5 -4 0  4 -6 -7
  1  1 0 -1  1  1
  1  1 0  0  1  2
  1  1 1 -1  1  2
1,1,1,1;1;1 1 6
3 
#2 
6	% 
  1  0  0 0 0 0
  1  1  0 1 0 0
  2  1  0 0 1 1
 -2 -1  0 0 0 0
  2  1 -1 0 0 0
  0  0  1 0 0 1
6	% 
  0 -1 0 -1  0 -1
  1  0 0  0  0  0
  0  1 0  0  0  0
 -1  0 1  1  0  1
  1  0 0 -1 -1 -1
  0  0 1  0  1  1
1,1,1;1,1;1 1 8
12 
#4 
6	% 
 0 -1 0  1 0 -3
 0 -1 0  1 0 -2
 0  3 1 -3 0  6
 0  0 0  1 1 -1
 0  0 0  1 0 -1
 1  0 0  0 0  0
6	% 
 0 -1 -1  1 -1 -2
 0 -1  0  1  0 -2
 0  3  1 -3  1  5
 0  0  0  1 -1 -1
 0 -1  0  0  0 -1
 1  0  0  0  0  0
6	% 
 0 1 0 1 -2 -1
 0 0 0 0 -2 -1
 0 0 1 0  5  3
 0 1 0 0 -1  0
 0 0 0 0 -1 -1
 1 0 0 0  0  0
6	% 
 0  0 -1 -2  1  1
 0  2 -2 -4  2  3
 0 -1  4  7 -4 -4
 0  0  0 -1  1  1
 0  1 -1 -2  1  1
 1  0  0  0  0  0
1,1,1;1,1;1 1 3
4 
#3 
6	% 
 0  2  0 0  0  1
 0  1  0 0  0  0
 0 -2  0 1  0  0
 0  1  0 0 -1  0
 0  0 -1 0 -1 -1
 1  0  0 0  0  0
6	% 
 0  0 0 0  2  1
 0  0 1 0  2  2
 0  0 0 0 -3 -2
 0  0 0 1  1  0
 0 -1 0 1  0 -1
 1  0 0 0  0  0
6	% 
 0 -2  0 0 0 -1
 0 -1  0 0 1  0
 0  3  0 1 0  1
 0 -1  0 0 0  0
 0  0 -1 0 0  0
 1  0  0 0 0  0
1,1;1,1;1;1 1 32
3 
#2 
6	% 
  0 1  0 -1 0  1
  1 0  0  0 0  0
  0 0  0  1 1  0
 -1 0  0  1 0 -1
 -1 0  0  0 1  0
  0 0 -1  0 1  0
6	% 
  0 1 0 -1  0  1
  1 0 0  0  0  0
  0 0 0  1  0  0
 -1 0 0  1 -1 -1
 -1 0 0  0 -1  0
  0 0 1  0  0  1
1,1;1,1;1,1 1 8
3 
#2 
6	% 
  0 0  1  0 1  1
  0 1  0 -1 0  1
 -1 0  0  0 0 -1
  1 0  0 -1 0  1
  1 0  1  0 0  1
  0 0 -1  1 0 -1
6	% 
 1  0  0 0  0  0
 0 -1  0 1  0 -1
 0  0  1 0  0  1
 0 -1 -1 0  0 -1
 0  0 -1 0 -1 -1
 0  1  0 0  1  1
1,1;1,1;1;1 1 22
4 
#3 
6	% 
  1  0  0 0 0  1
  0 -1  0 1 0 -1
  1  0  0 0 1  1
  1  0 -1 0 0  0
 -1  1  0 0 0  0
 -1 -1  0 0 0 -1
6	% 
  1  0  0 0 0  1
  0  0  1 0 1  1
  1  0  0 1 0  0
  1 -1  0 0 0  0
 -1  0 -1 0 0 -1
 -1  0  1 0 0  0
6	% 
  0  0  1 0  0  1
  1  0  0 0  0  0
  0  0  1 1  0  0
  0 -1  1 0  0  0
 -1  0 -1 0 -1 -1
  1  0 -1 0  1  0
1,1,1;1;1;1 1 11
3 
#2 
6	% 
 0 1  0  0 0  0
 0 0  0 -1 0 -1
 1 0  0  0 0  0
 0 0 -1  0 1  0
 0 0 -1  0 0 -1
 0 0  0  0 1  0
6	% 
 0  1  0 1  0  0
 0 -1  0 0 -1 -1
 1  0  0 0  0  0
 0  0 -1 0  0  0
 0  0  0 0 -1  0
 0  0 -1 0 -1 -1
1,1,1;1;1;1 1 3
2 
#2 
6	% 
 0  1 0 0  0  0
 0 -2 0 1  0  0
 1  0 0 0  0  0
 0 -1 1 0  0  0
 0  2 0 0  0  1
 0 -1 0 0 -1 -1
6	% 
 0  0 1 0  2  2
 0  0 0 0 -3 -2
 1  0 0 0  0  0
 0 -1 0 0 -1 -1
 0  0 0 0  2  1
 0  0 0 1 -1 -1
1,1,1;1;1;1 1 16
6 
#2 
6	% 
  1  1 0 -1 0  2
  1  1 0 -2 0  3
 -1 -2 0  1 0 -3
  1  1 0 -1 1  2
  1  1 1 -1 0  2
  0  0 1  0 1  1
6	% 
  1  0 0  0  0  0
  2 -2 0 -1 -1 -1
 -2  1 0  2  1  0
  1 -1 0 -1 -1  0
  1 -1 1 -1 -1  0
  0  0 1  0  0  1
1,1,1;1;1;1 1 8
4 
#2 
6	% 
 -1 0 0 0 0  2
  1 0 0 1 0 -3
 -1 0 1 0 0  2
  0 0 1 0 1  1
 -1 1 0 0 0  3
  1 0 1 0 0 -1
6	% 
 -1 0 0 0 0  2
  1 0 0 0 1 -3
 -1 1 0 0 0  2
  0 1 0 1 0  0
 -1 0 1 0 0  4
  1 1 0 0 0 -1
1,1;1,1;1;1 1 26
6 
#2 
6	% 
 1  0 0  0  0  0
 0  2 0  1  0  3
 0  1 0  2  0  2
 0 -1 1 -1  0 -1
 0  1 0  1 -1  1
 0  0 1  0  1  1
6	% 
 1  0 0  0  0  0
 0 -1 0  2 -1 -2
 0 -2 0  1 -1 -2
 0  1 1 -1  1  2
 0 -1 0  1 -1 -2
 0  0 1  0  0  1
1,1;1,1;1,1 1 4
8 
#3 
6	% 
  0  0  1  0 1  1
 -1 -1  0  1 0 -1
  1  0  0 -1 0 -1
  0  0 -1  0 0  0
  0  0  1  0 0  1
 -1 -1  0  0 0 -2
6	% 
  0 -1  0 1  0 -1
 -1  0 -1 0  1  0
  1  0  0 0 -1 -2
  0  1  0 0  0  1
  0 -1  0 0  0  0
 -1  0 -1 0  0 -2
6	% 
 -1 -1 0 1  0 -1
  0  0 1 0  0  1
  0  0 0 0 -1 -1
  1  1 0 0  1  1
 -1  0 0 1  1  0
  0  0 0 0 -1  0
1,1;1,1;1;1 1 20
4 
#2 
6	% 
 1  0 0  0  0  0
 0  0 0 -1  0 -2
 0  0 0  0  0  1
 0  0 1  0  0  0
 0 -1 0  0  0 -3
 0  0 0  0 -1 -1
6	% 
 1 0  0  0  0  0
 0 0  0  0 -1 -2
 0 0  0  0  0  1
 0 1  0  0  0  0
 0 0 -1  0  0 -2
 0 0  0 -1  0  0
1,1,1;1;1;1 1 18
1 
#1 
6	% 
  1  0 0 0  0  0
  1 -1 0 1  0 -1
 -2  2 0 0  0  1
  1 -1 0 0  0 -1
  1 -1 1 0  0  0
  1 -1 0 0 -1 -1
1,1,1;1;1;1 1 13
4 
#3 
6	% 
  1  0  0  0 0  0
  1 -1  0  1 0 -1
  1  0 -1  1 0 -1
  0  0  0  0 1  0
  1  0  0  1 0 -1
 -1  0  0 -1 0  0
6	% 
  1  0 0 0  0 0
  1  0 1 0  1 1
  1 -1 0 0  1 0
  0  0 0 1  0 0
  1  0 0 0  1 1
 -1  0 0 0 -1 0
6	% 
  1  0  0 0  0  0
  0  0  0 0 -1 -1
  1 -1  0 0 -1 -1
  0  0 -1 1  0 -1
  1  0 -1 0 -1 -1
 -1  0 -1 0  1  0
2-1;1,1;1;1 1 17
2 
#1 
6	% 
  1 0 0 0 0  0
 -1 0 0 1 0  0
  0 0 0 0 1  1
  1 1 0 0 0  0
  0 0 1 0 0  1
  0 0 0 0 0 -1
2-1;1,1;1;1 1 13
1 
#1 
6	% 
 0 -1 0 1 0 -1
 1  0 0 0 0  0
 0  0 1 0 0  0
 0  0 0 0 1  1
 0 -1 0 0 0  0
 0  1 0 0 0  1
2-1;1,1;1;1 1 10
2 
#1 
6	% 
 1  0  0  0  0  0
 0  1 -1  1  0  2
 0  1  0  0  0  2
 0  0  1  0 -1  0
 0 -1 -1 -1  0 -3
 0  0  0 -1  0 -1
2-1;1,1;1;1 1 14
1 
#1 
6	% 
 1 0 0 0 0  2
 0 0 0 0 1  1
 0 0 0 1 0  0
 0 1 0 0 0  0
 0 0 1 0 0  1
 0 0 0 0 0 -1
1,1;1,1;1,1 1 6
10 
#3 
6	% 
 -3 -2  0  2 0 -2
  1  1  0  0 0  0
  2  1  0 -1 0  1
  0 -1  0 -1 1  1
  0 -1 -1 -1 0 -1
  1  1  0  0 0  1
6	% 
 1  0  0  0  0  2
 0 -1  0  0  0 -1
 0  0  0  0  0 -1
 0  1  0  0 -1  0
 0  0 -1 -1  0  0
 0  0  0  1  0 -1
6	% 
 -3 0 -2  0  2  0
  1 0  0  0 -1  0
  2 0  1  0 -1  0
  0 0  1 -1  1  1
  0 1  1  0  1  2
  1 0  0  0 -1 -1
1,1;1,1;1;1 1 13
12 
#3 
6	% 
 -3 -2  0  2  0 -2
 -1  0  1  1  0  0
 -1 -1 -1  0  1 -1
 -1  0  0  1 -1 -1
  1  1  1  0 -1  0
  2  1  0 -1  0  1
6	% 
 1  0  0  0  0  2
 0 -1  0  0  0  0
 0  1  0  1 -1  0
 0  0  0 -1  0  1
 0 -1 -1 -1  0 -1
 0  0  0  0  0 -1
6	% 
 -3  0 -2  0  2 0
 -1  0  0  1  1 0
 -1 -1 -1 -1  0 0
 -1  1  0  0  1 1
  1  1  1  1  0 1
  2  0  1  0 -1 0
1,1,1;1;1;1 1 7
12 
#4 
6	% 
 0 -1 1  1 -1 -1
 1  0 0  0  0  0
 0 -1 0  0  0  0
 0  2 0 -1  1  2
 0  1 0  0  0  1
 0 -2 1  1  0 -1
6	% 
 0 1 1  1 -1 -1
 1 0 0  0  0  0
 0 0 0 -1  0  0
 0 0 0  0  1  2
 0 1 0  0  0  1
 0 0 1  0  0 -1
6	% 
 0 -1  1 -1 1  1
 1  0  0  0 0  0
 0 -1  1  0 0  0
 0  1 -1  1 0 -1
 0  0 -1  1 0 -1
 0 -1  1 -1 0  0
6	% 
 0 -1  0 -1 -1 -1
 1  0  0  0  0  0
 0 -1  0  0 -1  0
 0  1 -1  1  1  0
 0  0  0  1  1 -1
 0 -1 -1 -1 -1 -1
1,1;1,1;1;1 1 12
8 
#3 
6	% 
  0 1 0  1 0 0
  1 0 0  0 0 0
 -1 0 0  1 1 0
  1 0 1  0 0 1
  0 0 0  1 0 0
  0 0 0 -1 0 1
6	% 
 0  0 1 0 -1  0
 1  0 0 0  0  0
 0  0 0 1 -1 -1
 0 -1 0 0  0  0
 0  0 0 0 -1  0
 0  0 0 0  1  1
6	% 
  0 0 -1 0  0  0
  1 0  0 0  0  0
 -1 0 -1 1  0 -1
  1 1  0 0 -1  0
  0 0 -1 0 -1 -1
  0 0  1 0 -1  0
1,1,1;1;1;1 1 9
4 
#1 
6	% 
  1 0  0  0  0  0
  1 1  0  0 -1  0
  2 1  1 -1  0  1
  2 1  1 -1  0  2
 -1 0 -1  1  0 -1
  0 0  1  0  1  1
1,1;1,1;1;1 1 10
8 
#2 
6	% 
 -3  0 -2 0  2  0
  1  0  1 0  0  1
  2  0  1 0 -1  0
  0  0  0 1  0  0
  0 -1  0 0  0 -1
  1  0  1 0  0  0
6	% 
 1  2 0  2 0  0
 0 -1 0  0 0 -1
 0 -1 0 -1 0  0
 0  0 0  0 1  0
 0  0 1  0 0  1
 0 -1 0  0 0  0
1,1;1,1;1;1 1 17
10 
#3 
6	% 
 1 0 0 0  0  0
 0 0 0 0  0 -1
 0 0 0 0 -1  0
 0 0 0 1  0  0
 0 0 1 0  0  1
 0 1 0 0  0  0
6	% 
 1  0 0  0 0 0
 0 -1 0 -1 0 0
 0  1 0  0 0 0
 0  0 0  1 1 0
 0  1 0  0 0 1
 0 -1 1  0 0 0
6	% 
 1  0  0  0  0  0
 0 -1 -1 -1  1  0
 0  0  0  1 -1 -1
 0  0  1  0  0  1
 0  1  0  0 -1  0
 0  0  0  0  1  1
1,1;1,1;1;1 1 16
8 
#3 
6	% 
 0 -1 0 1 0 -1
 1  0 0 0 0  0
 0  0 0 0 1 -1
 0  1 0 0 0  1
 0  0 1 0 0  2
 0 -1 0 0 0  0
6	% 
 0 0 -1  0 1 0
 1 0  0  0 0 0
 0 0  0 -1 0 0
 0 1  1  1 0 2
 0 1  0  0 0 1
 0 1 -1  1 0 1
6	% 
 0  0 1 0  0  1
 1  0 0 0  0  0
 0 -1 0 0 -1 -1
 0  1 0 1  1  0
 0  0 0 1  1  0
 0  1 0 1  1  1
1,1;1,1;1,1 1 9
6 
#2 
6	% 
  1  0  0 0  0  0
  0 -1  0 0  0 -1
  0  0  0 1  0 -1
  0  0 -1 0  0 -1
 -1  0 -1 0 -1 -1
  1  0  0 0  1  1
6	% 
  1  0  0  0  0  0
  0 -1 -1  0  0 -1
  0  0  1 -1  0  1
  0 -1  1 -1 -1  0
 -1  0  1  0  0  0
  1  1  0  1  1  1
1,1;1,1;1;1 1 24
12 
#3 
6	% 
 1  0  0 0  2  1
 0 -1 -1 0  0 -1
 0  0  1 1  0  0
 0  0  1 0  0  0
 0  0  1 0 -1  0
 0  0  0 0  1  1
6	% 
  1  0  0  0  0  0
  0 -2  0  1 -1 -2
  0  1  0 -2  1  2
  0  1 -1 -1  1  1
 -1  1  0 -1  1  1
  1  0  1  0  0  1
6	% 
 1  0  0  0  2  1
 0 -1  0  2  0 -4
 0  2  0 -1  0  4
 0  1  1 -1  0  3
 0  1  0 -1 -1  2
 0  0 -1  0  1  0
1,1;1,1;1;1 1 33
6 
#2 
6	% 
 1  0  0  0  0  0
 0 -1  0  0 -1 -1
 0  0  0 -1 -1  0
 0  0 -1  0  0 -1
 0 -1  0 -1 -1 -1
 0  1  1  1  1  1
6	% 
 1  0 0  0  0  0
 0  1 0  0  1  2
 0  0 0 -1  1  0
 0  0 1  0  0  0
 0  1 1 -1  1  2
 0 -1 0  1 -1 -1
1,1;1,1;1;1 1 18
3 
#2 
6	% 
 0  1 0 1  0 0
 0  0 1 0 -1 0
 1  0 0 0  0 0
 0  0 0 0 -1 0
 0  1 0 0  0 1
 0 -1 0 0  1 0
6	% 
 0 1 0 -1  0  1
 0 0 1  0  0  1
 1 0 0  0  0  0
 0 0 0  0 -1  0
 0 0 0 -1 -1  0
 0 0 0  1  0 -1
1,1;1;1;1;1 1 14
4 
#3 
6	% 
 0  1 0 1 0  0
 1  0 0 0 0  0
 0  1 0 0 1  1
 0  0 1 0 0  1
 0 -1 0 0 0  0
 0 -1 0 0 0 -1
6	% 
 0 0 -1 0 1  0
 1 0  0 0 0  0
 0 0 -1 1 0 -1
 0 1  0 0 0  0
 0 0  1 0 0  0
 0 0  1 0 0  1
6	% 
 0 0  0 0 -1  0
 1 0  0 0  0  0
 0 0  0 1 -1 -1
 0 1 -1 0  0  0
 0 0 -1 0  1  0
 0 0  1 0  1  1
1,1;1;1;1;1 1 22
4 
#1 
6	% 
 1 0 0 0 0  0
 0 0 0 0 1  0
 0 0 0 1 0  0
 0 0 1 0 0  0
 0 1 0 0 0  1
 0 0 0 0 0 -1
1,1;1;1;1;1 1 12
4 
#2 
6	% 
 1  0  0  0  0  0
 0 -1  0  0  0  0
 0 -1  0 -1  0  0
 0  0  0  0 -1  0
 0 -1  0  0  0 -1
 0  0 -1  0  0 -1
6	% 
 1 0  0 0  0  0
 0 0 -1 0  0 -1
 0 0 -1 0 -1 -1
 0 0  0 1  0 -1
 0 0 -1 0  0  0
 0 1  0 0  0  1
1,1;1;1;1;1 1 19
1 
#1 
6	% 
  3  0  0 0  0  2
  1  0  0 1  0  0
  1  0 -1 0  0  0
  1 -1  0 0  0  0
 -1  0  0 0 -1 -1
 -2  0  0 0  0 -1
1,1;1;1;1;1 1 21
4 
#2 
6	% 
 1 0 0 0  0  0
 1 0 0 0 -1 -1
 0 0 0 1  0  0
 1 0 1 0  0  0
 0 1 0 0  0  0
 0 0 0 0  0 -1
6	% 
 1 0 0  0 0  0
 1 0 0 -1 0  0
 0 0 0  0 1  1
 1 1 0  0 0  0
 0 0 1  0 0  0
 0 0 0  0 0 -1
1,1;1;1;1;1 1 43
2 
#1 
6	% 
 1 1 0 -1 0  1
 0 0 0  1 0 -1
 0 1 0  0 0  0
 0 0 1  0 0  1
 0 0 0  0 1  1
 0 0 0  0 0 -1
1,1;1;1;1;1 1 44
1 
#1 
6	% 
 0 1 0 -3 0  2
 1 0 0  0 0  0
 0 0 0  2 0 -1
 0 0 0 -1 0  1
 0 0 1 -1 0  1
 0 0 0  1 1  0
1,1;1;1;1;1 1 35
6 
#2 
6	% 
 1  0  0  0 0  0
 0 -1 -1  2 0 -2
 0  2  1 -1 0  2
 0  0  0  0 1  0
 0 -1 -1  1 1 -1
 0 -1 -1  1 0 -2
6	% 
 1  0 0  0 0  0
 0  1 0  2 0  3
 0 -2 0 -1 0 -4
 0  0 1  0 1  1
 0  1 1  1 0  3
 0  1 0  1 1  3
1,1;1;1;1;1 1 42
3 
#2 
6	% 
  1 0 0 0  0  0
  1 0 0 1  1  0
 -1 1 0 0 -1  0
  1 0 0 0  1  1
  1 0 1 0  1  1
 -2 0 0 0 -2 -1
6	% 
  1 0 0 0 0  0
  1 0 0 1 0  0
 -1 1 0 0 0  0
  1 0 1 0 0  1
  1 0 0 0 1  1
 -2 0 0 0 0 -1
1;1;1;1;1;1 1 27
1 
#1 
6	% 
 1  0 0 0  0  0
 0 -1 0 0 -1 -1
 0  0 0 1  0  0
 0  0 0 0  1  1
 0  0 1 0  0  0
 0  0 0 0  1  0
1;1;1;1;1;1 1 14
1 
#1 
6	% 
 1 0 0  0 0 0
 0 0 0 -1 0 0
 0 0 0  0 1 0
 0 1 0  0 0 0
 0 0 1  0 0 1
 0 0 0  0 0 1
