#15

1;1;1;1;1;1 1 40
1 
#1 
6	% 
 1 0 0 0 0 0
 0 1 0 0 0 0
 0 0 1 0 0 0
 0 0 0 1 0 0
 0 0 0 0 1 0
 0 0 0 0 0 1
1,1,1,1,1,1 1 1
1 
#1 
6	% 
 1 0 0 0 0 0
 0 1 0 0 0 0
 0 0 1 0 0 0
 0 0 0 1 0 0
 0 0 0 0 1 0
 0 0 0 0 0 1
1,1,1,1;1,1 1 3
7 
#2 
6	% 
 1  0  0  0 -1  1
 0  0  1  0  1  0
 0  1  1  0  1  0
 0  0 -1  0 -1 -1
 0  0  1 -1  0  0
 0 -1 -1  0  0  0
6	% 
 0 0 0  0 -1 0
 0 0 1  0  0 1
 1 0 0  1  0 1
 0 1 0  1  0 0
 0 1 1 -1  0 0
 1 0 0  0 -1 0
1,1,1,1,1;1 1 2
2 
#2 
6	% 
  0  0  0  2  0  1
  0  0 -1  1 -1  0
  0  1  0  1  0  1
  0  1 -1  1 -1  0
 -1 -1  1 -2  1 -1
 -1  1 -1  1  0  0
6	% 
 -1 0 -1  0  0 -1
 -1 0 -1 -1  0 -1
 -1 0  0  0  1  0
 -2 0  0 -1  0 -1
  2 1  1  1 -1  1
 -2 1  0 -1  1 -1
1,1,1;1,1,1 1 3
6 
#1 
6	% 
  0  2  1  1  1 -1
 -1  0  0  0  1  0
  0  1  1  0  0 -1
  0 -1 -1  0 -1  0
  0 -1 -1 -1 -2  0
  0  1  1  0  0  0
1,1,1;1,1;1 1 10
6 
#1 
6	% 
  2  0  2  1  1  1
  2  0  3  1  2  1
 -5  0 -6 -2 -3 -3
  1  0  1  0  1  0
  1 -1  1  1  1  1
  0 -2 -1  0  0  0
1,1;1,1;1;1 1 36
12 
#1 
6	% 
 1  0 1  0 0  1
 0  2 1  1 1 -1
 0  1 1  1 1  0
 0 -1 0 -1 0  1
 0  1 0  1 1 -1
 0  1 1  0 1 -1
1,1,1;1,1;1 1 11
6 
#1 
6	% 
 0  0  0  1  1 -1
 0 -2 -2  1  0 -1
 0  4  3 -2 -1  2
 0  0  0  0  1 -1
 0 -1 -1  0  0 -1
 1  0  0  1  0  0
1,1,1;1;1;1 1 19
4 
#1 
6	% 
 -3 -2 0 -2  2 -1
 -1  0 1 -1  1  0
  2  1 0  1 -1  1
 -2 -1 0 -1  1  0
 -2 -1 0 -1  2 -1
 -2 -1 0 -2  1 -1
1,1;1,1;1,1 1 11
3 
#1 
6	% 
  0 0 0 -2  1 -2
  2 1 1  2 -1  2
  2 1 0  2 -2  2
 -1 0 0  0  1 -1
 -1 0 0  3 -1  3
  0 0 0 -4  1 -3
1,1,1,1;1;1 1 5
1 
#1 
6	% 
  0 0  0  2 -1  1
  0 0  0  2 -2  1
  0 1  0  1 -1  0
 -1 0  1 -3  3 -1
 -1 0 -1  2 -2  0
  0 1  1 -1  1  0
1,1;1,1;1;1 1 29
3 
#1 
6	% 
  0  0 -1 -1 -2  1
  0 -1  0  2  0  1
  0  1  1  2  0  1
 -1  0  0 -1  1 -1
  0  0 -1 -1 -1  0
  1  0  1  1  1  0
1,1;1;1;1;1 1 47
4 
#1 
6	% 
 1  0  0 0 -1 1
 0 -1 -1 1  0 0
 0 -1  0 0  0 1
 0  1  0 0  0 0
 0 -1 -1 0 -1 0
 0  2  1 0  0 0
1,1;1;1;1;1 1 55
4 
#1 
6	% 
 0 -2 -1 -2 -2  2
 1 -2 -1 -1 -2  2
 0  1  0  1  0 -1
 0 -1 -1 -1 -1  0
 0  1  0  1  1 -1
 0 -1 -1  0 -1  1
1,1;1;1;1;1 1 57
1 
#1 
6	% 
 1 0  0  1  0  0
 0 1  1  0  0  0
 0 0 -1  1  0 -1
 0 0  0 -1 -1  1
 0 0  0  0  0 -1
 0 0  0  1  0  0
