#49

2-1;1;1;1;1 1 32
1 
#1 
6	% 
 1 0 0 0 0 0
 0 1 0 0 0 0
 0 0 1 0 0 0
 0 0 0 1 0 0
 0 0 0 0 1 0
 0 0 0 0 0 1
1,1,1,1,1,1 1 1
1 
#1 
6	% 
 1 0 0 0 0 0
 0 1 0 0 0 0
 0 0 1 0 0 0
 0 0 0 1 0 0
 0 0 0 0 1 0
 0 0 0 0 0 1
2-1;1,1,1,1 1 2
1 
#1 
6	% 
  0 -2  0 -1 -1 -3
  0  0  0 -1  0  0
  0 -1  0  0  0 -2
 -1 -2  0 -1  0 -3
  1  0 -1  0  0  0
 -1  1  0  1  0  2
1,1,1,1,1;1 1 2
8 
#4 
6	% 
  0  1  0 0 1  0
  0  1  0 1 0  0
  0  1  0 0 0  0
  0  2  0 0 0  1
  0 -2 -1 0 0  0
 -1  1  0 0 0 -1
6	% 
  0  1  1  0  0  1
  0  0  1  0  0  0
  0 -1  2  1  1 -1
 -1  1  1  0  1  0
  1  0 -2 -1 -1  1
 -1  0  2  0  1  0
6	% 
  1  1 1 -1  1  0
  0  0 0 -1  0  0
  0  0 0 -1  1  0
  2  1 0 -1  1  1
 -1 -1 0  2 -1 -1
  1  0 0 -1  1  1
6	% 
  0  0  1 -1  1  0
  0  0  1  0  1  1
  0  0  1 -1  0  0
  0  0  2  0  1  1
 -1  0 -2  1 -1 -1
 -1 -1  2 -1  1  0
1,1,1,1;1,1 1 2
6 
#3 
6	% 
  0  0 0  0 1  0
  0 -2 0 -1 0 -3
  0  0 0  1 0  0
 -1  0 1  0 0  0
  1  1 0  0 0  1
  1  0 0  0 0  0
6	% 
 -1 0  1 -1 -1 0
 -1 0  1  0 -1 2
 -1 0  1 -2  0 0
  0 1  0 -1  0 0
  2 0 -1  2  1 0
 -1 0  2 -1 -1 1
6	% 
 -1  0  1  0 0  0
 -1 -1  0  0 0 -1
  0  1  2  1 0  2
  0  0  0  1 1 -1
  1  0 -1 -1 0  0
 -1  0  1  0 0  1
2-1;1,1,1;1 1 6
3 
#1 
6	% 
  0 -2  0 -1 1 -4
  0  1  1  0 0  1
  0  1  0  1 0  1
 -1 -1 -1  0 0 -1
  0  0  1  0 0  0
  0 -1  0  0 0 -2
2-1;1,1,1;1 1 5
1 
#1 
6	% 
  0 0 0 -1 0 0
  0 0 0  0 1 1
  1 1 0 -1 0 0
 -1 0 1  0 0 0
  2 1 0  0 0 1
  1 0 0  0 0 0
1,1,1,1;1,1 1 3
17 
#4 
6	% 
  1 -1 -1  0  1 -2
  0 -1  0  0  0 -1
  0  1  1  0  0  2
 -1  1  0  1 -1  1
  0 -2 -1  1  1 -4
  1  0  0 -1  0  0
6	% 
 -1  0  1 -1  0 -1
  1  1  1 -2 -1  0
  1  0  0  0  0  1
  0 -1 -1  2  1  0
  0  0  1 -1 -1  0
 -1 -1  0  0  0  0
6	% 
  0  0  1  0  0  0
  0  0  1  0  1 -1
  1  0  0 -1  0  0
 -1  0 -1  1 -1  0
 -1 -1  1  1  1 -3
  1  1  0  0  0  2
6	% 
  0  0  0  0  1  1
  0  1  2 -1  1 -2
 -1 -1  0  0  0 -1
  1  1 -1 -1 -1  1
  1  2  1 -1  1  0
 -1 -1  0  1  0  0
1,1,1;1,1,1 1 3
15 
#3 
6	% 
  1  1 1  0  0  1
  0  0 0  0  1 -1
  1  0 0 -1 -1  1
 -1  0 0  0  0  0
 -1 -1 0  0 -1 -1
  1  1 0  0  0  1
6	% 
  0  1  0  1  0  2
 -2 -2 -2  1 -1 -3
  1  1  2  0  1  2
 -1 -1 -1  0 -1 -2
  2  2  1 -1  1  2
 -1 -1 -1  1 -1 -1
6	% 
  0  0  0  0 1  0
  0 -1 -1 -1 0 -2
  0  0  1  0 0  1
  1  1  0  0 0  1
  0  0  1  1 0  0
 -1  0  0  0 0  0
1,1,1;1,1,1 1 2
1 
#1 
6	% 
  0  0  0 -1 0  0
  0  0  0  1 1  1
 -1 -1 -1  0 0 -1
  0 -1  0  1 0  0
  1  1  0 -1 0  0
  1  1  0  0 0  1
2-1;1,1;1,1 1 5
3 
#1 
6	% 
 0  0  0  1 1 -1
 0 -1 -1  0 0 -1
 0  1  0  0 0  2
 1  1  1  0 0  1
 0  0 -1  0 0  0
 0 -1  0 -1 0 -1
1,1,1,1;1;1 1 4
3 
#2 
6	% 
  0  3  0 1  2  4
  0  1  0 0  1  1
  0 -3  0 0 -3 -4
  0  1  0 0  2  1
 -1 -1  0 0 -1 -1
  0 -1 -1 0 -1 -1
6	% 
  0 0  0  0 -1 -1
  0 0  0  1 -1  0
 -1 0  1 -2  1  0
  1 0 -1  1  0 -1
  0 0  1  0  0  1
  0 1  1 -1  0  1
1,1,1;1,1;1 1 10
18 
#3 
6	% 
  0  2  0  1 0  3
  0  3  0  0 0  5
  0 -5  0 -2 0 -8
  0  1  0  1 1  1
  0  1 -1  0 0  2
 -1 -1 -1  0 0 -1
6	% 
 -2 0  2 -1 0  1
 -1 0  1  0 0  0
  3 0 -3  1 1 -1
 -1 0  1  0 0  1
  0 1  1  0 0  1
  1 1  1  0 0  1
6	% 
  0 0  0  1  2 -1
  1 0 -1  1  2 -1
 -2 0  2 -3 -5  3
  0 0  0  0  1 -1
  1 1  0  0  1  0
  0 1  0 -1  0  0
1,1,1;1,1;1 1 5
3 
#2 
6	% 
 0  0 0 -1  0 -1
 0  0 0  0  1  0
 0  0 0  2 -1  1
 1  1 0 -1  0  0
 0 -1 0  1  0  0
 1  1 1  0  0  1
6	% 
 0  0  0 -1  0 -1
 0  0  0  0  1  0
 0  0  0  2 -1  1
 1  0  0  0  0  0
 1  0 -1  0  0  0
 0 -1  0  1  0  0
1,1,1;1,1;1 1 7
24 
#5 
6	% 
  1  1 -1  0  2 -1
  0  2  0 -1  2 -1
 -1 -4  1  2 -4  2
  0  1  0 -2  1 -1
  0  0  0 -2  0 -1
  1  1  0  0  1  0
6	% 
 0  0 0 1  2 -1
 0 -1 0 0  0 -1
 0  2 0 0 -1  3
 1  0 0 0  0  0
 1  1 1 0  0  1
 0  0 0 0  1  0
6	% 
  0 0  0  1  0  1
 -1 0  1  1 -2  3
  2 0 -2 -2  3 -5
 -1 0  0  0 -1  1
  0 1  0 -1  0  0
  0 0  0  1  0  0
6	% 
  2  1  0 -1 0  0
  2  2  2 -1 0  1
 -5 -4 -3  2 0 -2
  1  1  1  0 0  0
  0  0  0  1 1 -1
  1  0  0  0 0  0
6	% 
  0 -1 0  0 -2  1
  0 -2 0  1 -2  1
  0  5 1 -2  5 -2
  0 -1 0  1 -1  1
  0  0 0 -1  0  0
 -1 -1 0  0 -1  0
1,1,1,1;1;1 1 5
17 
#4 
6	% 
 0  0 0  0 -1  0
 0 -1 0  2  0 -1
 0  1 1  0 -1  0
 0  1 0 -2  1  0
 0 -1 0  1 -1 -1
 1  0 0  0  1  1
6	% 
  2  1 0  1 -1  3
  3  0 0  1  0  1
  1  2 1  1 -1  4
 -3 -1 0 -1  1 -4
  3  1 0  2 -1  3
 -1 -1 1 -1  1 -3
6	% 
 0 0  0 -1 -1 0
 1 0 -1  0  0 0
 0 0  0 -1 -1 1
 0 1  1  0  1 0
 0 0 -1 -1 -1 0
 0 0  0  0  1 0
6	% 
  0 0 0  0 0 -1
  0 0 0  0 1 -2
 -1 0 0 -1 0 -2
  1 1 1  0 0  4
 -1 0 1  0 0 -3
  1 1 0  0 0  2
1,1,1;1,1;1 1 11
54 
#7 
6	% 
  0  2  0 -1  0  1
  1  2  1 -1  0  1
 -1 -5 -1  3  0 -2
  0  1  0 -1 -1  1
  1  1  0  0  1  0
  0  1  0 -1  0  1
6	% 
 0  2  0  1 0   3
 0  3  0  2 0   5
 1 -7  0 -4 0 -11
 0  1  0  1 1   1
 0  1 -1  1 0   2
 0  1  0  0 0   2
6	% 
 0  0  0  1  0  1
 0 -1 -2  1  2 -2
 0  2  4 -3 -3  2
 1  1  0  0  0  1
 0  0 -1  0  1 -1
 0  0  0  0  0  1
6	% 
 -2 -2 -2  1 0 -1
 -4 -3 -2  1 0 -2
  7  6  5 -3 0  3
 -1  1 -1 -1 1 -1
 -2 -2 -1  1 0 -1
 -1 -1 -1  0 0  0
6	% 
 -2 -1  0 -1 0 -2
 -2 -1  0 -2 0 -1
  6  3  0  4 0  4
 -1 -1 -1  0 1 -2
 -1 -1 -1 -1 0 -1
 -1 -1  0  0 0 -1
6	% 
 0 -1 -2  0 0 -3
 0 -1 -2 -1 0 -2
 0  3  6  1 0  7
 0 -2 -1  2 1 -2
 0 -1 -1  0 0 -1
 1  0 -1  0 0 -1
6	% 
 0 -1  0  0 -2  1
 0  1  0 -1 -2  0
 0 -1  0  2  5 -1
 0  0  1  0 -1  1
 0  0 -1 -1 -1 -1
 1  0  0  0 -1  1
1,1,1,1;1;1 1 6
4 
#2 
6	% 
  0  0  1  0  0 0
  1  0  0  0  0 0
  1  1  1  0  0 1
 -1 -1 -1  0  0 0
  1  1  1  0  1 0
  0  0  0 -1 -1 1
6	% 
  0  1 0  1  1  1
  0  2 0  0  1  3
  0  2 0  1  1  3
  0 -2 1 -1 -1 -3
  1  3 0  1  1  4
 -1  0 1  0  0  0
1,1,1;1,1;1 1 6
3 
#1 
6	% 
 -2 0  0 -1 0 -1
 -1 1  1 -1 0  0
  3 0 -1  1 0  1
 -1 0  0  0 0  0
  0 0  0  0 1 -1
 -1 0  0 -1 0  0
1,1;1,1;1,1 1 4
9 
#2 
6	% 
  0  0 0 -2  0 -1
  1  1 1  0  0  1
 -1  1 0 -1  1 -1
  0 -2 0  2 -1  1
  0 -2 0  1 -1  0
  1  2 0 -1  1  0
6	% 
  1  2 -1 -2  0  0
  0  0  0 -1  1 -2
  0  0  0  1 -1  1
 -1 -2  0  2  0 -1
  0  1 -1 -1  0 -1
  0  0  0  0  1 -2
1,1,1;1;1;1 1 12
1 
#1 
6	% 
  0  0  0 -2 0 -1
  0  0  0  0 1  0
  0 -1 -1  1 0  0
 -1 -1  0  0 0 -1
 -1  0  1  0 0  0
 -1 -1 -1  0 0 -1
1,1;1,1;1;1 1 26
12 
#3 
6	% 
  0  0  0 -1  0  0
  0  3  0 -3  1 -1
  0  3  0 -2  1  0
 -1 -3  0  2 -1  0
  0  2 -1 -2  1 -1
 -1  0  1  0  0  0
6	% 
  0 1 0 -1  0 0
  0 0 1  2  0 2
 -1 0 0  1  0 1
  0 0 0 -1 -1 0
  0 0 0  1  0 0
  0 0 0 -1 -1 1
6	% 
 -1  0 1  0  0  0
  1 -2 0 -2  0 -4
 -1 -3 0 -2  0 -5
  0  2 0  1 -1  4
  0 -2 0 -1  0 -4
  0  0 0 -1 -1  1
1,1,1;1;1;1 1 16
18 
#4 
6	% 
 0  2 0 -1 -1 -1
 0  4 0 -1 -1 -2
 0 -4 0  2  1  3
 0  3 1 -1 -1 -1
 1  3 0 -1 -1 -1
 1  1 1  0  0  1
6	% 
  0 -1  0  1  0  0
 -2 -3  1  2 -1  0
  1  2 -2 -2  1 -1
 -1 -2  1  1 -1  0
 -1 -2  1  1 -1  1
  0  0  0 -1  0  0
6	% 
 1  1  0  1 0  2
 0  2 -1  2 0  4
 0 -3 -1 -2 0 -5
 0  2  0  1 0  4
 0  2  0  2 1  3
 0  0  0  0 1  0
6	% 
 1  0 -1 0 0  0
 0 -2 -3 1 0 -1
 0  1  3 0 0  1
 0 -1 -2 1 1 -1
 0 -1 -2 0 0  0
 0  0  0 0 1  0
1,1,1;1;1;1 1 4
1 
#1 
6	% 
  0  0  0 -1 0  0
  0  0  0  0 1  0
  0  0  0  1 0  1
  0 -1  0  0 0 -1
  0 -1 -1  0 0 -1
 -1 -1  0  0 0 -1
1,1;1,1;1;1 1 20
9 
#2 
6	% 
 0  0 0  1  0  0
 0  5 0 -5  3 -2
 0 -3 0  2 -2  1
 1  2 0 -1  1  0
 0  5 0 -2  3 -1
 0  2 1 -1  1  0
6	% 
  0  0  0 -2  0 -1
 -2  0  2  0 -3  2
  1  0 -1  1  2 -1
  0  0  1  0 -1  1
 -2  0  2 -3 -3  1
 -1 -1  0  0 -1  0
1,1,1;1;1;1 1 8
9 
#2 
6	% 
  0  0 0  0  1  0
  0  0 0 -1 -2  0
 -1  0 0  0  1 -1
 -1  0 1  0  0  0
  0  0 0  0  2 -1
 -1 -1 0  0 -1  0
6	% 
  0  0  0  0  1 -1
  1  0 -1  1 -1  3
  0  0  1  0  1 -1
  0 -1  0  1  0  0
 -1  0  1 -2  1 -2
  1  0  0  1 -1  2
1,1,1;1,1;1 1 9
2 
#1 
6	% 
  0  0  0  1 0  1
  0  0  0  0 1  1
  0  0  0  0 0 -1
  0 -2 -1  2 0  0
 -1  1  1 -1 0  0
 -2 -1  0  0 0 -1
2-1;1,1;1;1 1 29
3 
#1 
6	% 
 -1 -1 -1  0  0 -1
  1 -1  0  1 -1  1
  1  2  0 -1  1  0
  0 -1  0  0 -1  1
  0  1  0 -1  1 -1
  0  0  0  0  0  1
2-1;1,1;1;1 1 21
3 
#1 
6	% 
  0  0  0 -1 1 -2
  0  1  1 -1 0  0
 -1 -1 -1  0 0 -1
  0  0  1  1 0  0
  0  0  0  0 0 -1
  0  0  0  1 0  0
1,1;1,1;1,1 1 11
6 
#1 
6	% 
  0  1 0  1  0  2
  0  0 1 -2 -2  1
 -1 -1 0 -1 -2 -1
  0  0 0  1  1 -1
  0 -2 0 -1  1 -4
  0  2 0  1  0  4
1,1;1,1;1;1 1 29
18 
#2 
6	% 
  1  0 -1  1  2 -1
 -1  2  0  1 -1  4
  0  3  1  1 -1  5
  0 -1  0  0  0 -2
 -1 -1  1 -1 -1 -1
  1  0 -1  0  1  0
6	% 
  1 0 -1  1  2 -1
  0 1  1  0 -1  2
  0 0  1  1 -1  2
  0 0  0  0  0 -1
 -1 0  1 -1 -1  0
  1 0 -1  0  1  0
1,1;1,1;1;1 1 12
9 
#2 
6	% 
 0  0 0 0 -1  1
 0 -1 0 1  0  0
 0  0 1 1 -1  2
 1  1 0 0  0  0
 0  0 0 1 -1  1
 0  0 0 0  1 -2
6	% 
  0 0 0  0 -1  1
 -1 0 1  0  0  0
  1 1 0  0 -1  2
 -1 0 0 -1  0  0
  0 0 0  0 -1  2
  0 0 0 -1  1 -1
1,1,1;1;1;1 1 18
1 
#1 
6	% 
  0 -1  0  1 0  0
 -1 -1 -1  0 0 -1
  2  2  0 -1 0  1
 -1 -1  0  1 0  0
 -1 -1  0  0 0  0
 -1 -1  0  1 1 -1
1,1;1,1;1,1 1 9
6 
#1 
6	% 
  0  0  0  0  1  0
 -1 -2 -1  1  0 -1
  1  1 -1 -1  0  0
  1  2  0 -1  0  1
  1  2  0 -2 -1  1
  0  0  0  0  1 -1
1,1;1,1;1;1 1 38
6 
#1 
6	% 
  0  2  3  0 0  2
  0  1  3  1 0  2
 -1 -2 -2  0 0 -2
  0 -1 -2 -1 0 -1
  0  1  2  0 0  2
  0  0  0  0 1  0
1,1;1,1;1;1 1 37
18 
#2 
6	% 
 0  0  0  1  1 -1
 0 -1 -1  1  1 -1
 0  0  0  0 -1  1
 1  0 -1 -1  1 -2
 0  0  0  0  0 -1
 1  0  0 -1  0 -1
6	% 
  0  1 0 -1  1 -1
  0  2 1 -1  1  0
  0 -1 0  0 -1  1
 -1  1 0  0  1 -2
  0  0 0  0  0 -1
 -1  0 1  1  0 -1
1,1;1,1;1,1 1 12
6 
#1 
6	% 
 1  0  0 0 0 1
 0 -1  0 1 0 1
 0  1  1 0 0 0
 0 -1  0 1 1 0
 1  0 -1 0 0 0
 0  0  0 1 1 0
1,1,1;1;1;1 1 17
6 
#1 
6	% 
  0  0  0  1  1  0
 -2 -1  0 -1  2 -3
  1  1  1  0 -1  2
  1  1  0  0 -1  2
 -1 -1  0  0  1 -1
  1  0 -1  0 -1  1
1,1;1,1;1;1 1 27
6 
#1 
6	% 
  0  0  0 -1 1 -2
 -1 -1 -1 -1 0  0
  3  2  0  2 0 -1
  2  1  0  1 1 -2
 -3 -2 -1 -3 1 -1
  3  1  0  3 0 -1
1,1;1,1;1;1 1 24
6 
#1 
6	% 
  0  0  0  1 1 -1
 -1  0 -1 -1 0 -1
  1 -1 -1  1 0  0
  1 -1  0  2 0  1
  1 -1  0  1 0  1
  0  0  0  0 0 -1
1,1;1;1;1;1 1 15
3 
#1 
6	% 
 0  0 0  1  0 0
 0  0 1  2  0 1
 0 -1 0  1  0 0
 1  0 0  0 -1 1
 0  0 0  1 -1 1
 0  0 0 -2 -1 0
1,1;1;1;1;1 1 37
9 
#2 
6	% 
 0 -1 0  0  0  1
 0  1 1  0  0  0
 1  1 0  0  0  0
 0 -3 0  0  0  2
 0  3 0  0  1 -3
 0  0 0 -1 -1  0
6	% 
 -1 0  1 -1 -2  1
  1 1  0  0  1  0
  0 0 -1  0  1 -1
 -2 0  2 -1 -3  2
  2 0 -2  1  3 -1
  0 0  0  1  0  0
1,1;1;1;1;1 1 43
3 
#2 
6	% 
 1  2 -1 -2 0  0
 0 -1  1  2 0  1
 1  2  0 -1 0  1
 0  0  0 -1 0  0
 0  0  0  0 1 -1
 0  0  0  1 0  1
6	% 
 1  1  1  0 0  1
 0 -1 -1  1 0  0
 0  0  1  1 0  1
 0  0  0 -1 0  0
 0  0  0  0 1 -1
 0  0  0  1 0  1
1,1;1;1;1;1 1 50
3 
#1 
6	% 
  0  0 0  1  0 0
 -1  0 1  0  0 0
  0 -2 0  1 -1 1
  0 -1 1  1 -1 1
 -1 -2 0  1 -1 0
  0  2 0 -1  1 0
1,1;1;1;1;1 1 39
3 
#1 
6	% 
  0  0  0 -1 1 -2
 -1 -1 -1  0 0 -1
  0  0  0  1 0  0
  0  0 -1  0 0  0
  1  0  0  0 0  0
  0  0  0  0 0  1
1,1;1;1;1;1 1 51
2 
#1 
6	% 
 -3  6 1 -7 0 -1
  3 -5 1  7 0  2
 -1  2 0 -3 0 -1
 -1  2 0 -3 0  0
 -1  2 0 -2 1 -1
  2 -4 0  5 0  1
1,1;1;1;1;1 1 52
6 
#1 
6	% 
 -2 -1 0 -1 0 -2
  6  3 0  4 0  7
  1  0 0  1 0  1
  4  2 0  3 0  4
  4  2 0  3 1  4
 -3 -1 1 -2 0 -3
1;1;1;1;1;1 1 34
1 
#1 
6	% 
 -1 -1 -1  0  0 -1
  0  0 -1  0  0  0
 -1  0  0  0  0  0
  0  0  0 -1 -1  0
  0  0  0 -1 -1  1
  0  0  0  0  1 -1
1;1;1;1;1;1 1 28
1 
#1 
6	% 
 0 -1 0  1  0  0
 0  1 1  0  0  0
 1  1 0 -1 -1  1
 0  0 0 -1 -1  1
 0  0 0  0  1 -1
 0  0 0  0  1  0
