#46

3;1,1;1 2 4
1 
#1 
6	% 
 1 0 0 0 0 0
 0 1 0 0 0 0
 0 0 1 0 0 0
 0 0 0 1 0 0
 0 0 0 0 1 0
 0 0 0 0 0 1
1,1,1,1,1,1 1 1
1 
#1 
6	% 
 1 0 0 0 0 0
 0 1 0 0 0 0
 0 0 1 0 0 0
 0 0 0 1 0 0
 0 0 0 0 1 0
 0 0 0 0 0 1
2-1;1,1,1,1 1 1
3 
#1 
6	% 
  0 1 0  0  0  0
  0 0 1  0  0  0
  0 0 0 -1 -1 -1
 -1 0 0  0 -1 -1
 -1 0 0 -1  0 -1
  1 0 0  1  1  1
1,1,1,1;1,1 1 2
10 
#3 
6	% 
  1  0  0  0  0  0
  1  0 -1  0  0  0
  0 -1 -1  0 -1 -1
  0  0  0 -1 -1  1
 -1  1  1  1  1  0
  1 -1 -1  1  0 -1
6	% 
 0  0 0  0 1  0
 0  0 0  0 0  1
 0 -1 1 -1 0 -1
 1  0 0  0 0  0
 0  1 0  0 0  0
 0  0 1  0 0  0
6	% 
 0  0  1  0 0 0
 0  0  1 -1 0 0
 0 -1  1  0 0 0
 1  0  0  0 0 0
 0  1 -1  1 1 0
 0 -1  1 -1 0 1
1,1,1,1,1;1 1 2
7 
#2 
6	% 
  1  0  0  0  0  0
  0  0  1  0  0  0
  1  0  1 -1  0  0
  0 -1  0 -1 -1  1
 -1  1 -1  1  0 -1
  1 -1  1 -1 -1  0
6	% 
  1  1  1  0  1  1
  1  1  1  1  0  1
  1  1  1  1  1  1
  1  1  1  0  0  2
 -1 -2 -1 -1 -1 -2
  1  1  2  1  1  2
1,1,1;1,1,1 1 1
1 
#1 
6	% 
  0 -1 -1  0  0  0
 -1  0 -1  0  0  0
  1  1  1  0  0  0
  0  0  0  0 -1 -1
  0  0  0 -1  0 -1
  0  0  0  1  1  1
1,1,1,1;1,1 1 1
3 
#1 
6	% 
  0 0  0 -1 -1 -1
 -1 0  0  0 -1 -1
 -1 0  0 -1  0 -1
  1 0  0  1  1  1
  0 0 -1  0  0  0
  0 1  1  0  0  0
2-1;1,1;1,1 1 3
3 
#1 
6	% 
  0 1 0  0  0  0
  0 0 1  0  0  0
 -1 0 0  0 -1 -1
  0 0 0 -1 -1  1
  1 0 0  1  1  0
 -1 0 0  1  0 -1
2-1;1,1,1;1 1 4
3 
#1 
6	% 
  0 1 0  0  0  0
  0 0 1  0  0  0
 -1 0 0 -1 -1  1
 -2 0 0 -1 -1  1
  1 0 0  1  0 -1
 -1 0 0 -1 -1  0
1,1,1,1,1;1 1 1
3 
#1 
6	% 
  0 0  0  0 -1  0
 -1 0 -1  0 -1 -1
 -1 0  0 -1 -1 -1
  0 0 -1 -1  0 -1
  1 0  1  1  1  1
  0 1  0  0  0  0
2-1;1,1,1;1 1 1
3 
#1 
6	% 
 0 0 1 0  0  0
 0 1 0 0  0  0
 0 0 0 1  0  1
 0 0 0 0 -1  0
 0 0 0 0  0 -1
 1 0 0 0  0  0
1,1,1;1,1,1 1 3
6 
#1 
6	% 
  0 -1  1 -1  0  0
 -1  0  0  0  0  0
  1  0  0  0 -1  0
 -1  0 -1  0  0  0
  1  0  0  0  0 -1
 -1 -1  0  0  0  0
1,1,1,1;1,1 1 3
6 
#1 
6	% 
 1  0 0  0 1 -1
 1  0 0 -1 0  0
 0  0 0  0 0  1
 0  0 1  1 0  0
 0 -1 0 -1 0  0
 0  0 0  0 1  0
1,1,1;1,1,1 1 2
3 
#1 
6	% 
  0  0 -1 0  0  0
  0 -1  0 0  0  0
 -1  0  0 0  0  0
  1  0  0 1  1 -1
  0  1  1 0  0  1
  0 -1 -1 0 -1  0
2-2;1,1,1,1 1 2
4 
#1 
6	% 
  1  1  1  1 0  0
  0  0  0  0 0 -1
  1  1  1  1 1  0
 -1 -1  0 -1 0  1
  1  0  1  1 0 -1
  0 -1 -1 -1 0  1
1,1,1;1,1;1 1 3
9 
#2 
6	% 
 0  2  2  0  1  1
 0  1  1  0  0  0
 0 -2 -3  0 -1 -1
 0  1  1  0  0  1
 0  0  0 -1 -1  1
 1  0  0  0  0  0
6	% 
 0 0  2  0  1 -1
 0 0  1  0  0  0
 0 0 -2 -1 -1  1
 1 0  1  0  1  0
 1 0  0  0  0  0
 0 1  0  0  0  0
1,1;1,1;1,1 1 2
3 
#1 
6	% 
 -1 0  0  0 -1 -1
  0 0 -1  0  0  0
  0 1  1  0  0  0
  0 0  0 -1 -1  1
  1 0  0  1  1  0
 -1 0  0  1  0 -1
1,1;1,1;1,1 1 4
6 
#1 
6	% 
 -1 -1 1 0 0  0
  0  0 0 1 1 -1
  0  0 0 0 0  1
  1  1 0 0 0  0
 -1  0 1 0 0  0
  0  0 0 0 1  0
1,1,1;1,1;1 1 7
18 
#3 
6	% 
 -2 -1 1 0  0  0
  0  0 0 0  1  1
  1  0 0 0 -2 -2
  0  0 0 0  1  0
  0  0 0 1  1 -1
 -1 -1 0 0  0  0
6	% 
 0  0  0 0 -1  1
 0  1  1 0  0  0
 0 -1 -1 1  1 -1
 1  1  0 0  0  0
 1  0  0 0  0  0
 0  0  0 0  0  1
6	% 
 0  1  1  2  0  0
 0  2  2  2  1 -1
 0 -4 -4 -5 -2  2
 1  1  1  1  1  0
 1  0  0  0  0  0
 0  1  0  1  0  0
2-2;1,1;1,1 1 4
4 
#1 
6	% 
 0 0  0 1 0  0
 0 0  0 0 1  0
 0 0  0 0 0 -1
 0 0 -1 0 0  0
 0 1  0 0 0  0
 1 0  0 0 0  0
1,1,1;1,1;1 1 4
7 
#2 
6	% 
  0 -1 -1  0  0  0
 -1  0 -1  0  0  0
  1  1  1  0  0  0
  0  0  0  0 -1  0
  0  0  0 -1 -1  1
  0  0  0  0 -1 -1
6	% 
  0  0  0  1 0 1
  0  0  0  1 0 0
  0  0  0 -1 1 0
  0 -1  0  0 0 0
 -1 -1 -1  0 0 0
  0 -1  1  0 0 0
1,1,1,1;1;1 1 2
9 
#2 
6	% 
 0  1  0  0  0  0
 0  0 -1 -1 -1  1
 0  1  0 -1  0  0
 1  0  0  0  0  0
 0 -1  1  1  0 -1
 0  1 -1 -1 -1  0
6	% 
 0  0 0 1 0 0
 0  0 0 0 1 0
 0  0 0 0 0 1
 1  0 0 0 0 0
 0  0 1 0 0 0
 0 -1 0 0 0 0
1,1,1;1,1;1 1 2
3 
#1 
6	% 
  2 0 0  2  1 -1
  1 0 0  1  0  0
 -2 0 0 -3 -1  1
  0 1 0  0  0  0
  0 0 1  0  0  0
  1 0 0  1  1  0
1,1,1,1;1;1 1 5
6 
#1 
6	% 
  1  0  0  0  0 0
  0 -1  1 -1 -1 1
  1 -1  0 -1  0 0
 -1  1 -1  1  1 0
  1 -1  1 -1  0 1
 -1  0 -1  1  0 0
2-2;1,1,1;1 1 5
4 
#1 
6	% 
  1  1 -1  1  1 -1
  1  1 -1  1  0 -1
 -1 -1  1 -1 -1  0
 -2 -2  1 -2 -1  1
 -2 -1  2 -2 -1  1
 -1 -2  2 -2 -1  1
1,1,1;1,1;1 1 9
6 
#1 
6	% 
 -2  0  0 -2 -1  1
 -2  0  0 -1 -1  1
  3  0  0  2  1 -1
 -1  1  1 -1  0  1
  0 -2 -1  0 -1 -1
  0 -1  1  0  0  0
1,1,1,1;1;1 1 3
3 
#1 
6	% 
  0 0 0 -1 -1 -1
 -1 0 0  0 -1 -1
 -1 0 0 -1  0 -1
  1 0 0  1  1  1
  0 0 1  0  0  0
  0 1 0  0  0  0
1,1;1,1;1;1 1 2
3 
#1 
6	% 
 0 0  0 -1 -1  1
 0 0 -1  0  0  0
 0 1  1  0  0  0
 1 0  0  0  0  0
 0 0  0  1  0 -1
 0 0  0 -1 -1  0
1,1,1;1,1;1 1 1
3 
#1 
6	% 
 0 0  0  1 0 1
 0 0  0  1 0 0
 0 0  0 -1 1 0
 0 0 -1  0 0 0
 0 1  1  0 0 0
 1 0  0  0 0 0
1,1;1,1;1;1 1 8
6 
#1 
6	% 
 -1 -1 1 0 0  0
  0  0 0 1 1 -1
  0  0 0 0 0  1
  1  1 0 0 0  0
 -1  0 1 0 0  0
  0  0 0 0 1  0
2-2;1,1,1;1 1 4
4 
#1 
6	% 
  0 0 0  0  1  0
  0 0 0  0  1  1
  0 0 0 -1 -1 -1
  0 0 1  0  0  0
  0 1 0  0  0  0
 -1 0 0  0  0  0
1,1,1;1;1;1 1 1
1 
#1 
6	% 
 0 0 0  0 1  1
 0 0 0 -1 0  0
 0 0 0  0 0 -1
 1 0 0  0 0  0
 0 1 0  0 0  0
 0 0 1  0 0  0
1,1,1;1;1;1 1 5
3 
#1 
6	% 
 0 0 0  0 1  1
 0 0 0 -1 0  0
 0 0 0  0 0 -1
 1 0 0  0 0  0
 0 0 1  0 0  0
 0 1 0  0 0  0
1,1;1,1;1;1 1 19
3 
#1 
6	% 
 -1 0 0  0 -1 -1
  0 0 0 -1 -1  1
  1 0 0  1  1  0
  0 0 1  0  0  0
 -1 0 0  1  0 -1
  0 1 0  0  0  0
1,1;1,1;1;1 1 7
3 
#1 
6	% 
 -1 0 0  0 -1 -1
  0 0 0 -1 -1  1
  0 1 0  0  0  0
  0 0 1  0  0  0
  1 0 0  1  1  0
 -1 0 0  1  0 -1
1,1,1;1;1;1 1 10
3 
#1 
6	% 
  0 0  0 -1  0  0
 -1 0  0 -1 -1  1
  1 0  0  1  0 -1
  0 0 -1  0  0  0
  0 1  0  0  0  0
 -1 0  0 -1 -1  0
1,1,1;1;1;1 1 2
3 
#1 
6	% 
  0 0 0 -1  0  0
 -1 0 0 -1 -1  1
  0 1 0  0  0  0
  0 0 1  0  0  0
  1 0 0  1  0 -1
 -1 0 0 -1 -1  0
1,1,1,1;1;1 1 1
3 
#1 
6	% 
  0 0 0 -1 -1 -1
 -1 0 0  0 -1 -1
 -1 0 0 -1  0 -1
  1 0 0  1  1  1
  0 1 0  0  0  0
  0 0 1  0  0  0
2-1;1,1;1;1 1 4
3 
#1 
6	% 
 0 0 1 0 0  0
 0 1 0 0 0  0
 0 0 0 1 1 -1
 1 0 0 0 0  0
 0 0 0 0 0  1
 0 0 0 0 1  0
1,1,1;1,1;1 1 8
6 
#1 
6	% 
  1 0 -1  2  1 -1
  2 0 -2  4  1 -1
 -3 0  3 -7 -3  3
  1 0  0  1  0 -1
  1 0 -1  2  1  0
  0 1  0  0  0  0
3;1,1,1 2 1
1 
#1 
6	% 
 0 0 1  0  0  0
 0 1 0  0  0  0
 1 0 0  0  0  0
 0 0 0  0 -1 -1
 0 0 0 -1  0 -1
 0 0 0  1  1  1
1,1;1,1;1;1 1 16
6 
#1 
6	% 
 0 0  0 1  0  0
 1 0  0 0  0  0
 0 0 -1 0  0  0
 0 0  0 0  0 -1
 0 1  0 0  0  0
 0 0  0 0 -1  0
1,1,1;1;1;1 1 7
6 
#1 
6	% 
 0 -1 -1 -1 -1  1
 1  0  0  0  0  0
 0 -1  0 -1  0  0
 0  1  1  1  0 -1
 0  0  1  1  0  0
 0 -1 -1 -1 -1  0
1,1;1;1;1;1 1 2
1 
#1 
6	% 
 0 0 0 -1 -1  1
 1 0 0  0  0  0
 0 1 0  0  0  0
 0 0 1  0  0  0
 0 0 0  1  0 -1
 0 0 0 -1 -1  0
1,1;1;1;1;1 1 9
3 
#1 
6	% 
 0 0 0 -1 -1  1
 1 0 0  0  0  0
 0 0 1  0  0  0
 0 0 0  1  0 -1
 0 1 0  0  0  0
 0 0 0 -1 -1  0
2-2;1,1;1;1 1 11
4 
#1 
6	% 
  0  0 0 -1 -1  1
  0  0 0  1  0 -1
  0  0 0 -1 -1  0
  0  0 1  0  0  0
  0 -1 0  0  0  0
 -1  0 0  0  0  0
