#149

4-1;2-2 2 1
1 
#1 
6	% 
 1 0 0 0 0 0
 0 1 0 0 0 0
 0 0 1 0 0 0
 0 0 0 1 0 0
 0 0 0 0 1 0
 0 0 0 0 0 1
1,1,1,1,1,1 1 1
1 
#1 
6	% 
 1 0 0 0 0 0
 0 1 0 0 0 0
 0 0 1 0 0 0
 0 0 0 1 0 0
 0 0 0 0 1 0
 0 0 0 0 0 1
1,1,1,1,1;1 1 2
30 
#4 
6	% 
  0  0  1 1  0 1
  0 -1  0 0  0 0
 -1 -1  1 0  0 0
  0  0  1 0  0 1
  0  1 -1 0 -1 0
  0 -1  1 0 -1 1
6	% 
 0  1  0 -1  0  0
 0  1  0  0  0  0
 0  1 -1 -1  0  0
 1  2  1  1  2 -1
 0 -2  0  0 -1  0
 0  2  0  0  1 -1
6	% 
 -1  1 -1 -1  1  0
  0  0  0 -1  0  0
 -1  1 -1 -1  0  0
 -1  1 -1 -1  1  1
  1 -2  2  2 -1 -1
 -1  1 -2 -1  1  1
6	% 
  1  1  4 -2  1  0
  1  0  2 -1  1  0
  1  1  3 -2  1  1
  1  1  4 -2  1  1
 -2 -1 -4  2 -2 -1
  1  1  5 -3  2  1
2-1;1,1,1;1 1 7
36 
#1 
6	% 
 0  0 0  0  1  0
 0  0 0  0  0  1
 1  0 0  0  0  0
 0 -1 1  0  0  0
 0  0 0 -1  1  1
 0 -1 0  1 -1 -1
2-1;1,1,1;1 1 5
36 
#1 
6	% 
 0 1 -1  0  1 1
 0 0  0  0  1 0
 1 0  0  0 -1 0
 0 0 -1  0  0 0
 1 0  1 -1  0 0
 0 1  0 -1 -1 0
1,1,1,1;1,1 1 1
1 
#1 
6	% 
  0 -1 -1 -1 0  0
 -1  0 -1 -1 0  0
 -1 -1  0 -1 0  0
  1  1  1  1 0  0
  0  0  0  0 0 -1
  0  0  0  0 1  1
2-1;1,1;1,1 1 10
108 
#1 
6	% 
 0 -1 1  0 0  0
 0  1 0 -2 1  0
 0 -1 0  2 1 -1
 1  0 0  0 0  0
 0  0 0  1 0  0
 0  1 0 -1 0  0
2-1;1,1;1,1 1 8
108 
#1 
6	% 
 0 0 -1  0  0 0
 1 0  1 -1  0 0
 0 1 -1  0 -1 1
 0 1  0 -1  0 0
 0 1 -1  0  1 0
 0 0  1 -1  0 0
1,1,1,1;1,1 1 2
18 
#1 
6	% 
  0 -2 0  0  0 -1
  0 -2 0 -1 -1 -2
  0 -1 0  1  0  0
 -1  0 1  0  0  0
  1  1 0  0  0  1
  1 -2 0  0  0 -1
2-1;1,1;1,1 1 2
18 
#1 
6	% 
  1 1  1 -2 0  0
  0 0  0  0 0 -1
  0 0  0  0 1  1
  0 0  1  0 0  0
  1 0 -1  0 0  0
 -1 0  0  1 0  0
2-1',2-1';1,1 1 1
6 
#1 
6	% 
 -1 -1  3  0 0  0
  0  1  0  1 0  0
  1  1 -2  0 0  0
  0  0 -1 -1 0  0
  0  0  0  0 0 -1
  0  0  0  0 1  1
1,1,1;1,1,1 1 3
54 
#1 
6	% 
  0  1  0 1  0  1
  1  0 -1 0  2 -1
  0 -1  1 0 -1  0
 -1  0  0 0  0  0
  0  0  1 0 -1  1
 -1  1  0 0  0  0
2-1;1,1,1;1 1 6
108 
#2 
6	% 
 -1 -1 -1  2 -2  1
 -1  0  0  0  0  0
  0  1  0 -1  1 -1
  0  0  0  1  0  0
  0  0  1 -1  0  0
  0 -1  0  1 -1  0
6	% 
 0 -1  0  1 0  1
 1  1  0 -1 0  1
 0  1  0 -1 1 -1
 0  0  0 -1 0  0
 0 -1 -1  2 0 -1
 0 -1  0  1 1  0
1,1,1,1;1,1 1 3
216 
#5 
6	% 
  0  0 0  1  0  0
 -1  0 1  0  0 -1
  0  2 0 -2 -1  0
  1 -2 0  1  1  0
 -1 -1 0  2  1 -1
  0  2 0 -2 -1  1
6	% 
  0  0  0 -1  0 0
  1 -1  1  1  0 0
  1 -1  0  1  0 0
  0  1 -1  0  1 0
  0  0  1 -1 -1 1
 -1  0  0  0  0 0
6	% 
  0 -1  2  1 -1 -2
  1 -2  3  1  0 -1
  0  0 -1  0  1  1
 -1  1 -1 -1  0  1
  0 -1  2  0  0 -1
  0 -1  1  1 -1 -1
6	% 
 0  1 -1  1  0  0
 1 -1  0 -1 -2  1
 0 -1  1 -2 -1  0
 0  1  0  1  2  0
 1 -1  1 -2 -2  2
 0  1 -1  2  1 -1
6	% 
 0  1  1 -1 0  1
 0  0  1  0 0 -1
 0  0 -1  1 0 -1
 1 -1 -2  1 1  0
 0  1  1  0 1 -1
 1  0  0  0 0  1
2-1',2-1';1;1 1 3
18 
#1 
6	% 
 -1 -1  3  0  0 0
  0  1  0  1  0 0
  1  1 -2  0  0 0
  0  0 -1 -1  0 0
  0  0  0  0 -1 1
  0  0  0  0  1 0
2-1;1,1,1,1 1 2
18 
#1 
6	% 
  0 0  0  0 -1  1
  0 0  0  0  0  1
  1 1  1 -2  1  2
  0 0  1  0  0  2
  1 0 -1  0  0  0
 -1 0  0  1  0 -2
1,1,1;1,1,1 1 2
24 
#2 
6	% 
 0  0  0  0 -1 0
 0  0  0  0  1 1
 0  0  0 -1  0 0
 1  0 -1  0  0 0
 0  0  1  0  0 0
 0 -1  1  1  0 0
6	% 
  0  1 -1 -1 0 0
 -1 -1  2  1 0 0
  1  0  1 -1 0 1
  0  0  0  0 1 0
  1  0  0 -1 0 0
  0  0  1  0 0 0
1,1,1;1,1,1 1 4
216 
#1 
6	% 
  0  1 -1 -1  1  0
  0 -1  1  0  0  0
  0  0  0  0 -1  1
  0  0  1  0  1 -1
  0  0  0  0 -1  0
 -1  0  0  0  0  0
2-2;1,1,1,1 1 2
32 
#2 
6	% 
 1  1 -1 -1  0  0
 0  0  0  0  1  0
 0  0  0  0  0  1
 0 -1  1  0 -1 -1
 0  1  0 -1  1  1
 0 -1  1  1 -1 -1
6	% 
  0  0 0  0  1  0
  0  0 0  0  0  1
  0  0 0  1  0  0
 -1  0 0 -1 -1 -1
  0 -1 1  2  1  1
  1 -1 0 -1 -1 -1
2-2;1,1,1,1 1 1
1 
#1 
6	% 
  0  0  0  0 0 1
  0  0  0  0 1 0
  0 -1 -1 -1 0 0
 -1  0 -1 -1 0 0
 -1 -1  0 -1 0 0
  1  1  1  1 0 0
2-2',2-2';1,1 1 1
8 
#1 
6	% 
 -1  1 -1 0 0  0
 -1  0  0 0 0  0
 -1  0 -1 1 0  0
  0 -1  0 0 0  0
  0  0  0 0 0 -1
  0  0  0 0 1  1
2-2',2-2';1,1 1 2
64 
#2 
6	% 
  1 1 -1 -1  0  0
  0 0  0 -1 -1  0
  0 0 -1  0 -1  1
 -1 0  1  0  1 -1
  1 0  0  0  1  0
 -1 0  0  1  0  1
6	% 
  0 0  0  1 0  0
 -2 1  0  0 1  0
 -1 2 -1 -1 1 -1
  1 0  0  0 0  0
  0 1 -1 -1 0  0
 -1 1  0  0 0  0
2-2',2-2',2-2' 1 1
16 
#1 
6	% 
 0  0 0 -1 -1  0
 0  0 1 -1  0 -1
 1 -1 1 -1  0  0
 1  0 1 -1  0  0
 1 -1 1 -1  0 -1
 1  0 1 -1  1 -1
2-2;1,1,1;1 1 5
288 
#6 
6	% 
 -1  0  1  1  0  0
 -1  0  1  1 -1  1
  1  0 -1 -1 -1  0
  2  0 -1 -2  0 -1
  2 -1 -1 -1  0 -1
  1  0 -1 -2  0 -1
6	% 
  0  0 0 1 0  0
  0  0 0 0 1  0
  0  0 0 0 1 -1
 -1  1 0 0 0  0
  1  0 0 0 0  0
  0 -1 1 1 0  0
6	% 
 -1  0 1  1  0 0
  0  0 0  0  1 0
  0  0 0  0 -1 1
  1  0 0 -1 -2 1
  1 -1 0  0 -2 1
  0  0 0 -1 -2 1
6	% 
  0  0  0 -1  0 0
  0  0  0  0  1 0
  0  0  0  0 -1 1
  1 -1  0  0 -2 1
 -1  0  0  0 -2 1
  0  1 -1 -1 -2 1
6	% 
  0  0  0  0  1  0
  0  0 -1  1  2  1
  0 -1  1  0 -2 -1
  1 -1  1 -1 -3 -1
 -1  0  1 -1 -3 -1
  0 -1  2  0 -3 -1
6	% 
  0  0  0  0  1  0
  1 -1  1 -1  3  1
 -2  1  0  0 -3 -1
 -2  1 -1  1 -4 -1
 -2  2 -1  0 -4 -1
 -2  1  0  1 -4 -1
1,1,1,1;1;1 1 3
3 
#1 
6	% 
  0 -1 -1 -1  0  0
 -1  0 -1 -1  0  0
 -1 -1  0 -1  0  0
  1  1  1  1  0  0
  0  0  0  0 -1  0
  0  0  0  0  1 -1
1,1,1;1,1;1 1 7
108 
#2 
6	% 
  0  0  0  0 0 -1
  1 -1  1 -1 0  0
 -2  2 -1  1 0  2
  0  0  0 -1 0  0
  0  1 -1 -1 0  0
  0  0  0  0 1 -1
6	% 
  0  0  0  0  2 -1
  1 -1 -1  1  0  0
 -2  2  1 -1 -2  1
  1 -1  0  1  0  0
  1  0  0  0  0  0
  0  0  0  0  1  0
1,1,1;1,1;1 1 12
1296 
#6 
6	% 
 0  0  0 0 0 -1
 0  1  0 0 0  0
 0 -1 -1 1 0 -2
 1  0  0 0 0  0
 0  0 -1 0 0 -1
 0  0  0 0 1 -1
6	% 
 0   4  0  0  2 -1
 0   2 -1  1  0  0
 0 -11  1 -1 -4  2
 1   0  0  1  0  0
 0  -5  0 -1 -2  1
 0   2  0  0  1 -1
6	% 
 0  1 -2 -1  2  0
 0  1 -2  0  1  0
 0 -2  4  2 -3  0
 1  0 -1  0  1 -1
 0 -1  2  1 -2  1
 0  1 -1 -1  1  0
6	% 
  0 -1  2 -1 0  0
  0 -1  2  0 0  0
  0  3 -6  2 2 -1
  1 -1  1  0 0  1
 -1  2 -3  1 1 -2
  0  0  1 -1 0  0
6	% 
  0 -1  2  0 0 -2
  0 -1  2 -1 0 -1
  0  3 -6  1 0  4
  0  1  1 -2 1 -1
  0  1 -3  1 0  2
 -1  0  1  0 0 -1
6	% 
  0  1 -2 -2  4 -2
  0  0  0 -2  2 -1
  0 -1  2  5 -8  4
  0  0  0 -1  1  0
  0 -1  1  3 -4  2
 -1  1 -1 -1  2 -1
1,1,1;1,1;1 1 9
288 
#6 
6	% 
 -2  1  0 0 0  0
 -2  0  1 1 0  0
  3 -1 -1 0 0  0
 -1  0  0 0 0  0
  0  2  0 0 1  0
  0  0  0 0 2 -1
6	% 
  2 -1  0  1 0  0
  1  0 -1  1 0  0
 -3  1  1 -1 0  0
  1  0  0  0 0  0
  0 -1  0  1 1 -1
  0  0  0  0 2 -1
6	% 
  0 -1 0  2  0  0
  1 -2 1  2  0  0
 -1  2 0 -3  0  0
  0 -1 0  1  0  0
  0 -1 0  0 -1  0
  0  0 0  0  0 -1
6	% 
  2 -1  0  1  0 0
  1  0 -1  1  0 0
 -3  1  1 -1  0 0
  1  0  0  0  0 0
  0 -2  0  2 -1 1
  0  0  0  0  0 1
6	% 
 -2  1  0 0 0  0
  0  0  0 0 1  1
  2 -1  0 0 0 -1
 -1  1 -1 1 0  0
  0 -1  1 0 0  0
  0 -1  0 1 0  0
6	% 
  0 -1  0  1 0 0
  0 -1  0  1 1 0
  0  2  0 -2 0 1
  0  0 -1  2 0 0
 -1  0  1 -1 0 0
 -2  1  0  0 0 0
1,1,1,1;1;1 1 5
216 
#5 
6	% 
  1  0  0 -1 0  1
  1  1 -1 -2 0  2
  1  1 -1 -1 0  0
 -1 -1  1  2 1 -2
  1  1 -1 -2 1  1
 -1  0  1  1 0  0
6	% 
 -1  1 -1 0 0  1
  0  0  0 1 0  0
 -1  1 -1 0 1  0
  1 -1  0 0 0  0
 -1  0  0 1 0  0
  1 -1  1 0 1 -1
6	% 
  0  0 1 -1  0  0
 -1  1 0 -1  2 -1
 -1  1 0 -1  1 -1
  1 -1 0  2 -2  1
 -1  2 0 -2  2 -1
  1 -1 0  1 -1  0
6	% 
  0  0  0 -1  0  0
 -1  1 -1 -1  2 -1
 -1  1  0 -2  0  0
  1 -1  1  2 -1  0
 -1  1 -1 -2  1 -1
  1  0  0  1  0  0
6	% 
 0  0  0  0  1  0
 0  0  0  0  1 -1
 0 -1  1  0  0 -1
 1  0 -1  1 -1  1
 1 -1  1 -1  1 -1
 0  0 -1  1  0  1
2-2',2-2';1;1 1 2
24 
#1 
6	% 
  0 1 -1 0  0 0
 -1 1  0 0  0 0
  0 0 -1 1  0 0
  0 0  0 1  0 0
  0 0  0 0 -1 1
  0 0  0 0  1 0
3;1,1,1 1 2
12 
#1 
6	% 
 0  0 0  0 0 1
 0  0 0  0 1 0
 0 -1 0  0 0 0
 1 -1 0  0 0 0
 0 -1 1  0 0 0
 0  0 0 -1 0 0
2-2;2-1;1;1 1 10
18 
#1 
6	% 
 1  0 0  0  0 0
 0  0 0  0  0 1
 0  0 0  0 -1 1
 0 -1 1  0  0 0
 0  0 0 -1  0 0
 0 -1 0  1  0 0
2-1;1,1;1;1 1 16
18 
#1 
6	% 
 0  0 0  0 0 -1
 0  0 0  0 1  1
 1  0 0  0 0  0
 0 -1 1  0 0  0
 0  0 0 -1 0  0
 0 -1 0  1 0  0
2-1;1,1;1;1 1 28
216 
#2 
6	% 
 1 -1 0  0  0  0
 0  1 0 -2  1 -3
 0 -1 0  2 -2  3
 0  0 1  0  0  0
 0  0 0  1 -1  2
 0  1 0 -1  1 -2
6	% 
 1 -1 0  0 0  0
 0 -1 0  2 1 -3
 0  1 0 -2 1  2
 0  0 1  0 0  0
 0  1 0 -1 0  1
 0  0 0  1 0 -1
2-1;1,1;1;1 1 7
18 
#1 
6	% 
 0 0  0  0 0 -1
 0 0  0  0 1  1
 0 0 -1  0 0  0
 1 0  1 -1 0  0
 1 0  0  0 0  0
 0 1  0 -1 0  0
2-2;2-1;1;1 1 4
18 
#1 
6	% 
 0 0 -1  0  0 0
 1 0  1 -1  0 0
 0 0  0  0 -1 1
 0 0  0  0 -1 0
 1 0  0  0  0 0
 0 1  0 -1  0 0
3;1,1,1 2 2
12 
#1 
6	% 
 0 1 -1  0  0 1
 0 1 -1  0 -1 1
 0 1 -1 -1 -1 0
 0 0  1  0  0 0
 1 0 -1 -1  0 0
 0 0  0 -1  1 0
2-1;1,1;1;1 1 19
216 
#2 
6	% 
 -1  0  0  1 0  0
  1  0  1 -1 0  0
  0 -2  2  0 0  1
  0  4 -3 -1 1 -2
  0  2 -2  0 1 -1
  1  3 -3  0 1 -2
6	% 
 0  0 -1  0 0  0
 1  0  1 -1 0  0
 0  1 -1  0 1  0
 0 -1  2 -1 0 -1
 0 -1  1  0 1 -1
 1 -2  2  0 0 -1
2-2;2-2;1,1 1 3
32 
#2 
6	% 
 -1 0 1  1 0 0
  0 0 0  0 0 1
  0 0 0  0 1 0
  1 0 0 -1 0 0
 -1 1 0  0 0 0
  0 0 0 -1 0 0
6	% 
  0  0 0  1 0 0
  0  0 0  0 0 1
  0  0 0  0 1 0
 -1  0 0 -1 0 0
  0 -1 1  2 0 0
  1 -1 0 -1 0 0
2-2;1,1;1,1 1 3
32 
#2 
6	% 
 -1 0 1  1 0  0
  0 0 0  0 0 -1
  0 0 0  0 1  1
  1 0 0 -1 0  0
 -1 1 0  0 0  0
  0 0 0 -1 0  0
6	% 
  0 0  0  1 0  0
  0 0  0  0 0 -1
  0 0  0  0 1  1
  1 0  0  0 0  0
  0 1 -1 -1 0  0
 -1 1  0  0 0  0
1,1;1,1;1,1 1 2
9 
#1 
6	% 
 -2  2 -1  1 0 0
  0  0  0  0 1 0
  0  0  0  0 0 1
  0  1 -1 -1 0 0
  1 -1  1  0 0 0
  0  0  0  1 0 0
1,1;1,1;1;1 1 34
108 
#1 
6	% 
 -1  0  1  1 0 0
  1 -1 -1  0 0 0
  0  0  0  0 0 1
  1  1  0 -1 0 0
 -1 -1  1  1 0 0
  0  0  0  0 1 0
1,1;1,1;1,1 1 5
36 
#1 
6	% 
  0  0 0 0 0 -1
  0  0 0 0 1  1
  1  0 0 0 0  0
 -1 -1 1 0 0  0
  1 -1 0 0 0  0
 -1  1 0 1 0  0
1,1;1,1;1;1 1 19
27 
#1 
6	% 
  0  2 0 1 0 0
 -1  0 1 0 0 0
  1 -1 0 0 0 0
  0  0 0 0 0 1
  1  0 0 0 0 0
  0  0 0 0 1 0
1,1,1;1;1;1 1 10
72 
#2 
6	% 
 -1 0 0 1 0  0
 -1 0 1 0 0  0
  1 0 0 0 0  0
  0 0 0 0 0 -1
  0 0 0 0 1  0
 -1 1 0 0 0  0
6	% 
 -1  1 -1 0 0  0
 -1  0  1 0 0  0
  1 -1  0 1 0  0
  0  0  0 0 0 -1
  0  0  0 0 1  0
 -1  0  0 0 0  0
1,1,1;1,1;1 1 2
24 
#2 
6	% 
 -2  1 0  0  0 0
 -2  0 1  1  0 0
  3 -1 0 -1  0 0
  0  0 0  0  1 1
  0  0 0  0 -1 0
 -1  0 0  0  0 0
6	% 
 -2  1  0 -1 0 0
 -2  1  0  0 0 0
  3 -1 -1  1 0 0
  0  0  0  0 1 0
  0  0  0  0 0 1
 -1  1  0 -1 0 0
2-2',2-2';2-2 1 1
8 
#1 
6	% 
  0  0  0 1  0 0
  0  0 -1 1  0 0
  0 -1  0 2  0 0
 -1  0 -1 1  0 0
  0  0  0 0 -1 1
  0  0  0 0 -1 0
2-1;1;1;1;1 1 25
54 
#1 
6	% 
 1  0 0  0  0  0
 0  0 0  0 -1  0
 0  0 0  0  1 -1
 0 -1 1  0  0  0
 0  0 0 -1  0  0
 0 -1 0  1  0  0
2-1;1;1;1;1 1 15
54 
#1 
6	% 
 0 0 -1  0  0 0
 1 0  1 -1  0 0
 0 0  0  0 -1 1
 1 0  0  0  0 0
 0 0  0  0  1 0
 0 1  0 -1  0 0
1,1,1;1;1;1 1 18
12 
#1 
6	% 
  0  1  0  0 1  1
  0 -1  0  0 0 -1
  0 -1  0  0 0  0
 -1  1  0  0 0  0
  0  1 -1  0 0  0
  0  1  0 -1 0  0
2-2;1,1;1,1 1 2
9 
#1 
6	% 
  0  2 0 1 0 0
 -1  0 1 0 0 0
  1 -1 0 0 0 0
  0  0 0 0 0 1
  0  0 0 0 1 0
  1  0 0 0 0 0
1,1,1;1;1;1 1 4
12 
#1 
6	% 
  0  0  0 0 1  1
  0  0  0 0 0 -1
  0 -1  0 1 0  0
  0  1  0 0 0  0
  0  1 -1 0 0  0
 -1  1  0 0 0  0
1,1,1;1;1;1 1 12
36 
#1 
6	% 
  0 0  0  2 0 1
  0 0  0  0 1 0
  0 1 -1 -1 0 0
 -1 1  0  0 0 0
 -1 0  1  0 0 0
 -1 1 -1  0 0 0
1,1;1,1;1;1 1 30
108 
#1 
6	% 
  0  1 0  0  1 -1
  1 -1 0  0 -1  1
  0  1 0 -2  0 -1
  1 -1 0  1  0  1
 -1  0 1  0  0  0
  1 -1 1  0  0  0
1,1;1,1;1;1 1 11
18 
#1 
6	% 
  0 -2  0 -1  0  0
  0  0  0  0 -1 -1
  0  0  0  0  0  1
  0  2 -1  1  0  0
 -1 -1  0 -1  0  0
  1  0 -1  0  0  0
1,1,1;1;1;1 1 16
108 
#2 
6	% 
 0 -2 0 -1 -1  2
 0 -2 0 -2 -1  3
 0  2 0  2  2 -3
 0 -2 1 -1 -1  2
 1 -2 0 -1 -1  2
 1 -1 1  0  0  0
6	% 
 0 -1 0 -1 0 -1
 0 -1 0 -1 1 -2
 0  1 0  1 1  1
 0 -1 1 -1 0 -1
 1 -1 0 -1 0 -1
 1 -1 1  0 0  0
1,1,1,1;1;1 1 6
18 
#1 
6	% 
  0 -1 0  1 0  0
  0  0 0  1 1  1
  0 -2 0  0 0 -1
  0  1 1 -1 0  0
  1 -2 0  1 0  0
 -1  0 1  0 0  0
1,1;1,1;1;1 1 38
108 
#1 
6	% 
 0  2 0 -1  2 -1
 0 -1 0 -1  1  1
 0  0 0  1 -1  0
 1 -1 0  1 -1  0
 1  0 0 -1  1  0
 1 -1 1  0  0  0
1,1,1;1,1;1 1 5
36 
#1 
6	% 
 0 0  0  1  0  0
 0 0  0  0  1  0
 0 0  0 -2 -1 -1
 1 0  0  0  0  0
 1 0 -1  0  0  0
 0 1  0 -1  0  0
1,1;1,1;1,1 1 6
108 
#1 
6	% 
  3 -2 1  0  0  0
 -1  1 0 -1  0 -1
 -2  1 0  0  0  0
  0 -1 0  2  0  1
  0 -1 0  0 -1  1
 -1  1 0  0  1 -1
1,1,1;1,1;1 1 6
36 
#1 
6	% 
 0  1 0 -2  2  2
 0  0 0  0  1  1
 0 -1 0  2 -2 -3
 1  0 0 -1  1  1
 1 -1 1  0  0  0
 0  0 0 -1  1  1
1,1;1,1;1,1 1 9
108 
#1 
6	% 
  1 -1 1  0 0  0
  0  1 0  0 0 -1
  0  1 0  0 1 -1
  0  1 0 -1 2  0
 -1  1 0 -1 2  0
  1 -1 0  0 0  0
1,1;1,1;1;1 1 21
108 
#1 
6	% 
  0 -1  0  1  0  1
  0  3  0 -3  1 -2
  0 -3  0  2 -2  2
 -1 -1  0  1 -1  1
  0  1  0 -1  1 -1
  0 -1 -1  1 -1  1
1,1;1,1;1;1 1 5
18 
#1 
6	% 
 0  2 0 1 0  0
 0  0 0 0 0 -1
 0  0 0 0 1  1
 0 -1 0 0 0  0
 1  0 0 0 0  0
 0  0 1 0 0  0
1,1,1;1;1;1 1 8
108 
#2 
6	% 
  0 -1 0 1  0  0
  0  2 0 0  0 -1
 -1  0 0 0  0  0
 -1  0 1 0  0  0
  0 -2 0 0 -1  1
 -1  1 0 0  0  0
6	% 
 0  3  0 1 0  2
 0 -2  0 0 1 -2
 1  1  0 0 0  1
 1  0 -1 0 0  0
 0  2  0 0 1  1
 1 -2  0 0 0 -1
1,1,1,1;1;1 1 4
18 
#1 
6	% 
  0  0  0  1  0  0
  0  1  0  1  0  1
  0 -2  0 -1 -1 -1
  0  1  0  0  0  0
 -1  0  0  0  0  0
  0  0 -1  0  0  0
1,1,1;1;1;1 1 13
36 
#1 
6	% 
 0 0 0  0  1  0
 0 0 0  0  0  1
 1 0 0 -1  1  1
 0 0 1  0  0  0
 0 1 0 -1  1  1
 0 0 0  1 -1 -1
1,1;1,1;1;1 1 35
108 
#1 
6	% 
 0 -1 0  2 -3 -1
 0  0 1  0  0  0
 0  1 0 -2  4 -1
 1  0 0  0  0  0
 0 -1 0  1 -2  0
 0  0 0 -1  2  0
2-2;2-1;1,1 1 2
18 
#1 
6	% 
  1 1  1 -2  0 0
  0 0  1  0  0 0
  0 0  0  0 -1 1
  0 0  0  0 -1 0
  1 0 -1  0  0 0
 -1 0  0  1  0 0
2-1;2-1;1,1 1 2
9 
#1 
6	% 
 0  0 0  0 0 -1
 0  0 0  0 1  1
 0 -1 1  1 0  0
 0  1 0 -1 0  0
 1 -2 1  1 0  0
 0 -1 1  0 0  0
2-1;1,1;1;1 1 11
54 
#1 
6	% 
 1 1  1 -2 0 0
 1 0  0  0 0 0
 0 0  0 -1 0 0
 0 0  0  0 0 1
 0 0 -1  1 0 0
 0 0  0  0 1 0
2-1;2-1;1;1 1 8
27 
#1 
6	% 
 0  1 0 -1 0 0
 1 -2 1  1 0 0
 0 -1 1  0 0 0
 0  0 0  0 0 1
 1 -1 0  0 0 0
 0  0 0  0 1 0
2-2;1,1,1;1 1 2
24 
#2 
6	% 
 -1  1 -1 0  0 0
 -1  0  1 0  0 0
  1 -1  0 1  0 0
  0  0  0 0 -1 1
  0  0  0 0  0 1
 -1  0  0 0  0 0
6	% 
  0 -1  1  1  0 0
  1  1 -2 -1  0 0
 -1  0  0  1  0 0
  0  0  0  0 -1 1
  0  0  0  0  0 1
  0  0 -1  0  0 0
1,1,1;1,1;1 1 10
216 
#2 
6	% 
  0  0 0 0  1 -2
  2 -1 0 0  1 -2
 -3  1 1 0 -3  6
  0  0 0 1  1 -1
  1 -1 0 0  0 -1
  0 -1 0 1  0  0
6	% 
  0  0 0 0  0  1
 -2  1 0 0  0  1
  3 -2 1 0  0 -4
  0  0 0 1  1  0
 -1  0 0 0 -1  1
  0 -1 0 1  0  0
2-2',2-2';1;1 1 4
192 
#2 
6	% 
 -2 1  0  0 1 -1
 -1 1 -1 -1 1  0
  0 1 -1 -1 1  0
  0 0  0 -1 1  0
  1 0 -1  0 0  1
 -1 0  0  1 0 -1
6	% 
 1 -1  1  0 0 1
 1  0  0 -1 1 0
 0  0  0 -1 0 0
 0  1  0 -1 0 0
 0  0 -1  0 0 0
 1 -1  0  1 0 0
2-2;2-1',2-1' 1 1
6 
#1 
6	% 
  1  1 -2 0  0 0
  0  0  1 1  0 0
  0 -1  2 1  0 0
 -1 -1  1 0  0 0
  0  0  0 0 -1 1
  0  0  0 0 -1 0
2-1,2-1;1,1 2 1
18 
#1 
6	% 
  2 0 -1  1 0  0
  1 1 -2 -2 0  0
 -1 0  1  0 0  0
  0 0  0  1 0  0
  0 0  0  0 0 -1
  0 0  0  0 1  1
4-1;1,1 2 1
1 
#1 
6	% 
 1 -1 0 1 0  0
 0 -1 0 2 0  0
 0 -1 1 1 0  0
 0 -1 0 1 0  0
 0  0 0 0 0 -1
 0  0 0 0 1  1
2-1,2-1;1;1 3 3
108 
#1 
6	% 
  0 -1  2 -1 0 0
 -1  1  1  0 0 0
  0  1 -1  1 0 0
  1  0 -2  0 0 0
  0  0  0  0 0 1
  0  0  0  0 1 0
2-1,2-1;1,1 3 1
36 
#1 
6	% 
  0 -1  2 -1 0  0
 -1  1  1  0 0  0
  0  1 -1  1 0  0
  1  0 -2  0 0  0
  0  0  0  0 0 -1
  0  0  0  0 1  1
2-1,2-1;1;1 2 4
54 
#1 
6	% 
  1  1 -3  0 0 0
  0 -1  0 -1 0 0
 -1  0  2  1 0 0
  1  1 -2  1 0 0
  0  0  0  0 0 1
  0  0  0  0 1 0
4-2';2-2 1 1
24 
#1 
6	% 
  0 1 -1  0  0 0
 -1 1 -1  0  0 0
  0 0  1  0  0 0
  0 1  0 -1  0 0
  0 0  0  0 -1 1
  0 0  0  0 -1 0
4-2';1,1 1 1
24 
#1 
6	% 
  0 1 -1  0 0  0
 -1 1 -1  0 0  0
  0 0  1  0 0  0
  0 1  0 -1 0  0
  0 0  0  0 0 -1
  0 0  0  0 1  1
4-1';1;1 1 3
108 
#1 
6	% 
 0  1 -1 0 0 0
 0  0  1 0 0 0
 1  0  0 0 0 0
 0 -1  1 1 0 0
 0  0  0 0 0 1
 0  0  0 0 1 0
4-1';1,1 1 1
36 
#1 
6	% 
 0  1 -1 0 0  0
 0  0  1 0 0  0
 1  0  0 0 0  0
 0 -1  1 1 0  0
 0  0  0 0 0 -1
 0  0  0 0 1  1
4-1;1;1 2 3
3 
#1 
6	% 
 1 -1 0 1 0 0
 1 -2 1 1 0 0
 0 -1 1 1 0 0
 0 -1 0 1 0 0
 0  0 0 0 0 1
 0  0 0 0 1 0
1,1;1,1;1;1 1 28
432 
#2 
6	% 
  0  1 -1 0 -1 1
  0  0 -1 1  0 0
  0  0 -1 0 -1 0
  1  0  0 0  0 0
  1 -1  1 0  0 0
 -1  0  1 0  0 0
6	% 
 -1  0 -1  2 -1 -3
  0 -1  1  1  0 -2
  1 -2  1  2  1 -4
 -1  1  0  0  0  0
  0  1  0 -1  0  2
  0  0  0 -1  0  2
1,1;1,1;1;1 1 24
216 
#2 
6	% 
  0  1  0 1  0  0
  0 -1  2 0 -3  1
  0  1 -2 0  3 -2
 -1  1 -1 0  2 -1
  0  1 -1 0  2 -1
  1 -1  0 0  0  0
6	% 
 1  0 -1  0 0  0
 0 -1  0  2 1 -4
 0  1  0 -2 1  3
 0  1  0 -1 0  2
 0  0  1 -1 0  2
 0  0 -1  0 0  0
1,1,1;1,1;1 1 11
216 
#2 
6	% 
 0  1  0 0 0  0
 0 -1  0 0 0 -1
 0  1  0 1 0  2
 0  0  1 0 0  0
 0  0 -1 0 1 -1
 1  0  0 0 0  0
6	% 
 -2  1 0 0  0  0
  0  0 0 0  2 -1
  1 -1 1 0 -4  2
 -1  0 0 1  0 -2
  0  0 0 0  1  0
 -1  0 0 0  0  0
1,1;1,1;1;1 1 10
216 
#2 
6	% 
  3 -2 1 0 0  0
 -1  0 0 0 0  0
 -2  1 0 0 0  0
  0  0 0 0 1 -1
  0  0 0 0 1  0
 -1  0 0 1 0  0
6	% 
  0  3  0 1  0  0
  1 -1  0 0  0  0
  0 -1  0 0  0  0
 -1  1 -1 0 -1  0
  1 -1  1 0  1 -1
  0  0 -1 0  0  0
2-2,2-2;1,1 2 2
192 
#2 
6	% 
  1 -1 1  1  0  0
  0  0 0  0  0  1
  0  0 0  0 -1  1
 -1  1 0 -1  1 -1
  1 -1 1  0  0 -1
 -1  0 0  0 -1  0
6	% 
  1 -1 0  0  0  0
  0  0 0  0  1  0
  0  0 0  0  1 -1
 -1  0 1  0 -1  1
  0  0 0 -1 -1  0
  0  1 0 -1  0 -1
1,1;1,1;1;1 1 25
864 
#4 
6	% 
  1 -1  1 -1  0  1
  0  1 -1  0  0  0
 -2  1  0  0 -1 -2
  1  0 -1  1  0  1
  2 -1  0  0 -1  3
  0  0  1 -1  0  0
6	% 
  0 -1  1 -1  0  0
  0 -1  0  1 -1  1
 -1  1 -1  2  0  0
  0  0  1 -2  0  0
 -1  0  1 -2  0  0
  0  1  0 -1  0 -1
6	% 
  0 -1  1 -1  0 0
  0  1  0 -1 -1 1
 -1  1 -1  2  0 0
  0  0  1 -2  0 0
 -1  0  1 -2  0 0
  0 -1  0  1 -1 0
6	% 
 -1  0  1 -1  0  0
  2 -1  0  0  1 -1
  0  0 -1  2  0  0
  1 -1  1 -1  0  0
  0 -1  1 -1  0  0
 -2  1  0  0 -1  0
1,1,1;1;1;1 1 15
432 
#2 
6	% 
  0 -1  1  0 0  0
 -1  1 -1  1 0  0
  0  0  0  0 1 -1
  0  0 -1  1 0  0
  0  0  0  0 1  0
 -1  0  1 -1 0  0
6	% 
 0  0  1 -1 -2  1
 1  0 -1  0  2 -1
 0  0  0  0  1 -1
 0  1 -1  0  2 -1
 0  0  0  0 -1  0
 1 -1  1  0 -2  1
1,1;1,1;1,1 1 10
432 
#2 
6	% 
  0 -2  0  2 -1  0
 -1  1 -1  1  0 -1
  0  0  1 -1  0  0
  0 -2  0  2 -1  1
  0 -1  1  0  0  0
  1  0 -1  1  0  1
6	% 
  2 -1  0  0 1 -1
  0  0 -1  2 0  0
 -1  0  1 -1 0  0
  2 -1  0  0 1  0
  1 -1  1 -1 0  0
  0  1 -1  1 0  0
2-2;1,1;1,1 1 6
576 
#4 
6	% 
  0 -2  0  2 1  0
  0 -2  0  2 1 -1
 -1  1  0 -1 0 -1
  0  0  0 -1 0 -2
 -1  1 -1  0 0  2
  0 -1  1  1 0 -1
6	% 
 0  0  0 0  1 0
 0  0  0 0 -1 1
 1  0  0 0  0 0
 0  0  0 1  0 0
 1 -1  1 0  0 0
 0  0 -1 0  0 0
6	% 
  0 0  0  0 -1  1
  0 0  0  0  1  0
  0 1 -1 -1  1  0
  0 1  0 -1  2 -1
  0 0 -1  1 -2  1
 -1 0  1  0  1 -1
6	% 
  0  0  0  0 1 -1
  0  0  0  0 1  0
  0  0  0 -1 0  1
  1 -1  0  0 0  2
 -1  1 -1  0 0 -2
  1  0  0  0 0  1
4-2';1;1 1 2
72 
#1 
6	% 
  0 1 -1  0  0 0
 -1 1 -1  0  0 0
  0 0  1  0  0 0
  0 1  0 -1  0 0
  0 0  0  0 -1 1
  0 0  0  0  1 0
1,1;1,1;1;1 1 9
72 
#1 
6	% 
  0  0  0  0 0 -1
  0  0  0  0 1  1
 -1  0  1 -1 0  0
  0  0 -1  2 0  0
 -1  1 -1  1 0  0
  0 -1  1 -1 0  0
2-2;1,1,1;1 1 6
96 
#2 
6	% 
 0  1  0 -1  1  1
 0  1  0 -1  0  1
 1 -1  1  0  0  0
 1  0  0  0  1  1
 0  0  0  1  0  0
 0  0 -1  0 -1 -1
6	% 
  1 0 -1 -1 1  1
  1 0 -1 -1 0  1
  0 0 -1  1 0  0
  0 1 -1 -1 0  1
  0 1  0 -1 0  0
 -1 0  1  0 0 -1
2-2;2-2;1;1 1 7
96 
#2 
6	% 
  0 0  0 0  0 1
  0 0  0 0 -1 1
 -1 1  0 0  0 0
 -1 0  1 0  0 0
  0 0  0 1  0 0
  0 0 -1 0  0 0
6	% 
 0  0  0  0 -1 1
 0  0  0  0 -1 0
 0  0 -1  1  0 0
 0  1 -1 -1  0 0
 0  0  0  1  0 0
 1 -1  1  0  0 0
2-2,2-2;1,1 1 2
192 
#2 
6	% 
  1 -1  1  1 0  0
  0 -1  0  1 0 -1
  0  0 -1  1 1 -1
 -1  0  0  0 0  0
  1 -1  1  0 0  0
 -1  1  0 -1 0  0
6	% 
  1 -1  0  0  0  0
  0 -1  0  2  1 -1
  1 -1  1  1  1  0
  0 -1 -1  2  1 -2
 -2  1 -1  0 -1 -1
  0  1 -1 -2 -2  1
2-2;1,1;1,1 1 5
36 
#1 
6	% 
  0 0  0  0 -1 1
  0 0  0  0 -1 0
  0 0  0  1  0 0
  0 1 -1 -1  0 0
 -1 0  1  0  0 0
  0 0 -1  0  0 0
2-2,2-2;1,1 2 1
48 
#1 
6	% 
  1 0 -1  1 0  0
  0 1 -2  0 0  0
  0 1 -2 -1 0  0
 -1 1  0 -2 0  0
  0 0  0  0 0 -1
  0 0  0  0 1  1
2-2,2-2,2-2 2 1
576 
#1 
6	% 
  0 -1  1  0 -1 1
 -1  0  0  0 -1 0
  0  1 -1  0  0 0
  1  0  0  0  0 0
  1  0  0 -1  0 0
  1 -1  0  0  0 0
2-2,2-2;1;1 2 2
144 
#1 
6	% 
 1 -1  1  1  0 0
 1  0 -1  1  0 0
 1  0 -2  1  0 0
 0  1 -2 -1  0 0
 0  0  0  0 -1 1
 0  0  0  0  1 0
2-2,2-2;1;1 2 4
576 
#2 
6	% 
  0  0 0  0  0  1
  0  0 0  0 -1  1
  0 -1 1  0 -1  0
  0  0 0 -1 -1  0
  1 -1 1  0  0 -1
 -1  1 0  0  0  1
6	% 
  0 0  0  0 -1  1
  0 0  0  0  0  1
  0 1 -1  0  1  0
  1 0  0 -1  1  0
 -1 1  0  0  1 -1
 -1 0  0  0 -1  1
2-2,2-2;1;1 1 4
576 
#2 
6	% 
 -1  1 -1  0 0 1
  0  1 -1  0 1 0
  1 -1  0  0 0 0
  0  0  1 -1 0 0
  0 -1  0  1 0 0
  0  0  0  1 0 0
6	% 
  0  1  0  0 1  0
  1  1 -1 -1 1 -1
 -1  0  0  0 0  0
  0 -1  0  1 0  0
 -1  0  1  0 0  0
  1  0  0 -1 0  0
2-2;2-2;1,1 1 2
16 
#1 
6	% 
  0  0 0  0 0 -1
  0  0 0  0 1  1
  1 -1 0  0 0  0
 -2  1 0  0 0  0
  1  0 0 -1 0  0
 -1  0 1  0 0  0
2-2',2-2';2-2 1 2
64 
#2 
6	% 
  0  0 0 0  0 1
  0  0 0 0 -1 1
  1 -1 0 0  0 0
  0  0 0 1  0 0
  0 -1 1 0  0 0
 -1  0 0 1  0 0
6	% 
  0  0  0 -1 1  0
  0  0  1 -1 1 -1
 -1  0  0  1 0  0
  2 -1  0  0 0  0
 -1  1 -1  0 0  0
  1 -1  0  0 0  0
2-2;2-2;2-2 1 2
16 
#1 
6	% 
  0 0  0  0  0 1
  0 0  0  0 -1 1
 -1 1  0  0  0 0
  0 0  0 -1  0 0
  0 1 -1  0  0 0
  1 0  0 -1  0 0
3;2-2;1 1 2
12 
#1 
6	% 
  0  0  0  0 0 1
  0  0  0  0 1 0
 -1  2 -1 -1 0 0
  1  0  0  0 0 0
  0  1 -1  0 0 0
  2 -1  0  0 0 0
3;2-2;1 2 3
12 
#1 
6	% 
 0  0  0 0 1 -1
 0  0  0 0 1  0
 0 -1  0 1 0  0
 1  0  0 0 0  0
 0 -1  1 0 0  0
 0  0 -1 0 0  0
2-2;1,1;1;1 1 8
96 
#2 
6	% 
 -1  0 1  1  0  0
  0  0 0  0 -1  0
  0  0 0  0  1 -1
  1  0 0 -1  0  0
  1 -1 0  0  0  0
  0  0 0 -1  0  0
6	% 
  0  0 0 1  0  0
  0  0 0 0 -1  0
  0  0 0 0  1 -1
 -1  1 0 0  0  0
  1  0 0 0  0  0
  0 -1 1 1  0  0
3;1,1;1 1 9
72 
#2 
6	% 
  0 0 0  0 -1  0
  0 0 0  0 -1  1
  0 1 0  0  0  0
  0 1 0 -1  0  0
  0 0 1  0  0 -1
 -1 1 0  0  0  0
6	% 
  0 0  0 0 0  1
  0 0  0 0 1 -1
  0 1  0 0 0  0
  0 1 -1 0 0  0
  0 0  0 1 0  0
 -1 1  0 0 0  0
2-2;2-2;1;1 1 6
48 
#1 
6	% 
  0 0  0  0 -1 1
  0 0  0  0  1 0
  0 0  1 -1  0 0
 -1 1 -1  0  0 0
  0 0  1  0  0 0
  1 0 -1  0  0 0
2-2;1,1;1;1 1 18
576 
#4 
6	% 
  0  0  0  0 -1 1
  0  0  0  0 -1 0
  0 -1  1  1  0 0
 -1  0  1  0  0 0
  1  0 -1 -1  0 0
 -1  0  0  1  0 0
6	% 
  0  0 0 0 -1  1
  0  0 0 0 -1  0
  1 -1 0 0  0  0
  1  0 0 0  0  0
 -1  0 0 1  0 -1
  1 -1 1 0  0  1
6	% 
  0  0  0  0 -1  1
  0  0  0  0  1  0
  0 -1  1  1  0  0
 -1  0  1  0  0  0
  1  0 -1 -1  2 -1
 -1  0  0  1 -2  1
6	% 
  0  0 0  0  1 0
  0  0 0  0 -1 1
  1 -1 0  0  0 0
  0 -1 1  1  0 0
 -1  1 0 -1  0 0
  0 -1 0  1  0 0
2-2;1,1;1;1 1 16
576 
#4 
6	% 
  0 0  0  0 -1 1
  0 0  0  0 -1 0
 -1 1 -1  0  0 0
  0 0 -1  0  0 0
 -1 0  1  0  0 0
  1 0  0 -1  0 0
6	% 
  0  0  0 0 1  0
  0  0  0 0 1 -1
 -1  1 -1 0 0 -1
  0  0 -1 1 0 -2
 -1  1  0 0 0  2
  0 -1  1 0 0 -1
6	% 
  1  0 -1 -1  2 -1
  0 -1  2  0 -2  1
  0 -1  1  1 -1  0
 -1 -1  2  1 -2  1
  1  0 -2  0  2 -1
  0  0  1  0 -1  1
6	% 
  0  3  2 -3  2 -1
  0 -2 -3  2 -2  1
 -1 -1 -1  1 -1  1
  0 -3 -2  2 -2  1
 -1  3  3 -3  2 -1
  0 -1 -2  2 -1  0
1,1;1;1;1;1 1 51
72 
#2 
6	% 
 -1  1  1 -1 1 -3
  1 -1 -1  1 1  2
  0  0  1  0 0 -1
 -1  1  0  0 0 -1
  0  1  0 -1 0 -1
  1 -1 -1  1 0  2
6	% 
 -1  1  1 -1  1 -1
  1 -1 -1  1 -1  0
  0  0  1  0  0  0
 -1  1  0  0  0  0
  0  1  0 -1  0  0
  1 -1 -1  1  0  0
1,1;1;1;1;1 1 13
72 
#2 
6	% 
 0  0  2 -2 -1  4
 0  0 -1  1  0 -2
 1 -1  0  0  0  0
 1  0  0 -1  0  1
 0  0 -2  2 -1 -3
 0  0  0 -1  0  1
6	% 
  0 0 -2  2 -1 1
  0 0  1 -1  0 0
 -1 1  0  0  0 0
 -1 0  0  1  0 0
  0 0  2 -2  1 0
  0 0  0  1  0 0
1,1;1;1;1;1 1 29
216 
#2 
6	% 
  0  0 0 0 -1 1
  1 -1 1 0  0 2
  0  0 0 0 -1 0
 -1  0 1 0  0 2
 -1  0 0 0  0 0
  0 -1 1 1  0 0
6	% 
  0  0 0 0 -1 1
  1 -1 1 0  0 0
  0  0 0 0  1 0
 -1  0 1 0  0 0
 -1  0 0 0  0 0
  0 -1 1 1  0 0
1,1;1;1;1;1 1 40
54 
#1 
6	% 
 -1  1  0 0  0 0
  0  0  0 0 -1 1
  0  0  0 0  1 0
  1 -1  0 1  0 0
  1  0 -1 0  0 0
  1  0  0 0  0 0
1,1;1;1;1;1 1 30
216 
#2 
6	% 
  1 -1 -1  1 -1  4
  0  0  1  0  0 -2
 -1  1  1 -1 -1 -3
  1  0  0 -1  0  0
  1 -1  0  0  0  2
  0  0  1 -1  0 -2
6	% 
 -1  1  1 -1 -1  0
  1 -1  0  1  0  0
  1 -1 -1  1  1 -1
  0  1 -1  0  0  0
 -1  1  0  0  0  0
  0  0 -1  1  0  0
1,1;1;1;1;1 1 16
54 
#1 
6	% 
 -1  1  0 0  0 0
 -1  1 -1 1  0 0
  0  0  0 0 -1 1
  0 -1  1 0  0 0
  0  0  0 0  1 0
  1 -1  1 0  0 0
1,1;1;1;1;1 1 28
216 
#1 
6	% 
 -1  1 0 0  0  0
  0 -2 0 1  0  0
  0  0 0 0 -1  0
 -1  0 0 0  0  0
  0  0 0 0  1 -1
  0  1 1 0  0  0
3;1,1;1 2 6
72 
#2 
6	% 
  1 -1  0  1  0  0
 -1  2 -1 -1  0  0
  0  1 -1 -1  0 -1
  0  0  0  0 -1  0
  0  1  0 -1  0  1
  0  0  0  0 -1  1
6	% 
 0  0 -1 0 0  0
 1 -1  1 1 0  0
 0 -1  1 1 0  0
 0 -1  1 0 0  1
 0  0  0 1 0  0
 0  1 -1 0 1 -1
3;1,1;1 1 3
12 
#1 
6	% 
 0 0  0 0 0 -1
 0 0  0 0 1  1
 0 1  0 0 0  0
 0 1 -1 0 0  0
 1 0  0 0 0  0
 0 0  0 1 0  0
2-2;2-1;2-1 1 2
9 
#1 
6	% 
  1 -1 1  0  0 0
 -2  1 0  0  0 0
 -1  1 0 -1  0 0
  0  0 0  0 -1 1
  0  0 0  0 -1 0
 -1  0 0  0  0 0
3;1,1;1 2 3
12 
#1 
6	% 
 0 0  0  0 0 -1
 0 0  0  0 1  1
 0 1 -1 -1 0  0
 0 0  1  0 0  0
 1 0 -1 -1 0  0
 0 0  0 -1 0  0
2-2;1;1;1;1 1 14
288 
#2 
6	% 
 0 0  0  0 0 1
 0 0  0  0 1 0
 1 0 -1  0 0 0
 0 1 -1  0 0 0
 0 0  1  0 0 0
 0 0  0 -1 0 0
6	% 
  0  0  0  0 0 1
  0  0  0  0 1 0
  1 -1  0  0 0 0
  0 -1  1  0 0 0
  0  0  1 -1 0 0
 -1  1 -1  0 0 0
2-2;1,1;1;1 1 12
96 
#2 
6	% 
 0  0  0  0 1 0
 0  0  0  0 0 1
 0  0  0  1 0 0
 1  0 -1  0 0 0
 0 -1  1  1 0 0
 0  0  1 -1 0 0
6	% 
  0  0 0  0 1 0
  0  0 0  0 0 1
  1 -1 1  0 0 0
  1 -1 0  0 0 0
  1  0 0  0 0 0
 -1  1 0 -1 0 0
1,1;1;1;1;1 1 45
3 
#1 
6	% 
  0 0  0  0 0 -1
  0 0  0  0 1  1
 -1 1 -1 -1 0  0
  0 0  1  0 0  0
  0 0  0  1 0  0
  1 0  0  0 0  0
1;1;1;1;1;1 1 35
9 
#1 
6	% 
  0  0  0  0 0 1
  0  0  0  0 1 0
 -1  1  0 -1 0 0
 -1  1 -1  0 0 0
  0  1 -1 -1 0 0
  1 -1  1  1 0 0
1,1;1;1;1;1 1 7
3 
#1 
6	% 
  0 0 0 0 0 -1
  0 0 0 0 1  1
  1 0 0 0 0  0
 -2 1 0 0 0  0
 -1 0 0 1 0  0
 -1 0 1 0 0  0
1;1;1;1;1;1 1 19
54 
#1 
6	% 
  0  0 0 0 0 1
 -1  0 0 1 0 0
  0  0 0 0 1 0
  0  0 1 0 0 0
  1  0 0 0 0 0
  0 -1 1 1 0 0
1,1;1;1;1;1 1 27
18 
#1 
6	% 
  0 0  0  0 1 0
  0 0  0  0 0 1
 -1 0  0  1 0 0
  0 0 -1  0 0 0
  0 1 -1 -1 0 0
 -1 0  0  0 0 0
1;1;1;1;1;1 1 9
9 
#1 
6	% 
  0  0 0  0 0 1
 -1  0 0  0 0 0
  0  0 1 -1 0 0
  1 -1 1  0 0 0
  0  0 0  0 1 0
  0  0 1  0 0 0
2-2,2-2;2-2 2 1
48 
#1 
6	% 
  0  0 -1  1  0 0
  0  0 -1  0  0 0
  0 -1  0  0  0 0
 -1  0  1 -1  0 0
  0  0  0  0 -1 1
  0  0  0  0 -1 0
3;1;1;1 1 11
36 
#1 
6	% 
 0 0  0 0 -1 1
 0 0  0 0  1 0
 0 1  0 0  0 0
 1 0  0 0  0 0
 0 0  0 1  0 0
 0 1 -1 0  0 0
3;1;1;1 2 7
36 
#1 
6	% 
 1 -1  0  1  0 0
 0  1  0 -2  0 0
 0  1 -1 -1  0 0
 0  0  0  0 -1 1
 0  0  0 -1  0 0
 0  0  0  0  1 0
2-2;1;1;1;1 1 19
3 
#1 
6	% 
 0  0 0 0  0 1
 0  0 0 0 -1 1
 0  1 0 0  0 0
 1 -1 0 0  0 0
 0 -1 1 0  0 0
 0 -1 0 1  0 0
2-2;2-1,2-1 2 1
18 
#1 
6	% 
  0 -1 0 1  0 0
 -1  0 1 0  0 0
  1  0 0 0  0 0
  1 -1 0 0  0 0
  0  0 0 0  0 1
  0  0 0 0 -1 1
2-2;1;1;1;1 1 4
3 
#1 
6	% 
 0 0 0  0 1 0
 0 0 0  0 0 1
 0 0 0  1 0 0
 0 1 0 -2 0 0
 0 0 1 -1 0 0
 1 0 0 -1 0 0
2-2;1;1;1;1 1 13
18 
#1 
6	% 
  0 0  0  0 0 1
  0 0  0  0 1 0
  0 1 -1 -1 0 0
 -1 1  0  0 0 0
 -1 1 -1  0 0 0
 -1 0  1  0 0 0
2-2;1,1;1;1 1 15
18 
#1 
6	% 
  0 -2  0 -1  0 0
  0  0  0  0  0 1
  0  0  0  0 -1 1
  0  2 -1  1  0 0
 -1 -1  0 -1  0 0
  1  0 -1  0  0 0
2-2;1,1;1;1 1 4
18 
#1 
6	% 
  3 -2 1  0 0 0
  0  0 0  0 1 0
 -2  1 0  0 0 0
  0  0 0  0 0 1
  1  0 0 -1 0 0
  1 -1 0  0 0 0
2-2;1,1;1;1 1 14
72 
#1 
6	% 
  0  0  0  0 -1 1
  0  0  0  0  0 1
 -1  0  1 -1  0 0
  0  0 -1  2  0 0
 -1  1 -1  1  0 0
  0 -1  1 -1  0 0
2-2;2-1,2-1 3 1
36 
#1 
6	% 
  0 -1  2 -1  0 0
 -1  1  1  0  0 0
  0  1 -1  1  0 0
  1  0 -2  0  0 0
  0  0  0  0 -1 1
  0  0  0  0 -1 0
4-1';2-2 1 1
36 
#1 
6	% 
 0  1 -1 0  0 0
 0  0  1 0  0 0
 1  0  0 0  0 0
 0 -1  1 1  0 0
 0  0  0 0 -1 1
 0  0  0 0 -1 0
2-2,2-2;2-2 2 2
192 
#2 
6	% 
  0 -1 -1  2 -1 1
  0 -2  1  1 -1 0
 -1  0  0  1  0 0
  1  0 -1 -1  0 0
  0 -1  1  1  0 0
  0  0  0 -1  0 0
6	% 
 0  0  0  0 -1 1
 0  0  0  0 -1 0
 0  0 -1  1  0 0
 1  0  0 -1  0 0
 0  0  0  1  0 0
 1 -1  1  0  0 0
2-2,2-2;2-2 1 2
192 
#2 
6	% 
  0  0  1 -1 -1 1
  0 -1  1  0 -1 0
  0  1 -1 -1  0 0
 -1  0  1  1  0 0
  1  0  0 -1  0 0
 -1  0  1  0  0 0
6	% 
  0 0 0  0 -1 1
  0 0 0  0 -1 0
  0 0 0  1  0 0
 -1 0 0  0  0 0
  0 0 1  0  0 0
 -1 1 0 -1  0 0
