#11

1;1;1;1;1;1 1 46
1 
#1 
6	% 
 1 0 0 0 0 0
 0 1 0 0 0 0
 0 0 1 0 0 0
 0 0 0 1 0 0
 0 0 0 0 1 0
 0 0 0 0 0 1
1,1,1,1,1,1 1 1
1 
#1 
6	% 
 1 0 0 0 0 0
 0 1 0 0 0 0
 0 0 1 0 0 0
 0 0 0 1 0 0
 0 0 0 0 1 0
 0 0 0 0 0 1
1,1,1,1,1;1 1 2
6 
#1 
6	% 
  0  0 -1 1  0  0
 -1  0 -1 0  0 -1
  0  0 -1 0  1  0
  0  1  0 0  1  0
  0 -1  1 0 -1  0
  0  1 -1 0  1 -1
1,1,1,1;1,1 1 2
15 
#1 
6	% 
  0 1  1 -1  1  0
  0 0  1 -1  0  0
  0 0  0 -1  1  0
  1 0  0  0  0  0
 -1 0 -1  1 -1 -1
 -1 0  1 -1  1  0
1,1,1;1,1,1 1 2
10 
#1 
6	% 
  0  1  0 0  0  0
  1  1  0 0  0  1
  0  0 -1 0 -1 -1
  0  0  0 1  1  1
 -1 -1  1 0  0  0
  1  1  1 0  0  1
1,1,1,1;1;1 1 6
15 
#1 
6	% 
 0  1  1 0 0  0
 0  1  0 1 0  0
 0  2  1 0 1  0
 1 -2 -1 0 0  1
 0  2  1 0 0 -1
 1  0  0 0 0  1
1,1,1;1,1;1 1 6
60 
#1 
6	% 
 0 -2 0 0 0  1
 0 -1 1 0 0  1
 0  3 0 1 0 -1
 1 -1 0 0 0  1
 1  0 0 0 1  1
 0 -1 0 0 0  1
1,1;1,1;1,1 1 8
15 
#1 
6	% 
 0  1 0  0 1  0
 0  0 1 -1 0  0
 1  0 0  0 0  1
 0  0 0 -1 0 -1
 0  1 0  0 0 -1
 0 -1 0  1 0  1
1,1,1;1;1;1 1 18
20 
#1 
6	% 
 0  0  0 -1 -1 -1
 0  0 -1  0 -1 -1
 0  0  2  2  2  3
 0  0 -1 -1 -1 -2
 0 -1 -1 -1 -1 -1
 1  0 -1 -1 -1 -1
1,1;1,1;1;1 1 32
45 
#1 
6	% 
 0 -1  0 0 1  1
 0  0  1 1 0  1
 1  1  0 0 0  0
 0  1 -1 0 0 -1
 1  0 -1 0 0  0
 1  0  0 0 0  1
1,1;1;1;1;1 1 53
15 
#1 
6	% 
 0 0 1 -3 0 -1
 1 0 0  1 0  1
 0 0 0 -1 0  0
 0 1 0 -1 0 -1
 0 0 0 -1 1  0
 0 0 0  2 0  1
