#75

6-2 2 1
1 
#1 
6	% 
 1 0 0 0 0 0
 0 1 0 0 0 0
 0 0 1 0 0 0
 0 0 0 1 0 0
 0 0 0 0 1 0
 0 0 0 0 0 1
1,1,1,1,1,1 1 1
1 
#1 
6	% 
 1 0 0 0 0 0
 0 1 0 0 0 0
 0 0 1 0 0 0
 0 0 0 1 0 0
 0 0 0 0 1 0
 0 0 0 0 0 1
1,1,1,1,1;1 1 2
36 
#1 
6	% 
  2  0 -1 -1 -2  0
  2  1 -2 -1 -2  0
  3  0 -1 -2 -2  1
  1  0 -1  0 -2  0
 -4 -1  2  2  4 -1
  3  0 -2 -2 -3  1
2-1;1,1;1,1 1 11
1620 
#1 
6	% 
  0  0  0  1 -1  1
 -1 -1  2 -1  0  1
  1  0 -1  1  0 -1
 -1  0  1 -1  1 -1
  0 -1  0  0  0  0
  0 -1  1 -1  1  0
2-1;1,1,1;1 1 8
1080 
#2 
6	% 
 -1 -1 -1 0  2 -1
  0  0  1 0 -1  1
  1  0  0 0 -1  1
  1  0  0 0  0  0
  0 -1  0 0  1 -1
  0 -1 -1 1  0  0
6	% 
  0  1  0 -1  0 0
  0 -1  0  1  0 1
  0 -1  0  1 -1 1
  0 -1  0  0  1 0
 -1  0  0  0  0 0
  1  0 -1  0  0 0
1,1,1,1;1,1 1 3
315 
#2 
6	% 
  0  0  1 -1  0 -1
 -1 -1  0 -1  2 -3
  0  0 -1  1 -1  1
  0  1  0  0 -1  2
 -1  0  0  0  0 -1
  0  0  0  0 -1  1
6	% 
  0  0 -1  1 -1 0
  1 -1  0  0  0 1
  1  0  0  0  0 0
  0  1  2 -4  3 0
  0 -1 -1  0  0 0
 -1  0  0  1 -1 0
2-1',2-1';1,1 1 3
270 
#1 
6	% 
  0  2  0 -1  0  0
  0 -1  1  0 -1  0
  0 -1 -1  2  0  0
 -1 -1  1  0  1 -1
  0 -1 -1  2 -1  1
 -1  0 -1  1  1  0
1,1,1;1,1,1 1 4
540 
#1 
6	% 
 -1  1  2 -1  2 -3
 -1  0  1  0  2 -2
  1 -1 -3  3 -4  4
  0  2  2 -3  3 -3
  1 -1 -2  2 -4  4
  0  1  2 -3  3 -3
2-2;1,1,1,1 1 2
120 
#1 
6	% 
  0 1  1  1 -2 0
  0 0  0 -1  1 0
  0 0  1  0 -1 1
 -1 0  0  0  0 0
 -1 0  1  0  0 0
  0 0 -1  0  1 0
2-2',2-2';1,1 1 2
240 
#1 
6	% 
 -1  2 0 1 -1  1
  0 -1 0 0  1  0
  0 -1 1 0  0  0
  0  0 0 0  0 -1
  0  0 0 1 -1  0
  1 -1 0 0  0  0
2-2',2-2',2-2' 1 1
40 
#1 
6	% 
 0  0 -1  0 0  0
 1  0 -1  0 1 -2
 1 -1 -1  0 0 -1
 3  0 -1 -1 2 -3
 1  0 -1  0 0 -1
 2  0 -1  0 1 -2
1,1,1,1;1;1 1 5
270 
#1 
6	% 
  0  0 -1  1 -1 -1
 -2 -1  1  2 -1  2
 -1 -1  1  1 -1  1
  1  0  0 -2  2 -1
 -2 -1  0  2 -1  1
  1  0  0 -1  0  0
1,1,1;1,1;1 1 12
2160 
#2 
6	% 
 -1 -1 -2  4  1  2
  1  0 -1  0 -1  1
 -1  0  2 -1  1 -2
  1  0  0 -1  0  1
 -1  0  1  0  0 -1
  0  0 -1  2  0  1
6	% 
  1  3  0 -4  1  0
  1  1 -1 -1  0  1
 -2 -3  1  4 -1 -1
  0  1  0 -1  0  1
 -1 -2  1  2 -1  0
  0  1  0 -2  1  0
2-2;1,1,1;1 1 5
720 
#1 
6	% 
 -1  1  0  0  0  0
 -1  0  0  0  1 -1
  0 -1  0  0  0  1
  1  0  0 -1  0  1
  1 -1 -1  1 -1  1
  1 -1  0  0  0  1
2-2',2-2';1;1 1 4
720 
#1 
6	% 
  0 -1  1  0 -1 -1
 -1  0 -1  2 -1 -2
  0  1 -2  2 -1 -1
 -1  0 -1  2  0 -2
  0  1 -2  1  0  1
  0 -1  1 -1  0  0
4-3';1;1 1 4
1296 
#1 
6	% 
 0  0  0  0 -1  1
 0  0  1 -2  2  0
 1  0  1 -2  2 -1
 0  0 -1  1  0  0
 0 -1  0  0  1 -1
 0  1 -1  1 -1  0
2-1;1,1;1;1 1 32
3240 
#2 
6	% 
  1  1 -1  0 0  0
  0  0  0 -1 1  0
  0  1  0  0 0 -1
  0 -1  0  0 1 -1
 -1  0  0  0 0  0
 -1  0  1 -1 1  0
6	% 
  0  0  0 -1  1  1
 -1 -1  0  1  0 -1
  1  0  0 -1  0  2
  0 -1  0  1  0 -2
 -1  0  0  1 -1 -1
  0 -1 -1  2 -1 -1
2-2;2-1;1;1 1 13
1080 
#1 
6	% 
  0 -1  0  0  1 -1
  0 -1  0  1 -1  0
  1  1 -1  0  0  0
 -1 -1  1  1 -1 -1
 -1 -1  0  1  0 -1
  1  1 -1 -1  1  0
4-2;1;1 2 4
360 
#1 
6	% 
 0 0 0  1 -2  1
 0 1 0 -1  1 -1
 0 0 1 -1  1 -1
 1 0 0 -1  1  0
 0 1 0 -1  1  0
 0 0 0  0  1 -2
2-1;1;1;1;1 1 37
810 
#1 
6	% 
 -1  0 0  0  0 0
  0  0 0  0  0 1
 -1  0 1 -1  1 0
  1 -1 0  0  0 0
  0 -1 1  0  0 0
  0  1 0  0 -1 1
2-1;1,1;1;1 1 35
1620 
#2 
6	% 
 -1 0 -1 -1  3 -1
  1 0  0  1 -1 -1
 -1 1  1  0 -1  0
  0 0  1 -1  0  1
  0 0  1  0 -1  1
  0 0 -1  0  1  0
6	% 
 -1  1 0  0 0 -2
  1  1 0 -1 0  1
 -1  0 1 -1 1  1
  0 -1 0  1 0 -1
  0 -1 1  0 0  1
  0  0 0  0 0 -1
4-2;1,1 2 2
120 
#1 
6	% 
  0  0  1 0 -1  1
  0  0  0 0  0  1
  0 -1 -1 1  0  0
 -1  0  0 0  0  0
  0 -1  0 0  1 -1
  0  1  0 0  0  0
2-2;1,1;1,1 1 6
1800 
#2 
6	% 
  1  0  0 -1  0  0
  0 -1 -1  2 -1  1
  0  0 -1  2 -2  2
 -1 -1 -1  3 -1  2
  2  2  1 -4  1 -1
 -1 -1  0  2  0 -1
6	% 
  0 -1 -1  1  0  1
  0  1  0  0  0  0
  1  2  1 -2  0 -1
  1  3  1 -1 -1 -1
  1 -3 -2  1  1  1
 -1  2  0  0  0  0
1,1,1;1;1;1 1 19
540 
#2 
6	% 
  0 0  0  0  0 -1
  0 0  0  1 -1  0
  0 1  0  0 -1  2
 -1 0  0  0  0 -1
  1 0 -1  0  0 -1
  0 1  0 -1  1 -2
6	% 
  1 1 1 -1 -1  2
  0 0 1  0 -1  1
 -1 0 0  0  1 -2
  0 1 1 -1  0  1
  1 0 1 -1  0  1
  0 1 1 -1 -1  2
1,1;1,1;1,1 1 11
405 
#1 
6	% 
  0  0 -2  1  1  0
 -1  2  2 -2 -1  2
 -2  1  1  0 -1 -1
  1 -1 -1  1  0 -1
  1 -1  3 -1 -2  0
  0  0 -3  1  2  1
4-3';1,1 1 2
1296 
#1 
6	% 
 -1 -1  1 0  0 0
 -2 -2  2 0  0 1
 -1 -2  1 0  0 0
  2  2 -2 0 -1 1
 -2 -2  1 1 -1 1
  2  1 -2 1 -1 1
1,1,1;1;1;1 1 15
540 
#1 
6	% 
  0 0 -1  2 -1  1
  0 1  1 -2  1 -1
  0 1  1 -2  0  0
  1 1  1 -3  1  0
 -1 0 -1  2 -1  1
 -1 0  0  1  0  0
2-2,2-2;1,1 2 2
720 
#1 
6	% 
 -1 -1  1  0  0  1
  0  0  1 -1  1 -1
  0  0  1 -1  0  0
  1  1 -1  0  0  0
  0 -1  0  1 -1  1
  1  0 -1  0  0  0
1,1;1,1;1;1 1 39
3240 
#2 
6	% 
 -2 -2  2  0  0  3
  2  2  0  1 -3  0
 -2 -1  1 -1  2  0
  2  1 -1  0  0 -2
  1  2  0  0 -1 -1
  1  2 -1  0 -1 -1
6	% 
  1  1  2 -3  1  0
  0  0 -1  2  0 -2
 -1 -1 -1  1 -2  3
 -1 -2 -2  2 -1  2
  1  2  1 -1  1 -3
 -1 -1 -2  2 -2  3
1,1;1,1;1;1 1 31
810 
#1 
6	% 
  2  1  2 -3  0 -1
 -2 -1 -2  4 -1  0
  0  2  2 -3  0  0
 -1  1  0  0 -1  1
  1  1  2 -3  0  1
 -1  1  1 -1  0  1
3;1,1,1 1 3
270 
#1 
6	% 
  0  1  0 -1  0 -1
  0  2  0 -2  0 -1
  0  0  0  0 -1  1
  0  0  0 -1  1  0
 -1 -1  0  1  0  0
  1 -1 -1  1  0  0
4-1;1,1 2 3
45 
#1 
6	% 
 -1 -1  0  1  0 -2
 -1  0  1  0  0  0
  0  1  0 -1  1  0
  1  0  0  0  0  0
  0  0 -1  1 -1 -1
 -1  0  1  0  0 -1
2-1;2-1;1,1 1 10
405 
#1 
6	% 
  1  0  1  0 -1 -1
  0  0 -1  0  1  0
 -1  1  0 -1  1  0
  0  0  0 -1  1  0
  0  0  1  0  0 -1
  0 -1  1  0  0 -1
2-1,2-1;1,1 2 4
810 
#1 
6	% 
 -2 0  1  0 0  0
  1 0  1 -1 0 -1
  0 1  0 -1 0  0
 -1 1  0 -1 1  0
  1 0 -1  1 0  0
 -1 0  1 -1 1 -1
4-1';1;1 1 6
1620 
#1 
6	% 
  1  0  0  0 -1  1
 -1 -1  0  1  0  0
  0  0  0 -1  1  0
  0 -1  0  1  0 -1
  0  0  1 -1  0  0
  0  0 -1  1  0 -1
4-2';2-2 1 2
1080 
#1 
6	% 
  1 -1 0  1 -1  0
  0 -2 0  1  0  0
 -1  0 0  0  1 -1
  0  1 0 -1  1 -1
 -1  0 1 -1  1  0
  0  1 0 -1  1  0
2-1,2-1;1;1 3 7
1620 
#1 
6	% 
 -1 0  1 -1 1  0
 -1 0  1  0 0  0
 -1 0  0  0 0  0
  0 1 -1  0 0  0
  0 0  0  0 0 -1
  0 0 -1  1 0 -1
2-2,2-2;1;1 2 4
2160 
#1 
6	% 
  0  1 -1  0 -1  1
 -1  0  0  1 -2  2
 -1 -1  2  1 -2  2
 -2 -2  2  2 -2  1
  0 -1  2 -1  2 -1
  0  1 -2  0 -1  2
2-2,2-2;1;1 1 4
720 
#1 
6	% 
  0  0 -1  1  0 -1
 -1  0  0  0  1 -1
  1  0  0 -1  0  1
  1  0  1 -1  0  0
  1 -1 -1  1 -1  1
 -2  0  1  0  0  0
2-2;2-2;1;1 1 17
2160 
#1 
6	% 
  1  1  0 -1  0  0
  0  0 -1  1 -1  1
 -1  0  0  0  0  1
 -1  1  0  0  0  0
 -1  1  0  0 -1  1
  0 -1  0  0  1 -1
2-2,2-2,2-2 2 1
1440 
#1 
6	% 
 0  0  0 0  0  1
 0 -1  0 0  1  0
 0  0 -1 1  0  0
 0  0  0 0  1 -1
 1  1  0 0 -1  0
 0  0  1 0 -1  1
2-2;2-2;1,1 1 6
720 
#1 
6	% 
  1 1  0 -1  0 1
  2 0 -1  0  0 0
 -1 0  0  0  0 0
  1 0  0  0 -1 1
  1 0 -1  1 -1 0
 -1 0  0  0  0 1
2-2,2-2;1,1 1 2
240 
#1 
6	% 
 -1 -1  1  0  0  1
 -2 -1 -1  1  0  0
  0  0 -1 -2  3  0
 -3 -1 -1  3 -2 -1
 -2 -1  1  4 -5  1
  2  1  1  1 -2 -1
2-2',2-2';2-2 1 3
360 
#1 
6	% 
 1  3 -1 -1 -1  1
 0  2  1 -2  0  2
 0  1 -1  0  0  0
 0  1  0 -1  0  1
 0 -1  0  0  1  0
 0 -1  0  0  1 -1
2-2',2-2';2-2 1 2
240 
#1 
6	% 
  0 -1 0 1 -1  1
  0 -1 0 0  0  1
 -1  1 1 0  0 -1
  1  0 0 0 -1  0
  0  0 0 1 -1  1
  0 -1 0 1 -2  2
2-2;2-2;1,1 1 7
120 
#1 
6	% 
 0  0 -1  0  0 1
 0 -1  0  1 -1 0
 1  0 -1  0  0 0
 0  1  1 -1  0 0
 1 -1  0  0  0 0
 0 -1  0  0  0 0
3;2-2;1 2 5
540 
#1 
6	% 
  1  1 -1  0  0  0
  1  0 -1  0  0  0
  0  0  0 -1  1  0
 -1 -1  0  1  0  0
  0  1  0 -1  1 -1
 -1 -1  0  1 -1  1
2-2;2-2;2-2 1 7
40 
#1 
6	% 
 -1  1  2 -1 -1 0
  0  1  2 -2  0 0
  1 -1 -1  1  0 0
  0  1  1 -1 -1 1
  0  0  1 -1  0 0
  0  1  0  0 -1 0
6-2' 1 1
960 
#1 
6	% 
  2  1  1 -2  1  0
  2 -1  1 -1  1 -2
 -1 -2 -1  2 -1  0
 -2  0 -1  2 -2  2
  0  2  1 -2  1  1
  2  0  1 -2  2 -1
2-2;1,1;1;1 1 16
1080 
#1 
6	% 
 -1 1  0  0 0  0
  1 0 -1  0 1 -1
  0 0  0 -1 1  0
  1 0 -1  0 0  0
 -1 1  1 -1 0  0
  1 0  0  0 0  0
1,1;1;1;1;1 1 54
2160 
#2 
6	% 
 -2  1  2 -2  2 -2
  1 -2 -2  2 -1  2
  1  0 -1  0  0  1
  0  0 -1  1 -1  1
  1 -1 -1  1  0  0
  0  1  0 -1  1 -1
6	% 
 1  1  0 -1  0  0
 0  0  0  1 -1  0
 0  0 -1  1  0  0
 0 -1  0  1 -1  1
 0 -1  0  1  0 -1
 1  0 -1  0  0  0
1,1;1;1;1;1 1 34
135 
#1 
6	% 
  0  0 0  1 -2  1
  0  0 0  0  1 -1
  0  0 1 -1  0  1
 -1  1 0  0  0  0
  1  0 0  0 -1  1
  0 -1 0  1 -1  1
3;1,1;1 1 11
540 
#1 
6	% 
 -1 -1  1  0  0 0
  0  0  1  0 -1 0
 -1  0  2 -1  0 0
 -1 -1  1  1 -1 0
  0  1 -1  0  0 1
  1  0 -1  0  1 0
2-2;2-2;1;1 1 13
360 
#1 
6	% 
  1 0 -1  1 -1 0
 -2 0  2  0 -1 0
  1 0 -1  0  0 1
  1 0 -2  1  0 0
 -1 0  1  0  0 0
 -1 1  1 -1  0 0
4-3;1,1 1 2
216 
#1 
6	% 
 0 -1  1  0 -1 1
 0  0 -1  0  1 0
 0 -1  0  1 -1 1
 0  0  1 -1  0 1
 0  0  0  0 -1 1
 1  1 -1  0  0 0
5-2;1 4 2
36 
#1 
6	% 
  1  0 -1  0  1  0
 -1  0  0  1 -1  0
  1  0  0 -1  2 -1
  1  0  0 -1  2  0
  1 -1  0  0  1  0
  0 -1  0  0  1  0
4-3;1;1 1 6
216 
#1 
6	% 
  1  0 -1  1 -1  0
  1  0 -2  1  0  0
  1 -1 -1  1  0  0
  0  0 -1  1  0 -1
  1  0 -1  0  0  0
 -1  1  2 -2  1  0
3;2-1;1 1 9
270 
#1 
6	% 
  1  0 -1  1 -1  0
  0 -1  1  0  0  0
  0  0  1 -1  0  1
 -1 -1  1  0  0  0
 -1 -1  0  0  1  0
  0  0 -1  0  1 -1
4-2;2-2 2 2
120 
#1 
6	% 
  0 0 1 -1  0  0
 -1 0 0  0  0  1
  0 0 0  1 -1 -1
  0 1 0 -1  0  1
  0 0 0  0  0 -1
  0 0 0  0  1 -1
2-1;2-1;1;1 1 29
405 
#1 
6	% 
  0  1  0 -1 1 -1
 -1  0  1  0 0 -1
  1 -1 -1  1 0  0
 -1 -1  1  0 0  1
 -1  1  0  0 0 -1
  1  0 -1  0 0  0
3;1;1;1 1 20
270 
#1 
6	% 
  0 -1  0  1 -1  0
  1  0 -1  1 -1 -1
  0  0  0  0  0  1
  1 -1 -1  1 -1  0
  0  0  1 -1  1  0
 -1  1  1 -1  0  1
2-1;1;1;1;1 1 45
270 
#1 
6	% 
  0  1  0 -1  0  1
  0 -1 -1  1  0  0
  0  0 -1  1  0 -1
 -1 -1  0  1  0  0
  1  1  0  0 -1  0
  0  0  0 -1  1  1
3;1,1;1 1 15
810 
#2 
6	% 
  0 0 1 -1  1  0
 -1 1 1 -1  0  1
 -1 1 1 -1  1 -1
 -1 1 2 -1  0  0
  0 1 1  0 -1  0
 -1 1 1 -1  1  0
6	% 
 -1 -1 0 0  1 0
 -2  0 1 0  0 0
 -1 -1 0 1 -1 1
 -2 -1 0 1  0 0
 -1  0 0 0  0 0
 -2  0 0 0  0 1
2-2,2-2;2-2 2 2
720 
#1 
6	% 
  1  0  0 -1  2 -2
  1  1 -1 -1  1 -1
  0  1  0  0 -1  1
 -1 -1  0  0  1  0
  0  0  0  1 -1  0
  0 -1  0  0  1  0
2-2;1;1;1;1 1 22
1080 
#1 
6	% 
  0  0  0 0 -1  2
  1  0 -1 0  0  1
 -1  0  1 0  0  0
  0 -1  0 1 -1  1
 -1 -1  1 0  1 -1
  1  0  0 0 -1  1
1,1;1;1;1;1 1 57
405 
#2 
6	% 
 0  0  0 -1  1 -1
 1  0 -1  2 -1 -1
 0  0 -1  1 -1  0
 0  0  1 -1  0  2
 1 -1 -1  1  0 -1
 1  1 -1  0  0 -1
6	% 
 -1  1  0 -1  1  0
  0  1  1  0 -1  0
 -1  1  1 -1  0  0
  2 -2 -1  1  0  0
  0  2  0 -1  0  0
 -1  1  1 -1  1 -1
1;1;1;1;1;1 1 45
270 
#1 
6	% 
 -1  0  0  0  0 0
  0 -1 -1  1  0 0
  0  0  1  0 -1 1
 -1 -1  0  0  1 0
  1  1  0  0 -1 1
  0  0  0 -1  1 0
5-1;1 3 3
27 
#1 
6	% 
  0 -1  0  1 0 -1
  1  0  0 -1 1  0
  0 -1 -1  1 0  0
  0  1  1 -2 1  0
  1  1  0 -1 0  0
 -1 -1 -1  2 0 -1
4-1;2-2 2 2
45 
#1 
6	% 
 -1 -1 1  0 0  0
 -1  0 1 -1 1 -1
 -1 -1 1 -1 1  0
 -1 -1 1 -1 1 -1
 -1  0 1 -1 0  0
  0  0 1 -1 0  0
4-1;1;1 2 7
135 
#1 
6	% 
  1  0 0  0 -1  1
  0  1 0  0 -1  0
  0  0 0  0  1 -1
 -1 -1 1  0  1 -1
  0  1 0 -1  0  1
  0 -1 0  0  2 -2
2-2,2-2;2-2 2 3
2160 
#1 
6	% 
  1  0  2 -1  0 -1
 -1 -1  3 -1 -1  1
 -1 -1  1  0  0  0
 -1  0  0  0  0  0
  1  0 -1  0  1 -1
  1  0  0  0  0 -1
2-2,2-2;2-2 1 2
240 
#1 
6	% 
 0  0  1 -1 0 0
 1 -1  0  0 0 0
 0 -2  0  1 0 0
 1  1 -1 -1 1 0
 0 -1  0  1 0 0
 0  1 -1  0 0 1
2-2;2-2;2-2 1 6
720 
#1 
6	% 
  1  0 0 -1  1  0
  0  0 0 -1  2 -1
  0 -1 0  0  1 -1
 -1  0 1 -1  1  0
  1  1 0  0 -1  0
 -1  0 0  0  0  0
3;1;1;1 1 23
270 
#1 
6	% 
 1  0 -1 1 -1 0
 0  0  1 0 -1 0
 0 -1  0 1 -1 0
 0 -1  1 0  0 0
 0  0  0 1 -2 1
 1  0  0 0 -1 1
1;1;1;1;1;1 1 47
27 
#1 
6	% 
  0 -1 0  0  0  1
  1  1 0 -1  0  1
  0  0 0 -1  1  1
 -1  0 1  0  0 -1
 -1  0 0  0  0  0
 -1  0 0  1 -1  0
