#34

2-1;2-1;2-1 1 10
1 
#1 
6	% 
 1 0 0 0 0 0
 0 1 0 0 0 0
 0 0 1 0 0 0
 0 0 0 1 0 0
 0 0 0 0 1 0
 0 0 0 0 0 1
1,1,1,1,1,1 1 1
1 
#1 
6	% 
 1 0 0 0 0 0
 0 1 0 0 0 0
 0 0 1 0 0 0
 0 0 0 1 0 0
 0 0 0 0 1 0
 0 0 0 0 0 1
1,1,1,1;1,1 1 3
5 
#3 
6	% 
 -2 1  0  0  1  0
  0 1  1  2  1  1
  1 0  1  0  0  0
  0 0 -1 -1 -1  0
 -1 1  0  2  0  1
 -1 0  0 -1  0 -1
6	% 
  1  1  0  0  1  1
 -1  2  1 -1 -1 -1
 -1  0  1  0 -1  0
  1 -2 -1  0  0  0
  0  1  0 -1 -1 -1
  1  0  0  1  1  1
6	% 
  0 0  0  1  0  0
  0 1  1  1  1 -1
  1 0  1  0  0  0
 -2 0 -1 -1 -1  0
 -1 0  0  1  1 -1
  1 0  0  0  0  1
1,1,1,1,1;1 1 2
2 
#1 
6	% 
  1 -1 0 -1  0  0
  1  0 0 -1 -1  0
  1 -1 0  0 -1  0
  2  0 1  0  0  1
 -2  1 0  0  1 -1
  2 -1 1 -1 -1  0
2-1;1,1;1,1 1 11
3 
#3 
6	% 
  0 0 -1 0  0 -1
  1 0  0 0  0  0
 -1 1  0 0  0  0
  0 0  1 0  0  0
  0 0  0 1  0  1
  0 0  0 0 -1  0
6	% 
  1 0  1  1  0  1
 -1 1  0 -1  1  0
  0 0  0  1 -1  0
 -1 0 -1  0  0  0
 -1 0  0 -1  0 -1
 -1 1  0 -1  0  0
6	% 
  1  1 0  1  1  0
  0  1 1  1  1  1
  0  0 0 -1  0 -1
  0 -1 0  0  0  0
 -1  0 0  0 -1  0
  0  0 1  0  0  0
2-1',2-1',2-1' 1 1
2 
#1 
6	% 
  0 0 -1  2 -1  1
  0 1  1 -1 -1  0
  0 0  0  0 -1  0
  0 0  1 -1  0  0
 -1 1  1 -1  0  0
  0 0  0  0  1 -1
1,1,1;1,1,1 1 4
6 
#3 
6	% 
 -1  0  0  0  0 -1
 -1  0  1  0  0  0
  1 -1 -1  0 -2  0
  1  0  1  0  1  1
  0  0 -2 -1 -1 -1
  0  0  1  0  1  1
6	% 
  0  0 -1 -1  0 -1
  0  0 -1 -1  0  0
  0  1  1  1  1  0
  1 -1  0  0 -1  0
 -1  0  1  0  1  1
  1  0  0  0 -1  0
6	% 
  0 -1 -1  0 -1 -1
  1 -1 -1  0 -1 -2
 -1  1  1 -1  2  1
  1  0  0  1  0  0
 -1  1  1 -1  1  2
  1  0 -1  1 -1 -1
2-1',2-1';1;1 1 7
1 
#1 
6	% 
  1  1  0 -1  1  0
  1  0  1  1  0  1
  0  0  0 -1  0 -1
  0 -1  0  0  0  0
 -1  0  0  0 -1  0
  0  0 -1  0  0  0
2-1',2-1';1,1 1 3
1 
#1 
6	% 
  1  0  0 -1  0  0
  0 -1  0  1  0  1
  0  0  0  0  0 -1
  0  0 -1  0  0 -1
 -1  0  1  0 -1  0
  0  0  0 -1  0 -1
1,1,1;1,1,1 1 3
4 
#2 
6	% 
 -1  0  1 -1 -1  1
  2 -2  2  1 -2  1
 -1  2  0 -1  1  0
  1 -1  0  1  0  0
 -1  0 -1  0  1 -1
  0  0  1  0 -1  1
6	% 
 -1  0 1  0  0  1
  0 -1 0 -1 -1  0
  1  0 0  1  1  1
  0  0 0  0  0 -1
  0  0 0  0  1 -1
  0  0 0  1  0  1
2-1',2-1';1;1 1 5
1 
#1 
6	% 
 -1  1  0 -1  1  0
  0 -1  0  0 -1 -1
  0  0  0  0 -1  0
  1  0  0  0  0  0
  0 -1 -1  1 -1  0
  0  1  0  0  0  0
1,1;1,1;1;1 1 39
11 
#5 
6	% 
  0  1 -1  1  1 -1
 -1 -1  0 -1 -1  0
  1  0  0  1  1  0
  0 -1  0  0 -1  1
  0 -1  0 -1  0  0
  0 -1  1 -1 -1  0
6	% 
  0  1  1  1  1  1
 -1 -1  0 -1 -1  0
  1  0  0  1  1  0
  0 -1 -1  0 -1  0
  0 -1  0 -1  0  0
  0 -1  0 -1 -1 -1
6	% 
 -2  1  1  1  1  1
  1 -1 -1 -2 -1 -1
  0  0  1  2  1  1
  2 -1  0 -1 -1 -1
  1 -1 -1 -2  0 -1
  2 -1 -1  0 -1  0
6	% 
  1  1 -4  1 -1 -2
 -2 -1  3 -1  1  1
  1  0 -3  1 -1 -1
 -1 -1  2 -1  1  1
 -1 -1  3 -1  0  1
 -1 -1  2  0  1  1
6	% 
  0  0  3 -1  1 -1
 -1  1 -1  0 -3  0
  0 -1  1  0  1  0
  0  0 -2  1 -1  0
 -1  0 -1  0 -2  0
  0  0 -1  0 -1  1
1,1;1,1;1,1 1 12
1 
#1 
6	% 
 0 0  1 -1 0  0
 1 0 -1  1 1  0
 0 0  0  1 0  1
 0 0 -1  0 1  0
 0 0  0 -1 0  0
 0 1 -1  0 1 -1
1,1;1,1;1;1 1 37
1 
#1 
6	% 
 0  0 0  0 0 -1
 1  0 0  0 1  0
 0  0 0 -1 0  0
 1  0 0  0 0  0
 0  0 1  0 0  0
 1 -1 0  0 0  0
2-1',2-1';2-1 1 3
1 
#1 
6	% 
  3 1  0 -1 1  0
 -1 0 -1 -3 0 -1
  0 0  0  2 0  1
  1 1  0  0 0  0
  2 0  0  0 1  0
  0 0  1  1 0  0
1,1;1,1;1,1 1 7
1 
#1 
6	% 
  0 -1 0 -1 -1 0
  0  0 0  0  1 0
  2  0 0  1  1 1
 -1  0 0  0  0 0
  1  1 1  0  0 0
  0 -1 0  0  0 0
1,1;1,1;1;1 1 14
1 
#1 
6	% 
  0 -1  0  0 -1  0
  1  1  1  0  1  0
 -3  0 -2  0  1 -2
  2  0  1  0  0  1
 -4  1 -2  0  0 -2
  1 -1  1 -1 -1  0
1,1,1,1;1;1 1 5
1 
#1 
6	% 
  1 0  0 -1  0 0
  1 0  0  0  0 0
  1 0  0  0 -1 0
 -2 0 -1  0  0 0
  2 0  0  1  0 1
 -2 1  0  0  0 0
1,1,1;1,1;1 1 11
4 
#1 
6	% 
  0  2 -1  1  0 -1
 -1  1 -1  1 -1 -1
  1 -4  2 -2  1  2
 -1  2 -2 -1  1 -2
  0  0  0  1 -1  0
  0  1  0  0  0 -1
1,1,1;1,1;1 1 10
4 
#1 
6	% 
  0  1  0  0 -1  0
 -2  1 -1  0 -1 -1
  3 -3  1  0  3  1
  0  0  0 -1 -1  0
 -1  1 -1  1  0  0
  0  0 -1  1  0  1
2-1;1;1;1;1 1 41
1 
#1 
6	% 
 0  0 0  0 0 -1
 0  1 0  0 1  0
 0  0 1  0 0  0
 1 -1 0  0 0  0
 0  0 0 -1 0  0
 0  1 0  0 0  0
2-1;1;1;1;1 1 46
1 
#1 
6	% 
  0 0 0 0  0 -1
 -1 0 0 0 -1  0
  0 1 0 0  1  0
  0 0 0 1  0  0
  0 0 1 0  0  1
  1 0 0 0  0  0
2-1,2-1;2-1 3 4
1 
#1 
6	% 
 0  1  1  0  0  1
 1  0  0  1  0  1
 0  0 -1  1  0  1
 1 -1  0  1  0  0
 0 -1  0  0 -1 -1
 0  0  0 -1  1  0
2-1,2-1;2-1 1 4
1 
#1 
6	% 
 -1  0  0 0  0  0
  1 -1  0 0  0  0
  0  0  0 0 -1  0
  1  0  0 0  0 -1
  1  0 -1 1  0  0
  1  0  0 1  0  0
2-1,2-1,2-1 3 1
8 
#2 
6	% 
 -1  0  0 -1  0 -1
  0  1  0 -1  0  0
  0  1  1  0  0  1
  0 -1  0  1 -1  1
  1 -1  0  1 -1  1
  0 -1 -1  1  0 -1
6	% 
 0  0  1  0 -1  1
 0  1  1 -1  1  0
 0  1  0 -1  1 -1
 0 -1 -1  0  0 -1
 1  0  0  0  0  0
 0  0  0 -1  0  0
2-1;2-1;1;1 1 32
1 
#1 
6	% 
  1 0  0 0 1  0
  0 0 -1 0 0 -1
  0 0  1 0 0  0
  0 0  0 1 0  1
  0 1  0 0 0  0
 -1 0  0 0 0  0
2-1,2-1;1;1 3 6
1 
#1 
6	% 
  0 0 -1  1  0  0
  0 1  0  0  0  0
  0 0  0  0 -1  0
  0 0  0 -1  0 -1
 -1 1  0  0 -1  0
  0 0 -1  1  0  1
2-1,2-1;2-1 3 3
1 
#1 
6	% 
  0 0 0 1  0 0
 -1 0 0 0 -1 0
  0 0 0 1  0 1
  0 0 1 0  0 0
 -1 1 0 0  0 0
  1 0 0 0  0 0
2-1,2-1;1;1 1 8
1 
#1 
6	% 
 -2  2 -1 -2  1 -1
 -2  0 -1  1 -1 -1
  0 -1  0  0  0 -1
  1 -2  0  1  0  0
  0  1  1 -1  0  0
 -1  1  0  0 -1  0
2-1,2-1;1;1 3 7
1 
#1 
6	% 
  1 -1  0  0  0  0
  1  0 -1  1  0  0
  0  0  1 -1  0  0
 -1  1  1  0  0  1
  0  0  1 -1  0 -1
 -1  1  0  0 -1  0
2-1,2-1;1;1 1 5
1 
#1 
6	% 
  1  0  0 0  0 0
  0 -1  0 0  0 0
  0  0  0 1  0 1
  0  0  0 1  0 0
 -1  0  0 0 -1 0
  0  0 -1 1  0 0
2-1,2-1;1,1 1 3
1 
#1 
6	% 
  1  0  0  0  0  0
  0 -1 -1  1  0  1
  0  0  0  1  0  1
  0  0  0  1  0  0
 -1  0  1 -1 -1 -1
  0  0 -1  1  0  0
1;1;1;1;1;1 1 43
1 
#1 
6	% 
  1 -1  0 0  0  0
  0  0 -1 0  0 -1
  0  0  0 1  0  1
  0  0  0 0  0 -1
  0  0  0 0 -1  0
 -1  0  0 0  0  0
1;1;1;1;1;1 1 49
1 
#1 
6	% 
 0 0 0 -1 0  0
 0 0 0  0 1  0
 0 0 0  0 0 -1
 1 0 0  0 0  0
 0 1 0  0 0  0
 0 0 1  0 0  0
