#10

1,1,1;1;1;1 1 8
1 
#1 
6	% 
 1 0 0 0 0 0
 0 1 0 0 0 0
 0 0 1 0 0 0
 0 0 0 1 0 0
 0 0 0 0 1 0
 0 0 0 0 0 1
1,1,1,1,1,1 1 1
1 
#1 
6	% 
 1 0 0 0 0 0
 0 1 0 0 0 0
 0 0 1 0 0 0
 0 0 0 1 0 0
 0 0 0 0 1 0
 0 0 0 0 0 1
1,1,1;1,1,1 1 3
1 
#1 
6	% 
  1  1  1 0 -1 -1
  0 -1  0 1 -1  0
  1  1  1 0  1  0
 -1 -1 -1 0  0  0
 -1  1  0 0  1  1
  1  0  0 0 -1 -1
1,1,1,1,1;1 1 2
3 
#2 
6	% 
  0  0 -1  0  0  0
 -1  0  0  0  0  0
 -1  0 -1  0  0  1
 -1  0 -1  1  0  0
  1 -1  1 -1  0 -1
 -1  0 -1  1 -1  1
6	% 
  0 -1  1 -1  0  1
  1  0  0  0  0  0
  0 -1  1 -1 -1  1
  1  0  1  0  1 -1
 -1  1 -1  0  0  0
  1 -1  1 -1  0  0
1,1,1,1;1,1 1 2
1 
#1 
6	% 
  1  0 0 0  0  0
  1  1 1 0  1 -1
  1  0 0 0 -1  0
  0  0 0 1  0  0
 -1 -1 0 0  0  1
  1  1 1 0  0  0
1,1,1,1;1,1 1 3
2 
#1 
6	% 
  0  0  0 -1  0  0
 -1  0 -1  1  0  1
  0  0  0  0 -1  0
  0  0  0  0  0 -1
  0  0 -1  1  0  0
  0 -1  0  0  0  0
1,1,1;1,1;1 1 7
1 
#1 
6	% 
  0 -1  0 0 1  0
  2  0  1 0 0 -1
 -3  0 -2 0 0  2
  1  0  0 0 0 -1
  0  0  0 1 0  0
  0 -1  0 0 0  0
1,1,1;1,1;1 1 10
2 
#1 
6	% 
  2  1  2  0 -1 -2
  2  1  1  0 -1 -1
 -5 -3 -4  0  3  4
  1  0  1 -1 -1 -1
  1  1  0  1  0 -1
  0  0 -1  1  0 -1
1,1,1,1;1;1 1 5
2 
#1 
6	% 
  1  1  1 -1 -1 -1
  0  1  1 -2 -1 -1
  1  1  1 -1 -2 -1
 -1 -2 -1  1  2  2
  1  2  2 -2 -2 -1
 -1 -2 -1  1  1  1
1,1,1,1;1;1 1 4
1 
#1 
6	% 
  1 0  0  0 0  0
  0 1  0  0 0  0
 -3 0 -1  0 1  1
  2 0  1  0 0 -1
 -1 0  0 -1 0  1
 -1 0  0  0 0  1
