#11

2-2;1,1;1;1 1 16
1 
#1 
6	% 
 1 0 0 0 0 0
 0 1 0 0 0 0
 0 0 1 0 0 0
 0 0 0 1 0 0
 0 0 0 0 1 0
 0 0 0 0 0 1
1,1,1,1,1,1 1 1
1 
#1 
6	% 
 1 0 0 0 0 0
 0 1 0 0 0 0
 0 0 1 0 0 0
 0 0 0 1 0 0
 0 0 0 0 1 0
 0 0 0 0 0 1
1,1,1;1,1,1 1 4
3 
#1 
6	% 
  1  1  1 -1 0  2
  1  1  0 -1 0  0
 -1 -2 -1  1 0 -1
  1  1  1 -1 1  2
 -2 -1 -1  1 0 -1
  1  1  1  0 0  1
1,1,1,1,1;1 1 2
5 
#2 
6	% 
  0  0  0  1  0 -1
  0  0  1  0  0 -1
  1 -1  1  1  1  0
  0  0  0  0  1 -1
 -1  0 -1 -1 -1  1
  0 -1  1  1  1 -1
6	% 
  1 -1 -1 0  0  0
  1  0 -1 0 -1  0
  1 -1  0 0 -1  0
  2  0  0 1  0  1
 -2  1  0 0  1 -1
  2 -1 -1 1 -1  0
1,1,1,1;1,1 1 3
7 
#2 
6	% 
  1 0  1  1 -1  1
  2 1  1  1  0  1
  0 0 -1  0  0 -2
 -1 0  0 -1  0  0
  1 0  1  0  0  1
  0 0  0  1 -1 -1
6	% 
  0  0  1  2  1 1
 -1  1  1  0  0 1
 -1  0  0 -1 -1 0
  1 -1 -1  1  1 0
 -1  1  0  0  0 1
  0 -1  0  1  1 0
2-2;1,1,1,1 1 2
1 
#1 
6	% 
  1  0 2  1 -2 1
  1  0 0  0  0 0
  1  1 0  0  0 0
 -1 -1 0 -1  0 0
  1  1 1  0  0 1
 -1 -1 0  0  1 0
2-2;1,1;1,1 1 6
1 
#1 
6	% 
  0  1  0  0  0  0
  1  0  0  0  0  0
  0 -1 -1  1  1  0
  1 -1  0  0  1  0
 -1  1  0  1  0  0
  1  0  0 -1 -1 -1
1,1,1;1,1;1 1 12
9 
#2 
6	% 
 -1  1 -2 -2  2 -2
 -2  2 -2 -2  1 -2
  4 -4  5  5 -4  5
 -1  1 -1 -1  0 -2
  2 -2  3  2 -1  5
  0  1 -1 -1  1 -1
6	% 
 0  0  1  1  0  1
 0  0  1  1 -1  1
 1 -1 -3 -3  1 -3
 1  1  1  0 -1  0
 0 -1 -2 -1  1 -1
 0  0  0  1  0  0
2-2;1,1,1;1 1 5
2 
#1 
6	% 
 -1  1 -1 -1  1 -1
 -1  0 -1  0  1  0
  0 -1  1  0 -1  0
  1 -1  1  0 -2  0
  1 -1  2  0 -1  1
  1 -1  1  1 -1  0
1,1,1,1;1;1 1 5
7 
#2 
6	% 
  0  0  0 -1  0  0
 -1  1 -1 -1  1 -2
 -1  1  0 -1  1  0
  1 -2  1  2 -1  2
 -2  1 -1 -2  1 -2
  1 -1  1  1  0  1
6	% 
  1 -1  1  2  1  1
  1 -1  1  2  2  1
  1  0  1  2  1  1
 -1  1 -2 -3 -2 -1
  1 -1  1  4  3  2
  0  1 -1 -2 -1 -1
1,1,1;1;1;1 1 15
3 
#1 
6	% 
 0 1 0  0 -1  0
 0 0 0 -1  0 -1
 0 0 0 -1  0  0
 1 0 0  0  1  0
 0 0 1  0  0  1
 0 0 1  0 -1  0
