#14

4-3';2-2 1 1
1 
#1 
6	% 
 1 0 0 0 0 0
 0 1 0 0 0 0
 0 0 1 0 0 0
 0 0 0 1 0 0
 0 0 0 0 1 0
 0 0 0 0 0 1
1,1,1,1,1,1 1 1
1 
#1 
6	% 
 1 0 0 0 0 0
 0 1 0 0 0 0
 0 0 1 0 0 0
 0 0 0 1 0 0
 0 0 0 0 1 0
 0 0 0 0 0 1
1,1,1,1;1,1 1 3
10 
#2 
6	% 
  0  0 0 0  0 -1
  0 -1 0 1 -1 -1
  0  0 0 1  0  0
  1  1 1 1  1  1
 -1  0 0 0 -1 -1
  0  1 0 0  0  0
6	% 
  0  0  0  0 0  1
  0  1  0  1 1  2
 -1  0  0  0 0  0
  0  0  0 -1 0 -1
  0  1  0  0 0  1
 -1 -1 -1 -1 0  0
1,1,1,1,1;1 1 2
6 
#2 
6	% 
  0  0  1 1  0 1
  0 -1  0 0  0 0
 -1 -1  1 0  0 0
  0  0  1 0  0 1
  0  1 -1 0 -1 0
  0 -1  1 0 -1 1
6	% 
 0  1  0 -1  0  0
 0  1  0  0  0  0
 0  1 -1 -1  0  0
 1  2  1  1  2 -1
 0 -2  0  0 -1  0
 0  2  0  0  1 -1
1,1,1,1;1,1 1 1
1 
#1 
6	% 
  0 -1 -1 -1 0  0
 -1  0 -1 -1 0  0
 -1 -1  0 -1 0  0
  1  1  1  1 0  0
  0  0  0  0 0 -1
  0  0  0  0 1  1
1,1,1;1,1,1 1 4
30 
#2 
6	% 
 -1 -1 -1 -1 -1 -1
  0 -1 -1  0  0 -1
  1  1  1  0  0  2
 -1  0  0  0  1 -2
  1  1  0  0  0  2
  0  0  1  1  0 -1
6	% 
 -1  0 -1 -2 -1  0
 -1  0 -1 -2  0 -1
  2  0  1  3  1  1
 -1  1  0 -1 -1  1
  2 -1  1  2  1 -2
 -1  1  0 -1  0  1
2-2;1,1,1,1 1 1
1 
#1 
6	% 
  0  0  0  0 0 1
  0  0  0  0 1 0
  0 -1 -1 -1 0 0
 -1  0 -1 -1 0 0
 -1 -1  0 -1 0 0
  1  1  1  1 0 0
1,1;1,1;1,1 1 5
5 
#1 
6	% 
  0  0  0  0 1 0
  0  0  0  0 0 1
  1  0  1  2 0 0
 -1  0 -1 -1 0 0
  1 -1  0  1 0 0
 -1  0  0 -1 0 0
1,1,1;1,1;1 1 12
60 
#4 
6	% 
  0  2  0 -2  1 -2
  2  4  1 -2  2 -4
 -2 -7 -1  5 -4  8
  1  2  1 -1  1 -2
 -1 -3  0  3 -2  4
  0  1  0 -1  0 -1
6	% 
  0  0  0  0 0 -1
 -2  0 -1 -2 0 -2
  2  1  1  1 0  4
 -1 -1 -1 -2 0 -1
  1  1  1  1 0  2
  0  0  0  0 1 -1
6	% 
  2  2  2  2 0  3
  2  1  1  2 0  0
 -5 -4 -4 -5 0 -4
  1  1  0  1 0  0
 -2 -2 -2 -3 0 -2
  1  1  1  1 1  1
6	% 
 0 -2 -2 -2 -1  2
 0 -1  1 -1  0  0
 0  5  2  5  2 -4
 1  0  1  0  0  0
 0  3  1  2  1 -2
 0 -1 -1 -1  0  1
2-2;1,1;1,1 1 5
5 
#1 
6	% 
  0  0  0  0  0 1
  0  0  0  0 -1 1
  1  0  1  2  0 0
 -1  0 -1 -1  0 0
  1 -1  0  1  0 0
 -1  0  0 -1  0 0
4-3';1,1 1 1
1 
#1 
6	% 
  0  1  0  0 0 0
 -1 -1 -1 -1 0 0
  0  0  1  0 0 0
  1  0  0  0 0 0
  0  0  0  0 1 0
  0  0  0  0 0 1
1,1,1,1;1;1 1 3
3 
#1 
6	% 
  0 -1 -1 -1  0  0
 -1  0 -1 -1  0  0
 -1 -1  0 -1  0  0
  1  1  1  1  0  0
  0  0  0  0 -1  0
  0  0  0  0  1 -1
4-3';1;1 1 2
3 
#1 
6	% 
  0  1  0  0  0 0
 -1 -1 -1 -1  0 0
  0  0  1  0  0 0
  1  0  0  0  0 0
  0  0  0  0  1 0
  0  0  0  0 -1 1
1,1;1,1;1;1 1 34
15 
#1 
6	% 
  0  0 -1  0 0 0
 -1  0  0  0 0 0
  0  0  0  0 0 1
  0  0  0 -1 0 0
  0 -1  0  0 0 0
  0  0  0  0 1 0
