#24

2-2;1;1;1;1 1 17
1 
#1 
6	% 
 1 0 0 0 0 0
 0 1 0 0 0 0
 0 0 1 0 0 0
 0 0 0 1 0 0
 0 0 0 0 1 0
 0 0 0 0 0 1
1,1,1,1,1,1 1 1
1 
#1 
6	% 
 1 0 0 0 0 0
 0 1 0 0 0 0
 0 0 1 0 0 0
 0 0 0 1 0 0
 0 0 0 0 1 0
 0 0 0 0 0 1
1,1,1,1,1;1 1 2
6 
#2 
6	% 
  1  0  0  0  0  0
  0  0  1  0  0  0
  1  0  1 -1  0  0
  0 -1  0 -1 -1 -1
 -1  1 -1  1  0  1
  1 -1  1 -1 -1  0
6	% 
 -1  1 -1 -1 -1 -1
 -1  1  0 -1 -1 -1
 -1  1 -1  0 -1 -2
 -1  1 -1 -1 -1  0
  1 -2  1  0  2  2
 -2  1 -1 -1 -2 -2
1,1,1,1;1,1 1 2
6 
#2 
6	% 
  1  0 0  0  0  0
  0 -1 0 -1 -1  1
  1  0 0 -1  0  0
  0  0 1  0  1  1
 -1  1 0  1  0 -1
  1 -1 0 -1 -1  0
6	% 
  0  0  0 0 1  0
  0  0  0 0 0  1
 -1  1 -1 1 0 -1
  0 -1  0 0 0  0
  1  1  0 0 0  0
  0  2  0 1 0  0
1,1,1,1;1,1 1 3
9 
#1 
6	% 
  0  0  0 -1 -1 -1
  0  0  1  0  0  0
  0  0  0  1  0  1
  0 -1 -1  0  0  0
 -1  0  1 -1  0  0
  0  0  0 -1 -1  0
1,1,1;1,1,1 1 1
1 
#1 
6	% 
  0 -1  0 -1  0  0
 -1  0  0 -1  0  0
  1  1  0  1  0  0
  0  0  0  0 -1 -1
  0  0 -1  0  0 -1
  0  0  1  0  1  1
1,1,1;1,1,1 1 3
9 
#1 
6	% 
  0  0 1  0  0  0
 -1  1 0  0  1 -1
  1 -1 0  1  0  1
  0  1 0  0  0  0
  1 -1 0  1 -1  0
 -1  0 0 -1  0  0
2-2;1,1,1,1 1 2
1 
#1 
6	% 
  0  1  0  0  0  0
  0  0  0  1  0  0
 -1 -1 -1 -1 -1 -1
  1  0  0  0  1  1
 -1  0 -1  0  0 -1
  1  0  1  0  1  0
1,1,1;1,1;1 1 7
18 
#2 
6	% 
  0  0 0  0 1 1
 -1  1 0  1 0 0
  2 -2 1 -2 0 0
  0  1 0  1 0 0
  0 -1 0  0 0 0
  0  0 0  0 1 0
6	% 
 1 -1 0  1  0  0
 0  0 0  2 -1  1
 0  0 0 -3  2 -2
 0  0 0  1  0  1
 0  0 1  0  1  1
 1  0 0  1  0  0
1,1,1,1;1;1 1 5
9 
#1 
6	% 
  1  2 0  1  1  1
  1  0 1  1  1  1
  1  0 0  1  0  1
 -1 -1 0 -2 -1 -1
  2  0 0  1  1  1
 -1  0 0 -1 -1  0
1,1,1;1,1;1 1 4
6 
#2 
6	% 
  0 -1  0 -1  0  0
 -1  0  0 -1  0  0
  1  1  0  1  0  0
  0  0  0  0 -1  0
  0  0 -1  0 -1 -1
  0  0  0  0 -1  1
6	% 
  0  0  1  0 0 1
  0  0  1  0 0 0
  0  0 -1  0 1 0
  0 -1  0 -1 0 0
  0  0  0 -1 0 0
 -1 -1  0 -1 0 0
2-2;1,1,1;1 1 5
3 
#1 
6	% 
 0 0  0 -1  0  0
 0 1  0  0  0  0
 1 0  0  1  0  0
 0 0  0  1  0 -1
 0 0  0  1 -1  0
 0 0 -1  1  0  0
1,1,1,1;1;1 1 6
3 
#1 
6	% 
 0 0 0 0  1 -1
 0 0 1 0  0  0
 0 0 0 0  1  0
 1 0 0 0 -1  1
 0 0 0 1  1 -1
 0 1 0 0  0  0
1,1,1;1,1;1 1 11
18 
#1 
6	% 
  1 -1  2 -1  0  0
  2 -2  2 -2  1  1
 -4  4 -5  4 -1 -1
  1 -1  1  0  0  0
  1 -1  1 -1  1  0
  1  0  1  0  0  0
2-2;1,1,1;1 1 4
1 
#1 
6	% 
  0 -1 0 -1  0 0
 -1  0 0 -1  0 0
  1  1 0  1  0 0
  0  0 0  0  0 1
  0  0 0  0 -1 0
  0  0 1  0  0 0
1,1;1,1;1,1 1 4
9 
#1 
6	% 
 -1 2  0 -1  0  0
  0 0 -1  0 -1 -1
  0 0  1  0  0  1
  0 0  0  1  0  0
 -1 1  0  0  0  0
  0 0 -1  0 -1  0
1,1;1,1;1;1 1 8
9 
#1 
6	% 
 0 0 -1 0 -1 -1
 0 0  0 1  0  0
 0 1  0 0  0  0
 0 0  1 0  1  0
 0 0 -1 0  0 -1
 1 0  0 1  0  0
1,1,1;1;1;1 1 16
9 
#1 
6	% 
 0 0  1 0  0 0
 0 0  3 0 -1 0
 0 0 -3 0  0 1
 1 0  2 1  0 0
 0 0  2 1  0 0
 0 1  0 1  0 0
2-2;1,1;1,1 1 4
3 
#1 
6	% 
  1  2 0  1 0 0
  0 -1 0 -1 0 0
 -1  0 0  0 0 0
  0  0 0  0 0 1
  0  0 0  0 1 0
  0  0 1  0 0 0
1,1,1;1;1;1 1 14
1 
#1 
6	% 
  0  0  0  0 -1 -1
  0  0 -1  0  0 -1
  0  0  1  0  1  1
 -1  0  0 -1  0  0
  0  0  0  1  0  0
  0 -1  0 -1  0  0
1,1;1,1;1;1 1 26
9 
#1 
6	% 
  0  0 1  0  0 0
  0  0 0  0  0 1
  0  0 0  0 -1 0
 -1  0 0  0  0 0
  0  0 0 -1  0 0
  0 -1 0  0  0 0
1,1;1;1;1;1 1 38
3 
#1 
6	% 
 0 0 -1  0 -1 -1
 0 0  1  0  0  1
 0 0 -1  0 -1  0
 0 0  0 -1  0  0
 0 1  0  1  0  0
 1 0  0  1  0  0
2-2;1,1;1;1 1 11
3 
#1 
6	% 
 1 -1 0 2 0 0
 0  1 0 0 0 0
 1  0 0 1 0 0
 0  0 0 0 0 1
 0  0 0 0 1 0
 0  0 1 0 0 0
2-2;1,1;1;1 1 17
3 
#1 
6	% 
  0 -1  0 0  0  0
  0  0  0 1  0  0
 -1  1  0 1 -1  0
  1  0  0 0  0  0
 -1  1 -1 1  0  0
 -1  1  0 1  0 -1
