#8

1,1;1;1;1;1 1 55
1 
#1 
6	% 
 1 0 0 0 0 0
 0 1 0 0 0 0
 0 0 1 0 0 0
 0 0 0 1 0 0
 0 0 0 0 1 0
 0 0 0 0 0 1
1,1,1,1,1,1 1 1
1 
#1 
6	% 
 1 0 0 0 0 0
 0 1 0 0 0 0
 0 0 1 0 0 0
 0 0 0 1 0 0
 0 0 0 0 1 0
 0 0 0 0 0 1
1,1,1;1,1,1 1 3
3 
#1 
6	% 
 -1  0 -1 1 -1  1
  0  1 -1 0  1 -2
 -1 -1  0 0 -1  2
  1  0  0 0  1 -1
  1 -1  1 0 -1  1
 -1  0 -1 1  0  0
1,1,1,1,1;1 1 2
1 
#1 
6	% 
 -1  0 -1  0 -1 -1
 -1  0  0  0  0  0
 -1  0 -1 -1  0 -1
 -1  0  0 -1 -1 -1
  2 -1  0  2  0  2
 -2 -1 -1 -1 -1 -1
1,1,1,1;1,1 1 3
3 
#1 
6	% 
  1 0  1 1  1  1
  2 1  1 0  1  0
  0 0 -1 0  0 -1
 -1 0  0 0 -1  0
  1 0  1 0  0  0
  0 0  0 1  1  0
1,1;1,1;1;1 1 36
3 
#1 
6	% 
 1 0 1 -1  1 -1
 0 1 0  0  1 -1
 0 0 0  0 -1  0
 0 0 0  1  0  0
 0 0 1  0  0  0
 0 0 0  0  0  1
1,1,1;1,1;1 1 11
3 
#1 
6	% 
  0 0 -1  1 -1  1
 -2 0 -2  1 -1  2
  3 0  4 -3  3 -4
  0 0  0  1  0  1
 -1 0 -1  0 -1  1
  0 1  0  0  0  0
1,1,1;1;1;1 1 19
1 
#1 
6	% 
 1 0  0 0  0  0
 0 1  0 0  0  0
 0 0  0 0  0 -1
 0 0 -1 0  0  0
 0 0  0 1  0  0
 0 0  0 0 -1  0
