#32

1;1;1;1;1;1 1 34
1 
#1 
6	% 
 1 0 0 0 0 0
 0 1 0 0 0 0
 0 0 1 0 0 0
 0 0 0 1 0 0
 0 0 0 0 1 0
 0 0 0 0 0 1
1,1,1,1,1,1 1 1
1 
#1 
6	% 
 1 0 0 0 0 0
 0 1 0 0 0 0
 0 0 1 0 0 0
 0 0 0 1 0 0
 0 0 0 0 1 0
 0 0 0 0 0 1
1,1,1,1,1;1 1 2
6 
#3 
6	% 
  1  0 0 0 -1 0
  1  0 0 0  0 0
  1 -1 1 0 -1 0
  2  1 0 1  0 0
 -2  0 0 0  1 1
  2  0 0 1 -1 0
6	% 
  0  0  0  1 0 -1
 -1  0  0  1 1  0
 -1  0  0  1 0  0
 -2  0  0  2 0  1
  2  0 -1 -2 0  0
 -1 -1  0  1 0 -1
6	% 
 0 0 -1 -1  0  1
 0 0  0  0  0  1
 0 0 -1 -1  1  1
 0 0  0 -1  0  1
 0 1  1  1 -1 -2
 1 0 -2 -1  1  2
1,1,1,1;1,1 1 2
4 
#2 
6	% 
  1  0 1  1 -1  0
  1  0 0  0  0  0
  0  1 0  0  1  1
  0  0 0  2  0  1
 -1 -1 0 -2  0 -1
  1  1 0 -1  0  0
6	% 
  0 0  0 1  0  0
  0 0  0 0  1  0
 -1 1  1 0 -1 -1
 -1 0  0 0  0  0
  2 0 -1 0  0  0
  1 1  0 0  0  0
1,1,1,1;1,1 1 3
11 
#3 
6	% 
 -1  0  0  0  0  0
  2  0  0  1  1 -1
  2 -1 -1  0  0 -1
 -1  0  1  0 -1  1
  0  1  0  1  1  0
  0 -1 -1 -1  0  0
6	% 
 -1  1  0  0 -1 1
 -1  1 -2 -1  0 0
  1  0  0  0  1 0
  1 -1  1  1  0 0
 -1  1 -1  0  0 1
  0  1 -1  0 -1 0
6	% 
  0  0 0  0  0  1
  0  0 0  0 -1 -1
  0 -1 0 -1  0 -2
 -1  0 0  0  0  1
  0 -1 1  0  0 -1
  0 -1 0  0  0  1
1,1,1;1,1,1 1 3
9 
#2 
6	% 
  1  0  0  0  0  0
  0  0  0  1  0  0
  1 -1  0  0  0  1
 -2  0  0 -1  1  0
  0  0 -1  0  0  1
  2  0  0  0 -1 -1
6	% 
  0  0 -1 -1  1  0
  0  0  0  1  0  0
  0  1  0 -1  1  0
  0 -1  1  0 -1  0
  1  0 -1 -1 -1 -2
 -1  0  0 -1  1  1
1,1,1;1,1,1 1 2
1 
#1 
6	% 
  0 0  0  1  0  2
  0 0  0 -2 -1 -3
 -1 0  0  0  0  0
  0 1 -1  0  0  0
  1 0  1  1  0  1
  1 0  1  0  0  0
1,1,1,1;1;1 1 5
11 
#3 
6	% 
  0  0  0  0 -1  0
 -1  0  1  0 -2  1
 -1  2  0  1 -1  1
  1 -2 -1 -1  2 -1
 -1  2  1  2 -2  2
  0 -1 -1 -1  1 -1
6	% 
  1 0 0  0  0  0
  2 0 0  0 -1  0
  0 0 0 -1 -1  0
 -2 1 0  1  1  0
  1 0 1  0 -1  1
  0 0 0  0  1 -1
6	% 
 0  0  0  0 0  1
 0  0  0 -1 1  0
 0  0 -1 -2 0 -2
 1  0  0  2 0  1
 0  1 -1 -2 0 -1
 1 -1  0  1 0  1
1,1,1;1,1;1 1 11
42 
#6 
6	% 
  0  2  0  1  0  1
  1  1 -1  1  0 -1
 -1 -4  1 -3  0  0
  0  1  0  0  1  1
  1  0  0  1 -1 -1
  0  1  0  1  0  1
6	% 
  0  0  0  1  2 -1
 -1  1 -1  1  2 -1
  2 -2  2 -3 -5  3
  0 -1  0  0  1 -1
  0  2 -1  1  1  0
  0  0  0  1  1  0
6	% 
 -2  0  0 -1 0  1
 -1 -1  1 -1 0  1
  3  2 -2  3 0 -3
 -2  1  1  0 1  2
 -1  0  1  0 0  1
 -1  0  0  0 0  1
6	% 
 -1  1 -1 -3 0 -1
 -1  1 -1 -2 0 -2
  2 -2  2  6 0  3
 -1  0  0 -2 1  0
 -1  0  0 -1 0 -1
 -1  1  0 -1 0  0
6	% 
 -1  1  1  0  0  2
  0  0  0 -1 -2  1
  2 -2 -2  1  3 -5
  0  0  1  1  0  2
  0  0  0  0 -1  1
  0  1  0  0  0  1
6	% 
  1 -1  1  0  2  2
  0  0  0  1  0  1
 -2  2 -2 -2 -3 -5
  0  0  1  0  1  2
  0  0  0  1  0  0
  1  0  0  0  1  1
1,1,1,1;1;1 1 6
4 
#2 
6	% 
  0 0  1  1  0  0
  1 0  0  0  0  0
  1 1  1  1  0  1
 -1 0 -1 -1  0  1
  1 0  1  2 -1 -1
  0 0  0  0  1  1
6	% 
  0 0  0 1 0 0
  0 0  0 0 1 0
  0 0  0 0 0 1
  0 0 -1 0 0 0
  0 1  0 0 0 0
 -1 0  0 0 0 0
1,1,1;1,1;1 1 6
3 
#1 
6	% 
 -2 -2 0 -1 0 -1
 -1 -2 0 -1 0 -1
  3  3 1  2 0  2
 -1 -1 0  0 1 -1
  0  0 0  0 1  0
 -1 -1 0  0 0  0
1,1,1;1,1;1 1 7
12 
#3 
6	% 
  2 -2 -2 -1  2 -3
  1 -1 -1  0  2 -2
 -3  3  3  1 -3  5
  0  0 -1  0  1 -1
 -1  0  0  0  0  0
  1 -1 -1 -1  1 -2
6	% 
  3 -1 1 -3 0 -3
  4  0 0 -3 0 -3
 -7  0 0  5 0  5
  2  0 0 -1 0 -2
  0  0 0  1 1 -1
  2 -1 0 -2 0 -2
6	% 
  1 -1 -3 -2 0 -2
  0  0 -2 -1 0 -1
 -1  1  4  2 1  3
  0  0 -1 -2 0 -1
  0  0  0 -1 0  0
  1  0 -2 -1 0 -1
1,1,1;1,1;1 1 5
1 
#1 
6	% 
  0 0 0  1  0  1
  0 0 0  2  0  3
  0 0 0 -2 -1 -2
 -1 1 0  1  0  1
  1 0 0  0  0  0
 -1 1 1  1  0  1
1,1,1;1,1;1 1 9
2 
#1 
6	% 
 0 0  0 -1  0 -1
 0 0  0  0  1  1
 0 0  0  1 -1  1
 0 0 -1 -1  0 -1
 0 1 -3 -1  0 -1
 1 1 -1  0  0  0
1,1,1;1;1;1 1 16
12 
#3 
6	% 
  1  0 -1  0 -1 -1
  1  3 -2  2 -3 -1
 -2 -2  1 -2  3  1
  1  2 -1  2 -2  0
  1  2 -1  1 -2  0
  0  0  0  0  0  1
6	% 
 -1  0  0  0  0  0
  0 -1  0  0 -1 -1
  1  0 -1 -1  1  0
  0  0  0  1 -1  0
  0  0  0  0 -1  0
  0  0  0  0  0  1
6	% 
  0  0  0  0  1  0
  2 -2 -2 -1  1 -2
 -2  2  2  2 -1  3
  2 -1 -2 -1  1 -2
  2 -2 -1 -1  1 -2
  1  0  0  0  0  0
1,1;1,1;1;1 1 38
6 
#1 
6	% 
 -2  1 -1 -1  2 1
 -1  2 -2 -1  2 1
  1  0  1  1 -1 0
  1 -1  1  1 -1 0
 -1  1 -1  0  1 1
  0  0  0  0  0 1
1,1;1,1;1,1 1 9
6 
#1 
6	% 
 0  0  0 -1  0  0
 1  1  0  1 -1  0
 0  2 -1  0  1  1
 0  1  0  0  1  1
 0  0  0  1  1  1
 0 -1  0 -2  0 -1
1,1,1;1;1;1 1 18
1 
#1 
6	% 
  1  0 0  0  0  0
  1  1 1  1  0  1
 -2 -2 0 -1  0 -1
  1  1 0  1  0  1
  1  1 0  1 -1  0
  1  1 0  1  0  0
1,1;1,1;1;1 1 26
6 
#2 
6	% 
 -1  0  0  0  0  0
  3 -1 -2 -1 -1 -2
  0 -2 -1 -1 -1 -2
 -1  1  1  0  1  2
  1 -1 -1 -1 -1 -2
  0  0  0  0  0  1
6	% 
  0  0  0  0  0 -1
 -2  2  2  1  1  3
 -2  2  2  2  1  2
  1 -2 -1 -1 -1 -2
 -2  2  1  1  1  2
  0 -1  1  0  0  0
1,1;1,1;1,1 1 4
3 
#1 
6	% 
 -2  1 -1  0  0  0
  0  0  0 -2  0 -1
  1 -1 -1  0 -1 -1
  1  0  1  0  1  1
 -2  1  0  0  1  1
  1 -1 -1 -1 -1 -2
1,1,1;1;1;1 1 17
6 
#1 
6	% 
 0  0  0  0 1  0
 0  1 -1  1 0 -1
 1 -1  0 -1 0  0
 0  0  0 -1 0  0
 0  1 -1  1 0  0
 0  0  1  0 0  1
1,1;1,1;1;1 1 37
18 
#2 
6	% 
 -1  1 -1  2  0 -1
 -1  1  0  1  0  0
  2  0  0 -1 -1  1
 -1  0  0  0  1  0
 -1 -1  1  0  1  1
 -1  0  1  0  1  1
6	% 
  1 -1  1 -2  0  1
  0 -1  1 -1  0  1
  0  0 -2  1 -1 -3
  0  0  1 -1  1  2
 -1  1  1  0  1  1
 -1  0  1  0  1  1
1,1;1,1;1,1 1 12
6 
#1 
6	% 
 -1  0 0 -1 1  1
  0 -1 1  1 0 -1
  0  0 1  0 0 -1
  0  0 1  0 0 -2
  0 -1 0  0 1  1
 -1  0 1 -1 0 -1
1,1;1,1;1;1 1 12
3 
#1 
6	% 
  0  0  0 0  1  0
 -1  0  0 0  0  0
  0  0 -1 0  1 -1
  1 -1  0 0  0  0
  0  0  0 1  1  0
  0  0  0 0 -1  1
1,1;1,1;1;1 1 24
6 
#1 
6	% 
  0  0  0 -1 -1  1
 -1  0  0  0  0  0
  0 -1  1  0  0  0
  0  0 -1 -1  0 -1
  0  0 -1  0  1 -1
  0  0  0  0 -1  1
1,1;1,1;1;1 1 27
6 
#1 
6	% 
  0  0  0  0 1  0
  0  1 -1 -2 0 -2
  2 -2  1  6 0  6
  1 -1  1  4 0  5
 -1  2 -2 -7 0 -6
  1 -1  2  7 0  7
1,1,1;1;1;1 1 12
1 
#1 
6	% 
 0  0  0  0 -1  0
 0  0  0  2  0  3
 1  0 -1 -1  0 -1
 1 -1  0  0  0  0
 0 -1  1  0  0  0
 1  0  0  0  0  0
1,1;1;1;1;1 1 51
2 
#1 
6	% 
  0  1 -1  0 0  0
 -1  0  0  0 0  0
  0  1  0  1 0  1
  0  1  0  0 1  1
  0  1  0  0 0  1
  0 -2  0 -1 0 -1
1,1;1;1;1;1 1 52
6 
#1 
6	% 
  1  1 -1 -1  0  1
 -1 -1  1  2  0 -2
  0 -1  0  0  0 -1
 -1 -1  1  2 -1 -2
 -1 -1  1  1  0 -2
  1  0  0 -1  0  1
1,1;1;1;1;1 1 50
3 
#1 
6	% 
 0 0  0  0 -1 -1
 0 1 -1  0  0  0
 0 0  0 -1  1  1
 1 0 -1  0  0 -1
 0 0 -1  0  0 -1
 0 0  0  0  0 -1
1,1;1;1;1;1 1 39
3 
#1 
6	% 
 0  0 0  0  1  0
 1  0 0  0  0  0
 0  0 0 -1 -1  0
 0  0 1  0 -1  1
 0 -1 0  0  1 -1
 0  0 0  0 -1  1
1,1;1;1;1;1 1 43
1 
#1 
6	% 
 -2 1 -1  0 0  0
  0 0  1  0 0  0
 -1 1  0  0 0  0
  0 0  0  0 1  1
  0 0  0  0 0  1
  0 0  0 -1 0 -1
