#71

3;1;1;1 2 10
1 
#1 
6	% 
 1 0 0 0 0 0
 0 1 0 0 0 0
 0 0 1 0 0 0
 0 0 0 1 0 0
 0 0 0 0 1 0
 0 0 0 0 0 1
1,1,1,1,1,1 1 1
1 
#1 
6	% 
 1 0 0 0 0 0
 0 1 0 0 0 0
 0 0 1 0 0 0
 0 0 0 1 0 0
 0 0 0 0 1 0
 0 0 0 0 0 1
2-1;1,1,1,1 1 1
3 
#1 
6	% 
  0 1 0  0  0  0
  0 0 1  0  0  0
  0 0 0 -1 -1 -1
 -1 0 0  0 -1 -1
 -1 0 0 -1  0 -1
  1 0 0  1  1  1
1,1,1,1,1;1 1 2
9 
#2 
6	% 
  1 -1  1  1 1  1
  0 -1  0  0 0  0
  0 -1  1  0 0 -1
  1  0  1  1 1  0
 -1  1 -1 -1 0  1
  1 -1  1  0 1  0
6	% 
  1  1  1  0  1  1
  1  1  1  1  0  1
  1  1  1  1  1  1
  1  1  1  0  0  2
 -1 -2 -1 -1 -1 -2
  1  1  2  1  1  2
1,1,1;1,1,1 1 1
1 
#1 
6	% 
  0 -1 -1  0  0  0
 -1  0 -1  0  0  0
  1  1  1  0  0  0
  0  0  0  0 -1 -1
  0  0  0 -1  0 -1
  0  0  0  1  1  1
1,1,1,1;1,1 1 1
3 
#1 
6	% 
  0 0  0 -1 -1 -1
 -1 0  0  0 -1 -1
 -1 0  0 -1  0 -1
  1 0  0  1  1  1
  0 0 -1  0  0  0
  0 1  1  0  0  0
2-1;1,1,1;1 1 4
9 
#1 
6	% 
  0 1 0  0  0 0
  0 0 1  0  0 0
 -1 0 0 -1 -1 1
 -2 0 0 -1 -1 0
  1 0 0  0  1 0
 -1 0 0 -1  0 1
1,1,1,1,1;1 1 1
3 
#1 
6	% 
  0 0  0  0 -1  0
 -1 0 -1  0 -1 -1
 -1 0  0 -1 -1 -1
  0 0 -1 -1  0 -1
  1 0  1  1  1  1
  0 1  0  0  0  0
2-1;1,1,1;1 1 1
3 
#1 
6	% 
 0 0 1 0  0  0
 0 1 0 0  0  0
 0 0 0 1  0  1
 0 0 0 0 -1  0
 0 0 0 0  0 -1
 1 0 0 0  0  0
1,1,1,1;1,1 1 2
18 
#3 
6	% 
  1  0  0  0  0  0
  1  0 -1  0  0  0
  0 -1 -1 -1 -1 -1
  0  0  0  0  1  0
 -1  1  1  1  1  0
  1 -1 -1  0  0 -1
6	% 
 0  0 0  0 1  0
 0  0 0  0 0  1
 0 -1 1 -1 0 -1
 1  0 0  0 0  0
 0  1 0  0 0  0
 0  0 1  0 0  0
6	% 
  1 0  0  0  0  1
  0 0 -1 -1 -1  2
  1 0 -1  0  0 -1
  0 1  0  1 -1 -1
 -1 0  1  0  1 -1
  1 0 -1 -1  0  2
1,1,1,1;1,1 1 3
18 
#1 
6	% 
 1  1  1 1  1  1
 0  1  1 0  0  3
 0 -1  0 0 -1 -1
 0  0 -1 0  0 -2
 0  1  0 0  0  2
 0  0  1 1  0  0
1,1,1;1,1,1 1 2
9 
#1 
6	% 
  0  0  0  0  0 -1
  1  0  0  1  1 -1
  0  0 -1  0  0  0
  0 -1 -1 -1  1  1
 -1  1  1  0 -1  0
  1  1  1  1  0 -1
2-1;1,1;1,1 1 3
9 
#1 
6	% 
  0 1 0  0  0  0
  0 0 1  0  0  0
 -1 0 0 -1 -1 -1
  0 0 0  0  1  0
  1 0 0  1  1  0
 -1 0 0  0  0 -1
1,1,1;1,1,1 1 3
18 
#1 
6	% 
  0 -1  1  0 -1  0
 -1  0  0  0  0  0
  0  0  0 -1 -1  0
  0  0 -1  0  0  0
  0  0  0  0  0 -1
  0 -1  0  0  0  0
2-2;1,1,1,1 1 2
4 
#1 
6	% 
  1  1  1  1 0  0
  0  0  0  0 0 -1
  1  1  1  1 1  0
 -1 -1  0 -1 0  1
  1  0  1  1 0 -1
  0 -1 -1 -1 0  1
1,1,1,1;1;1 1 2
15 
#2 
6	% 
 0  1  1  1  1  1
 0  1  1  1  1  0
 0  1  0  1  1  2
 1  0  0  0  0  0
 0 -1 -1 -2 -1 -1
 0  1  1  1  2  2
6	% 
 0  0 0 1 0 0
 0  0 0 0 1 0
 0  0 0 0 0 1
 1  0 0 0 0 0
 0  0 1 0 0 0
 0 -1 0 0 0 0
1,1,1;1,1;1 1 6
18 
#1 
6	% 
 0  2  2  1  1  1
 0  1  1  0  0  0
 0 -2 -3 -1 -1 -1
 1  1  1  1  1  0
 1  0  0  0  0  0
 0  1  1  1  0  0
1,1,1;1,1;1 1 2
9 
#1 
6	% 
 0 0 0 -1 -1 -1
 1 0 0  0  0  0
 0 0 0  1  1  0
 0 1 0  0  0  0
 0 0 1  0  0  0
 0 0 0  0 -1 -1
1,1,1;1,1;1 1 7
54 
#3 
6	% 
 0  0  0 -1 -1  3
 0  1  1  0  0  2
 0 -2 -2  0  0 -5
 1  1  0  0  0  1
 1  0  0  0  0  0
 0  0  0 -1  0  2
6	% 
 0  1  1  0  0  0
 0  2  2  1  1  1
 0 -4 -4 -3 -2 -2
 1  1  1  1  1  0
 1  0  0  0  0  0
 0  1  0  0  0  0
6	% 
  0 -1 -1  0  0  0
  2  0  0  1  1 -1
 -3  0  0 -2 -2  2
  1  0  0  2  1  0
  0  0  0  2  1  1
  0 -1  0  0  0  0
1,1,1;1,1;1 1 11
36 
#1 
6	% 
 -2  0  0 -1 -1  1
  0  1 -1 -1 -1  1
  3 -2  2  3  3 -3
 -1  0  0 -1 -1  0
  0  1  0  0  0  1
 -1  0  0  0 -1  0
1,1,1,1;1;1 1 5
18 
#1 
6	% 
 1  1 -1  1  1  1
 0  1 -1  1  1  0
 0  1 -1  0  1  2
 0 -1  2 -1 -1 -2
 0  2 -1  1  1  2
 0 -1  1 -1  0 -1
2-2;1,1,1;1 1 5
12 
#1 
6	% 
 0 0  0  0 0 -1
 0 0  0 -1 0  1
 0 0  0  0 1  0
 0 0 -1  1 1  0
 0 1  0  1 1  0
 1 0  0  1 1  0
1,1,1;1,1;1 1 4
9 
#2 
6	% 
  0 -1 -1  0  0  0
 -1  0 -1  0  0  0
  1  1  1  0  0  0
  0  0  0 -1  0 -1
  0  0  0 -1 -1 -2
  0  0  0 -1  1  1
6	% 
  0  0  0  1 0 1
  0  0  0  1 0 0
  0  0  0 -1 1 0
  0 -1  0  0 0 0
 -1 -1 -1  0 0 0
  0 -1  1  0 0 0
1,1,1,1;1;1 1 6
3 
#1 
6	% 
  1  0  0 0 0 0
  0  1  0 0 0 0
  0  0  1 0 0 0
 -1 -1 -1 0 0 1
  1  1  1 0 1 0
  0  0  0 1 0 0
1,1,1;1,1;1 1 9
18 
#1 
6	% 
  2  0 0  1 1 -1
  1  0 0  0 0  0
 -3  0 0 -1 0  1
  1  0 0  0 0 -1
  0  0 1  1 1  1
  0 -1 1  0 0  0
1,1,1,1;1;1 1 3
3 
#1 
6	% 
  0 0 0 -1 -1 -1
 -1 0 0  0 -1 -1
 -1 0 0 -1  0 -1
  1 0 0  1  1  1
  0 0 1  0  0  0
  0 1 0  0  0  0
1,1;1,1;1;1 1 2
9 
#1 
6	% 
 0 0  0 1  1  2
 0 0 -1 0  0  0
 0 1  1 0  0  0
 1 0  0 0  0  0
 0 0  0 0 -1 -2
 0 0  0 1  0  1
1,1,1;1,1;1 1 1
3 
#1 
6	% 
 0 0  0  1 0 1
 0 0  0  1 0 0
 0 0  0 -1 1 0
 0 0 -1  0 0 0
 0 1  1  0 0 0
 1 0  0  0 0 0
1,1;1,1;1;1 1 8
18 
#1 
6	% 
 -1 -1 1 0  0  0
  0  0 0 1  1 -2
  0  0 0 0 -1  1
  1  1 0 0  0  0
 -1  0 1 0  0  0
  0  0 0 1  0 -2
2-2;1,1,1;1 1 4
4 
#1 
6	% 
  0 0 0  0  1  0
  0 0 0  0  1  1
  0 0 0 -1 -1 -1
  0 0 1  0  0  0
  0 1 0  0  0  0
 -1 0 0  0  0  0
1,1,1;1;1;1 1 1
1 
#1 
6	% 
 0 0 0  0 1  1
 0 0 0 -1 0  0
 0 0 0  0 0 -1
 1 0 0  0 0  0
 0 1 0  0 0  0
 0 0 1  0 0  0
1,1,1;1;1;1 1 5
3 
#1 
6	% 
 0 0 0  0 1  1
 0 0 0 -1 0  0
 0 0 0  0 0 -1
 1 0 0  0 0  0
 0 0 1  0 0  0
 0 1 0  0 0  0
1,1;1,1;1;1 1 19
9 
#1 
6	% 
 -1 0 0 -1 -1  1
  0 0 0 -2 -1 -1
  1 0 0  1  1  0
  0 0 1  0  0  0
 -1 0 0  0  0  1
  0 1 0  0  0  0
1,1;1,1;1;1 1 7
9 
#1 
6	% 
 -1 0 0 -1 -1  1
  0 0 0 -2 -1 -1
  0 1 0  0  0  0
  0 0 1  0  0  0
  1 0 0  1  1  0
 -1 0 0  0  0  1
1,1;1,1;1,1 1 2
9 
#1 
6	% 
 -1 0  0 -1 -1  1
  0 0 -1  0  0  0
  0 1  1  0  0  0
  0 0  0 -2 -1 -1
  1 0  0  1  1  0
 -1 0  0  0  0  1
1,1,1;1;1;1 1 10
9 
#1 
6	% 
 -1 0  0 -1 -2  1
  0 0  0  0  1  0
  1 0  0  0  0 -1
  0 0 -1  0  0  0
  0 1  0  0  0  0
 -1 0  0 -1 -1  0
1,1,1;1;1;1 1 2
9 
#1 
6	% 
 -1 0 0  0  1  0
 -1 0 0 -1 -1  1
  0 1 0  0  0  0
  0 0 1  0  0  0
  1 0 0  0  0 -1
 -1 0 0 -1 -1  0
1,1,1,1;1;1 1 1
3 
#1 
6	% 
  0 0 0 -1 -1 -1
 -1 0 0  0 -1 -1
 -1 0 0 -1  0 -1
  1 0 0  1  1  1
  0 1 0  0  0  0
  0 0 1  0  0  0
2-1;1,1;1;1 1 4
9 
#1 
6	% 
 0 0 1 0  0  0
 0 1 0 0  0  0
 0 0 0 0  0 -1
 1 0 0 0  0  0
 0 0 0 1  0  0
 0 0 0 0 -1 -1
2-1;1,1;1;1 1 20
9 
#1 
6	% 
  0 0 1 0 0 0
  0 1 0 0 0 0
  1 0 0 0 0 0
 -1 0 0 0 0 1
  1 0 0 0 1 0
  0 0 0 1 0 0
1,1,1;1,1;1 1 3
27 
#2 
6	% 
 0 0  2  1  1  1
 0 0  1  0  0  0
 0 0 -2 -2 -1 -1
 1 0  1  1  1  0
 1 0  0  0  0  0
 0 1  0  0  0  0
6	% 
 0 0  2  1  1 -1
 0 0  1  0  0  0
 1 0 -3 -1 -1  1
 0 0  1 -1  0 -1
 0 0  0 -2 -1 -1
 0 1  0  0  0  0
1,1,1;1,1;1 1 8
18 
#1 
6	% 
  0 0  0  1  1  1
 -1 0  1  1  1  1
  2 0 -2 -3 -2 -2
  1 0  1  1  1  0
 -1 0  0  0  0  1
  0 1  0  0  0  0
3;1,1,1 2 1
1 
#1 
6	% 
 0 0 1  0  0  0
 0 1 0  0  0  0
 1 0 0  0  0  0
 0 0 0  0 -1 -1
 0 0 0 -1  0 -1
 0 0 0  1  1  1
1,1,1;1;1;1 1 11
9 
#1 
6	% 
 0 1  0  0  0 0
 0 0 -1  0  0 0
 1 0  0  0  0 0
 0 0  0 -1  0 1
 0 0 -1 -1 -1 0
 0 0 -1 -1  0 0
1,1;1,1;1;1 1 11
9 
#1 
6	% 
 1  0 0  1  1 1
 0 -1 0  0  0 0
 0  1 1  0  0 0
 0  0 0 -1 -1 0
 0  0 0  0  1 1
 0  0 0  0 -1 0
1,1;1,1;1,1 1 4
18 
#1 
6	% 
 -1 -1 1 0 0  0
  0  0 0 1 2 -1
  0  0 0 0 0  1
  1  1 0 0 0  0
 -1  0 1 0 0  0
  0  0 0 1 1  0
1,1;1,1;1;1 1 26
18 
#1 
6	% 
 1  0  0 0  0  0
 0  2  1 1  1  1
 0  1  2 1  1  1
 0 -1 -1 0 -1 -1
 0  1  1 1  1  0
 0  0  0 0 -1  0
1,1,1;1;1;1 1 16
18 
#1 
6	% 
  1  1 -1  1  1  1
  1  1 -2  2  2  2
 -1 -2  1 -2 -2 -2
  1  1 -1  2  2  1
  1  1 -1  2  1  1
  0  0  0  1  0 -1
2-2;1,1;1,1 1 4
12 
#1 
6	% 
 0 0  0  1  2 -1
 0 0  0  0 -1  1
 0 0  0 -1 -2  0
 0 0 -1  0  0  0
 0 1  0  0  0  0
 1 0  0  0  0  0
1,1,1;1;1;1 1 14
1 
#1 
6	% 
  0 -1 -1 0 0 0
 -1  0 -1 0 0 0
  1  1  1 0 0 0
  0  0  0 0 0 1
  0  0  0 0 1 0
  0  0  0 1 0 0
1,1,1;1;1;1 1 7
18 
#1 
6	% 
 0  1  1 1  1  0
 1  0  0 0  0  0
 0  0  1 0  0  1
 0 -1 -1 0 -1 -2
 0 -1  0 0  0 -1
 0  1  1 1  0  1
1,1;1,1;1;1 1 24
36 
#1 
6	% 
 1  0  0  1  1 -1
 0 -1 -2 -1 -1 -1
 0  2  1  1  1  1
 0  1  1  0  1  1
 0  1  1  0  0  1
 0  0  0  1  0 -1
1,1;1,1;1,1 1 9
18 
#1 
6	% 
  1 0 0 0  0  0
  0 1 0 0  1  1
  0 0 1 1  0  0
  0 0 0 1  0  0
 -1 0 0 0 -1  0
  1 0 0 0  0 -1
1,1;1,1;1;1 1 16
18 
#1 
6	% 
 0 0 0 -1  0  0
 1 0 0  0  0  0
 0 1 0  1  1 -1
 0 0 0  1  0  1
 0 0 1 -1 -1  1
 0 0 0 -2 -1  0
1,1;1,1;1;1 1 18
18 
#1 
6	% 
 0 0  1 0 0 0
 1 0  0 0 0 0
 0 1  0 0 0 0
 0 0  0 0 0 1
 0 0  1 1 0 0
 0 0 -1 0 1 0
2-1;1;1;1;1 1 16
3 
#1 
6	% 
 0 1 0 0 0  0
 0 0 1 0 0  0
 1 0 0 0 0  0
 0 0 0 0 1  0
 0 0 0 1 0  0
 0 0 0 0 0 -1
1,1;1,1;1,1 1 8
6 
#1 
6	% 
 1 0  0  0  0  0
 0 1  0  0  0  0
 0 0 -1 -1 -1 -1
 0 0  1  0  1  1
 0 0  1  0  0  1
 0 0  0  1  0 -1
1,1;1,1;1;1 1 33
18 
#1 
6	% 
  0 1  0  0  0 0
 -1 0  0  0  0 0
  0 0  1  0  0 0
  1 0  1  0  1 0
 -1 0  1  0  1 1
  0 0 -2 -1 -1 0
1,1;1;1;1;1 1 24
9 
#1 
6	% 
 0 1 0  1  1  1
 1 0 0  0  0  0
 0 0 1  0  0  0
 0 0 0 -1  0  1
 0 0 0  0 -1 -1
 0 0 0  0  0  1
1,1;1;1;1;1 1 35
18 
#1 
6	% 
 1 0 0  0  0  0
 0 0 1 -1 -1 -1
 0 1 0  1  1  1
 0 0 0 -1  0  1
 0 0 0 -1  0  0
 0 0 0 -1 -1  0
1,1;1;1;1;1 1 26
3 
#1 
6	% 
 0 1 0 0  0 0
 0 0 1 0  0 0
 1 0 0 0  0 0
 0 0 0 0  0 1
 0 0 0 1  0 0
 0 0 0 0 -1 0
1,1;1;1;1;1 1 2
3 
#1 
6	% 
 0 0 0  0 0 1
 1 0 0  0 0 0
 0 1 0  0 0 0
 0 0 1  0 0 0
 0 0 0  0 1 0
 0 0 0 -1 0 1
1,1;1;1;1;1 1 9
9 
#1 
6	% 
 0 0 0 -1 -1 2
 1 0 0  0  0 0
 0 0 1  0  0 0
 0 0 0  0  1 0
 0 1 0  0  0 0
 0 0 0 -1  0 1
1,1;1;1;1;1 1 40
9 
#1 
6	% 
 1 0 0 0 0  0
 0 0 1 0 0  0
 0 1 0 0 0  0
 1 0 0 1 0 -1
 1 0 0 1 1  0
 0 0 0 1 0  0
2-2;1,1;1;1 1 11
12 
#1 
6	% 
  0  0 0  0 0 1
  0  0 0  0 1 0
  0  0 0 -1 0 1
  0  0 1  0 0 0
  0 -1 0  0 0 0
 -1  0 0  0 0 0
2-2;1,1;1;1 1 17
12 
#1 
6	% 
 0 0  0 0 -1 -1
 0 0  0 0 -1  0
 0 1  0 0  0  0
 0 0  0 1  1  0
 1 0  0 0  0  0
 0 0 -1 0  0  0
1,1;1;1;1;1 1 38
6 
#1 
6	% 
 -1 -1  1  0 0 0
  1  0 -1  0 0 0
 -1 -1  0  0 0 0
  0  0  0 -1 0 1
  0  0  0  1 0 0
  0  0  0  1 1 0
3;1,1;1 2 4
3 
#1 
6	% 
 0 0 1  0 0 0
 0 1 0  0 0 0
 1 0 0  0 0 0
 0 0 0  0 0 1
 0 0 0  0 1 0
 0 0 0 -1 0 1
1;1;1;1;1;1 1 24
3 
#1 
6	% 
 1 0 0  0 0  0
 0 0 1  0 0  0
 0 1 0  0 0  0
 0 0 0  0 0 -1
 0 0 0  0 1  0
 0 0 0 -1 0  0
1;1;1;1;1;1 1 17
1 
#1 
6	% 
 1 0 0  0  0 0
 0 1 0  0  0 0
 0 0 1  0  0 0
 0 0 0  0  0 1
 0 0 0 -1  0 0
 0 0 0  0 -1 0
2-2;1;1;1;1 1 17
4 
#1 
6	% 
  0  0 0  0  0 -1
  0  0 0  0 -1 -1
  0  0 1  0  0  0
  0  0 0 -1  0  1
  0 -1 0  0  0  0
 -1  0 0  0  0  0
