#27

2-1;1;1;1;1 1 24
1 
#1 
6	% 
 1 0 0 0 0 0
 0 1 0 0 0 0
 0 0 1 0 0 0
 0 0 0 1 0 0
 0 0 0 0 1 0
 0 0 0 0 0 1
1,1,1,1,1,1 1 1
1 
#1 
6	% 
 1 0 0 0 0 0
 0 1 0 0 0 0
 0 0 1 0 0 0
 0 0 0 1 0 0
 0 0 0 0 1 0
 0 0 0 0 0 1
1,1,1,1;1,1 1 3
10 
#4 
6	% 
  2  0 -1  1 -1  1
 -1 -1 -1 -1 -1 -1
 -1  0  1  0  0  0
  0  0  0 -1  1 -2
  0  0 -1 -1  0 -1
  1  0  0  1 -1  2
6	% 
  2  0 -1  1  1 -1
 -1 -1 -1 -1 -1 -1
 -1  0  1  0  0  0
  0  0  0 -1 -2  1
  0  0 -1 -1 -1  0
  1  0  0  1  2 -1
6	% 
  0  0 1  1  1  1
 -1 -1 0  1  0  0
  0  1 0  0  0  0
  1  0 0 -1 -1 -1
  0 -1 1  0  0  1
 -1  0 0  0  0  0
6	% 
 0  0  0  1  0  1
 1 -1  0  1  0  1
 0 -1  0  0  1  2
 0  0 -1 -1  0 -3
 0  0  0  1 -1  0
 0  1  1  0  0  2
1,1,1,1,1;1 1 2
4 
#2 
6	% 
  1 -1  0 -1  0 1
  0 -1  0  0  0 0
  1  0  0 -1  0 0
  0 -1 -1 -2 -1 0
 -1  1  0  2  1 0
  1 -1 -1 -1  0 0
6	% 
  0 0  0  1  0 -1
  0 0  1  0  0 -1
  1 1  1  1  1  0
  0 0  0  0  1 -1
 -1 0 -1 -1 -1  1
  0 1  1  1  1 -1
2-1;1,1,1;1 1 8
2 
#1 
6	% 
  1  1 -1  1 -1 -1
 -2  0  0 -1  0  0
  0 -1  1 -1  1  0
  0 -1  1 -1  0  1
  0  1  0  0 -1 -1
  0  1 -1  0 -1 -1
1,1,1;1,1,1 1 3
8 
#3 
6	% 
  0 0  0  0  0  1
  0 0  1  1 -1  2
  0 0  0 -1  1 -2
  0 1  0  1  0  1
  0 0 -1 -1  0 -1
 -1 0  0  0  0  0
6	% 
 -1 -1 0 -1 0 0
  0  0 0 -1 0 1
  0 -1 0  1 1 0
  0  1 0  1 0 0
  0  1 1  1 0 0
  0 -1 0  0 0 0
6	% 
 -1 -1  0 -1 -2  0
  2 -2  1  1  2 -1
 -1  1  0  0  0  1
  1  0  0  0  0  0
 -1  1 -1  0 -1  0
  0 -1  0 -1 -1  0
1,1,1,1;1,1 1 2
1 
#1 
6	% 
  0 0  1  1  1  1
  0 0  1  1  0  1
  0 0  1 -1  1  0
 -1 1  0  0  0  0
  1 0 -1  0 -1 -1
  1 0  1  1  1  1
2-1;1,1;1,1 1 9
2 
#1 
6	% 
 -1 -1  1 -1 1  1
 -1  1  1  0 1 -1
  1  0 -1  1 0  0
  0  1  0  1 0  0
  0 -1  0  0 0  1
 -1  0  0  0 1  0
1,1,1;1;1;1 1 19
4 
#2 
6	% 
  3 -1  0  1  0  0
  2  0  0  1  0  0
 -2  1  0 -1  0 -1
  2 -1 -1  1  0  0
  2 -1  0  0 -1  0
  2 -1  0  0  0  0
6	% 
  3 -1  0  1  0  0
  2  0  0  1  0  0
 -2  1  0 -1 -1  0
  2 -1 -1  1  0  0
  2 -1  0  0  0 -1
  2 -1  0  0  0  0
1,1;1,1;1;1 1 13
1 
#1 
6	% 
 1  3  0  2  0  0
 0  1 -1  1  0 -1
 0  1  1  0  1  1
 0  1  0  0 -1 -1
 0 -1 -1 -1 -1 -2
 0 -2  0 -1  0  0
1,1;1,1;1,1 1 6
3 
#2 
6	% 
  3 1  0  2  0  0
 -1 0  0 -2  1 -1
 -2 0  0 -1  0  0
  0 0  0  2 -1  2
  0 0  1  2  0  3
 -1 0 -1 -2  0 -3
6	% 
  3 1  0  2  0  0
 -1 0  0 -2 -1  1
 -2 0  0 -1  0  0
  0 0  0  2  2 -1
  0 0  1  2  3  0
 -1 0 -1 -2 -3  0
1,1,1,1;1;1 1 5
5 
#2 
6	% 
 -1 -1 -1 -1 -1 -1
 -2 -2 -1 -2 -1 -2
  0 -1 -1  0  0 -1
  1  2  1  1  1  2
 -1 -2 -1 -2 -1 -3
  0  1  0  1  1  1
6	% 
  0  0  0 -1  0  0
 -1 -1 -1 -2 -1 -1
  0 -1  0 -2  0  0
  1  1  1  2  0  0
 -1 -1  0 -3 -1  0
  1  0  0  2  0  0
1,1;1,1;1;1 1 36
12 
#3 
6	% 
 -1  1 -1  0 -1 -1
  1  1  1  1  1 -1
  1  0  1  0  0  0
  0 -1  0 -1  0  0
  0  1  0  0  0 -1
  1  0  0  1  1  0
6	% 
  1  1  1  1  1 -1
  1 -1  1  0 -1  1
  0 -1  0  0  0  1
 -1  0 -1  0  0  0
  1  0  0  1  0  0
  0 -1  0 -1 -1  0
6	% 
  1  1  1  1 -1  1
  1 -1 -1  2  1  1
  0 -1  0  0  1  0
 -1  0  0 -1  0 -1
  1  0  0  1  0  0
  0 -1 -1  0  0  0
1,1,1;1;1;1 1 9
2 
#1 
6	% 
  0  0  0 0 0  1
  0 -1  0 0 1  1
  1  0  0 1 0  1
  1  0  0 0 0  0
 -1  0 -1 0 0 -1
  1  1  0 1 0  0
1,1,1;1,1;1 1 10
22 
#6 
6	% 
  0  0 1 0 1  1
 -1  1 0 0 0 -1
  2 -2 0 0 0  3
  0  0 1 0 0  1
  0  1 0 1 0  0
  1  1 0 1 0  0
6	% 
 0 -2  0 -2  0 -1
 0 -2  0 -3  0 -2
 1  5  0  7  0  4
 0 -1 -1 -1 -1 -2
 0 -1  0 -1  1  0
 0  0 -1  1  1  0
6	% 
  1 -1  0 0  0 -1
  2 -2  1 0  1 -1
 -4  4 -1 0 -1  4
  1  0  0 0  0 -1
  1 -1  0 1  1  0
  0  0 -1 1  1  0
6	% 
  0  0 -1  0  1 -1
 -1 -1  1 -1  0  0
  1  1 -1  1 -1  1
  0  0  0  0  1  0
  0 -1  0  0  0  0
  1 -1  0  0  0  0
6	% 
  0 0  2 -1 0 -3
  0 0  2 -1 0 -4
  0 0 -5  3 1 10
  0 0  1 -1 0 -2
  0 1  1  0 0 -2
 -1 1  0  0 0  0
6	% 
  0  0  1  2 -1  3
  1  1  2  2 -2  3
 -1 -1 -4 -5  4 -8
  0  0  1  1  0  3
  1  0  1  1 -1  1
  1 -1  0  0  0  0
1,1,1;1,1;1 1 7
2 
#1 
6	% 
 0 0 1  5 1 0
 0 0 0  1 0 0
 0 0 0 -4 0 1
 1 0 0  1 0 0
 1 1 0  1 0 0
 0 0 1  2 0 0
2-1;1,1;1;1 1 27
1 
#1 
6	% 
 1  3 0  2 0 0
 0 -1 0  0 1 0
 0 -2 0 -1 0 0
 0 -1 0  0 0 1
 0 -1 0  0 0 0
 0  1 1  0 0 0
2-1;1,1;1;1 1 25
4 
#1 
6	% 
 -1  1  0  0  0 0
  0  1  0  1  0 1
  1  1  0  1  0 0
  1  0  0  0 -1 0
 -1  0  0 -1  0 0
  0 -1 -1  0  0 0
1,1,1,1;1;1 1 4
1 
#1 
6	% 
 0  0  1  0  1  0
 0  0 -1 -1  0 -1
 0  0  0 -1 -1  0
 0  0  0  1  0  0
 1  0  0  0  0  0
 0 -1  0 -1  0  0
1,1;1,1;1;1 1 14
4 
#1 
6	% 
  0 0  0  0 0 -1
  0 0  0  0 1  1
 -1 0  0 -1 0  0
  0 0  0 -1 0 -1
  0 1  0  0 0  0
  0 0 -1  0 0 -2
1,1;1,1;1;1 1 21
3 
#2 
6	% 
  0  0  0  2 -1  1
  0  0 -1 -5  1 -6
  0  0  2  5  0  8
 -1  0  1  2  0  4
  0  0 -1 -2  0 -4
  0 -1  1  2  0  4
6	% 
  0  0  0  2  1 -1
  0  0 -1 -5 -6  1
  0  0  2  5  8  0
 -1  0  1  2  4  0
  0  0 -1 -2 -4  0
  0 -1  1  2  4  0
1,1,1;1;1;1 1 8
2 
#1 
6	% 
 0 0 0  1  0 -1
 0 0 0 -2 -1  1
 1 0 0  1  0 -1
 1 1 0  1  0  0
 0 0 1  1  0 -1
 1 0 0  0  0  1
1,1;1,1;1,1 1 7
2 
#1 
6	% 
 -1 -1 0 -1 0 0
  0  1 0  0 0 0
  0  1 0  1 1 0
  0  0 0  0 0 1
  1  0 1  0 0 0
 -1  0 0  0 0 1
1,1;1;1;1;1 1 49
1 
#1 
6	% 
  3 1  0  2 0 0
  1 0  0  0 0 0
  1 0  0  1 0 1
  1 0 -1  1 0 0
 -1 0  0  0 1 0
 -2 0  0 -1 0 0
1,1;1;1;1;1 1 47
8 
#2 
6	% 
  1  1  1 1  1 -1
 -1  0 -1 0 -1  1
  0  1  1 0  0 -1
  1  0  0 1  1 -1
  0  1  1 1  1  0
  1 -1  0 0  0  0
6	% 
  1  1  1 1 -1  1
 -1  0 -1 0  1 -1
  0  1  1 0 -1  0
  1  0  0 1 -1  1
  0  1  1 1  0  1
  1 -1  0 0  0  0
1,1;1;1;1;1 1 23
1 
#1 
6	% 
 0  0  0 0 1  0
 1  0  0 1 0  1
 1 -1  0 0 0  0
 1  0  0 1 0  0
 0  0 -1 0 0 -1
 0  0  0 1 0  1
1;1;1;1;1;1 1 32
1 
#1 
6	% 
 -1 1 0  0  0  0
  1 0 1  0  0  0
 -1 0 0 -1  0  0
 -1 0 0 -1  0 -1
  1 0 0  0 -1  0
  2 0 0  1  0  0
