#20

1;1;1;1;1;1 1 23
1 
#1 
6	% 
 1 0 0 0 0 0
 0 1 0 0 0 0
 0 0 1 0 0 0
 0 0 0 1 0 0
 0 0 0 0 1 0
 0 0 0 0 0 1
1,1,1,1,1,1 1 1
1 
#1 
6	% 
 1 0 0 0 0 0
 0 1 0 0 0 0
 0 0 1 0 0 0
 0 0 0 1 0 0
 0 0 0 0 1 0
 0 0 0 0 0 1
1,1,1,1,1;1 1 2
6 
#1 
6	% 
  0  0  0 -1  0 -1
  0 -1 -1 -1  0 -1
 -1  0  0 -1  0 -1
  0 -1  0  0  1 -1
  1  0  0  1 -1  2
  0  0  0 -1  0 -2
1,1,1,1;1,1 1 3
15 
#2 
6	% 
 -1 -1 -1  0 -1  2
 -1  0 -1  0 -1  1
  0  2  1 -1  1 -1
  1  0  1  0  0 -1
  0 -1 -1  1 -1  1
 -1  0 -1 -1  0  1
6	% 
  0  1 -1  0 -1 0
  0  0 -1 -1 -1 0
  1  0  1  0  0 0
 -3 -2  0  1  3 1
 -1  1 -1  0  1 0
  0  0 -1  0 -1 0
1,1,1;1,1,1 1 4
6 
#1 
6	% 
  1 -1  1  0  0 -2
  1  0  1  0  1 -2
 -1  0  0  0 -2  2
  0  0 -1 -1  1  0
 -2  0 -1  0 -1  3
  1  0  0  0  1 -1
1,1,1;1,1,1 1 3
4 
#1 
6	% 
 1  1  0  0 -1  0
 0  1  1 -1  0 -1
 0  0 -1  0  0  0
 0 -2  0  1  1  0
 0 -1 -1  1  0  0
 1  1  0  0  0  0
1,1,1;1,1;1 1 11
12 
#1 
6	% 
  1  2  0  0 -1  0
  1  2 -1  2 -1  1
 -3 -5  2 -3  3 -2
 -2  1 -4  0 -3  1
  2  1  2  1  1  0
  0  1  0  0  0  0
1,1,1;1,1;1 1 12
36 
#2 
6	% 
  1 -2  2 -2  1  0
  0 -1 -1 -1  0 -1
 -1  4 -1  4 -1  1
  1  0 -1 -1 -1  0
 -1  2  0  2  0  0
  0 -1  1 -1  1  0
6	% 
  1 0  0  0 -1  2
 -1 0 -1  0  1 -3
  3 1  1 -1 -3  5
  0 1  0  1  1 -2
  1 0  0 -1 -2  3
  1 0  0  0 -1  1
1,1,1,1;1;1 1 5
15 
#2 
6	% 
  1 0  0 -1 -1  1
  2 1 -1 -1 -2  1
  0 0  0  0 -1  2
 -2 0  0  1  2 -2
  1 0  0 -1 -1  2
 -1 0 -1  0  0 -1
6	% 
 -1  0 -1 1  0  0
 -1 -1  0 1  1  0
  0 -1 -1 0  0  0
  1  0  2 0  0  1
  0  0 -2 0 -1 -1
  0  0  0 1  0  1
1,1,1;1,1;1 1 10
12 
#1 
6	% 
  0  1 -1 -1 -2  1
 -1  0 -1  0 -1  1
  1 -1  3  1  4 -3
  0  1  0  0 -1  1
  0  0 -1  0 -1  0
  1  0  0  0 -1  0
1,1;1,1;1,1 1 10
8 
#1 
6	% 
 1 -1  0  2  1 1
 0  0  0 -1  0 0
 0  1  0 -1 -1 0
 1 -2 -1  1  1 0
 1  0  0  0  0 0
 0  1  0  0  0 0
1,1;1,1;1,1 1 11
7 
#2 
6	% 
  1 -1  0  1 -1  0
  0  3  2 -2  1 -3
 -1  2  1 -3  0 -2
  0 -2 -1  1  0  2
 -1 -1 -1  1  1  2
  1  0  0  1 -1  0
6	% 
 -1 -1  2  1  1  2
  1  1  0  0  1 -2
  2  1  0  0  0 -2
  0 -1 -1  0 -1  1
  1  1 -3 -2 -2 -2
 -2 -1  3  1  2  2
1,1,1;1;1;1 1 15
12 
#1 
6	% 
  1  1  1 0  0 -1
  0 -1  0 0  0  1
 -1 -1 -1 1  0  1
  0 -1 -1 0 -1  1
  0  0  1 0  1 -1
  0  1  1 0  0  0
1,1,1;1;1;1 1 17
4 
#1 
6	% 
  0  0  1  0  0  1
  1 -1 -3  1  0 -1
  0  1  1  0  0  0
 -1  1  2 -1  0  1
  1  0 -1  0 -1  0
  0  0  1 -1  0  0
1,1;1,1;1;1 1 28
24 
#1 
6	% 
  1  1  3  0  1  0
  0  0  0 -1  1 -2
  1  0  0 -1  1 -3
  0  1  1  0  0  1
  0  0 -1  0 -1  1
 -1 -1 -1  1  0  1
1,1;1,1;1;1 1 31
15 
#2 
6	% 
 -2 -1 -2  0 -1  1
  2  1  1  0  1 -2
  0  0 -1 -1 -2  1
  1  1  0 -1 -1  0
 -1  0  0 -1 -1  1
  1  1  1 -1 -1  0
6	% 
 0 0 0  1 0  1
 0 0 1 -1 0  0
 0 1 1  0 1 -1
 0 1 1 -1 0 -1
 1 1 0  0 0 -1
 0 1 0 -1 0 -1
1,1,1;1;1;1 1 9
4 
#1 
6	% 
 0 0  0  1  0  1
 0 0 -1  1 -1  1
 0 0  1  1  1  0
 1 1  1  0  0  0
 0 0  0 -1 -1  0
 1 0  1  0  1 -1
1,1;1,1;1;1 1 29
6 
#1 
6	% 
  1  1  0 -1 -1 0
  0  0  2  0  1 0
  0 -1  1  1  1 1
  0  0 -1  0 -1 0
 -3 -3 -1  2  2 0
  2  3  0 -2 -2 0
1,1;1;1;1;1 1 32
12 
#1 
6	% 
  1 0 -1 1 -1  1
  0 1  1 0  0 -1
  0 0 -1 0 -1  0
  1 0  0 0  0  0
  0 0  1 0  1 -1
 -1 0 -1 0  0  0
1,1;1;1;1;1 1 34
3 
#1 
6	% 
  1  1  1  0  0  0
 -2 -1 -2 -1 -1  1
  1  1  2  0  1 -1
 -1  0 -1 -1 -1  0
  3  2  3  1  2 -2
  1  1  2  1  2 -1
