#5

4-3';1,1 1 1
1 
#1 
6	% 
 1 0 0 0 0 0
 0 1 0 0 0 0
 0 0 1 0 0 0
 0 0 0 1 0 0
 0 0 0 0 1 0
 0 0 0 0 0 1
1,1,1,1,1,1 1 1
1 
#1 
6	% 
 1 0 0 0 0 0
 0 1 0 0 0 0
 0 0 1 0 0 0
 0 0 0 1 0 0
 0 0 0 0 1 0
 0 0 0 0 0 1
1,1,1,1;1,1 1 3
10 
#2 
6	% 
  0  0 0 0  0 -1
  0 -1 0 1 -1 -1
  0  0 0 1  0  0
  1  1 1 1  1  1
 -1  0 0 0 -1 -1
  0  1 0 0  0  0
6	% 
  0  0  0  0 0  1
  0  1  0  1 1  2
 -1  0  0  0 0  0
  0  0  0 -1 0 -1
  0  1  0  0 0  1
 -1 -1 -1 -1 0  0
1,1,1,1;1,1 1 1
1 
#1 
6	% 
  0 -1 -1 -1 0  0
 -1  0 -1 -1 0  0
 -1 -1  0 -1 0  0
  1  1  1  1 0  0
  0  0  0  0 0 -1
  0  0  0  0 1  1
1,1;1,1;1,1 1 5
5 
#1 
6	% 
  0  0  0  0 1 0
  0  0  0  0 0 1
  1  0  1  2 0 0
 -1  0 -1 -1 0 0
  1 -1  0  1 0 0
 -1  0  0 -1 0 0
