#48

3;3 5 2
1 
#1 
6	% 
 1 0 0 0 0 0
 0 1 0 0 0 0
 0 0 1 0 0 0
 0 0 0 1 0 0
 0 0 0 0 1 0
 0 0 0 0 0 1
1,1,1,1,1,1 1 1
1 
#1 
6	% 
 1 0 0 0 0 0
 0 1 0 0 0 0
 0 0 1 0 0 0
 0 0 0 1 0 0
 0 0 0 0 1 0
 0 0 0 0 0 1
1,1,1;1,1,1 1 3
16 
#3 
6	% 
 -1 -1 -1 -2  1 -2
  0 -1  0 -1  0  0
  0  0  0  0  1  0
  1  0  0  1 -1  0
  0  1  1  1  0  1
 -1 -1 -1 -1  0 -2
6	% 
  1  0  0  0  1  1
  0  2  3  2  0  0
  1  0 -1  0  0  1
 -2  0  0 -1 -1 -1
 -1  0 -1 -1 -1 -1
  2 -1 -1  0  1  1
6	% 
  1 -1 -2  0  1 0
 -1  1  1 -1  1 1
  1 -1 -1  1 -1 0
 -1  1  1  0  0 0
  2 -1 -1  1 -1 0
  0  0  0  0  1 0
1,1,1,1;1,1 1 3
27 
#5 
6	% 
  1  0 -1  0  1 -1
 -1  0  0 -1  0 -1
 -1  0  0  0 -1  0
  1  0  0  1  0  0
 -1  0  0 -1 -1 -1
  1 -1 -1  0  1 -1
6	% 
  1  1 -1  1  1  1
  0 -2 -1 -1 -1 -2
  0 -1  0  0  0  0
 -1  1  1  0  0  0
  0 -1 -1 -1  0 -1
  0  1  0  1  0  1
6	% 
  1  0  0  0  0  0
 -2 -1 -1 -2 -2 -1
  0 -1  0  0  0 -1
  1  1  0  1  0  1
  0  0 -1  0 -1  0
  0  0  1  0  1  1
6	% 
  0  2  0  1 1  1
  0 -1 -1 -1 0 -1
 -1 -1  0  0 0 -1
  0  1  1  0 0  1
  1 -1 -1 -1 0  0
 -1  1  0  1 0  0
6	% 
 0  1  1 -1 -1  0
 1  0  0  1  0  1
 0 -1  0  1  1  1
 0  2 -1  0 -1  0
 0  2 -1  1 -1  1
 0  0  1 -1  0 -1
1,1,1,1,1;1 1 2
6 
#2 
6	% 
  0  0  0 1  0 -1
  1 -1  0 0  0 -1
 -1  2  0 0  0 -1
 -1  0 -1 0 -1 -1
  1 -1  0 0  1  2
  0  0 -1 0  0 -2
6	% 
  1  0  0  0  0  0
  0  0  1  0  0  0
  0 -1  0 -1 -1 -1
  1  0  1  0 -1  0
 -1  1 -1  1  1  0
  1 -1  1  0 -1 -1
2-1',2-1';1;1 1 5
6 
#1 
6	% 
  0 -1 -1 -1 0 0
  0  1  1  1 0 1
  0  0  1  0 0 0
  1  0  0  0 0 0
 -1  1  1  0 0 0
  1 -1  0  0 1 0
2-1',2-1';1,1 1 3
6 
#1 
6	% 
 -1 0 0 -1 -1  0
  1 0 0  1  0  0
 -1 1 0  0  0  0
 -1 1 1  0  0  1
  0 0 0  0  0 -1
 -1 1 0 -1 -1  0
2-1;1,1,1;1 1 8
12 
#2 
6	% 
 -1  1  0  0 0 -1
  0 -1  0 -1 0  0
  1  0  0  1 0  0
  1  0  0  1 1  1
  0 -1 -1 -1 0 -1
  0  0  0 -1 0  0
6	% 
 0 -1  0 -1  1 -1
 1  0 -1  0  0  0
 0  0  0  0 -1  0
 0  0  0  1  0  0
 0  0  0  0  0 -1
 0 -1 -1 -1  0 -1
1,1,1;1,1,1 1 4
6 
#1 
6	% 
 -2  1  1 -1 -1 0
  0  2  0  0 -1 1
  3 -2 -1  1  1 0
 -1  1  1 -1 -1 0
  1  0 -1  2  1 1
 -1 -1  1 -1  0 0
2-1;1,1;1,1 1 9
12 
#2 
6	% 
 1 0 0 1  0  1
 0 1 2 0 -1  0
 0 0 0 0  1  0
 0 0 0 0  0 -1
 0 0 0 1  0  0
 0 1 1 1  0  1
6	% 
  1  0  0  1  0  1
  0  0 -1 -1 -1  0
 -1  0  0 -1  1 -1
 -1  0  0 -2  0 -1
  2  0  0  2  0  1
  2 -1 -1  1  0  1
2-2',2-2';1,1 1 3
16 
#1 
6	% 
  0 -1 -1  1  1  0
  0 -1 -1 -2  0 -2
  0 -2 -1 -1  2 -1
 -1  0  0  1  0  0
 -1 -1 -1 -2  0 -2
 -1  2  1  0 -2  0
2-2;2-2;1;1 1 15
16 
#1 
6	% 
 0  0  0 1  0  0
 0  1  0 0 -1  0
 1  0 -1 0  0  0
 0  1  0 0  0  0
 0 -1  0 0  0 -1
 1  1  0 0  0  1
1,1,1;1,1;1 1 11
24 
#4 
6	% 
 0 -1 -1  2  1  2
 0 -1 -1  3  1  3
 1  3  3 -7 -3 -7
 0  0  0  1  1  2
 0 -1 -1  1  0  1
 0  0 -1  1  0  1
6	% 
 -4  1  1 -2 -3  0
 -2  0  0 -2 -1 -1
  7 -1 -1  5  4  2
 -2  1  1 -1 -2  0
 -1 -1 -1 -1  0 -1
 -2  0  1 -1 -1  0
6	% 
 -3 1 1 -2 1 -2
 -1 0 0  0 0 -2
  3 0 0  1 0  5
 -1 0 1 -1 1 -1
  0 0 0  0 0 -1
 -2 1 1 -1 0 -1
6	% 
  0 -2 0 -1  0 -1
 -1 -2 0 -2 -2 -2
  1  5 1  4  3  4
  0 -1 0  0  0  0
  0 -1 0 -1 -1 -1
  0 -1 0 -1  0  0
1,1;1,1;1;1 1 36
36 
#4 
6	% 
 -1  1  1  1 -1  1
  0  1  0  1  0  0
  1  0 -1  0  1  0
  1 -2 -1 -1  1 -1
 -1  1  0  1 -1  0
  1  0 -1  0  0 -1
6	% 
 -3  1  2  0 -1 0
  1 -1 -1 -1 -1 1
  1 -1 -1 -1  0 1
  0  1  1  1  1 0
  0  0  0 -1 -1 1
  1 -1 -1 -1 -1 0
6	% 
 1 1 1 3 -1 3
 0 0 1 0  0 0
 0 0 0 1  0 0
 0 1 1 1  0 1
 0 0 0 0  1 0
 0 0 0 0  0 1
6	% 
  0 1 0  1  0 0
  1 0 0  1  0 1
 -1 0 0 -1  0 0
  0 0 0  0 -1 0
 -1 1 1  0  0 0
  0 0 0 -1  0 0
1,1;1,1;1;1 1 29
12 
#3 
6	% 
 -1  0  0 0  0  0
  1 -1 -1 1 -1 -2
  0 -1 -1 0 -1 -3
  0  0  1 0  1  1
  2  1  1 0  0  1
 -2  0 -1 0  0  0
6	% 
 -1  0  0  0 -1 -1
  1  0  0  0  0  1
  0  0  0 -1  0  0
  0  0 -1  0  0  0
  0  0  0  0  1  1
  0 -1  0  0  0 -1
6	% 
  0 -1 -1 -1 -1 -1
 -4  0  1  2  1 -1
 -4  1  0  2  0 -1
  2  0  0  0  0  1
  1  0  0 -1 -1  0
  0  0  0  0  1  0
1,1,1;1,1;1 1 10
24 
#4 
6	% 
 0 -3  1  0  1 -2
 0 -2  2  1  2 -1
 0  5 -4 -2 -4  3
 0 -1  1  0  0 -1
 1 -1  1  1  1  0
 1  0  0  1  0  1
6	% 
  0 -1  1  0  1  0
 -1 -2  2 -1  1  0
  2  3 -4  1 -2  0
  0 -1  0  0  0 -1
 -1  0  2 -1  1  1
 -1  0  0 -1  0 -1
6	% 
  0  0  0 -3 0 -5
 -1  0  0 -3 0 -5
  0  0  0  7 0 12
  0 -1  0 -2 0 -3
  0  0  0 -1 1 -2
  1 -1 -1  0 1  0
6	% 
  1  0  0  1 -2  1
  1  1  1  2 -1  2
 -3 -1 -1 -4  4 -4
  2  0  0  1 -1  0
  1  1  0  1 -1  1
  0  1 -1  0 -1  0
1,1;1,1;1;1 1 28
24 
#4 
6	% 
 0  0  0 1 -1 -1
 1 -1 -1 0  0 -1
 0 -1 -1 0  0 -2
 0  1  0 0 -1  0
 0  1  0 0  0  1
 0  0  1 0  1  1
6	% 
 -1  0  3  1 1 0
  0  0  1  0 0 1
 -1 -1  2 -1 0 0
  1  0  0  1 0 0
  1  0 -1  0 0 0
  0  0 -1  0 0 0
6	% 
 -2  2  1 -1 -2 -1
 -1  1  0  0 -1 -1
 -3  1  2 -1 -1 -1
  0 -1  0  0  0 -1
  1 -1 -1  0  0  0
  1  0  0  1  1  1
6	% 
  4 -1  1 0  1  1
  2  0  1 1  1  1
  3 -1  1 0  1 -1
 -1  1  1 0  0  0
 -2  1  0 0 -1  0
 -1  0 -1 0  0  0
1,1,1;1;1;1 1 19
12 
#2 
6	% 
  2 -1 0 1 1 1
  1 -1 0 0 1 0
 -1  1 0 0 0 0
  1  0 1 1 1 1
  1 -1 0 1 1 0
  1 -1 0 0 1 1
6	% 
  2 -2 -1 -1 -1  2
  1 -1  0  0  0  1
 -1  2  1  1  1 -1
  2 -2 -1 -1 -1  1
  1 -1  0 -1 -1  2
  2 -2 -1 -1  0  2
2-2,2-2;1,1 1 3
16 
#1 
6	% 
  1 0 0  1  0  0
  1 0 0  1  1  1
 -1 0 1  0  0  0
 -1 0 0  0  0  0
 -1 0 0 -1  0 -1
 -1 1 1  0 -1  0
1,1;1,1;1,1 1 11
13 
#4 
6	% 
  0  1  1  0  0  1
  0 -1 -1 -1 -1  0
 -1 -1 -1 -2 -1 -1
 -1  1  0  0  0 -1
  0 -1 -1  1  1 -1
  1  1  2  1  0  2
6	% 
  1  0  0  1  0  1
  0 -2 -1 -2  0 -1
  0  1  0  0  1  1
  0  2  1  2  1  1
 -2  0  0 -1  0 -2
  2 -2 -1  0 -1  0
6	% 
 -2  1  1  1  1  1
  1  0 -1  0 -1 -1
  1 -1  0  0  0 -1
  0 -1  0 -1  1  0
  3 -2 -2 -2 -1 -1
 -2  2  1  2  1  2
6	% 
 -2  0  0 -1  0  1
  2 -1  0  1 -1  0
  3  0  1  3  2  2
  0  1  1  1  2  1
  3  0  0  1  0 -2
 -4 -1 -1 -3 -2  0
1,1,1,1;1;1 1 5
15 
#4 
6	% 
  0 -1 0 -1  0  0
 -1 -2 0 -2  0  0
 -1 -1 0  0  0  0
  1  3 1  2  0  1
 -2 -2 0 -2 -1 -1
  2  1 0  1  0  1
6	% 
 -1  1  0  0 0  0
  0  1  1  1 1  1
  0  1  0  1 0  0
  1 -3 -1 -1 0 -1
  0  2  0  1 1  1
  0 -1  0  0 0 -1
6	% 
 -1  0  0  1 0  1
 -1  0  0  1 0  0
  1  0  0  1 1  1
  0 -1  0 -1 0 -1
  0  0  1  1 1  1
  0 -1 -1 -1 0 -1
6	% 
  1  0  0  0  0  0
  1  0  0 -1  0  0
  0 -1 -1 -2  0 -2
 -1  1  0  2 -1  2
  1  0 -1 -2  0 -2
  0  0  0  1 -1  1
1,1,1;1,1;1 1 12
36 
#6 
6	% 
  1  1  1  0  1  2
 -1  0  0 -1  0  1
  0 -1 -1  2 -1 -4
 -1  0  0 -1  0  0
  0  0 -1  1 -1 -2
  0  1  1  0  0  1
6	% 
 -1  1 -1 -4 -1 -4
 -2  3 -3 -6 -3 -6
  4 -5  5 13  5 13
 -1  2 -1 -3 -1 -2
  2 -3  2  6  2  6
  0  0 -1 -2  0 -2
6	% 
 -1  1  1  0  1  0
  0 -2  0 -1  0 -1
  1  0 -2  0 -2  0
 -1 -1  0  0  0 -1
  1  0 -1  0 -1  0
  0  0  0  0  1  0
6	% 
  0 -1  1  1  1 -1
 -1  0  2  0  0  0
  0  2 -2 -1 -2  1
  0  0  1  0  0  0
  0  1 -1  0 -1  1
  0  0  1  1  1  0
6	% 
 -4  1  1 -3 -1 -3
 -3  1  1 -2 -1 -2
  4 -1 -1  2  1  4
 -1  1  0 -1 -1 -1
  1 -1  0  1  1  2
 -2  1  1 -1  0 -1
6	% 
  0 -1 -1  0  1 -2
  3 -2 -2  2  2  0
 -2  3  3 -1 -3  3
  2 -1 -1  1  1  0
 -2  2  2  0 -1  2
  0  0 -1  0  0 -1
2-1;2-1;1;1 1 25
3 
#1 
6	% 
 -2  1  1 -1 -1 0
  1  0 -1  0  0 0
  1  0  0  1  1 0
  1 -1  0  0  1 0
 -1  1  1  0  0 1
 -1  0  0 -1  0 0
2-1,2-1;1;1 2 9
6 
#1 
6	% 
  0  0 -1 -1 -1  0
  0  0 -1 -1 -1 -1
  0  0  0  0 -1 -1
 -1  0  1  0  0 -1
  0  0 -1  0 -1 -1
  0 -1  1  0  1  0
2-1,2-1;1;1 2 7
6 
#1 
6	% 
  0  0 0  1 1 0
  1  0 0  0 0 1
 -1  0 1  0 0 0
 -1  0 0  0 0 0
  0  0 0 -1 0 0
  0 -1 0  0 1 0
2-2,2-2;1;1 2 5
16 
#1 
6	% 
 -1  2  2  2 -1  3
 -1 -3 -2 -2  2 -2
  1 -2 -1  1  2  2
  0  0  0  1  0  2
  0 -2 -2 -2  1 -2
  0  2  1  0 -2  0
1,1,1;1;1;1 1 9
4 
#2 
6	% 
 0  1  0 1 0  0
 0  0  0 0 1  1
 0  1  0 0 0  0
 1  1  0 1 0  1
 0 -1 -1 0 0 -1
 1  0  0 0 0  0
6	% 
  0  0 0 0 -1 0
  0  0 1 0  1 0
 -1  1 1 0  0 1
 -1  1 1 1  0 0
  1 -1 0 0  0 0
 -1  0 0 0  0 0
1,1;1,1;1,1 1 10
8 
#2 
6	% 
  1 -1 -2  0  1  0
  1  0  0  1  0  0
 -1  0  1 -1 -1  0
  2 -1 -2  0  1  0
  1 -1 -2 -1  0  0
 -1  0  0  0  0 -1
6	% 
  0 0 -1 -1 0 1
  1 0 -2  0 1 0
  1 0  0  1 0 0
 -1 0  1 -1 0 1
  0 0  0  0 0 1
 -2 1  3  0 0 0
1,1,1;1;1;1 1 15
12 
#2 
6	% 
  0  1  1  1  2  2
  0 -1  0  0  0 -1
  0  0  0  0 -1  0
 -1 -1 -1 -1 -2 -2
  1  0  0  1  1  1
  0  0  1  0  1  1
6	% 
  1  0 1 0  0  0
 -1  0 0 0 -1  0
 -1  0 0 0 -1 -1
 -1 -1 0 0  1  0
  1  0 0 1  1  0
  2  0 0 1  1  1
1,1;1,1;1;1 1 31
15 
#4 
6	% 
  1  0 0  0 1 1
 -1  1 1  1 0 0
  0  0 0  0 0 1
 -1  0 0  0 0 0
  0 -1 0 -1 0 0
  0 -1 0  0 0 0
6	% 
  5  2  2  2  1  2
 -4 -2 -2 -1 -1 -1
  4  1  0  1  1  1
  1 -1 -1  0  1  0
  4  1  1  1  1  2
  1  0 -1  0  0  1
6	% 
 -1  0  0  1 -1 -1
 -1 -1 -1 -2  0  0
 -1  1  0  0 -1 -1
 -1  0  0 -1  0 -1
  0  1  1  1  0  0
  0  1  0  0  0  0
6	% 
  2 3  3  3  0 2
  3 0  0  0  3 1
  0 1  0  0 -1 1
  0 0  0 -1  0 1
 -1 0  0  0 -1 0
 -1 0 -1 -1 -1 0
1,1,1;1;1;1 1 17
4 
#2 
6	% 
  0 -1 -1 -1 -1 -1
 -1  4  3  3  1  2
  1 -1 -1  0  0  0
  1 -3 -2 -2 -1 -2
 -1  1  1  1  0  0
  0 -1 -1 -1  0 -1
6	% 
 -1  0  0  1  0  1
  1 -1 -1 -5  1 -4
  0  1  0  2 -1  2
 -1  0  0  2 -1  2
  0  0  0 -2  1 -1
  0  0  1  2  0  2
2-1;2-1;1,1 1 10
3 
#1 
6	% 
  0  1  0 -1  0  1
  1 -1  0  1  0  0
  0 -1 -1  0  0 -1
 -1  0 -1 -1 -1 -2
  1  0  0  0  1  1
  0  1  0  0  0  0
2-1,2-1;1,1 2 4
12 
#2 
6	% 
  1  0 0  1 1 0
  0  0 0  0 0 1
  0  0 1  0 0 0
  1  0 0  0 0 0
 -1  0 0 -1 0 0
  1 -1 0  0 1 0
6	% 
 -1  0  0  0  0  0
  2  0 -1  1  0  1
  0  2  1  2 -2  1
 -3  1  1  0 -2 -1
  0 -1  0 -1  1 -1
  0  0 -1  1 -1  1
2-1;1,1;1;1 1 25
12 
#2 
6	% 
  0 1 0  1 0 0
  1 0 0  0 0 1
  1 0 0  1 0 1
  1 0 0  1 1 1
 -1 0 0 -1 0 0
 -1 1 1  0 0 0
6	% 
  0 0 1  0  0 0
  0 0 0  1  0 0
  1 0 0  1  0 1
  0 0 0  0 -1 0
 -1 0 0 -1  0 0
 -1 1 1  0  0 0
2-1;1,1;1;1 1 35
6 
#2 
6	% 
 -2  0 -1 -2 -1 -2
  0  0  0  0 -1  0
  1 -1  0  1  1  1
  0  1  1  1  1  1
  1  0  1  1  1  2
 -1  0 -1 -2 -1 -1
6	% 
  1  1  0  1 -1  2
 -1  0  0 -1 -1 -1
 -1  0  1 -1  1  0
  1 -1 -1  0  1  0
 -1 -1  0 -1  1 -1
  0  1  0  1 -1  1
2-1;1,1;1;1 1 33
12 
#2 
6	% 
  1  0  0  1  0  1
  0 -1 -1 -1  0 -1
  0  0  0  1  0  0
 -1  0  0 -1  0  0
 -1 -1  0 -2  0 -1
 -1  0  0 -1 -1 -1
6	% 
 1 0  0  1 0  1
 0 0  0 -1 0  0
 0 1  1  1 0  1
 0 0  0  0 1  0
 0 0 -1 -1 0 -1
 0 0  0  0 0 -1
2-1;1;1;1;1 1 34
6 
#2 
6	% 
  1 -1  0 0  0 -1
 -1  1  0 0  0  0
  1  0  0 1  0  0
  0  0 -1 0  0  0
 -1  1  0 0 -1  0
  1  0  0 0  0  0
6	% 
  1 -1  0 -1  1  1
 -1  1  0  0 -1 -1
  1  0  0  0  0  1
  0  0 -1  0 -1 -1
  0  1  0  1  0  0
  0  0  0 -1  0  1
3;2-2;1 3 4
4 
#1 
6	% 
  1 1  1  1  0  1
  1 0  0  1  0  0
  0 0 -1  0  0  0
 -1 0  0  0  0  0
 -2 0  0 -1  0 -1
 -1 1  1  0 -1  0
3;2-2;1 2 6
4 
#1 
6	% 
 0  0 -1  0  0  0
 0 -1  0 -1  0 -1
 1 -1 -1  0  0  0
 0 -1  0  0  0 -1
 0 -1 -1 -1 -1 -1
 0 -1  0 -1  0  0
3,3 3 1
4 
#1 
6	% 
  0 -2 -2 -1  1  0
  0 -1 -2 -2  1 -1
 -3  0 -1 -2 -1 -2
 -1  2  1  0 -1 -1
 -1  0  1  1 -1  0
  3 -1  0  1  2  2
3,3 8 1
8 
#1 
6	% 
 -1 0  1  0 0 -1
  1 0 -1  1 0  0
  0 0  0  0 0 -1
  0 0 -1 -1 0  1
  0 0  1  1 1  0
 -1 1  1  0 0  0
1,1;1;1;1;1 1 55
12 
#2 
6	% 
  3 -1 -1  1  1  1
  2 -1  0  1  1  1
 -1  0  0 -1 -1 -1
  1 -1 -1  0  0  0
 -1  0  0 -1  0  0
  1  0  0  0  0  1
6	% 
 -1 1 1 1  1 -1
 -1 0 1 0  1 -1
  1 0 0 0  0  1
 -1 1 1 0  0  0
  0 0 0 0 -1  0
  0 0 0 0  0 -1
1,1;1;1;1;1 1 32
12 
#3 
6	% 
  0 0  0  0 -1  0
 -1 0  0 -1 -1 -1
  0 0 -1  0 -1 -1
  1 0  0  0  0  1
 -1 0  0 -1  0  0
  0 1  0  1  0  0
6	% 
 0  0  0 -1  0  0
 0  0  0  0  0 -1
 1 -1  0  0  1  0
 0  1  0 -1  0  2
 0  0 -1  1 -1 -2
 0 -1  0  0  1  0
6	% 
 -3  1  0  1 -1 -1
  2  1  0 -1 -1  1
  0  0  0  0 -1  0
 -2  0  0  0  0 -1
  1  0  0 -1  0  0
  1 -1 -1  0  0  0
1,1;1;1;1;1 1 47
12 
#2 
6	% 
  0  2 1  3  1  0
  0 -1 0 -2 -1  1
  1  2 1  3  1  1
 -1  2 1  2  0 -1
  0  2 1  3  1  1
 -1  0 0 -1  0 -1
6	% 
 -1 0 1 0 0  0
 -1 1 1 0 0  0
  0 0 0 0 0 -1
  1 0 0 0 0  1
  0 0 0 0 1  0
  1 0 0 1 0  1
1;1;1;1;1;1 1 40
3 
#1 
6	% 
  1 -1 0  0  1  0
  1  0 0  1  1  1
 -1  0 0 -1 -2 -1
 -1  1 1  0 -1  0
  1  0 0  1  1  0
  0  0 0  1  1  0
1;1;1;1;1;1 1 23
1 
#1 
6	% 
  0  0  0 -1  0  0
 -1  0  0 -1 -1 -1
  1  0 -1  1  0  0
  1 -1 -1  0  0  0
 -1  1  1 -1 -1  0
 -1  1  0 -1 -1  0
1,1;1;1;1;1 1 57
3 
#1 
6	% 
  0  0 -1 0  0  0
  0  0  1 1  1  1
  0 -1 -1 0  0 -1
  0  1  1 0 -1  0
 -1  0  0 0  0  0
  0  0  0 1  1  0
1,1;1;1;1;1 1 34
3 
#1 
6	% 
  1  1  0 0 0  0
  0 -1 -1 0 0  0
 -1  0  0 0 0 -1
  1  0  0 1 0  0
  0  1  0 0 0  0
  1  0  0 0 1  0
