#120

3;2-1;1 2 4
1 
#1 
6	% 
 1 0 0 0 0 0
 0 1 0 0 0 0
 0 0 1 0 0 0
 0 0 0 1 0 0
 0 0 0 0 1 0
 0 0 0 0 0 1
1,1,1,1,1,1 1 1
1 
#1 
6	% 
 1 0 0 0 0 0
 0 1 0 0 0 0
 0 0 1 0 0 0
 0 0 0 1 0 0
 0 0 0 0 1 0
 0 0 0 0 0 1
2-1;1,1,1,1 1 1
3 
#1 
6	% 
  0 1 0  0  0  0
  0 0 1  0  0  0
  0 0 0 -1 -1 -1
 -1 0 0  0 -1 -1
 -1 0 0 -1  0 -1
  1 0 0  1  1  1
2-1;1,1,1,1 1 2
1 
#1 
6	% 
 0 -1  1  0  0  0
 0  0  1  0  0  0
 1  1  2  0  1 -1
 0  0  2 -1  0 -1
 0  0  0  1  1  1
 0  0 -2 -1 -1  0
1,1,1,1,1;1 1 2
11 
#4 
6	% 
  1 0  0 0 0  0
  1 0  1 0 0  0
  1 0  1 1 0  1
  1 1  2 0 1 -1
 -1 0 -2 0 0  1
  1 0  2 0 1  0
6	% 
  1  0  0  0  0  0
  0  0  1  0  0  0
  1  0  1 -1  0  0
  0 -1  0 -1 -1 -1
 -1  1 -1  1  0  1
  1 -1  1 -1 -1  0
6	% 
  1  1  1  0  1  1
  1  1  1  1  0  1
  1  1  1  1  1  1
  1  1  1  0  0  2
 -1 -2 -1 -1 -1 -2
  1  1  2  1  1  2
6	% 
  0 -1  1  0  0  0
  0 -1  0  0  0  0
  1 -1  1 -1  1 -1
  0  0  1  1  0  0
 -1  1 -1 -1 -1  0
  1 -1  1  0  0 -1
1,1,1;1,1,1 1 1
1 
#1 
6	% 
  0 -1 -1  0  0  0
 -1  0 -1  0  0  0
  1  1  1  0  0  0
  0  0  0  0 -1 -1
  0  0  0 -1  0 -1
  0  0  0  1  1  1
1,1,1,1;1,1 1 1
3 
#1 
6	% 
  0 0  0 -1 -1 -1
 -1 0  0  0 -1 -1
 -1 0  0 -1  0 -1
  1 0  0  1  1  1
  0 0 -1  0  0  0
  0 1  1  0  0  0
2-1',2-1';1,1 1 2
6 
#1 
6	% 
 0 -1  0  0  0  0
 0  0 -1  0  0  0
 1  0  0  0  0  0
 0  0 -1 -1 -1  0
 0 -1  1  1  0  0
 0  0 -1 -1  0 -1
2-1;1,1,1;1 1 4
15 
#3 
6	% 
  0 1 0  0  0  0
  0 0 1  0  0  0
 -1 0 0  0 -1  1
 -2 0 0 -1 -1  0
  1 0 0  0  0 -1
 -1 0 0  0 -1  0
6	% 
  0 1 0  0  0  0
  0 0 1  0  0  0
 -1 0 0 -1 -1 -1
 -2 0 0 -1 -1 -1
  1 0 0  1  0  1
 -1 0 0 -1 -1  0
6	% 
  0 1 0  0  0  0
  0 0 1  0  0  0
 -1 0 0  1 -1  1
 -2 0 0  0 -1  1
  1 0 0 -1  0 -1
 -1 0 0  0 -1  0
1,1,1,1,1;1 1 1
3 
#1 
6	% 
  0 0  0  0 -1  0
 -1 0 -1  0 -1 -1
 -1 0  0 -1 -1 -1
  0 0 -1 -1  0 -1
  1 0  1  1  1  1
  0 1  0  0  0  0
2-1;1,1,1;1 1 1
3 
#1 
6	% 
 0 0 1 0  0  0
 0 1 0 0  0  0
 0 0 0 1  0  1
 0 0 0 0 -1  0
 0 0 0 0  0 -1
 1 0 0 0  0  0
1,1,1,1;1,1 1 2
26 
#7 
6	% 
  1  0  0  0  0  0
  1  0 -1  0  0  0
  0 -1 -1  0 -1  1
  0  0  0 -1 -1 -1
 -1  1  1  1  1  0
  1 -1 -1  1  0  1
6	% 
  0  0  1  0 0 0
  0  1  0  0 0 0
  1  1  2  2 1 1
  0  0  0  0 1 0
 -1 -1 -1 -1 0 0
  1  1  1  1 1 1
6	% 
 0  0 0  0 1  0
 0  0 0  0 0  1
 0 -1 1 -1 0 -1
 1  0 0  0 0  0
 0  1 0  0 0  0
 0  0 1  0 0  0
6	% 
  0 0  0 -1  0 -1
  1 0  0  0  0  0
  1 0  1  1  0  1
  0 1  0  0  1  1
 -1 0 -1  0 -1  0
  1 0  1  0  0 -1
6	% 
  0 0  1  0  0  0
 -1 0  1  0  0  0
  0 0  1 -1  0  0
  0 1  0  0  1 -1
  1 0 -1  1  0  1
 -1 0  1 -1 -1  0
6	% 
  1  1  1  1  0 0
  1  0  1  1  0 0
  1  1  0  1  0 0
  0  0  0  0 -1 1
 -1 -1 -1 -1  1 0
  1  1  1  2  1 0
6	% 
  1 0  0  0 0 0
  1 0  0  1 0 0
  1 0 -1 -1 0 0
  0 1  0  0 0 0
 -1 0  1  0 1 0
  1 0 -1  1 0 1
2-1;1,1,1;1 1 3
1 
#1 
6	% 
  0 -1 -1 0 0 0
 -1  0 -1 0 0 0
  1  1  1 0 0 0
  0  0  0 0 1 0
  0  0  0 1 0 0
  0  0  0 0 0 1
2-1;1,1,1;1 1 6
6 
#1 
6	% 
 -1 -1 -1  0 -1  1
  0  1  1  0  1  0
  1  2  1  0  1 -1
  0  0  0 -1 -1 -1
  0 -1 -1  0  0  1
 -1 -1 -2  0 -1  1
1,1,1,1;1,1 1 3
30 
#3 
6	% 
 -1 -1 -1 -2 -2  0
  0  0  0 -1 -2  1
  1  1  0  1  1  0
  1  0  1  1  1 -1
 -1 -1  0 -1 -2  0
 -1  0 -1 -1 -1  0
6	% 
 1  0 0  0 1  1
 1  0 0 -1 0  0
 0  0 0  0 0 -1
 0  0 1  1 0  0
 0 -1 0 -1 0  0
 0  0 0  0 1  0
6	% 
 1  0  0  1  0  0
 0  1  1  3  0  0
 0  1  0  0  1  0
 0 -1  0 -3 -1 -1
 0  0  1  1 -1 -1
 0  0 -1  1  0  1
2-1;1,1;1,1 1 2
3 
#1 
6	% 
 1 0  0  0  1 -1
 0 0 -1  0  0  0
 0 1  1  0  0  0
 0 0  0 -1  0 -1
 0 0  0  1  1  1
 0 0  0 -1 -1  0
1,1,1;1,1,1 1 2
15 
#3 
6	% 
  0  0  0 -1  0 -1
  1  0  0  0  1 -1
  0  0 -1  0  0  0
  0 -1 -1  0 -1 -1
 -1  1  1  0  0  1
  1  1  1  0  1  0
6	% 
  0  0 -1 0  0  0
  0 -1  0 0  0  0
 -1  0  0 0  0  0
  1  0  0 1  1  1
  0  1  1 0  0 -1
  0 -1 -1 0 -1  0
6	% 
  0 0  0 -1  0  0
  1 0  0 -1  1 -1
  0 1 -1  0  0  0
  0 0 -1 -1 -1 -1
 -1 0  1  1  0  1
  1 0  1  0  1  0
2-1;1,1;1,1 1 3
15 
#3 
6	% 
  0 1 0  0  0  0
  0 0 1  0  0  0
 -1 0 0  0 -1  1
  0 0 0 -1 -1 -1
  1 0 0  1  1  0
 -1 0 0  1  0  1
6	% 
  0 1 0  0  0  0
  0 0 1  0  0  0
 -1 0 0 -2 -1 -1
  0 0 0  0  1  0
  1 0 0  1  1  1
 -1 0 0 -1  0  0
6	% 
  0 1 0  0  0 0
  0 0 1  0  0 0
 -1 0 0 -1  0 0
  0 0 0  0 -1 1
  1 0 0  1  1 0
 -1 0 0  0  1 0
2-1',2-1';1;1 1 2
6 
#1 
6	% 
 0  1  0 -1  0  0
 0  0 -1 -1 -1 -1
 1  0  0  0  0  0
 0  1  1  0  1  0
 0 -2  0  1  0  0
 0  1  1  0  0  1
2-1;1,1,1;1 1 2
3 
#1 
6	% 
 1 0 1  0  1 -1
 0 0 1  0  1 -1
 0 1 0  0  0  0
 0 0 0 -1  0 -1
 0 0 0  1  1  1
 0 0 0 -1 -1  0
1,1,1;1,1,1 1 3
30 
#3 
6	% 
  0  1 -1 1 0  0
 -1  0  0 0 0  0
  1  1  0 0 0 -1
 -1 -1  0 0 0  0
  1  0  1 0 1  0
 -1  0 -1 0 0  0
6	% 
  0  0  0  0  0 -1
 -1  0  0  0  0  0
  0  0  0 -1  0 -1
  0 -1  0  0 -1  0
  0  0  0 -1 -1  0
  0  0 -1  0  1  0
6	% 
  0  1 -1  1  1  1
 -1  0  0  0  0  0
  1  1  0  2  1  1
 -1 -1  0 -2 -1 -2
  1  0  1  0 -1 -1
 -1  0 -1  1  1  2
2-1;1,1;1,1 1 5
6 
#1 
6	% 
 -1 -1 -1 0 0 0
  0  0  0 0 1 0
  1  0  1 0 0 0
  0  0  0 1 0 0
  0  0  0 0 0 1
  1  1  0 0 0 0
2-2;1,1,1,1 1 2
4 
#1 
6	% 
  1  1  1  1 0  0
  0  0  0  0 0 -1
  1  1  1  1 1  0
 -1 -1  0 -1 0  1
  1  0  1  1 0 -1
  0 -1 -1 -1 0  1
2-2;2-1;1,1 1 4
4 
#1 
6	% 
  1  1 -1 0  1 0
 -2 -2  2 0 -1 1
  1  1 -1 1  1 0
 -3 -2  2 0 -1 1
 -2 -2  3 0 -1 1
 -2 -3  2 0 -1 1
1,1,1;1,1;1 1 6
18 
#3 
6	% 
 0  2  2  2  1  1
 0  1  1  0  0  0
 0 -2 -3 -2 -1 -1
 1  1  1  1  1  0
 1  0  0  0  0  0
 0  1  1  1  1  1
6	% 
 0  2  2 0  1 -1
 0  1  1 0  0  0
 0 -2 -3 0 -1  1
 1  1  1 1  1  0
 1  0  0 0  0  0
 0  1  1 0  1  0
6	% 
  0 0  0 -2 -1 -1
  0 1  1  0  0  0
  0 0 -1  2  1  1
 -1 0  0 -1 -1 -1
 -1 0  0  0 -1 -1
  0 0  0 -1  0 -1
1,1,1,1;1;1 1 2
21 
#4 
6	% 
 0  0  0 -1 0 -1
 0  0  1 -1 1 -2
 0  1  1  1 0  1
 1  0  0  0 0  0
 0 -1 -1  0 0  1
 0  1  1  0 1  0
6	% 
 0  1  0  0  0  0
 0  0 -1 -1 -1 -1
 0  1  0 -1  0  0
 1  0  0  0  0  0
 0 -1  1  1  0  1
 0  1 -1 -1 -1  0
6	% 
 0  0 0 1 0 0
 0  0 0 0 1 0
 0  0 0 0 0 1
 1  0 0 0 0 0
 0  0 1 0 0 0
 0 -1 0 0 0 0
6	% 
  1 0  1 1  1 1
  1 0  1 1  2 0
  0 0  1 0  0 0
  0 1  0 0  0 0
 -1 0 -1 0 -1 0
  1 0  1 1  1 0
1,1,1,1;1;1 1 6
3 
#2 
6	% 
 -1 0 0  0 -1 1
  0 1 0  0  0 0
  0 0 1  0  0 0
  0 0 0  0  1 0
  0 0 0  1  0 1
  0 0 0 -1  0 0
6	% 
  1  0  0  0 0 0
  0  1  0  0 0 0
  0  0  1  0 0 0
 -1 -1 -1 -1 0 0
  1  1  1  1 0 1
  0  0  0  0 1 0
1,1,1;1,1;1 1 2
15 
#3 
6	% 
  2 0 0 0  1 -1
  1 0 0 0  0  0
 -2 0 0 1 -1  2
  0 1 0 0  0  0
  0 0 1 0  0  0
  1 0 0 0  1  0
6	% 
  2 0 0  2  1  1
  1 0 0  1  0  0
 -2 0 0 -3 -1 -1
  0 1 0  0  0  0
  0 0 1  0  0  0
  1 0 0  1  1  0
6	% 
 -2 0 0 -1 -2 0
 -1 0 0  0 -1 1
  3 0 0  1  2 0
  0 1 0  0  0 0
  0 0 1  0  0 0
 -1 0 0  0 -1 0
1,1,1;1,1;1 1 11
36 
#3 
6	% 
  0 -2  2 0  3 -3
  2 -1  1 0  2 -2
 -3  4 -4 0 -7  7
  0 -1  1 1  2 -1
  1 -1  0 0  1 -1
  0 -1  1 0  2 -1
6	% 
 0 -2  2 -2 -1 -1
 0 -1  1 -2 -1 -1
 1  4 -4  6  3  3
 0 -2  0 -1 -2  1
 0  0  1 -1  0 -1
 0 -1  1 -1  0  0
6	% 
 0  0  0 0 -1 -1
 0 -1  1 0  0  0
 1  1 -1 0  2  2
 0  0  0 1  0  0
 0  0  1 0  0  0
 0  0  0 0  0 -1
1,1,1;1,1;1 1 7
90 
#9 
6	% 
 0  0  0  0 -1  1
 0  1  1  2  0  2
 0 -1 -1 -3  0 -3
 1  1  0  1  0  1
 1  0  0  0  0  0
 0  0  0  0 -1  0
6	% 
 0  0  0 0 -1 -1
 0  1  1 0  0  0
 0 -1 -1 1  1  1
 1  1  0 0  0  0
 1  0  0 0  0  0
 0  0  0 0  0 -1
6	% 
 0 -1 -1  0  0  0
 0 -2 -2 -2 -1 -1
 0  4  4  3  2  1
 1 -1 -1 -1  0  0
 1  0  0  0  0  0
 0 -1  0  0  0  0
6	% 
 0  1  1  2  0  0
 0  2  2  2  1  1
 0 -4 -4 -5 -2 -2
 1  1  1  1  1  0
 1  0  0  0  0  0
 0  1  0  1  0  0
6	% 
 -2 -1 -1 0  0  0
  0  0  0 0  1 -1
  1  0  0 0 -2  2
  0  0  0 0  1  0
  0  0  0 1  1  1
 -1 -1  0 0  0  0
6	% 
 0  1  1  2  0  0
 0  2  2  1  1 -1
 0 -4 -4 -3 -2  2
 1  1  1  1  1  0
 1  0  0  0  0  0
 0  1  0  1  0  0
6	% 
 -2 -1 -1 0  0  0
 -2 -2 -2 0 -1 -1
  5  4  4 0  2  2
 -1 -1 -1 1 -1  1
  0  0  0 1  0  1
 -1 -1  0 0  0  0
6	% 
  0 -1 -1  0  0  0
  2  0  0  1  1  1
 -3  0  0 -2 -2 -2
  1  0  0 -1  1  0
  0  0  0 -2  1 -1
  0 -1  0  0  0  0
6	% 
 0  2  2 1  1 -1
 0  1  1 0  0  0
 0 -3 -3 0 -1  1
 1  1  0 0  0  0
 1  0  0 0  0  0
 0  1  1 1  1  0
1,1,1,1;1;1 1 5
30 
#3 
6	% 
 1  0 0  0 0  0
 0 -1 1 -1 0 -1
 0  0 0  0 0  1
 0  1 0  0 0  0
 0  0 1  0 0  0
 0  0 0  0 1  0
6	% 
  1  0  0  0  0  0
  0 -1  1 -1 -1 -1
  1 -1  0 -1  0  0
 -1  1 -1  1  1  0
  1 -1  1 -1  0 -1
 -1  0 -1  1  0  0
6	% 
  1  0  0  0  0  0
  0 -1 -1 -1 -1 -1
  1  0 -1  0  0  0
 -1  1  1  1  1  0
  1 -1 -1  0 -1  0
 -1  1  0  0  0  0
2-2;1,1,1;1 1 5
20 
#3 
6	% 
  1  1 -1  1  0  1
  1  1 -1  1  0  0
 -1 -1  1 -1 -1 -1
 -2 -2  1 -2 -1 -1
 -2 -1  2 -2 -1 -1
 -1 -2  2 -2 -1 -1
6	% 
  1  1 -1  1  1  1
  1  1 -1  1  0  1
 -1 -1  1 -1 -1  0
 -2 -2  1 -2 -1 -1
 -2 -1  2 -2 -1 -1
 -1 -2  2 -2 -1 -1
6	% 
 -1 -1  1  1 -1  1
 -1 -1  1 -1 -1  0
  1  1 -1  0  0 -1
  1  2 -2  0  1 -1
  2  1 -2  0  1 -1
  2  2 -1  0  1 -1
1,1,1;1,1;1 1 4
11 
#4 
6	% 
  0 -1 -1  0  0  0
 -1  0 -1  0  0  0
  1  1  1  0  0  0
  0  0  0  0  0 -1
  0  0  0 -1  0 -1
  0  0  0  0 -1 -1
6	% 
  0 -1 -1  0  0  0
 -1  0 -1  0  0  0
  1  1  1  0  0  0
  0  0  0  0 -1  0
  0  0  0 -1 -1 -1
  0  0  0  0 -1  1
6	% 
  0  0  0  1 0 1
  0  0  0  1 0 0
  0  0  0 -1 1 0
  0 -1  0  0 0 0
 -1 -1 -1  0 0 0
  0 -1  1  0 0 0
6	% 
  0 -1 -1  0  0  0
 -1  0 -1  0  0  0
  1  1  1  0  0  0
  0  0  0 -1  0 -1
  0  0  0 -1 -1 -1
  0  0  0 -1  0  0
1,1,1;1,1;1 1 5
18 
#3 
6	% 
 0  0  2  1 0  0
 0  0  1  0 0  0
 0 -1 -2 -1 0  0
 1  0  1  1 1  0
 1  0  0  0 0  0
 0  0  0  0 1 -1
6	% 
 0  2  2  1 0 0
 0  1  1  0 0 0
 0 -3 -2 -1 0 0
 1  1  1  1 1 0
 1  0  0  0 0 0
 0  0  0  1 1 1
6	% 
 0  0  0 0 -1 1
 0  1  0 0  0 0
 0 -1 -1 0  0 0
 1  0  0 1  0 1
 1  0  0 0  0 0
 0  0  0 1  1 1
1,1,1;1,1;1 1 10
36 
#3 
6	% 
 -2 -1  1  0  0  0
 -6 -1  1 -1 -1 -1
 11  3 -3  1  1  1
 -1 -1  0 -1  0  0
 -3  0  1  0 -1  0
  0  0  0  0 -1  1
6	% 
  0  1 -1  0  2 -2
  2  1 -1  0  1 -1
 -3 -3  3  0 -4  4
  0  0 -1 -1  1 -1
  1  1  0  0  0 -1
  0  0  0 -1 -1 -1
6	% 
  2  1 -1  0  0  0
  2  1 -1  1  0  0
 -5 -3  3 -3  0  0
  1  0 -1  0 -1  1
  1  1  0  0  0 -1
  0  0  0 -1 -1 -1
1,1,1,1;1;1 1 4
3 
#2 
6	% 
 0  1  1  0  0  0
 1  0  0  0  0  0
 0 -2 -3 -1 -1 -1
 0  2  2  1  1  1
 0 -1 -1  0  0 -1
 0 -1 -1  0 -1  0
6	% 
  1 0 0 0  0  0
  0 1 0 0  0  0
 -3 0 1 0 -1  1
  2 0 0 0  1 -1
 -1 0 0 1  0  1
 -1 0 0 0  0  1
1,1,1;1,1;1 1 9
30 
#3 
6	% 
  0  0 0 0 -1 -1
  1  0 0 0  0  0
 -1  0 0 0  2  1
  0  0 0 1  0  0
  0  0 1 0  0  0
  0 -1 1 0  0  0
6	% 
 -2  0 0 -1 -2 0
 -1  0 0  0 -1 1
  3  0 0  1  2 0
 -1  0 0 -1 -1 0
  0  0 1  2  0 0
  0 -1 1  0  0 0
6	% 
  2  0  0  2  1  1
  2  0  0  1  1  1
 -3  0  0 -3 -2 -2
  1  1  1  1  1  0
  0 -2 -1  0 -1  1
  0 -1  1  0  0  0
1,1,1,1;1;1 1 3
3 
#1 
6	% 
  0 0 0 -1 -1 -1
 -1 0 0  0 -1 -1
 -1 0 0 -1  0 -1
  1 0 0  1  1  1
  0 0 1  0  0  0
  0 1 0  0  0  0
1,1;1,1;1;1 1 2
15 
#3 
6	% 
 0 0  0 1 1  1
 0 0 -1 0 0  0
 0 1  1 0 0  0
 1 0  0 0 0  0
 0 0  0 0 0 -1
 0 0  0 0 1  0
6	% 
 0 0  0 0 2 1
 0 0 -1 0 0 0
 0 1  1 0 0 0
 1 0  0 0 0 0
 0 0  0 1 0 0
 0 0  0 1 1 1
6	% 
 0 0  0 1 1  1
 0 0 -1 0 0  0
 0 1  1 0 0  0
 1 0  0 0 0  0
 0 0  0 0 0 -1
 0 0  0 1 0  1
1,1,1;1,1;1 1 1
3 
#1 
6	% 
 0 0  0  1 0 1
 0 0  0  1 0 0
 0 0  0 -1 1 0
 0 0 -1  0 0 0
 0 1  1  0 0 0
 1 0  0  0 0 0
1,1;1,1;1;1 1 8
30 
#3 
6	% 
 -1 -1 1 0 0  0
  0  0 0 1 1  1
  0  0 0 0 0 -1
  1  1 0 0 0  0
 -1  0 1 0 0  0
  0  0 0 0 1  0
6	% 
 -1 -1 1 0  0 0
  0  0 0 0  2 1
  0  0 0 1 -1 0
  1  1 0 0  0 0
 -1  0 1 0  0 0
  0  0 0 1  2 1
6	% 
 -1 -1 1 0 0  0
  0  0 0 1 1  1
  0  0 0 0 0 -1
  1  1 0 0 0  0
 -1  0 1 0 0  0
  0  0 0 1 0  1
2-2;1,1,1;1 1 4
4 
#1 
6	% 
  0 0 0  0  1  0
  0 0 0  0  1  1
  0 0 0 -1 -1 -1
  0 0 1  0  0  0
  0 1 0  0  0  0
 -1 0 0  0  0  0
1,1,1;1;1;1 1 1
1 
#1 
6	% 
 0 0 0  0 1  1
 0 0 0 -1 0  0
 0 0 0  0 0 -1
 1 0 0  0 0  0
 0 1 0  0 0  0
 0 0 1  0 0  0
1,1;1,1;1,1 1 2
15 
#3 
6	% 
 -1 0  0  0 -1  1
  0 0 -1  0  0  0
  0 1  1  0  0  0
  0 0  0 -1 -1 -1
  1 0  0  1  1  0
 -1 0  0  1  0  1
6	% 
 -1 0  0  0 -1 -1
  0 0 -1  0  0  0
  0 1  1  0  0  0
  0 0  0 -1  0 -1
  1 0  0  1  1  1
 -1 0  0  1  0  0
6	% 
 -1 0  0 -1 -1 -1
  0 0 -1  0  0  0
  0 1  1  0  0  0
  0 0  0  2 -1  1
  1 0  0  0  1  0
 -1 0  0 -1  0 -1
1,1;1,1;1;1 1 19
15 
#3 
6	% 
 -1 0 0  0 -1 -1
  0 0 0 -1  0 -1
  1 0 0  1  1  1
  0 0 1  0  0  0
 -1 0 0  1  0  0
  0 1 0  0  0  0
6	% 
 -1 0 0  0 -1  1
  0 0 0 -1 -1 -1
  1 0 0  1  1  0
  0 0 1  0  0  0
 -1 0 0  1  0  1
  0 1 0  0  0  0
6	% 
 -1 0 0 -1 -1 -1
  0 0 0  2 -1  1
  1 0 0  0  1  0
  0 0 1  0  0  0
 -1 0 0 -1  0 -1
  0 1 0  0  0  0
1,1;1,1;1;1 1 7
15 
#3 
6	% 
 -1 0 0  0 -1 -1
  0 0 0 -1  0 -1
  0 1 0  0  0  0
  0 0 1  0  0  0
  1 0 0  1  1  1
 -1 0 0  1  0  0
6	% 
 -1 0 0  0 -1  1
  0 0 0 -1 -1 -1
  0 1 0  0  0  0
  0 0 1  0  0  0
  1 0 0  1  1  0
 -1 0 0  1  0  1
6	% 
 -1 0 0 -1 -1 -1
  0 0 0  2 -1  1
  0 1 0  0  0  0
  0 0 1  0  0  0
  1 0 0  0  1  0
 -1 0 0 -1  0 -1
1,1,1;1;1;1 1 10
15 
#3 
6	% 
 -1 0  0  0  1  0
 -1 0  0  0 -1 -1
  1 0  0 -1  0  0
  0 0 -1  0  0  0
  0 1  0  0  0  0
 -1 0  0 -1 -1 -1
6	% 
 -1 0  0 -1 -1 -1
  0 0  0  0 -1  1
  1 0  0  0  1  0
  0 0 -1  0  0  0
  0 1  0  0  0  0
 -1 0  0 -1 -1  0
6	% 
  0 0  0 -1  0  0
 -1 0  0 -1 -1 -1
  1 0  0  1  0  1
  0 0 -1  0  0  0
  0 1  0  0  0  0
 -1 0  0 -1 -1  0
1,1,1;1;1;1 1 2
15 
#3 
6	% 
 -1 0 0  0  1  0
 -1 0 0  0 -1 -1
  0 1 0  0  0  0
  0 0 1  0  0  0
  1 0 0 -1  0  0
 -1 0 0 -1 -1 -1
6	% 
 -1 0 0 -1 -1 -1
  0 0 0  0 -1  1
  0 1 0  0  0  0
  0 0 1  0  0  0
  1 0 0  0  1  0
 -1 0 0 -1 -1  0
6	% 
  0 0 0 -1  0  0
 -1 0 0 -1 -1 -1
  0 1 0  0  0  0
  0 0 1  0  0  0
  1 0 0  1  0  1
 -1 0 0 -1 -1  0
1,1,1;1;1;1 1 5
3 
#1 
6	% 
 0 0 0  0 1  1
 0 0 0 -1 0  0
 0 0 0  0 0 -1
 1 0 0  0 0  0
 0 0 1  0 0  0
 0 1 0  0 0  0
1,1,1,1;1;1 1 1
3 
#1 
6	% 
  0 0 0 -1 -1 -1
 -1 0 0  0 -1 -1
 -1 0 0 -1  0 -1
  1 0 0  1  1  1
  0 1 0  0  0  0
  0 0 1  0  0  0
2-1,2-1;1;1 1 2
12 
#1 
6	% 
 0 1 0  1  0  0
 0 0 1 -1 -1 -1
 1 0 0  0  0  0
 0 0 0  1  0  1
 0 0 0 -1  0  0
 0 0 0  1  1  0
2-1;2-1;1,1 1 3
3 
#1 
6	% 
 0 1 0  0  0  0
 0 0 1  0  0  0
 1 0 0  0  1 -1
 0 0 0 -1  0 -1
 0 0 0  1  1  1
 0 0 0 -1 -1  0
2-1;2-1;1;1 1 3
3 
#1 
6	% 
 0 1 0 0 0 0
 0 0 1 0 0 0
 1 0 0 0 0 0
 0 0 0 0 1 0
 0 0 0 1 0 0
 0 0 0 0 0 1
2-1,2-1;1;1 2 2
12 
#1 
6	% 
 0 -1  0  0 -1 -1
 0  0 -1 -2 -1 -1
 1  0  0  0  0  0
 0  0  1  1  0  1
 0  1 -1 -1  0  0
 0  0  1  1  1  0
2-1,2-1;1,1 1 2
12 
#1 
6	% 
 0 1 0  0  0  0
 0 0 1  0  0  0
 1 0 0  0  1 -1
 0 0 0 -1  0 -1
 0 0 0  1  0  0
 0 0 0 -1 -1  0
2-1,2-1;1,1 2 2
12 
#1 
6	% 
  0 -1  0  0 -1 -1
  0  0 -1 -2 -1 -1
 -1  0  0  0 -1  1
 -1  0  1  1  0  1
  0  1 -1 -1  0  0
  1  0  1  1  1  0
2-1;1,1;1;1 1 20
9 
#2 
6	% 
  0 0 1  0 0  0
  0 1 0  0 0  0
  1 0 0  0 0  0
 -1 0 0  0 0  1
  1 0 0 -1 0 -1
  0 0 0  1 1  1
6	% 
  0 0 1  0 0 0
  0 1 0  0 0 0
  1 0 0  0 0 0
 -1 0 0 -1 0 0
  1 0 0  1 0 1
  0 0 0  0 1 0
2-1;1,1;1;1 1 4
15 
#3 
6	% 
 0 0 1  0 0  0
 0 1 0  0 0  0
 0 0 0 -1 1 -2
 1 0 0  0 0  0
 0 0 0  1 0  2
 0 0 0 -1 1 -1
6	% 
 0 0 1 0 0  0
 0 1 0 0 0  0
 0 0 0 1 1  1
 1 0 0 0 0  0
 0 0 0 0 0 -1
 0 0 0 0 1  0
6	% 
 0 0 1 0 0  0
 0 1 0 0 0  0
 0 0 0 1 1  1
 1 0 0 0 0  0
 0 0 0 0 0 -1
 0 0 0 1 0  1
2-1;1,1;1;1 1 8
9 
#2 
6	% 
  0 0 1  0  0  0
  0 1 0  0  0  0
 -3 0 0 -2 -2 -2
  2 0 0  1  1  1
 -1 0 0  0 -1  0
 -1 0 0  0  0 -1
6	% 
 0 0 1  0  0  0
 0 1 0  0  0  0
 1 0 0  0  2 -2
 0 0 0  0 -1  1
 0 0 0  0  0 -1
 0 0 0 -1  0 -1
1,1,1;1,1;1 1 3
45 
#6 
6	% 
 0 0  2 0  1  1
 0 0  1 0  0  0
 0 0 -3 1 -1 -1
 1 0  1 0  1  0
 1 0  0 0  0  0
 0 1  0 0  0  0
6	% 
 0 0  2  0  1 -1
 0 0  1  0  0  0
 0 0 -3 -1 -1  0
 1 0  1  0  1  0
 1 0  0  0  0  0
 0 1  0  0  0  0
6	% 
  2 0  2  0  1 -1
  1 0  1  0  0  0
 -2 0 -3  0 -1  1
  1 0  1  0  0 -1
  0 0  0 -1 -1 -1
  0 1  0  0  0  0
6	% 
 0 0  2 -1  1 -1
 0 0  1  0  0  0
 0 0 -3  0 -1  1
 1 0  1  0  1  0
 1 0  0  0  0  0
 0 1  0  0  0  0
6	% 
 0 0 -2  0 -1 -1
 1 0 -1  0  0  0
 0 0  3  0  1  1
 0 0 -1 -1  0 -2
 0 0  0 -1  0 -1
 0 1  0  0  0  0
6	% 
 0 0  2  1  1  1
 0 0  1  0  0  0
 1 0 -3 -1 -1 -1
 0 0  1  2  0  1
 0 0  0  2 -1  1
 0 1  0  0  0  0
1,1,1;1,1;1 1 8
30 
#3 
6	% 
  1 0 -1  0 -1  1
  0 0  0 -2 -3  1
 -2 0  2  1  4 -3
  1 0  0  0  0  1
  0 0  0 -1 -2  0
  0 1  0  0  0  0
6	% 
  1 0 -1  2  1  1
  2 0 -2  4  1  1
 -3 0  3 -7 -3 -3
  1 0  0  1  0  1
  1 0 -1  2  1  0
  0 1  0  0  0  0
6	% 
 -1 0  1 -1 -1  1
 -1 0  1 -2 -2  2
  2 0 -2  5  4 -4
  0 0  1  0  0  1
  0 0  1 -1 -1  1
  0 1  0  0  0  0
3;1,1,1 2 1
1 
#1 
6	% 
 0 0 1  0  0  0
 0 1 0  0  0  0
 1 0 0  0  0  0
 0 0 0  0 -1 -1
 0 0 0 -1  0 -1
 0 0 0  1  1  1
1,1,1;1;1;1 1 11
9 
#2 
6	% 
 0  0 1  0  0  0
 0 -1 0  0 -1  1
 1  0 0  0  0  0
 0  0 0 -1 -1 -1
 0 -1 1  0 -1  0
 0 -1 1 -1 -1  0
6	% 
 0 1 0 0 0 0
 0 0 1 0 0 0
 1 0 0 0 0 0
 0 0 0 0 0 1
 0 1 1 1 1 1
 0 1 1 1 0 1
1,1,1;1;1;1 1 3
9 
#2 
6	% 
 0  1  0 0  0 0
 0 -1 -1 0  0 0
 1  0  0 0  0 0
 0  0  0 1  1 0
 0  0  0 0 -1 1
 0  0  0 0  1 0
6	% 
 0 0  1  0  0  0
 1 0 -3 -1 -1 -1
 0 1  0  0  0  0
 0 0 -1  0  0 -1
 0 0  2  1  1  1
 0 0 -1  0 -1  0
1,1;1,1;1;1 1 11
9 
#2 
6	% 
 1  0 0  0  1 -1
 0 -1 0  0  0  0
 0  1 1  0  0  0
 0  0 0  0 -1  0
 0  0 0 -1  0 -1
 0  0 0  1  0  0
6	% 
  1 0  0  0 0 0
  0 0 -1  0 0 0
  0 1  1  0 0 0
 -1 0  0 -1 0 0
  1 0  0  1 0 1
  0 0  0  0 1 0
1,1;1,1;1;1 1 5
9 
#2 
6	% 
 1 0 0  0  2 -2
 0 1 0  0  0  0
 0 0 1  0  0  0
 0 0 0  0 -1  1
 0 0 0 -1  0 -1
 0 0 0  0  0 -1
6	% 
 -3 0 0 -2 -2 -2
  0 1 0  0  0  0
  0 0 1  0  0  0
  2 0 0  1  1  1
 -1 0 0  0  0 -1
 -1 0 0  0 -1  0
1,1;1,1;1,1 1 4
30 
#3 
6	% 
 -1 -1  1  0  0  0
  0  0  0 -1 -1 -1
  0  0  0  1  0  1
  1  0 -1  0  0  0
 -1 -1  0  0  0  0
  0  0  0 -1 -1  0
6	% 
 -1 -1 1 0  0 0
  0  0 0 0  2 1
  0  0 0 1 -1 0
  1  1 0 0  0 0
 -1  0 1 0  0 0
  0  0 0 1  2 1
6	% 
 -1 -1 -1 0 0 0
  0  0  0 1 0 0
  0  0  0 0 1 0
  1  1  0 0 0 0
 -1  0 -1 0 0 0
  0  0  0 1 0 1
1,1;1,1;1;1 1 26
18 
#2 
6	% 
 1  0  0  0  0  0
 0  0 -1  0  0  0
 0 -1  0  0  0  0
 0  0  0 -1 -1  0
 0  0  0  0  0 -1
 0  0  0 -1  0  0
6	% 
 1  0  0  0  0 0
 0  2  1  2  1 1
 0  1  2  2  1 1
 0 -1 -1 -1 -1 0
 0  1  1  1  1 1
 0  0  0  0 -1 0
1,1;1,1;1;1 1 20
18 
#2 
6	% 
 1  0  0 0  0  0
 0  0 -1 0 -2  2
 0  0  0 0  1 -1
 0  0  0 1  0  1
 0 -1  0 0 -2  2
 0  0  0 0  0  1
6	% 
 1  0 0  0  0  0
 0  0 1  1  1  1
 0  0 0 -1 -1 -1
 0  0 0  1  1  0
 0 -1 0  1  1  1
 0  0 0  0  1  0
1,1,1;1;1;1 1 16
18 
#2 
6	% 
 1  1 -1 0  1 -1
 0  1 -2 0  2 -2
 0 -2  1 0 -2  2
 0  1 -1 0  2 -1
 0  1 -1 1  2 -1
 0  0  0 1  1  1
6	% 
  1  0  0  0  0  0
  1 -1  2 -2 -1 -1
 -1  2 -1  2  1  1
  1 -1  1 -1  0  0
  1 -1  1 -1  0 -1
  0  0  0  0  1  0
1,1,1;1;1;1 1 8
18 
#2 
6	% 
  1  0  0  0  0  0
 -1  0 -1  0  1 -1
  1  0  0 -1 -1  0
  0  0  0 -1  0  0
  1 -1  0  0 -1  1
 -1  0  0 -1  0 -1
6	% 
 -1 -1 -1 -1 -1 -1
  1  1  2  1  1  1
  0 -1 -1  0  0 -1
  0  0  0  0  1 -1
 -1 -2 -1 -1 -1 -1
  0  1  1  1  1  0
2-2;1,1;1,1 1 4
20 
#3 
6	% 
 0 0  0 1 0 0
 0 0  0 0 1 0
 0 0  0 0 0 1
 0 0 -1 0 0 0
 0 1  0 0 0 0
 1 0  0 0 0 0
6	% 
  0  0  0  0  2  1
  1  1 -1  1 -1  0
 -1 -1  1 -1 -2 -1
  0  0  1  0  0  0
  0 -1  0  0  0  0
 -1  0  0  0  0  0
6	% 
 0 0  0  1 1  1
 0 0  0  0 0 -1
 0 0  0 -1 0 -1
 0 0 -1  0 0  0
 0 1  0  0 0  0
 1 0  0  0 0  0
1,1,1;1;1;1 1 14
1 
#1 
6	% 
  0 -1 -1  0 0  0
 -1  0 -1  0 0  0
  1  1  1  0 0  0
  0  0  0  0 0  1
  0  0  0 -1 0 -1
  0  0  0  1 1  1
1,1,1;1;1;1 1 6
1 
#1 
6	% 
  0 -1 -1  0 0 0
 -1  0 -1  0 0 0
  1  1  1  0 0 0
  0  0  0 -1 0 0
  0  0  0  1 0 1
  0  0  0  1 1 0
2-1;1,1;1;1 1 3
3 
#1 
6	% 
 0 1 0 0 0 0
 0 0 1 0 0 0
 1 0 0 0 0 0
 0 0 0 0 1 0
 0 0 0 1 0 0
 0 0 0 0 0 1
2-1;1,1;1;1 1 15
6 
#1 
6	% 
 -1 -1  1 0 0 0
  0  0  0 0 1 0
  1  0 -1 0 0 0
  0  0  0 1 0 0
  0  0  0 0 0 1
 -1 -1  0 0 0 0
2-2;2-1;1;1 1 7
4 
#1 
6	% 
  0  0 0 0  1 0
  0  0 0 0 -1 1
  0  0 0 1  1 0
  0  0 1 0  0 0
  0 -1 0 0  0 0
 -1  0 0 0  0 0
2-1;1,1;1;1 1 10
6 
#1 
6	% 
 1  0 0  0  0  0
 0  0 0  1  0  1
 0  0 1  0  0  0
 0  0 0 -1 -1 -1
 0  0 0  1  1  0
 0 -1 0  0  0  0
2-1;1,1;1;1 1 11
3 
#1 
6	% 
 1 0 0 0 1 -1
 0 0 0 0 1  0
 0 0 0 1 0  0
 0 0 1 0 0  0
 0 0 0 0 0  1
 0 1 0 0 0  0
1,1;1,1;1;1 1 24
36 
#3 
6	% 
 1  0  0  0  1 -1
 0 -1 -2 -2 -1 -1
 0  2  1  2  1  1
 0  1  1  1  0  0
 0  1  1  1  0  1
 0  0  0  0  1  0
6	% 
 1  0 0  2  1 1
 0 -1 0  0  0 0
 0  0 1  0  0 0
 0  0 0  0 -1 0
 0  0 0 -1 -1 0
 0  0 0  1  1 1
6	% 
  1  0  0  0  0  0
  0 -1 -2 -2 -1 -1
  0  2  1  2  1  1
  0  1  1  1  0  1
 -1  1  1  1  0  0
  1  0  0  0  1  0
1,1;1,1;1,1 1 9
18 
#2 
6	% 
  1  0  0  0  0  0
  0 -1  0 -1 -1 -1
  0  0 -1 -1  0  0
  0  0 -2 -1  0  0
 -1  1 -1  0  0  1
  1  1  1  1  1  0
6	% 
  1  0 0  0 0  0
  0 -1 0  0 0  1
  0  0 1  0 1  0
  0  0 0  0 1  0
 -1  0 0 -1 0 -1
  1  0 0  1 0  0
1,1,1;1;1;1 1 7
30 
#3 
6	% 
 0 -1 -1 1 -1  2
 1  0  0 0  0  0
 0  0  1 0  0  0
 0  0  0 0  0 -1
 0 -1  0 0  0  0
 0  0  0 0 -1  0
6	% 
 0 -1 -1 -1 -1 -1
 1  0  0  0  0  0
 0 -1  0 -1  0  0
 0  1  1  1  0  1
 0  0  1  1  0  0
 0 -1 -1 -1 -1  0
6	% 
 0  1 -1 1  1 1
 1  0  0 0  0 0
 0  0 -1 0  0 0
 0 -1  1 0 -1 0
 0 -1  0 0  0 0
 0  1 -1 1  1 0
1,1;1,1;1;1 1 10
36 
#3 
6	% 
 -3 0  0 -2 -2 -2
  1 0  0  0  1  0
  2 0  0  1  1  1
  0 0 -1 -1  0  0
  0 1  0  1  0  0
  1 0  0  1  1  0
6	% 
 -3  0  0 -2 -2 -2
  1  0  0  1  1  0
  2  0  0  1  1  1
  0  0 -1  0  0  0
  0 -1  0  0  0  0
  1  0  0  1  0  1
6	% 
 -3  0  0 0 -2  2
  1  0  0 1  1  0
  2  0  0 0  1 -1
  0  0 -1 0  0  0
  0 -1  0 0  0  0
  1  0  0 0  0 -1
1,1;1,1;1,1 1 6
18 
#2 
6	% 
 -3 0 0 -2 -2 -2
  1 0 0  0  0  1
  2 0 0  1  1  1
  0 0 1  1 -1  1
  0 1 0  1  1 -1
  1 0 0  0  1  0
6	% 
  0 1  0  0  2 -2
 -1 0 -1 -1 -1  0
  0 0  0  0 -1  1
  0 0  1  1  0  0
  1 0  0 -1  0  0
 -1 0 -1  0 -1  0
1,1;1,1;1;1 1 16
30 
#3 
6	% 
 0 0 0  1  0  1
 1 0 0  0  0  0
 0 0 1  0  0  0
 0 0 0 -1  0 -2
 0 1 0  0  0  0
 0 0 0  1 -1  1
6	% 
 0 0 0 1  0 0
 1 0 0 0  0 0
 0 0 1 0  0 0
 0 0 0 0  0 1
 0 1 0 0  0 0
 0 0 0 0 -1 0
6	% 
 0 0 0  1  0  0
 1 0 0  0  0  0
 0 0 1  0  0  0
 0 0 0 -2  0 -1
 0 1 0  0  0  0
 0 0 0  1 -1  0
2-1;1;1;1;1 1 2
1 
#1 
6	% 
 1 0 0 0 0 0
 0 1 0 0 0 0
 0 0 1 0 0 0
 0 0 0 0 1 0
 0 0 0 1 0 0
 0 0 0 0 0 1
2-1;1;1;1;1 1 9
3 
#1 
6	% 
 1 0 0 0 0 0
 0 0 0 0 1 0
 0 0 1 0 0 0
 0 0 0 1 0 0
 0 0 0 0 0 1
 0 1 0 0 0 0
2-1;1,1;1;1 1 2
3 
#1 
6	% 
 1 0 0  0  1 -1
 0 1 0  0  0  0
 0 0 1  0  0  0
 0 0 0 -1  0 -1
 0 0 0  1  1  1
 0 0 0 -1 -1  0
1,1;1,1;1;1 1 18
18 
#2 
6	% 
 0 0 1  0  1 1
 1 0 0  0  0 0
 0 1 0  0  0 0
 0 0 0 -1 -1 0
 0 0 0  0  0 1
 0 0 0  1  0 0
6	% 
 -1 0 0  0 -1  1
  0 0 1  0  0  0
  0 1 0  0  0  0
  0 0 0 -1 -1 -1
 -1 0 0 -1 -1  0
  1 0 0  0  1  0
1,1;1,1;1;1 1 3
18 
#2 
6	% 
 1 0 0  2  2  2
 0 0 1  0  0  0
 0 1 0  0  0  0
 0 0 0 -1 -1 -1
 0 0 0  0  1  0
 0 0 0  1  1  0
6	% 
 1 0 0  2  2  2
 0 0 1  0  0  0
 0 1 0  0  0  0
 0 0 0 -1 -1 -1
 0 0 0  1  0  1
 0 0 0  1  1  0
2-1;1;1;1;1 1 16
3 
#1 
6	% 
 0 1 0  0 0  0
 0 0 1  0 0  0
 1 0 0  0 0  0
 0 0 0 -1 0 -1
 0 0 0  1 1  1
 0 0 0  0 0 -1
2-1;1;1;1;1 1 5
3 
#1 
6	% 
 0 1 0  0 0 0
 0 0 1  0 0 0
 1 0 0  0 0 0
 0 0 0  1 0 1
 0 0 0 -1 0 0
 0 0 0  1 1 0
1,1;1,1;1,1 1 8
6 
#1 
6	% 
 1  0  0  0  0  0
 0  0  1  0  0  0
 0 -1  0  0 -1 -1
 0  1  1  1  1  1
 0  1  0  0  0  1
 0  0 -1 -1  0 -1
1,1;1,1;1;1 1 33
18 
#2 
6	% 
  0 1  0  0 0  0
 -1 0  0  0 1 -1
  0 0 -1  0 1 -1
  0 0  0 -1 0  0
  0 0  0  0 1  0
  0 0  0  1 0  1
6	% 
 0 1 0  0  0  0
 0 0 1 -1 -1 -1
 1 0 0  1  0  0
 0 0 0  1  0  1
 0 0 0  0 -1  0
 0 0 0 -1  0  0
1,1;1,1;1,1 1 3
6 
#1 
6	% 
 1 0  0  2  2  2
 0 1  0  0  0  0
 0 0 -1  0  0  0
 0 0  0 -1 -1 -1
 0 0 -1  0  1  0
 0 0  1  1  1  0
1,1;1,1;1;1 1 17
18 
#2 
6	% 
  0 1  0  0 0 0
  0 0  0 -1 0 0
  1 0  1  1 0 1
  0 0 -1  0 0 0
  1 0  1  1 1 0
 -1 0  0  0 0 0
6	% 
 1 0  0 0  0  0
 0 0  0 0  1 -1
 0 0  0 0  0  1
 0 0 -1 0 -1  1
 0 0  0 1  0  1
 0 1  0 0  1 -1
1,1;1;1;1;1 1 24
9 
#2 
6	% 
 0  1 0  0 0  0
 1  0 0  0 0  0
 0  0 1  0 0  0
 0  0 0  0 0  1
 0 -1 0 -1 0 -1
 0  1 0  1 1  1
6	% 
 -1 0 0  0 -1  1
  0 1 0  0  0  0
  0 0 1  0  0  0
  0 0 0 -1 -1 -1
  1 0 0  1  1  0
 -1 0 0  0 -1  0
1,1;1;1;1;1 1 35
18 
#2 
6	% 
 1 0 0  0  0  0
 0 0 1 -2 -1 -1
 0 1 0  2  1  1
 0 0 0  0  0 -1
 0 0 0 -1  0 -1
 0 0 0 -1 -1 -1
6	% 
 1  0  0 0  0  0
 0  1 -2 0  2 -2
 0 -2  1 0 -2  2
 0  0  0 1  1  1
 0  1 -1 1  2 -1
 0  1 -1 0  2 -1
1,1;1;1;1;1 1 26
3 
#1 
6	% 
 0 1 0 0 0 0
 0 0 1 0 0 0
 1 0 0 0 0 0
 0 0 0 0 0 1
 0 0 0 1 1 1
 0 0 0 1 0 1
2-2;1,1;1;1 1 17
12 
#2 
6	% 
  0  0  0  1  1  1
  1  1 -1  0  1  0
  2  1 -2  0  1 -1
 -1 -1  1 -1 -1  0
  1  2 -2  0  1 -1
  2  2 -1  0  1 -1
6	% 
  0  0  0  0 0 -1
  1  1 -1  1 1  0
  2  1 -2  2 1  1
 -1 -1  1 -1 0  0
  1  2 -2  2 1  1
  2  2 -1  2 1  1
1,1;1;1;1;1 1 2
5 
#3 
6	% 
 0 0 0 1 -1  2
 1 0 0 0  0  0
 0 1 0 0  0  0
 0 0 1 0  0  0
 0 0 0 0  0 -1
 0 0 0 0 -1  0
6	% 
 0 0 0 -1 -1 -1
 1 0 0  0  0  0
 0 1 0  0  0  0
 0 0 1  0  0  0
 0 0 0  1  0  1
 0 0 0 -1 -1  0
6	% 
 0 0 0 1  1 1
 1 0 0 0  0 0
 0 1 0 0  0 0
 0 0 1 0  0 0
 0 0 0 0 -1 0
 0 0 0 1  1 0
1,1;1;1;1;1 1 40
9 
#2 
6	% 
 1 0 0 0 0 0
 0 0 1 0 0 0
 0 1 0 0 0 0
 1 0 0 1 1 0
 1 0 0 0 1 0
 0 0 0 1 1 1
6	% 
 1 0 0 0 0 0
 0 0 1 0 0 0
 0 1 0 0 0 0
 1 0 0 1 1 0
 1 0 0 1 1 1
 0 0 0 0 1 0
1,1;1;1;1;1 1 9
15 
#3 
6	% 
 0 0 0  1 1 0
 1 0 0  0 0 0
 0 0 1  0 0 0
 0 0 0 -1 0 0
 0 1 0  0 0 0
 0 0 0  1 1 1
6	% 
 0 0 0 -1 -1 -1
 1 0 0  0  0  0
 0 0 1  0  0  0
 0 0 0  1  0  1
 0 1 0  0  0  0
 0 0 0 -1 -1  0
6	% 
 0 0 0  2 -1  1
 1 0 0  0  0  0
 0 0 1  0  0  0
 0 0 0 -1  0 -1
 0 1 0  0  0  0
 0 0 0  0 -1  0
1,1;1;1;1;1 1 38
6 
#1 
6	% 
 -1 -1  1  0  0 0
  1  0 -1  0  0 0
 -1 -1  0  0  0 0
  0  0  0 -1 -1 0
  0  0  0  1  1 1
  0  0  0  0  1 0
2-2;1,1;1;1 1 11
20 
#3 
6	% 
  0  0 0 1 0 1
  0  0 0 0 1 0
  0  0 0 0 0 1
  0  0 1 0 0 0
  0 -1 0 0 0 0
 -1  0 0 0 0 0
6	% 
  0  0 0 1 0  0
  0  0 0 0 1  0
  0  0 0 0 0 -1
  0  0 1 0 0  0
  0 -1 0 0 0  0
 -1  0 0 0 0  0
6	% 
  0  0 0 0 1 -1
  0  0 0 1 0  1
  0  0 0 0 0 -1
  0  0 1 0 0  0
  0 -1 0 0 0  0
 -1  0 0 0 0  0
3;1,1;1 2 4
5 
#3 
6	% 
 0 0 1 0  0  0
 0 1 0 0  0  0
 1 0 0 0  0  0
 0 0 0 1 -1  2
 0 0 0 0  0 -1
 0 0 0 0 -1  0
6	% 
 0 0 1  0  0  0
 0 1 0  0  0  0
 1 0 0  0  0  0
 0 0 0 -1 -1 -1
 0 0 0  1  0  1
 0 0 0 -1 -1  0
6	% 
 0 0 1 0  0 0
 0 1 0 0  0 0
 1 0 0 0  0 0
 0 0 0 1  1 1
 0 0 0 0 -1 0
 0 0 0 1  1 0
1,1;1;1;1;1 1 5
3 
#1 
6	% 
 0 1 0  0 0 0
 0 0 1  0 0 0
 1 0 0  0 0 0
 0 0 0  1 0 1
 0 0 0 -1 0 0
 0 0 0  1 1 0
1,1;1;1;1;1 1 10
6 
#1 
6	% 
 -1 -1  1 0 0 0
  1  0 -1 0 0 0
  0  0  0 1 0 1
  0  0  0 1 0 0
 -1 -1  0 0 0 0
  0  0  0 1 1 0
1,1;1;1;1;1 1 4
9 
#2 
6	% 
 0 1 0  2  0  0
 1 0 0  0  0  0
 0 0 1  0  0  0
 0 0 0 -1  0  0
 0 0 0  0 -1  0
 0 0 0  0  0 -1
6	% 
 1 0 0  0  2 -2
 0 1 0  0  0  0
 0 0 1  0  0  0
 0 0 0  0 -1  1
 0 0 0 -1  0 -1
 0 0 0  0  0 -1
1,1;1;1;1;1 1 12
18 
#2 
6	% 
 1 0 0  0  0 0
 0 0 0 -1 -1 0
 0 0 0  0 -1 1
 0 0 1 -1  0 0
 0 0 0  0 -1 0
 0 1 0  1  0 0
6	% 
 1 0  0 0 0 0
 0 0  0 1 0 1
 0 0  0 1 0 0
 0 0 -1 0 0 0
 0 0  0 1 1 0
 0 1  0 0 0 0
1,1;1;1;1;1 1 16
9 
#2 
6	% 
 -1 0 0 -1 -1 -1
  2 0 0  1  1  1
  0 0 1  0  0  0
 -1 0 0 -1  0 -1
  0 1 0  0  0  0
 -1 0 0 -1 -1  0
6	% 
 1 0 0 0  1 -1
 0 0 0 0 -1  1
 0 0 1 0  0  0
 0 0 0 0  1  0
 0 1 0 0  0  0
 0 0 0 1  1  0
2-2;1,1;1;1 1 9
12 
#2 
6	% 
  1  1 -1  0  0 1
  0  0  0  1  0 0
 -1 -1  1 -1 -1 0
  0  0  1  0  0 0
  0 -1  0  0  0 0
 -1  0  0  0  0 0
6	% 
  0  0 0  1 0 1
  0  0 0 -1 0 0
  0  0 0  1 1 0
  0  0 1  0 0 0
  0 -1 0  0 0 0
 -1  0 0  0 0 0
1;1;1;1;1;1 1 24
3 
#1 
6	% 
 1 0 0  0  0  0
 0 0 1  0  0  0
 0 1 0  0  0  0
 0 0 0  0  0 -1
 0 0 0 -1  0 -1
 0 0 0 -1 -1 -1
1;1;1;1;1;1 1 8
3 
#1 
6	% 
 1 0 0 0 0 0
 0 0 1 0 0 0
 0 0 0 1 0 1
 0 0 0 1 0 0
 0 1 0 0 0 0
 0 0 0 1 1 0
1;1;1;1;1;1 1 17
1 
#1 
6	% 
 1 0 0  0  0  0
 0 1 0  0  0  0
 0 0 1  0  0  0
 0 0 0  0  0  1
 0 0 0 -1 -1 -1
 0 0 0  1  0  1
1;1;1;1;1;1 1 3
1 
#1 
6	% 
 1 0 0  0 0 0
 0 1 0  0 0 0
 0 0 1  0 0 0
 0 0 0  1 0 1
 0 0 0 -1 0 0
 0 0 0  1 1 0
2-2;1;1;1;1 1 17
4 
#1 
6	% 
  0  0 0  0  0 -1
  0  0 0  1  0  0
  0  0 1  0  0  0
  0  0 0 -1 -1  0
  0 -1 0  0  0  0
 -1  0 0  0  0  0
2-2;1;1;1;1 1 9
4 
#1 
6	% 
  0  0 0  1 0 1
  0  0 0 -1 0 0
  0  0 0  1 1 0
  0  0 1  0 0 0
  0 -1 0  0 0 0
 -1  0 0  0 0 0
3;1;1;1 2 10
1 
#1 
6	% 
 0 1 0  0 0  0
 0 0 1  0 0  0
 1 0 0  0 0  0
 0 0 0  0 0  1
 0 0 0 -1 0 -1
 0 0 0  1 1  1
3;1;1;1 2 5
1 
#1 
6	% 
 1 0 0  0 0 0
 0 0 1  0 0 0
 0 1 0  0 0 0
 0 0 0 -1 0 0
 0 0 0  1 0 1
 0 0 0  1 1 0
