#21

1,1;1;1;1;1 1 42
1 
#1 
6	% 
 1 0 0 0 0 0
 0 1 0 0 0 0
 0 0 1 0 0 0
 0 0 0 1 0 0
 0 0 0 0 1 0
 0 0 0 0 0 1
1,1,1,1,1,1 1 1
1 
#1 
6	% 
 1 0 0 0 0 0
 0 1 0 0 0 0
 0 0 1 0 0 0
 0 0 0 1 0 0
 0 0 0 0 1 0
 0 0 0 0 0 1
1,1,1,1;1,1 1 2
3 
#3 
6	% 
 0  0  0 1 1 1
 0 -1  0 0 1 0
 0 -1 -1 0 0 0
 1  0  0 0 0 0
 0  1  0 0 0 1
 0 -1  0 0 0 0
6	% 
  0  0 0  1  0  1
 -1  0 0  0  0  0
 -1  0 0  1 -1  0
  0 -1 1  0  0 -1
  1  1 0 -1  0  0
 -1  1 0  1  0  1
6	% 
  1  1  1  0 0  1
  1  0  1  0 0  1
  1  1  0  0 0  1
  0  0  0 -1 1  0
 -1 -1 -1  1 0 -1
  1  1  1  1 0  2
1,1,1,1,1;1 1 2
4 
#2 
6	% 
  0  0  0  0 -1  0
 -1  0  0  0  0  0
 -1  0  0  1 -1 -1
 -1 -1 -1 -1 -1 -1
  1  0  1  0  1  1
 -1 -1  0  0 -1 -2
6	% 
 -1  1 1  0  1  1
 -1  0 0  0  0  0
 -1  0 0  0  1  0
  0  1 0  0  1  1
  1 -1 0 -1 -1 -1
 -1  1 0 -1  1  0
1,1,1;1,1,1 1 3
2 
#1 
6	% 
  0  1  1  1  1  1
 -1  0  0  0  0  1
  0  0  1  1  1  0
  0 -1 -1 -1  0 -1
  0 -1  0 -1 -1 -2
  0  1  1  1  0  0
1,1,1;1,1,1 1 2
2 
#1 
6	% 
  0 -1  0  0 -1 -1
  0 -1 -1  0  0  0
 -1  0  0  0  0  0
  1  0  0 -1  0  0
  0  1  0  1  0  1
  0 -1  0  1  0  0
1,1,1,1;1,1 1 3
4 
#1 
6	% 
  1  1 1  0  1  0
 -1  0 0  0  0  1
  0  0 0 -1  0  0
  0 -1 0  0 -1 -1
  0  0 1  0  1  0
  0  0 0 -1  0 -1
1,1,1;1,1;1 1 7
4 
#2 
6	% 
 0 1 -1 0 -2  0
 0 0  0 0 -2 -1
 0 0  0 1  5  3
 1 0  0 0 -1  0
 1 0  0 0  0  0
 0 1  0 0 -1  0
6	% 
  2  1  1 0 0  1
  2  0  0 0 0 -1
 -5 -1 -1 0 0  1
  1  0  0 0 1  0
  0  0  0 1 1  1
  1  1  0 0 0  1
1,1;1,1;1,1 1 9
2 
#1 
6	% 
  1  0  0  0  0  0
  0  0  1  0  1  0
  0  1  0  0  1  1
  0  1  1 -1  1  0
 -1  0  0 -1  0 -1
  1 -1 -1  0 -1  0
1,1;1,1;1,1 1 8
1 
#1 
6	% 
  0 -1 1 0  0 -1
  0  0 0 1  1  1
 -1  0 0 0  0 -1
  1  0 0 0  1  1
  1 -1 0 0  0  0
  0  1 0 0 -1  0
1,1,1;1,1;1 1 6
4 
#2 
6	% 
 0 -2 0 0 0 -1
 0 -1 1 0 0 -1
 0  3 0 0 1  2
 1 -1 0 0 0  0
 1  0 0 0 0  0
 0 -1 0 1 0  0
6	% 
 -2 0  0 0 0 -1
 -1 0  0 0 0 -1
  2 0  0 0 1  2
 -1 0 -1 0 0  0
  0 1 -1 0 0  1
 -1 0  0 1 0  0
1,1,1,1;1;1 1 4
1 
#1 
6	% 
 1  0 0 -1 0  0
 1  0 0  0 0  0
 0  0 0  3 1  2
 0  0 0 -2 0 -1
 0 -1 0  1 0  0
 0  0 1  1 0  0
1,1,1;1,1;1 1 9
4 
#1 
6	% 
  2  0 0 0  0  1
  1  0 0 0  0  0
 -2  0 0 1  0  0
  1  0 0 0 -1  0
  0  0 1 0  1  0
  0 -1 1 0  0 -1
1,1,1,1;1;1 1 5
4 
#1 
6	% 
  1 0  0 -1  0  1
  2 0  0 -1  0  0
  0 0 -1 -1  0  0
 -1 0  0  1 -1 -1
  1 0  0 -1 -1  0
  0 1  0  1  0  1
1,1,1;1,1;1 1 11
4 
#1 
6	% 
 0  0  0 0 0  1
 0 -1  1 0 0 -2
 1  2 -2 0 0  2
 0  0  0 0 1  1
 0  0  1 0 0 -1
 0  0  0 1 0  1
1,1,1,1;1;1 1 6
1 
#1 
6	% 
  1  0 -1  0 0 0
  1  0  0  0 0 0
  0  1  0  0 0 0
 -1 -1  0  0 1 0
  1  1  0  1 0 1
  0  0  0 -1 1 0
1,1;1,1;1;1 1 24
4 
#1 
6	% 
  1 0  0  0  0 0
  0 1  0  0 -1 0
  0 0 -1  0  1 1
  0 0  0 -1  1 0
 -1 0  0  0  1 0
  1 0  0  1  0 1
1,1;1,1;1;1 1 22
1 
#1 
6	% 
  1  0 0 0  0  1
  0  0 0 1  1  1
  1  0 1 0  0  0
  1 -1 0 0  0  0
 -1  0 0 0 -1 -1
 -1  0 0 0  1  0
1,1;1,1;1;1 1 32
1 
#1 
6	% 
 1  0 0 0 0  0
 0 -1 1 0 0 -1
 0  0 0 0 1  1
 0  1 0 0 0  1
 0  1 0 0 1  1
 0  0 0 1 1  1
1,1,1;1;1;1 1 13
2 
#1 
6	% 
  1  0 0  0  0  0
  0  0 0  0 -1 -1
  1 -1 0  0 -1 -1
  0  0 1 -1  0 -1
  1  0 0 -1 -1 -1
 -1  0 0 -1  1  0
1,1,1;1;1;1 1 16
2 
#1 
6	% 
 1 0  0 0 0  0
 0 1  0 0 0  2
 0 0 -1 0 0 -1
 0 0  0 0 1  1
 0 0  0 1 0  1
 0 0  0 1 1  1
