#48

3;1;1;1 1 5
1 
#1 
6	% 
 1 0 0 0 0 0
 0 1 0 0 0 0
 0 0 1 0 0 0
 0 0 0 1 0 0
 0 0 0 0 1 0
 0 0 0 0 0 1
1,1,1,1,1,1 1 1
1 
#1 
6	% 
 1 0 0 0 0 0
 0 1 0 0 0 0
 0 0 1 0 0 0
 0 0 0 1 0 0
 0 0 0 0 1 0
 0 0 0 0 0 1
1,1,1,1,1;1 1 2
12 
#3 
6	% 
  1  0  0  0  0  0
  0  0  1  0  0  0
  0 -1  0 -1 -1 -1
  1  0  1  0  0 -1
 -1  1 -1  1  0  1
  1 -1  1  0 -1 -1
6	% 
 1  1 1  1  0  0
 0  0 0  0 -1  0
 0  0 0  1 -1  0
 1  2 0  1  0  1
 0 -1 0 -1  1 -1
 1  1 0  1 -1  1
6	% 
  0 -1  1  0  0  0
  0 -1  0  0  0  0
  1 -1  1 -1  1 -1
 -1 -1  1 -1  0  0
  0  2 -1  2 -1  0
  0 -2  1 -1  0 -1
2-1;1,1,1,1 1 2
3 
#1 
6	% 
 0 -1  1  0  0  0
 0  0  1  0  0  0
 1  1  2  1  1 -1
 0  0  2  0  1 -1
 0  0  0  1 -1  0
 0  0 -2 -1  0  0
1,1,1;1,1,1 1 1
1 
#1 
6	% 
  0 -1 -1  0  0  0
 -1  0 -1  0  0  0
  1  1  1  0  0  0
  0  0  0  0 -1 -1
  0  0  0 -1  0 -1
  0  0  0  1  1  1
1,1,1,1;1,1 1 3
27 
#2 
6	% 
  1  2  0  1  1 1
 -1 -1 -1  0  0 0
  0 -1  0  0 -1 0
  1  1  1  0  1 0
 -1 -1 -1 -1  0 0
  1  1  0  1  0 0
6	% 
  0  0  0  1  0  0
  0 -1  1  0 -1  1
  2  1  1  0 -1  0
 -2  0 -1  0  1  0
 -1  0  1 -1  0  1
  0 -1 -1  1  0 -1
1,1,1,1;1,1 1 2
12 
#3 
6	% 
  1  0  0  0 0 0
  1  0 -1  0 0 0
  0 -1 -1 -1 1 0
  0  0  0  0 0 1
 -1  1  1  1 0 0
  1 -1 -1  0 1 0
6	% 
 0  0 0  0 1  0
 0  0 0  0 0  1
 0 -1 1 -1 0 -1
 1  0 0  0 0  0
 0  1 0  0 0  0
 0  0 1  0 0  0
6	% 
  1  0  0  0  0  0
  1  0 -1  0  0  0
  0 -1 -1 -1 -1  1
  0  0  0 -1  1 -2
 -1  1  1  1  0  0
  1 -1 -1  0 -1  1
2-1;1,1,1;1 1 6
9 
#1 
6	% 
 1  1 1  1  1 -1
 0  0 0  0 -1  0
 0 -1 0 -1 -1  1
 0  0 0  0  0  1
 0  0 0  1  0 -1
 1  1 0  1  1 -1
2-1;1,1,1;1 1 3
3 
#1 
6	% 
  0 -1 -1  0 0  0
 -1  0 -1  0 0  0
  1  1  1  0 0  0
  0  0  0 -1 0  1
  0  0  0  0 0 -1
  0  0  0  0 1  0
1,1,1;1,1,1 1 3
27 
#2 
6	% 
  1  1 1 0 0 0
  0  0 0 0 0 1
  0  0 0 0 1 0
 -1 -1 0 0 0 0
  0  0 0 1 0 0
  1  0 1 0 0 0
6	% 
  0  0  0  0  0  1
  0 -1  1 -1 -1  1
 -1  0 -1  0  1 -1
  0  0  1  0  0  0
  0  0 -1  1  0  0
  1  0  1  0  0  0
2-1;1,1;1,1 1 5
9 
#1 
6	% 
 -1 -1 -1  0  0  0
  0  0  0  0 -1  0
  1  0  1 -1 -1  1
  0  0  0  0  0  1
  0  0  0  1  0 -1
  1  1  0  1  1 -1
2-2;1,1,1,1 1 2
4 
#1 
6	% 
 1 0 0  0 0  0
 0 1 0  0 0  0
 0 0 1  0 0  0
 0 0 0  1 0 -1
 0 0 0 -1 1  0
 0 0 0  1 0  0
1,1,1,1;1;1 1 4
12 
#3 
6	% 
 -1  1 1  0  0  0
 -1  0 0  0  0  0
  3 -1 0  1  1 -1
 -2  0 0 -1 -1  1
  1  0 0  0  1  0
  1  0 0  0  1 -1
6	% 
 0  1 0  0 0  0
 1  0 0  0 0  0
 0 -3 1  0 0 -1
 0  2 0  0 0  1
 0 -1 0 -1 0  0
 0 -1 0  0 1 -1
6	% 
  0  0  0 -1 0  0
  0  0  0  0 0 -1
  0  2 -2  3 1  1
  0 -1  1 -2 0  0
 -1  0 -1  1 0  0
  0  0 -1  1 0  0
1,1,1;1,1;1 1 7
54 
#4 
6	% 
 0  0  0 1 1  2
 0 -1  1 0 0  0
 0  2 -2 0 0 -1
 1  0  1 0 0  0
 1  0  0 0 0  0
 0  0  0 1 0  1
6	% 
 1  2 0  0  0  0
 0  0 0 -1  1  1
 0 -1 1  2 -2 -2
 0  0 0 -1  0  1
 0  0 0 -2 -1  1
 1  1 0  0  0  0
6	% 
 1  2 0 0 0  0
 0  0 0 0 0 -1
 0 -1 1 0 0  2
 0  0 0 1 0 -1
 0  0 0 1 1 -1
 1  1 0 0 0  0
6	% 
 0  0  0  3 -1 1
 0  1 -1  2  0 0
 0 -2  2 -5  0 0
 1  1  0  1  0 0
 1  0  0  0  0 0
 0  0  0  2 -1 0
1,1,1;1,1;1 1 10
108 
#5 
6	% 
  2  1  1  0  0  0
  2  1  1  0  0  1
 -5 -3 -3  0  0 -3
  1  0  1 -1 -1  1
  1  1  0  0  1  0
  0  0  0 -1  1  0
6	% 
  0  1  1  0  0  0
  2  1  1  1  1 -1
 -3 -3 -3 -2 -2  2
  0  0  1  0  0 -1
  1  1  0  0  1  0
  0  0  0 -1  1  0
6	% 
  0  0  0  1  1 -1
  0 -1  1  0  0  0
  0  1 -1 -2 -1  1
  0  0  0  0  1  0
  0  0  1  1 -1 -1
 -1  0  0  0  0  0
6	% 
  0  0  0  1 0 -2
  1  1  1  1 0 -2
 -2 -2 -2 -3 1  5
  0  0  0  0 0 -1
  0  1  0  1 0 -1
 -1  0  0  0 0  0
6	% 
 -1 0 -2  0  0 -2
 -1 0 -2  0  0 -3
  3 1  5  0  0  7
  0 0 -1  0  0 -1
  1 0 -1  0 -1 -1
  0 0  0 -1 -1  1
1,1,1,1;1;1 1 5
27 
#2 
6	% 
  1  0 0  0 0  0
  0  0 0  0 0  1
  1  0 0  0 1  1
 -1  0 1  0 0 -1
  1 -1 0  0 0  1
 -1  0 0 -1 0 -1
6	% 
  0  0  0 0 0 -1
  0  1 -1 0 0 -1
 -1 -1 -1 0 1 -2
  0  0  1 0 0  2
 -1  0 -1 0 0 -2
  1  1  1 1 0  1
1,1,1;1,1;1 1 4
12 
#3 
6	% 
  0 -1 -1  0 0 0
 -1  0 -1  0 0 0
  1  1  1  0 0 0
  0  0  0  0 1 1
  0  0  0  0 0 1
  0  0  0 -1 1 0
6	% 
  0  0  0  1 0 1
  0  0  0  1 0 0
  0  0  0 -1 1 0
 -1  0 -1  0 0 0
 -1 -1 -1  0 0 0
 -1  0  0  0 0 0
6	% 
  0 -1 -1  0  0  0
 -1  0 -1  0  0  0
  1  1  1  0  0  0
  0  0  0 -1 -1  0
  0  0  0 -2 -1  1
  0  0  0  1 -1 -1
2-2;1,1,1;1 1 5
12 
#1 
6	% 
  0  1 -1  0 0  0
  0  1  0  0 0  0
 -1 -1  0  0 0  0
 -1 -2  0  0 1 -1
 -1 -2  0 -1 1  0
 -1 -2  0  0 1  0
2-2;1,1,1;1 1 4
4 
#1 
6	% 
  0 -1 -1 0  0  0
 -1  0 -1 0  0  0
  1  1  1 0  0  0
  0  0  0 1  0 -1
  0  0  0 0 -1  1
  0  0  0 0  0 -1
1,1;1,1;1;1 1 8
27 
#2 
6	% 
 -1 -1 -1 0  0 0
  0  0  0 0 -1 0
  0  0  0 1  0 0
  1  1  0 0  0 0
 -1  0 -1 0  0 0
  0  0  0 0 -1 1
6	% 
 -1 -1 -1 0  0  0
  0  0  0 1  1  1
  0  0  0 0 -1 -1
  1  1  0 0  0  0
 -1  0 -1 0  0  0
  0  0  0 1  1  0
1,1,1;1;1;1 1 8
54 
#4 
6	% 
 1  1 1  1  1 -1
 0 -1 0 -1 -1  1
 0  0 0  1  0 -1
 0  0 0  1 -1  0
 1  1 0  1  1 -1
 0  0 0  0 -1  0
6	% 
  1  1  1 0  0  1
 -1 -2 -1 0  0 -2
  1  1  1 1  0  1
  0  0  0 1 -1  0
  2  2  1 0  0  2
 -1 -1 -1 1  0 -2
6	% 
 0  0  0  0 0  1
 0  1 -1  0 1 -1
 1  0  1  0 0  1
 1  0  0  0 0  0
 0 -1  1 -1 0  1
 1  1  0  0 0 -1
6	% 
 0  0  0  0  0 -1
 0  1 -1  0 -1  1
 1  0  1  0  0  0
 1  0  0  0  0  0
 0 -1  1 -1  0  0
 1  1  0  0  0  0
1,1;1,1;1,1 1 4
27 
#2 
6	% 
  1 1  1  0 0 0
  0 0  0  0 0 1
 -2 0  0  0 1 0
  0 0 -1  0 0 0
  1 0  1  0 0 0
 -2 0  0 -1 0 0
6	% 
 -1 -1 -1  0 0  0
  0  0  0 -2 1 -1
  0 -1  1  0 0  1
  1  1  0  0 0  0
 -1  0 -1  0 0  0
  0 -1  1 -1 1  0
1,1;1,1;1;1 1 14
54 
#2 
6	% 
  0 -1  1  0 0  0
  0  1 -1  0 1 -1
 -1  0 -1  0 0  1
  0  0  0  0 0 -1
  0  0 -1  0 0  1
  0 -1  1 -1 0  0
6	% 
  0  0  0  0 0 -1
  1  0  1  0 0  0
 -2 -2 -2 -1 0  1
  1  1  1  0 0  0
 -2 -2 -2  0 1  0
  1  1  0  0 0  0
1,1;1,1;1,1 1 7
18 
#1 
6	% 
  0  0 0  0 0  1
  1  0 1  0 0  0
 -2  0 0  0 1 -1
  1  0 0  0 0  0
 -2  0 0 -1 0  0
  0 -1 0  0 0  0
1,1,1,1;1;1 1 6
3 
#1 
6	% 
  1  0  0 0  0 0
  0  1  0 0  0 0
  0  0  1 0  0 0
 -1 -1 -1 0 -1 1
  1  1  1 0  1 0
  0  0  0 1 -1 0
1,1,1;1,1;1 1 11
18 
#1 
6	% 
  2  0  0  1 -1  1
  2  1  1  1 -1  1
 -5 -2 -2 -3  3 -3
  1  1 -1  0 -1  1
  1  0  1  1  0  0
  1  0  0  0  0  1
1,1,1;1;1;1 1 6
4 
#2 
6	% 
  0 -1 -1 0  0  0
 -1  0 -1 0  0  0
  1  1  1 0  0  0
  0  0  0 0  0  1
  0  0  0 0 -1  0
  0  0  0 1  0 -1
6	% 
  0 0 0  0  1  0
  0 0 0  0  1  1
  0 0 0 -1 -1 -1
 -1 0 0  0  0  0
  1 0 1  0  0  0
  1 1 0  0  0  0
1,1;1,1;1;1 1 20
54 
#4 
6	% 
 1  0 0  0  0  0
 0  0 1 -2  2  0
 0  0 0  1 -1  0
 0  0 0  0  1 -1
 0 -1 0 -2  2  0
 0  0 0  0  1  0
6	% 
  0  0  0 -2 -1  1
  0  2 -2  1  0 -1
  0 -1  1  0  0  0
 -1  0 -1  0  0  0
  0  2 -2  0 -1  0
  0  0 -1  0  0  0
6	% 
 0  0  0 -1 1  0
 0  1 -1  1 0  2
 0 -1  1  0 0 -2
 1  1  0  0 0  1
 0  1 -1 -1 0  3
 0  1  0  0 0  1
6	% 
 1  0 0  0  0  0
 0  0 1  1  1 -1
 0  0 0 -1 -1  1
 0  0 0  1  0 -1
 0 -1 0  1  1 -1
 0  0 0  1  0  0
2-2;1,1;1,1 1 4
12 
#1 
6	% 
  1  1  1  0 0  0
 -1  0 -1  0 0  0
 -1 -1  0  0 0  0
  0 -1  1  0 1 -1
  0 -1  1 -1 1  0
  0 -1  1  0 1  0
2-1;1,1;1;1 1 15
9 
#1 
6	% 
 1  1 1  0 0  0
 0  0 0 -1 0  1
 0 -1 0  0 0  0
 0  0 0  0 0 -1
 0  0 0  0 1  0
 1  1 0  0 0  0
2-1;1,1;1;1 1 12
9 
#1 
6	% 
  0  0  0  0  0  1
  0  0  0 -1  0  0
 -1 -1  0 -1 -1  1
 -1  0  0  0  0  0
  0  0  0  0  1 -1
 -1  0 -1  1  1 -1
1,1;1,1;1;1 1 26
9 
#1 
6	% 
 1  0 0  0 0  0
 0  0 1  0 0  0
 0 -1 0  0 0  0
 0  0 0 -1 0  0
 0  0 0  1 0 -1
 0  0 0 -1 1  0
1,1,1;1;1;1 1 14
1 
#1 
6	% 
  0 -1 -1  0 0  0
 -1  0 -1  0 0  0
  1  1  1  0 0  0
  0  0  0  0 0 -1
  0  0  0  0 1  0
  0  0  0 -1 0  0
1,1,1;1;1;1 1 16
9 
#1 
6	% 
  1  0 0 0 0 0
  3 -1 0 0 0 0
 -3  0 1 0 0 0
  2  0 0 0 1 0
  2  0 0 1 0 0
  0  0 0 0 0 1
3;1,1,1 1 1
1 
#1 
6	% 
  0  0  0 0 0 1
  0  0  0 0 1 0
  0  0  0 1 0 0
  0 -1 -1 0 0 0
 -1  0 -1 0 0 0
  1  1  1 0 0 0
1,1;1,1;1;1 1 29
18 
#1 
6	% 
  0  1 -1  1  1 -1
  0 -1  0 -2  1 -1
 -1 -1  0 -2  1 -1
  0  0  0  0  0  1
  0  0  0  1  0  0
  0  0  0  0 -1  0
1,1;1,1;1,1 1 11
6 
#1 
6	% 
  1  0  0  1 -1 -1
 -1 -2  1  1  4 -3
  0 -1  2  3  2 -1
  0  1 -1 -1 -2  2
 -2  1 -1 -3  0  3
  2  0  0  1 -1 -2
2-1;1;1;1;1 1 10
3 
#1 
6	% 
 0 0 0  0 0  1
 0 0 0  0 1 -1
 1 0 1  0 0  0
 1 0 0  0 0  0
 0 0 0 -1 0  0
 1 1 0  0 0  0
1,1;1;1;1;1 1 10
18 
#3 
6	% 
 0 0 0 0  0 -1
 0 0 0 1  0  1
 1 0 1 0  0  0
 1 0 0 0  0  0
 0 0 0 0 -1 -1
 1 1 0 0  0  0
6	% 
 -1 -1 -1 0  0  0
  1  0  1 0  0  0
  0  0  0 0 -1  0
  0  0  0 0  0 -1
 -1 -1  0 0  0  0
  0  0  0 1  0 -1
6	% 
 0 0 0 -1 -2  1
 0 0 0  0  1 -1
 1 0 1  0  0  0
 1 0 0  0  0  0
 0 0 0 -1  0  0
 1 1 0  0  0  0
1,1;1;1;1;1 1 20
27 
#2 
6	% 
  0  1 -1 0 0  2
  0 -1  1 1 0 -2
  0 -1  0 0 0 -1
  0  0  0 1 1 -1
 -1 -1  0 0 0 -1
  0  1 -1 1 0  1
6	% 
 0  1 -1 0  0  0
 0 -1  1 0 -1  0
 0  0  1 0  0  0
 0  0  0 0  0 -1
 1  0  1 0  0  0
 0  1 -1 1  0 -1
1,1;1;1;1;1 1 38
3 
#1 
6	% 
 1  1 1  0 0 0
 0 -1 0  0 0 0
 1  1 0  0 0 0
 0  0 0 -1 0 0
 0  0 0  0 1 0
 0  0 0  0 0 1
1,1;1;1;1;1 1 37
9 
#1 
6	% 
  0 -1  1  0  0 0
  0  0 -1  0  0 0
 -1  0 -1  0  0 0
  0 -1  1  1 -1 0
  0  1 -1 -1  0 1
  0  0  0  1  0 0
3;1,1;1 1 4
3 
#1 
6	% 
 1  1 1 0 0 0
 0 -1 0 0 0 0
 1  1 0 0 0 0
 0  0 0 0 0 1
 0  0 0 0 1 0
 0  0 0 1 0 0
2-2;1,1;1;1 1 11
12 
#1 
6	% 
 1  1 1 0  0 0
 0 -1 0 0  0 0
 1  1 0 0  0 0
 0  0 0 0 -1 1
 0  0 0 1 -1 0
 0  0 0 0 -1 0
2-2;1,1;1;1 1 9
12 
#1 
6	% 
  1  0  1 0  0 0
 -1 -1 -1 0  0 0
  1  1  0 0  0 0
  0  1 -1 0 -1 1
  0  1 -1 1 -1 0
  0  1 -1 0 -1 0
1;1;1;1;1;1 1 13
3 
#1 
6	% 
 0 0 0 -1  0 1
 0 0 0  1  0 0
 1 0 1  0  0 0
 1 0 0  0  0 0
 0 0 0  1 -1 0
 1 1 0  0  0 0
1;1;1;1;1;1 1 26
1 
#1 
6	% 
 -1 0 0 0  0  0
  1 0 1 0  0  0
  1 1 0 0  0  0
  0 0 0 0  0 -1
  0 0 0 1  0  0
  0 0 0 0 -1  0
2-2;1;1;1;1 1 9
4 
#1 
6	% 
  1 0 1 0  0 0
 -1 0 0 0  0 0
  1 1 0 0  0 0
  0 0 0 0 -1 1
  0 0 0 1 -1 0
  0 0 0 0 -1 0
