#14

2-1;1,1;1;1 1 26
1 
#1 
6	% 
 1 0 0 0 0 0
 0 1 0 0 0 0
 0 0 1 0 0 0
 0 0 0 1 0 0
 0 0 0 0 1 0
 0 0 0 0 0 1
1,1,1,1,1,1 1 1
1 
#1 
6	% 
 1 0 0 0 0 0
 0 1 0 0 0 0
 0 0 1 0 0 0
 0 0 0 1 0 0
 0 0 0 0 1 0
 0 0 0 0 0 1
1,1,1,1;1,1 1 3
6 
#3 
6	% 
  0  1  0  0  0  0
 -1  0 -1  1 -1  1
 -1 -1  0  0  0  1
  1  0  0 -1  0 -1
 -1  0 -1  0 -1  0
  1  1  1  0  0  0
6	% 
  1 0  1 1  1  1
  2 1  1 0  0  1
  0 0 -1 0 -1  0
 -1 0  0 0  0 -1
  1 0  1 0  0  0
  0 0  0 1  0  1
6	% 
  1 0 0  0 0 0
  1 1 1 -1 0 0
  0 0 0  0 1 0
 -1 0 0  1 0 0
  1 0 1  0 0 0
  0 0 0  0 0 1
1,1,1,1,1;1 1 2
2 
#1 
6	% 
  1  0  0  0 0  0
  0  0  1  0 0  0
  0 -1  0 -1 1 -1
  1  0  1  0 0 -1
 -1  1 -1  1 0  1
  1 -1  1  0 1 -1
2-1;1,1,1;1 1 8
2 
#1 
6	% 
  0  1  0 0 0  0
 -1  1  0 0 0  0
  1 -1  0 0 0 -1
  1 -1  0 0 1  0
 -1  1  0 1 0  0
 -1  1 -1 0 0  0
1,1,1,1;1,1 1 1
1 
#1 
6	% 
 0  0 -1 -1  0 -1
 0  0  0 -1 -1 -1
 0  0 -1  0 -1 -1
 0  0  1  1  1  1
 0 -1  0  0  0  0
 1  1  0  0  0  0
1,1,1;1,1,1 1 2
2 
#1 
6	% 
  0  1  0  0  0  0
  1  1  0  1  1  0
  0  0 -1 -1  1 -1
  0  0  0  0  0  1
 -1 -1  1  0 -1  0
  1  1  1  1  0  0
1,1;1,1;1;1 1 9
1 
#1 
6	% 
 0 -1  0  0  0  0
 1  1  0  0  0  0
 0  0  0 -1  0  0
 0  0  0  1 -1 -1
 0  0  0  0 -1  0
 0  0 -1 -1  1  0
1,1;1,1;1,1 1 5
3 
#2 
6	% 
 0 -1  0  0 0  0
 1  1  0  0 0  0
 0  0  1  0 1  0
 0  0 -1  0 0  0
 0  0  0 -1 0 -1
 0  0  0  0 0  1
6	% 
 1 0 0 0 0 0
 0 1 0 0 0 0
 0 0 0 0 1 0
 0 0 0 0 0 1
 0 0 1 0 0 0
 0 0 0 1 0 0
1,1,1;1;1;1 1 19
4 
#2 
6	% 
 1 0  0 0  0  0
 0 1  0 0  0  0
 0 0  0 0  0 -1
 0 0 -1 0  0  0
 0 0  0 1  0  0
 0 0  0 0 -1  0
6	% 
  1  1 0  0  0  0
  0  1 0  0  0  0
 -1 -1 0  0  0 -1
  1  1 0  0 -1  0
  1  1 0 -1  0  0
  1  1 1  0  0  0
1,1,1,1;1;1 1 5
1 
#1 
6	% 
  0  1  1  1 -1 -1
  1  0  1  1 -1 -1
  1  1  1  0 -1 -1
 -1 -1 -1 -1  1  2
  1  1  2  1 -1 -1
 -1 -1 -1 -1  0  1
1,1,1;1,1;1 1 2
2 
#1 
6	% 
 0 0 -2 -1  1 0
 0 0 -1  0  0 1
 0 0  3  1 -1 0
 1 0  0  0  0 0
 0 1  0  0  0 0
 0 0 -1  0  1 0
1,1,1;1,1;1 1 9
2 
#1 
6	% 
  2  2  1  0  0  1
  1  1  0  0  0  0
 -2 -3 -1  0  0 -1
  1  1  1  0  0  0
  0  0  0  0 -1  0
  0  0  0 -1 -1  0
1,1;1;1;1;1 1 48
1 
#1 
6	% 
 0 -1 0 0  0 0
 1  1 0 0  0 0
 0  0 0 0  0 1
 0  0 0 0 -1 0
 0  0 0 1  0 0
 0  0 1 0  0 0
