#42

3;1;1;1 1 21
1 
#1 
6	% 
 1 0 0 0 0 0
 0 1 0 0 0 0
 0 0 1 0 0 0
 0 0 0 1 0 0
 0 0 0 0 1 0
 0 0 0 0 0 1
1,1,1,1,1,1 1 1
1 
#1 
6	% 
 1 0 0 0 0 0
 0 1 0 0 0 0
 0 0 1 0 0 0
 0 0 0 1 0 0
 0 0 0 0 1 0
 0 0 0 0 0 1
2-1;1,1,1,1 1 2
3 
#1 
6	% 
 -1 0 1  1 1  0
  0 0 1  1 0  0
  1 0 0  1 0  1
  0 0 0  1 0  1
  0 1 0  0 0 -1
  0 0 0 -1 0  0
1,1,1,1,1;1 1 2
12 
#3 
6	% 
  0  0  0  1 1 1
  0 -1  0  0 0 0
 -1 -1  0  1 0 0
  0  0  0  1 0 1
  0  1 -1 -1 0 0
  0 -1 -1  1 0 1
6	% 
 -1  2 -1 -1 -1 -1
 -1  1 -1 -1 -1 -1
 -2  1 -1 -1  0 -1
 -1  2  0 -1 -2 -2
  2 -3  1  2  2  3
 -2  2 -1 -2 -2 -2
6	% 
 -1  0  1  1 1  0
 -1 -1  0  0 0  0
 -1  0  0  1 0  0
 -2 -1  1  0 0 -1
  2  1 -1 -1 0  0
 -2 -1  1  1 0 -1
1,1,1;1,1,1 1 2
10 
#2 
6	% 
 -1  1  0 0  0  0
  0 -1  0 0  0 -1
  0  0 -1 0 -1  0
  0  0  0 1  1  1
  0  0  1 0  0  0
  0  0  1 0  0 -1
6	% 
 -1  0  0 0 1  0
 -1  0  0 1 0  0
  0 -1  0 0 0 -1
  0 -1 -1 0 0 -1
  1  1  1 0 0  2
 -1  1  1 0 0  1
1,1,1,1;1,1 1 2
15 
#3 
6	% 
 1 0  1 -1  1 0
 0 0  0 -1  1 0
 0 0  1  0  1 0
 0 1  0  0  0 0
 0 0 -1  1 -1 1
 0 0  1 -1  1 0
6	% 
 0 1  0 0  0  1
 0 0  0 0 -1  0
 1 0  0 0  1  1
 0 0 -1 1  0  1
 0 0  1 0  0 -1
 0 0  1 0  0  0
6	% 
 1  1 0 -1  1  0
 0  1 0 -1  0 -1
 0  1 0  0  1  0
 0  0 1  0  0  0
 0 -1 0  1 -1  1
 0  1 0 -1  1  0
2-1;1,1,1;1 1 7
12 
#2 
6	% 
 0  0  0  1 1  1
 1  0  0  1 0  1
 0  0 -1  0 0  0
 0 -1  1  0 0  0
 0  0  1  1 0  0
 0  0  1 -1 0 -1
6	% 
  0  0  0  1 1  1
  0  0 -1  1 0  1
 -1  0  0  0 0 -1
  1 -1  0  0 0  1
  1  0  0  1 0  1
  1  0  0 -1 0  0
1,1,1,1;1,1 1 3
24 
#2 
6	% 
 1  1  0  0 -1  0
 0  1  0 -1 -1 -1
 0  0  1  0  0 -1
 0 -1 -1  0  1  2
 0 -1 -1  0 -1  1
 0  1  1  0  0 -1
6	% 
  0  1 -1  1  0  0
  0 -1  0  1  1  2
 -1 -1  1  0  0  0
  1  1  0 -1 -1 -1
  1  0  0  1  1  2
 -1  1 -1  0  0 -1
2-1;1,1;1,1 1 6
9 
#1 
6	% 
 1  0  0 0  1  1
 0  0 -1 1  0  1
 0  0 -1 0  0  0
 0 -1  1 0  0  0
 0  0  1 0  1  0
 0  0  1 0 -1 -1
1,1,1;1,1,1 1 3
18 
#1 
6	% 
 -1 -2  0  0 1  0
  0  0 -1 -1 0  0
 -1  0  1  1 0 -1
  1  0  0 -1 0  0
  1  1  1  1 0  0
 -1  0  0 -1 0 -1
2-2;1,1,1,1 1 2
4 
#1 
6	% 
  1 -1  1  0  0  1
  0  0  1  1  0  0
  1 -1  1 -1  1  1
 -1  0 -1  0 -1 -1
  0 -1  1  0  1  1
 -1  1 -1  0 -1 -1
1,1,1;1,1;1 1 6
60 
#6 
6	% 
 -2 0 0 0 0 -1
 -1 0 0 1 0  0
  3 0 0 0 1  2
 -1 0 0 0 0 -1
  0 1 0 0 0  0
 -1 0 1 0 0 -1
6	% 
 0  0 0  0 0 -1
 0  0 0  1 0  0
 1  0 0 -1 0  1
 0 -1 0  0 0  0
 0 -1 0  0 1  1
 0  0 1  0 0 -1
6	% 
 0  0 0 0 0 -1
 0  1 0 0 0  0
 1 -1 0 0 0  1
 0  0 0 1 0  0
 0  0 0 1 1  1
 0  0 1 0 0 -1
6	% 
 0 0 -2 0 0  1
 0 0 -1 1 0  1
 0 0  3 0 1 -1
 0 0 -1 0 0  0
 0 1  0 0 0  0
 1 0 -1 0 0  1
6	% 
  0 -2 0 0 0  1
  0 -1 1 0 0  0
  0  3 0 1 0 -1
 -1 -1 0 0 0  0
 -1  0 0 0 1  0
  0 -1 0 0 0  1
6	% 
  2 0 0 0  0  1
  1 0 0 0 -1  0
 -2 1 0 0  1 -1
  1 0 1 0  0  0
  0 0 1 1  0  0
  1 0 0 0  0  1
1,1,1,1;1;1 1 5
24 
#2 
6	% 
  2 -1  0  1 -1  1
  1  0  0  0 -1  0
  1  0  0  1 -1  0
 -2  1 -1 -1  2  0
  2 -1 -1  1 -2  1
 -1  1  0 -1  1 -1
6	% 
 0  0 -1  0 -1 0
 0  0  0  1 -1 0
 0 -1  0  1  0 1
 1  0  1 -1  1 0
 1  0 -1  1 -1 1
 0  0  0 -1  0 0
1,1,1;1,1;1 1 11
72 
#3 
6	% 
  0  2 0  2  0  1
  2 -1 0  2  0  2
 -3  0 0 -5  0 -4
  0  2 0  1 -1 -1
  1 -1 0  1  1  2
  0  1 1  1  0  0
6	% 
 0 -2 0 0 -2 1
 0 -1 0 0 -2 0
 0  3 0 1  5 0
 1 -1 0 0 -1 1
 0  0 0 0 -1 0
 0 -1 1 0 -1 0
6	% 
  0  0 -2 0 0  1
  1 -1 -2 0 0  2
 -1  1  5 0 1 -3
  0  0 -1 1 0  1
  0 -1 -1 0 0  1
  0  0 -1 0 0  1
1,1,1,1;1;1 1 6
15 
#3 
6	% 
  1  0 0 0 -1  0
  1  0 0 0  0  0
  0  0 0 1  0  0
 -1  0 1 0  1  0
  1  1 0 0 -1 -1
  0 -1 1 0  0  0
6	% 
  1 0  0 -1  0  0
  1 0  0  0  0  0
  0 1  0  0  0  0
 -1 0  0  1 -1  0
  1 0  1 -1  0 -1
  0 0 -1  0 -1  0
6	% 
  1 0  1  0  0  0
  1 0  0  0 -1  0
  0 0  1  1  0  0
 -1 1 -1 -1  0 -1
  1 0  1  1  0  1
  0 1  0  0  0 -1
2-2;1,1,1;1 1 5
12 
#1 
6	% 
 -1 -1  0  0 -1  0
  0  0 -1  1  0  1
  0  0 -1 -1  0  0
  0  1  0 -1  1 -1
  1  0  0 -1  1  0
  1  1  0 -1  1  0
1,1,1;1,1;1 1 7
36 
#2 
6	% 
 0 -3 0  2  0  1
 0 -2 0  2  0  1
 1  2 0 -3  0 -1
 0 -1 0  1 -1  0
 0  0 1  0 -1 -1
 0 -2 0  1  0  1
6	% 
  0 -1 0 0  2  1
  0  0 0 0  2  1
  0  1 0 1 -3 -1
 -1  0 0 0  1  0
 -1  0 1 0  0 -1
  0  0 0 0  1  0
1,1,1;1,1;1 1 9
24 
#2 
6	% 
  0 0  2  0 0 -1
  0 0  2  1 1  0
  0 0 -3 -1 0  1
  1 0  1  0 0  0
 -1 1  0  0 0 -1
  0 1  0  0 0 -1
6	% 
  2  0 0  0  0  1
  1  0 1  0  0  0
 -3  0 0  0 -1 -2
  1 -2 0  1  0  1
  0  1 0 -1  0  0
  0 -1 0  0  0  1
1,1,1,1;1;1 1 4
3 
#1 
6	% 
  1  0  1  0 0  0
  0  0  1 -1 0 -1
 -2  0 -1  0 1  0
  2  0  0  0 0  1
 -1  0  0  0 0 -1
 -1 -1  0  0 0  0
1,1;1,1;1;1 1 24
72 
#3 
6	% 
  0  0  0 -1 1  0
 -1  0  0  0 0  0
  1 -1  0  0 0  1
  1  0 -1  0 0  1
  1  0  0  1 0  1
  0  0  1 -1 0 -1
6	% 
 1  0  0  0 -1  0
 0 -1  0 -1  0 -1
 0  2  0  1  0  0
 0  1 -1  1  0  1
 0  1  0  1  1  1
 0  0  1  0 -1 -1
6	% 
  0  0  0 1 -1  0
  0 -1 -1 0  0  1
  0  0  1 0  0 -1
  1  1  1 0  0 -1
  0  1  1 0  1 -1
 -1  0  0 0 -1 -1
1,1;1,1;1;1 1 32
45 
#4 
6	% 
 0  0 0 1  1  1
 1  0 0 0  0  0
 0  0 1 0 -1 -1
 0  0 0 0 -1  0
 0  0 1 0  0  0
 0 -1 1 0  0  0
6	% 
  0 0 -1 1 0  1
 -1 0  0 0 1  0
  0 1  1 0 0 -1
  1 0  1 0 0  0
  1 1  0 0 0  0
  0 1  0 0 0  0
6	% 
 0 1  0 0 -1 -1
 1 0  0 0  0  0
 0 0  0 1  1  1
 0 0  0 0  1  1
 0 0  0 1  0  1
 0 0 -1 1  0  1
6	% 
  0  1 1 0 0 -1
  1  0 0 0 1  1
  0 -1 0 1 0  1
 -1 -1 0 0 0  0
 -1  0 0 1 0  0
  0  0 0 1 0  0
2-2;1,1,1;1 1 6
4 
#1 
6	% 
  0  0  1  0  1  0
  0  0  1 -1  0 -1
  1  0  0  0  0  0
  0 -1  1 -1  1  0
 -1 -1  0  0  0  0
  0  0 -1  1 -1  1
1,1,1;1;1;1 1 18
20 
#4 
6	% 
  0 0 -1 0 -1  0
  0 0  0 1  1  1
  0 0  2 0  0 -1
  0 0 -1 0  0  1
  0 1 -1 0  0  0
 -1 0 -1 0  0  0
6	% 
  0  0  0  1  1  1
 -1  0  0  0  1  0
  2  0  0 -2 -2 -1
 -1  0  0  1  1  0
 -1 -1  0  1  1  1
 -1  0 -1  1  1  1
6	% 
 1 0 0  0 0  0
 0 0 0  0 1  0
 0 0 0  0 0  1
 0 1 0  0 0 -1
 0 0 1  0 0 -1
 0 0 0 -1 0 -1
6	% 
 1 0 0  0  0  0
 0 1 0  0  0  0
 0 0 0  0  0  1
 0 0 1  0  0 -1
 0 0 0 -1  0 -1
 0 0 0  0 -1 -1
1,1,1;1;1;1 1 13
12 
#2 
6	% 
  0  0  0  1  1  1
  0  0 -1  1  0  1
  0  0 -1  1  1  1
 -1 -1  0  0  0  0
 -1  0 -1  1  1  1
 -1  0  1 -1 -1 -2
6	% 
  0  0 0 -1 -1 -1
 -1  0 0 -1  0 -1
 -1  0 0 -1 -1 -2
  0 -1 1  0  0  0
 -1  0 1 -1 -1 -2
  1  0 1  1  1  1
1,1;1,1;1,1 1 8
15 
#2 
6	% 
  1  0  0 0 1  1
  0  0 -1 1 0  1
  0  1  0 0 0  1
  0 -1 -1 0 0  0
  1 -1  0 0 0  0
 -1  0  1 0 0 -1
6	% 
  1  0  0 0 1  1
  0 -1  0 1 0  1
  0  0  1 0 0  1
  0 -1 -1 0 0  0
  1  0 -1 0 0  0
 -1  1  0 0 0 -1
1,1;1,1;1;1 1 22
9 
#1 
6	% 
 -1  0  0 0 -1 -1
  0  0  1 1  0  0
 -1 -1  0 0  0  0
 -1  0  0 0  0 -1
  1  0 -1 0  0  1
  1  0  1 0  0  0
2-1;1,1;1;1 1 31
18 
#2 
6	% 
 0  0 0 1 -3 -1
 0 -1 0 0  1  1
 0  0 0 0  1  0
 0  0 0 0 -2 -1
 1  0 0 0  1  1
 0  0 1 0  1  0
6	% 
 -3  0 0 0 1 -1
  1 -1 0 0 0  1
  1  0 0 0 0  0
 -2  0 0 0 0 -1
  1  0 1 0 0  0
  1  0 0 1 0  1
3;1,1,1 1 2
1 
#1 
6	% 
  0  0 -1 0 -1 0
  0  0  0 1  1 1
  0  0  0 0  0 1
  0 -1  0 0  0 1
 -1  0  0 0  0 0
  0  0  1 0  0 0
1,1,1;1;1;1 1 16
36 
#2 
6	% 
 -1 -1 0 0 -1 -1
 -3 -2 0 0 -2 -2
  3  1 0 0  2  3
 -2 -1 0 1 -1 -1
 -2 -1 1 0 -1 -2
  0  0 1 1  0  0
6	% 
 0 -1 0 -1 -1 -1
 0 -2 0 -3 -2 -2
 0  1 0  3  2  3
 1 -1 0 -2 -1 -1
 0 -1 1 -2 -1 -2
 1  0 1  0  0  0
1,1;1,1;1;1 1 38
36 
#2 
6	% 
  1  0  0 0 0 1
  1  1  0 0 0 0
 -1 -2  0 0 1 1
 -1 -1 -1 0 0 0
  1  1 -1 0 0 1
  0  0 -1 1 0 1
6	% 
  0 1 0 0  1  0
 -1 0 0 0  1  0
  0 0 0 1 -1  0
  0 0 0 0 -1 -1
  0 0 0 0  1  0
  0 0 1 0  0 -1
1,1;1,1;1,1 1 9
36 
#2 
6	% 
  0  0 -1 1  0  1
 -1 -1  0 0  0  0
  1  0  0 0  0  1
  1  2  0 0 -1 -1
  1  1  1 0  0  0
  0 -1 -1 0  1  2
6	% 
  1  0  0 0 1  1
  0 -2  1 0 0  2
  0 -3  1 0 0  2
  0 -4  1 1 0  2
 -1 -2  0 1 0  0
  1  2 -1 0 0 -1
2-2;1,1;1,1 1 4
12 
#1 
6	% 
  0  0 -1 -1  0  0
  1  1  0  1  2  1
 -1 -1  0  1 -2  0
  0  0  0  0 -1  0
  0 -1  0  0 -1  0
 -1  0  0  0 -1 -1
2-1;1;1;1;1 1 42
3 
#1 
6	% 
 -1  0 0 0 0 -1
  1 -1 0 0 0  1
 -1  0 1 0 0 -1
 -1  0 0 1 0  0
  1  0 0 0 1  1
  2  0 0 0 0  1
1,1;1;1;1;1 1 53
15 
#3 
6	% 
 0 0 0 1 -3 -1
 1 0 0 0  1  1
 0 0 0 0 -1  0
 0 1 0 0 -1 -1
 0 0 1 0 -1 -1
 0 0 0 0  2  1
6	% 
 -3 0 0 0 1 -1
  1 0 0 0 0  1
 -1 1 0 0 0 -1
 -1 0 1 0 0 -1
 -1 0 0 1 0  0
  2 0 0 0 0  1
6	% 
 1 0 0 0 0  2
 0 1 0 0 0 -1
 0 0 1 0 0  0
 0 0 0 1 0  1
 0 0 0 0 1  1
 0 0 0 0 0 -1
1,1;1;1;1;1 1 42
18 
#2 
6	% 
 0  0 0  1 1  1
 0 -1 0  1 0  1
 0  0 0 -1 0 -1
 1  0 0  1 0  1
 0  0 1  1 0  0
 0  0 0 -2 0 -1
6	% 
  1  0 0 0 1  1
  1 -1 0 0 0  1
 -1  0 0 0 0 -1
  1  0 1 0 0  0
  1  0 0 1 0  1
 -2  0 0 0 0 -1
1,1;1;1;1;1 1 51
24 
#2 
6	% 
 -3  6 0 0 0 -2
  3 -5 0 0 0  1
 -1  2 1 0 0 -1
 -1  2 0 1 0  0
 -1  2 0 0 1  0
  2 -4 0 0 0  1
6	% 
 0 -5 0  3 0  1
 0  6 0 -3 0 -2
 1 -2 0  1 0  1
 0 -2 1  1 0  0
 0 -2 0  1 1  1
 0  4 0 -2 0 -1
2-2;1,1;1;1 1 17
12 
#1 
6	% 
  0  0 1  0 -1 -1
  2 -2 1  1  0  1
  2 -1 0  1  0  1
 -2  2 0 -1  1 -1
  2 -2 0  1  0  2
  1 -2 0  1  0  1
2-2;1,1;1;1 1 19
12 
#1 
6	% 
  0  0 0 1  1  1
  1 -1 0 0 -1  0
 -1  0 1 0  0 -1
 -1  1 0 0  0 -1
  0  1 0 0  0  0
  1  0 0 0  0  0
3;1,1;1 1 8
3 
#1 
6	% 
 0  0 0 1 -1  0
 0 -1 0 0  0  1
 1  0 0 0  0  1
 0  0 0 0  1  1
 0  0 1 0  0 -1
 0  0 0 0  0  1
1;1;1;1;1;1 1 37
3 
#1 
6	% 
  1 -1 0 0 0  1
 -1  0 0 0 0 -1
 -1  0 1 0 0 -1
 -1  0 0 1 0  0
  1  0 0 0 1  1
  2  0 0 0 0  1
1;1;1;1;1;1 1 46
1 
#1 
6	% 
 1 0 0 0 0  0
 0 1 0 0 0  0
 0 0 1 0 0 -1
 0 0 0 1 0  0
 0 0 0 0 1  0
 0 0 0 0 0  1
2-2;1;1;1;1 1 21
4 
#1 
6	% 
  1 -1 1 0 0  0
  1 -1 0 1 0  1
  1 -1 0 0 1  1
 -1  0 0 0 0  0
 -2  2 0 0 0 -1
  1 -1 0 0 0  0
