#25

2-2;1;1;1;1 1 21
1 
#1 
6	% 
 1 0 0 0 0 0
 0 1 0 0 0 0
 0 0 1 0 0 0
 0 0 0 1 0 0
 0 0 0 0 1 0
 0 0 0 0 0 1
1,1,1,1,1,1 1 1
1 
#1 
6	% 
 1 0 0 0 0 0
 0 1 0 0 0 0
 0 0 1 0 0 0
 0 0 0 1 0 0
 0 0 0 0 1 0
 0 0 0 0 0 1
1,1,1,1,1;1 1 2
6 
#2 
6	% 
 -1  1 1  0  1  1
 -1  0 0  0  0  0
 -1  0 0  0  1  0
  0  1 0  0  1  1
  1 -1 0 -1 -1 -1
 -1  1 0 -1  1  0
6	% 
 -1  0 -1  0  1  0
 -1  0  0  0  0  0
  0  0 -1  0  2  1
 -1  0 -1  1  0  0
  1 -1  1 -1 -2 -1
 -1 -1 -1  1  1  1
1,1,1,1;1,1 1 3
12 
#2 
6	% 
  1  0 1  0  1  0
 -1 -1 0  0 -1  0
 -1  0 0  0  0  0
  1  1 0  1  0  0
 -1 -1 0 -1 -2 -1
  1  0 0  0  1  0
6	% 
 1  0  0  0  1  1
 0  0 -1  0  1  0
 0  1  0  1  0  0
 0 -1  1 -2 -1 -1
 0 -1 -1 -2  0 -1
 0  1  0  1  1  1
1,1,1;1,1,1 1 2
1 
#1 
6	% 
  0  0  0 0  1 1
  0  0  0 1 -1 0
 -1 -1  0 0 -1 0
  0 -1 -1 0 -1 0
  1  1  1 0  2 0
  1  1  1 0  1 0
1,1,1,1;1,1 1 2
3 
#1 
6	% 
  0  0 0 1  0  1
  0  0 0 0  1  1
 -1  0 0 0 -2 -1
  0 -1 1 0  0  0
  1  1 0 0  1  0
 -1  1 0 0  0  0
1,1,1;1,1,1 1 3
9 
#1 
6	% 
  1  0  1  0  1  0
  0 -1  0  0  1  0
 -1  0  0 -1 -1 -1
  0  0 -1  0 -1  0
  1  0  0  1  0  0
  0  0  1  0  0  0
2-2;1,1,1,1 1 2
1 
#1 
6	% 
  1  0  0  0 0 0
  0  1  0  0 0 0
  0  0  1  0 0 0
 -1 -1 -1 -1 0 0
  1  1  1  0 1 1
 -1 -1 -1  1 0 1
1,1,1,1;1;1 1 5
9 
#1 
6	% 
  1  0  0  0  0  0
  1  0 -1  0  1  0
  1  0 -1 -1  1  0
 -1 -1  1  0 -1  0
  1 -1 -1  0  0  0
 -1  0  1 -1 -1 -1
1,1,1;1,1;1 1 7
9 
#1 
6	% 
 0 0 0 0  2  1
 0 0 0 0  1  0
 1 0 0 0 -4 -1
 0 1 0 0  1  0
 0 1 1 0  1  0
 0 0 0 1  1  1
1,1,1;1,1;1 1 9
3 
#1 
6	% 
 -2  0  0 0 -1 0
 -1  1  0 0  0 0
  2 -1 -1 0  0 0
 -1  0  0 0  0 0
  0  0  0 1 -1 0
  0  0  0 2  0 1
2-2;1,1,1;1 1 5
3 
#1 
6	% 
  1  0  0  0  0  0
  2 -1  1  0  0  0
 -2 -1 -1  0 -1  0
 -2  0 -1  0 -1 -1
 -2  0 -1 -1  0  0
 -2  0 -1  1  0  1
1,1,1;1,1;1 1 11
27 
#2 
6	% 
  0 0  0  0  1  0
 -2 0  0 -1 -2 -1
  3 0  0  1  0  1
  0 0 -1 -1  1  1
 -1 0  1  0 -1 -1
  0 1  0  0  1  0
6	% 
 0 0 -2  0 -1  0
 0 0 -2 -1  0  1
 1 0  5  2  1 -2
 0 0 -1  0  0  0
 0 0 -1 -1 -2  0
 0 1 -1  0  0  0
1,1,1,1;1;1 1 6
3 
#1 
6	% 
  1  0 0 0  0  0
  1  0 0 1  1  1
  0  0 0 0 -1 -1
 -1  0 1 0  0  0
  1  1 0 0  1  0
  0 -1 1 0  0  0
1,1,1;1,1;1 1 6
3 
#1 
6	% 
 0 0 0  0  1  0
 0 0 0  1  0  0
 0 0 0 -1 -2 -1
 1 0 0  0  1  0
 1 0 1  0  1  0
 0 1 0  0  1  0
2-2;1,1,1;1 1 6
1 
#1 
6	% 
 -1 0 -1  0 -1  0
  0 1  1  0  1  0
  0 0  0 -1  0  0
 -1 0  0 -1  0  0
  0 0  0  0  1  1
  1 0  0  0  0 -1
1,1;1,1;1,1 1 9
9 
#1 
6	% 
  0  1 1  0  1  0
 -1  0 0 -1 -1 -1
  1  0 0  1  0  0
  1  0 0  0  1  0
  1 -1 0  0  0  0
  0  1 0  0  0  0
1,1,1;1;1;1 1 16
9 
#1 
6	% 
  1 0 0 0 0 0
  3 0 0 1 0 1
 -3 0 0 1 0 0
  2 0 1 0 0 0
  2 1 0 0 0 0
  0 1 1 0 1 0
1,1;1,1;1;1 1 24
9 
#1 
6	% 
 -1  0 1 0 0 0
  0  0 0 1 0 1
  0  0 0 1 0 0
  0 -1 0 0 0 0
  1  0 0 0 1 0
 -1  1 0 0 0 0
2-2;1,1;1,1 1 4
3 
#1 
6	% 
  0 1  1  0  1  0
  2 0 -1  0  0  0
 -2 0 -1  0 -1  0
 -1 0  0  0 -1 -1
 -1 0  0 -1  0  0
 -1 0  0  1  0  1
1,1;1,1;1;1 1 38
9 
#1 
6	% 
 -1 0 0 -2 -1  1
 -1 0 0 -1  3  2
  1 0 0  1 -1 -1
  1 1 0  1  0 -1
 -1 1 0 -1  1  1
  0 1 1  0  1  0
1,1,1;1;1;1 1 18
1 
#1 
6	% 
  0  0  0  1  0 0
  0  0  0  1  1 1
  0  0  0 -2  1 0
 -1  0  0  1 -1 0
  0 -1  0  1 -1 0
  0  0 -1  1 -1 0
1,1;1;1;1;1 1 51
3 
#1 
6	% 
 0 0 0 1 -4 -2
 0 0 0 1  4  3
 1 0 0 0 -1 -1
 0 1 0 0 -1 -1
 0 0 1 0 -1 -1
 0 0 0 0  3  2
2-2;1,1;1;1 1 17
3 
#1 
6	% 
  0 1  1  0  1  0
 -2 1  0  0  0  0
 -3 0  0  1 -1  0
  2 0 -1  0  0  0
 -3 0  0 -1 -1 -1
 -3 0  0  0  0  1
2-2;1,1;1;1 1 19
3 
#1 
6	% 
 1 0  1  0 1 0
 0 0 -1  0 0 0
 0 1  0  1 0 0
 0 0  0  1 0 1
 0 0  0 -1 0 0
 0 0  0  0 1 1
