#45

2-2;2-2;2-2 1 1
1 
#1 
6	% 
 1 0 0 0 0 0
 0 1 0 0 0 0
 0 0 1 0 0 0
 0 0 0 1 0 0
 0 0 0 0 1 0
 0 0 0 0 0 1
1,1,1,1,1,1 1 1
1 
#1 
6	% 
 1 0 0 0 0 0
 0 1 0 0 0 0
 0 0 1 0 0 0
 0 0 0 1 0 0
 0 0 0 0 1 0
 0 0 0 0 0 1
1,1,1,1,1;1 1 2
18 
#2 
6	% 
 0 -1  1  0 -1  0
 0  0  1  1  0  1
 0 -1  0  1 -1  0
 0  0  1  0  0  1
 1  0 -1 -1  1 -1
 1 -1  1  1 -1  1
6	% 
 -2  1 -1 -1 -1 -1
 -2  1 -1 -1 -1  0
 -2  1 -2 -1 -1 -1
 -2  1 -1  0 -1 -1
  3 -1  2  1  2  1
 -3  2 -2 -1 -2 -1
1,1,1,1;1,1 1 1
3 
#1 
6	% 
 0  0 -1 -1  0 -1
 0  0  0 -1 -1 -1
 0  0 -1  0 -1 -1
 0  0  1  1  1  1
 0 -1  0  0  0  0
 1  1  0  0  0  0
1,1,1,1;1,1 1 3
108 
#3 
6	% 
 0  0 0 -1 1  0
 0  0 0 -2 0 -1
 1  0 0  0 0  0
 0  0 1  1 0  1
 0  0 1 -2 0 -1
 1 -1 0  0 0  0
6	% 
  0  0  0  0 1 -1
  0  0  0 -1 1  0
  0  2 -1  0 0  0
  1 -2  1  1 0  1
 -1 -1  1 -2 0 -1
  0  2 -1  1 0  0
6	% 
  0  0  0  0 -1  0
  0  0  0  0 -1 -1
 -1  0 -1  0  0 -1
  1 -1  0  0  1  0
 -1  0  0  0 -1  0
  1 -1  1 -1  0  1
1,1,1;1,1,1 1 2
18 
#1 
6	% 
  0  1  0  0 -1 0
  0  1  0  0  1 1
 -2  1 -1 -1  0 0
  0  0 -1  0  0 0
  1 -1  1  0  0 0
  1  0  1  0  0 0
1,1,1;1,1,1 1 4
108 
#2 
6	% 
  1  0  0  0  0 0
  1  0  1  0 -1 1
 -2  1 -1  0  0 0
  1 -1  0  0  0 0
 -2  1 -1  1  0 0
  1 -1  1 -1 -1 0
6	% 
  0 -1  1  0  0  0
  0  0  1  0  1 -1
 -1  1 -2  0 -1  0
  0 -1  1 -1  0  0
  1  0 -2  2 -1  1
  0  0  1 -1  1  0
2-2;1,1,1,1 1 1
3 
#1 
6	% 
 0 1  0  0  0  0
 1 0  0  0  0  0
 0 0  0 -1 -1 -1
 0 0 -1  0 -1 -1
 0 0 -1 -1  0 -1
 0 0  1  1  1  1
2-2',2-2';1,1 1 1
6 
#1 
6	% 
 0 0  0 1 0  0
 0 0 -1 1 0  0
 1 0  0 1 0  0
 0 1 -1 1 0  0
 0 0  0 0 0 -1
 0 0  0 0 1  1
2-2',2-2',2-2' 1 1
4 
#1 
6	% 
  0 -1  1 -1 1  0
 -1  0  0 -1 1 -1
  0 -1  0 -1 0  0
 -1  0 -1  0 0  0
 -1 -1  0 -1 0  0
 -2  1 -1  0 0  0
1,1,1,1;1;1 1 3
9 
#1 
6	% 
  0  0 -1  0 -1 -1
  0  0 -1 -1  0 -1
  0  0  0 -1 -1 -1
  0  0  1  1  1  1
 -1  0  0  0  0  0
  1 -1  0  0  0  0
1,1,1;1,1;1 1 9
216 
#4 
6	% 
 0  0  0  0 -1 0
 0  0  1  0  0 0
 0  0 -1 -1  0 0
 0 -2  0  0 -1 1
 1  0  0  0  0 0
 2 -1  0  0  0 0
6	% 
 0  0  2  2  2 -1
 0  0  1  1  0  0
 0  0 -3 -2 -2  1
 0 -1  1  1  1 -1
 1  0  0  0  0  0
 2 -1  0  0  0  0
6	% 
 0 0 0  1  0  0
 0 0 0  0  1  0
 0 0 0 -2 -1 -1
 0 0 1  0  0  0
 1 0 0  0  0  0
 0 1 0  0  0  0
6	% 
 0 0 0  2  2 -1
 0 0 1  2  2 -1
 0 0 0 -3 -2  1
 0 0 0  1  1 -1
 1 0 0  0  0  2
 0 1 0  0  0  0
1,1,1;1,1;1 1 12
648 
#6 
6	% 
 0 -1  0  0  0  0
 0  0  1 -2 -2  4
 0  2 -1  2  3 -6
 0  0  0 -1 -1  2
 0  1  0  1  2 -3
 1 -1  0  0  0  0
6	% 
 0 -1  0  0  0  0
 0  0  1 -2  0  2
 0  2 -1  2  0 -3
 0  0  0 -1  0  1
 0  1  1  1 -1 -1
 1 -1  0  0  0  0
6	% 
 0 -1 0  0  0  0
 0 -2 0 -1  0 -1
 0  4 0  0  0  1
 0 -1 1 -1  1 -1
 0  2 0  0 -1  1
 1 -1 0  0  0  0
6	% 
  0 -2 0 -2 -1  2
  0 -1 0  1  0  0
  0  5 0  2  2 -4
 -1  0 1  0  0  0
  1  2 0  1  1 -2
  0 -1 0 -1 -1  1
6	% 
 2 -1  0  0 0  0
 0  0 -1  2 0  0
 0  0  2 -4 1 -2
 0  0 -1  1 0  0
 0  0  2 -2 1 -1
 1 -1  0  0 0  0
6	% 
  2 -1  0  0 0   2
  4 -2  1 -2 0   5
 -8  4 -1  2 0 -10
  2 -1  2 -1 1   2
 -4  2 -1  1 0  -5
  1 -1  0  0 0   1
2-2;1,1,1;1 1 2
36 
#2 
6	% 
  0 -1 0 -1 0 0
  0  1 1  1 0 0
 -1  0 0  0 0 0
  0  0 0  0 0 1
  0  0 0  0 1 0
 -1  1 0  0 0 0
6	% 
  0 0 0 1 0 0
  0 0 1 0 0 0
  1 0 0 0 0 0
  0 0 0 0 0 1
  0 0 0 0 1 0
 -1 1 0 0 0 0
1,1,1;1,1;1 1 2
36 
#2 
6	% 
 0 1 0 0 0 0
 0 0 0 0 1 0
 0 0 0 0 0 1
 0 0 1 0 0 0
 0 0 0 1 0 0
 1 0 0 0 0 0
6	% 
 0 0  1  1 0 0
 0 0  1  1 1 0
 0 0 -1 -1 0 1
 1 0  0  0 0 0
 0 1  0  0 0 0
 0 0  1  0 0 0
1,1,1,1;1;1 1 5
108 
#3 
6	% 
 0  0  0  0  0  1
 0  1  0  0 -1  1
 0  1  0 -1  0  1
 1 -1  0  0  1 -1
 1  0  0  0 -1  1
 0 -1 -1  1  0 -1
6	% 
 0  0  0 -1 -1 -1
 0  1  0  0 -1  0
 1  0  0 -1 -1 -1
 0 -1 -1  1  2  1
 0  1 -1  0 -2 -1
 1 -1  0  1  1  1
6	% 
 -2  1 -1  2  0 -1
 -2  1 -1  2 -1 -2
 -2  1  0  1 -1  0
  3 -2  1 -2  1  1
 -3  1 -1  2 -1 -1
  2 -1  1 -1  1  0
2-2',2-2';1;1 1 2
18 
#1 
6	% 
  0  0 0 0 -1 0
  0  0 0 0 -1 1
  0  0 0 1 -1 1
  0  0 1 0  0 1
 -1  0 0 0  0 0
  1 -1 0 0  0 0
2-2;1,1;1,1 1 1
3 
#1 
6	% 
 0  0  0 1 0  0
 0  0 -1 1 0  0
 0 -1  0 0 0  0
 1  1  0 0 0  0
 0  0  0 0 0 -1
 0  0  0 0 1  1
1,1,1;1;1;1 1 10
108 
#2 
6	% 
 0  0  0  0 0 1
 0  0  0  0 1 0
 0  0  0 -1 0 0
 1  0  0  0 0 0
 1 -1  0  0 0 0
 0  0 -1  0 0 0
6	% 
 0  0  0 0 0 1
 0  0  0 0 1 0
 0  0  0 1 0 0
 1  0  0 0 0 0
 1 -1  0 0 0 0
 0  0 -1 0 0 0
1,1;1,1;1;1 1 34
162 
#2 
6	% 
  0  0  1  0  0 -1
  0  0 -1  0  1  0
 -1  0  0  0  0  0
  0  0  0  1  1  0
  0  0  0 -1 -1  1
  1 -1  0  0  0  0
6	% 
  0  0 -1  0 -1 -1
  0  0  0  1  0  1
 -1  0  0  0  0  0
  0  0  1  0  0  1
  0  0  0 -1  1 -2
  1 -1  0  0  0  0
1,1;1,1;1;1 1 4
9 
#1 
6	% 
  0  0 1 0 0 0
  0  0 0 1 0 0
  0  0 0 0 1 0
  0  0 0 0 0 1
 -1  0 0 0 0 0
  1 -1 0 0 0 0
1,1;1,1;1,1 1 5
54 
#2 
6	% 
 0 -1  0  0  0  0
 1  1  0  0  0  0
 0  0  1  1  1 -1
 0  0  0 -1 -1  0
 0  0  1  1  0 -1
 0  0 -1  0  1  0
6	% 
 1 0  0  0  0  0
 0 1  0  0  0  0
 0 0  0  1 -1  1
 0 0  0 -1  0 -1
 0 0  1  0  1  0
 0 0 -1  0  0 -1
1,1;1,1;1,1 1 1
1 
#1 
6	% 
 0 -1 0  0 0  0
 1  1 0  0 0  0
 0  0 0 -1 0  0
 0  0 1  1 0  0
 0  0 0  0 0 -1
 0  0 0  0 1  1
2-2;2-2;1,1 1 1
3 
#1 
6	% 
  0 1  0 0 0  0
 -1 1  0 0 0  0
  0 0  0 1 0  0
  0 0 -1 1 0  0
  0 0  0 0 0 -1
  0 0  0 0 1  1
2-2',2-2';2-2 1 1
6 
#1 
6	% 
  0 0 1  0  0 1
  0 0 1 -1 -1 1
  0 0 0  0 -1 1
  0 0 0  0 -1 0
  0 1 0  0  0 0
 -1 1 0  0  0 0
1,1;1,1;1;1 1 9
108 
#3 
6	% 
 0  0  0 0 0 -1
 0  0  0 0 1  1
 1  0  0 0 0  0
 0 -1 -1 0 0  0
 1 -1  0 0 0  0
 0  1 -1 1 0  0
6	% 
 0  0 1 0 0  0
 0  0 0 1 0  0
 1  0 0 0 0  0
 0 -2 0 0 0  1
 1 -1 0 0 0  0
 0  2 0 0 1 -1
6	% 
  0 0  0  0 0 -1
  0 0  0  0 1  1
  0 0  0  1 0  0
  1 0  1 -2 0  0
  0 0  1 -1 0  0
 -1 1 -1  2 0  0
1,1,1;1;1;1 1 15
216 
#4 
6	% 
 0 -1 1  0  0  0
 0  1 0  1  0 -1
 1  0 0  0  0  0
 0  1 1 -1  0  0
 1 -1 0  0  0  0
 0 -1 0 -1 -1  1
6	% 
 0 -2 1 -2 0 -1
 0  1 0  1 1  0
 1  0 0  0 0  0
 0  2 1  1 0  1
 1 -1 0  0 0  0
 0 -1 0 -1 1 -1
6	% 
  1 0  0  2  0  0
  0 0  0 -1  0 -1
  0 0 -1  0  0  0
 -1 1  0 -2  0  0
  0 0 -1  1  0  0
  0 0  0  1 -1  1
6	% 
 -2  1  0 0  0  1
  2 -1  1 0  1 -2
  1  0  0 0  0  0
  2 -1  0 0  1 -1
 -1  1  0 0  0  0
 -2  1 -1 1 -1  2
2-2;1,1;1,1 1 5
54 
#2 
6	% 
  0  0  0  0  0 1
  0  0  0  0 -1 1
 -1  1 -2  1  0 0
  1 -1  1 -1  0 0
 -1  0 -2  1  0 0
  1  0  1  0  0 0
6	% 
  0  0  0  0  0 1
  0  0  0  0 -1 1
  1  0  0  1  0 0
 -1 -1 -1 -1  0 0
  1 -1  0  1  0 0
 -1  2  1 -2  0 0
1,1;1,1;1;1 1 25
648 
#4 
6	% 
  0  1  0 1  1 -1
 -1 -2  0 0 -1  2
  0  0 -1 0  0  0
  0 -1  0 1  0  1
  0  0 -1 1  0  0
 -1  3  0 0  1 -2
6	% 
  1  0 0  0 0  0
  0 -2 0  0 0  1
 -2  1 0  1 0  0
  1 -1 0  0 0  0
  2 -1 1 -1 0  0
  0  2 0  0 1 -1
6	% 
  1  0 0  0  0 0
  0 -1 0  0 -1 0
 -2  1 0  1  0 0
  1 -1 0  0  0 0
  2 -1 1 -1  0 0
  0  1 0  0 -1 1
6	% 
  1  0  0  1 0  0
  0 -2  0  0 0  1
 -2  1 -1 -2 0  0
  1 -1  0  1 0  0
  2 -1 -1  3 0  0
  0  2  0  0 1 -1
1,1;1,1;1,1 1 10
216 
#2 
6	% 
 1  0  2 -1 0  0
 0 -1  0  1 0  1
 0  0 -1  0 0  0
 1 -1  2 -1 0  0
 0  0  1 -1 0  0
 0  1  0  1 1 -1
6	% 
 1  0  0  0 0  2
 0 -2 -1  0 0  0
 0  0  0  2 1 -1
 1 -1  0  0 0  2
 0  0  0  2 1  0
 0  2  1 -1 0  0
2-2,2-2;1,1 1 1
18 
#1 
6	% 
  0 -2  0 -1 0 0
 -2  0  1 -1 0 0
  0  1  0  1 0 0
  1  0 -1  1 0 0
  0  0  0  0 1 0
  0  0  0  0 0 1
2-2;2-2;1;1 1 2
9 
#1 
6	% 
  0  0  0 0 0 1
  0  0  0 0 1 0
  0  0  0 1 0 0
  0  0 -1 1 0 0
 -1  0  0 0 0 0
  1 -1  0 0 0 0
2-2,2-2;1;1 1 2
54 
#1 
6	% 
  0 0  0  5  0  3
  0 0 -5  5 -3  3
  0 0  0 -8  0 -5
  0 0  8 -8  5 -5
  1 0  0  0  0  0
 -1 1  0  0  0  0
2-2,2-2,2-2 1 1
36 
#1 
6	% 
  0 1  0  0  0  0
 -1 1  0  0  0  0
  0 0  0 -1  0  0
  0 0 -1  0  0  0
  0 0  0  0  0 -1
  0 0  0  0 -1  0
2-2,2-2;1,1 2 1
18 
#1 
6	% 
  0 1 0  0 0  0
 -1 1 0  0 0  0
  0 0 0 -1 0  0
  0 0 1 -1 0  0
  0 0 0  0 0 -1
  0 0 0  0 1  1
2-2,2-2,2-2 2 1
108 
#1 
6	% 
 0  0  0 1  0  1
 0  0 -1 1 -1  1
 0  0  0 0  0 -1
 0  0  0 0  1 -1
 0 -1  0 0  0  0
 1 -1  0 0  0  0
2-2,2-2;1;1 2 2
54 
#1 
6	% 
 0 1 0 0  0  0
 1 0 0 0  0  0
 0 0 0 1  0  0
 0 0 1 0  0  0
 0 0 0 0 -1  0
 0 0 0 0  1 -1
2-2;1,1;1;1 1 3
18 
#1 
6	% 
  0  0 0 0 1 0
  0  0 0 0 0 1
  0  0 1 0 0 0
  0  0 0 1 0 0
 -1  0 0 0 0 0
  1 -1 0 0 0 0
2-2;1,1;1;1 1 14
108 
#3 
6	% 
 0  0 0 1 0  0
 0  0 1 0 0  0
 1  0 0 0 0  0
 0 -2 0 0 0  1
 1 -1 0 0 0  0
 0  2 0 0 1 -1
6	% 
 0  0 0 1  0 0
 0  0 1 0  0 0
 1  0 0 0  0 0
 0 -1 0 0 -1 0
 1 -1 0 0  0 0
 0  1 0 0 -1 1
6	% 
  0 0  0  0 0 1
  0 0  0  0 1 0
  0 0 -1  1 0 0
  1 0  2 -1 0 0
  0 0  1  0 0 0
 -1 1 -2  1 0 0
1,1;1;1;1;1 1 28
324 
#3 
6	% 
  0  0 0 0  1 -1
  0  0 0 1 -2  0
 -1  0 0 0  0  0
  0  0 0 0  0 -1
  1 -1 0 0  0  0
  0  0 1 0  2  0
6	% 
  0  0  0 0 -1 1
  0  0  0 1  2 0
 -1  0  0 0  0 0
  0  0  0 0  0 1
  1 -1  0 0  0 0
  0  0 -1 0 -2 0
6	% 
  0  0 0  0  0 -1
  0  0 0  1 -1  2
 -1  0 0  0  0  0
  0  0 0  0 -1  1
  1 -1 0  0  0  0
  0  0 1 -1  1 -2
1,1;1;1;1;1 1 25
27 
#1 
6	% 
 0  0 1 0  0  0
 0  0 0 1  0  0
 0  0 0 0  0 -1
 1  0 0 0  0  0
 1 -1 0 0  0  0
 0  0 0 0 -1  1
2-2;1;1;1;1 1 11
27 
#1 
6	% 
  0  0 1  0 0 0
  0  0 1 -1 0 0
 -1  0 0  0 0 0
  0  0 0  0 0 1
  1 -1 0  0 0 0
  0  0 0  0 1 0
1;1;1;1;1;1 1 18
27 
#1 
6	% 
 -1  0 0 0  0  0
  0  0 0 0  0 -1
  0  0 0 1  0  0
  1 -1 0 0  0  0
  0  0 1 0  0  0
  0  0 0 0 -1  1
2-2,2-2;2-2 1 1
18 
#1 
6	% 
  0 0  0 0  0 1
  0 0  0 0 -1 1
  0 0 -1 0  0 0
  0 0 -1 1  0 0
  0 1  0 0  0 0
 -1 1  0 0  0 0
2-2,2-2;2-2 2 1
18 
#1 
6	% 
  0 0 0 0  0 1
  0 0 0 0 -1 1
  0 0 0 1  0 0
  0 0 1 0  0 0
  0 1 0 0  0 0
 -1 1 0 0  0 0
