#57

5-2;1 4 1
1 
#1 
6	% 
 1 0 0 0 0 0
 0 1 0 0 0 0
 0 0 1 0 0 0
 0 0 0 1 0 0
 0 0 0 0 1 0
 0 0 0 0 0 1
1,1,1,1,1,1 1 1
1 
#1 
6	% 
 1 0 0 0 0 0
 0 1 0 0 0 0
 0 0 1 0 0 0
 0 0 0 1 0 0
 0 0 0 0 1 0
 0 0 0 0 0 1
1,1,1,1,1;1 1 1
1 
#1 
6	% 
  0  0  0 -1  0 0
 -1  0 -1 -1 -1 0
 -1 -1  0 -1 -1 0
  0 -1 -1  0 -1 0
  1  1  1  1  1 0
  0  0  0  0  0 1
2-1;1,1,1;1 1 8
90 
#2 
6	% 
 -1 1  1  0  1 0
  0 0  0  0  0 1
  1 0  0  0 -1 0
  1 0 -1 -1 -1 0
 -1 0  0  0  0 0
 -1 0  1  0  0 0
6	% 
  0  0  0  0  0  1
 -1  1  1 -1  1 -1
  1  0  0  0 -1  0
  0 -1 -1  0 -1  0
  0  1  0 -1  0  0
 -1  0  1  0  0  0
2-1;1,1;1,1 1 9
90 
#2 
6	% 
 0  0  0  0 0 1
 1  3  1 -1 1 0
 0 -1  0  1 0 0
 0  1  0  0 1 0
 0 -1 -1  0 0 0
 0  1  1  0 1 0
6	% 
 -1  1  1 -1  1 0
  2  2  0 -1  0 1
  0 -1 -1  0 -1 0
  1  0 -1  0  0 0
 -1  0  0  0  1 0
  0  1  0 -1  0 0
1,1,1,1,1;1 1 2
15 
#1 
6	% 
  0  0 0  0  0  1
  1  0 0  0 -1  1
  0  0 0 -1  0  1
  1  1 0 -1  0  0
 -1 -1 0  1  1 -1
  1  1 1  0  0  1
1,1,1;1,1,1 1 3
60 
#2 
6	% 
  0  0  0  0  0 -1
  0  0  1 -1  1  0
  0  1  1  1  1  0
 -1  0 -1  0  0  0
  1  0  0  1  0  0
  0 -1 -1  0 -2  0
6	% 
  0  0  0  1  1 1
  1 -1 -1  0 -1 0
  0  1  1  1  0 0
 -1 -1  0  0  0 0
  0  1  1 -1  1 0
 -1 -1  0  1  0 0
1,1,1,1;1,1 1 2
15 
#1 
6	% 
  0  0  0  1  0 0
  0 -1 -1 -1  0 0
  1  0  0  1 -1 0
  0  0  0  0  0 1
 -1  0  1  1  1 0
  1  0  0  0  0 0
1,1,1,1;1,1 1 3
60 
#2 
6	% 
  0  0 -1  0 -1 -1
 -1 -1  1 -1  1 -1
  0  0  0  0  1  0
  0  1  0  0  0  1
 -1  0  1  0  1 -1
  0  0 -1  0  0  0
6	% 
  1  1  0  0 1  1
  0  0  0  0 0  1
 -1 -1 -1  0 0  0
  1  0  0  0 0 -1
 -1  0  1  0 0  1
  1  1 -1 -1 0  0
2-2;1,1,1,1 1 2
20 
#1 
6	% 
 1 0  0 0 -1 0
 0 0 -1 0  1 0
 0 0  0 0  0 1
 0 1  1 0  0 0
 0 0  0 1  1 0
 0 0  1 0  0 0
2-2',2-2';1,1 1 2
20 
#1 
6	% 
  0 0 0 0 0 1
  0 0 0 1 1 0
  0 0 0 1 0 0
  1 1 0 0 0 0
 -1 0 1 1 1 0
  1 0 0 0 0 0
1,1,1;1,1;1 1 8
60 
#2 
6	% 
  2 -1 -1  1  1 0
  3 -1  0  1  0 0
 -6  3  2 -3 -2 0
  0 -1  0  0  1 0
  2  0  0  1  0 0
  0  0  0  0  0 1
6	% 
 -2  1 -1  2   3 0
 -2  2 -2  4   5 0
  7 -4  4 -9 -12 0
 -1  1  0  1   2 0
 -1  1 -1  2   2 0
  0  0  0  0   0 1
2-2;1,1,1;1 1 3
20 
#1 
6	% 
 -2  1  1  1  1 0
  1  1  0  0  1 0
  0  0  0  0  0 1
  0 -1  0 -1 -1 0
  0  2  1  0  1 0
  1 -1 -1 -1 -2 0
4-3';1;1 1 3
36 
#1 
6	% 
  0 0  0  0  0 1
  2 1  1 -2 -7 0
 -3 1 -2 -2  6 0
 -2 2 -3 -6  2 0
 -1 3 -2 -7 -2 0
  1 2 -1 -6 -6 0
2-2',2-2';1;1 1 3
20 
#1 
6	% 
  0  0  0  0  0 1
 -4  0  2 -1 -1 0
 -2  1 -2 -1  0 0
 -2  0 -1 -1  0 0
 -2  0  2  0 -1 0
 -1 -1  2  0  0 0
1,1,1,1;1;1 1 2
15 
#1 
6	% 
  0  0  1  0  0 0
 -1 -1 -1  1 -1 0
 -1  0  2  0  1 0
  0  0  0  0  0 1
  1  0 -1 -1  0 0
 -1 -1  0  0 -1 0
2-1;1,1;1;1 1 24
90 
#2 
6	% 
 -1 1  1 0 1 0
  0 0  0 0 0 1
 -1 0  1 1 1 0
  1 0  0 0 0 0
 -1 0  0 0 1 0
  1 0 -1 0 0 0
6	% 
 -1  1  1 -1 1 0
  0  0  0  0 0 1
  0  1  1  0 1 0
  0 -1  0  1 0 0
 -1  0  0  0 1 0
  1  0 -1  0 0 0
4-2;1,1 2 2
10 
#1 
6	% 
  0 0 0  0  0 1
  1 1 0 -1  0 0
 -1 0 0  0  1 0
 -1 0 0  0  0 0
 -1 0 1  1  1 0
  1 0 0 -1 -1 0
2-1;1,1;1;1 1 27
45 
#1 
6	% 
  2 -2 -2  0 -2  3
 -1  0  0  0  1 -1
 -1  1  1  0  1 -2
  0  1  0 -1  0 -1
 -1  0  0  0  0 -1
  0 -1  0  0 -1  1
2-1;1,1;1;1 1 25
90 
#2 
6	% 
  0  0  0 0  0 1
 -1  0  1 1  1 0
 -1  1  1 0  1 0
  0  1  1 0  0 0
  0 -1 -1 0 -1 0
  1  0 -1 0  0 0
6	% 
 0  0  0  0  0 1
 1  0 -1 -1 -1 0
 1 -1 -1  0 -1 0
 1  0  0  0 -1 0
 0  1  1  0  1 0
 0  1  0  0  1 0
4-2;1;1 2 3
10 
#1 
6	% 
  0 0 0  0  0 1
  1 1 0 -1  0 0
 -1 0 0  0  1 0
 -1 0 0  0  0 0
 -1 0 1  1  1 0
  1 0 0 -1 -1 0
2-1;1;1;1;1 1 23
45 
#1 
6	% 
  0  0  0 0  0 1
 -1  0  1 1  1 0
 -1  1  1 0  1 0
  0  1  0 0  1 0
 -1  0  0 0  1 0
  0 -1 -1 0 -1 0
1,1,1,1;1;1 1 5
45 
#1 
6	% 
  0  0  0  1  0 -1
  0  0  0  0  0 -1
 -1  0  0 -1  1 -1
  1  1  0  0 -1  2
 -1 -1 -1 -1  0 -2
  0  1  1  1  0  1
1,1,1;1,1;1 1 7
90 
#1 
6	% 
 0 -2 -1 -1 -1 0
 0 -2 -1  0 -1 0
 1  3  1 -1  1 0
 0 -1 -1  0  0 0
 0  0  0  0  0 1
 0 -1 -1 -1 -1 0
2-2;1,1,1;1 1 5
60 
#1 
6	% 
  0  0  0  0  0  1
  1 -2 -2 -2 -2  1
 -1  2  1  1  1 -1
 -1  2  1  2  2 -2
 -1  3  2  1  2 -2
 -1  2  2  2  1 -2
1,1,1;1,1;1 1 10
90 
#2 
6	% 
  1 -1  0 0 -2 0
  0  0  1 0 -1 0
 -1  1 -1 0  3 1
  1  0  0 0 -1 0
  0  0  1 1  0 0
  0  0  1 1  1 0
6	% 
  1  1  0  2  0 0
  1  1  0  1  0 0
 -2 -2  0 -3  0 1
  1  0  0  1 -1 0
  0  1  0  0  0 0
  0  0 -1 -1 -1 0
1,1;1,1;1;1 1 13
45 
#1 
6	% 
  2 -2 -2  0 -2 1
  0 -1 -1 -1  0 0
  1  0 -1  1 -1 0
  0 -1  0 -1 -1 0
 -1  0  0 -2  0 0
 -1  1  1  0  1 0
1,1;1,1;1;1 1 17
45 
#1 
6	% 
 0  0  0  0  0 1
 0  0  0 -1  0 0
 0  0  0  1  1 0
 0 -1  0  0 -1 0
 0  0 -1  0  0 0
 1  0  0  0 -1 0
2-2;1,1;1,1 1 4
60 
#1 
6	% 
 0 0  0  0  0 1
 0 0  1  1  0 0
 0 0  0 -1 -1 0
 0 1  0 -1  0 0
 1 0 -1 -1 -1 0
 0 0  0 -1  0 0
1,1;1,1;1;1 1 36
180 
#3 
6	% 
  1 -1  0  0 -2 1
  2  2 -1 -1 -1 0
  1  1 -1 -1  0 0
 -1 -1  0  1  1 0
  1  0 -1  0 -1 0
  0  1  0  0  0 0
6	% 
 0  0 -1 -1 -1  0
 0  0  0  0  0  1
 0  0  0  1  1  1
 0  0  1  1  0 -1
 1  0 -1 -1 -1  1
 0 -1  0  1  0  1
6	% 
 0 0  0  0  0 1
 0 0 -1 -1 -1 0
 0 1  0 -1  0 0
 0 0  1  1  0 0
 0 0  0 -1 -1 0
 1 0 -1 -1 -1 0
2-2,2-2;1;1 2 3
60 
#1 
6	% 
  0 0 0  0 0 1
 -1 0 1  0 0 0
  0 1 1  0 0 0
  0 1 1  0 1 0
 -1 0 0  0 0 0
  0 0 0 -1 0 0
1,1,1;1;1;1 1 7
45 
#1 
6	% 
 -1  0  1  1  0 0
  0  0  0  0  0 1
  0 -1 -1 -1 -1 0
  1  0 -1  0  0 0
  0  1  0  0  0 0
 -1 -1  0  1  0 0
1,1;1,1;1,1 1 6
45 
#1 
6	% 
 0  0  2  2  2 1
 0  0 -1  0  0 0
 0  0 -1 -1 -1 0
 0 -1  0 -1 -1 0
 1  0  0  1 -1 0
 0  0 -1 -1  0 0
1,1,1;1;1;1 1 9
15 
#1 
6	% 
  1  1  0 1 0  1
  1  0 -1 0 0  1
  0  1  0 0 0  1
  0  1  1 1 1  1
  0 -1 -1 0 0 -1
 -1  1  1 0 1  0
4-3';1,1 1 2
36 
#1 
6	% 
 0 0  0  0  0 1
 0 0  0  0 -1 0
 0 0 -1  0  0 0
 1 0  0  0 -1 0
 0 0  0 -1  0 0
 0 1  0  0  1 0
1,1,1;1;1;1 1 19
60 
#2 
6	% 
  2  2 -1 -1 -1  1
  0  0  0  0  0  1
 -1 -1  1  0  0 -1
  1  1  0  0 -1  1
  2  1 -1 -1 -1  1
  1  2  0 -1  0  1
6	% 
 0 0 1 1  1  2
 0 0 0 0  0  1
 0 0 0 0 -1 -1
 0 0 1 0  0  1
 1 0 0 0  0  1
 0 1 1 0  1  1
2-2,2-2;1,1 2 2
60 
#1 
6	% 
  1  1  1 -1  1 1
 -1  0  1  0  0 0
  0  1  1  0  0 0
  0 -1 -1  0 -1 0
  1  0  0  0  0 0
  0  0  0  1  0 0
2-2,2-2;1,1 1 2
20 
#1 
6	% 
  0 0  0  0  0 1
  0 0  0  0 -1 0
  0 0  0  1  0 0
  1 1  0 -1 -1 0
 -1 0  0 -1  0 0
  1 0 -1 -1  0 0
2-2;2-2;1,1 1 6
60 
#1 
6	% 
  0 0 0  0  0 1
  1 1 0 -1 -1 0
 -1 0 0  0  1 0
  1 1 0  0  0 0
  0 1 1  0  0 0
  0 0 0  0  1 0
2-2;2-2;1;1 1 10
60 
#1 
6	% 
  0  0  0 0 0 1
  1  0 -1 0 0 0
  0  0 -1 0 0 0
  1  1  0 0 0 0
 -1 -1  1 1 0 0
  0  1  0 0 1 0
2-2,2-2;1;1 1 3
20 
#1 
6	% 
  0  0  0  0 0 1
  0  0  0 -3 1 0
  1  0  3  0 0 0
  0  1 -1 -3 1 0
 -1 -1 -3 -1 0 0
  0  1 -1  1 0 0
3;1,1,1 1 3
15 
#1 
6	% 
  0 0  0  0  0  1
 -1 1  1 -1  1 -1
  0 1  1 -1  0  0
  0 1  0 -1  1  0
  1 0  0  1  0  0
  1 0 -1  0 -1  0
2-2;2-2;1,1 1 7
10 
#1 
6	% 
  0  0  0  0  0 1
  0  0  0  1  1 0
 -1 -1  0  1  0 0
  1  0 -1 -1 -1 0
  0  0  0  1  0 0
 -1  0  0  1  1 0
3;2-2;1 2 2
15 
#1 
6	% 
 0  0  0  0  0 1
 1 -1 -1  0 -1 0
 0 -1  0  0 -1 0
 0 -1  0  0  0 0
 1  0  0  0  0 0
 0  1  0 -1  0 0
2-2;1,1;1;1 1 7
60 
#1 
6	% 
 0 0  0  0  0 1
 0 0 -1  0  0 0
 1 0  0  0 -1 0
 0 0  1  0 -1 0
 1 0  0 -1 -1 0
 1 1  1  0  0 0
1,1;1;1;1;1 1 22
15 
#1 
6	% 
  0 0  0 0  0 1
 -1 0  0 1  0 0
  0 0  1 0  0 0
  2 1  0 0  0 0
 -1 0  1 0  0 0
  1 0 -1 0 -1 0
1,1;1;1;1;1 1 46
60 
#2 
6	% 
  1 1 1 -1 -1 0
  0 0 0  0  0 1
 -1 0 0  1  1 0
  1 1 0 -1 -1 0
  0 1 1 -1  0 0
  1 1 1  0  0 0
6	% 
  1 -1 1 1 -1 0
  0  0 0 0  0 1
 -1  1 0 0  1 0
  1 -1 0 1 -1 0
  0 -1 1 1  0 0
  1  0 1 1  0 0
3;1,1;1 1 6
15 
#1 
6	% 
 0 -1 -1 -1 -1 0
 0  0  0  0  0 1
 1  0 -1 -1 -1 0
 0 -1  0  0 -1 0
 0  0  0  1  0 0
 0  1  1  0  0 0
2-2;2-2;1;1 1 11
10 
#1 
6	% 
  0  0  0  0  0 1
  0 -1  0  0 -1 0
  0  0 -1  0  0 0
 -1 -1  0  0  0 0
  0  0  0 -1  0 0
  0  1  0  0  0 0
4-3;1;1 1 4
6 
#1 
6	% 
 0 0  0  0  0 1
 0 0 -1  0  0 0
 0 1  1  0  1 0
 0 0  0  0  1 0
 1 0  0  0  0 0
 0 0 -1 -1 -1 0
3;1,1;1 1 13
15 
#1 
6	% 
  1  1  0 -1 -1  0
  1  1  1  0  0  0
  0  0 -1  0  1  0
 -1  0  0  0  1 -1
  0  0  0  0  0 -1
 -1 -1 -1  0  1  0
3;1;1;1 1 8
15 
#1 
6	% 
  0  0  0 0  0 1
  0 -1 -1 0  0 0
 -1  0  1 1  1 0
  1  0  0 0  0 0
  0 -1  0 0 -1 0
  1 -1 -1 0 -1 0
3;1,1;1 1 7
15 
#1 
6	% 
 0  0  0  2  0 1
 1  0  0  0 -1 0
 0 -1  0  0 -1 0
 0 -1 -1  0 -1 0
 1  0 -1 -1 -1 0
 1 -1 -1  0 -1 0
4-3;1,1 1 2
6 
#1 
6	% 
 -1  1  1  1  1 -2
  0 -1 -1  0  0  1
  0  0  0  1  0 -1
  0  1  0  0  1 -1
 -1  0  0  0  0 -1
  1  0 -1 -1 -1  1
1,1;1;1;1;1 1 47
60 
#2 
6	% 
 0  0  0  0  0  1
 0  0  0  0 -1 -1
 0 -1 -1  0 -1  1
 0  0  0  1  1  1
 1  0 -1 -1 -1  1
 0  0  1  1  1  0
6	% 
 1 1  0  0  0 1
 0 0  0 -1 -1 0
 1 0 -1 -1 -1 0
 0 1  1  0  1 0
 0 0  0  0 -1 0
 0 0  1  1  1 0
1;1;1;1;1;1 1 31
15 
#1 
6	% 
 0  0  0  0  0 1
 0 -1  0  1  0 0
 0  0 -1  0  0 0
 1  0  0  0  0 0
 0  0 -1 -1  0 0
 0  0 -1 -1 -1 0
1,1;1;1;1;1 1 49
15 
#1 
6	% 
  0 0  2  2  2 1
  0 0  0  0  1 0
  0 1  1  0  1 0
 -1 0  1  1  1 0
  0 0  0 -1 -1 0
  0 0 -1 -1 -1 0
