#53

2-2;2-2;1;1 1 3
1 
#1 
6	% 
 1 0 0 0 0 0
 0 1 0 0 0 0
 0 0 1 0 0 0
 0 0 0 1 0 0
 0 0 0 0 1 0
 0 0 0 0 0 1
1,1,1,1,1,1 1 1
1 
#1 
6	% 
 1 0 0 0 0 0
 0 1 0 0 0 0
 0 0 1 0 0 0
 0 0 0 1 0 0
 0 0 0 0 1 0
 0 0 0 0 0 1
1,1,1,1,1;1 1 2
9 
#3 
6	% 
  1  0  0  0  0  0
  0  0  1  0  0  0
  1  0  1 -1  0  0
  0 -1  0 -1 -1  1
 -1  1 -1  1  0 -1
  1 -1  1 -1 -1  0
6	% 
 -1 -2  1 -1 -1 -1
 -2 -2  1 -1 -1 -1
 -1 -2  1 -2 -1 -1
 -2 -2  1 -1  0 -1
  2  3 -1  2  1  2
 -2 -3  2 -2 -1 -2
6	% 
  0 0 -2  0  0 -1
 -1 0 -1  0 -1 -1
  0 0 -1  1  0  0
  0 0 -2  0 -1 -1
  0 1  2 -1  1  1
  0 1 -3  1 -1 -1
1,1,1,1,1;1 1 1
1 
#1 
6	% 
 0  0  0  0 -1  0
 0 -1 -1  0 -1 -1
 0 -1  0 -1 -1 -1
 0  0 -1 -1  0 -1
 0  1  1  1  1  1
 1  0  0  0  0  0
1,1,1,1;1,1 1 2
12 
#4 
6	% 
  1  0  0  0  0  0
  1  0 -1  0  0  0
  0 -1 -1  0 -1 -1
  0  0  0 -1 -1  1
 -1  1  1  1  1  0
  1 -1 -1  1  0 -1
6	% 
 0  0  1  0 0 0
 0  0  1 -1 0 0
 0 -1  1  0 0 0
 1  0  0  0 0 0
 0  1 -1  1 1 0
 0 -1  1 -1 0 1
6	% 
  0  0  0 1  0  0
  0  0  0 0  0  1
  0 -2  1 0 -1 -1
  1  0  0 0  0  0
 -1  1 -1 0  0  0
 -1 -1  0 0  0  0
6	% 
 0 0 -1  0 -1 -1
 0 0  0  1 -1  0
 0 0  0 -1 -1 -1
 1 0  0  0  0  0
 0 1  0  0  1  1
 0 1 -1  0 -1 -1
1,1,1,1;1,1 1 3
18 
#2 
6	% 
  1  0  0  0  0  0
  2  2 -1  1  1 -1
 -1  0  1  0  1  0
 -1 -1 -1 -1 -1  0
  1  1 -2  1  0 -1
  1  0  1  0  0  1
6	% 
  1  0  0 -1  0  0
  0  0  1 -1  0  0
 -1  1 -1  0  0  1
  0 -1  0  1 -1 -1
  0 -1  1 -1 -1 -1
  1  1  0  0  1  0
1,1,1;1,1,1 1 1
1 
#1 
6	% 
  0 -1 -1  0  0  0
 -1  0 -1  0  0  0
  1  1  1  0  0  0
  0  0  0  0 -1 -1
  0  0  0 -1  0 -1
  0  0  0  1  1  1
1,1,1;1,1,1 1 2
3 
#1 
6	% 
  0  0 -1 0  0  0
  0 -1  0 0  0  0
 -1  0  0 0  0  0
  1  0  0 1  1 -1
  0  1  1 0  0  1
  0 -1 -1 0 -1  0
1,1,1,1;1,1 1 1
1 
#1 
6	% 
  0 0  0 -1 -1 -1
 -1 0  0  0 -1 -1
 -1 0  0 -1  0 -1
  1 0  0  1  1  1
  0 0 -1  0  0  0
  0 1  1  0  0  0
1,1,1;1,1,1 1 3
18 
#2 
6	% 
 -3 -2  1  0  0  0
  0  0  1  1  1 -1
 -1  0  0 -1  0  1
  2  1 -1  0  0  0
  1  0  0 -1 -1  0
 -2 -1  0  0  0  0
6	% 
  1  0 -1  0  0  0
  0  2 -1  1  2 -2
  0 -2  0 -1 -2  1
 -1  1  0  0  1 -1
  0 -2  2 -1 -1  2
  1  1 -1  0  1 -1
2-2;1,1,1,1 1 2
1 
#1 
6	% 
  0  1  0  0  0  0
  0  0  1  0  0  0
 -1 -1 -1 -1  1 -1
  1  0  0  0 -1  1
 -1  0  0 -1  1  0
  1  0  0  1  0  1
2-2;1,1,1,1 1 1
1 
#1 
6	% 
  0 1 0  0  0  0
  0 0 1  0  0  0
  0 0 0 -1 -1 -1
 -1 0 0  0 -1 -1
 -1 0 0 -1  0 -1
  1 0 0  1  1  1
2-2',2-2';1,1 1 2
2 
#1 
6	% 
 -2  0 0 -1  1 -1
  0  0 1  1  1  0
  0 -1 1  1  0 -1
  1  0 0  0  0  1
 -1  0 0 -1  0  0
  1  0 0  0 -1  0
1,1,1,1;1;1 1 2
9 
#3 
6	% 
 0  1  0  0  0  0
 0  0 -1 -1 -1  1
 0  1  0 -1  0  0
 1  0  0  0  0  0
 0 -1  1  1  0 -1
 0  1 -1 -1 -1  0
6	% 
 0  0  0 1 0 0
 0  0  0 0 1 0
 0  0  0 0 0 1
 1  0  0 0 0 0
 0  0 -1 0 0 0
 0 -1  0 0 0 0
6	% 
 0  0 0 1 0 0
 0  0 0 0 1 0
 0  0 0 0 0 1
 1  0 0 0 0 0
 0  0 1 0 0 0
 0 -1 0 0 0 0
1,1,1;1,1;1 1 7
54 
#6 
6	% 
 0  2 0  2  1 -1
 0  1 0  0  0  0
 0 -4 0 -1 -1  1
 0  0 1  0  0  0
 1  0 0  0  0  0
 0  1 0  1  1  0
6	% 
 0  0  0 0 1 -1
 0 -2  1 0 0  0
 0  4 -2 1 0  0
 0 -1  0 0 0  0
 1  0  0 0 0  0
 0  0  0 0 1  0
6	% 
 0 2 -1 0  0  0
 0 0  0 0 -1  1
 0 0  0 1  2 -2
 1 0  0 0  0  1
 1 0  0 0  0  0
 0 1 -1 0  0  0
6	% 
 -4 -2 1  0  0  0
 -2  0 0  0  1  1
  5  0 0  0 -2 -2
 -1  0 0 -1  0  1
  0  0 0 -1 -1  1
 -2 -1 1  0  0  0
6	% 
 0  0  1  0  0  0
 0  0  2  2  1 -1
 0  0 -5 -3 -2  2
 1  0  1  1  1  0
 1  0  0  0  0  0
 0 -1  1  0  0  0
6	% 
  0 0  1  0  0  0
  2 0  2  0  1  1
 -3 0 -5  0 -2 -2
  1 0  1 -1  0  1
  0 0  0 -1 -1  1
  0 1  0  0  0  0
1,1,1;1,1;1 1 2
3 
#1 
6	% 
  2 0 0  2  1 -1
  1 0 0  1  0  0
 -2 0 0 -3 -1  1
  0 1 0  0  0  0
  0 0 1  0  0  0
  1 0 0  1  1  0
1,1,1,1;1;1 1 5
18 
#2 
6	% 
  1  0  0  0 0 0
  1  0  0 -1 0 0
  1  0  0  0 0 1
 -2 -1  1  0 0 0
  2  0 -1  0 0 0
 -1  0  0  0 1 0
6	% 
  0 0 -1  1 0 0
 -1 0  0  1 0 0
 -1 0 -1  0 0 1
  1 1  0 -1 0 0
 -1 1 -1  1 0 0
  1 0  1  0 1 0
2-2;1,1,1;1 1 2
3 
#1 
6	% 
  0 0 0 -1  0  0
 -1 0 0 -1 -1  1
  1 0 0  1  0 -1
  0 1 0  0  0  0
  0 0 1  0  0  0
 -1 0 0 -1 -1  0
1,1,1;1,1;1 1 4
9 
#3 
6	% 
  0 -1 -1  0  0  0
 -1  0 -1  0  0  0
  1  1  1  0  0  0
  0  0  0  0 -1  0
  0  0  0 -1 -1  1
  0  0  0  0 -1 -1
6	% 
  0 0 0  0 1  1
  0 0 0 -1 0  0
  0 0 0  0 0 -1
  0 1 0  0 0  0
 -1 0 0  0 0  0
  0 0 1  0 0  0
6	% 
 0  0 0  1 0 1
 0  0 0  1 0 0
 0  0 0 -1 1 0
 1 -1 1  0 0 0
 1  0 1  0 0 0
 0 -2 1  0 0 0
2-2;1,1,1;1 1 1
1 
#1 
6	% 
 0 1  0  0  0  0
 0 1 -1  0  0  0
 0 0  0  0 -1 -1
 0 0  0 -1  0 -1
 0 0  0  1  1  1
 1 0  0  0  0  0
2-2',2-2';1;1 1 3
2 
#1 
6	% 
 1  0  0  0  0  0
 0  0 -1  0  0  0
 0  1 -1  0  0  0
 0  1 -1 -1  0  0
 0  0 -1  0 -1  0
 0 -1  0  0  0 -1
1,1,1;1,1;1 1 8
18 
#2 
6	% 
 0  1 -1  2  1 -1
 0  2 -2  4  1 -1
 0 -3  3 -7 -3  3
 0  1  0  1  0 -1
 0  1 -1  2  1  0
 1  0  0  0  0  0
6	% 
 0  0  0 -1  1 -2
 0  1  1  0  0  0
 0 -1 -1  1 -1  1
 0  0  0  0  1 -1
 0  0  1  0  0  0
 1  0  0  0  0  0
2-2;1,1,1;1 1 3
1 
#1 
6	% 
 0  0  1  0  0  0
 0  1 -1  0  0  0
 1  0  0  0  0  0
 0 -1  0  0  0 -1
 0  1  0  0 -1  0
 0 -1  0 -1  0  0
1,1,1;1,1;1 1 1
1 
#1 
6	% 
 0 0  0  1 0 1
 0 0  0  1 0 0
 0 0  0 -1 1 0
 0 0 -1  0 0 0
 0 1  1  0 0 0
 1 0  0  0 0 0
1,1,1;1,1;1 1 3
3 
#1 
6	% 
 0  2  2  0  1  1
 0  1  1  0  0  0
 0 -2 -3  0 -1 -1
 0  1  1  0  0  1
 0  0  0 -1 -1  1
 1  0  0  0  0  0
1,1,1;1,1;1 1 9
18 
#2 
6	% 
 -2 0 0 -1  1 0
 -1 0 0  0  0 1
  3 0 0  1 -1 0
 -1 0 0 -1  0 0
  0 1 0  1  1 0
  0 0 1  0  0 0
6	% 
 -2  0  0 -1  1 0
 -1  0  0  0  0 1
  3  0  0  1 -1 0
 -1  0  1  0  1 0
  0 -1 -2 -1 -1 0
  0 -2  1  0  0 0
2-2;1,1,1;1 1 5
6 
#2 
6	% 
  1  0 0 0  0 0
  2  1 0 0  0 0
 -2 -1 1 0  0 0
 -2  0 0 0  0 1
 -2  0 0 0 -1 0
 -2  0 0 1  0 0
6	% 
  1  0 -1 0  0 0
  1 -1  0 0  0 0
 -1 -1  1 0  0 0
 -1  0  2 0  0 1
 -1  0  2 0 -1 0
 -1  0  2 1  0 0
1,1,1,1;1;1 1 3
3 
#1 
6	% 
  0  0  0 -1 -1 -1
 -1  0  0  0 -1 -1
 -1  0  0 -1  0 -1
  1  0  0  1  1  1
  0 -1  0  0  0  0
  0  1 -1  0  0  0
2-2;1,1,1;1 1 4
1 
#1 
6	% 
  0 -1 -1 0 0 0
 -1  0 -1 0 0 0
  1  1  1 0 0 0
  0  0  0 0 0 1
  0  0  0 0 1 0
  0  0  0 1 0 0
1,1;1,1;1,1 1 4
18 
#2 
6	% 
 1  1 -2 0 0  0
 0  0  0 1 1 -1
 0  2  0 0 0  1
 0 -1  1 0 0  0
 0  0 -1 0 0  0
 0  2  0 0 1  0
6	% 
 0  0 0 1  1 -1
 1  0 1 0  0  0
 0 -1 0 0  0  0
 0  0 0 0 -1  0
 0  0 0 0  0 -1
 0 -1 1 0  0  0
1,1;1,1;1,1 1 2
3 
#1 
6	% 
 -1 0  0  0 -1 -1
  0 0 -1  0  0  0
  0 1  1  0  0  0
  0 0  0 -1 -1  1
  1 0  0  1  1  0
 -1 0  0  1  0 -1
2-2;1,1;1,1 1 2
3 
#1 
6	% 
 -1 0 0  0 -1 -1
  0 0 0 -1 -1  1
  1 0 0  1  1  0
  0 1 0  0  0  0
  0 0 1  0  0  0
 -1 0 0  1  0 -1
1,1,1;1;1;1 1 7
18 
#2 
6	% 
 0 -1  1 -1 -1  1
 1  0  0  0  0  0
 0 -1  0 -1  0  0
 0  1 -1  1  0 -1
 0  0 -1  1  0  0
 0 -1  1 -1 -1  0
6	% 
 0 -1 -1 -1 -1  1
 1  0  0  0  0  0
 0 -1  0 -1  0  0
 0  1  1  1  0 -1
 0  0  1  1  0  0
 0 -1 -1 -1 -1  0
1,1;1,1;1;1 1 2
3 
#1 
6	% 
 0 0  0 -1 -1  1
 0 0 -1  0  0  0
 0 1  1  0  0  0
 1 0  0  0  0  0
 0 0  0  1  0 -1
 0 0  0 -1 -1  0
1,1,1;1;1;1 1 10
9 
#1 
6	% 
  0 0  0 -1  0  0
 -1 0  0 -1 -1  1
  1 0  0  1  0 -1
  0 1  0  0  0  0
  0 1 -1  0  0  0
 -1 0  0 -1 -1  0
2-2,2-2;1,1 1 2
6 
#1 
6	% 
  1 0 0 0 0  0
  0 0 1 0 0  0
  0 1 0 0 0  0
 -1 0 0 0 0 -1
  1 0 0 1 0  0
 -1 0 0 0 1  0
1,1;1,1;1;1 1 8
18 
#2 
6	% 
  0  0 0 -1 -1 1
 -1 -2 1  0  0 0
  1  1 0  0  0 0
  0  0 0  1  1 0
  0  0 0 -1  0 1
 -1 -1 1  0  0 0
6	% 
 0  0 0 -1 -1 1
 1  0 1  0  0 0
 0 -1 0  0  0 0
 0  0 0  1  1 0
 0  0 0 -1  0 1
 0 -1 1  0  0 0
2-2,2-2;1,1 2 2
6 
#1 
6	% 
 -2 0  0 -1 1 -1
  0 1  0  0 0  0
  0 1 -1  0 0  0
  1 0  0  0 0  1
 -1 0  0  0 1  0
  1 0  0  1 0  0
2-2;1,1;1,1 1 4
6 
#2 
6	% 
 -1  0 -1 0  0 0
  0  1  0 0  0 0
  0 -1  1 0  0 0
  0  0  0 0  0 1
  0  0  0 0 -1 0
  0  0  0 1  0 0
6	% 
  1  2 -1 0  0 0
 -1 -1  0 0  0 0
 -1 -1  1 0  0 0
  0  0  2 0  0 1
  0  0  2 0 -1 0
  0  0  2 1  0 0
1,1,1;1;1;1 1 5
3 
#1 
6	% 
 0  0  0  0  1  0
 0  0  0  0  1  1
 0  0  0 -1 -1 -1
 1  0  0  0  0  0
 0 -1  0  0  0  0
 0  1 -1  0  0  0
1,1;1,1;1;1 1 16
18 
#2 
6	% 
 0  0  0 -1 -1 1
 1  0  0  0  0 0
 0 -1  0  0  0 0
 0  2 -1  1  1 0
 0  1 -1  0  0 0
 0  2 -1 -1  0 1
6	% 
 0 0  0 -1 -1 1
 1 0  0  0  0 0
 0 1  0  0  0 0
 0 0  1  1  1 0
 0 1 -1  0  0 0
 0 0  1 -1  0 1
2-2;1,1;1,1 1 3
1 
#1 
6	% 
 1 0  0 0 0 0
 0 0 -1 0 0 0
 0 1  1 0 0 0
 0 0  0 0 0 1
 0 0  0 0 1 0
 0 0  0 1 0 0
1,1;1,1;1;1 1 19
9 
#1 
6	% 
 -1 0 0  0 -1 -1
  0 0 0 -1 -1  1
  1 0 0  1  1  0
  0 0 1  0  0  0
 -1 0 0  1  0 -1
  0 1 0  0  0  0
2-2;2-2;1,1 1 3
1 
#1 
6	% 
 1 0 0 0 0 0
 0 1 0 0 0 0
 0 0 1 0 0 0
 0 0 0 0 0 1
 0 0 0 0 1 0
 0 0 0 1 0 0
2-2,2-2;1;1 2 3
6 
#1 
6	% 
 1  0 0 0  0  0
 0 -1 1 0  0  0
 0  0 1 0  0  0
 0  0 1 1  0  0
 0 -1 1 0  0 -1
 0 -1 0 0 -1  0
2-2,2-2;1;1 1 3
6 
#1 
6	% 
 1  0  0  0  0  0
 0  2 -2  1  0 -1
 0  2  0  1  1  0
 0  1 -2  1 -1 -1
 0 -1 -1 -1 -1 -1
 0 -2  1 -1 -1  1
2-2;1,1;1;1 1 2
3 
#1 
6	% 
 0 0 0 1 1 -1
 1 0 0 0 0  0
 0 0 0 0 0  1
 0 1 0 0 0  0
 0 0 1 0 0  0
 0 0 0 0 1  0
1,1;1;1;1;1 1 9
9 
#1 
6	% 
 0  0  0 1 1 -1
 1  0  0 0 0  0
 0  0 -1 0 0  0
 0  0  0 0 0  1
 0 -1  1 0 0  0
 0  0  0 0 1  0
2-2;1,1;1;1 1 7
6 
#2 
6	% 
 1 0 0  0 0  0
 0 0 1  0 0  0
 0 1 0  0 0  0
 0 0 0  0 0 -1
 0 0 0  0 1  0
 0 0 0 -1 0  0
6	% 
 1  0  0  0 0  0
 0  0  1  0 0  0
 0 -1  0  0 0  0
 0 -1 -1  0 0 -1
 0 -1 -1  0 1  0
 0 -1 -1 -1 0  0
2-2;1,1;1;1 1 6
1 
#1 
6	% 
 0 1 0 0 0 0
 0 0 1 0 0 0
 1 0 0 0 0 0
 0 0 0 0 0 1
 0 0 0 0 1 0
 0 0 0 1 0 0
2-2;1,1;1;1 1 8
3 
#1 
6	% 
 1  0  0 0  0 0
 0 -1  0 0  0 0
 0  1 -1 0  0 0
 0  0  0 0  0 1
 0  0  0 0 -1 0
 0  0  0 1  0 0
2-2;1,1;1;1 1 11
6 
#2 
6	% 
 -1 -2 1 0  0 0
  1  1 0 0  0 0
 -1 -1 1 0  0 0
  0  0 0 0  0 1
  0  0 0 0 -1 0
  0  0 0 1  0 0
6	% 
 1  0 1 0  0 0
 0 -1 0 0  0 0
 0 -1 1 0  0 0
 0  0 0 0  0 1
 0  0 0 0 -1 0
 0  0 0 1  0 0
2-2;1;1;1;1 1 7
3 
#1 
6	% 
 1  0  0 0  0 0
 0 -1  0 0  0 0
 0  1 -1 0  0 0
 0  0  0 0  0 1
 0  0  0 0 -1 0
 0  0  0 1  0 0
