#49

2-1;1;1;1;1 1 13
1 
#1 
6	% 
 1 0 0 0 0 0
 0 1 0 0 0 0
 0 0 1 0 0 0
 0 0 0 1 0 0
 0 0 0 0 1 0
 0 0 0 0 0 1
1,1,1,1,1,1 1 1
1 
#1 
6	% 
 1 0 0 0 0 0
 0 1 0 0 0 0
 0 0 1 0 0 0
 0 0 0 1 0 0
 0 0 0 0 1 0
 0 0 0 0 0 1
2-1;1,1,1,1 1 2
1 
#1 
6	% 
  0 -1  0  1  0  0
  0 -1  0  0  0  0
  0  0  1  1  0  1
 -1 -1  1  1  0  0
  1  0  0  0 -1  0
 -1  1 -1 -1  0 -1
1,1,1,1,1;1 1 2
8 
#4 
6	% 
  0 0  0  0  0 -1
  0 0  0 -1  0  0
  0 0 -1  0  0 -1
  0 1  0 -1  0  0
  0 0  1  1 -1  1
 -1 0 -1 -1  0 -2
6	% 
  0  0  0 -1 -1  0
  1 -1  0 -1 -1  0
  1  0  1 -1  0  1
  1 -1  1 -1 -1  0
 -1  1 -1  2  1 -1
  1 -1  1 -2 -1  0
6	% 
  0  0  0 0 -1  0
 -1  0  0 0  0  0
 -1  0  1 0 -1 -1
 -1  0  0 0 -1  1
  1 -1 -1 0  1 -1
 -1  0  1 1 -1  0
6	% 
 0 -1  1 -1 1 0
 0  0  0 -1 0 0
 0  0  1 -1 0 0
 0 -1  1 -1 0 0
 1  1 -1  2 0 1
 1 -1  1 -2 0 0
1,1,1,1;1,1 1 2
6 
#3 
6	% 
  0  0 1 0 0  1
  0  1 0 1 0  1
  0 -1 0 0 0  0
  1  0 0 0 1  1
 -1  0 0 0 0 -1
 -1  0 0 0 0  0
6	% 
 1  0  0 0 0  0
 0  0  0 0 0  1
 0  0  0 0 1 -1
 0  0 -1 0 0  0
 0  0 -1 1 0  0
 0 -1  0 0 0 -1
6	% 
 0 -1 -1  0 -1 -1
 0 -1 -1  1  0 -1
 0 -2 -1 -1 -1 -1
 1  0  0  0  0  0
 0  2  1  0  1  2
 0 -2 -1  0 -1 -1
2-1;1,1,1;1 1 7
1 
#1 
6	% 
 0  0  1  0 0  0
 0 -1  1  1 0 -1
 1  0  0  0 0  0
 0  0  0  0 1  1
 0  0  1  1 0  0
 0  0 -1 -1 0  1
2-1;1,1,1;1 1 6
3 
#1 
6	% 
  0 1  1  1  0  2
  0 0  0  0 -1 -1
  0 0 -1 -1  0  0
 -1 0  0  0  1  0
  0 0  0  0 -1  0
  0 1  1  0  0  1
1,1,1,1;1,1 1 3
17 
#4 
6	% 
  1 -1  1 1 -1 -1
 -1 -2  1 0  1 -1
  0  0  0 0  1  0
  0  1 -1 0 -1  0
 -1 -1  1 0  0 -1
  1  0  0 0  0  0
6	% 
  0  0 1  0  0  0
  0  1 0  1  0  2
  0  1 0  0 -1  1
  0 -1 0  0  0 -2
  0  0 0  1  0  1
 -1  0 0 -1  0 -1
6	% 
  0  0 -1  0  0  0
 -1  0 -1  0 -1 -1
  0 -1  0  0 -1 -1
  1  1  1  0  1  2
 -1  0 -1 -1 -1  0
  0  0  0  1  1  0
6	% 
  0  0 -1  0  1 -1
  0 -1 -1 -1  0 -1
 -1  0  0  0  0  0
  0  0  1  1 -1  1
  0 -1 -1  0  1 -2
 -1  0  0  0  0 -1
1,1,1;1,1,1 1 2
1 
#1 
6	% 
  0  0 0  0 -1 -1
  1  0 0  0  0  1
  0 -1 0 -1  0  0
  0 -1 1  1  0 -1
 -1  1 0  0  0  0
  1  1 0  0  0  1
1,1,1;1,1,1 1 3
15 
#3 
6	% 
 -1 0  0 0 1  0
  0 0 -1 0 0  1
  0 1  1 0 0  1
  1 0  0 0 0  0
  0 0  1 1 0  0
 -1 0  0 0 0 -1
6	% 
  1  0  0  0  1  1
  0 -1 -1 -1  0  0
  1  1  1  1  0  0
 -1 -1 -1  0  0 -1
  0  1  1  1 -1  0
  0  0 -1 -1  1  1
6	% 
  0  0  1  0  0  0
 -1  0  0  0  0  1
  1  1  1  0  1  1
  0 -1 -1 -1 -1 -1
  1  0 -1 -1 -1  0
  0  1  1  1  1  0
2-1;1,1;1,1 1 5
3 
#1 
6	% 
  0  1  1  1  0  0
  0  0  0  0 -1 -1
  0  0 -1 -1  0  1
 -1  0  0  0  1  0
  0  0  0  0 -1  0
  0 -1 -1  0  0 -1
1,1,1,1;1;1 1 4
4 
#2 
6	% 
  0 1  2  1 0  2
  0 0  1  0 0  1
  0 0 -3 -1 0 -2
  0 0  2  0 0  1
 -1 0 -1  0 0 -1
  0 0 -1  0 1  0
6	% 
  1  0  0  0  0  0
 -1  0  0  0 -1 -1
  0  0  0  0  0  1
  0  0 -1  0  0 -1
  0 -1  1  0  0  0
  0  0  1 -1  0  1
1,1,1;1,1;1 1 9
2 
#1 
6	% 
  0  2  0 0  0  1
  0  1  1 1  0  0
  0 -2 -1 0  0 -1
  0  1  0 0  0  1
  0  0  0 0 -1  0
 -1  0  0 0 -1 -1
1,1,1;1,1;1 1 7
24 
#5 
6	% 
 -1 0  0 0 1 -3
  0 0  1 0 0 -1
  0 0 -2 0 0  1
  0 1  0 0 0  0
  0 1 -1 1 0  0
 -1 0  0 0 0 -2
6	% 
 0 0  2 0  2  1
 0 0  1 0  2  1
 1 0 -1 0 -3 -1
 0 1  0 0  1  1
 0 1 -1 1  0  0
 0 0  1 0  1  0
6	% 
 0  1  2  1  2  1
 0  2  2  2  2  1
 0 -4 -3 -4 -4 -2
 1  1  1  1  1  1
 1  0  0  0  0  0
 0  0  1  1  1  0
6	% 
 0 1 0 1 0  3
 0 0 0 0 0 -1
 0 0 1 0 0  0
 1 0 0 0 0  0
 1 0 0 0 1  1
 0 1 0 0 0  2
6	% 
  0  0  0  0 0 -1
  0  1 -1  1 0  1
  0 -1  1 -1 1  0
  0  1  0  0 0  1
  0  0 -1  0 0  0
 -1  0  0  0 0 -1
1,1,1;1,1;1 1 10
54 
#7 
6	% 
  0 -2  1 0  0  2
  0 -2  1 0  0  1
  0  5 -3 1  0 -4
  0 -1  0 0  0  1
  0 -1  2 0 -1  0
 -1  0  0 0 -1 -1
6	% 
  0 -1 0 -1  0  0
  1 -1 0 -1 -1  0
 -1  3 1  3  1  0
  0 -1 0  0  0  0
  0  0 0 -1 -1  0
 -1  0 0  0 -1 -1
6	% 
 -1 0  1 -2 1  1
  0 0  1 -2 0  1
  0 1 -3  5 0 -2
  0 0  2 -1 1  1
  0 0  0 -1 0  0
  0 0  0  0 0 -1
6	% 
 0  0  2 0  0  1
 0  0  3 0  0  2
 1  0 -6 0  0 -3
 0  0  1 0 -1  0
 0  0  1 1  1  1
 0 -1  0 1  0 -1
6	% 
 0 0  2  0  2  1
 0 0  3  0  2  1
 1 0 -6  0 -5 -2
 0 0  1  0  1  1
 0 0  2 -1  1  0
 0 1  0 -1  0  1
6	% 
  1 0  2  0  1  0
  1 0  1  0  1  1
 -3 0 -4  0 -3 -3
  1 0  1  0  0  0
  0 0  1 -1  1  1
  0 1  0 -1  0  1
6	% 
 -1  0 -2  0  1  0
 -2 -1 -2 -1  2  0
  4  1  5  1 -4  0
  0  0 -1  0  1  0
 -1 -1 -1  0  1  0
  0 -1  0  1  0 -1
1,1,1,1;1;1 1 5
17 
#4 
6	% 
  0  0  1 0  0  1
  1  1  1 1 -1  2
 -1  0  0 0  0  1
  0 -1 -1 0  0 -3
  0  0  1 1  0  2
  0  0  0 0 -1 -2
6	% 
  1  1  0 -1 -1  1
  1  2 -1 -2 -1  2
  1  1 -1 -2 -1  1
 -1 -2  1  3  2 -2
  2  2 -1 -3 -1  3
 -1 -1  1  2  1 -2
6	% 
  1  0  1  0  1  1
  2 -1  1 -1  2  2
  1  0  1  0  2  1
 -2  1 -2  0 -3 -2
  2  0  2 -1  3  3
 -1  0 -1  0 -2 -2
6	% 
 0  1  1  1 0  2
 0  1  1  1 1  1
 1  1  1  1 0  2
 0 -1 -2 -2 0 -1
 0  2  2  1 0  2
 1 -1 -1 -1 0 -1
1,1,1,1;1;1 1 6
3 
#2 
6	% 
  0  1 0  1  0 0
  0  2 1  1  1 1
  0  1 0  0 -1 0
  0 -2 0 -1  0 0
 -1  2 0  1  0 0
  1  0 0  0  0 1
6	% 
 0  1  1  0  0  1
 0  0  1  1  0  1
 0  1  1  1  0  1
 1 -1 -1 -1  0 -1
 0  1  1  1 -1  1
 1  0  0  0  1  1
1,1,1;1,1;1 1 6
3 
#2 
6	% 
  0 -2 0 0 0 -1
  0 -2 1 0 0 -1
  0  3 0 1 0  1
 -1 -1 0 0 0 -1
 -1  0 0 0 1  0
  0 -1 0 0 0  0
6	% 
 0 -2 0 0 0 -1
 0 -2 1 0 0 -1
 0  3 0 1 0  1
 0 -1 0 0 0  0
 0  0 0 0 1  1
 1 -1 0 0 0  0
1,1,1;1,1;1 1 11
18 
#3 
6	% 
 0 -2  0  2 -2 -3
 0 -2  1  0 -2 -2
 0  5 -2 -1  4  5
 1 -1 -1  1 -1 -1
 0 -1  0  0 -1 -1
 0 -1  0  1 -1 -1
6	% 
 0  0  2  0  0 -1
 0 -1  1  1  0 -3
 0  1 -4 -1  0  5
 0  0  1  0 -1 -1
 0  0  0  1  1 -1
 1  0  1  0  0  0
6	% 
 0  2  2 -2  2  3
 0  1  3 -1  2  2
 0 -3 -6  3 -4 -5
 0  1  1 -1  1  2
 0  1  1  0  1  1
 1  1  1 -1  1  2
1,1,1;1,1;1 1 5
3 
#1 
6	% 
  2 0  0  0 0 1
  1 0  0  0 0 0
 -2 0  0  0 1 0
  1 1  0  0 0 1
  0 0 -1  0 0 0
  0 1  0 -1 0 1
1,1,1;1;1;1 1 16
9 
#2 
6	% 
 0 0  1 0 0 0
 0 1  3 0 0 0
 0 0 -4 1 0 0
 1 0  2 0 0 0
 0 0  2 0 1 0
 1 0  0 0 1 1
6	% 
 0  0  1  0  0  0
 0 -2  2 -1 -1 -1
 0  1 -2  2  1  0
 0 -1  1 -1 -1  0
 1 -1  1 -1 -1  0
 1  0  0  0  0  1
1,1;1,1;1;1 1 26
9 
#2 
6	% 
  0 -1 -2  1 0 -1
  0 -1  2 -2 0 -2
  0 -2  1 -1 0 -3
  0  1 -1  1 1  2
 -1 -1  1 -1 0 -2
  1  0  0  0 1  1
6	% 
 0  0 1 0  0 0
 0  0 0 1  1 0
 0 -1 0 0  1 0
 1  0 0 0 -1 0
 0  0 0 0  1 0
 1  0 0 0  0 1
1,1,1;1;1;1 1 18
1 
#1 
6	% 
 0  0  1 0  0  0
 0 -1  1 1  0 -1
 0  2 -2 0  0  1
 1 -1  1 0  0  0
 0 -1  1 0  0 -1
 0 -1  1 0 -1 -1
1,1;1,1;1,1 1 4
9 
#2 
6	% 
 -1 0  0  0 1  0
  0 1  2 -1 0  1
  0 0 -2  1 0  1
  1 0  0  0 0  0
 -1 0  0  0 0 -1
  0 1  1  0 0  2
6	% 
  0 -1 -2  1  0 -1
 -1  0  0  0  0 -1
  1  0  0  0  1  1
  0  0  1 -1 -1  0
  0 -1  0  0 -1 -1
 -1  0  0  0  1  0
1,1,1;1;1;1 1 8
18 
#4 
6	% 
  0  1  0 -1  0  2
  0 -2 -1  1  0 -2
 -1  1  1 -1  0  1
 -1  0  0  0 -1 -1
  0  1  2 -2  0  2
 -1 -1 -1  1  0 -2
6	% 
 0 0 -1  0 0  0
 0 0  0  0 1 -1
 0 1 -1  0 0  1
 0 1  0 -1 0  1
 1 0  0  0 0  2
 0 1  0  0 0  0
6	% 
  1 0  1  0 1 1
 -1 0  0  0 0 0
  1 1  0  0 0 1
  0 1  0 -1 0 1
  1 0  0  0 0 1
 -1 1 -1  0 0 0
6	% 
 0  1 -1  1 1  3
 1 -1  1 -1 0 -3
 0  1 -1  0 0  2
 0  1  0 -1 0  1
 1  1 -1  1 0  4
 0  0  0 -1 0 -1
1,1;1,1;1;1 1 20
12 
#3 
6	% 
 0  0 -1  0  0  0
 0  0  2 -1  0 -2
 0  0  0  0  0  1
 1  0  0  0  0  0
 0 -1 -1  0  0 -3
 0  0  0  0 -1 -1
6	% 
 1  0  0  0  0  0
 0 -2  2 -2 -3 -1
 0  1 -1  1  2  1
 0  0  0 -1 -1  0
 0 -2  2 -2 -3 -2
 0 -1  0  0 -1 -1
6	% 
 1  0  0  0  1  1
 0  1 -1  1 -1  0
 0 -1  1 -1  0 -1
 0  1 -1  0  0  1
 0  1 -1  1  1  1
 0  0 -1  1  0  0
1,1,1;1;1;1 1 13
1 
#1 
6	% 
  0  0  1 0 0  0
  0 -1  1 1 0 -1
 -1 -1  1 0 0 -1
  0  0  0 0 1  1
  0 -1  1 0 0  0
  0  1 -1 0 0  1
2-1;1,1;1;1 1 17
3 
#1 
6	% 
 0 0 -1 0 0  0
 0 0 -1 1 0 -1
 0 0  0 0 1  0
 0 1  0 0 0  1
 1 0  0 0 0  0
 0 0  0 0 0  1
2-1;1,1;1;1 1 12
3 
#1 
6	% 
 -1  0  0  0 1  0
  1  1 -1  1 0  5
  0  0  0  1 0  2
  0  0  1  0 0  0
  1 -1  1 -1 0 -4
  0 -1  1  0 0 -3
1,1;1,1;1,1 1 6
6 
#1 
6	% 
  0 1 -2  3  0 -1
  0 0  0 -1  1  2
  0 0  1 -2  0  1
  0 0  1  0 -1 -2
  1 0  1  0  0  2
 -1 0  0 -1  0 -1
1,1;1,1;1;1 1 13
6 
#1 
6	% 
 0 1 -2  3 0 -1
 0 0  0  1 0 -1
 0 0 -2  1 1  0
 0 0  0  1 0  0
 1 0  2 -1 0  1
 0 0  1 -2 0  1
1,1,1;1;1;1 1 9
6 
#1 
6	% 
  0  0 -1 0  0  0
  0  0  0 1 -1 -1
  1  0 -1 0  0  0
  1  0 -1 0  0  1
 -1 -1  0 0  0 -1
  1  0  0 0  1  1
1,1;1,1;1;1 1 10
6 
#1 
6	% 
 0  2 1  2 0  0
 0 -1 0  0 0  0
 0 -1 0 -1 0  0
 0  0 0  0 1 -1
 1  0 0  0 0  2
 0 -1 0  0 0 -1
1,1;1,1;1;1 1 14
18 
#2 
6	% 
 0  0  0 0  0  1
 0  0  0 1  0  0
 1  0 -1 0  0  0
 0  0  1 0  0  0
 0  0 -1 0 -1 -1
 0 -1  1 0  0 -1
6	% 
  1  0  2  0 -1  0
 -1 -1 -1  0  0 -1
  2  2 -3  2  3  3
 -1 -1  1 -1 -1 -1
  2  2 -3  2  3  2
  0 -1  2  0 -1 -1
1,1;1,1;1,1 1 7
6 
#1 
6	% 
 0 0 -1 0 0  0
 0 0  0 0 1  0
 0 0  0 1 0  1
 0 0  0 0 0 -1
 0 1  0 0 0  2
 1 0  0 0 0  0
1,1;1,1;1;1 1 12
9 
#2 
6	% 
 1  0 0 0 -1  0
 0  0 1 0  0  0
 0  0 0 1 -1 -1
 0 -1 0 0  0  0
 0  0 0 0 -1  0
 0  0 0 0  1  1
6	% 
  1  0  0  0 0 0
  0  0 -1  0 0 0
  1  0  2 -1 0 1
  0 -1 -1  0 1 0
  1  0  0  0 1 1
 -1  0  0  0 1 0
1,1;1,1;1,1 1 11
6 
#1 
6	% 
  0  1  0 -1  0  2
  1 -1  2  0  1  0
 -1 -1 -1  0  1 -1
 -1  0 -2  0 -1 -1
  0 -1  0  1 -1 -3
  1  1  2 -1  0  3
1,1;1,1;1;1 1 29
18 
#2 
6	% 
  0  1 -1  1  2  1
 -2 -1 -2  0 -1 -2
 -2  0 -2 -1 -1 -1
  1  0  1  0  0  0
  1 -1  2 -1 -1  0
  0  1 -1  1  1  1
6	% 
  0  1  0 -1  2  2
  0  0  0  1 -1 -1
  0  0 -1  1 -1 -1
 -1  0  0  0  0  0
  0 -1  0  1 -1 -1
  1  1  0 -1  1  2
1,1,1;1;1;1 1 4
1 
#1 
6	% 
  1  0  0 0 1  1
 -1  0  0 0 0  0
  2  0  0 0 0  1
 -2 -1  0 1 0 -2
 -1  0  0 1 0 -1
 -1  0 -1 1 0 -1
1,1;1,1;1;1 1 21
6 
#1 
6	% 
  0  0  0  0  1 0
  2  1 -1  1 -2 0
 -2 -1  1 -1  2 1
 -1  0  0 -1  1 1
  1  0  0  0  0 0
 -1 -1  0  0  1 0
1,1;1;1;1;1 1 21
3 
#1 
6	% 
 0  0 -1 0 0  0
 0  0 -2 1 0 -1
 0  0  0 0 1  1
 0 -1 -1 0 0 -1
 1  0  0 0 0  0
 0  0  0 0 0 -1
1,1;1;1;1;1 1 20
3 
#1 
6	% 
  0 0 -2  0 0 -1
  0 1  1  0 0  1
  0 0  1  0 1  1
  0 1  0 -1 0  1
 -1 0  1  0 0  0
  0 1 -2  0 0  0
1,1;1;1;1;1 1 13
2 
#1 
6	% 
 0 0  0 0 1 -2
 0 0  0 0 0  1
 0 0 -1 0 0  0
 0 0 -1 1 0 -1
 1 0  0 0 0  3
 0 1 -1 0 0  0
1,1;1;1;1;1 1 23
6 
#1 
6	% 
  0 0 -1  0  1  0
  0 1  0  0 -1  0
  0 1  0 -1  0  1
 -1 1 -1  0  0  0
  1 0  1  0  0  0
 -1 0  0  0 -1 -1
1,1;1;1;1;1 1 43
3 
#1 
6	% 
  0 1  2 -1 0 1
  1 0 -2  1 0 0
  1 1  1  0 0 1
 -1 0  0  0 0 0
 -1 0  0  0 1 0
  2 0  0  0 0 1
1,1;1;1;1;1 1 37
9 
#2 
6	% 
  0  1 -1  1  2  1
  0 -1  0  0 -1 -1
  0  0  0 -1 -1  0
  0  2 -2  2  3  2
 -1 -2  2 -2 -3 -2
  1  0  0  0  0  1
6	% 
  0  1 -1  1  0  5
  0 -1  0  0  0 -3
  0  0  0 -1  0 -2
 -1  2 -2  2  0  9
  0 -2  2 -2  1 -9
 -1  0  0  0 -1 -1
1,1;1;1;1;1 1 15
3 
#2 
6	% 
 -1 0  0  0 -1 -1
  0 1  0  0 -1  0
  0 1  0 -1  0  1
  0 1 -1  0  0  0
  0 0  0  0 -1 -1
  0 0  0  0  1  0
6	% 
 -1 0  0 0  0  0
 -1 0 -1 1  0 -1
  0 0 -1 0  0  0
  0 1 -1 0 -1  0
 -1 0  0 0 -1 -1
  1 0  0 0 -1  0
1;1;1;1;1;1 1 28
1 
#1 
6	% 
 0 0 -1 0  0  0
 0 0  0 1 -1 -1
 0 1  0 0  0  0
 0 0  0 0  1  0
 1 0  0 0  0  1
 0 0  0 0  1  1
1;1;1;1;1;1 1 15
1 
#1 
6	% 
 -1 0  0  0 0  0
  0 1  0  0 0  1
  0 1  0 -1 0  1
  0 0  0  0 1  1
  0 1 -1  0 0  0
  0 0  0  0 0 -1
