#49

2-2;2-1;1;1 1 12
1 
#1 
6	% 
 1 0 0 0 0 0
 0 1 0 0 0 0
 0 0 1 0 0 0
 0 0 0 1 0 0
 0 0 0 0 1 0
 0 0 0 0 0 1
1,1,1,1,1,1 1 1
1 
#1 
6	% 
 1 0 0 0 0 0
 0 1 0 0 0 0
 0 0 1 0 0 0
 0 0 0 1 0 0
 0 0 0 0 1 0
 0 0 0 0 0 1
2-1;1,1,1,1 1 2
1 
#1 
6	% 
  0 0  1 0  0 1
  0 0  1 0  0 0
  0 0  0 0  1 0
 -1 0  1 1  0 1
  1 1  0 0  0 0
 -1 0 -1 0 -1 0
1,1,1,1,1;1 1 2
8 
#4 
6	% 
  1  1  1 1 -1 2
  1  1  1 1  0 0
  1  1  1 0  1 0
  1  1  2 0  0 0
 -2 -1 -2 0 -1 0
  1  2  2 1  0 1
6	% 
  1  0  0  0  0  0
  0  0  1  0  0  0
  1  0  1 -1  0  0
  0 -1  0 -1 -1  1
 -1  1 -1  1  0 -1
  1 -1  1 -1 -1  0
6	% 
  0 1  0  1  1 1
 -1 0  0  0  0 0
  0 0  0  2  0 1
 -1 0  0  0  1 0
  1 0 -1 -1 -1 0
 -1 0 -1  2  0 1
6	% 
 0 -1 -1  0 -1 -1
 0  0  0  1  0  0
 0  0 -1  2 -1  0
 0 -1 -1  0  0 -1
 1  1  1 -2  1  0
 1 -1 -1  1  0 -1
1,1,1,1;1,1 1 3
20 
#5 
6	% 
  1  1  0  0  0  0
  0 -1  1 -1  0 -2
  0 -1  0  0  0 -1
 -1  1 -1  1 -1  3
  1 -1  1 -2  0 -2
  0  1  0  1  0  1
6	% 
  0  0  0  1  0  0
  0  0 -1  0 -1  1
 -1  1  0  1 -1  2
  1  0  1 -1  1 -1
  0 -1 -1  0  0  0
 -1  1  0  1  0  1
6	% 
  0  0  0  0 -1  1
 -1 -1  0 -1  0 -1
  0  0  1 -1  1 -1
  0  1 -2  3 -2  2
 -1  0 -2  0 -1  1
  0  0  1  0  0  0
6	% 
 -1  0  0 -1 -1  1
  0 -1  0 -2 -1  1
  1  0 -2  1  1  2
  0  1  1  1  1 -2
  0 -1  1 -2 -1  0
 -1  0 -2  1  0  3
6	% 
  0  1  0  1 1 -1
  0  0 -1  0 0  0
 -1 -1  0  0 0  2
  1  0  0  0 0 -1
  1  0  0 -1 0 -1
 -1  1  0  1 1  1
1,1,1,1;1,1 1 2
3 
#2 
6	% 
 0  0 -1 -1  0  0
 0  0 -1  0 -1  0
 0  0  0 -1  0  0
 1  1  0  0  0  0
 0 -1  1  0  1 -1
 0 -1 -1 -1  0  0
6	% 
 0 -1  0 -1  0  0
 0 -1  0  0 -1  0
 0  0  0 -1  0  0
 1  0  1 -1  1 -1
 0  1 -1  1  0  0
 0 -1 -1  0 -1  1
2-1;1,1,1;1 1 6
3 
#1 
6	% 
  0  0 -1 -1  0 0
  0  1  0  0 -1 1
  0  0  1  0  0 1
 -1 -1  0  0  0 0
  0  1  0  1  0 0
  0  0 -1  0  1 0
2-1;1,1,1;1 1 7
1 
#1 
6	% 
 0 0  0  1  0  0
 0 0  0  0  1  0
 1 0  1 -1  1 -1
 0 1 -1  1 -1  1
 0 0 -1  1  0  1
 0 0 -1  0 -1  0
2-1;1,1;1,1 1 10
3 
#1 
6	% 
 0 1  0  0 -1  1
 0 0 -1  0 -2  1
 0 0  1 -1  0  1
 1 0  0  0  1 -1
 0 0  1  0  1 -1
 0 0 -1  1  0  0
1,1,1;1,1,1 1 4
6 
#1 
6	% 
 0 0 -1  1  0  0
 0 0 -1  1  1  0
 1 0  2 -1  0 -1
 0 0 -1  0 -1  1
 0 1  2 -1  1 -2
 0 0 -1  0 -1  2
1,1,1;1,1,1 1 2
1 
#1 
6	% 
  0  0  0  0 0 -1
  0  0  0 -1 0  0
 -1 -1  0  0 0  0
  0 -1 -1  0 0  0
  1  1  1  0 0  0
  1  1  1 -1 1 -1
1,1,1;1,1,1 1 3
9 
#2 
6	% 
  0 0  1  0  0  0
 -3 1  0  2 -1  3
  2 0  0 -1  1 -2
 -1 0 -1  0 -1  1
  2 0  0 -1  0 -1
 -1 0  1  1  0  0
6	% 
 -1 0  0  0  1 -1
  0 1 -1  1 -1  1
  0 0  1  0  1 -1
  1 1 -1  1 -1  2
  0 0  1 -1  0  0
 -1 1 -1  1  0  1
2-2;1,1,1,1 1 2
1 
#1 
6	% 
 1  1 0  0 0 0
 0 -1 0 -1 0 0
 0  0 1 -1 0 0
 0  0 0  1 0 0
 0  0 0  0 0 1
 0  0 0  0 1 0
2-2;2-1;1,1 1 4
1 
#1 
6	% 
 0 1 -1  1 -1  1
 0 0  2 -1  1 -1
 1 0 -1  0  0  0
 0 0  3 -1  1 -1
 0 0  3 -2  1 -2
 0 0  3 -2  2 -1
2-2;1,1,1;1 1 5
5 
#3 
6	% 
  0 0 -1  1  0 0
 -1 0  0  1  0 0
  0 1  0  0 -1 1
  1 1  1 -2 -1 0
  1 1  1 -2  0 1
  1 1  1 -1 -1 1
6	% 
  1  0  0 -1  0  0
  2  1 -1 -1 -1  1
 -2 -1 -1  2  0  0
 -2 -1  0  1  1 -1
 -2 -1  0  2  0 -1
 -2 -1  0  2  1  0
6	% 
 0  0  1  0  1 -1
 1 -1  0 -1  1 -1
 1  1  0  0  0  0
 0  1 -1  1 -2  1
 0  1 -1  1 -1  2
 0  1 -1  0 -1  1
1,1,1,1;1;1 1 4
1 
#1 
6	% 
  0 0  1  0  0  0
  0 0  1  0 -1  1
  0 0 -3 -1  1 -2
  0 0  2  1 -1  1
 -1 0 -1  0  0  0
  0 1 -1  0  0  0
1,1,1;1,1;1 1 10
6 
#1 
6	% 
  0 0 0 -1 -1 -2
  0 0 0 -1 -1 -3
  0 0 1  2  3  6
  0 0 0 -1  0 -1
  0 1 0  1 -2 -1
 -1 1 0  1 -1  1
1,1,1;1,1;1 1 12
24 
#4 
6	% 
  1  1  2  1 -1 -1
  0  0  2  3 -3 -1
 -2 -2 -6 -6  6  3
  0  0  1  2 -1  0
 -1 -1 -3 -3  3  2
  0  1  1  1 -1  0
6	% 
  1  1 0  3 -1  1
  2  2 0  2  1 -1
 -4 -4 0 -7  0  0
  1  1 0  1  1  0
 -2 -2 1 -4  0 -1
  1  0 0  1  0  0
6	% 
  0  0 0  2 -1  1
 -1 -1 0 -3  1 -1
  1  1 0  4 -2  2
  0 -1 0 -2  1 -1
  1  0 1  1  0  0
  0  0 0  1 -1  0
6	% 
  2 -2 0 -1  1 -3
  1 -1 0 -1 -2 -1
 -3  3 0  2  2  4
  1  0 0 -1 -1 -1
 -2  1 0  2  1  3
  1 -1 1 -1  1 -2
1,1,1,1;1;1 1 5
17 
#4 
6	% 
  0 0 -1  1 -1  1
  0 0 -1  2 -2  2
  0 1  0  2 -2  2
  0 0  1 -2  3 -2
  0 0 -1  2 -2  3
 -1 0  0 -1  1 -1
6	% 
  1  1  0  0  1  0
  0  0  0 -2  2 -1
  1  0  0 -1  2 -1
 -1 -1 -1  2 -3  1
  1  1 -1 -1  2  0
  0 -1  0  0 -1  0
6	% 
  0  0 -1  0  0 0
  0 -1 -2  0 -1 1
 -1 -1  0  1 -1 1
  0  1  1 -1  1 0
  0 -1 -1  1  0 1
 -1  1  0  0  0 0
6	% 
  0  1 0  0  0  0
 -1  1 0 -1 -1  1
  0  0 0 -1 -1  0
  0 -1 1  1  1 -1
  0  1 1 -2  0  0
  0  0 0  1  0 -1
1,1,1;1,1;1 1 9
5 
#2 
6	% 
  0 0  0 -1  1 -1
  0 0  0  0  1 -1
  0 0  0  1 -1  2
  0 0 -1  0  0  0
  0 1  1  0  0  0
 -1 1  0  1 -1  1
6	% 
  2 0  0 -1  1 -1
  1 0 -1  0  0  0
 -2 1  1  1 -1  1
  1 0  0  0  1 -1
  0 0  0  0 -1  0
  0 0  0  0 -1 -1
1,1,1;1,1;1 1 7
9 
#2 
6	% 
  0 0 0  0 -1  1
  0 0 0 -1 -1  1
  0 1 0  2  2 -2
 -1 0 0  0 -1  1
 -1 0 1  0  0  0
  0 0 0  0 -1  0
6	% 
  0 0 0  0  1 -1
  0 0 0  1  1 -1
  0 0 1 -1 -2  2
 -1 0 0  1  0  0
 -1 1 0  1 -1  1
  0 0 0  0  1  0
1,1,1;1,1;1 1 11
27 
#5 
6	% 
  0  0 0 -1 -1  1
 -2  0 0  0 -3  2
  3  0 0  1  5 -4
  0 -1 0  0  0  1
 -1  1 0 -1 -2  0
  0  0 1 -1  0  0
6	% 
 -2 0 0  1 -1 1
 -2 0 0  1 -2 0
  5 1 0 -2  4 0
 -1 0 0  0 -1 1
 -1 0 0  0 -1 0
 -1 0 1  0  0 0
6	% 
 -2 0 0  1 -1  1
 -2 0 0  1 -2  0
  5 0 1 -3  4 -2
 -1 0 0  0 -1  1
 -1 0 0  0 -1  0
 -1 1 0  1 -1  1
6	% 
 0 0 -2  1 -1 -1
 0 0 -2  1 -1 -2
 0 0  5 -2  3  5
 0 1 -1  1 -1  0
 0 0 -1  1 -1 -1
 1 0 -1  0  0 -1
6	% 
 0 0  0 -1 -1  1
 0 0  0 -1  0  0
 0 1  0  3  1 -1
 0 0  1 -1  0  0
 0 0 -1  0  0  1
 1 0  0 -1  0  0
1,1,1,1;1;1 1 6
3 
#2 
6	% 
  0  1 0  0 0  1
  0  1 0  0 0  0
  0  0 0  0 1  0
  0 -1 1  0 0 -1
  1  1 0 -1 1  0
 -1  0 1  0 0  0
6	% 
 0  0  1  0 0  1
 0  0  1  0 0  0
 0  0  0  0 1  0
 1  0 -1  0 0 -1
 0 -1  1 -1 1  0
 1  1  0  0 0  0
1,1,1;1,1;1 1 6
3 
#2 
6	% 
  0 0 0 -1  1 -1
  0 0 0  0  1 -1
  0 0 0  1 -1  2
 -1 0 0  0  0  0
 -1 1 0  1 -1  1
  0 0 1 -1  1 -1
6	% 
 0  0 0 -1  1 -1
 0  0 0  0  1 -1
 0  0 0  1 -1  2
 0 -1 0 -1  1 -1
 0 -1 1 -1  1 -1
 1  0 0 -1  1 -1
2-2;1,1,1;1 1 6
1 
#1 
6	% 
  1 1  0  0  0 0
 -1 0 -1  1 -1 1
  0 0  0  0  1 0
  0 0 -1  0  0 1
  0 0  0 -1  0 0
  0 0  1  0  0 0
1,1;1,1;1,1 1 10
6 
#1 
6	% 
  1  0  1 -1  1 -1
  0  0  0  0 -1  0
 -1 -1 -1  1  0  0
  0  1  1  0  0  0
  1  1  1  0  1 -1
  0  0  0  0  0  1
1,1;1,1;1,1 1 9
9 
#2 
6	% 
 1 -1  0 -1 1 -1
 0  0 -1  1 0  1
 0  0  1  0 0 -1
 0  0  1  0 1 -1
 0  1  1  0 0  0
 0 -1  0 -1 0  0
6	% 
 1 0 -1 0  0 0
 0 0  0 0  0 1
 0 0  0 0 -1 0
 0 1  0 0 -1 1
 0 1  1 0  0 0
 0 0 -1 1  0 0
1,1,1;1;1;1 1 16
9 
#2 
6	% 
 0 0 -1  0 -2  1
 0 0 -3  0 -4  2
 0 0  3 -1  4 -3
 1 0 -2  0 -2  1
 0 1 -2  1 -3  2
 1 1  0  0  0  0
6	% 
 0 -1 0 -1  0  0
 0 -2 0 -2 -1  0
 0  2 0  2  0 -1
 0 -1 1 -2  0  0
 1 -1 0 -2  0  0
 1  0 1 -1  1 -1
1,1,1;1;1;1 1 18
1 
#1 
6	% 
  0 0  0  1  0 0
  0 0  0  0  1 0
  0 0  0 -1 -1 1
 -1 0  0  1  0 0
  0 1  0  1  0 0
  0 0 -1  1  0 0
1,1;1,1;1;1 1 38
9 
#2 
6	% 
  0 0 0 0 -1  0
  0 0 0 0  0  1
  0 0 1 0  0 -2
 -1 0 0 1  0  0
 -1 0 0 0 -1  1
 -1 1 0 1 -1  1
6	% 
 -1 0 0 0  1  2
 -1 0 0 1  1  2
  1 0 0 0  0 -2
  1 1 0 0 -1 -1
 -1 1 0 1  0  2
  0 1 1 0  0  0
2-2;1,1;1,1 1 4
3 
#2 
6	% 
  1 -1  0 -1  1 -1
 -1  0  1  0  0  0
 -1  0 -1  1 -1  1
  0  0 -1  0 -1  0
  0  0 -1  0  0  1
  0  0 -1  1 -1  1
6	% 
 -1  0 -1  1 -1  1
  0 -2  1 -1  2 -2
  0  2  1  0 -1  1
  0  1  0  1 -1  1
  0  1  0  0  0  1
  0  1  0  0 -1  0
1,1,1;1;1;1 1 8
3 
#1 
6	% 
 0 0 1  0 1 -1
 0 0 0  0 0  1
 1 0 0  0 1 -1
 1 1 0  0 0  0
 0 0 0  1 0  0
 1 0 0 -1 0  0
1,1,1;1;1;1 1 13
1 
#1 
6	% 
  0 0 0  1 0  0
  0 0 0  0 0 -1
 -1 0 0  1 0  0
  0 1 1  0 0  0
  0 0 1  0 1 -1
  0 0 1 -1 0  0
1,1;1,1;1;1 1 35
3 
#1 
6	% 
 0  0  1 -1 -2 -1
 0 -1  0  0  1 -1
 0  0 -1  0  0  3
 1  0  0  0  1 -1
 0  0  1 -1 -1 -1
 0  0 -1  0  0  2
2-1;1,1;1;1 1 28
3 
#1 
6	% 
 1 0  1 -1  1 -1
 0 0  0 -2  0  1
 0 0  0  2  1  0
 0 1 -1  1 -1  1
 0 0 -1  2  0  0
 0 0 -1 -1 -1  1
1,1;1,1;1;1 1 25
6 
#1 
6	% 
 0  0  1 -1  0  0
 0  0  0  1  0 -1
 0 -1 -1  0  0  0
 0  0  1  0  1 -1
 1  0  1 -1  1 -1
 0  0  0 -1 -1  0
1,1,1;1;1;1 1 15
6 
#1 
6	% 
  0 1  0 -2  2 -2
  0 0  0  2 -2  1
  0 0 -1  1 -1  1
 -1 0  0  3 -3  3
  0 0 -1  0  0  0
  0 0  0 -2  1 -2
2-2;1,1;1,1 1 6
2 
#1 
6	% 
 -1  0  0  0 -1  1
  0  1  0  1  0  0
  1  1 -1  2  0  0
  2  2  0  2  1 -2
 -2 -2  0 -1 -2  2
  1  1  1  0  2 -1
1,1;1,1;1;1 1 28
6 
#1 
6	% 
 0  0  0  1  2  4
 0 -1  0 -1  2  1
 0  0  0  2  1  4
 1  0  1  0  0 -1
 0  0  1 -1  0 -2
 0  0 -1  0 -1 -1
1,1;1,1;1;1 1 24
9 
#2 
6	% 
  1 1  0  0  0  0
  0 0  0  0  0 -1
  0 0  0  0 -1  0
  0 0 -1  0 -1  1
 -1 0  0  0 -1  1
  1 0  1 -1  1 -1
6	% 
  0  1 1  0  0  0
  0  0 0  0  0 -1
  0  0 0  0 -1  0
 -1  0 0  0 -1  1
  0 -1 0 -1  0  0
  1  1 0  0  0  0
2-2;1,1;1;1 1 9
1 
#1 
6	% 
  1 0 -1  0  0  0
 -1 1  0  1 -1  1
  1 0  1 -1  1 -1
  0 0  1  0  1  0
  0 0  1  0  0 -1
  0 0  1 -1  1 -1
2-2;1,1;1;1 1 16
2 
#1 
6	% 
 -1 -1 -1 0 -1 1
  1  1 -1 1  0 0
  1  0  0 0  1 0
  1  1  0 0  1 0
 -1 -1  0 0  0 1
  0  1  0 1 -1 0
2-2;1,1;1;1 1 18
2 
#1 
6	% 
 -1  0 -1 1 -1  1
  0  1  1 0  0  0
  0  0  0 0 -1  0
  0  0  0 0  0  1
  1  1  1 0  1 -1
 -1 -1 -1 1 -1  1
1,1;1;1;1;1 1 30
3 
#1 
6	% 
 0 0  0  1  0  2
 1 0  0 -1  0 -2
 0 0  0  0 -1 -2
 0 1 -1  1 -1  1
 0 0 -1  1  0  2
 0 0 -1  0 -1 -1
1,1;1;1;1;1 1 51
3 
#1 
6	% 
 0 0 0  4  2 -1
 0 0 0 -4 -1  2
 1 0 0  1  1 -1
 0 1 0  2  0  0
 0 0 1  1  1 -1
 0 0 0 -3 -1  1
2-2;1,1;1;1 1 17
3 
#2 
6	% 
  0 1 -1  1 -1  1
  1 1  0  0  0  0
  1 0  0 -1  0 -1
 -1 0  1  0  0  0
  1 0  0 -1  1  0
  1 0  0  0  0  0
6	% 
 -1 1  0  1 -1  1
  0 1  1  0  0  0
  0 0  1 -1  1  0
  1 0 -1  0  0  0
  0 0  1  0  0  0
  0 0  1 -1  0 -1
2-2;1,1;1;1 1 19
3 
#2 
6	% 
 1 -1 0 -1  1 -1
 0  1 0  1  0  0
 0  0 1 -1  0 -1
 0  0 0  0 -1  0
 0  0 0  0  0  1
 0  0 0  1  0  0
6	% 
 0 1 -1  1 -1  1
 0 0  1  0  1 -1
 1 0  0  0  0  0
 0 0  0  0 -1  0
 0 0  0 -1  0  0
 0 0  0  0  0 -1
2-2;1;1;1;1 1 21
1 
#1 
6	% 
 1 0 0  0  1 -1
 0 1 0  1  0  0
 0 0 1  0  1 -1
 0 0 0  0  0  1
 0 0 0 -1 -1  1
 0 0 0  1  0 -1
2-2;1;1;1;1 1 16
1 
#1 
6	% 
 -1 0 0  0 -1  1
  0 1 0  0  0  1
  0 0 1  0  0 -1
  0 0 0  0 -1  0
  0 0 0 -1  0  0
  0 0 0  0  0 -1
