#20

2-1,2-1;1;1 1 2
1 
#1 
6	% 
 1 0 0 0 0 0
 0 1 0 0 0 0
 0 0 1 0 0 0
 0 0 0 1 0 0
 0 0 0 0 1 0
 0 0 0 0 0 1
1,1,1,1,1,1 1 1
1 
#1 
6	% 
 1 0 0 0 0 0
 0 1 0 0 0 0
 0 0 1 0 0 0
 0 0 0 1 0 0
 0 0 0 0 1 0
 0 0 0 0 0 1
2-1',2-1';1,1 1 2
1 
#1 
6	% 
  0 1 0  0 -1  0
 -1 0 0 -1 -1 -1
  0 0 1  1  0 -1
  0 0 0  0 -1 -1
  0 0 0  1  1  1
  0 0 0 -1 -1  0
1,1,1,1;1,1 1 2
3 
#2 
6	% 
  1 0  0 0  0 0
  1 0 -1 0  1 0
  1 0  0 0 -1 0
  0 1  0 0  0 0
 -1 0  1 1  1 0
  1 0 -1 0  0 1
6	% 
  0  1 0  0 0  0
  1  0 0  0 0  0
  1  1 0  1 1  1
  0  0 1  1 0 -1
 -1 -1 0 -1 0  0
  1  1 0  0 0  1
1,1,1,1,1;1 1 2
1 
#1 
6	% 
  1  0  0  0  0  0
  0  0  1  0  0  0
  0 -1  0 -1 -1 -1
  1  0  1  0 -1  0
 -1  1 -1  1  1  0
  1 -1  1  0 -1 -1
1,1,1,1,1;1 1 1
1 
#1 
6	% 
  0  0 0  0 -1  0
 -1  0 0 -1 -1 -1
 -1 -1 0  0 -1 -1
  0 -1 0 -1  0 -1
  1  1 0  1  1  1
  0  0 1  0  0  0
1,1,1,1;1,1 1 3
2 
#1 
6	% 
 -1  1 -1 -2  0 -1
  0  0  0 -1  0 -2
  0 -1  0  0 -1 -1
  0  0  1  1  1  2
  0  0 -1  0  1 -1
 -1  0  0 -1 -1  0
2-1',2-1';1;1 1 2
1 
#1 
6	% 
  0  1 0  0 -1  0
 -1  0 0 -1 -1 -1
  0  0 1  0  0  0
  0  1 0  1  0  0
  1 -1 0  0  1  0
  0  1 0  0  0  1
1,1,1;1,1,1 1 2
2 
#1 
6	% 
 -1  0  0  0  0  0
  0  0 -1  0  0  0
  0  0  0  1  0 -1
  0  1  0  1  1  1
  1 -1  1 -1  0  0
 -1 -1 -1 -1 -1  0
1,1,1;1,1,1 1 3
2 
#1 
6	% 
  0  0  0  1 1  0
  0  0  1  2 0  2
 -1  0 -1 -1 0 -2
  1  0  1  1 0  1
  0  1 -1 -2 0 -1
  0 -1  1  1 0  1
2-1,2-1;1,1 1 2
1 
#1 
6	% 
 -1  0 0  0 -1  0
  0 -1 0 -1 -1 -1
  0  0 1  1  0 -1
 -1  1 0  1  0  0
  2  0 0  0  1  0
 -1  1 0  0  0  1
1,1;1,1;1,1 1 3
1 
#1 
6	% 
 1 0  0 0  2 0
 0 1  0 0  0 0
 0 0 -1 0  0 0
 0 0  0 0 -1 0
 0 0 -1 0  1 1
 0 0  1 1  1 0
1,1,1;1,1;1 1 3
2 
#1 
6	% 
  2 0 0  1 1 -1
  1 0 0  0 0  0
 -3 0 0 -1 0  1
  1 1 0  1 1  0
  0 1 0  1 1  1
  0 0 1  0 0  0
1,1,1;1,1;1 1 5
2 
#1 
6	% 
  0 0  2 0  1  0
 -1 0  1 0  0  0
  1 0 -2 0 -1  0
  0 1  1 1  1  0
  0 1  0 0  0  0
  0 0  0 1  0 -1
1,1,1,1;1;1 1 2
1 
#1 
6	% 
  1  0 0 0  0  0
  1  0 0 0 -1  0
  1  1 0 1  1  1
  0  0 1 0  0  0
 -1 -1 0 0  0 -1
  1  1 0 1  0  0
1,1,1;1,1;1 1 11
2 
#1 
6	% 
  0  0 -2 -1 0 -1
  1 -1 -2 -2 0 -2
 -1  1  5  4 0  4
  1  1 -1  0 1  0
  0 -1 -1 -1 0 -1
  0  0 -1  0 0 -1
1,1,1;1,1;1 1 8
2 
#1 
6	% 
  0  0 0  1 0  1
  1 -1 0  0 0  2
 -2  2 0 -1 0 -6
  0  0 0  1 1  1
  1  0 0  0 0  1
  0  0 1  0 0  0
1,1;1,1;1;1 1 3
1 
#1 
6	% 
 1 0 0 0  2 0
 0 1 0 0  0 0
 0 0 1 0  0 0
 0 0 0 0 -1 0
 0 0 0 0  1 1
 0 0 0 1  1 0
1,1;1,1;1;1 1 33
1 
#1 
6	% 
  0  0 1  0  0  0
  0 -1 0 -1 -1 -1
 -1  0 0  0 -1  0
 -1  1 0  2  0  1
  0  0 0  0 -1 -1
  1 -1 0 -1  1 -1
1,1;1,1;1,1 1 9
1 
#1 
6	% 
  0 0 1  1  0 -1
 -1 0 0  1  0  1
  0 1 0  1  0  1
  0 0 0  0 -1  0
  0 0 0 -1 -1  0
  0 0 0  0  0 -1
