#21

1;1;1;1;1;1 1 36
1 
#1 
6	% 
 1 0 0 0 0 0
 0 1 0 0 0 0
 0 0 1 0 0 0
 0 0 0 1 0 0
 0 0 0 0 1 0
 0 0 0 0 0 1
1,1,1,1,1,1 1 1
1 
#1 
6	% 
 1 0 0 0 0 0
 0 1 0 0 0 0
 0 0 1 0 0 0
 0 0 0 1 0 0
 0 0 0 0 1 0
 0 0 0 0 0 1
1,1,1,1,1;1 1 2
6 
#1 
6	% 
 0  1  0 0  0 -1
 0  1  0 0  0  0
 0  1 -1 1  0 -1
 0  1  1 0 -1  0
 1 -1  0 0  1  1
 0  1  0 0 -1 -1
1,1,1,1;1,1 1 2
3 
#1 
6	% 
  0  0 0  0  0 -1
  0 -1 0  0  0  0
 -1 -1 0 -1 -1 -1
  1  0 1  0  0  0
  0  1 0  1  0  1
 -1 -1 0 -1  0 -1
1,1,1,1;1,1 1 3
12 
#1 
6	% 
  1  0  1  0  1 1
 -1  0 -2  1 -1 0
 -1  1 -1  0 -1 0
  1 -1  1 -1  1 0
  0 -1 -1  1 -1 0
  1  0  1  0  1 0
1,1,1;1,1,1 1 3
10 
#2 
6	% 
 -2  1 -1 0  0  0
  0  1  0 1 -1  2
 -2  0 -1 0  1 -1
  1  0  1 0  0  1
  3 -2  1 0  1 -1
 -1  1 -1 0  0  1
6	% 
  1 -3  0 -1  0  0
  0  0 -1  0  1  1
  0 -1  0  0 -1 -1
  0  0  0  0  1  0
 -1  1  0  0 -1 -1
  1 -1  0  0  1  0
1,1,1;1,1;1 1 7
12 
#1 
6	% 
 -1  0 -2  0 0 0
 -2  1 -2 -2 0 0
  4 -2  4  3 1 0
 -1  1 -1 -1 0 0
  0  2  0  0 0 1
 -1  0 -1  0 0 0
1,1,1,1;1;1 1 5
12 
#1 
6	% 
  0 -1 -1  1  0 -1
  1 -2  0  1  1 -2
  0 -2 -1  1  0 -2
 -1  2  1 -1 -1  2
  0 -2 -1  1  1 -2
  0  1  1 -1  0  2
1,1,1;1,1;1 1 11
48 
#2 
6	% 
 -1  2 0 -2  0 -2
 -1  1 0 -2  0 -2
  3 -5 0  6  0  5
  0  1 1 -1  0 -1
 -1  1 0 -1 -1 -1
  0  1 0 -1  0 -1
6	% 
 -1  0 -2  0 0  0
 -1  1 -2  0 0  2
  3 -2  5  0 1 -3
  0 -1 -1  1 0  0
 -1  2 -1 -1 0  1
  0  0 -1  0 0  0
1,1,1,1;1;1 1 6
3 
#1 
6	% 
 0  0  0  0 0  1
 0  1  0  0 0  0
 1  1  0  1 1  1
 0 -1  0 -1 0 -1
 0  1 -1  1 0  1
 1  0  1  0 0  0
1,1;1,1;1,1 1 3
1 
#1 
6	% 
  2 -2  0 1  3  0
  0  1  0 0  0  1
 -1  0 -1 0  0  0
 -1  1  0 0 -2  0
  0 -2 -1 0  1 -1
  1 -2  1 0  1 -1
1,1;1,1;1,1 1 9
6 
#1 
6	% 
 0  0  1  0  0 0
 0  2  0  1 -1 0
 1  1  0  1  1 0
 1  1  0  1  1 1
 0  0 -1  0  1 1
 0 -1  1 -1  0 0
1,1;1,1;1;1 1 15
3 
#1 
6	% 
 0  2  0  0 0 1
 0  0  0 -1 1 0
 0 -1  0  1 0 0
 0  0  0 -1 0 0
 0  0 -1  0 0 0
 1  0  1  0 0 0
1,1,1;1;1;1 1 16
12 
#1 
6	% 
  0 0 0 1 -1  0
 -1 1 0 0 -2 -1
  1 0 0 0  2  1
  0 0 0 0 -1 -1
  0 0 1 0 -1 -1
  1 0 1 0  0  0
1,1;1,1;1;1 1 38
6 
#1 
6	% 
 -1  1 0 0 -2  1
 -1  2 0 0 -2  1
  1  0 0 1  1 -1
  1 -1 0 0  1 -1
  0  1 0 0 -1  1
  1  0 1 0  0  0
1,1;1,1;1,1 1 12
8 
#1 
6	% 
  0  0 -1 0  1  0
 -1  1  0 0 -1  0
  0 -1  0 0  0 -1
  0  0  0 1  0  0
  0  0 -1 0  1  1
  0  0  0 1 -1  0
1,1;1,1;1;1 1 37
24 
#1 
6	% 
  0  0  1  0  0  0
  0  0  1  0 -1  0
  0  0 -1  1  0  1
  0  0  1  0 -1 -1
 -1  0  0 -1  0 -1
  0 -1  0  0  0 -1
1,1,1;1;1;1 1 17
8 
#1 
6	% 
 0  0 1  0 -1 -1
 1  1 0  0  1  3
 0  0 0  0  0 -1
 0 -1 0  1 -1 -2
 0  1 0 -1  0  1
 0 -1 0  0  0 -1
1,1;1,1;1;1 1 27
12 
#1 
6	% 
  0  0  0 -1 1  0
  0  1  0  0 0  1
  0 -1 -1  0 0 -2
 -1  0 -1 -1 0 -1
  0  2  1 -1 0  2
 -1 -1 -1  0 0 -2
1,1;1;1;1;1 1 52
12 
#1 
6	% 
 -1  1  0 0 -2 0
  5 -4  2 0  8 0
  1 -1  0 1  1 0
  3 -3  1 0  5 0
  3 -2  1 0  5 1
 -2  2 -1 0 -4 0
1,1;1;1;1;1 1 41
3 
#1 
6	% 
 -1 1 0 -3 1  0
  0 0 1  0 0  0
  0 0 1 -1 0 -1
  0 0 0  0 0  1
 -1 0 0 -1 0 -1
  0 1 0  0 0  1
