#19

2-2;1,1;1;1 1 10
1 
#1 
6	% 
 1 0 0 0 0 0
 0 1 0 0 0 0
 0 0 1 0 0 0
 0 0 0 1 0 0
 0 0 0 0 1 0
 0 0 0 0 0 1
1,1,1,1,1,1 1 1
1 
#1 
6	% 
 1 0 0 0 0 0
 0 1 0 0 0 0
 0 0 1 0 0 0
 0 0 0 1 0 0
 0 0 0 0 1 0
 0 0 0 0 0 1
1,1,1,1;1,1 1 3
3 
#1 
6	% 
  0 -1 -1  1 -1 -1
  1 -2  0 -2  1  0
  0  0  1 -2  2  0
 -1  1 -1  2 -2  1
  1 -1 -1  0 -1  1
  0  0  0  1  0 -1
1,1,1,1,1;1 1 1
1 
#1 
6	% 
  0 0  0  0 -1  0
 -1 0 -1  0 -1 -1
 -1 0  0 -1 -1 -1
  0 0 -1 -1  0 -1
  1 0  1  1  1  1
  0 1  0  0  0  0
1,1,1,1;1,1 1 2
4 
#2 
6	% 
  0 -1  1  0  1  0
  0 -1 -1 -1  0 -1
  0 -2  1  0  1  0
  1  0  0  0  0  0
 -1  2 -1  1 -1  0
 -1 -2  0  0  0 -1
6	% 
 1 0  0  0  0 -1
 0 0  0  0  0 -1
 0 0 -1  1 -1 -2
 0 1  1  1  0  1
 0 0  0 -1  0  2
 0 0 -1  0  0 -3
1,1,1,1,1;1 1 2
3 
#1 
6	% 
  1  0  0 0  0  1
  0  1  0 0  0  1
  0  0 -1 1 -1  2
  1  1  0 0 -1  0
 -1 -1  1 0  1 -2
  1  1  0 1 -1  3
1,1,1;1,1,1 1 3
3 
#1 
6	% 
  1  0  1 -1  1  1
  0 -1 -1  1 -2  1
  0  1  1 -2  2  0
 -1 -1 -1  1 -1  0
  0  1  0  1  0 -1
  1 -1  0  0  0  1
1,1,1;1,1,1 1 2
1 
#1 
6	% 
 -1  1  0  0  0  0
  0 -1 -1  1 -1 -1
  0  0 -2 -1 -1 -1
  0  0  0  0 -1  0
  0  0  1  0  1  1
  0  0  0  1  0  0
2-2;1,1,1,1 1 2
1 
#1 
6	% 
 0 -1 -1  1 -1 -1
 1  0  0  0  0  0
 0  0 -1  1 -1 -1
 0  0  1 -2  1  1
 0  0 -2  1 -1 -2
 0  0  2 -2  2  1
1,1,1;1,1;1 1 8
3 
#1 
6	% 
  2 0  0  2 -1  0
  2 0  1 -1  1  1
 -5 0 -2  0 -1 -2
  1 0  0  1  0  0
  1 0  0  0  0  1
  0 1  0  0  0  0
2-2;1,1,1;1 1 6
1 
#1 
6	% 
  0  1  0 0  0 0
 -1  1  0 0  0 0
  0  0  0 0 -1 0
 -1  1 -1 1 -1 0
  0  0 -1 0  0 0
  1 -1  1 0  1 1
1,1;1,1;1,1 1 4
3 
#1 
6	% 
 1  0  1 -1  1  1
 0 -1 -1 -1  0 -1
 0  1  1  0  2  0
 0  0 -1  1 -2  0
 0  0  0  0 -1  1
 0 -1  0 -1  2 -1
1,1,1;1,1;1 1 9
3 
#1 
6	% 
 0  0 -1  1 -1 -1
 1  1  0  0  0  0
 0 -1  1 -1  1  1
 0  0  0  0  1 -1
 0  0 -1  0 -2  0
 0  0 -1 -1  0 -1
1,1,1;1,1;1 1 3
1 
#1 
6	% 
 0 0  1  1  1  1
 0 0  1  1  0  1
 0 0 -3 -2 -2 -2
 0 0  0  1  0  0
 1 0  0  0  0  0
 0 1  0  0  0  0
1,1,1,1;1;1 1 2
3 
#1 
6	% 
  1 0 0  0  0  1
  1 0 0  0 -1 -1
  1 0 1 -1  1 -1
  0 1 0  0  0  0
 -1 0 0  1  0  2
  1 0 1  0  0 -1
2-2;1,1,1;1 1 3
1 
#1 
6	% 
  1 0  0  0  0 0
  0 0  1 -1  1 1
  0 1  0  0  0 0
 -1 0  0  1  0 0
  1 0  1  0  0 1
 -1 0 -1  1 -1 0
1,1,1;1,1;1 1 7
3 
#1 
6	% 
 0  2  1 -1   4 -1
 0  2  1 -1   3 -1
 0 -5 -3  3 -10  3
 0  1  0  0   1 -1
 1  0  0  0   0  0
 0  1  1  0   2  0
2-2;1,1;1,1 1 4
1 
#1 
6	% 
 -1  0 -1  1 -1 -1
  0  1  1 -1  0  0
  0 -1  0  0  1  1
  0 -1 -1  1  0  1
  0 -1 -1  0  1  0
  0 -1  0  1  1  1
1,1;1,1;1;1 1 16
3 
#1 
6	% 
 1 0 1 -1  1  1
 0 1 0  0  0  0
 0 0 0  1 -2  1
 0 0 0  0  2 -1
 0 0 1  0  2  0
 0 0 1 -1  3  0
