#55

4-1;2-2 2 2
1 
#1 
6	% 
 1 0 0 0 0 0
 0 1 0 0 0 0
 0 0 1 0 0 0
 0 0 0 1 0 0
 0 0 0 0 1 0
 0 0 0 0 0 1
1,1,1,1,1,1 1 1
1 
#1 
6	% 
 1 0 0 0 0 0
 0 1 0 0 0 0
 0 0 1 0 0 0
 0 0 0 1 0 0
 0 0 0 0 1 0
 0 0 0 0 0 1
2-1;1,1,1;1 1 8
72 
#3 
6	% 
  0  0  0  0  0 1
 -1  0 -1  2 -1 1
  1 -1  0  0  0 0
  0  0  0 -1  1 0
 -1 -1  0  1  0 0
  0  0 -1  1 -1 1
6	% 
  0  0  1 -1 -1  1
 -1  1  2 -2 -4  4
  0 -1 -2  2  4 -3
  1  0 -3  2  4 -4
  0  1  2 -3 -3  4
 -1  0  2 -2 -3  3
6	% 
 -1 -1 -1 0  2 -1
  0  0  1 0 -1  1
  1  0  0 0 -1  1
  1  0  0 0  0  0
  0 -1  0 0  1 -1
  0 -1 -1 1  0  0
1,1,1,1,1;1 1 2
12 
#1 
6	% 
  1  1  0  0  1  1
  1  0  0  0  0  0
  2  2 -1  1  2  0
  2  0  1 -1  1  1
 -3 -1 -1  0 -2 -1
  4  2  0 -1  3  1
1,1,1,1;1,1 1 3
43 
#4 
6	% 
 0  0  0  0  1 -1
 1  1 -1  0  2 -2
 0  0  0  0  0  1
 0 -1  1  0 -3  2
 0  1 -1  1  2 -3
 0  0  1 -1  0  1
6	% 
  0 -1  0 1  0 0
  1 -1  0 0  1 1
  0  1  0 0 -1 0
 -1  0 -1 0  0 0
  0 -3  0 1  1 1
  1  0  0 0  0 0
6	% 
 -1  1  0 -1 1 0
  2  0 -1  0 0 0
  1 -1 -1  1 0 0
 -1  0  1  0 0 0
  1  0 -1  0 0 1
 -1  1  0  0 0 0
6	% 
  0  0  2 -1  0  1
  1  1  0  0 -1  0
  0  1 -1  1  0 -1
  0 -1  0  0  0  0
  1  0  1 -1  0  0
 -1  0 -1  1  0  1
2-1',2-1';1,1 1 3
6 
#1 
6	% 
  1 -1 0  1 -1  0
  0  1 0 -1  1 -1
  0  1 0  0  0  0
 -1  1 1 -1  1 -1
  0  1 0 -1  1  0
 -1  0 0  0  1  0
2-1;1,1;1,1 1 11
36 
#1 
6	% 
  0  0  1 -2  1  0
 -1 -1 -1  2  0  0
 -1  0  0  0  0  0
 -1  0  0  0  1 -1
  0 -1 -1  1  0  0
  0  1  0  0 -1  1
1,1,1;1,1,1 1 4
84 
#2 
6	% 
 0  1  1  0 -1 -1
 0  2  2  0 -3 -1
 0 -2 -3  0  3  2
 0  1  1  0 -1  0
 0 -2 -2 -1  3  0
 1  1  1  1 -2  0
6	% 
  1  0  0  1  0 -1
  1 -1 -1  3  0 -1
 -1  0  1 -3  0  2
  1  2  2 -3  1 -1
 -2 -3 -4  6 -2  2
  1  3  4 -6  2 -1
2-2',2-2',2-2' 1 1
8 
#1 
6	% 
 -3 -3  5 -3 3 -1
 -2 -2  0 -1 2 -1
 -2 -3  4 -2 2 -1
 -2 -2  0  0 1 -1
 -3 -4  5 -3 3 -1
 -2 -2 -1  0 1 -1
2-2;1,1,1,1 1 2
16 
#1 
6	% 
  0  0 0 0  0  1
  0 -1 0 0  0  1
  0  0 0 0 -1  1
  1  1 0 0  1 -1
  0 -2 0 1 -2  1
 -1  1 1 0  1 -1
2-2',2-2';1,1 1 2
16 
#1 
6	% 
 1 -1  0  1 -1  0
 0 -2  2 -2 -3  3
 0  3 -2  2 -5 -2
 0  0  0 -1  3  0
 0  1 -1  2  0 -2
 0  3 -2  1 -1 -2
2-1;1,1;1;1 1 35
108 
#4 
6	% 
 -1  1 0  0 0 -2
  1  1 0 -1 0  1
 -1  0 1 -1 1  1
  0 -1 0  1 0 -1
  0 -1 1  0 0  1
  0  0 0  0 0 -1
6	% 
  2 0  2 -3  1 -4
 -1 0  0  1  0  0
  0 0 -2  3 -2  3
  0 1  0 -1  0  1
 -1 1 -2  2 -1  3
  1 0  1 -2  1 -3
6	% 
 -1  1 1 -1 0  0
  1  1 0 -1 0  0
 -1  0 0  0 1 -1
  0 -1 0  1 0  0
  0 -1 0  1 0 -1
  0  0 1 -1 0  0
6	% 
  1  0  1 -1  1  0
  0 -1  0  1  0 -1
  1  1 -1  0  0 -1
 -1  1  0  0 -2  2
  0  0  0  0  0 -1
  1 -1  1 -1  2 -1
3;1,1,1 1 3
12 
#1 
6	% 
  0 0  0  0  0  1
 -1 0 -1  2 -1  0
  0 0  0  1 -1  0
 -1 1  0  0  0  0
  1 1  0 -1  0  0
  0 0  1 -1  1 -1
2-2',2-2';1;1 1 4
48 
#1 
6	% 
  0 -1  0 0  0 1
  0  0  0 0 -1 1
  0  0  0 1 -1 0
 -1  1  0 0  0 0
  1  0  0 0  0 0
  1  0 -1 0  0 0
1,1,1;1,1;1 1 12
192 
#4 
6	% 
  1 -1 -1  1  1 0
  2 -1 -2  2  0 1
 -4  3  3 -3 -2 0
  1 -1 -1  1  0 1
 -2  1  1 -1 -1 0
  1  0 -1  0  1 0
6	% 
  1 -1 -1  1 -1  0
  1 -1  0  0 -1 -2
 -3  3  2 -2  3  3
  1  0  0  0 -1 -1
 -1  1  1 -1  2  1
  0 -1  0  1 -1  0
6	% 
 -1  1 -1  1 -1  0
  0  0  1 -1  0  1
  2 -1 -1  1  0 -1
  0  0  0  0  0  1
  1  0  0  0  0 -1
 -1  0  0  1 -1  0
6	% 
  3 -1  1 -1  3 -4
  2  0  1 -1  2 -3
 -6  0 -2  2 -4  7
  1  0  0  0  1 -2
 -3  0 -1  1 -2  4
  2  0  0 -1  2 -2
1,1,1,1;1;1 1 5
18 
#1 
6	% 
  2  0 -1  1  0  1
  3  0 -2  2  0  3
  1 -1 -1  1  0  0
 -2  1  1 -2  0 -1
  3  0 -2  1  1  1
  0  0  0  0 -1  1
1,1,1;1;1;1 1 19
60 
#4 
6	% 
  2 -2  1 -1 -1  1
  1 -1  1 -1 -1  1
 -1  2 -1  1  0 -1
  2 -1  1 -1 -1  1
  1 -2  1  0 -1  0
  2 -1  0 -1  0  0
6	% 
  3  1 0 -2  3 -3
  1  1 0 -1  1 -1
 -2 -1 0  2 -3  2
  2  1 0 -1  2 -3
  2  1 1 -2  2 -2
  2  1 0 -2  3 -3
6	% 
  1 0 0 -1 1  0
  1 0 0 -1 1  1
 -1 1 0  0 0  0
  1 1 0 -1 0  0
  0 0 0 -1 1  0
  0 0 1 -1 1 -1
6	% 
  1 -2 0  1 1 -1
  0 -1 0  1 0  0
 -1  2 0 -1 0  0
  1 -1 0  1 0 -1
  0 -1 1  0 1 -1
  0 -2 0  1 1 -1
2-2,2-2;1,1 2 2
16 
#1 
6	% 
  1  1 0 -1  1 -1
  0  0 0  0  0  1
  0  0 1 -1  0  1
 -1  0 0  1 -1  0
  1  0 0  0  0 -1
 -1 -1 1  0  0  0
1,1;1,1;1,1 1 11
45 
#2 
6	% 
  0  0 -1  1  3 -3
  1  2 -1 -2  0  1
  1  2  1 -1 -3  2
 -1 -1  2  1 -2  1
 -1 -1  2 -1 -4  4
  0  0 -3  1  6 -5
6	% 
  0  0 -1  1  0  0
  2  2  2 -1 -1 -2
  1  5  1 -2 -2  0
 -1 -1 -1  0  1  1
 -1 -2  1 -1  1  1
  0 -1 -1  2  0 -1
1,1;1,1;1;1 1 39
216 
#4 
6	% 
 1 -1  0  0 -2  2
 1  1  2 -3  2 -2
 0 -1 -1  1 -1  2
 0  1  0 -1  2 -2
 0  1  1 -2  2 -1
 0  1  1 -1  1 -1
6	% 
 -1  0  1  0 -1 -1
  0 -1 -1  2  0  0
 -1  0  1 -1  0  0
  1 -1 -1  1  0  1
  0 -1 -1  1  1  0
  0  0  0  0  1  0
6	% 
  1 -3 -2  1  1  1
  0  2  2 -1  0 -2
  1 -2 -2  1  0  2
 -1  2  2 -1  0 -1
  0  2  2 -1 -1 -1
  0  2  1  0 -1 -1
6	% 
 -2 -4  2  3 -2 0
  1  3 -2 -3  3 0
 -1 -2  1  2 -2 1
  1  2 -1 -2  1 1
  1  2 -1 -2  2 0
  1  2 -2 -1  1 0
2-2;1,1;1,1 1 6
112 
#3 
6	% 
  0 0  1  0 -1  0
  0 0  0  1 -1  0
  0 1 -1  0  0  1
  0 0 -2  2 -1  1
 -1 1  2 -2  0  0
  1 0 -1  1  0 -1
6	% 
  0 -1  0  0  0  0
  0  1  1 -1  0 -1
  0  0  0  0 -1  1
  0  0 -1  0  0  1
 -1  1  1  0 -1  0
  1 -1 -1  1  0  0
6	% 
  0  1  2 -2  0  2
 -1  0 -1  1  0 -2
  0  0 -2  2 -1 -1
 -1 -1 -2  3 -1 -3
  1  1  2 -2 -1  4
  0  0 -1  0  1 -2
1,1,1;1;1;1 1 15
12 
#1 
6	% 
 -1  0  1  0 -1  0
  0  0  0  0  1 -1
  0 -1 -1  1  1  0
  0 -1  0  1  0  0
 -1  0  1 -1  0  0
 -1  1  1 -1  0  0
1,1;1,1;1;1 1 31
54 
#2 
6	% 
  0  2  0 -1 -1  3
 -1  1 -1  0  0 -1
 -1  0  1 -1  1  1
 -1 -1  0  0  1  0
  1 -2  1  0  1  0
  0 -2  1  0  2 -2
6	% 
  2 -1 -5  4  1  4
 -2  0  6 -4 -1 -4
  0  0 -3  2  2  2
 -1  1  1 -1  1 -1
  1  0 -3  2  1  3
 -1  0  1 -1  1  0
4-1;1,1 2 3
1 
#1 
6	% 
 -1 -1  0  1  0 -2
 -1  0  1  0  0  0
  0  1  0 -1  1  0
  1  0  0  0  0  0
  0  0 -1  1 -1 -1
 -1  0  1  0  0 -1
2-1,2-1;1,1 2 4
18 
#1 
6	% 
  1 1  1  1 -3  0
 -1 0  0 -1  3 -2
  0 0  0  0  1 -1
  0 0  0 -1  2 -1
 -1 0  1 -2  3 -1
  0 0 -1  0  1  0
2-1;2-1;1,1 1 10
9 
#1 
6	% 
 -1  2  1 -2  1 -1
  0 -1 -1  2 -1  2
  1 -1 -1  1 -1  1
  0 -1  1  0 -1 -1
  0  2  0 -1  0  0
  0  1  1 -1  0 -1
2-1,2-1;1;1 3 7
36 
#1 
6	% 
  0 1 -1 -1  1 0
 -1 0 -1  1 -1 1
  0 1  0 -1  0 1
  1 0  0  0  0 0
  0 0  1 -1  0 1
  0 0  0  0  0 1
4-2';2-2 1 2
24 
#1 
6	% 
 -1 -1  1  2 -3  1
 -2  0  0  1 -2  2
  0  1 -1 -1  1  0
  1  1  0 -2  2 -1
  0  1 -1 -1  1  1
  1  1 -1 -1  2 -1
4-1';1;1 1 6
36 
#1 
6	% 
  0 -1  0  2 -3  2
  1  1  1 -2  2 -2
 -1  1 -1 -1  2  0
  1  0  1  0  0 -2
  0  0 -1  1  0  0
  0  0  0  0  0 -1
2-1;1;1;1;1 1 37
18 
#1 
6	% 
 -1  0 0  0  0 0
  0  0 0  0  0 1
 -1  0 1 -1  1 0
  1 -1 0  0  0 0
  0 -1 1  0  0 0
  0  1 0  0 -1 1
2-1;1,1;1;1 1 32
72 
#2 
6	% 
  0 0 -1  0  1 -1
  1 1  0 -1  0  1
 -1 0 -1  1  0 -1
  1 0  0  0 -1  2
  0 1  1 -1  0  1
  0 1  1 -1 -1  2
6	% 
  1  1  1 -2  0  0
  0  0 -1  2 -1  0
  0  1  1 -2  0  0
  0 -1 -2  3 -1  0
 -1  0 -1  2  0 -1
 -1  0 -1  2 -1  1
2-2;2-2;1;1 1 17
48 
#1 
6	% 
  1 -1 -1  1  0  0
  0  0  1  0 -1  0
  0  1  1 -1  0  0
  1  1  0 -1  0  0
  1  1  0  0 -1  0
 -1  0  0  0  1 -1
2-2,2-2;1;1 1 4
48 
#1 
6	% 
  0  2 -1  1  0 -3
  2  0  0  0  0 -3
 -1 -1  1  0  0  1
  0  0  0  0 -1  2
 -1  0  0  0  1  0
  1  0  0 -1  1 -1
2-2,2-2,2-2 2 1
96 
#1 
6	% 
  0  0 -1  1 0  0
  0  0 -1  1 0 -1
 -1  1  1 -1 0  0
  0  1  1 -1 0  0
  0  0  1 -1 1  0
  0 -1  0  1 0  0
2-2,2-2;1;1 2 4
48 
#1 
6	% 
  0 0 -1  1  0 -1
  0 0 -1  1  0  0
  0 1  0  0 -1  0
  1 0 -1  0  0  0
 -1 0  0  1 -1  0
 -1 0  1 -1  1  0
2-2;2-2;1,1 1 6
16 
#1 
6	% 
 -1 -1 1  0  1 -1
  1  1 0  0 -1  0
 -1  0 0  0  1 -1
  0  1 0  0 -1  1
  0  1 1 -1  0  0
 -1  0 0  0  0  0
2-2',2-2';2-2 1 3
8 
#1 
6	% 
  1  3  1 -2 1 -2
 -2  0  3  0 0 -2
  0  1  0  0 0 -1
 -1  0  1  0 0 -1
  0 -1 -1  1 0  0
  1  0 -1  0 0  0
2-2,2-2;1,1 1 2
16 
#1 
6	% 
 -1 -1 1  0  1 -1
 -1  0 0  0  0  1
  0 -1 0  0  0  1
 -1  1 0  0 -1  1
 -1  1 1 -1  1 -1
  1  1 0  0 -1  0
2-2',2-2';2-2 1 2
16 
#1 
6	% 
  0  0 -1 1  0  0
  0  0  0 0  0  1
 -1  0  0 0  0 -1
  1 -1  0 1 -1  0
  0  1 -2 1  0 -1
  0  0 -1 2 -1  0
3;2-2;1 2 5
12 
#1 
6	% 
 -1  0  0  0  0 1
  0 -1  0  1 -1 1
  0 -1  0  1 -1 0
  1  1  0 -1  0 0
 -1 -1  1  0  0 0
  2  0 -1  0  0 0
3;1,1;1 1 15
36 
#3 
6	% 
 -1 -1 0 0  1 0
 -2  0 1 0  0 0
 -1 -1 0 1 -1 1
 -2 -1 0 1  0 0
 -1  0 0 0  0 0
 -2  0 0 0  0 1
6	% 
 -1 1 0 -1 1  0
 -1 1 1 -1 1 -1
  0 2 0 -1 0  0
 -1 2 1 -2 1 -1
  0 1 1 -2 1 -2
 -1 2 0 -1 1 -1
6	% 
 0  0 -1  0  0 1
 1  1 -1  0 -1 1
 1 -1 -1  1 -1 1
 1  0 -1  0 -1 2
 1  0  0 -1  0 1
 1  0 -1  0 -1 1
2-1;1;1;1;1 1 45
18 
#1 
6	% 
  0 -1  0  0  1 0
  0  0 -1  1 -1 1
 -1  1  0  0 -1 1
  0  1 -1  0  0 0
  0  0  1 -1  0 0
  1  0 -1  0  1 0
2-1;2-1;1;1 1 29
9 
#1 
6	% 
  0 -1  0  1 -1  0
 -1  0  1  0  0 -1
  1  0 -1  0  1  0
 -1  0  1 -1  1  0
 -1  0  0  1 -1  0
  1  0 -1  0  0  0
1,1;1;1;1;1 1 54
144 
#3 
6	% 
  1 -2  1 0  1 -2
 -2  1  0 1 -2  2
  0  0 -1 1 -1  1
  0  1  0 0 -1  1
 -1  1  0 0  0  0
  1  0  0 0  0 -1
6	% 
 1 -1  0 -1  3 -2
 0  2 -1  0 -2  2
 0  1  0  0 -1  0
 0  0 -1  1 -1  1
 0  0  0  0 -1  1
 0 -1  0  0  1 -1
6	% 
  0  1  0 -1  1 0
  1  0 -1  0  0 0
  1  0 -1  1 -1 0
  0 -1 -1  1  0 0
  0  0  0  0 -1 1
 -1  1  0  0  0 0
1,1;1;1;1;1 1 34
3 
#1 
6	% 
 1 -1  0  0  0  1
 0  1  0 -1  1  0
 1  0 -1  1 -1 -1
 0  1  1 -1  0  1
 1 -1 -1  1  0 -2
 1  0 -1  0  0  0
1,1;1;1;1;1 1 57
45 
#4 
6	% 
  0  0 -1  0  2 -1
  0 -1 -1  1  1 -1
  0  0  0 -1  1  1
  0  0  1  1 -2  0
 -1 -1  0  0  1  0
  1 -1 -1  0  1  0
6	% 
 1 -1 -1  0  1 0
 0  1  0 -1  0 1
 0  0 -1  0  1 0
 0  0  1  1 -2 0
 0  0  0 -1  1 1
 1  1 -1 -1  1 0
6	% 
 -1  1  0 -1  1  0
  0  1  1  0 -1  0
 -1  1  1 -1  0  0
  2 -2 -1  1  0  0
  0  2  0 -1  0  0
 -1  1  1 -1  1 -1
6	% 
  1  0  1 -1 -1  0
  1  0 -2  2  0  0
  1 -1 -1  1 -1  1
 -2  0  1 -1  2 -1
  2  0 -1  0  0  0
  1 -1  0  1 -1  0
2-2,2-2;2-2 2 2
16 
#1 
6	% 
  0  0  1 -1  0  1
  0  0  1 -1  0  0
  0  1  2 -2  0  1
  1 -1 -1  1 -1  1
 -1  1  2 -2  0  0
  1  0 -1  0  0 -1
2-2;1;1;1;1 1 22
48 
#1 
6	% 
 -1 1 0 -1  1  0
 -1 0 0  0  0  1
  0 1 0  0  0 -1
  0 1 0 -1  1  0
  1 1 0  0 -1  0
 -1 0 1 -1  1  0
1;1;1;1;1;1 1 45
18 
#1 
6	% 
 0 1  0 -1  1 -1
 1 0 -1  0  1 -1
 0 0  0  1 -2  1
 0 0  0  0  1 -2
 0 0  0  1 -2  2
 0 0  1 -1  1 -1
4-1;1;1 2 7
3 
#1 
6	% 
  0  0 -1  0  1  0
  0  1 -1  0  0  0
  1  0  1 -1  0  0
  1 -1  0  1 -1  0
 -1  1  0  0  0  0
  1 -1  1  0  0 -1
2-2;2-2;2-2 1 6
16 
#1 
6	% 
  1 -1 -1 1  0  0
  2  0 -1 0  0  0
  1  0 -1 0  0  0
  1  1 -1 0  0  0
 -1 -1  1 0  1 -1
  0  1  0 0 -1  0
2-2,2-2;2-2 1 2
16 
#1 
6	% 
  0 0  0  0  0 -1
  0 0  1 -1  0  0
 -1 0  2 -1  0  0
  1 1 -1  0 -1  1
  0 0  1 -1  1  0
  1 0 -1  1 -1  1
2-2,2-2;2-2 2 3
48 
#1 
6	% 
 -1 -1 1  1 -1  0
 -1 -1 1  0  1 -1
  0  0 1 -1  1 -1
  0  1 0 -1  1 -1
  0  0 0  0 -1  1
  0 -1 0  1 -1  0
3;1;1;1 1 23
12 
#1 
6	% 
 -1 -1 1  0 0 0
 -1  1 0 -1 1 0
 -1  0 0  0 0 1
 -1  1 0  0 0 0
 -1 -1 0  0 1 0
 -1  0 0  0 0 0
1;1;1;1;1;1 1 47
3 
#1 
6	% 
  0 -1 0  0  0  1
  1  1 0 -1  0  1
  0  0 0 -1  1  1
 -1  0 1  0  0 -1
 -1  0 0  0  0  0
 -1  0 0  1 -1  0
