#93

2-1;2-1;2-1 1 9
1 
#1 
6	% 
 1 0 0 0 0 0
 0 1 0 0 0 0
 0 0 1 0 0 0
 0 0 0 1 0 0
 0 0 0 0 1 0
 0 0 0 0 0 1
1,1,1,1,1,1 1 1
1 
#1 
6	% 
 1 0 0 0 0 0
 0 1 0 0 0 0
 0 0 1 0 0 0
 0 0 0 1 0 0
 0 0 0 0 1 0
 0 0 0 0 0 1
1,1,1,1;1,1 1 3
24 
#5 
6	% 
  1  0  2 -1  0 -1
 -1 -1 -1  1  1 -1
 -1  0  0  0  0  0
  0  1 -1  0  0  0
  0 -1 -1  1  1 -2
  1  0  1 -1 -1  1
6	% 
  0  0 1  0  0 -1
  1  1 0 -1 -1 -1
  0  1 0  2  1  1
  0 -1 0 -1 -1  1
  1  0 0 -2 -2 -1
 -1  0 0  2  3 -1
6	% 
  2 -1  0 0  0  1
 -1 -1 -1 0  0 -1
 -1  0  0 0  0  0
  0  1  2 1  0  1
  0 -1  0 0 -1  1
  1  0  1 0  0  1
6	% 
  1 0  0 0  0 0
  2 1  1 0 -1 0
  0 0  1 0  0 1
 -1 0 -1 0  0 0
  1 0  0 0 -1 0
  0 0  0 1  1 0
6	% 
  0  1  1 -1  0  0
  0  1 -1 -1  0 -1
 -1  0 -2 -1 -1 -1
  1 -1  2  1  1  1
  1  1 -1  0  0  0
 -1  0  1 -1 -1  0
1,1,1,1,1;1 1 2
8 
#3 
6	% 
 -1  0  0  0  1  0
 -1  0  0  0  1 -1
 -1 -1  1  1  1  0
  0 -1  0  0  1 -1
  1  1 -1 -1 -2  1
 -1 -1  1  0  1 -1
6	% 
  0 0  0  1  0 -1
  0 0  1  0  0 -1
  1 1  1  1  1  0
  0 0  0  0  1 -1
 -1 0 -1 -1 -1  1
  0 1  1  1  1 -1
6	% 
 0 1  0  1  1 1
 0 0  0  1  1 1
 0 0 -1  1  0 0
 0 0 -1  0  1 0
 1 0  2 -2 -2 0
 1 0 -1  1  1 1
2-1',2-1';1,1 1 2
2 
#1 
6	% 
 0  0  0 2 3  0
 0  0 -2 0 0 -3
 1 -1  0 0 0  0
 0 -1 -1 1 1 -1
 0  0  1 0 0  1
 0  1  0 0 0  0
2-1;1,1,1,1 1 2
1 
#1 
6	% 
  0  0  0  0  1 -2
  0  0  0  0  0 -1
  0  0  1 -2 -2  2
 -1  0  0 -1 -1  0
  1 -1  0  0  0  0
 -1  0 -1  2  2 -1
1,1,1;1,1,1 1 4
8 
#3 
6	% 
  0  1 0  0  0  1
  1  1 0  0 -1  2
 -1 -1 1  0  1 -2
  1  0 0 -1 -1  1
 -1 -1 0  1  2 -3
  1  1 0 -1 -2  2
6	% 
 0 0  0  1  1 -1
 0 1  0  1  1  0
 0 0  0 -1 -2  1
 0 0  1  1  1  0
 0 0 -1 -2 -1  0
 1 0  1  1  1  1
6	% 
 0 0 -1  1  0 -1
 0 0 -1  0  0 -1
 1 0  1 -1 -1  1
 0 0  0  1  1 -1
 0 1  1 -1 -1  1
 0 0  0  1  1  0
2-1;1,1;1,1 1 10
4 
#3 
6	% 
 0 1  1 -1 -1  1
 0 0  0 -1 -2  4
 0 0  4 -2 -1  0
 1 0  0  0  0  0
 0 0  1  0  1 -2
 0 0 -2  1  0  1
6	% 
 0 1  1  0  0  0
 0 0  3  3  1  0
 0 0  0  1  3 -3
 1 0  0 -1 -1  1
 0 0 -1 -1  0  0
 0 0  0  0 -1  1
6	% 
 0 1  0  0  0  0
 0 0 -3  4  2  0
 0 0 -2  0  3 -4
 1 0  1 -1 -1  1
 0 0  1 -2  0 -1
 0 0  0  1 -1  2
1,1,1;1,1,1 1 3
14 
#5 
6	% 
 0  0  1 -2 -3  1
 1 -1  0  0  0  0
 0  1  1 -1 -1  1
 0 -1 -1  2  3 -2
 0  1  0  0  0  0
 0 -1  1 -1 -2  0
6	% 
 -1  0 -1  1  1 -1
  0 -1 -1 -1  2  0
  0  1  1  1 -1  0
  1  0  0 -1  0  1
  0  1  1  0 -2  0
 -1  0 -1  0  1  0
6	% 
  2  0  1 -1 2  1
  0  0 -1  0 0 -2
  1  0  1 -1 0  2
 -1 -1  0  1 0 -2
 -1  0  0  1 0  1
  1 -1  1  0 1 -1
6	% 
 -1  0 -1  1  0 -1
  0  1  1  1  1  0
  0 -1 -1  0 -1  0
  1  1  1  0  0  1
  0 -1 -1 -1  0  0
 -1  1  0  1  1  0
6	% 
 -1  0  0  0  1 -1
  0  1  1  0 -1  0
  0 -1 -1  1  1  0
  1  0  1 -1 -1  1
  0 -1 -1  0  1 -1
 -1  0  0  0  0  0
2-1;1,1,1;1 1 8
4 
#1 
6	% 
  0  1  0 0  0 0
 -1  1  0 0  0 0
  1 -1  0 0  0 1
  1 -1  0 0 -1 0
 -1  1  0 1  0 0
 -1  1 -1 0  0 0
2-1;1,1,1;1 1 6
4 
#1 
6	% 
  0  0 -1  0  0  0
  0  1  2  0 -1  2
  0  0  2  1  0  2
 -1 -1 -1  1  1 -1
  0  1 -1 -1  0 -1
  0  0 -2  0  1 -2
1,1,1,1;1,1 1 2
3 
#2 
6	% 
 -1 -1 -1  1  1 -1
 -1 -1 -1  1  1  0
 -2  0 -1  1  1 -1
  0  0  0  2  1  0
  2  1  1 -1 -1  1
 -2 -1 -1  2  2 -1
6	% 
  0 0 0  0  0  1
  0 0 0  0 -1  1
  0 0 0  1  2 -2
 -1 1 0  0  0  0
  1 0 1 -1 -1  1
  1 0 0  0  0  0
2-1',2-1';1;1 1 4
2 
#1 
6	% 
  0  0 -2  0  0 -3
  0  0  0 -2 -3  0
  0  0  1  0  0  1
  0  0 -1  1  1 -1
  0 -1 -1  1  1 -1
 -1  0 -1  1  1 -1
2-1',2-1',2-1' 1 1
4 
#1 
6	% 
  1 0 0 -1 -1 -1
  0 1 0  0  1  0
  0 0 0  1  1 -1
  0 0 1  0  1  1
  0 1 1  0  1  1
 -1 0 0  0  0  1
2-1;1,1;1,1 1 11
4 
#1 
6	% 
  0  1  0 0 0 0
 -1  0  0 0 0 0
  1  1  0 0 0 1
 -1 -1  0 0 1 0
 -1 -1  0 1 0 0
 -1 -1 -1 0 0 0
2-1',2-1';1;1 1 7
4 
#1 
6	% 
  0 -1 -1  1  0 0
 -1  0 -1  0  1 0
  1 -1  0  0 -1 0
  1  1  1 -1 -1 0
  1  1  2 -1 -1 1
  1 -1  0  1  0 0
1,1,1;1,1,1 1 2
2 
#1 
6	% 
  0  0  0 0  0  1
 -1 -1 -1 1  1 -1
  0  0  0 1  1  0
  0  0  0 0  1  0
  1  0  0 0 -1  0
  0 -1  0 1  0  0
2-1;1,1;1,1 1 4
1 
#1 
6	% 
  0 0  0  1  2  0
  0 0  1  0  0  2
 -1 0  0  1  1  1
  1 1  1 -1 -1  1
 -2 0 -1  1  1 -1
 -1 0 -1  1  1 -2
2-1',2-1';1;1 1 6
2 
#1 
6	% 
  0  0  0 -1 -2  0
  0  0 -1  0  0 -2
  1  0  2 -1 -1  3
 -1  0  0  2  3  0
 -1 -1 -1  1  1 -1
 -1  1  0  0  0  0
2-1;1,1;1,1 1 9
4 
#1 
6	% 
  1 0 0 -1 -1  0
  0 1 1 -1 -1  1
 -1 0 0  1  2  0
 -1 0 1  1  1  0
  1 0 0 -1 -1 -1
  1 0 0 -2 -1  0
1,1;1,1;1,1 1 12
8 
#2 
6	% 
 -1 0  1 0  0  0
  0 0  0 0  0 -1
  0 0 -1 1  0 -1
  0 1  0 0 -1  0
 -1 0  0 0  1 -1
  0 1  1 0 -1  0
6	% 
  0 1  1  1 0  1
  0 0 -1  0 1 -1
  1 0  0 -1 0  0
  1 0 -1 -1 0  0
 -1 1  0  1 1  0
  1 0  0  0 0  1
1,1;1,1;1;1 1 37
24 
#4 
6	% 
  0 -2 -1  0  1 -1
  0 -1 -1  0  1 -1
 -1  2  0  0 -1  1
  0 -1  0  0  1 -1
  1  0  1 -1 -1  0
  0  0  0  0  0 -1
6	% 
  0  0  2 -1 -2  2
  0 -1  0  0  0  0
  1  0 -2  1  1 -1
 -1  0  1  0  0 -1
 -1  0  0  1  0 -1
 -1 -1  0  1  1 -2
6	% 
  0 0 -1  0  1 -1
  0 1 -1 -1  0 -1
  1 0  1  0 -1  2
 -1 0 -2  0  1 -2
 -1 0  0  1  1 -1
 -1 1  0  0  0  0
6	% 
  0  0 0 -1  0  0
  0 -1 0 -1 -1  0
  1  0 0  0  0  1
  0 -1 0 -1 -1 -1
 -1  0 0  0  1 -1
  0  0 1  0  0  0
1,1,1;1,1;1 1 11
56 
#9 
6	% 
 -4 0 -1  1  3 -3
 -2 0 -2  1  1  0
  7 0  5 -3 -4  2
 -2 0  0  0  1 -1
 -1 0 -1  1  1  0
 -2 1  0  0  1 -1
6	% 
 -2 0 -2  1  1  0
 -2 0 -1  1  1 -1
  5 1  3 -3 -3  3
 -1 0  1 -1 -1  2
 -1 0 -1  1  1 -1
 -1 0 -1  0  1  0
6	% 
 0  0  0 -1  1  0
 0  2  1 -2  0  1
 0 -3 -1  4 -1 -2
 1  0  0 -1  0  0
 0  1  1 -1  0  1
 0  0  0 -1  0  0
6	% 
  2  0  0 -1 -1  0
  2  0  1 -1 -1  1
 -5  0 -2  3  2 -2
  1 -1  0  0  0 -1
  1  1  1 -1 -1  1
  1  0  0 -1 -1  0
6	% 
  2  0 -2 -1 -1  0
  2  0 -3 -1 -1 -1
 -6  0  7  3  3  0
  1  0 -1  0 -1  0
  1 -1 -2  0  0 -1
  1  0 -1 -1 -1  0
6	% 
 -2 0  0  1  1 -2
  0 0  1  0  0 -1
  3 1 -1 -2 -2  5
 -1 0 -1  0  1 -2
  0 0  0  0  0 -1
 -1 0  0  0  0 -1
6	% 
  0 0  1 -1 -1  1
  0 0  0 -1 -1  0
  0 0 -2  4  5 -2
 -1 0  1  0  0 -1
  1 0  0 -1 -1  1
  0 1  1 -1 -1  1
6	% 
 0  0  1 -1 -1  1
 0  2  1 -1  0  0
 0 -3 -3  3  1 -1
 0  0  0 -1  0  1
 0  1  1  0  0  0
 1  0  1 -1 -1  1
6	% 
 0 0 1 -1  1 1
 0 0 0 -1  1 0
 0 1 0  2 -3 0
 0 0 1  0  1 0
 0 0 0  0  1 0
 1 0 1 -1  0 1
1,1,1;1;1;1 1 17
8 
#2 
6	% 
 -1  0 -1  0  1  0
  3  0  2 -2 -2  1
 -1 -1 -1  1  1 -1
 -2  0 -1  1  1  0
  1  0  0 -1 -1  0
 -1  1  0  0  0  0
6	% 
 -1  0  0 -1 -1 -1
  3  0  1  2  1  2
 -1 -1 -1  0  0 -1
 -2  0  0 -1 -1 -1
  1  0  0  1  0  0
 -1  1  0 -1 -1  0
1,1;1,1;1,1 1 9
8 
#4 
6	% 
  1 1  1 -1 -1  1
  0 0 -1  0  0  0
  0 0  0  0  0 -1
  0 0  2 -1  0 -1
 -1 0  1  0  1 -2
  1 0  0  0  0  0
6	% 
  0  0  0  2  1  0
 -1 -1 -1  1  1 -1
 -1  1  0  0  0  0
 -1  1  0  0  0  1
  0  1  0  0  0  1
  1  0  0 -1 -1  0
6	% 
 1  1  1 -1 -1  1
 0  0 -1  0  1 -1
 0  0  1 -1 -1  0
 0  0  1  0 -2  1
 0 -1  1  0 -1  0
 0  1  1 -1  0  0
6	% 
 1  1  1 -1 -1  1
 0  0 -2  0  1 -2
 0  0 -2 -1  0 -2
 0  0 -1  0  1 -2
 0 -1  0  1  1 -1
 0  1  2  0 -1  2
1,1;1,1;1;1 1 36
12 
#2 
6	% 
 1  0  0  0 -1  1
 0 -1 -1  0  1  0
 0 -1 -1  0  1 -1
 0  1  1 -1 -1  0
 0 -1 -1  0  0  0
 0 -1  0  0  1  0
6	% 
 1 0 1 -1 -1  1
 0 1 0  0 -1  1
 0 0 0  0  0 -1
 0 0 0  1  0  0
 0 0 1  0  0  0
 0 0 0  0  1  0
1,1,1;1;1;1 1 16
12 
#3 
6	% 
 1  1  1 -1 -1  1
 0  2  1 -1 -1  0
 0 -2 -2  1  1 -1
 0  1  1 -1 -1  0
 0  1  1 -1  0  0
 0  0  0 -1  0  0
6	% 
  0 0 0  0  0 -1
 -1 1 1  0  0 -2
  1 1 0 -1 -1  3
 -1 0 0  0  0 -2
 -1 0 0  1  0 -2
  0 0 0  0 -1  0
6	% 
 0 0  2 -4 -5  2
 0 0  4 -8 -9  3
 0 0 -3  8  9 -4
 0 1  3 -6 -7  3
 1 0  3 -6 -7  3
 1 1  1 -1 -1  1
1,1,1,1;1;1 1 5
20 
#4 
6	% 
  1  0  0 0 -1  1
  0 -1 -1 1  0  0
  1  0  0 0  0  1
 -1  0  1 0  1 -1
  1  0  0 0 -1  2
 -1  0  0 1  1 -1
6	% 
 -1 0  0  0  1  0
 -1 0  0  0  1 -1
 -1 0  1  1  1  0
  2 1  0 -1 -2  1
 -2 1  1  0  1  0
  1 0 -1  0  0  0
6	% 
  1  1 0 -1 -1  0
  1  0 0  0 -1  0
  0  1 0 -1 -1  0
 -1 -1 1  1  1  0
  1  1 0 -1 -1 -1
  0 -1 0  0  0  0
6	% 
  0  0  1  0  0 0
 -1 -1  1  1  1 1
 -1  0  0  0  1 0
  1  1 -1 -1 -2 0
 -1 -1  1  0  1 0
  0  1  0  0 -1 0
1,1,1;1;1;1 1 19
4 
#1 
6	% 
  2  1  2 -2 -1  1
  1  1  1 -1 -1  1
 -1 -1 -1  2  1 -1
  1  1  1 -1  0  1
  1  1  1 -1 -1  0
  1  1  2 -1 -1  1
1,1;1,1;1;1 1 27
12 
#3 
6	% 
 1 1 1 -1 -1  1
 0 0 0  0  0  1
 0 0 1  0  1 -1
 1 0 1 -1  0  0
 1 0 0  0 -1  2
 0 0 1 -1  0 -1
6	% 
  0  0  0  1  2  0
  0  0  0  0  0  1
  1 -1  1  0  0 -1
  1  0  1 -1 -1  0
 -1  0 -1  0  0  1
  1  1  2 -1 -1  0
6	% 
 1 1  1 -1 -1  1
 0 0 -2  0  1 -2
 0 0  5  1 -1  4
 0 1  3  0 -1  3
 0 1 -4 -1  1 -4
 0 0  4  1 -1  5
2-1',2-1';2-1 1 3
4 
#1 
6	% 
 -1  0 0  1  0 -1
  0  1 0  0 -1  1
  1  0 1 -1  0  1
  0 -1 0  0  0 -1
  0 -1 0  1  1 -1
  1  0 0 -1  0  0
1,1;1,1;1,1 1 10
8 
#2 
6	% 
 0 1 1 -1  0 0
 0 0 0  1  0 0
 0 0 0 -2 -2 1
 1 0 1  0 -1 0
 0 0 1 -2 -2 0
 0 0 0  0  1 0
6	% 
  0  0 2  0 -1  2
 -1  0 0  0  0 -1
  1  1 0 -1 -1  1
  0  0 2  1  0  2
  1  1 1 -1 -1  2
  0 -1 0  1  1 -1
1,1;1,1;1;1 1 25
8 
#2 
6	% 
  1  0  0 -1  0  1
 -1  1  0  0 -1  0
  0  0  0  0  0 -1
  0  1  0  0 -1  1
  0  0 -1  0  0  0
  1 -1  0 -1  0  0
6	% 
  1  0 0  0  0  1
 -1 -1 0  1  1 -1
 -1  1 0 -1 -2  0
  0 -1 0  1  1 -1
  1 -1 0  2  1  0
  1  1 1 -1 -1  2
1,1,1;1,1;1 1 12
32 
#5 
6	% 
 -1 -1  0  0  2 -2
  0  0 -1  0  0  1
  2  2  2 -1 -3  2
  0  0  1 -1 -1  2
  1  1  0  0 -1  0
  0 -1  0  0  1 -1
6	% 
 0  0  0 -1  1  0
 0  0  1  0  0 -1
 1 -1 -1  1 -1  1
 0  0  1  0  0  0
 1  0 -1  0 -1  0
 0  0  0 -1  0  0
6	% 
  0  0  0  1 -1  0
 -1 -1  1  2  0  1
  2  2 -1 -4  0 -1
  0 -1  1  1  0  0
  1  1 -1 -2  0  0
  0  0  0  0 -1  0
6	% 
  1  1  0 0 0  0
  0  0 -1 1 0  0
 -2 -2  0 0 1 -1
  0  0  0 1 1  1
 -1 -1  0 0 0 -1
  1  0  0 0 0  0
6	% 
 1 1  2  0 -2  2
 0 0  1  1 -1  1
 0 0 -3 -2  2 -3
 0 0  0 -1 -2  1
 0 0 -1  0  2 -2
 1 0  1  0 -1  1
1,1,1;1;1;1 1 15
8 
#2 
6	% 
  1  1  2 -2  0  1
  0 -1 -1  1  0  0
 -1 -1 -1  1  0 -1
 -1 -1 -1  2  0  0
  1  1  1 -2 -1  1
  1  0  1 -1  0  0
6	% 
 -1 -1 -2 0  2 -1
  1  0  1 0 -1  1
  1  1  1 0 -1  1
  1  1  1 0 -2  2
 -1 -1 -1 1  2 -1
  0 -1 -1 0  1 -1
1,1;1,1;1;1 1 39
12 
#2 
6	% 
  2 -1  1  0 -1 0
 -1  2  0 -1  0 1
  1 -1  0  0 -1 0
 -1  1  0  0  0 1
 -1  1  0 -1  0 0
 -1  1 -1  0  0 0
6	% 
 -1 0 0 0  1 -1
  0 1 0 0 -1  1
 -1 0 0 1  1 -1
  0 1 0 0  0  1
  1 0 0 0 -1  0
  0 1 1 0 -1  1
1,1,1;1,1;1 1 7
12 
#3 
6	% 
 0 0  0  1 -1  2
 0 0  1  1 -1  3
 0 0 -2 -2  2 -5
 1 0  1  0 -1  2
 1 1  1 -1 -1  1
 0 0  0  1  0  1
6	% 
  2  2  2 -1 -3  2
  0  2  1  0 -2  1
 -1 -3 -2  0  4 -2
  0  1  1  0 -1  1
  0  0  2  0  0  3
  1  1  1 -1 -2  1
6	% 
  2 0 1 -1 -1  3
  2 0 0 -1 -1  2
 -4 0 0  2  2 -5
  1 0 0  0  0  1
  0 0 0  3  2  0
  1 1 1 -1 -1  2
1,1,1,1;1;1 1 6
3 
#2 
6	% 
  1  1  1 -1 -1  1
  1  1  1 -1 -1  0
  1  1  0 -1 -1  1
 -2 -1 -1  1  1 -1
  2  1  1 -2 -1  1
  0  0  0  0 -1  0
6	% 
  0 0  1  0  0  0
  0 0  1  0  1  0
  0 0  1  0  0  1
  0 1 -1  0  0 -1
  1 0  2 -1 -1  2
 -1 1  0  0  0  0
1,1,1;1,1;1 1 9
8 
#1 
6	% 
  1  1 0 -1 -1 0
  1  1 1 -1 -1 0
 -1 -1 0  1  1 1
  1  0 0  0 -1 0
  0  0 0  0  1 0
  0  0 0  1  1 0
2-1;2-1;1,1 1 9
1 
#1 
6	% 
  1 1  1 -1 -1  1
  0 0  0 -1  0  0
 -1 0 -1  0  0 -1
  0 0  0  0  0 -1
  1 0  1  0 -1  1
  0 0 -1  0  0  0
2-1;2-1;1;1 1 30
1 
#1 
6	% 
 0 0  1  0 0  1
 0 0 -1  1 0 -1
 0 0  0  0 1  0
 0 0  0  0 0  1
 1 0  1 -1 0  1
 0 1  1 -1 0  1
2-1,2-1;1;1 3 5
2 
#1 
6	% 
 0  0 0  1  0 0
 0  0 1 -1  0 0
 1  0 1 -1  0 0
 1  0 0  0 -1 0
 1 -1 0  0  0 0
 1  1 1 -1 -1 1
2-1,2-1;1;1 1 6
2 
#1 
6	% 
  0  0 0  1  2 0
  0  0 1  0  0 2
 -1  0 0  1  1 0
  1  0 0  0  0 0
  1 -1 0  0  0 0
  1  1 1 -1 -1 1
2-1,2-1;1,1 3 2
2 
#1 
6	% 
 1  1 1 -1 -1 1
 0  0 0  0 -1 1
 0  0 1  0 -1 1
 0  1 1 -1 -1 1
 0  0 0  0  1 0
 0 -1 0  0  0 0
2-1,2-1;1,1 1 2
2 
#1 
6	% 
 0  0  0  1  2  0
 0  0  1  0  0  2
 1 -1  0  0  0  0
 0 -1 -1  1  1 -1
 0  0  0 -1 -1  0
 0  1  0  0  0  0
2-1,2-1;2-1 3 2
2 
#1 
6	% 
 0 0 -1 -1  0 -1
 0 0  2  0 -1  1
 0 0  2 -1 -2  0
 0 0  3 -1 -3  1
 0 1  2 -1 -2  1
 1 0  2 -1 -2  1
2-1,2-1;2-1 1 2
2 
#1 
6	% 
 0 0  2  0  0  3
 0 0  0  2  3  0
 0 0 -1  0  0 -1
 0 0  1 -1 -1  1
 0 1  1 -1 -1  1
 1 0  1 -1 -1  1
2-1',2-1';2-1 1 2
2 
#1 
6	% 
 0 0  2  0  0  3
 0 0  0  2  3  0
 0 0 -1  2  3 -2
 0 0 -1 -3 -5 -1
 0 1  0 -2 -3  0
 1 0  0 -2 -3  0
2-1;2-1;1;1 1 26
1 
#1 
6	% 
 0 -1 -1  1  1 -1
 1  0  0  0  0  0
 0  0  0  0 -1  0
 0  0  0  0  0 -1
 0  0 -1  0  0  0
 0  0  0 -1  0  0
2-1,2-1;1;1 3 4
2 
#1 
6	% 
 0  0 0  1 0  0
 0  0 1 -1 0  0
 0  0 1 -1 0 -1
 0  0 1 -1 1 -1
 0 -1 0  0 1 -1
 1  0 1 -1 0  0
2-1,2-1;1;1 1 4
2 
#1 
6	% 
 0 0  2  0  0  3
 0 0  0  2  3  0
 0 0 -1  0  0 -1
 0 0  1 -1 -1  1
 0 1  1 -1 -1  1
 1 0  1 -1 -1  1
1,1,1,1;1;1 1 4
1 
#1 
6	% 
  0 0  1 -1 -1  2
  0 0  0 -1 -2  3
  0 0 -2  2  3 -6
  0 0  1 -1 -1  3
 -1 0 -1  1  1 -2
  0 1  0  0  0 -1
1,1,1;1,1;1 1 10
8 
#1 
6	% 
  0 0 -1 -2 -2  1
  0 0 -1 -3 -3  1
  0 0  3  8  7 -3
  1 1  0 -2 -2  1
 -1 0 -1 -1 -1  0
 -1 1  0  0  0  0
1,1,1;1,1;1 1 5
4 
#1 
6	% 
 -1 -1  0  1  1 0
  0  0  1  0  0 1
  1  1 -1 -1 -1 0
  0 -1  0  0  0 0
  0  0  0  2  1 0
  1 -1  0  0  0 0
1,1;1,1;1;1 1 35
4 
#3 
6	% 
  0 0 -2  1  0  2
  0 1  1 -1 -1  1
  0 0  2  0  1 -2
 -1 0  0  0  0  0
  0 0 -2  1  0  1
  0 0  1  0  1 -2
6	% 
 0  0 -2  0 -1  2
 0 -1  0  0  1 -1
 0  0 -1  2 -2  0
 1  0  1 -1  0  0
 0  0 -1  0  0  1
 0  0  0  1 -1  0
6	% 
  0 0 -2  1  3 -3
  0 1  0 -2 -2  1
  0 0  3  3  1  2
 -1 0 -1 -1 -1  0
  0 0 -1  1  2 -2
  0 0  2  2  1  1
1,1;1,1;1;1 1 30
4 
#1 
6	% 
 -1 -1  0  1  1 -1
  1  2  0 -2 -2  1
 -1 -1 -1  1  1 -2
  2  1  2 -2 -2  3
  0  0  0  0  1  0
  0  0  0 -1  0  0
1,1;1,1;1;1 1 28
16 
#2 
6	% 
  0 0 0 -1 -1  1
  0 1 0 -1 -1  1
  0 0 1 -1 -1  0
 -1 0 0  1  0 -1
  0 0 0  1  0  0
  0 0 0  0  1  0
6	% 
 -1 -1  2  2  0  1
  1  0  1  0 -1  2
  1  1  3  0 -2  4
  0 -1  0  0  0 -1
  0  0 -1 -1  0 -1
  0  0 -1  0  1 -1
2-1;2-1;1;1 1 28
2 
#1 
6	% 
 0 1  1 -1  0  1
 1 0  0  0 -1  0
 0 0  0  0  0 -1
 0 0  0  0 -1  0
 0 0 -1  0  0  0
 0 0  0 -1  0  0
2-1;1;1;1;1 1 44
1 
#1 
6	% 
 0 1 1 -1 -1 1
 1 0 1 -1 -1 1
 0 0 0  0  0 1
 0 0 0  0  1 0
 0 0 0  1  0 0
 0 0 1  0  0 0
2-1;1,1;1;1 1 30
4 
#2 
6	% 
 1 0  2 -3 -3  1
 0 1 -1  2  2  0
 0 0  0 -1 -1  1
 0 0  1 -2 -3  1
 0 0 -3  6  6 -2
 0 0 -1  3  2 -1
6	% 
 1 0  1 -1 -1  1
 0 1  0  0  0  0
 0 0 -1  0  1 -1
 0 0  0  0  0  1
 0 0  0  1  0  0
 0 0 -1  0  0  0
2-1;1;1;1;1 1 31
1 
#1 
6	% 
 0 1 0  0 0 0
 1 0 0  0 0 0
 0 0 0 -1 0 0
 0 0 1  0 0 0
 0 0 0  0 1 0
 0 0 0  0 0 1
1,1;1,1;1;1 1 15
3 
#2 
6	% 
  1 1  1 -1 -1  1
  0 0  0  1  2  0
 -1 0  0  1  1  0
 -1 0 -1  0  0 -1
  0 0  0  0  0 -1
  0 0 -1  0  0  0
6	% 
  0  0  0 1 2  0
  0  0  2 0 0  3
  1  0  0 0 0  0
 -1  0  0 1 1  0
 -1 -1 -1 1 1 -1
 -1  1  0 0 0  0
1,1;1,1;1;1 1 10
8 
#1 
6	% 
  0  0  0  3  4  0
  0 -1  0  0  0 -1
  0  0  0 -1 -1  0
  1  1  0 -1 -1  1
 -1 -1 -1  1  1 -2
  1  0  0 -1 -1  1
2-1;1,1;1;1 1 34
2 
#1 
6	% 
 -1 1 0  0  0  0
  0 0 0  0 -1  0
  0 0 0  0  0 -1
  1 0 1 -1  0  0
  0 0 0 -1  0  0
  1 0 0 -1  0  0
2-1;1,1;1;1 1 33
8 
#1 
6	% 
 -1 0 -1  1  1 -1
  1 0  1 -1  0  1
 -1 0  0  1  1 -1
  1 0  1 -1 -1  0
  2 1  2 -2 -2  2
  1 0  1  0 -1  1
2-1;1,1;1;1 1 32
8 
#1 
6	% 
  0  1  0 0 0 0
 -1  0  0 0 0 0
  1  1  0 0 0 1
 -1 -1  0 1 0 0
 -1 -1  0 0 1 0
 -1 -1 -1 0 0 0
1,1,1;1;1;1 1 8
4 
#1 
6	% 
  0 0 -1 0 0  0
  0 0  2 1 0  2
 -1 0 -2 0 1 -2
 -1 1  0 0 0  0
  0 0 -2 0 1 -2
 -1 0  1 1 0  1
1,1,1;1;1;1 1 12
4 
#1 
6	% 
 -1 -1 -1  1  1 0
  0  0  0  0  0 1
  0  1  0 -1  0 0
 -1  0  0  0  0 0
  0  0  0  0 -1 0
  0  0  0 -1  0 0
1,1;1,1;1,1 1 6
4 
#1 
6	% 
 0 0 0  0  0 1
 0 1 1  0  1 1
 0 0 1  0  0 1
 0 0 0  0 -1 0
 0 0 0  1  0 0
 1 0 1 -2 -1 1
2-1;1,1;1;1 1 23
2 
#1 
6	% 
  0 0  0  0  0  1
  1 0  0  0  0  0
  0 1  1 -1 -1  1
 -1 0 -1  1  1 -1
  0 0  0  1  0  0
  0 0  0  0  1  0
1,1;1,1;1;1 1 38
8 
#4 
6	% 
  1  1  0 -1 -1  2
 -1  1 -1  0  0  1
  1 -1  1  0  0  0
  0 -1  0  1  1 -1
  0  1  0  0  0  1
  0  0  0  1  0  0
6	% 
  0 0  1 -1 -1  2
  0 0  2 -1 -1  1
  0 0  0  0  1 -1
 -1 0 -1  1  1 -1
 -1 0  0  0  0  0
 -1 1  0  0  0  0
6	% 
  0 0  0 -2  2 -3
  0 0  2 -3  0 -2
  0 0  0  1 -1  2
 -1 0 -1  2  0  1
 -1 0  0 -1  1 -2
 -1 1  0  0  0  0
6	% 
  0 0  0 0 0  1
  0 0 -1 0 0  0
  0 0 -1 0 1 -2
 -1 0  0 1 1 -1
 -1 0 -1 0 0  0
 -1 1  0 0 0  0
1,1;1,1;1,1 1 3
1 
#1 
6	% 
  0  0 -4  0  0 -7
  0  0  0 -2 -3  0
 -1 -1 -1  1  1 -1
  0  0  3  0  0  5
 -1  0 -2  2  3 -3
  1  0 -1  1  2 -2
1,1;1,1;1;1 1 6
1 
#1 
6	% 
  0 0 0  1  2 0
  0 0 0  0  0 1
  0 0 1 -1 -1 1
  0 0 0  1  1 0
  0 1 1 -1 -1 1
 -1 0 0  0  0 0
2-1,2-1,2-1 3 1
24 
#3 
6	% 
 0  0  0  0  1 0
 0  0  0  0  0 1
 0  0  1  0  0 0
 0  0  0 -1  0 0
 0 -1 -1  0  0 0
 1  0  0  0 -1 0
6	% 
  0 -1 -1 -1 -1  0
 -1  0  1  0  1  1
  1  0 -1 -1  0 -1
  0 -1  0 -1 -1 -1
 -2  0  2  1  1  1
  0  2  1  2  1  1
6	% 
  0 0  0 1 0  0
  0 0 -1 0 0  0
  0 0  0 0 1  0
  0 0  0 0 0 -1
 -1 0  0 1 1  0
  0 1  0 0 0  0
2-1,2-1,2-1 2 1
8 
#1 
6	% 
  0  0  0  0 -1  0
  0  0  0  0  0 -1
  1 -1  0 -2  0  0
  1  1 -1 -1 -1  1
 -1  0  0  1  1  0
  0 -1  0  0  0  0
2-1;1;1;1;1 1 38
2 
#1 
6	% 
  0 1  1 0 -1  1
 -1 0  0 0  0  0
  0 0  0 0 -1  0
  0 0  0 1  0  0
  0 0 -1 0  0  0
  0 0  0 0  0 -1
2-1,2-1;2-1 3 3
8 
#1 
6	% 
  1 -2  0  1  1  0
  0  1  1 -1 -1  0
  1  0  1 -1  0  1
  1  0  1  0 -1  1
  2  0  2 -1 -1  1
 -2 -1 -2  2  2 -2
2-1,2-1;1;1 3 6
8 
#1 
6	% 
  0  0  0 0 1  0
  0 -1 -1 0 1 -1
  0  0  0 0 0 -1
 -1  0  0 0 0 -1
  0  0 -1 0 0 -1
  0  0  0 1 1  0
2-1,2-1;1;1 2 11
8 
#1 
6	% 
  0 -1 0  0  1 -1
 -1  0 0  1  0 -1
  1  1 0 -1 -1  1
 -1  1 0  0 -1  0
 -1  1 0  1  0  0
  1  1 1 -1 -1  2
2-1,2-1;2-1 2 4
8 
#1 
6	% 
 0 1 0  0 -1  1
 1 0 0 -1  0  1
 0 0 1  0  0  0
 0 0 0  1  0  0
 0 0 0  0 -1  0
 0 0 0  0  0 -1
2-1;1;1;1;1 1 43
2 
#1 
6	% 
 0 1 0  0  0 0
 1 0 0 -1 -1 0
 0 0 0 -1  0 0
 0 0 1  0  0 0
 0 0 1  0  0 1
 0 0 0  1  1 0
1,1;1;1;1;1 1 52
12 
#3 
6	% 
  2 0  1 -1 -1  1
 -8 0 -3  4  4 -5
 -1 1  0  0  0  0
 -5 0 -2  2  2 -3
 -5 0 -2  2  3 -3
  4 0  2 -2 -2  3
6	% 
 0 0  2 -5 -5  2
 0 0 -7 18 18 -7
 0 0 -1  3  2 -1
 1 0 -4 11 11 -4
 0 1 -4 11 11 -4
 0 0  4 -9 -9  3
6	% 
 0 0  1  0  0  1
 0 0 -6 -1  1 -6
 0 0  0  0  0 -1
 1 0 -3 -1  0 -3
 0 1 -3 -1  0 -3
 0 0  3  0 -1  3
1;1;1;1;1;1 1 36
1 
#1 
6	% 
 0  0 0  1 -1 0
 0  2 1 -1 -1 1
 0  0 0  0  1 0
 0  1 1 -1  0 1
 0  1 1 -1  0 0
 1 -1 0  0  0 0
1,1;1;1;1;1 1 55
8 
#1 
6	% 
 1 0  1 -1  0  0
 0 1  1 -1  0  0
 0 0  0  0 -1  0
 0 0  0  0  0 -1
 0 0 -1  0  0  0
 0 0  0 -1  0  0
1;1;1;1;1;1 1 48
1 
#1 
6	% 
 0 1 0  0  0 0
 1 0 1 -1 -1 1
 0 0 0  0  0 1
 0 0 0 -1  0 0
 0 0 0  0  1 0
 0 0 1  0  0 0
1,1;1;1;1;1 1 56
1 
#1 
6	% 
 1 -1  0  0 0  0
 0 -1 -1  1 1 -1
 0  0  0  0 0 -1
 0  0  0  0 1  0
 0  0  0 -1 0  0
 0  0 -1  0 0  0
1,1;1;1;1;1 1 41
3 
#2 
6	% 
 3 1 2 -2 -2 2
 0 0 1  0  0 0
 1 0 1  0 -1 0
 0 0 0  0  1 0
 1 0 1  0 -1 1
 0 0 0 -1  0 0
6	% 
  0  0  3  0  0  4
  0  0  0 -1  0  0
  0  1  1 -1  0  1
 -1 -1 -1  1  1 -1
  0  1  1 -1 -1  1
  1 -1  0  0  0  0
1;1;1;1;1;1 1 44
1 
#1 
6	% 
  0 1  1 -1 0  0
 -1 0  0  0 0  0
  0 0  0  0 1  0
  0 0 -1  0 0  0
  0 0  0 -1 0  0
  0 0  0  0 0 -1
1,1;1;1;1;1 1 31
4 
#2 
6	% 
  0 1  1 -2 -2  1
 -1 0 -1  0  1  0
  0 0  1 -4 -4  2
  0 0 -2  4  4 -1
  0 0  2 -6 -5  2
  0 0 -2  5  6 -2
6	% 
  0 1  2  0 -1  2
 -1 0  0  0  0 -1
  0 0  4  1 -1  3
  0 0 -3 -1  1 -4
  0 0  5  1 -2  5
  0 0 -5 -2  1 -5
1;1;1;1;1;1 1 20
1 
#1 
6	% 
 0 1  1 0 -1  0
 1 0  0 0  0  0
 0 0  0 0  0 -1
 0 0 -1 0  0  0
 0 0  0 0  1  0
 0 0  0 1  0  0
1,1;1;1;1;1 1 29
8 
#1 
6	% 
 -1 -1 0  1  1 -1
 -1  0 0  0  1 -1
  1  1 1 -1 -1  2
  0 -1 0  0  0 -1
  0  0 0  0 -1  0
  0  0 0 -1  0  0
1,1;1;1;1;1 1 54
8 
#1 
6	% 
  0 1 0  0 -1  1
 -1 0 0  0  1 -1
  0 0 0  0  1  0
  0 0 0 -1  0  0
  0 0 1  0  0  0
  0 0 0  0  0  1
1,1;1;1;1;1 1 18
2 
#1 
6	% 
 0  0  2 0 0  3
 0  0 -1 0 0 -1
 0 -1  0 0 1  0
 1  0  1 0 0  1
 0  0  0 1 0  0
 0  0  0 0 1  0
