#81

4-2;2-2 1 1
1 
#1 
6	% 
 1 0 0 0 0 0
 0 1 0 0 0 0
 0 0 1 0 0 0
 0 0 0 1 0 0
 0 0 0 0 1 0
 0 0 0 0 0 1
1,1,1,1,1,1 1 1
1 
#1 
6	% 
 1 0 0 0 0 0
 0 1 0 0 0 0
 0 0 1 0 0 0
 0 0 0 1 0 0
 0 0 0 0 1 0
 0 0 0 0 0 1
1,1,1,1,1;1 1 2
18 
#4 
6	% 
 0 -1  1  0 -1  0
 0  0  1  1  0  1
 0 -1  0  1 -1  0
 0  0  1  0  0  1
 1  0 -1 -1  1 -1
 1 -1  1  1 -1  1
6	% 
  0  0  1 1  0 1
  0 -1  0 0  0 0
 -1 -1  1 0  0 0
  0  0  1 0  0 1
  0  1 -1 0 -1 0
  0 -1  1 0 -1 1
6	% 
 -2  1 -1 -1 -1 -1
 -2  1 -1 -1 -1  0
 -2  1 -2 -1 -1 -1
 -2  1 -1  0 -1 -1
  3 -1  2  1  2  1
 -3  2 -2 -1 -2 -1
6	% 
 0  1  0 -1  0  0
 0  1  0  0  0  0
 0  1 -1 -1  0  0
 1  2  1  1  2 -1
 0 -2  0  0 -1  0
 0  2  0  0  1 -1
1,1,1,1;1,1 1 3
120 
#8 
6	% 
  1  0  1  0  0 -1
 -1 -1 -1 -1 -1 -1
  0  0 -1  0  0  0
  0  1  1  0  0  1
 -1  0  0 -1  0 -1
  1  0  0  0  0  0
6	% 
 0  0  0  1  0  0
 0  0 -1  0  0 -1
 1 -1  0 -1  1 -1
 0  0  0  0 -1  1
 0  0  0  0 -1  0
 1  0  0  1  1  0
6	% 
  0  0  1 -1  0  0
  0  0  1  0  0 -1
  1  1  0  1 -1  2
  0 -2 -1  0  1  1
  0 -2  1  0  1 -2
 -1  2  0 -1 -1 -1
6	% 
  0  0 0  1  0  0
  0  2 1  1  2 -1
 -1  0 0  0  0 -1
  1 -2 0 -1 -1  2
  1  1 0  1  1  1
 -1  1 0  0  0 -1
6	% 
 0  0 0 -1 1  0
 0  0 0 -2 0 -1
 1  0 0  0 0  0
 0  0 1  1 0  1
 0  0 1 -2 0 -1
 1 -1 0  0 0  0
6	% 
  0  0  0 -1  0  0
 -2  1 -1 -1  0  0
 -1  0  0  0 -1  0
  1 -1  0  1  0  0
 -1  0  0 -1  0  0
  1 -1  0  0  1 -1
6	% 
  0  0  0  0 1 -1
  0  0  0 -1 1  0
  0  2 -1  0 0  0
  1 -2  1  1 0  1
 -1 -1  1 -2 0 -1
  0  2 -1  1 0  0
6	% 
  0  0  0  0 -1  0
  0  0  0  0 -1 -1
 -1  0 -1  0  0 -1
  1 -1  0  0  1  0
 -1  0  0  0 -1  0
  1 -1  1 -1  0  1
1,1,1,1;1,1 1 1
3 
#2 
6	% 
 0  0 -1 -1  0 -1
 0  0  0 -1 -1 -1
 0  0 -1  0 -1 -1
 0  0  1  1  1  1
 0 -1  0  0  0  0
 1  1  0  0  0  0
6	% 
  0 -1 -1 -1 0  0
 -1  0 -1 -1 0  0
 -1 -1  0 -1 0  0
  1  1  1  1 0  0
  0  0  0  0 0 -1
  0  0  0  0 1  1
2-1;1,1,1;1 1 8
36 
#2 
6	% 
  0 0  0 0  0  1
  0 0  0 0 -1  0
 -1 0  0 0  0 -1
  0 0 -1 0  0 -1
  0 0 -1 1  0  1
 -1 1  0 0  0  1
6	% 
  0 0  0  0 1 0
  0 0  0  0 0 1
  1 0  0  0 0 0
  0 0 -1  0 0 0
  0 0  1 -1 0 0
 -1 1  0  0 0 0
1,1,1;1,1,1 1 2
18 
#3 
6	% 
 -2  1  0  0 -1 -1
  0  0  0  0  1  0
  0  1 -1  0  0  0
  0 -1 -1 -1  0  0
  1  0  1  1  0  0
 -1  1  1  1  0  0
6	% 
  0  1 0 0  0  0
  1  1 0 0  2 -1
  0  0 0 1  0  1
  0  0 1 0  0  1
 -1 -1 0 0 -1  0
  1  1 0 0  1 -1
6	% 
  0  1  0  0 -1 0
  0  1  0  0  1 1
 -2  1 -1 -1  0 0
  0  0 -1  0  0 0
  1 -1  1  0  0 0
  1  0  1  0  0 0
1,1,1;1,1,1 1 4
144 
#4 
6	% 
  1 0 -1  0  1 -1
  0 0 -1  0  1  0
 -1 0  1 -1 -1  0
  1 0 -1  0  1  0
 -1 1  1  0 -1  1
  1 0  0  0  1 -1
6	% 
  1  0  0  0  0 0
  1  0  1  0 -1 1
 -2  1 -1  0  0 0
  1 -1  0  0  0 0
 -2  1 -1  1  0 0
  1 -1  1 -1 -1 0
6	% 
  0 -1  1  0  0  0
  0  0  1  0  1 -1
 -1  1 -2  0 -1  0
  0 -1  1 -1  0  0
  1  0 -2  2 -1  1
  0  0  1 -1  1  0
6	% 
 0  0 -1  0  0 -1
 0 -1 -1  1  1 -2
 1 -1  2 -1  0  2
 0  0 -1  1  0 -1
 1  0  2 -1  0  2
 0  1 -1  0 -1 -1
2-1',2-1';1,1 1 1
6 
#1 
6	% 
  1  1  0 -1 0  0
  0  1  1  1 0  0
 -1  0  0  1 0  0
  0 -1 -1  0 0  0
  0  0  0  0 0 -1
  0  0  0  0 1  1
2-1;1,1;1,1 1 11
108 
#2 
6	% 
 0 -1  0  1 -1  1
 0  1  0 -1  1  0
 1 -2  0  1 -1  0
 0  1 -1 -1  1 -1
 0  1  1 -2  1 -1
 1  1  0 -1  1  0
6	% 
  0 0  0 0 -1  0
  0 0  0 0 -1  1
  0 0 -1 1  0  1
 -1 1  0 0  0 -1
 -1 0  0 0  0 -1
  0 0  1 0  0 -1
2-1',2-1';1;1 1 3
18 
#1 
6	% 
  1  1  0 -1  0  0
  0  1  1  1  0  0
 -1  0  0  1  0  0
  0 -1 -1  0  0  0
  0  0  0  0 -1  0
  0  0  0  0  1 -1
2-2;1,1,1,1 1 1
3 
#2 
6	% 
 0 1  0  0  0  0
 1 0  0  0  0  0
 0 0  0 -1 -1 -1
 0 0 -1  0 -1 -1
 0 0 -1 -1  0 -1
 0 0  1  1  1  1
6	% 
  0  0  0  0 0 1
  0  0  0  0 1 0
  0 -1 -1 -1 0 0
 -1  0 -1 -1 0 0
 -1 -1  0 -1 0 0
  1  1  1  1 0 0
2-2',2-2';1,1 1 1
6 
#2 
6	% 
 0 0 1  0 0  0
 0 0 1 -1 0  0
 1 0 1  0 0  0
 0 1 1 -1 0  0
 0 0 0  0 0 -1
 0 0 0  0 1  1
6	% 
 1  0 0  0 0  0
 1 -1 0  0 0  0
 1 -1 0  0 1 -1
 0 -1 0  0 0 -1
 0  0 0 -1 0  0
 0  0 1  1 0  0
2-2',2-2',2-2' 1 1
4 
#1 
6	% 
  1 -1 -1  0  0 -1
  0 -1  0 -1 -1  0
  0 -1 -1  1  0 -1
 -1  0 -1  0 -1  0
  0 -1 -1  0  0 -1
 -1  0  0 -1 -1  0
2-2;1,1,1;1 1 2
36 
#6 
6	% 
  0 -1 0 0 0 -1
  0  1 0 0 1  1
 -1  0 0 0 0  0
  0  0 1 0 0  0
  0  0 0 1 0  0
 -1  1 0 0 0  0
6	% 
  0 -1 0 -1 0 0
  0  1 1  1 0 0
 -1  0 0  0 0 0
  0  0 0  0 0 1
  0  0 0  0 1 0
 -1  1 0  0 0 0
6	% 
 0 1 0 0  0 1
 1 0 0 0  0 1
 0 0 0 0 -1 0
 0 0 1 0  0 0
 0 0 0 1  0 0
 0 0 0 0 -1 1
6	% 
  0 0 0 1 0 0
  0 0 1 0 0 0
  1 0 0 0 0 0
  0 0 0 0 0 1
  0 0 0 0 1 0
 -1 1 0 0 0 0
6	% 
  0 0 0 0 0 1
  0 0 0 0 1 0
  1 0 0 0 0 0
  0 0 1 0 0 0
  0 0 0 1 0 0
 -1 1 0 0 0 0
6	% 
  0 -1 0 0  0 0
 -1 -1 0 0 -2 1
  1  1 0 0  1 0
  0  0 1 0  0 0
  0  0 0 1  0 0
 -1 -1 0 0 -1 1
2-2',2-2';1;1 1 2
18 
#2 
6	% 
  0  0 1 -1 -1  1
  0  0 0 -1 -1  0
  0  0 0  0 -1  0
  0  0 0  0  0 -1
 -1  0 0  0  0  0
  1 -1 0  0  0  0
6	% 
 -1 0 0 0  0  0
 -1 1 0 0  0  0
 -1 1 1 0  0  0
  0 1 0 1  0  0
  0 0 0 0 -1  0
  0 0 0 0  1 -1
1,1,1,1;1;1 1 5
108 
#7 
6	% 
 0  0  0 -1 -1 -1
 0  1  0  0 -1  0
 1  0  0 -1 -1 -1
 0 -1 -1  1  2  1
 0  1 -1  0 -2 -1
 1 -1  0  1  1  1
6	% 
 0  0  0  0  0  1
 0  1  0  0 -1  1
 0  1  0 -1  0  1
 1 -1  0  0  1 -1
 1  0  0  0 -1  1
 0 -1 -1  1  0 -1
6	% 
 0 -1  1  1  0  0
 0 -3  1  0 -1  2
 1 -1  1  1  0  0
 0  2 -1 -1  1 -1
 0 -2  1  1  0  1
 1  0 -1 -1  0  0
6	% 
 0  0  1  1 0  1
 0  1  1  2 0  2
 1  0  1  1 0  1
 0 -1 -2 -2 1 -3
 0  1  2  2 1  2
 1 -1 -1 -1 0 -1
6	% 
  0 0 -1  0 0  1
  0 0 -1 -1 0  2
  0 0 -1  0 1  1
  1 0  2  1 0 -1
 -1 1 -2 -1 0  1
  0 0  1  0 1 -2
6	% 
 -2  1 -1  2  0 -1
 -2  1 -1  2 -1 -2
 -2  1  0  1 -1  0
  3 -2  1 -2  1  1
 -3  1 -1  2 -1 -1
  2 -1  1 -1  1  0
6	% 
  0  0 0  1  0  0
  0  0 1  1  0  0
  0  0 0  1  0 -1
  1 -1 0 -1  0  0
 -1  0 0  1  0  0
  0  0 0 -1 -1  1
1,1,1;1,1;1 1 2
36 
#6 
6	% 
 0 1 0 0 0  0
 0 0 1 0 0  0
 0 0 0 1 0  0
 0 0 0 0 0 -1
 0 0 0 0 1  1
 1 0 0 0 0  0
6	% 
 0 1 0 0 0 0
 0 0 0 0 1 0
 0 0 0 0 0 1
 0 0 1 0 0 0
 0 0 0 1 0 0
 1 0 0 0 0 0
6	% 
 0 0  0  0 0 -1
 0 0  1  0 0  0
 0 0 -1 -1 0  0
 1 0  0  0 0  0
 0 1  0  0 0  0
 0 0  0  0 1 -1
6	% 
 0 0  1  1 0 0
 0 0  1  1 1 0
 0 0 -1 -1 0 1
 1 0  0  0 0 0
 0 1  0  0 0 0
 0 0  1  0 0 0
6	% 
 0 0 0  0 -1  2
 0 0 1  1  0  0
 0 0 0 -1  1 -2
 1 0 0  0  0  0
 0 1 0  0  0  0
 0 0 0  0 -1  1
6	% 
 -2  1 0  0  0 0
  0  0 1  1  0 0
  2 -1 0 -1  0 0
  0  0 0  0  1 1
  0  0 0  0 -1 0
 -1  0 0  0  0 0
1,1,1;1,1;1 1 9
216 
#12 
6	% 
  0 0 -2  1  0 0
  0 0  0  0  1 1
  0 0  2 -1 -1 0
  0 0 -1  0  0 0
 -1 0  0  0  0 0
 -2 1  0  0  0 0
6	% 
 0  0  0  0 -1 0
 0  0  1  0  0 0
 0  0 -1 -1  0 0
 0 -2  0  0 -1 1
 1  0  0  0  0 0
 2 -1  0  0  0 0
6	% 
 0  0  1 0  0  0
 0  0  0 0  1  0
 0  0 -2 0 -1 -1
 0 -2  0 1  0  0
 1  0  0 0  0  0
 2 -1  0 0  0  0
6	% 
 0  0  2  2  2 -1
 0  0  1  1  0  0
 0  0 -3 -2 -2  1
 0 -1  1  1  1 -1
 1  0  0  0  0  0
 2 -1  0  0  0  0
6	% 
 0  1  0  0  0 0
 0  0  1  0  0 0
 0 -2 -1 -1  0 0
 1  0  0  0  0 2
 0  0  0  0 -1 0
 0  0  0  0 -2 1
6	% 
 -2  1  0 0 0  0
  0  0  1 1 0  0
  2 -1 -1 0 0  0
 -1  0  0 0 0  0
  0  1  0 0 1  0
  0  0  0 0 2 -1
6	% 
 0 0  0  0 0 -1
 0 0  1  0 0  0
 0 0 -1 -1 0  0
 0 0  0  0 1 -1
 1 0  0  0 0  0
 0 1  0  0 0  0
6	% 
 0  1  0  0 0 0
 0  0  1  0 0 0
 0 -2 -1 -1 0 0
 1  0  0  0 0 0
 0  0  0  0 1 0
 0  0  0  0 0 1
6	% 
 0 0 0  1  0  0
 0 0 0  0  1  0
 0 0 0 -2 -1 -1
 0 0 1  0  0  0
 1 0 0  0  0  0
 0 1 0  0  0  0
6	% 
 0 0 0  2  2 -1
 0 0 1  2  2 -1
 0 0 0 -3 -2  1
 0 0 0  1  1 -1
 1 0 0  0  0  2
 0 1 0  0  0  0
6	% 
 0 0 -2  1 -2 -2
 0 0  0  0 -1 -1
 0 0  2 -1  2  3
 0 0 -1  0 -1 -1
 1 0  0  2  0  0
 0 1  0  0  0  0
6	% 
 -2  1  0 0  0  0
  0  0  1 1  0  0
  2 -1 -1 0  0  0
 -1  0  0 0  0  0
  0 -1  0 0 -1  0
  0  0  0 0  0 -1
1,1,1,1;1;1 1 3
9 
#2 
6	% 
  0  0 -1  0 -1 -1
  0  0 -1 -1  0 -1
  0  0  0 -1 -1 -1
  0  0  1  1  1  1
 -1  0  0  0  0  0
  1 -1  0  0  0  0
6	% 
  0 -1 -1 -1  0  0
 -1  0 -1 -1  0  0
 -1 -1  0 -1  0  0
  1  1  1  1  0  0
  0  0  0  0 -1  0
  0  0  0  0  1 -1
1,1,1;1,1;1 1 12
720 
#16 
6	% 
 0 -1  0  0  0  0
 0  0  1 -2 -2  4
 0  2 -1  2  3 -6
 0  0  0 -1 -1  2
 0  1  0  1  2 -3
 1 -1  0  0  0  0
6	% 
 0 -1  0  0  0  0
 0  0  1 -2  0  2
 0  2 -1  2  0 -3
 0  0  0 -1  0  1
 0  1  1  1 -1 -1
 1 -1  0  0  0  0
6	% 
 0 -1  0  0  0 0
 0  0  0 -1  0 0
 0  0  0 -1 -1 2
 0  0  1 -1 -1 0
 0  0 -1  0  1 1
 1 -1  0  0  0 0
6	% 
 0 -1 0  0  0  0
 0 -2 0 -1  0 -1
 0  4 0  0  0  1
 0 -1 1 -1  1 -1
 0  2 0  0 -1  1
 1 -1 0  0  0  0
6	% 
  2  2  2  2  1 -2
  1  1  1  1  0  0
 -4 -5 -4 -5 -2  4
  1  1  0  0  0  0
 -2 -3 -2 -2 -1  2
  1  1  1  1  0 -1
6	% 
  2  2  2  2 0  3
  2  1  2  1 0  0
 -5 -4 -5 -4 0 -4
  1  1  1  0 0  0
 -2 -2 -3 -2 0 -2
  1  1  1  1 1  1
6	% 
  0  0 -2 0 0 -1
  0  1  0 0 0  0
  0 -1  3 0 0  2
  1  0  0 0 0  0
 -1  0  1 1 0  1
  0  0 -1 0 1 -1
6	% 
  0  0  0  0 0  1
  2 -1  1 -2 0  2
 -2  1 -2  4 0 -6
  1  0  1 -1 0  1
 -1 -1 -2  2 0 -3
  0  0  0  0 1  0
6	% 
 0  0  0  0 0 -1
 0 -2 -2  1 0 -2
 0  3  4 -2 0  6
 0 -1 -1  0 0 -1
 1  1  2  0 0  3
 0  0  0  0 1 -1
6	% 
 0  0  1 -2  0  2
 0  2  2 -4  0  3
 0 -3 -4  8  0 -7
 0  1  1 -2 -1  2
 1 -2 -2  4  1 -4
 0  0  0 -1  0  1
6	% 
 2 -1  0  0 0  0
 0  0 -1  2 0  0
 0  0  2 -4 1 -2
 0  0 -1  1 0  0
 0  0  2 -2 1 -1
 1 -1  0  0 0  0
6	% 
  2 -1  0  0 0   2
  4 -2  1 -2 0   5
 -8  4 -1  2 0 -10
  2 -1  2 -1 1   2
 -4  2 -1  1 0  -5
  1 -1  0  0 0   1
6	% 
  2 -1 0   2  0  0
  4 -2 0   5  1 -2
 -8  4 0 -10 -1  2
  2 -1 1   2  2 -1
 -4  2 0  -5 -1  1
  1 -1 0   1  0  0
6	% 
  0 -2 -2 0 -2  1
  0 -1  1 0  0  0
  0  5  2 0  4 -2
 -1  0  0 1  0  0
  1  2  1 0  2 -1
  0 -1 -1 0 -1  0
6	% 
  4 -2  0  0  2 -1
  2 -1 -1  2  0  0
 -8  4  1 -2 -4  2
  1  0  0  1  0  0
 -4  1  0 -1 -2  1
  2 -1  0  0  1 -1
6	% 
  0  2 0  0 2 -1
  0 -1 0  0 0  0
  0  1 2 -1 0  0
  1 -1 0  1 0  0
 -1  1 1 -2 0  0
  0  1 0  0 1 -1
1,1,1;1;1;1 1 19
36 
#2 
6	% 
  0 0  0 0 0  1
  0 1  0 1 1  1
 -1 0  0 0 0 -1
  0 0 -1 1 0  1
  0 0  1 0 0  1
 -1 1  0 0 0  1
6	% 
  0 0  0 0 -1 -1
  0 0  0 0  0 -1
  0 0  1 0  1  1
 -1 1  0 0 -1 -1
  0 0 -1 1 -1 -1
 -1 0  0 0 -1 -1
2-2,2-2;1,1 2 1
20 
#3 
6	% 
  0 1  1 -1 0  0
 -1 1  0 -1 0  0
 -1 1 -1  0 0  0
 -1 0 -1  1 0  0
  0 0  0  0 0 -1
  0 0  0  0 1  1
6	% 
 1  0 0  0 0  0
 1 -1 0  0 0  0
 0  0 0  0 1  0
 0  0 0  0 1 -1
 0  0 0 -1 0  0
 0  0 1  1 0  0
6	% 
  0 1 0  0 0  0
 -1 1 0  0 0  0
  0 0 0 -1 0  0
  0 0 1 -1 0  0
  0 0 0  0 0 -1
  0 0 0  0 1  1
2-2;1,1;1,1 1 5
60 
#5 
6	% 
 0 0 0 0  0 1
 0 0 0 0 -1 1
 0 0 1 0  0 0
 0 0 0 1  0 0
 1 0 0 0  0 0
 0 1 0 0  0 0
6	% 
  0  0  0 1  0  0
  0  0 -1 1  0  0
 -1  1  0 0 -2  1
  1 -1  0 0  1 -1
 -1  0  0 0 -2  1
  1  0  0 0  1  0
6	% 
  0  0  0 1  0  0
  0  0 -1 1  0  0
  1  0  0 0  0  1
 -1 -1  0 0 -1 -1
  1 -1  0 0  0  1
 -1  2  0 0  1 -2
6	% 
  0  0  0  0  0 1
  0  0  0  0 -1 1
 -1  1 -2  1  0 0
  1 -1  1 -1  0 0
 -1  0 -2  1  0 0
  1  0  1  0  0 0
6	% 
  0  0  0  0  0 1
  0  0  0  0 -1 1
  1  0  0  1  0 0
 -1 -1 -1 -1  0 0
  1 -1  0  1  0 0
 -1  2  1 -2  0 0
1,1;1,1;1,1 1 5
60 
#5 
6	% 
 0 0 0 0 0 -1
 0 0 0 0 1  1
 0 0 1 0 0  0
 0 0 0 1 0  0
 1 0 0 0 0  0
 0 1 0 0 0  0
6	% 
 0 -1  0  0  0  0
 1  1  0  0  0  0
 0  0  1  1  1 -1
 0  0  0 -1 -1  0
 0  0  1  1  0 -1
 0  0 -1  0  1  0
6	% 
 1 0  0  0  0  0
 0 1  0  0  0  0
 0 0  0  1 -1  1
 0 0  0 -1  0 -1
 0 0  1  0  1  0
 0 0 -1  0  0 -1
6	% 
 0  0  0  0 0 -1
 0  0  0  0 1  1
 1  0  1 -2 0  0
 0 -1 -1  1 0  0
 1 -1  1 -2 0  0
 0  1  0  1 0  0
6	% 
  0  0  0  0 0 -1
  0  0  0  0 1  1
  1  0  0  1 0  0
 -1 -1 -1 -1 0  0
  1 -1  0  1 0  0
 -1  2  1 -2 0  0
1,1;1,1;1;1 1 39
324 
#4 
6	% 
  0  1  0  1  2 -1
  0 -1  0 -1 -1 -1
 -1  1  0  1  1  0
  0 -1 -1  0 -1  0
  0 -1  1 -1 -1  0
 -1  0  0 -1 -1  0
6	% 
  1 -1  1 -1 -1  2
 -1  0 -1  0 -1 -1
  1  0  0  0  0  1
 -1  1  0  0  0 -1
  0  0 -1  0  0 -1
  0  0 -1  1  0 -1
6	% 
 0 -1  0  0 -1  0
 0  0  0 -1  1 -1
 1 -1  0  1 -1  1
 0  1  1 -1  1  0
 1  0  0 -1  1 -1
 0  1 -1  0  1  0
6	% 
  0 0  2 -1 -1  2
 -2 1  0  0 -1 -1
  1 0  0  0  0  1
  0 0 -1  1  0 -1
 -1 1  0  0  0 -1
  0 0 -1  0  0 -1
2-2',2-2';2-2 1 3
24 
#1 
6	% 
  0 0 0  0  0 1
  0 0 0  0 -1 1
  0 0 0 -1  0 0
  0 0 1 -1  0 0
  0 1 0  0  0 0
 -1 1 0  0  0 0
2-2;2-2;1,1 1 5
6 
#1 
6	% 
 0  0  0 0 0 -1
 0  0  0 0 1  1
 0 -1  0 0 0  0
 1 -1  0 0 0  0
 0  0  0 1 0  0
 0  0 -1 1 0  0
2-2;1,1;1,1 1 1
3 
#2 
6	% 
 0  0  0 1 0  0
 0  0 -1 1 0  0
 0 -1  0 0 0  0
 1  1  0 0 0  0
 0  0  0 0 0 -1
 0  0  0 0 1  1
6	% 
 0  0 0  0  0 1
 0  0 0  0 -1 1
 0 -1 0  0  0 0
 1  1 0  0  0 0
 0  0 0 -1  0 0
 0  0 1  1  0 0
1,1,1;1;1;1 1 10
108 
#6 
6	% 
 0  0  0  0 0 1
 0  0  0  0 1 0
 0  0  0 -1 0 0
 1  0  0  0 0 0
 1 -1  0  0 0 0
 0  0 -1  0 0 0
6	% 
 0  0  0 0 0 1
 0  0  0 0 1 0
 0  0  0 1 0 0
 1  0  0 0 0 0
 1 -1  0 0 0 0
 0  0 -1 0 0 0
6	% 
 0  0 0 -1 0  0
 0  0 1  1 1 -2
 0  0 0  0 0  1
 1  0 0  0 0  0
 1 -1 0  0 0  0
 0  0 0  0 1 -1
6	% 
 0  0 0 1  0 1
 0  0 1 0  0 1
 0  0 0 0 -1 0
 1  0 0 0  0 0
 1 -1 0 0  0 0
 0  0 0 0 -1 1
6	% 
  0 -1 0 -1 0  0
  0  1 1  1 0  0
 -1  0 0  0 0  0
  0  0 0  0 0 -1
  0  0 0  0 1  0
 -1  1 0  0 0  0
6	% 
  0 0 0 1 0  0
  0 0 1 0 0  0
  1 0 0 0 0  0
  0 0 0 0 0 -1
  0 0 0 0 1  0
 -1 1 0 0 0  0
1,1;1,1;1;1 1 34
180 
#5 
6	% 
  0  0  1  0  0 -1
  0  0 -1  0  1  0
 -1  0  0  0  0  0
  0  0  0  1  1  0
  0  0  0 -1 -1  1
  1 -1  0  0  0  0
6	% 
  0  0 -1  0 -1 -1
  0  0  0  1  0  1
 -1  0  0  0  0  0
  0  0  1  0  0  1
  0  0  0 -1  1 -2
  1 -1  0  0  0  0
6	% 
 -1  1  0  1 0 0
  0 -1  0 -1 0 0
  0  0  0  0 0 1
  0 -1 -1  1 0 0
  1  0  1 -1 0 0
  0  0  0  0 1 0
6	% 
 -1  1  0 -2 0 0
  1 -2 -1  2 0 0
  0  0  0  0 0 1
  1  1  1  1 0 0
 -1  0  0 -2 0 0
  0  0  0  0 1 0
6	% 
  0 0 -2  1 0 0
 -1 0  0  0 0 0
  0 0  0  0 0 1
  0 0  1 -1 0 0
  1 1  0  0 0 0
  0 0  0  0 1 0
1,1;1,1;1;1 1 4
9 
#2 
6	% 
  0  0 1 0 0 0
  0  0 0 1 0 0
  0  0 0 0 1 0
  0  0 0 0 0 1
 -1  0 0 0 0 0
  1 -1 0 0 0 0
6	% 
 0 -1 0  0 0 0
 1  1 0  0 0 0
 0  0 0 -1 0 0
 0  0 1  1 0 0
 0  0 0  0 0 1
 0  0 0  0 1 0
2-2;2-2;1,1 1 1
3 
#2 
6	% 
  0 1  0 0 0  0
 -1 1  0 0 0  0
  0 0  0 1 0  0
  0 0 -1 1 0  0
  0 0  0 0 0 -1
  0 0  0 0 1  1
6	% 
  0 0 0  0  0 1
  0 0 0  0 -1 1
  0 1 0  0  0 0
 -1 1 0  0  0 0
  0 0 0 -1  0 0
  0 0 1  1  0 0
1,1;1,1;1,1 1 1
1 
#1 
6	% 
 0 -1 0  0 0  0
 1  1 0  0 0  0
 0  0 0 -1 0  0
 0  0 1  1 0  0
 0  0 0  0 0 -1
 0  0 0  0 1  1
2-2',2-2';2-2 1 1
6 
#2 
6	% 
  0 0  0 0  0 -1
  0 0  0 0 -1  0
  0 0 -1 1 -1  0
  0 0  0 1 -1  1
  0 1  0 0  0  0
 -1 1  0 0  0  0
6	% 
 -1  1  0 -1  0 0
 -1  0 -1  0  0 0
 -1  0  0 -1  0 0
  0 -1 -1  0  0 0
  0  0  0  0  0 1
  0  0  0  0 -1 1
4-2;1,1 1 1
1 
#1 
6	% 
  0 0  0 1 0  0
  0 0 -1 1 0  0
  0 1  0 0 0  0
 -1 1  0 0 0  0
  0 0  0 0 0 -1
  0 0  0 0 1  1
2-2;2-1;1;1 1 11
18 
#2 
6	% 
 0  0  0 0 0 1
 0  0  0 0 1 0
 1  0  0 0 0 0
 0  0 -1 0 0 0
 0  0 -1 1 0 0
 1 -1  0 0 0 0
6	% 
  0  0  0 0 0 1
  0  0  0 0 1 0
 -1  0  0 0 0 0
  0  0  1 0 0 0
  0  0 -1 1 0 0
  1 -1  0 0 0 0
2-1;1,1;1;1 1 26
18 
#2 
6	% 
 0  0  0 0  1 1
 0  0  0 0 -1 0
 1  0  0 0  0 0
 0  0 -1 0  0 0
 0  0 -1 1  0 0
 1 -1  0 0  0 0
6	% 
  0  0  0 0  1 1
  0  0  0 0 -1 0
 -1  0  0 0  0 0
  0  0  1 0  0 0
  0  0 -1 1  0 0
  1 -1  0 0  0 0
2-1;1,1;1;1 1 32
216 
#4 
6	% 
  0 -1  0 -1 0  1
  0  1  0  1 1 -1
 -1  0  0  0 0  0
  0  0 -1  1 0  0
  0  0  1  0 0  0
 -1  1  0  0 0  0
6	% 
 0  0  0  0 -1  1
 0  0  0  0 -1  0
 1  0  0  0  0  1
 0  0  1 -1  0 -1
 0  0 -1  0  0 -1
 1 -1  0  0  0 -1
6	% 
  0 0 0  0 0  1
  0 0 0  0 1 -1
  1 0 0  0 0  0
  0 0 1 -1 0  0
  0 0 1  0 0  0
 -1 1 0  0 0  0
6	% 
  0 0 0  0 -1  0
  0 0 0  0 -1  1
  1 0 0  0  0  1
  0 0 1 -1  0 -1
  0 0 1  0  0 -1
 -1 1 0  0  0 -1
1,1,1;1;1;1 1 15
216 
#6 
6	% 
 0 -2 1 -2 0 -1
 0  1 0  1 1  0
 1  0 0  0 0  0
 0  2 1  1 0  1
 1 -1 0  0 0  0
 0 -1 0 -1 1 -1
6	% 
  0  0 0  0 -1  1
  0 -1 0  1  0 -1
 -1  0 0  0  0  0
  0  0 0  0 -1  0
 -1  1 0  0  0  0
  0  1 1 -1  0  1
6	% 
  0  0 0  1  0 -2
 -1  0 0  0  0  1
  0  0 0  0 -1  1
  0  0 1 -1  0  2
  0  0 0  0 -1  0
  1 -1 0  0  0 -1
6	% 
 0 -1 1  0  0 0
 0  2 0  0  1 0
 1  0 0  0  0 0
 0  1 1 -1  0 0
 1 -1 0  0  0 0
 0 -2 0  0 -1 1
6	% 
  0  0  0  0  1 0
  0  1  0 -1  0 0
 -1  0  0  0  0 0
  0  0  0  0 -1 1
 -1  1  0  0  0 0
  0 -1 -1  1  0 0
6	% 
 -2  1  0  0  1 0
  2 -1  0 -1  0 0
  1  0  0  0  0 0
  2 -1  0  0 -1 1
 -1  1  0  0  0 0
 -2  1 -1  1  0 0
1,1;1,1;1,1 1 10
216 
#4 
6	% 
  0  0 0  0 1 -1
  0  1 0  1 0 -1
  1 -1 0  0 0  0
  0  0 0  0 1  0
 -1  0 0  0 0  0
  0  1 1 -1 0  1
6	% 
 1  0 0  0  2 -1
 0 -2 0  1  0  0
 0  0 0  0 -1  1
 1 -1 0  0  2 -1
 0  0 0  0  1  0
 0  2 1 -1  0  0
6	% 
 -1  0 -2  1  0 0
  0  1  0  1  1 0
  0  0  1 -1  0 0
 -1  1 -2  1  0 0
  0  0 -1  0  0 0
  0 -1  0  1 -1 1
6	% 
  0  0 -1  0  0 -2
 -1  0  0 -1  0  0
  0 -1  0  0 -1  1
  0  0 -1  1  0 -2
  0 -1  0  0 -1  0
  1 -1  0  1  0  0
1,1;1,1;1;1 1 9
108 
#7 
6	% 
 0  0 1 0  0 0
 0  0 0 1  0 0
 1  0 0 0  0 0
 0 -1 0 0 -1 0
 1 -1 0 0  0 0
 0  1 0 0 -1 1
6	% 
 0  0  0 0 0 -1
 0  0  0 0 1  1
 1  0  0 0 0  0
 0 -1 -1 0 0  0
 1 -1  0 0 0  0
 0  1 -1 1 0  0
6	% 
  0 0 0 -1  0  0
  0 0 1  1  0  0
  0 0 0  0  0  1
  1 0 0  0  1 -2
  0 0 0  0  1 -1
 -1 1 0  0 -1  2
6	% 
 0  0 0  0  1 1
 0  0 0  0 -1 0
 1  0 0  0  0 0
 0 -2 0  1  0 0
 1 -1 0  0  0 0
 0  2 1 -1  0 0
6	% 
  0 0 0 1  0  0
  0 0 1 0  0  0
  0 0 0 0 -1  0
  1 0 0 0  0  2
  0 0 0 0 -1  1
 -1 1 0 0  0 -2
6	% 
  0  0 1 0  0 0
  0  0 0 1  0 0
 -1  0 0 0  0 0
  0  2 0 0  1 0
 -1  1 0 0  0 0
  0 -2 0 0 -1 1
6	% 
  0 0  0  0 0 -1
  0 0  0  0 1  1
  0 0  0  1 0  0
  1 0  1 -2 0  0
  0 0  1 -1 0  0
 -1 1 -1  2 0  0
1,1;1,1;1;1 1 25
648 
#12 
6	% 
  0  1  1 -1  0 0
 -1 -2 -1  2  0 0
  0  0 -1  0 -1 0
  0 -1  0  1  0 0
  0  0  1  0 -1 1
 -1  3  1 -2  0 0
6	% 
  0 -1 -1  0 0 -2
  0  0  0  0 1  0
 -1  2  0  1 0  0
  0 -1  1 -1 0  2
 -1 -1  0 -1 0  0
  0  0  0  0 1 -1
6	% 
  1  0 0  0 0  0
  0 -2 0  1 0  0
 -2  1 0  0 0  1
  1 -1 0  0 0  0
  2 -1 0  0 1 -1
  0  2 1 -1 0  0
6	% 
  1  0  0 0 0  0
  0 -1 -1 0 0  0
 -2  1  0 0 0  1
  1 -1  0 0 0  0
  2 -1  0 0 1 -1
  0  1 -1 1 0  0
6	% 
  1  0 0  0  0  1
  0 -2 0  1  0  0
 -2  1 0  0 -1 -2
  1 -1 0  0  0  1
  2 -1 0  0 -1  3
  0  2 1 -1  0  0
6	% 
  0 -2  0  0 -1  1
 -1  4  0  0  2 -1
  0  0  0 -1  0  1
  0  2  0  0  1  0
  0  0 -1  0  0 -1
 -1 -3  0  0 -2  1
6	% 
  0 -2  0 0 -1  1
 -1  4  0 0  2 -1
  0  0  0 1  0  1
  0  2  0 0  1  0
  0  0 -1 0  0 -1
 -1 -3  0 0 -2  1
6	% 
  0 0  0  0 -1  1
  1 0  0  0  2 -1
  0 0  0 -1  0  1
  0 0  0  0  1  0
  0 0 -1  0  0 -1
 -1 1  0  0 -2  1
6	% 
  0 0  0 0 -1  1
  1 0  0 0  2 -1
  0 0  0 1  0  1
  0 0  0 0  1  0
  0 0 -1 0  0 -1
 -1 1  0 0 -2  1
6	% 
  0 0  0  1  0 0
  0 0 -1  0 -1 0
  1 0  1 -2  0 0
  0 0 -1  1  0 0
 -1 1 -1  2  0 0
  0 0  1  0 -1 1
6	% 
  0  1  1 -1  0 0
 -1 -2 -1  2  0 0
  0  0  1  0  1 0
  0 -1  0  1  0 0
  0  0 -1  0 -1 1
 -1  3  1 -2  0 0
6	% 
  1  0 0  0 0  0
  0 -2 0  0 0  1
 -2  1 0  1 0  0
  1 -1 0  0 0  0
  2 -1 1 -1 0  0
  0  2 0  0 1 -1
2-2,2-2;1,1 1 1
18 
#2 
6	% 
  0 -1 0 0  0 -2
  1 -1 0 0 -2  0
  0  1 0 0  0  1
 -1  1 0 0  1  0
  0  0 1 0  0  0
  0  0 0 1  0  0
6	% 
  0 -7  0 -5 0 0
  7 -7  5 -5 0 0
  0  4  0  3 0 0
 -4  4 -3  3 0 0
  0  0  0  0 1 0
  0  0  0  0 0 1
2-2;2-2;1;1 1 2
9 
#2 
6	% 
  0  0  0 0 0 1
  0  0  0 0 1 0
  0  0  0 1 0 0
  0  0 -1 1 0 0
 -1  0  0 0 0 0
  1 -1  0 0 0 0
6	% 
 1 0  0 0  0  0
 0 1  0 0  0  0
 0 0  0 1  0  0
 0 0 -1 1  0  0
 0 0  0 0 -1  0
 0 0  0 0  1 -1
2-2,2-2;1;1 2 2
60 
#3 
6	% 
 -1  1  1  0  0  0
 -1  0  1 -1  0  0
 -1  0  0 -1  0  0
  0 -1 -1  0  0  0
  0  0  0  0 -1  0
  0  0  0  0  1 -1
6	% 
 0 1 0 0  0  0
 1 0 0 0  0  0
 0 0 0 1  0  0
 0 0 1 0  0  0
 0 0 0 0 -1  0
 0 0 0 0  1 -1
6	% 
  0  0  0  0 0 1
  0  0  0  0 1 0
  0 -1  0  0 0 0
 -1  0  0  0 0 0
  0  0 -1  0 0 0
  0  0  1 -1 0 0
2-2,2-2,2-2 2 1
132 
#3 
6	% 
 -1 1 -1  1  0 0
 -1 0  0  1  0 0
  1 0  1  0  0 1
  0 1  1 -1 -1 1
  0 1  0 -1  0 0
 -1 1 -1  0  0 0
6	% 
 0  0  0 1  0 -1
 0  0 -1 1 -1  0
 0  0  0 0  0  1
 0  0  0 0  1  0
 0 -1  0 0  0  0
 1 -1  0 0  0  0
6	% 
  0 1  0  1  0  0
 -1 1 -1  1  0  0
  0 0  0 -1  0  0
  0 0  1 -1  0  0
  0 0  0  0  0 -1
  0 0  0  0 -1  0
2-2;2-2;1;1 1 16
18 
#1 
6	% 
 0  0 0  0 -1  0
 0  0 0  0  1 -1
 1  0 0  0  0  0
 0  0 1 -1  0  0
 0  0 1  0  0  0
 1 -1 0  0  0  0
2-2;2-1',2-1' 1 1
6 
#1 
6	% 
  1  1  0 -1  0 0
  0  1  1  1  0 0
 -1  0  0  1  0 0
  0 -1 -1  0  0 0
  0  0  0  0  0 1
  0  0  0  0 -1 1
2-1;2-1;1,1 1 6
9 
#1 
6	% 
  0  0  0  0 1 0
  0  0  0  0 0 1
  0  0 -1  0 0 0
  0  0  1 -1 0 0
 -1  0  0  0 0 0
  1 -1  0  0 0 0
2-1,2-1;1;1 3 3
54 
#1 
6	% 
  0 -1 -1  0 0 0
 -1  0  0  1 0 0
 -1  1  0  1 0 0
  0  1  1 -1 0 0
  0  0  0  0 0 1
  0  0  0  0 1 0
2-1,2-1;1,1 3 1
18 
#1 
6	% 
  0 -1 -1  0 0  0
 -1  0  0  1 0  0
 -1  1  0  1 0  0
  0  1  1 -1 0  0
  0  0  0  0 0 -1
  0  0  0  0 1  1
2-1;2-1;1;1 1 21
27 
#1 
6	% 
 0  0 1  0 0 0
 0  0 0  0 0 1
 0  0 1 -1 0 0
 1  0 0  0 0 0
 1 -1 0  0 0 0
 0  0 0  0 1 0
4-2';2-2 1 1
6 
#1 
6	% 
  0  1  1 0  0 0
 -1  1  0 1  0 0
 -1  0  0 1  0 0
  0 -1 -1 1  0 0
  0  0  0 0  0 1
  0  0  0 0 -1 1
4-2';1,1 1 1
6 
#1 
6	% 
 0 -1  0 0 0  0
 1 -1  0 0 0  0
 0  0  0 1 0  0
 0  0 -1 1 0  0
 0  0  0 0 0 -1
 0  0  0 0 1  1
2-1,2-1;1;1 1 3
18 
#1 
6	% 
 0  0 0 -1 0 0
 0 -1 0  0 0 0
 0  0 1  1 0 0
 1  1 0  0 0 0
 0  0 0  0 0 1
 0  0 0  0 1 0
2-1,2-1;1,1 1 1
6 
#1 
6	% 
 0  0 0 -1 0  0
 0 -1 0  0 0  0
 0  0 1  1 0  0
 1  1 0  0 0  0
 0  0 0  0 0 -1
 0  0 0  0 1  1
4-2;1;1 1 2
3 
#1 
6	% 
 0  0 0 1  0  0
 0  0 1 0  0  0
 1  0 0 0  0  0
 1 -1 0 0  0  0
 0  0 0 0 -1  0
 0  0 0 0  1 -1
2-1;1;1;1;1 1 35
54 
#2 
6	% 
 0  0  0 0 -1  0
 0  0  0 0  1 -1
 1  0  0 0  0  0
 0  0  1 0  0  0
 0  0 -1 1  0  0
 1 -1  0 0  0  0
6	% 
  0  0  0 0 -1  0
  0  0  0 0  1 -1
 -1  0  0 0  0  0
  0  0 -1 0  0  0
  0  0 -1 1  0  0
  1 -1  0 0  0  0
4-2';1;1 1 2
18 
#1 
6	% 
 0  0 0 -1  0  0
 0  0 1 -1  0  0
 0 -1 0  0  0  0
 1 -1 0  0  0  0
 0  0 0  0 -1  0
 0  0 0  0  1 -1
2-2,2-2;1;1 1 2
54 
#2 
6	% 
  0 0  0  5  0  3
  0 0 -5  5 -3  3
  0 0  0 -8  0 -5
  0 0  8 -8  5 -5
  1 0  0  0  0  0
 -1 1  0  0  0  0
6	% 
  0 -1  0  1  0 0
  1 -1 -1  1  0 0
  0  2  0 -1  0 0
 -2  2  1 -1  0 0
  0  0  0  0  1 0
  0  0  0  0 -1 1
2-2,2-2,2-2 1 1
36 
#1 
6	% 
  0  1  0 0  0  0
 -1  1  0 0  0  0
  0  1  0 1  0  0
 -1  1 -1 1  0  0
  0 -1  0 0  0 -1
  1 -1  0 0 -1  0
2-2;2-2;2-2 1 1
1 
#1 
6	% 
  0 1  0 0  0 0
 -1 1  0 0  0 0
  0 0  0 1  0 0
  0 0 -1 1  0 0
  0 0  0 0  0 1
  0 0  0 0 -1 1
2-2;1,1;1;1 1 3
18 
#3 
6	% 
  0  0 0 0 1 0
  0  0 0 0 0 1
  0  0 1 0 0 0
  0  0 0 1 0 0
 -1  0 0 0 0 0
  1 -1 0 0 0 0
6	% 
  0  0 1 0 0 0
  0  0 0 1 0 0
  0  0 0 0 0 1
  0  0 0 0 1 0
 -1  0 0 0 0 0
  1 -1 0 0 0 0
6	% 
 0 0 0 -1  0  0
 0 0 1  1  0  0
 1 0 0  0  0  0
 0 1 0  0  0  0
 0 0 0  0 -1  0
 0 0 0  0  1 -1
2-2;1,1;1;1 1 14
108 
#7 
6	% 
 0  0 0 1 0  0
 0  0 1 0 0  0
 1  0 0 0 0  0
 0 -2 0 0 0  1
 1 -1 0 0 0  0
 0  2 0 0 1 -1
6	% 
 0  0 0 1  0 0
 0  0 1 0  0 0
 1  0 0 0  0 0
 0 -1 0 0 -1 0
 1 -1 0 0  0 0
 0  1 0 0 -1 1
6	% 
 0  0  0 0 0 1
 0  0  0 0 1 0
 1  0  0 0 0 0
 0 -1 -1 0 0 0
 1 -1  0 0 0 0
 0  1 -1 1 0 0
6	% 
 0  0 0  0 0 1
 0  0 0  0 1 0
 1  0 0  0 0 0
 0 -2 0  1 0 0
 1 -1 0  0 0 0
 0  2 1 -1 0 0
6	% 
  0 0 0 1  0  0
  0 0 1 0  0  0
  0 0 0 0 -1  0
  1 0 0 0  0  2
  0 0 0 0 -1  1
 -1 1 0 0  0 -2
6	% 
  0 0 0 1  0  0
  0 0 1 0  0  0
  0 0 0 0 -1  1
  1 0 0 0  2 -1
  0 0 0 0  1  0
 -1 1 0 0 -2  1
6	% 
  0 0  0  0 0 1
  0 0  0  0 1 0
  0 0 -1  1 0 0
  1 0  2 -1 0 0
  0 0  1  0 0 0
 -1 1 -2  1 0 0
1,1;1;1;1;1 1 25
27 
#2 
6	% 
 0  0 1 0 0 0
 0  0 0 1 0 0
 0  0 0 0 0 1
 1  0 0 0 0 0
 1 -1 0 0 0 0
 0  0 0 0 1 0
6	% 
 0  0  0  0  1  0
 0  0  0  0 -1 -1
 0  0 -1  0  0  0
 1  0  0  0  0  0
 1 -1  0  0  0  0
 0  0  1 -1  0  0
1,1;1;1;1;1 1 28
324 
#7 
6	% 
 -1  1 0  0 0 0
  0 -2 0  1 0 0
  0  0 0  0 0 1
 -1  0 0  0 0 0
  0  0 0  0 1 0
  0  2 1 -1 0 0
6	% 
 1 -1 0  0 0 0
 0  1 1  0 0 0
 0  0 0  0 0 1
 1  0 0  0 0 0
 0  0 0  0 1 0
 0 -1 1 -1 0 0
6	% 
  0  0  0 0 -1  1
  0  0  1 0  1 -2
 -1  0  0 0  0  0
  0  0  0 0  0 -1
  1 -1  0 0  0  0
  0  0 -1 1 -1  2
6	% 
  0  0  0 0 1 -1
  0  0  1 0 0  2
 -1  0  0 0 0  0
  0  0  0 0 1  0
  1 -1  0 0 0  0
  0  0 -1 1 0 -2
6	% 
  0  0 0 0  1 -1
  0  0 0 1 -2  0
 -1  0 0 0  0  0
  0  0 0 0  0 -1
  1 -1 0 0  0  0
  0  0 1 0  2  0
6	% 
  0  0  1 -1 0  0
  0  0 -2  0 0  1
 -1  0  0  0 0  0
  0  0  0 -1 0  0
  1 -1  0  0 0  0
  0  0  2  0 1 -1
6	% 
  0 0 -1  1  0  0
  1 0  1 -2  0  0
  0 0  0  0 -1  0
  0 0  0 -1  0  0
  0 0  0  0  1 -1
 -1 1 -1  2  0  0
2-2;1;1;1;1 1 20
9 
#1 
6	% 
 0  0 0  0  0 1
 0  0 0  0 -1 1
 0  0 1  0  0 0
 1 -1 0  0  0 0
 0  0 1 -1  0 0
 1  0 0  0  0 0
1,1;1;1;1;1 1 48
9 
#1 
6	% 
  0 0  0 0  1 1
  0 0  0 0 -1 0
  0 0 -1 1  0 0
 -1 0  0 0  0 0
  0 0  1 0  0 0
 -1 1  0 0  0 0
1,1;1;1;1;1 1 54
216 
#4 
6	% 
  0 -1  0 -1  0  1
  0  1  0  1  1 -1
 -1  2  0  2  1 -2
  0  2  1  1  1 -2
  0  2 -1  2  1 -2
 -1 -1  0 -2 -1  2
6	% 
 0  0  0 0 1  0
 0  0  0 0 1 -1
 1  0  0 0 0  0
 0  0 -1 1 0  0
 0  0  1 0 0  0
 1 -1  0 0 0  0
6	% 
  0  0 0  0  0  1
  0  0 0  0  1 -1
  0  0 1  0  1 -2
  0  0 1 -1  1 -2
  1 -1 0  0  1 -2
 -1  0 0  0 -1  2
6	% 
  0  0 0  0 1  0
  0  0 0  0 1 -1
  0  0 1  0 0  0
  0  0 1 -1 0  0
  1 -1 0  0 0  0
 -1  0 0  0 0  0
2-2,2-2;2-2 2 1
20 
#3 
6	% 
 -1  1  0 -1  0 0
 -1  0 -1  0  0 0
  0 -1 -1  0  0 0
  1 -1 -1  1  0 0
  0  0  0  0  0 1
  0  0  0  0 -1 1
6	% 
  0 0  0 0  0 1
  0 0  0 0 -1 1
  0 0  0 1  0 0
  0 0 -1 1  0 0
  0 1  0 0  0 0
 -1 1  0 0  0 0
6	% 
  0 1 0 0  0 0
 -1 1 0 0  0 0
  0 0 0 1  0 0
  0 0 1 0  0 0
  0 0 0 0  0 1
  0 0 0 0 -1 1
2-2;2-1,2-1 3 1
18 
#1 
6	% 
  0  2  1 -1  0 0
 -1  0  0 -2  0 0
  0 -2 -1  0  0 0
  1 -1  0  2  0 0
  0  0  0  0  0 1
  0  0  0  0 -1 1
2-2;2-1,2-1 1 1
6 
#1 
6	% 
 0  0 0 -1  0 0
 0 -1 0  0  0 0
 0  0 1  1  0 0
 1  1 0  0  0 0
 0  0 0  0  0 1
 0  0 0  0 -1 1
2-2;2-2;2-2 1 4
6 
#1 
6	% 
  0 0  0 0  0 1
  0 0  0 0 -1 1
  0 0  0 1  0 0
  0 0 -1 1  0 0
  0 1  0 0  0 0
 -1 1  0 0  0 0
1;1;1;1;1;1 1 41
27 
#1 
6	% 
  0  0 0  0 0 1
  0  0 0  0 1 0
  0  0 1 -1 0 0
 -1  0 0  0 0 0
  0  0 1  0 0 0
  1 -1 0  0 0 0
2-2,2-2;2-2 1 3
72 
#1 
6	% 
 0  0  0 0  0 1
 0  0  0 0 -1 1
 0  0 -1 0  0 0
 0  0 -1 1  0 0
 1  0  0 0  0 0
 1 -1  0 0  0 0
2-2,2-2;2-2 2 3
72 
#1 
6	% 
  0  0 0 0  0 1
  0  0 0 0 -1 1
  0  0 0 1  0 0
  0  0 1 0  0 0
  0 -1 0 0  0 0
 -1  0 0 0  0 0
2-2;1;1;1;1 1 11
27 
#2 
6	% 
  0  0 1  0 0 0
  0  0 1 -1 0 0
 -1  0 0  0 0 0
  0  0 0  0 0 1
  1 -1 0  0 0 0
  0  0 0  0 1 0
6	% 
  0  0 0 0  0 1
  0  0 0 0 -1 1
 -1  0 0 0  0 0
  0  0 0 1  0 0
  1 -1 0 0  0 0
  0  0 1 0  0 0
1;1;1;1;1;1 1 18
27 
#1 
6	% 
 -1  0 0 0  0  0
  0  0 0 0  0 -1
  0  0 0 1  0  0
  1 -1 0 0  0  0
  0  0 1 0  0  0
  0  0 0 0 -1  1
2-2,2-2;2-2 1 1
18 
#2 
6	% 
  0 0 0 0  0 1
  0 0 0 0 -1 1
  0 0 1 0  0 0
  0 0 0 1  0 0
  0 1 0 0  0 0
 -1 1 0 0  0 0
6	% 
  0  1 0  0  0 0
 -1  1 0  0  0 0
  0 -1 1  0  0 0
  1 -1 1 -1  0 0
  0  0 0  0  0 1
  0  0 0  0 -1 1
2-2;2-1;2-1 1 3
9 
#1 
6	% 
 1  0 0  0  0 0
 0  0 0  0  0 1
 0  0 0  0 -1 1
 0  0 1  0  0 0
 0  0 1 -1  0 0
 1 -1 0  0  0 0
