#9

4-1';1,1 1 2
1 
#1 
6	% 
 1 0 0 0 0 0
 0 1 0 0 0 0
 0 0 1 0 0 0
 0 0 0 1 0 0
 0 0 0 0 1 0
 0 0 0 0 0 1
1,1,1,1,1,1 1 1
1 
#1 
6	% 
 1 0 0 0 0 0
 0 1 0 0 0 0
 0 0 1 0 0 0
 0 0 0 1 0 0
 0 0 0 0 1 0
 0 0 0 0 0 1
1,1,1,1;1,1 1 3
8 
#2 
6	% 
  1  0  0  1 1  0
 -1  0  1  0 1  0
 -1  1 -1  0 0  1
  0 -1  1 -1 0 -1
  0 -1  2 -1 1 -1
  1  1 -1  1 0  0
6	% 
  0  1 -1  0  0  0
  1  0  1 -1  2  1
  1  0  1  0  0 -1
  0 -1 -1  1 -1  0
  0 -1  0  0  1  1
 -1  1  0 -1  0  0
1,1,1,1;1,1 1 2
1 
#1 
6	% 
 0  1  0 0 0  0
 0  1  1 1 1  1
 0  0  1 0 0  0
 1  0  0 0 0  0
 0 -1 -1 0 0 -1
 0  1  1 1 0  0
2-1',2-1';1,1 1 2
1 
#1 
6	% 
 0 0  0  0 -1  0
 0 1  0  0  1  0
 1 0  0  0  0  0
 0 0  1 -1  1  0
 0 0 -1  1 -1  1
 0 0  1  0  1 -1
1,1;1,1;1,1 1 9
2 
#1 
6	% 
  1  0  0 0  0  0
  0  0  0 0 -1  0
  0  0 -1 1  0  1
  0 -1 -1 1 -1  1
 -1  0 -1 0  0  1
  1  1  0 0  1 -1
1,1;1,1;1,1 1 6
2 
#1 
6	% 
 1  0  0  2  0 -2
 0  0  1 -1 -2  0
 0  0  0 -1  0  1
 0  1 -1  1  3  1
 0  0 -1  0  1  0
 0 -1  1 -1 -3  0
2-1,2-1;1,1 3 2
1 
#1 
6	% 
 1  0  0  1  0 -1
 0 -1 -2  2 -2  2
 0 -1 -1  2 -2  2
 0  0  0  1  0  0
 0  1  0 -1  1 -1
 0  0  0  0  0  1
2-1,2-1;1,1 2 3
1 
#1 
6	% 
 1  0  0  0  0  0
 0  3 -4  4  0  4
 0  4 -9  4 -8  4
 0  0 -2 -1 -4  0
 0 -2  4 -2  3 -2
 0  0 -2  0 -4 -1
