#10

1,1;1,1;1;1 1 25
1 
#1 
6	% 
 1 0 0 0 0 0
 0 1 0 0 0 0
 0 0 1 0 0 0
 0 0 0 1 0 0
 0 0 0 0 1 0
 0 0 0 0 0 1
1,1,1,1,1,1 1 1
1 
#1 
6	% 
 1 0 0 0 0 0
 0 1 0 0 0 0
 0 0 1 0 0 0
 0 0 0 1 0 0
 0 0 0 0 1 0
 0 0 0 0 0 1
1,1,1,1;1,1 1 3
3 
#2 
6	% 
  1  0  0  1 -1  0
 -1 -1 -1 -1 -1 -1
  0  0  0 -1  0  0
  0  0  0  1  1  1
 -1 -1  0  0 -1  0
  1  0  0  0  0  0
6	% 
  1  0  0  0  0  0
 -1 -1 -1 -1  1  1
 -1  0  0  0  1  1
  1  0  1  1 -1 -1
 -1 -1 -1 -1  1  0
  1  1  1  0  0  0
1,1,1,1,1;1 1 2
2 
#1 
6	% 
  0 0 0  1  0  0
  1 0 0  0  0  0
  0 0 0  0  0  1
  1 1 1  1 -1  1
 -1 0 0 -1  1 -1
  1 0 1  1  0  1
1,1,1;1,1,1 1 4
1 
#1 
6	% 
 0  1  0 0  1  0
 0  1  0 1  0  1
 0 -1  1 0  0 -1
 0  0 -1 0  0  1
 0 -1  0 0 -1 -1
 1  1  0 0  0  1
1,1,1;1,1,1 1 2
1 
#1 
6	% 
 -1  0 0 -1 -1  0
  0  0 1  0  0  0
 -1 -1 0  1  0 -1
  0 -1 0  0  0  0
  1  1 0  0  0  0
  0  1 0 -1  0  0
1,1;1,1;1,1 1 10
1 
#1 
6	% 
 -1  0  0 1  0  1
  0 -1 -1 0  0 -1
  1  0  1 0 -1  0
 -1 -1  0 1  0  0
  0  0  1 1 -1  0
  0  1  0 0  1  1
1,1,1;1,1;1 1 9
2 
#1 
6	% 
  1  0 0  1 0  0
  1  0 0  1 1  0
 -1  0 1 -1 0  0
  1  0 0  0 0  0
  0  0 0  0 0 -1
  0 -1 0  0 0 -1
1,1,1;1,1;1 1 12
2 
#1 
6	% 
  2  0  1  2 -1  0
  2  1  2  2 -2  1
 -5 -1 -4 -5  4 -1
  1  1  1  1 -1  0
 -2 -1 -2 -3  2  0
  1  0  1  1  0  0
1,1,1,1;1;1 1 5
1 
#1 
6	% 
 -1  0  0 1  0 0
 -1 -1 -1 0  1 1
 -1  0 -1 0  0 0
  2  1  1 0 -1 0
 -2  0 -1 0  1 1
  1  0  0 0 -1 0
