#117

3;2-1;1 2 6
1 
#1 
6	% 
 1 0 0 0 0 0
 0 1 0 0 0 0
 0 0 1 0 0 0
 0 0 0 1 0 0
 0 0 0 0 1 0
 0 0 0 0 0 1
1,1,1,1,1,1 1 1
1 
#1 
6	% 
 1 0 0 0 0 0
 0 1 0 0 0 0
 0 0 1 0 0 0
 0 0 0 1 0 0
 0 0 0 0 1 0
 0 0 0 0 0 1
2-1;1,1,1,1 1 2
4 
#2 
6	% 
  0 0 0 -1 0  1
  0 0 0  0 0  1
  1 0 1  1 1  1
  0 0 0  0 1  1
  1 1 0  0 0  0
 -1 0 0  0 0 -2
6	% 
  1  0  0  0 -1  0
  1  0  0  0  0  0
  0 -1  0  0 -1 -1
  1 -1 -1  0 -1  0
  0  0  1 -1  0  0
 -1  1 -1  0  1  1
1,1,1,1,1;1 1 2
14 
#5 
6	% 
  0  0  0  1 1 1
  0 -1  0  0 0 0
 -1 -1  0  1 0 0
  0  0  0  1 0 1
  0  1 -1 -1 0 0
  0 -1 -1  1 0 1
6	% 
 -1  0  0 1  0 -1
 -1 -1  0 0  0  0
 -1  0  0 0  1 -1
 -1  0  1 0  0 -1
  1  0 -1 0 -1  1
 -1  0  1 0  1 -2
6	% 
  0 0  1 -1 0  0
  1 0  1  0 1  0
  1 0  1  0 0  0
  1 0  0 -1 0 -1
 -1 1 -1  1 0  0
  2 1  1 -1 1 -1
6	% 
 -1  0  0 -1 -1 -1
 -1  0  0 -2 -1 -1
 -1  0  0 -1 -1 -2
  1 -1  1 -1  0 -1
  0  0 -1  2  1  2
 -1 -1  1 -2 -1 -2
6	% 
  0  0  0  0  1  0
  1  0  0  0  0  0
  0 -1 -1 -1  0 -1
  1  0  0  0  1 -1
 -1  1  1  0 -1  1
  1 -1  0 -1  1 -1
1,1,1;1,1,1 1 2
1 
#1 
6	% 
 -1 0  0  0 -1  0
  0 1  0  0  1 -1
  0 0  0 -1  0 -1
  0 0 -1  0  0  0
  1 0  1  0  0  1
 -1 0  1  0  0  0
1,1,1,1;1,1 1 2
6 
#3 
6	% 
 1  0 1 0  1 -1
 0  0 0 0  0 -1
 1  0 0 1  1  0
 0 -1 0 0 -1  1
 0  1 0 0  0  0
 1  1 0 0  1 -1
6	% 
 0 1  0 0  0  1
 0 0  0 0 -1  0
 1 0  0 0  1  1
 0 0 -1 1  0  0
 0 0  1 0  0 -1
 0 0  1 0  0  0
6	% 
  0  1 0 -1  0  0
 -1  1 0 -1 -1  0
  0  1 0  0  1 -1
  0  0 1  0  0  0
  1 -1 0  1  0  1
 -1  1 0 -1  0  0
2-1',2-1';1,1 1 3
6 
#1 
6	% 
  2  2  1 -1  0  0
 -1 -2 -1  0 -1  1
  0  0  0  1  1  0
  0  1  1  1  1 -2
 -1 -2 -1  0 -1  2
  1  1  1  0  1  0
2-1;1,1,1;1 1 6
24 
#5 
6	% 
 0  0 0 -1  0  1
 1  1 0  1  1  0
 0  0 1  1  0 -1
 0 -1 0  0 -1  1
 0  1 0 -1  0 -1
 0  0 1 -1  0  0
6	% 
 -1  0  1 -1 -1  0
 -1  0  0 -1  0  0
  0  0 -1  0  0  0
  0 -1  0  0 -1  1
  0  0  0  1  1 -1
  0  0  1  0  0 -1
6	% 
 1 0  0  0  2  0
 0 0  0  1 -2 -1
 0 1  0  0 -2 -1
 0 0 -1 -1  0  1
 0 0  0  1  2  0
 1 1  0  0  3  0
6	% 
 -1  0 -1 -1 -1  0
  1  1  1  1  1 -1
  1  0  2  1  1  0
  0 -1  0  0 -1  1
  0  1 -1 -1  0  0
 -1  0 -1 -2 -1  0
6	% 
 -2 1  0  0 -1 -1
  0 0  0  1  0  0
  2 0  0  0  1  2
  0 0 -1 -1  0  1
  0 0  0  1  0 -1
 -1 1  0  0 -1 -2
2-1;1,1,1;1 1 5
3 
#1 
6	% 
  0  0  0 -1 0  0
  0  0 -1 -2 0 -1
  0  1  1  1 0  0
 -1 -1  0  0 0  0
  1  2  0  0 1 -1
  1  1  1  1 1  0
2-1;1,1,1;1 1 7
1 
#1 
6	% 
 1  0 0 0  1  0
 0 -1 0 0 -1  1
 0  0 1 0  0 -1
 0  0 0 1  0  0
 0 -1 0 0  0  1
 0  1 0 0  0  0
1,1,1,1;1,1 1 3
53 
#8 
6	% 
 -1  0  0 -1 -2 -1
  0  0  0 -1  0  0
  0 -1  1  0  0  0
  0  0 -1  1  1  1
  0  0 -1 -1 -1  0
 -1 -1  1  0 -1  0
6	% 
 -2  0  1  0  1 -2
 -2  0  1 -1  2 -2
  1  1  0  0  1  1
  1 -1 -1  1 -2  1
 -2 -1  1 -1  1 -2
  0  1  0  0  0  1
6	% 
 0  0 -1  1  0  1
 0  0  0  1  0  0
 1  1  1  0 -1  1
 0  0  0 -1  1  0
 0  0  0  1  1 -1
 0 -1 -1  0 -2  1
6	% 
 -2  1  0 -1 -1  1
  0  0  0 -1  0  1
  3  1 -1  1  1  1
 -1 -1  1  1  0 -1
 -1 -1  1 -1  0  0
  0  2 -1 -1 -1  0
6	% 
  1  0  2  0 1 -1
  0  0 -1 -1 0  1
  0  0 -1  0 0  1
 -1  0  0  1 0 -1
  0 -1  0 -1 0  1
  0  0  1  0 0  0
6	% 
 -1  0 -1 -1 -1  1
  0 -1  0  0 -1  1
  1  0  0  1  0 -2
  0  0  0  0  1  0
  0  0  0  0 -1  1
 -1  0 -1  0  0 -2
6	% 
  1  0  0  0  0  0
 -1  0 -1 -1  0 -1
  0  1  0  0  1 -1
  0 -1  0  1 -1  1
 -1 -1 -1  0  0  0
  1  1  0  0  0  0
6	% 
  0 -1 -1 -1 -1  0
  0  0  0  0  0 -1
 -1  0  0  1  0  0
  1  0  1  0  1  1
 -1  0  0 -1 -1 -1
  0 -1 -1  0  0  0
2-1;1,1;1,1 1 5
12 
#3 
6	% 
 0 1  0  0  1 -1
 0 0  0  1  0 -1
 0 0  0  0 -1  0
 0 0 -1 -1  0  1
 0 0  0  1  0  0
 1 0  0  0  0  1
6	% 
 0  0  1 1  0 -1
 1  1  0 0  1  1
 0  0 -1 0  0  1
 0 -1  0 0 -1  1
 0  1  0 0  0 -2
 0  0 -1 0  0  0
6	% 
  0 0 1  0  0  1
 -1 0 0 -1 -2  1
 -1 0 0 -1 -1  0
  0 1 0  0  1 -1
  2 0 0  1  1  0
  1 0 0  1  1 -1
1,1,1;1,1,1 1 3
33 
#5 
6	% 
  2  3  2  0  1 -2
  0  0  0 -1  0  0
  1  1  1  1  1 -1
 -1 -2 -1  0 -1  1
  0 -1 -1  1  0  1
  1  2  1  0  1 -2
6	% 
  0 1  0  0  1  1
  0 0 -1 -1  0  1
  1 0  1  1  0  0
 -1 0  0 -1 -1  0
  0 0  1  1  1 -2
 -1 0  0 -1 -1  1
6	% 
 -1 -2 -1 -1 -1  2
  0  0  0  0  1  1
  1  0  0  1  0 -1
  0  1  1  0  0 -1
  1  0  0 -1  0  0
 -1 -1 -1  0 -1  1
6	% 
  1  0  0 -1  2  0
  1  2  1  0  1  1
  0 -2 -1  0 -1  0
  0  1  1  0  0  0
 -2 -2 -1  0 -1 -1
  1  1  1  0  1  0
6	% 
 -2 -1  0  0  1 -1
 -1  0  0  0 -1  0
  0  0  0  0  1 -1
  1  1  0 -1 -1  1
  1  0  0  0  0  0
 -2 -1 -1  0  0  0
2-1',2-1';1;1 1 5
6 
#1 
6	% 
  2  2  1  1  0 -1
 -1 -2  0 -1 -1  1
 -1 -1  0 -1 -1  1
 -1 -1 -1 -1  0  1
 -1 -2  0 -1 -1  2
 -1  0 -1  0  0  0
2-1;1,1;1,1 1 10
6 
#1 
6	% 
  0  0 0 1  0 -1
  0 -1 0 0  1 -3
 -1 -1 0 0 -2 -2
  0  0 1 0  0  0
  0  0 0 0 -1  1
  0  0 0 0  1  0
2-1;1,1;1,1 1 8
6 
#1 
6	% 
  0 -1  0 0 -1  1
  1  2  0 0  1 -1
  1  0  0 1  1 -1
  1  1  0 1  1 -1
 -1  0 -1 0 -1  0
  1  1  1 0  1 -1
1,1,1;1,1,1 1 4
12 
#1 
6	% 
  0  1  1 -1  0 -1
  0  1  1 -1  1 -1
  0 -1 -1  2 -1  1
  1  1  1 -1  1 -1
 -1 -1 -2  1  0  1
  1  1  1 -1  0  0
2-2;1,1,1,1 1 2
4 
#1 
6	% 
  0  0  0 -1 -1 -3
  0  0  1  0  0  0
  0  0  1  1  0  0
 -1 -1 -1  0  0  2
 -1  0  1  0 -1 -2
  0  1 -1  0  1  1
2-2;2-1;1,1 1 4
4 
#1 
6	% 
 0 0 0 1 0  0
 0 0 0 0 0 -1
 0 0 1 0 0  0
 1 0 0 0 0  0
 0 0 0 0 1 -1
 0 1 0 0 0 -1
1,1,1,1;1;1 1 6
6 
#3 
6	% 
  1 0  0 0 -1  0
  1 0  0 0  0  0
  0 1  0 0  0  0
 -1 0  0 1  1  0
  1 0  1 0 -1 -1
  0 0 -1 1  0  0
6	% 
  1  1 0 0 0  0
  1  0 0 1 0  0
  2  1 0 0 1  0
 -2 -1 1 0 0 -1
  2  1 0 0 0  1
  0  0 1 0 0 -1
6	% 
 -1  0 0 -1 -1 1
  0  0 1  0  0 0
  0  0 0  0  0 1
  1  0 0  0  0 0
  0  1 0  0  0 0
  0 -1 0  0 -1 1
1,1,1;1,1;1 1 11
138 
#15 
6	% 
 -2 -2 0 -4 -2  3
 -1 -2 0 -2 -1  2
  4  5 0  7  4 -6
 -1 -1 0 -2 -1  1
 -1 -1 0 -1  0  1
 -1 -1 1 -2 -1  1
6	% 
  0 0 0 0  0 -1
  1 0 0 0 -1  2
 -1 0 0 1  1 -2
  0 1 0 0  0 -1
  1 0 0 0  0  1
  0 0 1 0  0 -1
6	% 
  0  0 0 0  0 -1
  1  2 0 0  1 -1
 -1 -3 0 0 -1  4
  1  0 0 1 -1  0
  0  1 0 0  1 -1
  0  0 1 0  0 -1
6	% 
 0  0 0  0  0 -1
 0 -1 0  0  1 -2
 1  1 0  0  0  5
 0 -1 0 -1 -1  1
 0  0 0  1  1 -2
 0  0 1  0  0 -1
6	% 
  0 -2 0 -2 -2  3
 -1 -1 0 -2 -2  2
  1  4 0  6  5 -7
  0 -1 0 -1 -1  2
  0  0 0 -1 -1  1
  0 -1 1 -1 -1  1
6	% 
 0  0 0  2  0 -1
 0  1 0  0 -1  0
 0 -2 1 -1  2  0
 1  0 0  1  0  0
 1  1 0  0  0  0
 0  0 0  1  0  0
6	% 
  2  0  0 0  0  1
  4  1  0 0  1  1
 -9 -1  0 1 -1 -4
  1  0 -1 0  0  1
  2  1  1 0  0  0
  1  0  0 0  0  1
6	% 
  0  0 0 -2  0  1
 -2 -1 0 -2 -1  1
  3  2 0  6  1 -3
  0  1 1 -1  1 -1
 -1  0 0 -1  0  0
  0  0 0 -1  0  1
6	% 
 -1 0 -2  0  1 -1
  0 0 -2  0  0  1
  1 0  5  0 -1 -1
 -1 0 -1 -1  0  0
  1 0 -1  1  1  0
  0 1 -1  0  1 -1
6	% 
 -1 0 0 -2 -1  1
 -2 0 0 -2 -2  1
  4 0 1  5  4 -3
  0 0 0 -1 -1  1
 -1 0 0 -1 -1  1
  0 1 0 -1  0  0
6	% 
  1 0 0  0 -1  1
  1 0 0 -2 -1  2
 -2 0 1  3  2 -4
  0 0 0  0 -1  1
  0 0 0 -1 -1  1
  1 1 0  0  0  0
6	% 
 -1 0  0 -2 -1  1
 -1 0  0 -2 -1  2
  2 0  0  5  2 -4
 -1 0  0 -1  0  0
 -1 0 -1 -1  0  1
  0 1  0 -1  0  0
6	% 
  1 0  0  0  1  1
  2 0 -1  1  2 -1
 -4 0  1 -1 -4  0
  1 0  0  0  0  1
  1 0  0  1  1 -1
  1 1  0  0  1  0
6	% 
  1 -1  2 0  0  2
  1 -1  2 0  0  1
 -3  3 -5 0  0 -5
  1  0  1 1  1  0
  0 -1  1 0 -1  1
  1  0  1 0  0  1
6	% 
  1  1  2  0  2 -2
  2  2  4  2  4 -5
 -4 -4 -7 -3 -8  9
  0  1  1  0  1 -3
  1  1  2  1  2 -2
  1  1  1  0  1 -1
2-2;1,1,1;1 1 5
20 
#3 
6	% 
 0 0  0 -1 0 0
 0 0 -1  0 0 0
 0 0 -1  0 0 1
 0 0  0  1 1 1
 0 1  0  1 0 1
 1 0  0  1 0 2
6	% 
  1  1  0  1  1 -1
  1  1  1  1  1 -2
 -1 -1 -1 -1 -1  1
 -2 -2 -1 -2 -1  2
 -2 -1 -1 -2 -2  2
 -1 -2 -1 -2 -2  3
6	% 
  1  1  1  1  1  2
  1  1  0  1  1  2
 -1 -1 -1  0 -1 -2
 -2 -2 -1 -1 -1 -4
 -2 -1 -1 -1 -2 -4
 -1 -2 -1 -1 -2 -3
1,1,1,1;1;1 1 5
53 
#8 
6	% 
  1  1  0  0  1  2
  1  1  0  1  1  1
  1  1  0  0  0  1
 -1 -1 -1 -1 -1 -1
  1  1 -1  1  1  2
  0 -1  0  0 -1  0
6	% 
 -1  1  0  0 -2  0
 -2  1  0 -1 -3 -2
 -1  0  0  0 -2  0
  2 -1 -1  1  3  2
 -2  1 -1 -1 -3 -1
  1 -1  0  0  1  1
6	% 
  1  0  0  0  1  0
  0 -1  0  0  1  0
 -2 -1  1 -1  0 -1
  1  1  0  1 -1  0
 -1 -1  1  0  1 -1
  2  1 -1  1  0  0
6	% 
 -1  1  1  2  1 -3
 -2  1  1  1  1 -3
 -1  1  1  1  0 -2
  2 -1 -1 -2 -1  4
 -2  1  1  2  1 -3
  1  0 -1 -1 -1  2
6	% 
 -1 -1  0 -2  0  1
 -2 -1 -1 -3 -1  2
 -2 -1  0 -3  0  1
  3  2  1  4  1 -3
 -3 -2 -1 -4 -1  2
  2  2  0  3  1 -2
6	% 
 1 0 0 0  0 -1
 1 0 0 0 -1  0
 1 1 0 0  0 -1
 0 0 1 0  2  0
 0 0 0 1 -2 -1
 0 1 0 0  1  0
6	% 
  0  0  0 -1  0  1
  0  0 -1 -1  0  3
 -1 -1 -1 -1  0  0
  1  0  1  2  0 -1
  0  0 -1 -2  1  1
  0 -1  1  1 -1  1
6	% 
  0  1  0  0 1  0
 -1  1 -1  1 0 -2
 -1  1 -1  0 0  0
  2 -1  1 -1 0  1
 -1  2 -1  1 0 -1
  1 -1  0 -1 0  1
1,1,1;1,1;1 1 6
3 
#2 
6	% 
  2  0 0 0 0  1
  2  1 0 0 1  0
 -3 -1 0 0 0 -1
  1  0 0 0 0  0
  0  0 0 1 0  0
  1  0 1 0 0  0
6	% 
  2 0 0 0  0  1
  2 1 0 0  1  0
 -3 0 0 0 -1 -1
  1 0 1 0  0  0
  0 0 1 1  0 -1
  1 0 0 0  0  1
1,1,1;1,1;1 1 7
42 
#7 
6	% 
  0  0 0 0 0  1
 -1 -1 0 0 0 -1
  2  2 0 1 0  0
  0 -1 0 0 0  0
  1  0 0 0 1  0
  0  0 1 0 0  0
6	% 
 0  2 0  2  2 -3
 0  1 0  2  1 -2
 0 -1 1 -3 -1  2
 1  1 0  1  1 -1
 1  1 0  0  0  0
 0  1 0  1  1 -1
6	% 
  1 0 0 0 -1 -1
  0 0 0 0 -2 -1
 -1 0 0 0  6  3
  0 0 1 0 -1 -1
  0 0 1 1  0 -1
  1 1 0 0  0 -1
6	% 
 -3 0 0 0 -1 -1
 -4 0 0 0 -2 -1
  7 0 0 1  4  1
 -2 0 0 0 -1 -1
  0 0 1 0  0  0
 -1 1 0 0  0 -1
6	% 
  0  0 -1 1  0  1
  1  0  0 0  1  1
 -2  0  0 0 -2 -1
  0 -1  0 0  0  1
  0 -1  0 0 -1  1
  0  0 -1 0  0  1
6	% 
 -1  1 0 0 0  0
  0  0 0 0 0 -1
  2 -1 0 0 1  3
  0  0 1 0 0 -1
  0  0 1 1 0 -1
  0  1 0 0 0  0
6	% 
 -1 -1 0 -2 -2  2
  0  0 0 -2  0  1
  0  1 0  4  1 -3
  0  0 0 -1  0  0
  0  0 1  0  0  0
 -1 -1 0 -1 -1  1
1,1,1;1,1;1 1 12
72 
#6 
6	% 
 -2 -2 -2  2 -2  1
 -2 -2 -1  1 -2  1
  6  5  4 -4  5 -2
 -1 -1 -1  0 -1  1
  3  3  3 -1  2 -2
 -1 -1 -1  1 -1  1
6	% 
 -1 0 -2  2  1 -1
  0 0 -1  1  2 -1
  2 0  3 -3 -2  2
  0 0  0  1  1  0
  1 0  1 -2 -1  0
  0 1 -1  1  1 -1
6	% 
 -1 0 -2  2  1 -3
 -1 0 -1  1  1  1
  2 0  3 -3 -2  1
  0 0  0  1  1  0
  1 0  1 -2 -1  1
  0 1 -1  1  1 -2
6	% 
  1 -1  0  0 0  2
 -1  1  1  1 0  1
  0  0 -1 -1 0 -4
  0  1  0  1 1  0
  0  0  0 -1 0 -2
  1  0  0  0 0  1
6	% 
 0  2 1 1 0 -2
 1  0 0 0 1  0
 0 -2 0 0 0  1
 1  0 0 0 0  0
 0 -1 0 0 0  1
 0  1 0 1 0 -1
6	% 
  0  0  1  1  0  2
 -1  0  0  0  1  2
  1  0 -2 -2 -1 -7
  0  0  0  0  1  1
  0 -1 -1 -1 -1 -3
  0  0  0  1  0  1
1,1,1;1,1;1 1 10
66 
#8 
6	% 
  0 -1  1 -1  1  0
 -2 -2  1 -1  0  0
  3  4 -2  2 -1  0
  0  0  1  0  1 -1
 -1 -1  0 -1  0  0
  0  0  0  0  0 -1
6	% 
  0  0 -2 0  0  1
  0  1 -2 0  1  0
  0 -1  5 1 -1 -2
  0  0 -1 0  0  1
  0  0 -1 0  1  0
 -1 -1  0 0  0  0
6	% 
  0  0 -1  1  0  0
 -1 -1 -1  1 -2  1
  1  2  3 -3  3 -2
  0  0  0  1  0  0
 -1 -1 -1  0 -1  0
 -1 -1  0  0  0  0
6	% 
  0  0 0 0  0  1
  1  0 0 0  1  1
 -1  0 0 1 -1 -3
  0  1 1 0  1 -1
  0 -1 0 0  0  1
 -1 -1 0 0  0  0
6	% 
  0  0  1 -1  0 -1
  1  0  1 -1  1 -2
 -1  0 -2  2 -1  4
  0  0  1  0  0 -1
  0 -1  0 -1  0  0
 -1 -1  0  0  0  0
6	% 
 -1 0  0 0 -1 -5
 -1 0  0 0 -1 -6
  3 1  0 0  3 15
  0 0  0 0 -1 -2
  0 0  0 1 -1 -3
  0 0 -1 1  0  0
6	% 
  0 -1 0  0  1  1
  2  0 0  0  2  1
 -3  1 0  0 -4 -3
  0 -1 0  0  0  1
  1  0 0 -1  1  1
  0  0 1 -1  0  0
6	% 
 -1  1  0  0 0 -1
 -1  1  1  1 0 -2
  3 -2 -1 -1 1  3
 -1  0  0  0 0  0
  0  1  0  1 0 -1
  0  0 -1  1 0  0
1,1,1;1,1;1 1 9
8 
#2 
6	% 
  0  0  0 0  0 -1
  0  0  1 1  0  0
  0  0 -1 0  0  1
  1  0  0 0  2 -1
 -1 -1  0 0 -2  1
 -1 -2  0 0 -1  1
6	% 
  2 0  0  0  0  1
  2 1  0  0  1  0
 -3 0  0  0 -1 -1
  1 0 -1  1  0 -2
  0 0  0 -1  0  2
  0 0 -1 -1  0  1
1,1;1,1;1;1 1 25
12 
#1 
6	% 
  1  1 1 -1  1  2
 -1 -2 0  0 -1  1
  0  0 0  1  0 -2
 -1 -1 1 -1 -1  3
  0  0 1  0  0  1
  1  1 0  0  2 -1
1,1;1,1;1;1 1 24
18 
#2 
6	% 
  0 0 -1 1  0  0
 -1 1  0 0  0 -1
  1 0  0 0 -1  1
  1 0  0 0  0  0
  1 0  1 0  0  0
  0 0 -1 0  0  1
6	% 
  0  0  0 1  0  1
 -1 -1  0 0 -2  1
  1  2  0 0  1 -1
  1  1  1 0  1 -1
  1  1  0 0  1 -1
  0  0 -1 0  0  1
1,1;1,1;1;1 1 10
6 
#1 
6	% 
  3  2 0 0  1  0
 -1 -1 0 0 -1  0
 -2 -1 0 0 -1  0
  0  0 0 1  0 -1
  0  0 1 0  0  0
 -1 -1 0 0 -1  1
1,1;1,1;1;1 1 12
9 
#2 
6	% 
  0 0 1 -1 0  0
  1 1 0  0 0  0
 -1 0 0 -1 0  0
  1 1 0  0 1 -1
  0 0 0 -1 0  0
  0 0 0  1 0 -1
6	% 
  0 0  0 -1 0  0
  1 1  0  0 0  0
 -1 0  0 -1 0 -1
  1 1 -1  0 1  0
  0 0 -1 -1 0  0
  0 0 -1  1 0  1
1,1,1;1,1;1 1 5
3 
#1 
6	% 
 0 0 0  2 0  1
 0 0 1  2 0  2
 0 0 0 -3 0 -2
 1 1 0  1 1  0
 1 0 0  0 1  0
 0 1 0  0 1 -1
2-2;1,1,1;1 1 6
4 
#1 
6	% 
  0  0  0 -1  0  0
  0  0 -1 -1  0 -1
  1  1  0  0  0  0
  0  0 -1 -1 -1  0
  0 -1  0  0 -1  1
 -1  0  1  1  0  0
1,1,1;1;1;1 1 4
1 
#1 
6	% 
 0  0  1  0 0  0
 0  0 -1  1 0  0
 0  0  0 -2 0 -1
 1  0  0  2 1  1
 0  0  0  1 1  0
 0 -1  0  1 0  1
1,1;1,1;1,1 1 4
9 
#2 
6	% 
  0 0 1  1 0 -1
 -1 1 0  0 2 -2
  1 0 0  0 0  1
  0 0 0 -1 0  0
  0 0 0  1 0 -1
  0 0 0  0 1  0
6	% 
  0  0 1  0  0  1
  0 -1 0  0 -1  1
 -1  1 0 -1 -1  0
  1  0 0  1  1 -1
  1  0 0  1  1  0
 -2 -1 0 -1 -2  1
1,1;1,1;1,1 1 6
6 
#1 
6	% 
 -1 1 0  0  2 -2
  0 0 0  0 -1  1
  1 0 0  0 -1  1
  1 0 0 -1  1 -1
  1 0 1  0  1  1
  0 0 0  0 -1  0
1,1,1;1;1;1 1 8
24 
#5 
6	% 
 -1  0 -1 -1 -1  1
  1  0  2  1  1 -1
 -1 -1 -1  0 -1  1
 -1 -1  0  0  0  0
 -1  0 -2 -1 -1  2
  0 -1  1  0  0  0
6	% 
  0  0 0 -1  0  1
  1  0 1  1  1 -1
  0  0 0 -1 -1  1
  0 -1 0  0 -1  1
 -1  0 1 -1 -1  0
  1  0 0  1  0  0
6	% 
  0  0 0 0  0  1
 -1  0 0 1 -1 -1
  1  0 0 0  0  1
  0 -1 0 0 -1  1
  1  0 1 0  1  0
  0  0 0 0 -1  0
6	% 
 -1 -1 0 0 -1 -2
  2  2 0 0  1  2
 -1 -1 1 0 -1 -2
  0  0 1 1  0 -1
 -1 -2 0 0 -2 -1
  1  1 1 0  1  1
6	% 
  1 -1 0  0  2  0
 -2  1 0  0 -4 -1
  1 -1 1  0  2  0
  0  0 1 -1  0  0
  2 -2 0  0  3  2
 -1  1 1  0 -2 -1
1,1;1,1;1;1 1 20
12 
#3 
6	% 
  0 0 -1 1  0  0
 -2 0  1 0 -2  1
  1 0  0 0  1 -1
  0 0  0 0 -1  1
 -2 0 -1 0 -2  2
  0 1  0 0  0  0
6	% 
  0  0  1  0  0  0
  2  0 -1  3  2 -2
 -1  0  0 -2 -1  1
  0 -1  0  1  0  0
  2  0  1  3  2 -1
  1  0  0  1  0  0
6	% 
  1  0  0 0  1  0
 -1  0  0 0 -2 -2
  0  0  0 0  0  1
  0  0 -1 0  0  0
  1 -1  0 0  1 -2
  0  0  0 1  0 -1
1,1;1,1;1;1 1 21
6 
#1 
6	% 
  0 0  0  1  0 0
  1 0  2 -2  1 0
 -1 0 -2  2 -1 1
  0 1 -1  1  0 0
  0 0  1  0  0 0
 -1 0 -1  1  0 0
1,1,1,1;1;1 1 4
4 
#2 
6	% 
  0 0 0  1  0  0
  0 0 1  0  0  0
 -1 0 0 -3 -1  2
  1 0 0  2  1 -1
  0 0 0 -1 -1  1
  0 1 0 -1  0  0
6	% 
 0  1  0 0 0  0
 1  0  0 0 0  0
 0 -3  0 0 1 -1
 0  2  0 0 0  1
 0 -1 -1 0 0  0
 0 -1  0 1 0 -1
1,1;1,1;1;1 1 26
18 
#4 
6	% 
  0  0 -1 1  0  0
  1  0  1 0  1  2
  1  0 -1 0  1  3
 -1 -1  0 0 -1 -1
  1  0  0 0  0  2
 -1 -1  0 0  0  0
6	% 
  0  0  1  0  0 0
 -2  0 -1 -1 -2 0
 -2  0  1 -1 -2 1
  2  0  0  1  1 0
 -2 -1  0 -1 -2 1
  1  1  0  0  0 0
6	% 
 -1  0  0  0 -1  0
  1 -1  0  0 -1 -2
 -1 -2  0  0 -2 -2
  0  1 -1  0  1  2
  0 -1  0 -1 -1 -1
  0  0 -1  1  0  0
6	% 
 1  1  0  0  0  0
 0 -3  0 -1 -2  3
 0 -2  0 -1 -3  3
 0  2 -1  1  2 -2
 0 -2  0 -1 -2  2
 0  0 -1  0  0  1
1,1,1;1;1;1 1 16
42 
#7 
6	% 
 -1 0 0 -1 -1  1
 -2 0 1 -3 -2  2
  2 0 1  3  2 -3
 -1 0 0 -2 -2  2
 -1 1 0 -2 -1  1
  1 1 0  0  0  0
6	% 
 0 0  0  0 0 -1
 0 0 -1  0 0 -3
 0 0  0 -1 0  4
 1 0  0  0 0 -2
 1 1  0  0 1 -3
 1 1  0  0 0  0
6	% 
 -1 0 -1 -1 -1  1
 -3 0 -3 -2 -3  3
  3 0  3  2  3 -2
 -1 0 -2 -1 -2  2
 -1 1 -2 -1 -1  1
  1 1  0  0  0  0
6	% 
  0 -1 0 0 0  1
 -1 -2 0 0 0  1
  0  2 0 0 1 -2
  0 -1 0 1 0  1
  0 -1 1 0 0  1
  0  0 1 1 0 -1
6	% 
  1  0 0 0  1  2
  1  0 0 0  0  4
 -1 -1 0 0 -1 -3
  1  0 0 1  1  2
  1  0 1 0  1  2
  0  0 1 1  0 -1
6	% 
 1 0 0 -1  0 1
 0 1 0 -1  0 0
 0 0 0  1 -1 0
 0 0 0 -1  0 1
 0 0 1 -1  0 0
 0 0 1  0  0 0
6	% 
 1  0 0  0  1 0
 0 -2 0 -1  1 1
 0  1 0  1 -2 0
 0 -1 0 -1  1 1
 0 -1 1 -1  1 0
 0  0 1  0  0 0
1,1,1;1;1;1 1 12
3 
#1 
6	% 
 0 0 -1 -1  0  0
 0 0  0 -1  0  0
 0 0  0  0 -1  0
 0 1  0  0  0  0
 0 1  0  0  1 -1
 1 1  0  0  0  0
1,1;1,1;1;1 1 30
6 
#1 
6	% 
 -1 0 -1  0 -1 -1
  2 0  1 -1  1  1
 -1 0  0  1 -1  1
  2 0  1 -1  1  0
  0 1  0  0  1 -1
  1 1  0  0  0  0
2-1;2-1;1,1 1 8
3 
#1 
6	% 
 0 0  1 1 0 -1
 0 0 -1 0 0  1
 1 1  0 0 1  1
 1 1  0 0 0  0
 0 0 -1 0 0  0
 1 0  0 0 0  2
2-1;2-1;1;1 1 16
3 
#1 
6	% 
 0 0 0 1 0 -1
 0 0 0 0 1 -1
 0 1 0 0 1 -1
 1 1 0 0 1  0
 0 0 1 0 0 -1
 0 0 0 0 0  1
2-1,2-1;1,1 2 4
12 
#1 
6	% 
 -2  0  1 1  2 -3
  0 -2 -1 0 -2  3
  0  1  0 0  0  1
  0  1  0 0  1 -1
  0 -2 -1 0 -2  2
 -1  0  0 0  0  1
2-1,2-1;1;1 2 9
12 
#1 
6	% 
  0 0 0 1 0  0
 -1 0 0 0 0  0
  0 1 0 0 1 -1
  0 1 0 0 0 -1
  0 0 1 0 0  0
  0 0 0 0 0 -1
2-1,2-1;1,1 1 3
12 
#1 
6	% 
 0 -1 0  0 -1  1
 1  1 0  0  1  0
 1  0 0 -1  0  2
 1  1 1 -1  0  0
 0  1 0  0  0 -1
 1  1 1  0  1  0
2-1,2-1;1;1 1 5
12 
#1 
6	% 
  0  1  1  1  1 -2
 -1 -1 -1  0 -1  1
  1  0  0 -1 -1  2
  2  2  1 -1  0  0
  0 -1 -1  0  0  1
  1  2  1  0  1 -1
2-1;1,1;1;1 1 21
9 
#2 
6	% 
  0 0  0 1 0  0
  0 0  0 0 1 -1
  1 1  0 0 0  0
 -1 0 -1 0 0  0
  0 0 -1 0 0  0
  0 0 -1 0 0  1
6	% 
  0 0 1  1 0 -1
  0 0 0  1 1 -1
  1 1 0  0 0  0
 -1 0 0  0 0 -1
  0 0 0  1 0 -1
  0 0 0 -1 0  0
2-1;1,1;1;1 1 29
12 
#3 
6	% 
  0 -1 0  0 -1  1
 -1  0 0  0  0 -2
  0  0 0  0  1  1
  0  0 1  0  0 -1
  0  0 0  1  0  0
  0  0 1 -1  0  0
6	% 
  1  1 0  0  0  0
 -1 -1 0 -1 -1  1
  0 -1 0  1  0  0
  0  0 1 -1  0  0
  0  0 0  1  0  0
  0  0 1  0  0 -1
6	% 
  0 0  1 1 0 -1
  0 0 -1 0 0  0
  0 0 -1 0 0  1
  1 1  0 0 1  0
 -1 0  0 0 0 -1
  1 1  0 0 0  0
2-1;1,1;1;1 1 22
6 
#1 
6	% 
  0  1  0  0  1 -1
  0 -1  0  0  0  1
  0  1  0 -1  0  0
  0 -1  0  0  0  0
  0 -1 -1  0  0  1
 -1 -2  0  0 -1  1
3;1,1,1 2 2
1 
#1 
6	% 
  0  0 1 1  0  1
  0  0 0 1  0  1
 -1 -1 0 0 -1  1
  0  1 0 0  1 -1
 -1 -1 0 0 -2  1
 -1 -1 0 0 -1  0
2-1;1,1;1;1 1 19
6 
#1 
6	% 
  0  1  0 0  1 -1
 -1 -2  0 0 -1  1
  0  0  1 0  0  0
  0 -1 -1 1  0  0
  0  0  0 1  0 -1
 -1 -1 -1 1 -1  0
1,1;1,1;1;1 1 38
18 
#2 
6	% 
 0 -1  0 0 1 -1
 1 -1  0 0 0  2
 0  1  0 0 0 -1
 0  1 -1 0 0  0
 0 -1 -1 0 0  1
 0  0 -1 1 0  0
6	% 
  2 0 0 -1 1  1
  2 1 0  1 0  0
 -1 0 0 -1 0  0
 -1 0 0  0 0 -1
  1 0 0  0 0  0
  0 0 1  0 0 -1
1,1;1,1;1,1 1 9
18 
#2 
6	% 
  0  0  1 1 0 -1
 -1  0  0 0 0 -1
  0  0  0 0 1 -1
  0 -1  0 0 0  0
  0 -1 -1 0 0  1
  0  0  1 0 0  0
6	% 
  0  0 -1  0  0  0
  0 -1  0 -1  0  1
  0  0  0  1 -1  0
  1  0  0  1  0  0
  0  0  1  1  0  0
 -1  0 -1  0  0 -1
1,1;1,1;1;1 1 35
6 
#1 
6	% 
  0 -1 0  0 1 -1
  0  0 0 -1 0  1
 -1  1 0  0 0 -2
  0  0 1  0 0  0
  0 -1 0  0 0  0
  0  1 0  0 0 -1
2-2;1,1;1,1 1 4
12 
#2 
6	% 
 0 0 1  1 0 -1
 0 0 0 -1 0  1
 0 0 0 -1 0  0
 0 0 0  0 1  0
 0 1 0  0 0  0
 1 0 0  0 0  1
6	% 
  0  0 -1  0  0 -1
  0  0  1  1  0  0
  0  0  1 -1  0  1
  0  0  0 -1 -1  1
  0 -1  0 -1  0  1
 -1  0  0 -1  0  0
1,1,1;1;1;1 1 18
1 
#1 
6	% 
  0 1  0  0  1 -1
 -1 0  0  0 -1  0
  2 0  0  0  0  1
 -1 0  0  0  0 -1
 -1 0 -1  0  0  0
 -1 0  0 -1  0  0
1,1,1;1;1;1 1 13
1 
#1 
6	% 
  1  1  0 0  0 0
 -1  0  0 0 -1 0
  0  1 -1 0  0 0
  0  0  0 1  0 0
  0  1  0 0  0 0
  0 -1  0 0  0 1
2-1;1,1;1;1 1 28
6 
#1 
6	% 
  0 0 1 0  0 -1
  1 0 0 0 -1  1
 -1 1 0 0  0 -1
  0 0 0 1  0  0
 -1 0 0 0  0  0
  1 0 0 0  0  1
2-1;1,1;1;1 1 17
3 
#1 
6	% 
 -1  0 0 0 -1  0
  1  0 0 0  0  0
  0  0 0 1  0 -1
 -1 -1 0 0 -1  1
  0  0 1 0  0 -1
  0  0 0 0  0  1
2-2;2-1;1;1 1 12
4 
#1 
6	% 
  1  0 1 0  0  0
 -1  0 0 1  0 -1
  1  0 0 0  0  1
  0 -1 0 0 -1  1
 -1 -1 0 0  0  0
  1  0 0 0  1  0
2-1;1,1;1;1 1 30
6 
#1 
6	% 
  1  0 1 0  0  1
 -1  0 0 1  0 -2
  0  0 0 0 -1  1
  0 -1 0 0 -1  2
 -2  0 0 0  1 -4
 -1 -1 0 0  0 -1
1,1;1,1;1;1 1 37
54 
#5 
6	% 
  0  0 -1  0  0 0
  0 -1  0  0 -1 1
 -1  0  0 -1 -1 1
  1  0  0  1  0 0
  1  0 -1  1  1 0
  0 -1  0  1  0 0
6	% 
 -1 0 -1  0 -1  1
 -1 1  0  0 -1  0
  0 0  0 -1  2 -1
 -1 0  0  0 -2  1
  1 0 -1  1 -1  1
  1 1  0  0  0  0
6	% 
  0  0  1  0  0 -1
  0 -1  0  0 -1  1
 -1  0 -1 -1 -1  1
  1  0  0  1  0  0
  1  0  0  1  1 -1
  0 -1  0  1  0  0
6	% 
 0  1  0  0  0 -1
 0  0 -1  0  0  0
 0 -1  0 -1 -1  2
 0  0  0  1  0 -1
 1  1  0  1  1 -1
 0  0 -1  1  0  0
6	% 
 -1  1  0  1  0 -1
 -1  2  0  1  0 -2
  1 -1  1 -1  0  1
 -2  1 -1  1 -1 -1
  0  0 -1  0  0  1
  0  0 -1  0 -1  1
1,1,1;1;1;1 1 17
18 
#2 
6	% 
  0  0  0  1  0 -1
 -1  0  0 -1  0  1
  0  0 -1  0  0  0
  0 -1  0  1 -1  0
  0  1  0  0  0  0
  0  0  1  0  0 -1
6	% 
  0  0  1  1  0 -1
 -1  0 -3  2  1  0
  1  1  1 -1  0  0
  0  0  2 -1 -1  0
  0  0 -1  1  1  0
  0 -1  1 -1 -1  1
1,1;1,1;1,1 1 12
18 
#2 
6	% 
  0  0 -1  0  0 0
 -1 -1  0  0  0 0
 -1  0  0 -1 -1 1
 -1  0  0 -1  0 0
  1  0 -1  1  1 0
 -1 -1  0 -1 -1 1
6	% 
  0 -1 -1  0  0  1
  1  0  1  0  1 -1
 -1  0  0 -1  0  0
  0  0  0 -1  2 -1
  0 -1 -1  1 -1  1
 -1  0  1 -1  1 -1
1,1,1;1;1;1 1 15
24 
#2 
6	% 
  0 -1  1 -1  1 0
  0  0 -1  1 -1 1
  0  0 -1  0 -1 1
 -1 -1 -1  1 -2 1
  0  0  0 -1  1 0
  0  0  1 -1  1 0
6	% 
  0  1  0  0  0  1
 -1 -1  0  0  0 -2
  0  0  0 -1  0  0
 -1 -1  0  0 -1 -1
  0  0 -1  0  0  1
  0  1  0  0  1  1
1,1;1,1;1;1 1 28
60 
#5 
6	% 
  0  0 0 1 -2  1
  0  0 0 0 -1  0
  2  0 1 0  0  0
 -1 -1 0 0 -1  1
 -1 -1 0 0  0  0
  0  1 0 0  1 -1
6	% 
 -1 -2  0 1 -1  1
  0 -1  0 0  0  1
 -1 -2 -1 0 -1  1
  1  0  0 0  0  0
  1  1  0 0  0  0
  0  1  0 0  1 -1
6	% 
 -2  0 -1 0  0 -1
 -1  0  0 1  0 -1
  0  0  1 0  2 -2
  0  1 -1 0  0  0
  1  1  0 0  0  0
  0 -1  0 0 -1  1
6	% 
 -1 0  1  0  1 -3
  0 1  0 -1  1 -1
 -1 0 -1  0  1 -2
  1 1  1  0  1 -1
  1 0  0  0  0  1
  0 0  0  0 -1  1
6	% 
 -2 -1 -1 0 -4  2
 -1  0  0 1 -2  0
 -1  1  1 0 -3  0
  0  0 -1 0  0  0
  1  0  0 0  2 -1
  1  0  0 0  2  0
1,1;1,1;1,1 1 10
24 
#2 
6	% 
  0  1  0 0  1 0
  0  0  0 1 -1 0
 -1 -1  0 0 -1 0
  1  1  0 0  0 1
  0  1  0 0  0 0
 -1  0 -1 0  0 0
6	% 
 0 0  0  0 -1  1
 0 0 -1  0  0 -1
 1 1  1 -1  2 -1
 0 0  0  0 -1  0
 0 1  1 -1 -1  0
 0 0  0  1  0  1
1,1;1,1;1;1 1 27
18 
#2 
6	% 
  0  0 -1  0  0 -1
  0  1  0  1  0 -1
 -1 -3  0 -2 -2  3
 -1 -2 -1 -1 -1  1
  1  3 -1  2  1 -3
 -2 -3  0 -2 -1  2
6	% 
  0  0 1 1  0 -1
  0 -1 0 0 -1 -1
  1  3 0 0  1  4
  1  2 1 0  1  2
 -1 -3 1 0 -2 -4
  2  3 0 0  2  4
2-1;1;1;1;1 1 13
1 
#1 
6	% 
 0 0 0 1 0 -1
 1 0 0 0 0  0
 1 0 0 0 1  0
 1 1 0 0 1  0
 0 0 1 0 0 -1
 0 0 0 0 0  1
2-1;1,1;1;1 1 12
6 
#2 
6	% 
  0  0  1 1  0 -1
 -1  0 -1 0 -1  0
  0  0  0 0 -1  0
  0 -1  0 0 -1  1
  1  0 -1 0  1  1
  1  0  0 0  0  1
6	% 
 0 1  0  0  1 -1
 0 0  0  0 -1  0
 0 0 -1  0  0  1
 0 0 -1 -1  0  1
 1 0  0  0  0  1
 0 0 -1  0  0  0
2-1;1;1;1;1 1 28
3 
#1 
6	% 
 -1  0 1 0  0 -1
  1  0 0 1  0  0
  1  0 0 0  0  1
 -1 -1 0 0  0  0
  1  0 0 0  0  0
  0 -1 0 0 -1  1
1,1;1,1;1;1 1 29
30 
#3 
6	% 
 -1  0  0 -2 -1  1
  0 -3 -2  1 -2  3
  1 -2 -2  1 -2  3
  0  1  1  0  1 -1
  0  1  1  1  1 -2
  0  0  0 -1  0  0
6	% 
  0 -1  0  0 -1  1
  0  1  0  0  0  0
 -1  0  0  0  0  0
  0  0  0  1  0 -1
  0  0 -1  0  0  0
  0  0  1 -1  0  0
6	% 
  0  0 -1  1  0  0
  1  0  0 -1  1  0
  1  0  1  0  1 -1
 -1  0  0  0  0  0
 -1 -1  0  0 -1  1
  1  1  0  0  0  0
1,1;1,1;1;1 1 13
6 
#1 
6	% 
 -1 1  0  0  2 -2
  0 0  0 -1  1  0
 -2 0 -1  1 -1 -1
  0 0  1  0  1 -1
  2 0  1 -1  1  0
  1 0  0  0 -1  1
1,1;1,1;1;1 1 14
18 
#2 
6	% 
  1  0 0 0  1  0
 -1  0 0 1 -1  0
 -1  0 0 0  0 -2
  0  0 0 0  0  1
 -1 -1 0 0 -1 -1
  1  0 1 0  1  0
6	% 
  0  2  1  1  2 -3
 -1 -2 -1  0 -2  2
  1 -1  1 -2  0  1
 -1  0 -1  1 -1  0
  1 -1  1 -2  0  2
 -1  1  0  1  1 -2
2-1;1;1;1;1 1 32
3 
#1 
6	% 
  0  0  0 0  1  0
 -1  0 -1 0 -1  0
  0 -1  0 0  0  1
  0  0 -1 0  0  0
  0  0  1 1  0 -1
  0  0  1 0  0 -1
2-1;1;1;1;1 1 21
3 
#1 
6	% 
  0 0 0 0  1 -1
 -1 0 0 0 -1  1
  0 0 0 1  0 -1
  0 0 1 0  0  0
  1 1 0 0  1 -1
  0 0 0 0  0  1
1,1;1,1;1,1 1 11
12 
#2 
6	% 
  1  0  0  0  1  1
 -1  1  1  1  1 -3
  0  2 -1  1  1 -2
  1  0 -1 -1 -1  2
 -1 -1  0 -1 -2  0
  0 -1  1  0  1  1
6	% 
  2  2  0  0  0 -1
 -1 -3 -1  0 -2  3
 -3 -1  0  1 -2  0
 -1  2  1  1  1 -3
 -3 -3  0  0  1  1
  5  2 -1 -1  0  1
1,1,1;1;1;1 1 9
6 
#1 
6	% 
  0  1 1 -1  1 -1
  0  0 1  0  1 -1
  1  1 1 -1  1  0
  1  1 1 -1  1 -1
 -1 -1 0  1 -1  0
  1  1 0  0  0  0
1,1;1,1;1,1 1 7
6 
#1 
6	% 
 -1  0  0  0 -1  0
  1  0 -1  0  0  2
  1  1  1  1  1 -1
  0 -1 -1 -1 -1  2
  0  0  1  1  1 -2
  0  0  0 -1 -1  2
1,1;1,1;1;1 1 31
6 
#1 
6	% 
  0 -1 -2  1 -1  2
  1  0  1 -2  1  0
  0  0 -1  1 -1  0
  0  0  0  0  0 -1
 -1  0  0  2 -1 -1
  0  1  1  1  0 -2
2-2;1,1;1,1 1 6
8 
#1 
6	% 
  1  1  0 1  1 -2
 -1 -1 -1 0 -1  0
  0  0  0 0 -1  1
  0 -1  0 0 -1  1
  1  1  0 0  0  0
 -1  0  0 0  0 -1
2-2;1,1;1;1 1 17
12 
#2 
6	% 
 0 0 1 -1 0  0
 0 0 1  0 0 -1
 0 1 0  0 0  0
 0 0 0  1 0  0
 1 0 0  0 0  1
 0 0 0  0 1  0
6	% 
  0  0 1  0  0  0
  0  0 1  1  0 -1
  0 -1 0  1  0  0
  0  0 0 -1  0  0
 -1  0 0  1  0 -1
  0  0 0  1 -1  0
1,1;1;1;1;1 1 51
6 
#1 
6	% 
  3 -3 0 0  2  2
 -2  3 0 0 -3 -1
  1 -1 0 0  1  1
  1 -1 1 0  1  0
  1 -1 0 1  1  0
 -2  2 0 0 -2 -1
1,1;1;1;1;1 1 50
9 
#2 
6	% 
  0 -1 0  0 -1  1
  0  0 1  0  0 -1
  2  1 0  1  2 -1
  1  0 0  1  1 -1
  1  0 1  1  1 -1
 -1  0 0 -1 -2  1
6	% 
 0 -1  0 0 -1  1
 0  0 -1 1  0  0
 0  1  0 0  0 -2
 0  0  0 1  0 -1
 0  0 -1 0  0  0
 1  0  0 0  0  2
1,1;1;1;1;1 1 52
18 
#2 
6	% 
  1   2 0  2  1 -2
 -5 -10 0 -8 -5  9
  0  -1 0 -1  0  1
 -3  -6 0 -5 -3  6
 -3  -6 1 -5 -3  5
  3   5 0  4  2 -4
6	% 
 -1 0 0 0  1 -2
  3 0 0 0 -3  5
  1 0 0 0  0  1
  2 0 1 0 -2  3
  2 0 0 1 -2  3
 -1 1 0 0  2 -3
2-2;1,1;1;1 1 19
12 
#2 
6	% 
  0  0 0 -1  0  0
 -1 -1 0  1 -1  1
  0  1 1  0  0 -1
  0  1 0  0  1 -1
  1  0 0  0  1  0
 -1 -1 0  0  0  0
6	% 
  0  0 1 -1  0  0
 -1 -1 0  1 -1  0
  0  1 0  0  0  0
  0  1 0  0  1 -1
  1  0 0  0  1  0
 -1 -1 0  0  0  0
1,1;1;1;1;1 1 39
9 
#2 
6	% 
  0  0  0  1  0  0
  1  1  0  0  0  0
  0  0 -1 -1  0  0
  1  0  0 -1  0  0
 -1 -1  0  1 -1  1
  0  0  1 -1  0 -1
6	% 
 0 0 1  1  0 -1
 1 0 0  0  1  0
 0 0 0 -1  0  1
 1 1 0 -1  1  0
 0 0 0  1 -1  0
 0 0 0 -1  0  0
3;1,1;1 2 7
3 
#2 
6	% 
  0  0  0  1  0  0
  0  0  1  0 -1  0
  0 -1 -1  0  0  1
 -1  0  1  0  0 -1
  0  0  1  1  0  0
  0  0  1 -1  0 -1
6	% 
  0  0 1  1  0 -1
  0  0 0  0 -1  0
  0 -1 0  0  0  1
 -1  0 0  0  0 -1
  0  0 0  1  0 -1
  0  0 0 -1  0  0
1,1;1;1;1;1 1 43
3 
#1 
6	% 
 1 1 0 0 0  0
 0 0 0 0 1 -1
 0 1 0 0 0 -1
 0 0 1 0 0  0
 0 0 0 1 0  0
 0 0 0 0 0 -1
1,1;1;1;1;1 1 37
12 
#3 
6	% 
 -1 -1  0 0 0 -3
  1  1  0 0 1  1
  0  1  0 0 0  1
 -2 -2  0 1 0 -6
  2  2  1 0 0  5
  0  0 -1 1 0  0
6	% 
 0 -3  0 -2 -3  4
 0  1  0  1  2 -2
 1  2  0  1  2 -2
 0 -5  0 -3 -5  6
 0  5 -1  3  5 -6
 0  0  1  0  0 -1
6	% 
  0  0  0 0 0 -1
  0  0  0 1 0  0
  0  0 -1 0 0  1
 -1  0  0 0 0 -3
  1  1  0 0 1  2
 -1 -1  0 0 0  0
1,1;1;1;1;1 1 15
3 
#2 
6	% 
 0 0 0 -1 0  0
 1 0 0  0 0  1
 1 0 0  0 1  0
 1 1 1  0 1 -1
 0 0 1  0 0  0
 0 0 1  0 0 -1
6	% 
 0 0 -1  1 0 0
 1 0  0  1 0 0
 1 0  0  0 1 0
 1 1  0  0 1 0
 0 0  0  1 0 0
 0 0  0 -1 0 1
1,1;1;1;1;1 1 30
6 
#1 
6	% 
  1 -1  0 0 0  1
 -1  0 -1 0 0  0
 -1  0  0 0 1 -1
  0  0  0 1 0  0
  1  0  0 0 0  1
 -1  0  0 0 0  0
1,1;1;1;1;1 1 21
3 
#1 
6	% 
 1  0 0 0 1  0
 0  0 0 0 1  0
 0  0 0 1 0 -1
 0 -1 0 0 0  1
 0  0 1 0 0  0
 0  0 0 0 0  1
2-2;1,1;1;1 1 16
8 
#1 
6	% 
 -1 -1 0 1 -1  0
  1  1 1 0  1 -1
  0  0 0 0  1 -1
  0  1 0 0  1 -1
 -1 -1 0 0  0  0
  1  0 0 0  0  1
1,1;1;1;1;1 1 32
12 
#1 
6	% 
  0  0 0 1  0 0
  0  0 1 0  0 0
 -1 -1 0 0 -1 1
  1  1 0 0  0 0
  1  0 0 0  1 0
 -1 -1 0 0 -1 0
1,1;1;1;1;1 1 33
6 
#1 
6	% 
  0  6  3 -4  5 -5
  0 -4 -3  2 -4  4
  0  2  1 -1  1 -2
 -1  0  0  0 -1  0
 -1 -1  0  0  0  0
  0  2  1 -1  1 -1
1,1;1;1;1;1 1 23
6 
#1 
6	% 
 0  1  0 -1  1  0
 1 -1  0  1 -1  1
 1  1  0  0  0  0
 1  2  1  0  2 -2
 0 -1 -1  0 -1  2
 0  0  1  1  0 -1
1,1;1;1;1;1 1 31
6 
#1 
6	% 
  0  0  0 1  0  0
  0 -1 -1 0  0  1
  0 -1  0 0 -1  2
 -1 -1  0 0  0 -1
  1  0  0 0  0  2
  0  0  0 0  1 -2
1,1;1;1;1;1 1 29
6 
#1 
6	% 
  0  0 0 1  0  0
  1  0 0 0  0  1
  0  0 1 0  0 -1
 -1 -1 0 0 -1  1
 -1 -1 0 0  0  0
  0 -1 0 0 -1  1
2-2;1,1;1;1 1 18
8 
#1 
6	% 
  0  0 -1  0  0  0
  0  0  0 -1  0  1
  0  1  0  0  1 -1
  1  0  0  0  1  0
 -1 -1  1 -1 -1  2
  0  0 -1  1  1 -2
1;1;1;1;1;1 1 21
3 
#1 
6	% 
  0  1  0 1  0 -1
  0  0 -1 0  0  0
 -1 -1  0 0  0  0
  0 -1  0 0  0  0
 -1  0  0 0 -1  0
  0  1  0 0  0 -1
1;1;1;1;1;1 1 34
3 
#1 
6	% 
 1 1 0  0 0  0
 1 1 0  0 1  0
 0 1 0  0 0  0
 0 0 0 -1 0  0
 0 0 1 -1 0  0
 0 0 0  1 0 -1
1;1;1;1;1;1 1 15
1 
#1 
6	% 
 0 0 -1 0 0  0
 1 0  0 0 0  0
 1 0  0 0 1  0
 0 0  0 1 0 -1
 1 1  0 0 1  0
 0 0  0 0 0  1
1,1;1;1;1;1 1 13
2 
#1 
6	% 
  0  0 0 1  0 -3
  0  0 0 0  0  1
  0 -1 0 0 -1  1
  0 -1 0 0  0  0
  0  0 1 0  0  2
 -1 -1 0 0 -1  0
1;1;1;1;1;1 1 28
1 
#1 
6	% 
 -1  0 0  0 -1  0
  0  0 0  1  1 -1
  0 -1 0  0  0  1
  0  0 0 -1  0  1
  0  0 1  0  0 -1
  0  0 0 -1  0  0
1,1;1;1;1;1 1 20
3 
#1 
6	% 
 0  0  0 0  0 -1
 0  0  0 0 -1  1
 0  0  0 1  0  0
 0 -1  0 0 -1  1
 0  0 -1 0  0  1
 1  0  0 0  0  0
3;1,1;1 2 6
2 
#1 
6	% 
 0 -1 0 0 -1  1
 1  1 0 0  2 -1
 1  1 0 0  1  0
 0  0 1 0  0  0
 1  1 0 0  1 -1
 0  0 0 1  0 -1
2-2;1;1;1;1 1 21
4 
#1 
6	% 
 -1 -1 0 0 -1  1
 -1 -1 1 0 -1  0
 -1 -1 0 1 -1  0
  1  0 0 0  1  0
  2  2 0 0  2 -1
 -2 -1 0 0 -1  0
2-2;1;1;1;1 1 16
4 
#1 
6	% 
  1 1 -1 0  1  0
  0 0  0 1  1 -1
  0 0  0 0 -1  1
  1 1  0 0  0  0
  0 1  0 0  1 -1
 -1 0  0 0 -1  0
2-2;1,1;1;1 1 9
4 
#1 
6	% 
 0 0 -1 0 0  1
 0 0  1 1 0 -1
 0 0 -1 0 0  0
 0 0  0 0 1  0
 0 1  0 0 0  0
 1 0  0 0 0  1
3;1;1;1 2 12
1 
#1 
6	% 
 0 -1 0 0 0  1
 1  1 0 0 0 -1
 0  0 0 0 1  0
 0  0 0 0 0 -1
 0  0 1 0 0  0
 0  0 0 1 0  0
3;1;1;1 2 9
1 
#1 
6	% 
  0  1 0 0 0 -1
 -1 -1 0 0 0  1
  0  0 0 1 0 -1
  0  0 1 0 0  0
  1  1 0 0 1 -1
  0  0 0 0 0  1
