#54

2-2;2-1;2-1 1 3
1 
#1 
6	% 
 1 0 0 0 0 0
 0 1 0 0 0 0
 0 0 1 0 0 0
 0 0 0 1 0 0
 0 0 0 0 1 0
 0 0 0 0 0 1
1,1,1,1,1,1 1 1
1 
#1 
6	% 
 1 0 0 0 0 0
 0 1 0 0 0 0
 0 0 1 0 0 0
 0 0 0 1 0 0
 0 0 0 0 1 0
 0 0 0 0 0 1
1,1,1,1;1,1 1 3
32 
#5 
6	% 
 1 1  1  0  0 -1
 0 0  1  1 -1  0
 0 0  0  1  0  1
 0 0 -1 -1  0  0
 0 0  1  0 -1  0
 1 0  0  0  1  0
6	% 
  1  0  1  1 -1 1
  1  0 -1  0  0 0
 -1  1 -1  0  1 0
 -1 -1  1 -1 -1 0
  1 -1  0 -1 -1 0
  1  1  0  1  0 0
6	% 
  0 -1  1 0  0  0
  1  0  1 1  1 -1
  1  1  0 0  0  0
 -1  0 -1 0 -1  0
  0  0  1 1  0 -1
  0 -1  0 0  0  1
6	% 
  1  0  0 -1  0  1
 -1 -2  1 -1 -1 -1
  0  0  0  0  0 -1
  0  1 -1  1  0  1
 -1 -1  0 -1  0  0
  1  0  0  0  0  0
6	% 
  0 -1  1 0  0  0
  1  0  1 1  1  1
  1  1  0 0  0  0
 -1  0 -1 0  0 -1
  0  0  1 1  1  0
  0 -1  0 0 -1  0
1,1,1,1,1;1 1 2
10 
#3 
6	% 
  1  0  0  0 0  0
  0  0  1  0 0  0
  0 -1  0 -1 1 -1
  1  0  1  0 0 -1
 -1  1 -1  1 0  1
  1 -1  1  0 1 -1
6	% 
  0 0 -2  0  0 -1
 -1 0 -1  0 -1 -1
  0 0 -1  1  0  0
  0 0 -2  0 -1 -1
  0 1  2 -1  1  1
  0 1 -3  1 -1 -1
6	% 
 -1 -2  1 -1 -1 -1
 -2 -2  1 -1 -1 -1
 -1 -2  1 -2 -1 -1
 -2 -2  1 -1  0 -1
  2  3 -1  2  1  2
 -2 -3  2 -2 -1 -2
2-1',2-1';1,1 1 1
2 
#1 
6	% 
 -1 0  0  0 -1 -1
  0 0  0 -1 -1  1
  1 0  0 -1  0  1
  1 0  0  1  1  0
  0 0 -1  0  0  0
  0 1  1  0  0  0
1,1,1,1;1,1 1 1
3 
#2 
6	% 
  0 0  0 -1 -1 -1
 -1 0  0  0 -1 -1
 -1 0  0 -1  0 -1
  1 0  0  1  1  1
  0 0 -1  0  0  0
  0 1  1  0  0  0
6	% 
  0 -1 -1 0  0 -1
 -1  0 -1 0  0 -1
 -1 -1  0 0  0 -1
  1  1  1 0  0  1
  0  0  0 0 -1  0
  0  0  0 1  1  0
1,1,1;1,1,1 1 4
24 
#3 
6	% 
  1  1  0 0 0  1
  0  1 -1 0 0  1
 -1 -1  0 0 1 -1
  1  1 -1 0 0  1
 -1 -1  1 1 0 -1
  1  1  0 0 0  0
6	% 
  1  1  0 -1 0  1
  1  1  0  0 0  1
 -2 -2  0  0 0 -1
  1  1 -1  0 1  1
 -1 -2  2  0 0 -2
  1  1 -1  0 0  1
6	% 
  0  1 -1  0 -1 0
  1  1  0  0 -1 0
 -1 -2  1 -1  1 0
  1  1  0  0  0 0
 -1 -2  1  0  1 1
  1  1 -1  0 -1 0
1,1,1;1,1,1 1 2
10 
#2 
6	% 
 -1  0  0 -1 -1 -1
  0  0  0  1  0  0
 -1 -1 -1  0  0  1
  0 -1  0  0  0  0
  1  1  0  0  0  0
  0  1  0  0  0 -1
6	% 
  0 0 -1 0 0 -1
  1 0 -1 0 0  0
  0 0  0 0 1  0
  0 0  0 1 0  0
 -1 1  0 0 0  0
  1 1 -1 0 0  0
2-1;1,1,1;1 1 8
4 
#1 
6	% 
  0  0 -1  0  0  0
 -1 -1  0 -1 -1 -1
  0  0  1  0  0  1
  0  0  1  1  0  0
  0  0 -1  0 -1  0
 -1  0 -1  0  0  0
2-1',2-1';1;1 1 3
6 
#1 
6	% 
 -1  0  0  0 -1 -1
  0  0  0 -1 -1  1
  1  0  0 -1  0  1
  1  0  0  1  1  0
  0 -1  0  0  0  0
  0  1 -1  0  0  0
2-1;1,1;1,1 1 11
12 
#1 
6	% 
  1  1 0 0  0  1
  0 -1 1 1  1  0
  0  0 0 0 -1  0
 -1  0 0 0  0  0
  0  0 0 0  0 -1
  0  0 0 1  0  0
2-2;1,1,1,1 1 1
1 
#1 
6	% 
  0 1 0  0  0  0
  0 0 1  0  0  0
  0 0 0 -1 -1 -1
 -1 0 0  0 -1 -1
 -1 0 0 -1  0 -1
  1 0 0  1  1  1
1,1,1;1;1;1 1 10
28 
#4 
6	% 
 0  0 -1  0  0  0
 0 -1 -1 -1  1  0
 0  1  1  0 -1  0
 0  0  0  0  0 -1
 1  0  0  0  0  0
 0 -1 -1 -1  0  0
6	% 
 -1 0  0 -1  1 -1
  0 0  0  0  0  1
  1 0  0  0 -1  0
  0 0 -1  0  0  0
  0 1  0  0  0  0
 -1 0  0 -1  0  0
6	% 
  0  0 1 0  0 1
 -1  0 1 0  0 0
  1 -1 0 0  0 0
  0  0 0 0 -1 0
  0  0 0 1  0 0
 -1 -1 1 0  0 0
6	% 
 0 0  0 0  0 -1
 1 1 -2 0  0  1
 0 0  1 0  0  0
 0 0  0 0 -1  0
 0 0  0 1  0  0
 0 1 -1 0  0  0
1,1;1,1;1;1 1 25
72 
#6 
6	% 
  1  1 -1  0  0 -1
 -2 -1  2  0  0  1
  0  1  0  0 -1  0
 -1  0  1  0  0  1
  0 -1  0 -1  0  0
  1  1 -2  0  0 -2
6	% 
  0  0  0 -1  0  0
  0  0  0  1 -1 -1
  0 -1  0  0  0  0
  0  0  0  0 -1  0
  0  1 -1  0  0  0
 -1  0  0 -1  1  0
6	% 
  1 0 -2  0  1  1
  0 1  0  0  0  0
 -2 0  0 -1 -1 -1
  1 0  2  1  0  1
  1 0  0  1  1  2
  0 1 -1  0  0  0
6	% 
  0 -1  0 -1 -1  0
  0  0  0  1  0  0
  0  0  2  0  0 -1
  0  1 -1  1  1  0
 -1  0 -2  0  0  0
  0  0  0  0 -1  0
6	% 
  0 0  0  0  0 -1
  1 0  0  0 -1  1
 -1 0  1  0  0  1
  1 0  0  0  0  0
  1 1 -1  0  0 -1
 -1 0  0 -1  0 -1
6	% 
  0  0  1  0  0 -1
  1  0  0  0 -1  1
 -1 -1 -2  0  0  1
  1  0  1  0  0  0
  1 -1  3  0  0 -1
 -1  0  0 -1  0 -1
1,1;1,1;1;1 1 9
28 
#4 
6	% 
  0 1 0  0  0  0
  0 0 1  0  0  0
  0 0 0 -1  0  0
  0 0 0  1 -1 -1
  0 0 0  0 -1  0
 -1 0 0 -1  1  0
6	% 
  0 0  0 0 1  0
  0 0  0 1 0  0
  0 0  0 0 0 -1
 -1 0  1 0 0  1
 -1 0  0 0 0  0
  1 1 -1 0 0 -1
6	% 
  0 1 0  0  0  0
  0 0 1  0  0  0
  0 0 0  0  0 -1
  1 0 0  0 -1  1
  1 0 0  0  0  0
 -1 0 0 -1  0 -1
6	% 
  0  0  0 0 1  0
  0  0  0 1 0  0
  0 -1  0 0 0  0
  0  0  2 0 0 -1
  0 -1  1 0 0  0
 -1  0 -2 0 0  0
1,1,1;1;1;1 1 15
24 
#4 
6	% 
 -1 0  0  0 -1  1
  0 0  1 -1  1  0
  0 0  0  0  0 -1
  1 0  0 -1  0 -1
 -1 0  0  0  0  0
  0 1 -1  1 -1  0
6	% 
 0  0  1 0 1 0
 0  0 -1 0 0 1
 0 -1  0 0 0 0
 0  0 -1 1 0 0
 0 -1  1 0 0 0
 1  0  1 0 0 0
6	% 
 0  0  1 0 1  0
 0  0 -1 0 0 -1
 0 -1  0 0 0  0
 0  0 -1 1 0  0
 0 -1  1 0 0  0
 1  0  1 0 0  0
6	% 
 -1 0  0  0  1  1
  0 0  1 -1 -1  0
  0 0  0  0  0 -1
  1 0  0 -1  0 -1
 -1 0  0  0  0  0
  0 1 -1  1  1  0
1,1,1;1,1;1 1 9
56 
#6 
6	% 
 0  2  0  1 -1  0
 0  1  0  0  0  0
 0 -2 -1 -1  1  0
 1  1  0  1  0  1
 0  0  0  0  0 -1
 1  0  0  0  0 -1
6	% 
 0  1 -2  0  0 0
 0  1 -2  0  0 1
 1 -1  2  0  0 0
 0  0 -1  0  0 0
 0  2  0  0 -1 0
 0  0  0 -1 -1 0
6	% 
 0 0 1  0  0 0
 1 0 0  0  0 0
 0 0 0  0  0 1
 0 1 0  1 -1 0
 0 0 0 -1  0 0
 0 0 0 -1 -1 0
6	% 
 -1  0 0 0 0  1
  0  0 1 0 0  0
  1 -1 0 0 0 -1
  0  0 0 0 0  1
 -1  0 0 0 1 -1
  0  0 0 1 1  0
6	% 
 -2  0  0 -1  1 0
 -1  0  0  0  0 1
  3  0  0  1 -1 0
 -1  0  1  0  1 0
  0 -1 -2 -1 -1 0
  0 -2  1  0  0 0
6	% 
 -1  0  0  0 0 -1
  0  0  0  1 1  0
  1  0  0 -1 0  1
  0  0  0  0 0 -1
  0  0 -1  0 0  0
  0 -1  0  0 0  0
1,1;1,1;1,1 1 10
24 
#2 
6	% 
  0 0  0 -1 -1 -1
 -1 0  1  0  0  1
  0 0  0  1  0  0
 -1 0  0 -1 -1  0
  0 0  0  0 -1  0
  1 1 -1  0  0 -1
6	% 
 0 -1 0 -1 -1 0
 0  0 0  0  0 1
 0  0 0  1  0 0
 0 -1 1 -1 -1 0
 0  0 0  0 -1 0
 1  0 0  0  0 0
1,1;1,1;1,1 1 5
16 
#4 
6	% 
  0 0 -1  0 0  0
  0 1  1  0 0  0
  1 0  0  0 1  0
 -1 0  0  0 0  0
  0 0  0 -1 0 -1
  0 0  0  0 0  1
6	% 
 0  1  0 0 0 0
 0 -1 -1 0 0 0
 0  0  0 0 1 0
 0  0  0 0 0 1
 1  0  0 0 0 0
 0  0  0 1 0 0
6	% 
  0 1 0  0  0  0
  0 0 1  0  0  0
  1 0 0  1  1  0
 -1 0 0 -1  0  0
  0 0 0  1  1 -1
  0 0 0  0 -1  1
6	% 
 0  0  0  0  0 -1
 1  0  0  0  0  1
 0  1 -1  1  1  0
 0 -1  1  0 -1  0
 0  1  0  1  1  0
 0 -1  0 -1  0  0
1,1,1;1,1;1 1 12
96 
#10 
6	% 
  2  1 -2  0  0 -2
  2  2 -4  1 -1 -2
 -5 -4  8 -1  1  5
  1  1 -2  1  0 -1
 -2 -2  4 -1  0  3
  1  0 -1  0  0 -1
6	% 
  0  0  1  0  0  0
 -1  0  0  1 -1  1
  1  0 -2 -2  2 -1
  0  0  0  1  0  1
  0  0 -1 -1  1 -1
  0 -1  1  0  0  0
6	% 
  2  0  0  1 -1 -2
  2  2 -1  2 -2 -2
 -5 -2  1 -4  4  5
  1  1 -1  1 -1 -1
 -2 -1  1 -2  2  3
  1  0  0  1  0 -1
6	% 
 0  0  0 1 -1 0
 0  0  1 0  0 0
 1  0 -1 0  0 1
 0 -1  1 0  0 0
 1  1 -1 0  0 0
 0  0  0 1  0 0
6	% 
 -2  0 -2 -1 1  2
  0  0  1  0 0  0
  1  0 -1  0 0 -1
  0 -1  1  0 0  0
  1  1 -1  0 0  0
 -1  0 -1  0 1  1
6	% 
  2  0  0  1 -1  2
  2  2 -1  2 -2  2
 -5 -2  1 -4  4 -5
  1  1 -1  1 -1  1
 -2 -1  1 -2  2 -3
  1  0  0  1  0  1
6	% 
 0  0 1  0  0  0
 0  0 0 -1  0  1
 1  0 0  1 -1 -1
 0  0 0 -1  0  0
 1  0 0  1  0  0
 0 -1 1  0  0  0
6	% 
  0  0  1  0  0  0
 -1  0  0 -1 -1  1
  1  0 -2  2  2 -1
  0  0  0  0 -1  1
  0  0 -1  1  1 -1
  0 -1  1  0  0  0
6	% 
  0 -2 1 -2  0  2
 -1  0 0  0  1  0
  1  0 0  1 -1 -1
  0  0 0  0  1  0
  0  0 0  0 -1 -1
  0 -1 0 -1  0  1
6	% 
 -2 -2  1  0  0  2
 -4 -4  2 -1 -1  4
  9  8 -4  1  1 -9
 -2 -2  1 -1  0  2
  5  4 -2  1  0 -4
 -1 -1  0  0  0  1
2-2;1,1;1,1 1 5
4 
#3 
6	% 
  0 1  0  0 0  0
  0 1 -1  0 0  0
  1 0  0  0 1  0
 -1 0  0  0 0  0
  0 0  0 -1 0 -1
  0 0  0  0 0  1
6	% 
  0 1  0  0  0  0
  0 1 -1  0  0  0
  1 0  0  1  1  0
 -1 0  0 -1  0  0
  0 0  0  1  1 -1
  0 0  0  0 -1  1
6	% 
 0 1  0 0 0 0
 0 1 -1 0 0 0
 0 0  0 0 1 0
 0 0  0 0 0 1
 1 0  0 0 0 0
 0 0  0 1 0 0
1,1;1,1;1;1 1 39
36 
#2 
6	% 
 0 -1  0 0  0 0
 0  1 -1 0  0 0
 1  0  1 0  0 0
 0  0  1 1  0 0
 0  0 -1 0  0 1
 0  0  1 0 -1 0
6	% 
 -1 -1  0  1  1 -1
  1  1 -1 -1 -1  1
 -1 -1  0  1  1  0
  1  1 -1  0 -1  1
  1  1  0 -1  0  1
  0  1 -1 -1 -1  1
1,1,1;1;1;1 1 19
4 
#1 
6	% 
  0 1 0 0  0  0
  0 0 1 0  0  0
  0 0 0 0  0 -1
  0 0 0 1  0  0
 -1 0 0 0  0  0
  0 0 0 0 -1  0
1,1,1,1;1;1 1 5
28 
#4 
6	% 
  1 0  1  1 -1 -1
  1 1  1  1 -1 -1
  0 0  0  1 -1 -1
 -1 0 -1 -1  2  1
  1 0  1  2 -1 -1
 -1 0  0 -1  1  0
6	% 
  1  0  0 0 0  0
  1  0  0 0 0 -1
  1  0  0 0 1  0
 -2 -1  1 0 0  0
  2  0 -1 0 0  0
 -1  0  0 1 0  0
6	% 
  1  0  0 0 0 -1
  2  0 -1 0 0 -1
  0  0 -1 0 1 -1
 -1 -1  1 0 0  1
  1 -1  0 0 0 -1
  0  0  1 1 0  1
6	% 
  1 0  1  1 -1  1
  1 1  1  1 -1  1
  0 0  0  1 -1  1
 -1 0 -1 -1  2 -1
  1 0  1  2 -1  1
 -1 0  0 -1  1  0
1,1,1;1,1;1 1 2
20 
#4 
6	% 
 0  2  2  1 -1 0
 0  1  1  0  0 0
 0 -3 -2 -1  1 0
 1  0  0  0  0 0
 0  0  0  0  0 1
 0  1  1  1  0 0
6	% 
 -2 0 0 -1  1 0
 -1 0 0  0  0 1
  3 0 0  1 -1 0
  0 1 0  0  0 0
  0 0 1  0  0 0
 -1 0 0  0  1 0
6	% 
 0 0  1  0  0 0
 0 0  0  1  0 0
 0 0 -2 -1 -1 0
 1 0  0  0  0 0
 0 0  0  0  0 1
 0 1  0  0  0 0
6	% 
 0 -1  2 0 0  0
 1  0  0 0 0  1
 0  1 -2 0 0 -1
 0  0  0 1 0  0
 0  0  0 0 1  0
 0 -1  1 0 0  0
2-2;1,1,1;1 1 2
4 
#1 
6	% 
  0 0 0 -1  1 -1
 -1 0 0  0  0  1
  1 0 0  0 -1  0
  0 1 0  0  0  0
  0 0 1  0  0  0
 -1 0 0 -1  0  0
1,1,1,1;1;1 1 3
5 
#2 
6	% 
  0 -1 -1 0 0 -1
 -1  0 -1 0 0 -1
 -1 -1  0 0 0 -1
  1  1  1 0 0  1
  0  0  0 0 1  0
  0  0  0 1 0  0
6	% 
  0 0 0 -1 -1 -1
 -1 0 0  0 -1 -1
 -1 0 0 -1  0 -1
  1 0 0  1  1  1
  0 0 1  0  0  0
  0 1 0  0  0  0
2-2;2-1',2-1' 1 1
2 
#1 
6	% 
 0 0  0 1  1 -1
 1 0  0 0  1  1
 0 0  0 0  0  1
 0 0  0 0 -1  0
 0 1  0 0  0  0
 0 1 -1 0  0  0
2-1;2-1;1,1 1 6
1 
#1 
6	% 
 0 0 -1 0 0 0
 0 1  1 0 0 0
 0 0  0 0 1 0
 0 0  0 1 0 0
 0 0  0 0 0 1
 1 0  0 0 0 0
2-1,2-1;1;1 1 3
6 
#1 
6	% 
  0 0 0 -1 0  0
  1 0 0  0 0  0
  0 0 0  1 1  0
 -1 0 0  0 0 -1
  0 0 1  0 0  0
  0 1 0  0 0  0
2-1,2-1;1,1 1 1
2 
#1 
6	% 
 0 0  0 0  0 -1
 0 0  0 0 -1  0
 1 0  0 0  0  1
 0 0  0 1  1  0
 0 0 -1 0  0  0
 0 1  1 0  0  0
2-1;2-1;1;1 1 21
3 
#1 
6	% 
 0 0 0 0 -1  0
 0 0 1 0  0  0
 0 0 0 1  0  0
 0 0 0 0  0 -1
 1 0 0 0  0  0
 0 1 0 0  0  0
2-1,2-1;1;1 3 3
6 
#1 
6	% 
 0 0 0 0 1 0
 0 0 0 0 0 1
 0 0 0 1 0 0
 1 0 0 0 0 0
 0 0 1 0 0 0
 0 1 0 0 0 0
2-1,2-1;1,1 3 1
2 
#1 
6	% 
 0 0  0 0 1 0
 0 0  0 0 0 1
 0 0  0 1 0 0
 1 0  0 0 0 0
 0 0 -1 0 0 0
 0 1  1 0 0 0
1,1;1,1;1;1 1 4
5 
#2 
6	% 
 0 0 0 0 0 -1
 1 0 0 0 0  1
 0 0 0 1 0  0
 0 0 0 0 1  0
 0 0 1 0 0  0
 0 1 0 0 0  0
6	% 
 0 1 0 0 0 0
 0 0 1 0 0 0
 0 0 0 1 0 0
 0 0 0 0 1 0
 0 0 0 0 0 1
 1 0 0 0 0 0
1,1;1,1;1,1 1 1
1 
#1 
6	% 
 0  1 1  0 0  0
 0 -1 0  0 0  0
 0  0 0  1 1  0
 0  0 0 -1 0  0
 0  0 0  0 0 -1
 1  0 0  0 0  1
1,1;1,1;1;1 1 34
24 
#4 
6	% 
 0 0 0  1 1  1
 0 0 0 -1 0  0
 0 0 1  0 0  0
 0 0 0  0 0 -1
 1 0 0  1 0  1
 0 1 0  0 0  0
6	% 
  1 0 0  1  0  1
 -1 0 0 -1  0  0
  0 0 1  0  0  0
  0 0 0  0  1 -1
  1 0 0  0 -1  1
  0 1 0  0  0  0
6	% 
  1 0 0 0 1  1
 -1 0 0 0 0  0
  0 0 1 0 0  0
  0 0 0 0 0 -1
  1 0 0 1 0  1
  0 1 0 0 0  0
6	% 
 0  0 -1  0  1 0
 0 -1  1  0 -1 0
 0  0  0  0  0 1
 0  1  0  1  0 0
 0  0 -1 -1  0 0
 1  0  0  0  0 0
2-1;1,1;1;1 1 26
2 
#1 
6	% 
 0 1 0  0 0  0
 0 0 1  0 0  0
 0 0 0  0 0 -1
 0 0 0  0 1  0
 0 0 0 -1 0  0
 1 0 0  0 0  0
2-1;1,1;1;1 1 32
24 
#2 
6	% 
  1  1 -1  1  1  1
 -1  0  1 -1 -1 -1
  2  1 -2  2  2  1
 -2 -1  2 -1 -2 -2
 -2 -1  2 -2 -1 -2
 -1 -1  2 -2 -2 -2
6	% 
 0 -1  0 0 0  0
 0 -1  1 0 0  0
 0  0 -1 0 0 -1
 0  0  1 1 0  0
 0  0  1 0 1  0
 1  0  1 0 0  0
2-2;2-1;1;1 1 11
2 
#1 
6	% 
 0 1 0  0 0  0
 0 0 1  0 0  0
 0 0 0  0 0 -1
 0 0 0  0 1  0
 0 0 0 -1 0  0
 1 0 0  0 0  0
2-2;1,1;1,1 1 1
1 
#1 
6	% 
 0 1  0 0 0  0
 0 1 -1 0 0  0
 0 0  0 1 0  0
 0 0  0 0 1  0
 0 0  0 0 0 -1
 1 0  0 0 0  1
2-1;1;1;1;1 1 35
6 
#1 
6	% 
 0 -1  0  0  0  0
 0  1 -1  0  0  0
 0  0  0  0  0 -1
 0  0  0  0 -1  0
 0  0  0 -1  0  0
 1  0  0  0  0  0
1,1;1;1;1;1 1 25
7 
#2 
6	% 
 0 1 0 0 0  0
 0 0 1 0 0  0
 0 0 0 0 1  0
 0 0 0 0 0 -1
 1 0 0 0 0  0
 0 0 0 1 0  0
6	% 
 0  0 0 0 0 -1
 1  0 0 0 0  1
 0  0 0 0 1  0
 0  0 1 0 0  0
 0 -1 1 0 0  0
 0  0 0 1 0  0
2-2;1;1;1;1 1 11
1 
#1 
6	% 
 0 1  0 0 0 0
 0 1 -1 0 0 0
 0 0  0 0 0 1
 0 0  0 0 1 0
 1 0  0 0 0 0
 0 0  0 1 0 0
1,1;1;1;1;1 1 28
36 
#4 
6	% 
 0  1  0 0 0 0
 0 -1  1 0 1 0
 0  0  0 0 0 1
 0  0  1 0 0 0
 1  0  0 0 0 0
 0  1 -1 1 0 0
6	% 
 0 -1 0 0 0 0
 0  0 0 0 1 0
 0  0 0 0 0 1
 0  0 1 0 0 0
 1  0 0 0 0 0
 0  0 0 1 0 0
6	% 
 0 0 0  0 -1 0
 0 0 0 -1  1 1
 0 0 1  0  0 0
 0 0 0 -1  0 0
 0 1 0  0  0 0
 1 0 0  1 -1 0
6	% 
  1 0 0 0 0  0
 -1 0 0 0 1 -1
  0 0 1 0 0  0
  0 0 0 0 0 -1
  0 1 0 0 0  0
  1 0 0 1 0  1
1;1;1;1;1;1 1 18
3 
#1 
6	% 
 0  0  0 0 0 1
 0  0  0 0 1 0
 0  0 -1 0 0 0
 1  0  0 0 0 0
 0 -1  1 0 0 0
 0  0  0 1 0 0
2-2;1,1;1;1 1 14
4 
#2 
6	% 
  0 1 0  0  0  0
  0 0 1  0  0  0
  0 0 0 -1  0  0
  0 0 0  1 -1 -1
  0 0 0  0 -1  0
 -1 0 0 -1  1  0
6	% 
  0 1 0  0  0  0
  0 0 1  0  0  0
  0 0 0  0  0 -1
  1 0 0  0 -1  1
  1 0 0  0  0  0
 -1 0 0 -1  0 -1
1;1;1;1;1;1 1 41
3 
#1 
6	% 
  0 0 1 0  0  0
  0 1 0 0  0  0
  0 0 0 0  0 -1
  0 0 0 0 -1  0
  0 0 0 1  0  0
 -1 0 0 0  0  0
1,1;1;1;1;1 1 48
1 
#1 
6	% 
 0 1 0 0  0 0
 0 0 1 0  0 0
 0 0 0 0  0 1
 0 0 0 0 -1 0
 0 0 0 1  0 0
 1 0 0 0  0 0
1,1;1;1;1;1 1 54
24 
#2 
6	% 
  0  0  1  0 0  0
  0  1 -1  0 0  0
  0  1 -2  0 1  0
  0  1 -2 -1 0  0
  0  1 -2  0 0 -1
 -1 -1  2  0 0  0
6	% 
  0 1  0  0 0  0
  0 1 -1  0 0  0
  0 0  0  0 1  0
  0 0  0 -1 0  0
  0 0  0  0 0 -1
 -1 0  0  0 0  0
2-2;1;1;1;1 1 20
1 
#1 
6	% 
  0 1  0 0  0 0
  0 1 -1 0  0 0
  0 0  0 0 -1 0
 -1 0  0 0  0 0
  0 0  0 1  0 0
  0 0  0 0  0 1
2-2;1,1;1;1 1 3
2 
#1 
6	% 
 0 0 0 0 0 -1
 1 0 0 0 0  1
 0 1 0 0 0  0
 0 0 1 0 0  0
 0 0 0 0 1  0
 0 0 0 1 0  0
2-2;2-1,2-1 1 1
2 
#1 
6	% 
 0 0  0 0 -1  0
 0 0  0 0  0 -1
 0 0  0 1  1  0
 1 0  0 0  0  1
 0 1  0 0  0  0
 0 1 -1 0  0  0
2-2;2-1,2-1 3 1
2 
#1 
6	% 
 -1 0  0  0 -1 -1
  0 0  0 -1 -1  1
  1 0  0 -1  0  1
  1 0  0  1  1  0
  0 1  0  0  0  0
  0 1 -1  0  0  0
