#22

2-2;2-2;1;1 1 5
1 
#1 
6	% 
 1 0 0 0 0 0
 0 1 0 0 0 0
 0 0 1 0 0 0
 0 0 0 1 0 0
 0 0 0 0 1 0
 0 0 0 0 0 1
1,1,1,1,1,1 1 1
1 
#1 
6	% 
 1 0 0 0 0 0
 0 1 0 0 0 0
 0 0 1 0 0 0
 0 0 0 1 0 0
 0 0 0 0 1 0
 0 0 0 0 0 1
1,1,1,1,1;1 1 2
6 
#1 
6	% 
  1  0  0  0  0  0
  0  0  1  0  0  0
  1  0  1 -1  0  0
  0 -1  0 -1 -1  1
 -1  1 -1  1  0 -1
  1 -1  1 -1 -1  0
1,1,1,1,1;1 1 1
1 
#1 
6	% 
 0  0  0  0 -1  0
 0 -1 -1  0 -1 -1
 0 -1  0 -1 -1 -1
 0  0 -1 -1  0 -1
 0  1  1  1  1  1
 1  0  0  0  0  0
1,1,1;1,1,1 1 3
9 
#1 
6	% 
 -1 0  0  1  0  0
  0 1 -1  1  1 -1
  0 0  1  0  0  1
  1 0 -1  0  0  0
  0 0  1 -2 -1  0
 -1 0 -1  1  0  0
1,1,1,1;1,1 1 2
6 
#1 
6	% 
 0  0  1  0 0 0
 0  0  1 -1 0 0
 0 -1  1  0 0 0
 1  0  0  0 0 0
 0  1 -1  1 1 0
 0 -1  1 -1 0 1
1,1,1,1;1,1 1 3
9 
#1 
6	% 
 0  1  1 -1  0  0
 1  1  1  0  1 -1
 0 -1  0 -2 -1  0
 0 -1 -1  2  0  1
 0  1  1  1  1  0
 0  1  0 -2  0 -1
2-2;1,1,1,1 1 2
2 
#1 
6	% 
 0  0 -1  0  0 0
 0  0  0 -1  0 0
 1  1  1  1 -1 1
 0 -1  0  0  0 0
 0  0  0  0  0 1
 0  0  0  0  1 0
2-2',2-2';1,1 1 2
2 
#1 
6	% 
  1  0 0  0  0  0
  0 -1 1 -1 -1  0
  0  0 1  0 -1 -1
 -1  0 0  1  1  0
  1  1 0  0  0  0
 -1  0 1  0  0 -1
1,1,1,1;1;1 1 2
6 
#1 
6	% 
 0  1  0  0  0  0
 0  0 -1 -1 -1  1
 0  1  0 -1  0  0
 1  0  0  0  0  0
 0 -1  1  1  0 -1
 0  1 -1 -1 -1  0
1,1,1;1,1;1 1 7
18 
#1 
6	% 
 0 0  2  0 1 -1
 0 0  2 -1 0  0
 0 1 -5  2 0  0
 0 0  1 -1 0  0
 1 0  0  0 0  0
 0 0  1  0 1  0
2-2;1,1,1;1 1 5
6 
#1 
6	% 
  1  0  0  0  0  0
  1  1  0  0  0 -1
 -1 -1  0  0 -1  0
 -2 -1  0 -1 -1  1
 -2 -1 -1  0 -1  1
 -2 -1  0  0 -1  1
1,1,1,1;1;1 1 5
9 
#1 
6	% 
 -1  0 -1  0 -1 1
 -1 -1  0 -1 -1 1
  0  0  1 -1  0 0
  1  0  0  1  1 0
 -1  0  0 -1  0 1
  0  0  0  1  0 0
2-2;1,1,1;1 1 3
2 
#1 
6	% 
 0  1  0  0  1  0
 0  1 -1 -1 -1  1
 1  0  0  0  0  0
 0 -1  1  0  0 -1
 0  1  0 -1  0  1
 0 -1  1  1  0 -1
2-2',2-2';1;1 1 3
2 
#1 
6	% 
 1 0  0  0 0  0
 0 1  0  1 1  0
 0 1 -1  1 0 -1
 0 1 -1  1 0  0
 0 0  1  1 1  0
 0 0  1 -1 0  1
1,1,1;1,1;1 1 8
9 
#1 
6	% 
 0 -2  1 0 -2 -2
 0 -1  1 0  0 -1
 0  4 -4 1  1  4
 0 -1  0 0 -1 -1
 0  0  1 0  0 -1
 1  0  0 0  0  0
2-2,2-2;1;1 1 3
6 
#1 
6	% 
 1  0 0  0  0  0
 0  1 1  0  1  0
 0  0 0  1  1  1
 0  1 1  0  1 -1
 0  1 0 -1 -1 -1
 0 -1 0  0 -1 -1
2-2;1,1;1,1 1 4
6 
#1 
6	% 
  1  0  0  0  1  1
 -1  1  0  0  0 -1
 -1 -1  0  0 -1  0
  0 -1  0 -1 -1  1
  0 -1 -1  0 -1  1
  0 -1  0  0 -1  1
1,1,1;1;1;1 1 7
9 
#1 
6	% 
 0  1 -1  1  0  0
 1  0  0  0  0  0
 0  0  0  1  1  0
 0 -1  0 -2 -1  1
 0  0  0 -1  0  1
 0  1 -1  2  1 -1
2-2,2-2;1,1 1 2
6 
#1 
6	% 
  1  0 0  0  0  0
  0  1 1  0  1  0
  0  0 0  1  1  1
 -1  1 1  0  1 -1
  1  1 0 -1 -1 -1
 -1 -1 0  0 -1 -1
2-2;2-2;1,1 1 4
1 
#1 
6	% 
  1  0  0  0  0  0
 -1  0  1  0  0 -1
  0  0  1  0  0  0
  0  0  1 -1  0  0
  1  0 -1  0 -1  0
 -1 -1  1  0  0  0
2-2;1,1;1;1 1 7
6 
#1 
6	% 
 1  0  0  0  0  0
 0  1  0  0  0 -1
 0 -1  0  0 -1  0
 0 -1  0 -1 -1  1
 0 -1 -1  0 -1  1
 0 -1  0  0 -1  1
