#18

1,1;1;1;1;1 1 15
1 
#1 
6	% 
 1 0 0 0 0 0
 0 1 0 0 0 0
 0 0 1 0 0 0
 0 0 0 1 0 0
 0 0 0 0 1 0
 0 0 0 0 0 1
1,1,1,1,1,1 1 1
1 
#1 
6	% 
 1 0 0 0 0 0
 0 1 0 0 0 0
 0 0 1 0 0 0
 0 0 0 1 0 0
 0 0 0 0 1 0
 0 0 0 0 0 1
1,1,1,1;1,1 1 2
4 
#2 
6	% 
  0 -1  0  0  0 -1
  0 -1  0 -1  0 -1
  0 -1 -1  0  0 -1
  1  0  0  0  0  0
 -1  1  0  0 -1  1
 -1 -1  0  0  0  0
6	% 
 1  0  0 0 0  0
 0  0  0 0 0  1
 0  0  0 0 1 -1
 0  0 -1 0 0  0
 0  0 -1 1 0  0
 0 -1  0 0 0 -1
1,1,1,1,1;1 1 2
4 
#2 
6	% 
  0  0  0 0 -1  0
 -1  0  0 0  0  0
 -1  0  1 0 -1 -1
 -1  0  0 0 -1  1
  1 -1 -1 0  1 -1
 -1  0  1 1 -1  0
6	% 
  0  0  0 -1  0  1
  1  0  0  0  0  0
  1  0 -1  0  0  0
  0 -1 -1 -1 -1  2
 -1  1  1  1  0 -2
  1 -1 -1 -1 -1  1
1,1,1;1,1,1 1 3
3 
#1 
6	% 
 -1 -1  0  1  1 -2
  0 -1 -1 -1 -1 -2
  0  1  1  1  1  1
  1  0  0 -1 -1  0
  0  1  1  1  0  2
 -1 -1  0  0  0 -2
1,1,1;1,1,1 1 2
1 
#1 
6	% 
  0  0 0  0  1  0
  1  0 0  0  1  1
  0 -1 0 -1  1  0
  0 -1 1  1  0 -1
 -1  1 0  0 -1  0
  1  1 0  0  0  1
1,1,1,1;1,1 1 3
3 
#1 
6	% 
  0 1  1  1 1 -2
  1 1  2  1 0 -1
  1 0  0  0 0  1
  0 0 -1 -1 0  1
  0 1  1  0 0  0
 -1 0  0  0 1  0
1,1,1;1,1;1 1 7
6 
#2 
6	% 
 0 1  1 -1 -1  0
 0 0  2  0 -1 -1
 0 0 -3  0  2  2
 0 0  1  0 -1  0
 1 0  0  0  0  0
 0 1  0  0 -1  0
6	% 
  0  0  2 0  1 -1
  2  0  1 0  1 -1
 -3  0 -2 0 -2  2
  1 -1  1 0  1 -1
  0 -1  0 1  0 -1
  0  0  1 0  1  0
1,1;1,1;1,1 1 4
3 
#1 
6	% 
  0  1  2 -1  0  1
 -1  0  0  0 -1  1
  1  0  0  0  0 -1
  0 -1 -1  0  0 -1
  0  0  2 -1  0  0
 -1  0  0  0 -1  0
1,1,1;1,1;1 1 6
1 
#1 
6	% 
 0  0  2  2 -1 -1
 0  1  1  1 -1  0
 0 -1 -2 -3  2  1
 0  0  1  1  0 -1
 1  0  0  0  1 -1
 0  0  1  1 -1 -1
1,1,1;1,1;1 1 5
3 
#1 
6	% 
  2 0  0  0  1  1
  1 0  0  0  0  0
 -2 0  0  0 -2 -1
  1 1  0  0  0  1
  0 0 -1  0  0  0
  0 1  0 -1  0  1
1,1,1;1,1;1 1 10
6 
#1 
6	% 
 0 0 -2  0 -1  1
 0 0 -1  0 -1  1
 1 0  4  0  3 -3
 0 0 -1  0 -1  0
 0 0  0 -1 -1  0
 0 1  0 -1  0  1
1,1,1,1;1;1 1 4
3 
#1 
6	% 
  1  0  0  0  0  0
  1  0 -1  0 -2  0
 -3  0 -1  0 -1  0
  2  0  1  0  1  1
 -1 -1  0  0  0 -1
 -1  0  0 -1  0  0
1,1,1,1;1;1 1 5
3 
#1 
6	% 
  1  0  0  0  0  0
  1 -1 -1 -1 -1  2
  1 -1 -1  0  0  0
 -2  1  1  1  1 -1
  2 -1 -1 -1  0  2
 -1  0  1  1  0 -1
1,1;1,1;1;1 1 20
3 
#1 
6	% 
  1 0  0 0  0  0
 -1 0  2 0  1  2
  0 0 -1 0 -1 -1
  0 1  0 0  0  1
  1 0  2 0  2  1
  0 0  0 1  0  0
1,1;1,1;1;1 1 12
3 
#1 
6	% 
 1  0 0 0  0 0
 0  0 1 0  0 0
 0  0 0 1 -1 0
 0 -1 0 0  1 0
 0  0 0 0  0 1
 0  0 0 0  1 0
1,1,1;1;1;1 1 8
3 
#1 
6	% 
 1  0 -1 0 0  0
 0  0  2 0 1  0
 0 -1 -1 0 0  0
 0 -1  0 1 0 -1
 0  0 -2 0 0  1
 0 -1  2 0 1 -1
1,1,1;1;1;1 1 4
1 
#1 
6	% 
  1  0  0  0 -1  0
 -1  0  0  0  0  0
  0  0  0  0 -1 -1
  0  0 -1  0  1  1
  0  0  0 -1  1  1
  0 -1  0  0  1  0
