#181

6-1 1 1
1 
#1 
6	% 
 1 0 0 0 0 0
 0 1 0 0 0 0
 0 0 1 0 0 0
 0 0 0 1 0 0
 0 0 0 0 1 0
 0 0 0 0 0 1
1,1,1,1,1,1 1 1
1 
#1 
6	% 
 1 0 0 0 0 0
 0 1 0 0 0 0
 0 0 1 0 0 0
 0 0 0 1 0 0
 0 0 0 0 1 0
 0 0 0 0 0 1
1,1,1,1,1;1 1 2
30 
#1 
6	% 
  0 0  0  1  0 -1
  0 0  1  0  0 -1
  1 1  1  1  1  0
  0 0  0  0  1 -1
 -1 0 -1 -1 -1  1
  0 1  1  1  1 -1
2-1',2-1';1;1 1 3
90 
#1 
6	% 
 0 1  1 0 0 -1
 1 0  1 0 0  1
 0 0  0 0 0  1
 0 0 -1 0 0  0
 0 0  0 0 1  0
 0 0  0 1 0  0
2-1',2-1';1,1 1 1
90 
#1 
6	% 
 0  0  0 -1 -1 -1
 0  0 -1  0 -1  1
 0  0 -1  0  0  1
 0  0  0  1  1  0
 0 -1  0  0  0  0
 1  1  0  0  0  0
2-1',2-1';1;1 1 7
360 
#1 
6	% 
  0 -1 -1  0  0  1
 -1  0  0 -1 -1  0
  1  0  0  0  1  0
  0  1  1  0  0  0
  0  1  0  0  0 -1
  1  0  0  1  0  0
2-1;1,1;1,1 1 3
180 
#1 
6	% 
  0  0 1  0  0 0
  0  0 0  0  0 1
 -1  0 0 -1  1 0
  0 -1 0 -1 -1 0
  1  1 0  1  0 0
 -1  1 0  0  1 0
2-1;1,1;1,1 1 9
360 
#1 
6	% 
 0 1 0 0  0  0
 1 0 1 1 -1  1
 0 0 0 0  1  0
 0 0 1 0  0  0
 0 0 0 0  0 -1
 0 0 0 1  0  0
1,1,1,1;1,1 1 1
15 
#1 
6	% 
  0 -1 -1 0  0 -1
 -1  0 -1 0  0 -1
 -1 -1  0 0  0 -1
  1  1  1 0  0  1
  0  0  0 0 -1  0
  0  0  0 1  1  0
2-1;1,1,1;1 1 8
360 
#1 
6	% 
 1  0  0  0 0  0
 0 -1  0  0 0  0
 0  1  0  0 0 -1
 0  1  0  0 1  0
 0 -1  0 -1 0  0
 0 -1 -1  0 0  0
1,1,1;1,1,1 1 1
10 
#1 
6	% 
  0  0  1  0  0  0
  0  0  0  1  0  0
  0  0 -1 -1 -1  0
  0 -1  0  0  0 -1
 -1  0  0  0  0 -1
  1  1  0  0  0  1
2-1;1,1,1;1 1 4
180 
#1 
6	% 
 1 0  0 0  0  0
 0 1  0 0  0  0
 0 0  0 1  0  0
 0 0 -1 1 -1  1
 0 0  0 0  0 -1
 0 0 -1 0  0  0
1,1,1,1;1,1 1 3
180 
#1 
6	% 
  0  1  0  0  0  0
 -1  0 -1 -1 -1  1
 -1 -1  0  0  0  1
  1  0  0  1  0 -1
 -1  0 -1  0 -1  0
  1  1  1  0  0  0
1,1,1;1,1,1 1 2
90 
#1 
6	% 
  0  0 0  0  0 1
  0  0 1  0  0 0
 -1  1 0 -1 -1 0
  0  0 0 -1  0 0
  1  0 0  1  0 0
  0 -1 0  1  0 0
2-1;1,1;1,1 1 11
360 
#1 
6	% 
  0 1  1  0  0 -1
 -1 0  0 -1 -1  0
  0 0  0  0  1  0
  0 0 -1  0  0  0
  0 0  0  0  0  1
  0 0  0 -1  0  0
2-1;1,1,1;1 1 1
60 
#1 
6	% 
  0 0 0  0  0 1
  0 0 1  0  0 0
  0 0 0 -1 -1 0
 -1 0 0  0 -1 0
  1 0 0  1  1 0
  0 1 0  0  0 0
1,1,1,1;1,1 1 2
120 
#1 
6	% 
  0  0  0 1  0  0
 -1  1 -1 0 -1  0
  0  0  1 0  0  0
  1  1  0 0  0  1
  0 -1  0 0  0 -1
 -1  0  0 0  0 -1
1,1,1;1,1,1 1 4
60 
#1 
6	% 
  1  1  1 0 1 -1
  1  1  0 0 0 -1
 -1 -2 -1 0 0  1
  1  1  1 1 0 -1
 -2 -1 -1 0 0  1
  1  1  1 0 0  0
2-1;1,1;1,1 1 7
90 
#1 
6	% 
 0 1  0  0 0  0
 1 0  0  0 0  0
 0 0  1  0 1  0
 0 0 -1  0 0  0
 0 0  0 -1 0 -1
 0 0  0  0 0  1
2-1',2-1',2-1' 1 1
60 
#1 
6	% 
  1  0 0 -1  1 -1
  0  1 1  1  1  0
  1  1 1  1  1  0
 -1  1 0  1 -1  1
 -1  1 1  1  0  0
 -1 -1 0  0 -1  1
2-1;1,1;1,1 1 1
45 
#1 
6	% 
 0  0 0 0  0 1
 0  0 1 0  0 0
 0 -1 0 0  0 0
 1  1 0 0  0 0
 0  0 0 0 -1 0
 0  0 0 1  1 0
1,1,1;1,1,1 1 3
180 
#1 
6	% 
 -1  0 -1 -1 -1 -1
  0 -1 -1  0  0  1
 -1  0  0  0  0 -1
  1  0  0  1  0  1
  1  0  1  0  0  0
 -1  0 -1  0 -1  0
2-1',2-1';1;1 1 1
90 
#1 
6	% 
 0 0  0  1 -1  1
 0 0  1  1  1  0
 0 0  1  0  1 -1
 0 0 -1 -1  0 -1
 1 0  0  0  0  0
 0 1  0  0  0  0
1,1,1,1,1;1 1 1
6 
#1 
6	% 
  0  0  0 -1  0 0
 -1  0 -1 -1 -1 0
 -1 -1  0 -1 -1 0
  0 -1 -1  0 -1 0
  1  1  1  1  1 0
  0  0  0  0  0 1
2-1;1,1,1,1 1 1
15 
#1 
6	% 
  0  0 1  0  0 0
  0  0 0  0  0 1
  0 -1 0 -1 -1 0
 -1  0 0 -1 -1 0
 -1 -1 0  0 -1 0
  1  1 0  1  1 0
2-2;1,1,1,1 1 2
80 
#1 
6	% 
  1  1  1  1 0  0
  0  0  0  0 0 -1
  1  1  1  1 1  0
 -1 -1  0 -1 0  1
  1  0  1  1 0 -1
  0 -1 -1 -1 0  1
2-2',2-2';1,1 1 3
320 
#1 
6	% 
  0  0  0  0  0  1
  0  0  0  0  1  0
  0  0  0 -1  0  0
  0  0 -1 -1 -1  0
  0 -1  0 -1  0 -1
 -1  0  0  0 -1 -1
1,1,1,1;1;1 1 3
15 
#1 
6	% 
 0 0 -1 -1  0 -1
 0 0  0 -1 -1 -1
 0 0 -1  0 -1 -1
 0 0  1  1  1  1
 0 1  0  0  0  0
 1 0  0  0  0  0
1,1,1;1,1;1 1 2
180 
#1 
6	% 
  1  1 0 0  0  0
  1  1 0 0  1  0
 -2 -2 0 0 -1 -1
  0  0 1 0  0  0
  0  0 0 1  0  0
  1  0 0 0  0  0
2-2;1,1,1;1 1 5
480 
#1 
6	% 
 -1 -1 -2 -1 -1 -1
  0  1  0  0  0  0
 -1  0  0  0  0  0
  0  0  1  0  0  1
  0  0  1  0  1  0
  0  0  1  1  0  0
1,1,1;1,1;1 1 12
360 
#1 
6	% 
 -1 -1  0 -2  0 -2
  0  0  1 -1  1 -1
  2  2 -1  4 -1  4
  0  0  0  0  1 -1
  1  1  0  2 -1  2
  0 -1  0 -1  0 -1
1,1,1,1;1;1 1 5
180 
#1 
6	% 
  0  0  0  0  1 1
 -1 -1 -1 -1  1 0
  0  0 -1  0  1 0
  1  0  1  1 -2 0
  0 -1 -1 -1  2 0
  0  0  0  1 -1 0
1,1,1;1,1;1 1 9
360 
#1 
6	% 
 0  0 -1  1  0 0
 0  0  0  0  1 1
 0  0  1 -1 -1 0
 1  1  0  1  0 0
 0 -1  0  0  0 0
 1 -1  0  0  0 0
1,1,1;1,1;1 1 4
120 
#1 
6	% 
  0 0  0 1  1 0
  0 0 -1 0  0 0
  0 0  0 0 -1 0
  0 1  0 0  0 1
  0 0  0 0  0 1
 -1 1  0 0  0 0
1,1,1;1,1;1 1 7
720 
#1 
6	% 
 -1 -1 0  0  0 0
 -2 -2 0 -1  1 0
  4  4 0  2 -2 1
 -1 -1 0  0  1 0
  0  0 1  1  1 0
 -1  0 0  0  0 0
1,1,1,1;1;1 1 2
120 
#1 
6	% 
  0 0 0 1 0 0
  0 0 0 0 1 0
  0 0 0 0 0 1
  0 0 1 0 0 0
  0 1 0 0 0 0
 -1 0 0 0 0 0
2-1;2-1;1;1 1 5
45 
#1 
6	% 
 1 0 0 0 0 0
 0 1 0 0 0 0
 0 0 0 0 0 1
 0 0 1 0 0 0
 0 0 0 0 1 0
 0 0 0 1 0 0
4-1;1;1 1 3
15 
#1 
6	% 
 1 0 0 0 0 0
 0 1 0 0 0 0
 0 0 0 0 0 1
 0 0 1 0 0 0
 0 0 0 0 1 0
 0 0 0 1 0 0
2-1,2-1;1;1 1 3
180 
#1 
6	% 
 0 0  0 0 0 -1
 0 0 -1 0 0  0
 1 0  0 0 0  1
 0 1  1 0 0  0
 0 0  0 0 1  0
 0 0  0 1 0  0
2-1;2-1;1;1 1 21
90 
#1 
6	% 
 0 0 -1 0 0  0
 0 0  0 0 1  0
 0 1  0 0 0  0
 0 0  0 0 0 -1
 1 0  0 0 0  0
 0 0  0 1 0  0
2-1,2-1;2-1 2 1
180 
#1 
6	% 
  0 -1 -1 0 0  1
 -1  0 -1 0 0 -1
  1  1  1 0 0  0
  1 -1  0 0 0  1
  0  0  0 0 1  0
  0  0  0 1 0  0
2-1,2-1;1;1 3 3
90 
#1 
6	% 
 -1  0 -1 0 0 -1
  0 -1 -1 0 0  1
  1 -1  0 0 0  1
  1  1  1 0 0  0
  0  0  0 0 1  0
  0  0  0 1 0  0
2-1;2-1;2-1 1 1
15 
#1 
6	% 
 0 1 0 0 0 0
 1 0 0 0 0 0
 0 0 0 0 1 0
 0 0 0 1 0 0
 0 0 0 0 0 1
 0 0 1 0 0 0
2-1,2-1;2-1 1 1
180 
#1 
6	% 
 0 0 -1 0 0  0
 0 0  0 0 0 -1
 0 1  1 0 0  0
 1 0  0 0 0  1
 0 0  0 0 1  0
 0 0  0 1 0  0
2-1,2-1;1;1 2 4
180 
#1 
6	% 
 1 0  1 0 0 -1
 0 1 -1 0 0 -1
 0 0  0 0 0  1
 0 0  1 0 0  0
 0 0  0 0 1  0
 0 0  0 1 0  0
2-1',2-1';2-1 1 1
90 
#1 
6	% 
 0 1  1 0 0 -1
 1 0  1 0 0  1
 0 0  0 0 0  1
 0 0 -1 0 0  0
 0 0  0 0 1  0
 0 0  0 1 0  0
4-1;2-1 1 1
15 
#1 
6	% 
 0 1 0 0 0 0
 1 0 0 0 0 0
 0 0 0 0 0 1
 0 0 1 0 0 0
 0 0 0 0 1 0
 0 0 0 1 0 0
2-1;2-1;2-1 1 5
90 
#1 
6	% 
 0 0  0 0 1  0
 0 0  0 1 0  0
 0 0 -1 0 0  0
 0 1  0 0 0  0
 0 0  0 0 0 -1
 1 0  0 0 0  0
4-1';2-1 1 1
180 
#1 
6	% 
 0 0 -1 0 0  0
 0 0  0 0 0 -1
 0 1  0 0 0  0
 1 0  0 0 0  0
 0 0  0 0 1  0
 0 0  0 1 0  0
4-1';1;1 1 3
180 
#1 
6	% 
 0 0 -1 0 0  0
 0 0  0 0 0 -1
 0 1  0 0 0  0
 1 0  0 0 0  0
 0 0  0 0 1  0
 0 0  0 1 0  0
2-1,2-1;2-1 3 1
90 
#1 
6	% 
 -1  0 -1 0 0 -1
  0 -1 -1 0 0  1
  1 -1  0 0 0  1
  1  1  1 0 0  0
  0  0  0 0 1  0
  0  0  0 1 0  0
4-1;1,1 1 1
15 
#1 
6	% 
 0  0 0 1 0 0
 0  0 1 0 0 0
 0  0 0 0 0 1
 0  0 0 0 1 0
 0 -1 0 0 0 0
 1  1 0 0 0 0
2-1;2-1;1,1 1 6
90 
#1 
6	% 
 0 -1 0 0 0  0
 1  1 0 0 0  0
 0  0 0 0 1  0
 0  0 0 1 0  0
 0  0 0 0 0 -1
 0  0 1 0 0  0
2-1,2-1;1,1 1 1
180 
#1 
6	% 
 0  0  0 0  0 -1
 0  0  0 0 -1  0
 0  0 -1 0  0  1
 0  0  0 1  1  0
 0 -1  0 0  0  0
 1  1  0 0  0  0
2-1;2-1;1;1 1 11
90 
#1 
6	% 
 1 0 0 0  0 0
 0 1 0 0  0 0
 0 0 0 0 -1 0
 0 0 0 1  0 0
 0 0 0 0  0 1
 0 0 1 0  0 0
4-1;1;1 1 1
15 
#1 
6	% 
 0 0 0 1 0 0
 0 0 1 0 0 0
 0 0 0 0 0 1
 0 0 0 0 1 0
 1 0 0 0 0 0
 0 1 0 0 0 0
2-1;2-1;1,1 1 1
45 
#1 
6	% 
 0  0 0 0 0 1
 0  0 0 0 1 0
 0  0 0 1 0 0
 0  0 1 0 0 0
 0 -1 0 0 0 0
 1  1 0 0 0 0
4-1';1;1 1 1
180 
#1 
6	% 
 0 0 0 0 -1 0
 0 0 0 0  0 1
 0 0 0 1  0 0
 0 0 1 0  0 0
 1 0 0 0  0 0
 0 1 0 0  0 0
2-1,2-1;1;1 3 1
90 
#1 
6	% 
 0 0  1  0  1 -1
 0 0  0  1  1  1
 0 0 -1  1  0  1
 0 0 -1 -1 -1  0
 1 0  0  0  0  0
 0 1  0  0  0  0
2-1,2-1;1,1 3 1
90 
#1 
6	% 
 0  0 0 0 1  0
 0  0 0 0 0 -1
 0  0 0 1 0  0
 0  0 1 0 0  0
 0 -1 0 0 0  0
 1  1 0 0 0  0
2-1,2-1;1;1 1 1
180 
#1 
6	% 
 0 0  0 -1 -1 0
 0 0 -1  0  0 1
 0 0  0  1  0 0
 0 0  1  0  0 0
 1 0  0  0  0 0
 0 1  0  0  0 0
2-1;2-1;1;1 1 1
45 
#1 
6	% 
 0 0 0 1 0 0
 0 0 1 0 0 0
 0 0 0 0 0 1
 0 0 0 0 1 0
 1 0 0 0 0 0
 0 1 0 0 0 0
2-1,2-1;1;1 2 1
180 
#1 
6	% 
 0 0  0 -1  1 -1
 0 0 -1  0 -1 -1
 0 0  0  0  0  1
 0 0  0  0  1  0
 1 0  0  0  0  0
 0 1  0  0  0  0
4-1';1,1 1 1
180 
#1 
6	% 
 0  0 0 0 -1 0
 0  0 0 0  0 1
 0  0 0 1  0 0
 0  0 1 0  0 0
 0 -1 0 0  0 0
 1  1 0 0  0 0
2-1,2-1;1,1 2 1
180 
#1 
6	% 
 0  0  0 -1  1 -1
 0  0 -1  0 -1 -1
 0  0  0  0  0  1
 0  0  0  0  1  0
 0 -1  0  0  0  0
 1  1  0  0  0  0
2-1;2-1;1;1 1 18
180 
#1 
6	% 
 1 0 0  0  0  0
 0 1 0  0  0  0
 0 0 0  0  0 -1
 0 0 0  0 -1  0
 0 0 0 -1  0  0
 0 0 1  0  0  0
4-2;2-1 1 2
160 
#1 
6	% 
 0 0 0  0 0 1
 1 0 0  0 0 0
 0 0 1  0 0 0
 0 0 0  0 1 0
 0 0 0 -1 0 0
 0 1 0  0 0 0
2-1,2-1;1;1 2 11
720 
#1 
6	% 
 0 1 0  0  0  0
 1 0 0  0  0  0
 0 0 0  0  0 -1
 0 0 0  0 -1  0
 0 0 0 -1  0  0
 0 0 1  0  0  0
2-1,2-1;2-1 1 3
720 
#1 
6	% 
  0 -1 -1  0  0 1
 -1  0  0 -1 -1 0
  1  0  0  0  1 0
  0 -1 -1  0  0 0
  0 -1  0  0  0 1
  1  0  0  1  0 0
2-1,2-1;1;1 1 7
720 
#1 
6	% 
  0 -1 -1  0  0  1
 -1  0  0 -1 -1  0
  1  0  0  0  1  0
  0  1  1  0  0  0
  0  1  0  0  0 -1
  1  0  0  1  0  0
2-1,2-1;2-1 2 4
720 
#1 
6	% 
 0 1 -1 -1 -1  1
 1 0  1 -1 -1 -1
 0 0  0  0  1  0
 0 0 -1  0  0  0
 0 0  0  0  0  1
 0 0  0  1  0  0
2-1',2-1';2-1 1 3
360 
#1 
6	% 
  0 -1 -1  0  0 1
  1  0  0  1  1 0
 -1  0  0  0 -1 0
  0 -1 -1  0  0 0
  0 -1  0  0  0 1
 -1  0  0 -1  0 0
2-1;1;1;1;1 1 3
90 
#1 
6	% 
 0 0 1 0 0 0
 0 0 0 0 0 1
 1 0 0 0 0 0
 0 1 0 0 0 0
 0 0 0 0 1 0
 0 0 0 1 0 0
2-1;1,1;1;1 1 4
360 
#1 
6	% 
 0  0 0  0  0 1
 0  0 1  0  0 0
 0 -1 0 -1 -1 0
 1  0 0  0  0 0
 0  1 0  0  1 0
 0 -1 0 -1  0 0
2-2;2-1;1;1 1 5
240 
#1 
6	% 
 0  0 1  0 0 0
 0  0 0  0 0 1
 1  0 0  0 0 0
 0  0 0  0 1 0
 0  0 0 -1 0 0
 0 -1 0  0 0 0
2-1;1;1;1;1 1 22
180 
#1 
6	% 
 1 0 0  0  0  0
 0 1 0  0  0  0
 0 0 0  0  0 -1
 0 0 0  0 -1  0
 0 0 0 -1  0  0
 0 0 1  0  0  0
2-1;1,1;1;1 1 24
720 
#1 
6	% 
 0  1  0 0 0 0
 1  0  0 0 0 0
 0  1  0 0 0 1
 0 -1 -1 0 0 0
 0  1  0 0 1 0
 0 -1  0 1 0 0
1,1,1;1;1;1 1 1
20 
#1 
6	% 
  0 -1 -1 0 0 0
 -1  0 -1 0 0 0
  1  1  1 0 0 0
  0  0  0 1 0 0
  0  0  0 0 1 0
  0  0  0 0 0 1
1,1,1;1;1;1 1 5
60 
#1 
6	% 
 0 1  0 0 0  1
 0 0 -1 0 0  0
 0 0  0 0 0 -1
 1 0  0 0 0  0
 0 0  0 0 1  0
 0 0  0 1 0  0
1,1,1;1,1;1 1 1
60 
#1 
6	% 
 0 1  0 0  0  1
 0 0 -1 0  0  0
 0 0  0 0  0 -1
 0 0  0 0 -1  0
 0 0  0 1  1  0
 1 0  0 0  0  0
1,1;1,1;1;1 1 4
45 
#1 
6	% 
 0  1 1 0 0  0
 0 -1 0 0 0  0
 0  0 0 0 0 -1
 1  0 0 0 0  1
 0  0 0 0 1  0
 0  0 0 1 0  0
1,1;1,1;1;1 1 1
45 
#1 
6	% 
 0  1 1 0 0  0
 0 -1 0 0 0  0
 0  0 0 0 0 -1
 1  0 0 0 0  1
 0  0 0 1 0  0
 0  0 0 0 1  0
1,1;1,1;1,1 1 1
15 
#1 
6	% 
 0  1 1  0 0  0
 0 -1 0  0 0  0
 0  0 0  1 1  0
 0  0 0 -1 0  0
 0  0 0  0 0 -1
 1  0 0  0 0  1
1,1;1,1;1;1 1 19
180 
#1 
6	% 
 -1  0 -1 0 0  1
  0 -1 -1 0 0 -1
  1  1  1 0 0  0
  0  0  0 0 1  0
 -1  1  0 0 0  1
  0  0  0 1 0  0
1,1;1,1;1;1 1 7
180 
#1 
6	% 
 -1  0 -1 0 0  1
  0 -1 -1 0 0 -1
  0  0  0 1 0  0
  0  0  0 0 1  0
  1  1  1 0 0  0
 -1  1  0 0 0  1
1,1;1,1;1,1 1 2
180 
#1 
6	% 
 -1  0 -1 0  0  1
  0  0  0 0 -1  0
  0  0  0 1  1  0
  0 -1 -1 0  0 -1
  1  1  1 0  0  0
 -1  1  0 0  0  1
1,1,1;1;1;1 1 10
180 
#1 
6	% 
  0 -1  0 0  0  0
 -1 -1 -1 0  0  1
  1  1  0 0  0 -1
  0  0  0 0 -1  0
  0  0  0 1  0  0
 -1 -1 -1 0  0  0
1,1,1;1;1;1 1 2
180 
#1 
6	% 
 -1  0  0 0 0 1
 -1 -1  1 0 0 0
  0  0  0 1 0 0
  0  0  0 0 1 0
  1  0 -1 0 0 0
 -1 -1  0 0 0 0
2-2;1,1;1,1 1 3
240 
#1 
6	% 
 1 0  0 0 0 0
 0 0  0 1 0 0
 0 0  0 0 1 0
 0 0  0 0 0 1
 0 0 -1 0 0 0
 0 1  0 0 0 0
1,1;1,1;1,1 1 5
90 
#1 
6	% 
  0  0  0 0 -1  0
  0  0  0 1  1  0
  1  1  1 0  0  0
 -1 -1  0 0  0  0
  0  1  1 0  0 -1
  0  0 -1 0  0  1
1,1;1,1;1;1 1 34
90 
#1 
6	% 
 0  1  0 0 0 0
 0 -1  0 0 0 1
 0  0  0 0 1 0
 1  0  1 0 0 0
 0  0 -1 0 0 0
 0  0  0 1 0 0
1,1;1,1;1;1 1 23
90 
#1 
6	% 
  0  0  0 0 1  0
  0  0  0 1 0  0
  1  1  1 0 0  0
 -1 -1  0 0 0  0
  0  1  1 0 0 -1
  0  0 -1 0 0  1
1,1,1,1;1;1 1 1
15 
#1 
6	% 
  0 -1 -1 0 0 -1
 -1  0 -1 0 0 -1
 -1 -1  0 0 0 -1
  1  1  1 0 0  1
  0  0  0 1 0  0
  0  0  0 0 1  0
2-1;1,1;1;1 1 26
180 
#1 
6	% 
 0 -1 0  0 0 0
 1  1 0  0 0 0
 0  0 0  0 0 1
 0  0 0  0 1 0
 0  0 0 -1 0 0
 0  0 1  0 0 0
3;1,1,1 1 3
120 
#1 
6	% 
  1  0  0  0  0  0
 -1 -1 -1 -1 -1  1
  0 -1  0 -1 -1  1
  0 -1 -1  0 -1  1
  0  1  1  1  0 -1
  0  1  1  1  1  0
2-1;1,1;1;1 1 32
720 
#1 
6	% 
  0  1  0  0  0  0
 -1  0  0  0  0  0
  1  1  0  0  0 -1
 -1 -1  0 -1  0  0
 -1 -1  0  0 -1  0
 -1 -1 -1  0  0  0
2-2;1,1,1;1 1 4
80 
#1 
6	% 
  0 -1  0 0 0 -1
 -1  0  0 0 0 -1
  1  1  0 0 0  1
  0  0  0 0 1  0
  0  0  0 1 0  0
  0  0 -1 0 0  0
1,1;1,1;1;1 1 2
360 
#1 
6	% 
 0 0 1 1 -1 0
 0 1 0 0  0 0
 0 0 0 0  0 1
 1 0 0 0  0 0
 0 0 0 0  1 0
 0 0 1 0  0 0
1,1;1,1;1;1 1 8
360 
#1 
6	% 
 0  0 0  0  0 1
 0  0 1 -1  1 0
 0  0 0  1 -1 0
 1  0 0  0  0 0
 0 -1 0  0  0 0
 0  0 1  0  1 0
2-2;2-2;1;1 1 12
160 
#1 
6	% 
 0 0 0 0 1 0
 0 0 0 1 0 0
 0 0 1 0 0 0
 0 0 0 0 0 1
 0 1 0 0 0 0
 1 0 0 0 0 0
2-1,2-1,2-1 1 1
240 
#1 
6	% 
  0  0  0 -1 -1  0
 -1  0  0  0  0 -1
  0  0 -1  0 -1  0
  0  1  0  0  0 -1
  0  0  1  1  1  0
  1 -1  0  0  0  1
2-1;1,1;1;1 1 6
90 
#1 
6	% 
 1 0 0 0 0 0
 0 1 0 0 0 0
 0 0 0 1 0 0
 0 0 0 0 1 0
 0 0 0 0 0 1
 0 0 1 0 0 0
2-1;1,1;1;1 1 18
180 
#1 
6	% 
 0 1  0  0  0  0
 1 0  0  0  0  0
 0 0  0 -1  0  0
 0 0  0  1  1 -1
 0 0  0  0  1  0
 0 0 -1 -1 -1  0
2-2;2-1;1,1 1 3
240 
#1 
6	% 
 0 1  0  0  0  0
 1 0  0  0  0  0
 0 0  1  1  1 -1
 0 0 -1 -1 -1  0
 0 0  1  0  1 -1
 0 0  0 -1 -1  1
1,1,1;1;1;1 1 19
120 
#1 
6	% 
  1 0 0 0 0 0
  0 1 0 0 0 0
 -1 0 0 0 0 1
  1 0 0 1 0 0
  1 0 0 0 1 0
  1 0 1 0 0 0
1,1,1;1;1;1 1 7
360 
#1 
6	% 
 0  1 1  1  1 -1
 1  0 0  0  0  0
 0  1 0  0  1  0
 0 -1 0 -1 -1  1
 0 -1 0 -1  0  0
 0  1 1  1  1  0
1,1,1;1,1;1 1 8
360 
#1 
6	% 
 0  2  1  1  1 -1
 0  2  1  0  0 -1
 0 -5 -3 -1 -1  3
 0  1  0  1  0 -1
 0  1  1  0  0  0
 1  0  0  0  0  0
1,1;1,1;1,1 1 4
360 
#1 
6	% 
 -1  0  0 -1 -1  0
  0 -1 -1  0  0  1
  0  1  0  0  0 -1
  1  0  0  0  1  0
 -1  0  0 -1  0  0
  0 -1 -1  0  0  0
1,1;1,1;1;1 1 36
360 
#1 
6	% 
 0 1 0  0  0  0
 1 0 1 -1 -1 -1
 0 0 1  0  0  0
 0 0 0  0  1  0
 0 0 0 -1  0  0
 0 0 0  0  0 -1
4-3';1,1 1 2
576 
#1 
6	% 
 -2 -1 -1 -1 -1  1
 -1  0  0  0 -1  1
 -1  0  0 -1 -1  0
  1  0  1  1  0  0
 -1 -1 -1  0  0  0
  1  1  0  0  0 -1
2-2,2-2;1,1 1 3
960 
#1 
6	% 
 -1  0 0  0 -1 1
  0 -1 0 -1 -1 0
  1  0 1  1  0 0
  1  0 0  0  0 0
  0  0 0  0  1 0
  0  0 0  1  0 0
1,1;1,1;1,1 1 10
120 
#1 
6	% 
 0 0  0 0 0 -1
 0 1  0 0 0  0
 0 0  1 1 0  1
 0 0 -1 0 0  0
 0 0 -1 0 1 -1
 1 0  0 0 0  0
1,1,1;1;1;1 1 15
120 
#1 
6	% 
  1 -1 0 0  0 1
 -1  1 0 0 -1 0
  0  1 0 0  0 0
 -1  1 1 0  0 0
  1  0 0 0  0 0
  1 -1 0 1  0 0
1,1;1,1;1;1 1 9
180 
#1 
6	% 
 0 -1  0  0  0  0
 1  1  0  0  0  0
 0  0  0 -1  0  0
 0  0  0  1  1 -1
 0  0  0  0  1  0
 0  0 -1 -1 -1  0
1,1;1,1;1;1 1 25
360 
#1 
6	% 
  0  1  0  0 0  0
  1 -1  0  0 0 -1
  0  0  0  0 1  0
  1  0  0  0 0  0
  0  0  0 -1 0  0
 -1  1 -1  0 0  0
1,1;1,1;1;1 1 39
360 
#1 
6	% 
  0 1  0 -1 -1  0
 -1 0 -1  0  0  1
  0 0  0  0  0 -1
  0 0  0  1  0  0
  0 0 -1  0  0  0
  0 0  0  0  1  0
2-1,2-1,2-1 2 1
720 
#1 
6	% 
  0  0  0 -1 0 0
  0  0 -1  0 0 0
  0  0  0  0 1 0
  0  0  0  0 0 1
  0 -1  0  0 0 0
 -1  0  0  0 0 0
1,1;1,1;1;1 1 16
720 
#1 
6	% 
  0 0 0  0 0 1
  0 0 1  0 0 0
  0 0 0  1 0 0
  0 1 0 -1 1 0
  0 0 0  0 1 0
 -1 0 0 -1 1 0
1,1,1;1,1;1 1 3
360 
#1 
6	% 
 -1  1 0  0 0 0
  0  0 0  1 1 0
  1 -1 0 -1 0 0
  0  1 0  0 0 0
  1  1 0  0 0 1
  0  0 1  0 0 0
2-1;1;1;1;1 1 35
180 
#1 
6	% 
 0 1 0  0  0 0
 1 0 0  0  0 0
 0 0 0  0  0 1
 0 0 0  0 -1 0
 0 0 0 -1  0 0
 0 0 1  0  0 0
4-2;1;1 1 6
160 
#1 
6	% 
  0 0  0 0 0 1
  0 0  0 0 1 0
  0 0  0 1 0 0
  0 0 -1 0 0 0
 -1 0  0 0 0 0
  0 1  0 0 0 0
2-1;1,1;1;1 1 1
90 
#1 
6	% 
 0 0 0 0  0 1
 0 0 1 0  0 0
 0 0 0 0 -1 0
 1 0 0 0  1 0
 0 1 0 0  0 0
 0 0 0 1  0 0
3;1,1,1 2 1
20 
#1 
6	% 
  0 0 0  0  0 1
  0 0 1  0  0 0
  0 1 0  0  0 0
  0 0 0 -1 -1 0
 -1 0 0  0 -1 0
  1 0 0  1  1 0
2-2;1,1;1,1 1 4
480 
#1 
6	% 
 0 0  0  0  0 1
 0 1  0  0  0 0
 1 0  0  0  0 0
 0 0  0  0 -1 0
 0 0  0 -1  0 0
 0 0 -1  0  0 0
2-2;1,1,1;1 1 3
240 
#1 
6	% 
  1 -1  1  1  1 0
  0  0  0 -1  0 0
  0  0  0  0  0 1
 -1  1  0  0 -1 0
  1  0  1  0  1 0
  0  1 -1  0 -1 0
2-1,2-1,2-1 3 1
720 
#1 
6	% 
 -1  0 0  0  0 1
  0 -1 0 -1  0 0
  0  1 1  0  0 0
 -1  0 0  0 -1 0
  0 -1 0  0  0 0
  1  0 0  0  0 0
2-2,2-2;1;1 2 6
320 
#1 
6	% 
 0  0 -1  1 0 1
 0  0  0  1 0 1
 1 -1 -1  1 0 1
 0  0 -1  1 1 1
 0 -1 -1  0 0 1
 0  0  0 -1 0 0
2-2;2-2;1;1 1 18
960 
#1 
6	% 
 0 0  0 0 1  0
 0 0 -1 0 0  0
 0 0  0 1 0  0
 0 1  0 0 0  0
 0 0  0 0 0 -1
 1 0  0 0 0  0
2-1;1;1;1;1 1 39
30 
#1 
6	% 
 0 1  0 0  0 0
 1 0  0 0  0 0
 0 0  0 1  0 0
 0 0  0 0  0 1
 0 0  0 0 -1 0
 0 0 -1 0  0 0
2-1;1;1;1;1 1 14
45 
#1 
6	% 
 0 1 0 0 0 0
 1 0 0 0 0 0
 0 0 0 0 0 1
 0 0 0 0 1 0
 0 0 1 0 0 0
 0 0 0 1 0 0
4-2';2-1 1 2
960 
#1 
6	% 
  0 0 0  0 0 1
  0 0 1  0 0 0
 -1 0 0  0 0 0
  0 1 0  0 0 0
  0 0 0 -1 0 0
  0 0 0  0 1 0
2-1;1;1;1;1 1 1
15 
#1 
6	% 
 0 0 0 0 0 1
 0 0 1 0 0 0
 1 0 0 0 0 0
 0 1 0 0 0 0
 0 0 0 1 0 0
 0 0 0 0 1 0
4-3';1;1 1 3
576 
#1 
6	% 
 1  0  0  0 0 0
 0  0  0  0 0 1
 0  0 -1  0 0 0
 0  0  0 -1 0 0
 0 -1  0  0 0 0
 0  0  0  0 1 0
2-2,2-2;1;1 2 5
960 
#1 
6	% 
  0  1 -1 -1  1  1
 -1 -1 -1  0 -1 -1
 -1  1 -1 -1  0 -1
 -1  1 -1 -1  1  0
 -1 -1  0  1 -1 -1
  1  0  1  1  1  1
2-2;2-2;1,1 1 8
160 
#1 
6	% 
  0 0 1  0  0  0
  0 1 0  0  0  0
 -1 0 0  0  0  0
  0 0 0  0  0 -1
  0 0 0  0 -1  0
  0 0 0 -1  0  0
3,3 4 1
240 
#1 
6	% 
 0 0 0  0  0 -1
 0 0 0 -1  0  0
 0 0 0  0 -1  0
 0 0 1  0  0  1
 1 0 0  1  0  0
 0 1 0  0  1  0
3;2-2;1 2 4
80 
#1 
6	% 
 0 0 1  0 0 0
 0 1 0  0 0 0
 1 0 0  0 0 0
 0 0 0 -1 0 0
 0 0 0  1 0 1
 0 0 0  0 1 0
3;2-2;1 2 8
480 
#1 
6	% 
 -1 0  0  0 -1  0
 -1 0 -1  0 -1  0
  0 0  0  0  0 -1
  1 0  0  0  0  0
  0 0  0 -1  0  0
  0 1  0  1  0  0
3,3 8 1
480 
#1 
6	% 
 0  0 0 -1 0  1
 0  1 1  0 0  0
 0  0 0  0 0  1
 0 -1 0  1 0 -1
 0  1 0 -1 1  0
 1  0 0  0 0  0
2-2;1,1;1;1 1 8
240 
#1 
6	% 
 0 0  1  1 -1 1
 0 1  0  0  0 0
 1 0  0  0  0 0
 0 0  0  0  1 0
 0 0  0 -1  0 0
 0 0 -1  0  0 0
1,1;1;1;1;1 1 28
180 
#1 
6	% 
  0 0 0 0  0 -1
  0 1 0 0  1  1
  0 0 0 1  0  0
  0 0 0 0  1  0
  0 0 1 0  0  0
 -1 0 0 0 -1 -1
1,1;1;1;1;1 1 2
120 
#1 
6	% 
  0 0 0 0 1 0
  0 0 0 0 0 1
  0 0 1 0 0 0
  0 0 0 1 0 0
  0 1 0 0 0 0
 -1 0 0 0 0 0
1,1;1;1;1;1 1 25
45 
#1 
6	% 
 0  0 0 0 1  1
 0  0 0 0 0 -1
 0  0 0 1 0  0
 0 -1 0 0 0  0
 1  0 0 0 0  0
 0  0 1 0 0  0
1,1;1;1;1;1 1 3
90 
#1 
6	% 
 0 0 0 0  1  0
 0 0 0 0 -1 -1
 0 0 1 0  0  0
 0 0 0 1  0  0
 0 1 0 0  0  0
 1 0 0 0  0  0
1,1;1;1;1;1 1 9
360 
#1 
6	% 
  0 0 0 0 0 1
  0 0 0 0 1 0
  0 0 0 1 0 0
  0 1 0 0 0 0
  0 0 1 0 0 0
 -1 0 0 0 0 0
1,1;1;1;1;1 1 11
180 
#1 
6	% 
 0  0 1 0 0 0
 0  0 0 1 0 0
 0 -1 0 0 0 0
 0  0 0 0 0 1
 0  0 0 0 1 0
 1  0 0 0 0 0
3;1,1;1 2 4
120 
#1 
6	% 
  0 0 0 0 0 1
  0 0 0 0 1 0
  0 0 0 1 0 0
  0 0 1 0 0 0
  0 1 0 0 0 0
 -1 0 0 0 0 0
3;1,1;1 1 11
240 
#1 
6	% 
  0  1  0  0 0 0
  1  0  0  0 0 0
  1  1  0  0 0 1
  1  1  0  0 1 0
 -1 -1  0 -1 0 0
 -1 -1 -1  0 0 0
4-3;1,1 1 2
96 
#1 
6	% 
  1  1  1  1  1  1
 -1 -1 -1  0 -1 -1
  1  1  1  1  0  1
  1  1  1  1  1  0
  1  0  1  1  1  1
  0 -1 -1 -1 -1 -1
2-2;1,1;1;1 1 7
480 
#1 
6	% 
  0  0 1  0  0  0
  0  1 0  0  0  0
 -1  0 0  0  0  0
 -1 -1 0  0  0 -1
 -1 -1 0  0 -1  0
 -1 -1 0 -1  0  0
2-2;1,1;1;1 1 11
480 
#1 
6	% 
  0 0 1 0 0 0
  0 1 0 0 0 0
 -1 0 0 0 0 0
  0 0 0 0 0 1
  0 0 0 0 1 0
  0 0 0 1 0 0
1,1;1;1;1;1 1 54
240 
#1 
6	% 
  0 1  0 0 0 0
 -1 0  0 0 0 0
  0 0  0 0 0 1
  0 0  0 1 0 0
  0 0  0 0 1 0
  0 0 -1 0 0 0
3;3 4 4
60 
#1 
6	% 
 0 0  0 0  0 -1
 0 0  0 0 -1  0
 0 0 -1 0  0  0
 0 0  0 1  0  0
 0 1  0 0  0  0
 1 0  0 0  0  0
5-1;1 1 1
6 
#1 
6	% 
 0 1 0 0 0 0
 0 0 0 0 0 1
 0 0 0 0 1 0
 0 0 0 1 0 0
 0 0 1 0 0 0
 1 0 0 0 0 0
3;2-1;1 2 1
60 
#1 
6	% 
 0 1 0 0 0 0
 0 0 0 1 0 0
 0 0 1 0 0 0
 0 0 0 0 0 1
 0 0 0 0 1 0
 1 0 0 0 0 0
3;2-1;1 1 6
120 
#1 
6	% 
 0 1  0 0 0 0
 1 0  0 0 0 0
 0 0  0 0 0 1
 0 0  0 0 1 0
 0 0  0 1 0 0
 0 0 -1 0 0 0
3;3 6 3
480 
#1 
6	% 
  0 0 0 0  0 1
  0 1 0 0  0 0
  0 0 1 0  0 0
  0 0 0 1  0 0
  0 0 0 0 -1 0
 -1 0 0 0  0 0
3;1;1;1 2 3
60 
#1 
6	% 
 0 0 0 0 0 1
 0 1 0 0 0 0
 0 0 1 0 0 0
 1 0 0 0 0 0
 0 0 0 0 1 0
 0 0 0 1 0 0
3;1;1;1 1 7
120 
#1 
6	% 
 1 0  0 0 0 0
 0 1  0 0 0 0
 0 0  0 0 0 1
 0 0  0 0 1 0
 0 0  0 1 0 0
 0 0 -1 0 0 0
3;1,1;1 1 6
240 
#1 
6	% 
 0 1 0  0  0  0
 1 0 0  0  0  0
 0 0 0  0  0 -1
 0 0 0  0 -1  0
 0 0 0 -1  0  0
 0 0 1  0  0  0
1,1;1;1;1;1 1 1
15 
#1 
6	% 
 0 1 0 0 0 0
 0 0 1 0 0 0
 1 0 0 0 0 0
 0 0 0 1 0 0
 0 0 0 0 1 0
 0 0 0 0 0 1
2-2;1;1;1;1 1 5
80 
#1 
6	% 
  0 0 0 0 1 0
  0 0 0 0 0 1
  0 0 0 1 0 0
  0 0 1 0 0 0
  0 1 0 0 0 0
 -1 0 0 0 0 0
2-2;1;1;1;1 1 7
240 
#1 
6	% 
 1  0 0 0 0 0
 0  0 0 0 1 0
 0  0 0 1 0 0
 0  0 0 0 0 1
 0  0 1 0 0 0
 0 -1 0 0 0 0
2-2;1,1;1;1 1 6
240 
#1 
6	% 
 0  0 0  1 1 0
 0  0 0 -1 0 0
 1  0 0  0 0 0
 0  0 0  0 0 1
 0  0 1  0 0 0
 0 -1 0  0 0 0
1;1;1;1;1;1 1 2
15 
#1 
6	% 
 1 0 0 0 0 0
 0 1 0 0 0 0
 0 0 1 0 0 0
 0 0 0 0 0 1
 0 0 0 0 1 0
 0 0 0 1 0 0
1;1;1;1;1;1 1 18
15 
#1 
6	% 
 0 0 0 0 0 1
 0 0 0 0 1 0
 0 0 1 0 0 0
 1 0 0 0 0 0
 0 1 0 0 0 0
 0 0 0 1 0 0
1;1;1;1;1;1 1 7
45 
#1 
6	% 
 1 0 0 0 0 0
 0 0 0 0 0 1
 0 0 1 0 0 0
 0 0 0 0 1 0
 0 1 0 0 0 0
 0 0 0 1 0 0
1;1;1;1;1;1 1 1
1 
#1 
6	% 
 1 0 0 0 0 0
 0 1 0 0 0 0
 0 0 1 0 0 0
 0 0 0 1 0 0
 0 0 0 0 1 0
 0 0 0 0 0 1
2-2;1,1;1;1 1 5
240 
#1 
6	% 
 1 0 0 0 0  0
 0 0 0 0 1  0
 0 0 0 1 0  0
 0 0 0 0 0 -1
 0 0 1 0 0  0
 0 1 0 0 0  0
3;1,1;1 2 1
60 
#1 
6	% 
 0 0 0 0  0 1
 0 0 1 0  0 0
 0 1 0 0  0 0
 0 0 0 0 -1 0
 0 0 0 1  1 0
 1 0 0 0  0 0
3;1,1;1 1 12
120 
#1 
6	% 
 -1 0  0 0  0 -1
 -1 0 -1 0  0  0
  1 1  0 0  0  0
  0 0  0 0 -1  0
  0 0  0 1  1  0
  1 0  0 0  0  0
1,1;1;1;1;1 1 48
30 
#1 
6	% 
 0 0  0 0 1  0
 0 0  0 1 0  0
 0 0  0 0 0 -1
 0 0 -1 0 0  0
 0 1  0 0 0  0
 1 0  0 0 0  0
1;1;1;1;1;1 1 41
30 
#1 
6	% 
 0 0  0 0 1  0
 0 0  0 1 0  0
 0 1  0 0 0  0
 0 0  0 0 0 -1
 0 0 -1 0 0  0
 1 0  0 0 0  0
1;1;1;1;1;1 1 30
30 
#1 
6	% 
  0 0 0 0 1 0
  0 0 0 1 0 0
  0 0 1 0 0 0
  0 1 0 0 0 0
  0 0 0 0 0 1
 -1 0 0 0 0 0
1,1;1;1;1;1 1 46
240 
#1 
6	% 
 0 1  1 1 1 -1
 1 0  0 0 0  0
 0 0 -1 0 0  0
 0 0  0 0 1  0
 0 0  0 0 0 -1
 0 0  0 1 0  0
4-3;1;1 1 3
96 
#1 
6	% 
 1  0 0 0 0 0
 0  0 0 0 0 1
 0  0 0 0 1 0
 0  0 0 1 0 0
 0  0 1 0 0 0
 0 -1 0 0 0 0
5-2;1 1 4
32 
#1 
6	% 
  0 0  0  0  0 1
  0 0  0  0 -1 0
  0 0  0 -1  0 0
  0 0 -1  0  0 0
  0 1  0  0  0 0
 -1 0  0  0  0 0
6-4' 3 1
192 
#1 
6	% 
  0  0  0  0 0 1
  0  0  0  0 1 0
  0  0  0 -1 0 0
  0 -1  0  0 0 0
  0  0 -1  0 0 0
 -1  0  0  0 0 0
3;1;1;1 1 17
120 
#1 
6	% 
 0 -1 0 0  0 0
 1  0 0 0  0 0
 0  0 0 0  0 1
 0  0 0 0 -1 0
 0  0 0 1  0 0
 0  0 1 0  0 0
3;1;1;1 2 1
20 
#1 
6	% 
 0 0 0 0 0 1
 0 0 0 1 0 0
 0 0 1 0 0 0
 1 0 0 0 0 0
 0 1 0 0 0 0
 0 0 0 0 1 0
3;3 4 1
10 
#1 
6	% 
 0 0 0 0 1 0
 0 0 0 1 0 0
 1 0 0 0 0 0
 0 0 0 0 0 1
 0 0 1 0 0 0
 0 1 0 0 0 0
