#33

2-1,2-1;2-1 2 2
1 
#1 
6	% 
 1 0 0 0 0 0
 0 1 0 0 0 0
 0 0 1 0 0 0
 0 0 0 1 0 0
 0 0 0 0 1 0
 0 0 0 0 0 1
1,1,1,1,1,1 1 1
1 
#1 
6	% 
 1 0 0 0 0 0
 0 1 0 0 0 0
 0 0 1 0 0 0
 0 0 0 1 0 0
 0 0 0 0 1 0
 0 0 0 0 0 1
1,1,1,1;1,1 1 2
3 
#2 
6	% 
 0  0 -1 0 -1  0
 0  0 -1 0  0 -1
 0 -1 -1 0 -1  0
 1  0  0 0  0  0
 0  1  2 1  1  0
 0 -1 -2 0 -1  0
6	% 
 0 1  0  1  0 0
 0 0 -1  0  0 0
 1 0  1  1  0 0
 0 0  0  0 -1 1
 0 0  0 -1  1 0
 0 0  0  0  1 0
2-1',2-1';1,1 1 2
1 
#1 
6	% 
 0 1  1  0 0  0
 1 0 -1 -1 0  0
 0 0  0  0 1 -1
 0 0  0  0 0 -1
 0 0  1  1 0  0
 0 0  0 -1 0  1
2-1;1,1,1,1 1 2
1 
#1 
6	% 
  1  0 -1  0  0  0
  1  0  0  0  0  0
  0 -1 -1 -1  0  0
  1 -1 -1  0 -1  0
  0  0  0  0  1 -1
 -1  1  1  1 -1  0
1,1,1,1,1;1 1 2
4 
#2 
6	% 
  0  0  1 -1  0  0
  0 -1  0  0  0  0
  0 -1  1  1  0  1
  1  0  1  0  0  1
 -1  1 -1  0 -1 -1
  1 -1  1  1 -1  1
6	% 
  1  0  0  0  0  0
  0  0  1  0  0  0
  1  0  1 -1  0  0
  0 -1  0 -1 -1 -1
 -1  1 -1  1  0  1
  1 -1  1 -1 -1  0
1,1,1,1;1,1 1 3
2 
#1 
6	% 
  0  0  1  1 -1 1
 -1  1  0  1 -2 0
  0  1  0 -1  0 0
  0 -1 -1  0  1 0
 -1  0 -2  0 -1 0
  1  0  2  1  0 0
2-1;1,1;1,1 1 6
1 
#1 
6	% 
  0 1  0  0 0 0
 -1 0  0 -1 0 0
 -1 0  0 -1 1 0
  1 0  0  0 0 1
  1 0 -1  0 0 0
  1 0  1  1 0 0
1,1,1;1,1,1 1 2
2 
#1 
6	% 
  0  0  0 -1 -1  0
 -1  0  0  1  0  0
  0  0 -1  0  0 -1
  0 -1 -1 -1  0  1
  0  1  1  0  0  0
  0  1  1  1  0  0
2-1',2-1',2-1' 1 1
2 
#1 
6	% 
 0 -1  1 1 0  0
 1  0 -1 0 0  0
 1  0  0 0 0 -1
 0  1  1 0 1  0
 1  0  0 0 0  0
 0  1  0 0 0  0
2-1',2-1';1;1 1 6
1 
#1 
6	% 
  0 1  1  0  0  0
 -1 0  1  1  0  0
  0 0 -1 -1  1  0
  0 0  0  1 -1  0
  0 0  0  1 -1 -1
  0 0  0  0 -1  1
2-1;1,1;1,1 1 8
1 
#1 
6	% 
  0  0  0 -1  1 1
  0  0  0  1 -2 0
  1 -2 -3 -2  0 0
 -1  0  0  1 -1 0
 -2  1  1  2  0 0
  0  1  1  1 -1 0
1,1,1;1,1,1 1 4
2 
#1 
6	% 
  0  0  2  1  1 -1
  0 -1  0  1  0 -1
  0  1 -1 -2  0  2
  0  0  0  2 -1 -1
 -1  0 -1 -2  0  2
  1  0  1  1  0 -1
1,1,1;1,1,1 1 3
4 
#2 
6	% 
 1  0  0 -1  0  0
 0  1  2  2 -1 -1
 0 -1 -1 -2  0  1
 0  1  1  1  0  0
 0 -1 -1  0  1  0
 0  1  1  0  0  0
6	% 
  1  1  1  0  0  0
 -1  1 -2 -1 -1 -1
  1  0  1  1  0  1
 -1  0  0  0  0  0
  0 -1  2  1  1  0
  0  1  0  0  0  0
2-1',2-1';1;1 1 4
1 
#1 
6	% 
  0 -1 -1  0 0 0
  1  0 -1 -1 0 0
  1  1  1  0 0 0
 -2  0  0  1 0 0
 -1  0  0  0 0 1
 -1  0  0  0 1 0
1,1,1;1,1;1 1 7
4 
#1 
6	% 
 0  2  2  2 -1 -1
 0  4  2  1  0  0
 0 -7 -4 -2  0  0
 1  2  1  1  0  0
 1  0  0  0  0  0
 0  1  1  1 -1  0
1,1,1;1,1;1 1 6
4 
#1 
6	% 
  0 0  0 -1 0  2
  0 1  1  0 0  1
  0 0 -1  1 0 -3
 -1 0  0 -1 0  1
 -1 0  0 -1 0  0
  0 0  0 -1 1  1
1,1;1,1;1,1 1 8
1 
#1 
6	% 
  0  1  0  0  0 0
  0  0  0 -1  1 1
 -1  0  0 -1  0 0
  1  0  0  0  1 0
  1  1  1  1  0 0
  0 -1 -1  0 -1 0
2-1,2-1;1,1 2 2
1 
#1 
6	% 
 1 0  0 -1 0  0
 0 1  2  1 0  0
 0 0  0  0 1 -1
 0 0 -1  0 0 -1
 0 0  1  1 0  0
 0 0 -1 -1 0  1
2-1,2-1;1;1 2 5
1 
#1 
6	% 
  0 -3 -4 -2 0 0
 -3  0  0  2 0 0
 -1  1  1  1 0 0
  2  0  0 -1 0 0
  1  0  0 -1 1 0
  1  0  0 -1 0 1
2-1,2-1;1;1 2 8
1 
#1 
6	% 
 1 0 0 -1  0  0
 0 1 2  1  0  0
 0 0 0  0  0  1
 0 0 1  1  0 -1
 0 0 0  1 -1 -1
 0 0 0  0  1 -1
2-1',2-1';2-1 1 2
1 
#1 
6	% 
 0 1 0  0  0  0
 1 0 0  0  0  0
 0 0 1  1  0  0
 0 0 0 -1  0  0
 0 0 0  0  0 -1
 0 0 0  0 -1  0
1,1,1,1;1;1 1 6
1 
#1 
6	% 
  1 0 -1  0  0 0
  1 0  0  0  0 0
  0 1  0  0  0 0
 -1 0  1  0  0 1
  1 0 -1 -1  1 0
  0 0  0  0 -1 1
1,1,1;1,1;1 1 12
4 
#1 
6	% 
 0  0  0  1 0 -2
 0  0  1  2 0 -2
 1 -1 -2 -4 0  4
 0  0  0  1 0 -1
 1  0  0 -2 0  2
 0  0  0  0 1 -1
1,1;1,1;1,1 1 6
1 
#1 
6	% 
  0  0  0 -2 1  3
  1  0  0 -1 0 -1
  0  0  0  1 0 -2
 -1  0  1  2 0  0
  0 -1 -3 -2 0  0
  0  1  3  2 0 -1
1,1,1;1,1;1 1 10
4 
#1 
6	% 
 -1  1 -2 -2  0  0
 -3  3 -1 -2  1  1
  5 -5  4  5 -1 -1
  0  1 -1 -1  0  0
 -2  1 -1 -1  0  1
  0  0  0  0 -1  1
1,1;1,1;1;1 1 32
1 
#1 
6	% 
 1  0  0  0  0 0
 0  1  0  0  0 0
 0  0  0  0  0 1
 0 -1 -1  0  0 0
 0 -1 -1 -1  0 1
 0  0  0  0 -1 1
2-1,2-1,2-1 2 1
4 
#1 
6	% 
 0 1  1  1  0 -1
 1 0  0  0 -1  0
 0 0 -3 -2  0  1
 0 0  0  1  1  0
 0 0  1  0  0  0
 0 0 -1 -1  0  0
1,1;1,1;1;1 1 22
1 
#1 
6	% 
 -1  0  0 -1 0 0
  0  1  0  0 0 0
 -1  0  0 -1 0 1
 -1  0  0 -1 1 0
  1 -1 -1  0 0 0
  1  1  1  1 0 0
1,1,1,1;1;1 1 4
1 
#1 
6	% 
 0  1 0  0  0  0
 1  0 0  0  0  0
 0 -3 1 -1  0  0
 0  2 0  1  0  0
 0 -1 0  0 -1  0
 0 -1 0  0  0 -1
1,1;1,1;1;1 1 21
1 
#1 
6	% 
  0  1  2  1  0  0
 -1 -1 -3  0  0  0
  2  0  0 -3  0  0
  1  0  0 -1 -1  0
 -1  0  0  1  0  0
  1  0  0 -1  0 -1
1,1;1,1;1;1 1 30
1 
#1 
6	% 
  0 -1 -2 -1 0  0
 -1  1  2  2 0 -1
  1  0  0 -1 0  0
 -1  1  1  2 0 -1
  0  0  0 -1 1  1
  0  0  0  0 1 -1
2-1,2-1,2-1 3 1
4 
#1 
6	% 
 -1  0 1 0  1  0
  0 -1 0 0  0  1
  0 -1 0 0 -1  0
  1  0 1 1  0 -1
  1  0 0 0  0  0
  0  1 0 0  0  0
