#93

6-2 1 1
1 
#1 
6	% 
 1 0 0 0 0 0
 0 1 0 0 0 0
 0 0 1 0 0 0
 0 0 0 1 0 0
 0 0 0 0 1 0
 0 0 0 0 0 1
1,1,1,1,1,1 1 1
1 
#1 
6	% 
 1 0 0 0 0 0
 0 1 0 0 0 0
 0 0 1 0 0 0
 0 0 0 1 0 0
 0 0 0 0 1 0
 0 0 0 0 0 1
1,1,1;1,1,1 1 4
216 
#3 
6	% 
  0  1  0  1 1 -1
  1  0  0  1 0 -1
 -1  0  0 -1 0  2
  0 -1 -1  1 0 -1
 -1  1  0 -2 0  1
  1 -1  0  1 0 -1
6	% 
 0  0 -1  0  0 -1
 0 -1 -1  1  1 -2
 1 -1  2 -1  0  2
 0  0 -1  1  0 -1
 1  0  2 -1  0  2
 0  1 -1  0 -1 -1
6	% 
  1  0  0  0  0 0
  1  0  1  0 -1 1
 -2  1 -1  0  0 0
  1 -1  0  0  0 0
 -2  1 -1  1  0 0
  1 -1  1 -1 -1 0
1,1,1,1;1,1 1 3
144 
#4 
6	% 
  1 0  0 0  0 0
  2 1  1 0 -1 0
  0 0  1 0  0 1
 -1 0 -1 0  0 0
  1 0  0 0 -1 0
  0 0  0 1  1 0
6	% 
 0  0 0 -1 1  0
 0  0 0 -2 0 -1
 1  0 0  0 0  0
 0  0 1  1 0  1
 0  0 1 -2 0 -1
 1 -1 0  0 0  0
6	% 
  0  0  0 -1  0  0
 -2  1 -1 -1  0  0
 -1  0  0  0 -1  0
  1 -1  0  1  0  0
 -1  0  0 -1  0  0
  1 -1  0  0  1 -1
6	% 
 1 -1  0  0  0  0
 0 -1  0  0  0  2
 0  1  1  1 -1  2
 0  1  0 -2  1 -2
 0 -1  0 -2  1  1
 0 -1 -1  2 -1 -1
1,1,1,1,1;1 1 2
18 
#2 
6	% 
 0  1  0 -1  0  0
 0  1  0  0  0  0
 0  1 -1 -1  0  0
 1  2  1  1  2 -1
 0 -2  0  0 -1  0
 0  2  0  0  1 -1
6	% 
  0  0  0  1  1 1
  0 -1  0  0  0 0
  0  0  0 -1  1 0
 -1 -1  0  0  1 0
  0  1 -1  1 -1 0
  0 -1 -1  0  1 0
2-1;1,1,1;1 1 8
108 
#2 
6	% 
 0  1  0 0  0 0
 1  0  0 1  0 1
 0 -1 -1 0  0 0
 0 -1  0 0 -1 0
 0  1  0 0 -1 1
 0  1 -1 1  0 0
6	% 
  1  0  0  0  0 0
  0  1  0  0  0 0
 -1 -1 -1  0  0 0
 -1 -1  0  0  1 0
  1  1  0  0 -1 1
  1  1  1 -1  0 0
2-1;1,1;1,1 1 11
324 
#2 
6	% 
 -1  0  0  0 0  0
  1 -1  0  0 0  0
 -1  1  1 -1 0  0
  1  0  0  0 1  0
  1  0  0  0 1 -1
  1 -1 -1  0 0  0
6	% 
 -1  1  0  0  0 -1
 -1  0  0 -1  0  0
  0  1 -1  1  0 -1
  0 -1  0 -1  1  0
  0 -1  0 -1 -1  1
  0 -1 -1  0  0  1
1,1,1;1,1,1 1 2
18 
#1 
6	% 
  0  1  0  0 0  0
  1  1  2 -1 0  0
  0  0  0 -1 0 -1
  0  0  0  1 1  1
 -1 -1 -1  0 0  0
  1  1  1 -1 0  0
2-1',2-1';1,1 1 1
18 
#1 
6	% 
 0  0 -1 -1 -1  1
 0  0 -1  0  1 -2
 0  0  0  0  1 -1
 0  0  1  0  0  0
 0 -1  0  0  0  0
 1  1  0  0  0  0
2-1',2-1';1;1 1 3
54 
#1 
6	% 
  0  0 -1 -1 -1  1
  0  0 -1  0  1 -2
  0  0  0  0  1 -1
  0  0  1  0  0  0
 -1  0  0  0  0  0
  1 -1  0  0  0  0
1,1,1,1;1,1 1 1
3 
#1 
6	% 
  0 -1 0  0 -1 -1
 -1  0 0  0 -1 -1
 -1 -1 0  0  0 -1
  1  1 0  0  1  1
  0  0 0 -1  0  0
  0  0 1  1  0  0
2-2',2-2';1,1 1 3
144 
#1 
6	% 
 -1  1  0  0  1  0
  1  0 -1  1  0  0
  0  0 -1  0  1 -1
 -1  0  0 -1  0 -1
  0 -1 -1  0  0 -1
  0 -1  0 -1 -1  0
2-2',2-2';1,1 1 1
6 
#1 
6	% 
 0  0 1  0 0  0
 0  0 1 -1 0  0
 0  0 1 -1 1 -1
 0  0 0 -1 0 -1
 0 -1 0  0 0  0
 1  1 0  0 0  0
2-2',2-2',2-2' 1 1
4 
#1 
6	% 
  1 -1 -1  0  0 -1
  0 -1  0 -1 -1  0
  0 -1 -1  1  0 -1
 -1  0 -1  0 -1  0
  0 -1 -1  0  0 -1
 -1  0  0 -1 -1  0
2-2;1,1,1,1 1 1
3 
#1 
6	% 
 0 1  0  0  0  0
 1 0  0  0  0  0
 0 0  0 -1 -1 -1
 0 0 -1  0 -1 -1
 0 0 -1 -1  0 -1
 0 0  1  1  1  1
1,1;1,1;1;1 1 39
972 
#4 
6	% 
 1 -2  0 0  0 -1
 1  1  0 1  0  0
 0 -1 -1 0  0  0
 0  1  0 0 -1  1
 0  1 -1 1  0  0
 0  1  0 0  1  0
6	% 
  1  2  2 -1  0 0
  1 -3  0  0 -2 1
 -1  2  0  0  1 0
 -1 -1 -1  1  0 0
  1 -2  0  0 -1 1
 -1 -1 -1  0  0 0
6	% 
  3 -1  1 -2 -1  2
 -3  2 -1  2  1 -2
  2 -1  1 -2  0  1
 -2  1 -1  2  1 -1
 -2  1 -1  1  1 -2
 -2  1  0  1  1 -2
6	% 
 1 -2  1 0  1 -1
 1  1 -1 1 -1  0
 0 -1  0 0  1  0
 0  1  0 0 -1  1
 0  1 -1 1  0  0
 0  1 -1 0  0  0
2-2,2-2;1;1 2 2
72 
#2 
6	% 
  0  0  1  0  0 1
  0  0  1 -1 -1 1
  0  0  0 -1 -1 1
  0  0 -1  0 -1 0
 -1  0  0  0  0 0
  1 -1  0  0  0 0
6	% 
  0  0  0 0 1 0
  0  0  0 0 0 1
  0  0 -1 1 0 0
  0  0  0 1 0 0
 -1  0  0 0 0 0
  1 -1  0 0 0 0
2-2;2-2;1;1 1 16
54 
#1 
6	% 
 -1  0 0  0 0  0
  1 -1 0  0 0  0
  0  0 0  0 1  0
  0  0 1 -1 0  0
  0  0 1  0 0  0
  0  0 0  0 1 -1
2-2,2-2,2-2 2 1
180 
#2 
6	% 
  0 -1  1  0  1  0
 -1  0  0  1  1 -1
  0  1 -2  1 -2  1
  1  0 -1 -1 -1  2
  0  0  0 -1  0  1
  0  0  1 -1  1  0
6	% 
  0 1  0  1  0  0
 -1 1 -1  1  0  0
  0 0  0 -1  0  0
  0 0  1 -1  0  0
  0 0  0  0  0 -1
  0 0  0  0 -1  0
2-2,2-2;1;1 2 6
432 
#1 
6	% 
  1 -1  0 0 -1 0
  1 -1  0 0 -1 1
  0 -1 -1 1 -1 0
  1 -1  0 1 -1 0
  0  0 -1 1 -1 0
 -1  1  0 0  0 0
1,1;1,1;1;1 1 34
216 
#3 
6	% 
  0  0 0  1 1  1
  0  0 0 -1 0  0
 -1  0 0  0 0  0
  0  0 0  0 0 -1
  0  0 1  1 0  1
  1 -1 0  0 0  0
6	% 
  0  0 -1  1  0 -2
  0  0  1 -2 -1  2
 -1  0  0  0  0  0
  0  0  1  1  1  1
  0  0 -1  0  0 -2
  1 -1  0  0  0  0
6	% 
  0  0  1  0  0  0
 -1  0 -1  0  0  0
  0  0  0  0 -1  0
  1 -1  1 -1  0  0
  0  0 -1  1  0  0
  0  0  0  0  1 -1
2-2;1,1;1,1 1 5
72 
#3 
6	% 
  0 1 0 0 0 0
 -1 1 0 0 0 0
  0 0 0 0 1 0
  0 0 0 0 0 1
  0 0 1 0 0 0
  0 0 0 1 0 0
6	% 
  0  0  0  0  0 1
  0  0  0  0 -1 1
 -1  1 -2  1  0 0
  1 -1  1 -1  0 0
 -1  0 -2  1  0 0
  1  0  1  0  0 0
6	% 
  0  0  0 1  0  0
  0  0 -1 1  0  0
  1  0  0 0  0  1
 -1 -1  0 0 -1 -1
  1 -1  0 0  0  1
 -1  2  0 0  1 -2
1,1,1;1,1;1 1 12
864 
#8 
6	% 
  0 1  0  0  0  0
  0 0 -1 -1 -1 -1
  0 0  2  1  2  1
  0 0  0  0 -1 -1
  0 0  1  0  1  1
 -1 1  0  0  0  0
6	% 
 -2  1  0 -2  0  2
 -4  2 -1 -2  1  2
  8 -4  1  5 -1 -5
 -2  1  0 -1  1  1
  4 -2  0  3 -1 -2
 -1  0  0 -1  0  1
6	% 
  0 -2 0 -2 -1  2
  0 -1 0  1  0  0
  0  5 0  2  2 -4
 -1  0 1  0  0  0
  1  2 0  1  1 -2
  0 -1 0 -1 -1  1
6	% 
 0  2 0  2 0 1
 0  0 0  1 0 0
 0 -1 0 -2 0 0
 0  0 1  0 0 0
 1 -1 0 -1 0 0
 0  1 0  1 1 0
6	% 
  4 -2  0  0  2 -1
  2 -1 -1  2  0  0
 -8  4  1 -2 -4  2
  1  0  0  1  0  0
 -4  1  0 -1 -2  1
  2 -1  0  0  1 -1
6	% 
  0  2 0  0 2 -1
  0 -1 0  0 0  0
  0  1 2 -1 0  0
  1 -1 0  1 0  0
 -1  1 1 -2 0  0
  0  1 0  0 1 -1
6	% 
  0 1  0  0  0  0
  0 0  0 -3 -2  1
  0 0  0  5  4 -2
  0 0 -1 -1 -1 -1
  0 0  1  2  2  0
 -1 1  0  0  0  0
6	% 
  0  0 -4  2 0 -5
  2 -1 -2  1 0 -4
 -2  1  8 -4 0 12
  1 -1 -1  0 0 -2
 -1  0  4 -2 0  6
  0  0 -2  1 1 -3
1,1;1,1;1,1 1 5
72 
#3 
6	% 
 1 0 0 0 0 0
 0 1 0 0 0 0
 0 0 0 0 1 0
 0 0 0 0 0 1
 0 0 1 0 0 0
 0 0 0 1 0 0
6	% 
  0  0  0  0  1 1
  0  0  0  0 -1 0
 -1  1 -2  1  0 0
  1 -1  1 -1  0 0
 -1  0 -2  1  0 0
  1  0  1  0  0 0
6	% 
 1 0  0  0  0  0
 0 1  0  0  0  0
 0 0  1  0  0  1
 0 0 -1 -1 -1 -1
 0 0  1 -1  0  1
 0 0 -1  2  1 -2
1,1,1;1;1;1 1 19
108 
#2 
6	% 
  0  1 0  0  0 0
 -1  1 0  0  0 0
  0 -1 0  1  0 0
  0  1 0  0  0 1
  0  1 1 -1  0 0
  0  1 0  0 -1 1
6	% 
 0  1  0 0  0  0
 1  1  0 1  0 -1
 0 -1  0 0 -1  1
 0  1 -1 1  0  0
 0  1  1 0  0  0
 0  1  0 0 -1  0
2-2;2-2;1,1 1 5
18 
#1 
6	% 
 0 -1  0 0 0  0
 1  1  0 0 0  0
 0  0  0 0 0 -1
 0  0  0 0 1 -1
 0  0  0 1 0  0
 0  0 -1 1 0  0
2-2,2-2;1,1 2 1
24 
#2 
6	% 
 0  0 -1  1  0 -1
 0  0 -1  0 -1  0
 0  0  0 -1 -1  0
 0  0  1 -1 -1  1
 0 -1  0  0  0  0
 1  1  0  0  0  0
6	% 
 0  0 1  0 0  0
 0  0 1 -1 0  0
 0  0 0  0 1  0
 0  0 0  0 1 -1
 0 -1 0  0 0  0
 1  1 0  0 0  0
2-2',2-2';2-2 1 3
72 
#1 
6	% 
 -2  1 -1  0 1 0
 -1 -1  0 -1 0 1
 -1  0  0  0 1 0
  0 -1  0  0 0 1
  1  0  1  0 0 0
  0  1  0  1 0 0
2-2,2-2;1,1 1 3
144 
#1 
6	% 
  0 -1 0 -1 1  0
 -1  0 0 -1 0  1
  0  1 1  0 0 -1
  0  1 0  0 0  0
  0  0 0  1 0  0
  0  0 0  0 0 -1
2-2;1,1,1;1 1 2
36 
#2 
6	% 
 0 0  0 -1 0 -1
 0 0  0  1 1  1
 0 0 -1  0 0  0
 1 0  0  0 0  0
 0 1  0  0 0  0
 0 0 -1  1 0  0
6	% 
  0 -1 0 0  0 0
 -1 -1 0 0 -2 1
  1  1 0 0  1 0
  0  0 1 0  0 0
  0  0 0 1  0 0
 -1 -1 0 0 -1 1
1,1,1;1;1;1 1 15
216 
#4 
6	% 
 0 -2 1 -2 -1 0
 0  1 0  1  0 1
 1  0 0  0  0 0
 0  2 1  1  1 0
 1 -1 0  0  0 0
 0 -1 0 -1 -1 1
6	% 
 0 -1 1  0  0  0
 0  1 0  1  0 -1
 1  0 0  0  0  0
 0  1 1 -1  0  0
 1 -1 0  0  0  0
 0 -1 0 -1 -1  1
6	% 
 -2  1  0 0 -1  1
  2 -1  1 0  2 -1
  1  0  0 0  0  0
  2 -1  0 0  1  0
 -1  1  0 0  0  0
 -2  1 -1 1 -2  1
6	% 
  1 0  0  2  0 0
  0 0  0 -1  1 0
  0 0 -1  0  0 0
 -1 1  0 -2  0 0
  0 0 -1  1  0 0
  0 0  0  1 -1 1
1,1,1;1;1;1 1 10
108 
#2 
6	% 
  0 -1 0  0 0 -1
  0  1 0  0 1  1
 -1  0 0  0 0  0
  0  0 1  0 0  0
  0  0 1 -1 0  0
 -1  1 0  0 0  0
6	% 
  0 0 0 1 0  0
  0 0 1 0 0  0
  1 0 0 0 0  0
  0 0 0 0 1  0
  0 0 0 0 1 -1
 -1 1 0 0 0  0
1,1;1,1;1,1 1 10
216 
#2 
6	% 
  2 -1 1  0 0  0
  0  0 0 -2 0  1
 -1  1 0  0 0  0
  2 -1 1 -1 0  0
  1  0 0  0 0  0
  0  0 0  2 1 -1
6	% 
 1  0  0  0 0  2
 0 -2 -1  0 0  0
 0  0  0  2 1 -1
 1 -1  0  0 0  2
 0  0  0  2 1  0
 0  2  1 -1 0  0
1,1;1,1;1;1 1 9
108 
#3 
6	% 
 0  0  0 0 0 -1
 0  0  0 0 1  1
 1  0  0 0 0  0
 0 -1 -1 0 0  0
 1 -1  0 0 0  0
 0  1 -1 1 0  0
6	% 
  0  0  0 0 0 1
  0  0  0 0 1 0
 -1  0  0 0 0 0
  0  2  1 0 0 0
 -1  1  0 0 0 0
  0 -2 -1 1 0 0
6	% 
  0 0  0  0  1  0
  0 0  0  0 -1 -1
  0 0 -1  1  0  0
  1 0  2 -1  0  0
  0 0  1  0  0  0
 -1 1 -2  1  0  0
1,1,1,1;1;1 1 5
108 
#3 
6	% 
 0  0  0 -1 -1 -1
 0  1  0  0 -1  0
 1  0  0 -1 -1 -1
 0 -1 -1  1  2  1
 0  1 -1  0 -2 -1
 1 -1  0  1  1  1
6	% 
 0 -1  1  1  0  0
 0  1  3  2  2 -1
 1 -1  1  1  0  0
 0  0 -2 -2 -1  1
 0  0  2  2  1  0
 1  0 -1 -1  0  0
6	% 
  1  0  0  0  0 0
  1 -1  0  0  0 0
  1 -1  0  0  1 0
 -1  2  1 -1  0 0
  1 -2 -1  0  0 0
 -1  1  0  0 -1 1
1,1;1,1;1;1 1 25
648 
#4 
6	% 
  0  1  0 1  1 -1
 -1 -2  0 0 -1  2
  0  0 -1 0  0  0
  0 -1  0 1  0  1
  0  0 -1 1  0  0
 -1  3  0 0  1 -2
6	% 
  0 -2  0 0 -1  1
 -1  4  0 0  2 -1
  0  0  1 0  0  1
  0  2  0 0  1  0
  0  0 -1 1  0 -1
 -1 -3  0 0 -2  1
6	% 
 -1  0  0 0  0 0
  2 -1  1 0  0 0
  0  1  0 0  1 0
  1 -1  0 0  0 0
  0 -1  0 0 -1 1
 -2  1 -1 1  0 0
6	% 
  0 0 -1  1  0 0
  1 0  2 -1  0 0
  0 0  0 -1 -1 0
  0 0  1  0  0 0
  0 0  0  1 -1 1
 -1 1 -2  1  0 0
2-2,2-2;1,1 1 1
18 
#1 
6	% 
  0 -7  0 -5 0 0
  7 -7  5 -5 0 0
  0  4  0  3 0 0
 -4  4 -3  3 0 0
  0  0  0  0 1 0
  0  0  0  0 0 1
1,1,1;1,1;1 1 9
216 
#4 
6	% 
 0 0 0  1  0  0
 0 0 0  0  1  0
 0 0 0 -2 -1 -1
 0 0 1  0  0  0
 1 0 0  0  0  0
 0 1 0  0  0  0
6	% 
 -2  1  0 0  0  0
  0  0  1 1  0  0
  2 -1 -1 0  0  0
 -1  0  0 0  0  0
  0 -1  0 0 -1  0
  0  0  0 0  0 -1
6	% 
  0 0 0  1  0  0
  0 0 0  0  1  0
  0 0 0 -2 -1 -1
  0 2 1  0  0  0
 -1 0 0  0  0  0
 -2 1 0  0  0  0
6	% 
  2  2  2 -1  0 0
  1  1  0  0  0 0
 -2 -3 -2  1  0 0
  1  1  1 -1  0 0
  0  0  0  0 -1 0
  0  0  0  0 -2 1
1,1,1;1,1;1 1 2
36 
#2 
6	% 
 0 0  2  2  2 -1
 0 0  1  1  0  0
 0 0 -2 -3 -2  1
 1 0  0  0  0  0
 0 1  0  0  0  0
 0 0  1  1  1 -1
6	% 
 0 0 0  1  0  0
 0 0 0  0  1  0
 0 0 0 -2 -1 -1
 1 0 0  0  0  0
 0 1 0  0  0  0
 0 0 1  0  0  0
2-2',2-2';1;1 1 2
18 
#1 
6	% 
 -1 0 0 0  0  0
 -1 1 0 0  0  0
 -1 1 1 0  0  0
  0 1 0 1  0  0
  0 0 0 0 -1  0
  0 0 0 0  1 -1
1,1,1,1;1;1 1 3
9 
#1 
6	% 
  0 -1 -1 -1  0  0
 -1  0 -1 -1  0  0
 -1 -1  0 -1  0  0
  1  1  1  1  0  0
  0  0  0  0 -1  0
  0  0  0  0  1 -1
4-2;1,1 1 1
3 
#1 
6	% 
 0  0  0 1  0 0
 0  0 -1 1  0 0
 0  0  0 0  0 1
 0  0  0 0 -1 1
 0 -1  0 0  0 0
 1  1  0 0  0 0
2-1;1,1;1;1 1 32
648 
#4 
6	% 
 1  0  0 0  0 0
 1 -1  0 0  0 0
 0  0  0 0 -1 0
 0  0 -1 1  0 0
 0  0  1 0  0 0
 0  0  0 0 -1 1
6	% 
 -1  1 0 -1  0 -1
  1  0 0  1  0  1
 -2  1 1 -2  0 -2
  2 -1 0  2  1  1
  2 -1 0  2 -1  2
  2 -1 1  1  0  2
6	% 
 -1  0 0  0  0  0
 -1  1 0  0  0  0
  0 -1 0  0 -1  0
  0  1 1 -1  0  0
  0  1 1  0  0  0
  0  1 0  0  1 -1
6	% 
 -1  0 0  0  0 0
  1 -1 0  0  0 0
 -2  1 0  0  1 0
  2 -1 1 -1  0 0
  2 -1 1  0  0 0
  2 -1 0  0 -1 1
2-1;1,1;1;1 1 26
54 
#2 
6	% 
 0 -1 0  0  0 0
 1  1 0  0  0 0
 0  0 1  0  0 0
 0  0 0  0 -1 0
 0  0 0  0 -1 1
 0  0 1 -1  0 0
6	% 
 0 -1  0  0  0 0
 1  1  0  0  0 0
 0  0 -1  0  0 0
 0  0  0  0  1 0
 0  0  0  0 -1 1
 0  0  1 -1  0 0
2-2;2-1;1;1 1 11
54 
#2 
6	% 
 0 1 0  0  0 0
 1 0 0  0  0 0
 0 0 1  0  0 0
 0 0 0  0 -1 0
 0 0 0  0 -1 1
 0 0 1 -1  0 0
6	% 
 0 1  0  0  0 0
 1 0  0  0  0 0
 0 0 -1  0  0 0
 0 0  0  0  1 0
 0 0  0  0 -1 1
 0 0  1 -1  0 0
2-1;1;1;1;1 1 35
162 
#2 
6	% 
 -1  0  0  0  0 0
  1 -1  0  0  0 0
  0  0 -1  0  0 0
  0  0  0  0 -1 0
  0  0  0  0 -1 1
  0  0  1 -1  0 0
6	% 
 -1  0 0  0  0 0
  1 -1 0  0  0 0
  0  0 1  0  0 0
  0  0 0  0  1 0
  0  0 0  0 -1 1
  0  0 1 -1  0 0
4-2;1;1 1 2
9 
#1 
6	% 
  0  0 0 1  0 0
  0  0 1 0  0 0
  0  0 0 0  0 1
  0  0 0 0 -1 1
 -1  0 0 0  0 0
  1 -1 0 0  0 0
2-2,2-2;1;1 1 2
54 
#1 
6	% 
  0 -1  0  1  0 0
  1 -1 -1  1  0 0
  0  2  0 -1  0 0
 -2  2  1 -1  0 0
  0  0  0  0  1 0
  0  0  0  0 -1 1
2-2;1,1;1,1 1 1
3 
#1 
6	% 
 0  0  0 1 0  0
 0  0 -1 1 0  0
 0 -1  0 0 0  0
 1  1  0 0 0  0
 0  0  0 0 0 -1
 0  0  0 0 1  1
2-2;2-2;1;1 1 2
9 
#1 
6	% 
 0  0  0  0 0 1
 0  0  0  0 1 0
 1  0  0  0 0 0
 1 -1  0  0 0 0
 0  0 -1  0 0 0
 0  0  1 -1 0 0
1,1;1,1;1;1 1 4
9 
#1 
6	% 
 0 -1  0  0 0 0
 1  1  0  0 0 0
 0  0  0  0 1 0
 0  0  0  0 0 1
 0  0 -1  0 0 0
 0  0  1 -1 0 0
2-1;2-1;1;1 1 21
81 
#1 
6	% 
  0  0 0  0 1  0
 -1  0 0  0 0  0
  0  0 0  0 1 -1
  0  0 1  0 0  0
  0  0 1 -1 0  0
  1 -1 0  0 0  0
2-1;2-1;1,1 1 6
27 
#1 
6	% 
 0 -1  0  0  0  0
 1  1  0  0  0  0
 0  0  0  0 -1  0
 0  0  0  0  1 -1
 0  0 -1  0  0  0
 0  0  1 -1  0  0
2-1,2-1;1;1 3 3
162 
#1 
6	% 
  0  0  0 -1 -1  1
  0  0 -1  0  0 -1
  0  0  0  1  1  0
  0  0  1 -1  0  1
 -1  0  0  0  0  0
  1 -1  0  0  0  0
4-2';1,1 1 1
18 
#1 
6	% 
 0  0 1 0  0 0
 0  0 0 1  0 0
 0  0 0 0 -1 1
 0  0 0 0  0 1
 0 -1 0 0  0 0
 1  1 0 0  0 0
2-1,2-1;1;1 1 3
54 
#1 
6	% 
  0  0  0  0 -1  1
  0  0  1  0  0  0
  0  0  0  0  1 -2
  0  0 -1 -1  0  0
 -1  0  0  0  0  0
  1 -1  0  0  0  0
2-1,2-1;1,1 3 1
54 
#1 
6	% 
 0  0  0 -1 -1  1
 0  0 -1  0  0 -1
 0  0  0  1  1  0
 0  0  1 -1  0  1
 0 -1  0  0  0  0
 1  1  0  0  0  0
2-1,2-1;1,1 1 1
18 
#1 
6	% 
 0  0 0  0 1 -2
 0  0 1  1 0  0
 0  0 0  0 0  1
 0  0 0 -1 0  0
 0 -1 0  0 0  0
 1  1 0  0 0  0
2-2;2-1',2-1' 1 1
18 
#1 
6	% 
  0 0 -1  0 0 -1
  0 0  0  1 1 -1
  0 0  0  1 1  0
  0 0  1 -1 0  1
  0 1  0  0 0  0
 -1 1  0  0 0  0
4-2';2-2 1 1
18 
#1 
6	% 
  0 0 1 0  0 0
  0 0 0 1  0 0
  0 0 0 0 -1 1
  0 0 0 0  0 1
  0 1 0 0  0 0
 -1 1 0 0  0 0
4-2';1;1 1 2
54 
#1 
6	% 
  0  0 1 0  0 0
  0  0 0 1  0 0
  0  0 0 0 -1 1
  0  0 0 0  0 1
 -1  0 0 0  0 0
  1 -1 0 0  0 0
2-2;2-2;1,1 1 1
3 
#1 
6	% 
 0  0  0 0  0 1
 0  0  0 0 -1 1
 0  0  0 1  0 0
 0  0 -1 1  0 0
 0 -1  0 0  0 0
 1  1  0 0  0 0
1,1;1,1;1,1 1 1
1 
#1 
6	% 
 0 -1 0  0 0  0
 1  1 0  0 0  0
 0  0 0 -1 0  0
 0  0 1  1 0  0
 0  0 0  0 0 -1
 0  0 0  0 1  1
2-2',2-2';2-2 1 1
6 
#1 
6	% 
 -1  1  0 0  0 -1
 -1  0  0 0 -1  0
 -1  0  0 0  0 -1
  0 -1  0 0 -1  0
  0  0  0 1  0  0
  0  0 -1 1  0  0
2-2,2-2,2-2 1 1
36 
#1 
6	% 
  0 1  0  1  0 0
 -1 1 -1  1  0 0
  0 0  0  1  0 0
  0 0 -1  1  0 0
  0 0  0 -1  0 1
  0 0  1 -1 -1 1
2-2;2-2;1;1 1 18
432 
#1 
6	% 
  0 0  0 0 1  0
  1 0  0 0 0  0
  0 0  0 0 1 -1
  0 0 -1 0 0  0
 -1 1  0 0 0  0
  0 0 -1 1 0  0
3;2-2;1 2 8
216 
#2 
6	% 
 -1  1 0  0 1 0
 -1  1 0  0 0 1
  1  0 0  0 0 0
  1 -1 0  0 0 0
  0  0 1  0 0 0
  0  0 0 -1 0 0
6	% 
 -1  1  0  0 -1 0
 -1  1  0  0 -2 1
 -1  0  0  0  0 0
  1 -1  0  0  0 0
  0  0 -1  0  0 0
  0  0  2 -1  0 0
2-2;2-2;2-2 1 8
48 
#1 
6	% 
  1 0 0  0 0  0
  0 0 0  0 1 -1
  0 0 0  1 0  0
 -1 1 0  0 0  0
  0 0 0  0 0  1
  0 0 1 -1 0  0
3,3 4 1
36 
#1 
6	% 
 0  0 0  0 0 -1
 0 -1 0  0 0  0
 0  0 0 -1 0  0
 0  0 0  0 1  1
 1  1 0  0 0  0
 0  0 1  1 0  0
3,3 8 1
216 
#1 
6	% 
  1  1  1 -1  0  1
 -1  2  1  0  0 -1
  1  0  0  0  0  1
  0 -2 -1  1  0  0
 -1  2  1 -2 -1 -1
  0  0  0  1  1 -1
2-2;2-2;2-2 1 1
1 
#1 
6	% 
  0 1  0 0  0 0
 -1 1  0 0  0 0
  0 0  0 1  0 0
  0 0 -1 1  0 0
  0 0  0 0  0 1
  0 0  0 0 -1 1
6-2' 1 1
96 
#1 
6	% 
  0 -1 -1  2  1  1
  1 -1  1  1 -1  2
  1  1  1 -1 -1 -1
 -1  2  0 -1  1 -2
 -1 -1 -2  1  1  0
  1 -2 -1  2  0  1
1;1;1;1;1;1 1 41
81 
#1 
6	% 
 -1  0  0  0 0  0
  1 -1  0  0 0  0
  0  0  0  0 1 -1
  0  0 -1  0 0  0
  0  0  0  0 1  0
  0  0  1 -1 0  0
2-2;1;1;1;1 1 20
27 
#1 
6	% 
  0 1 0  0 0  0
 -1 1 0  0 0  0
  0 0 0  0 1  0
  0 0 1 -1 0  0
  0 0 0  0 1 -1
  0 0 1  0 0  0
1,1;1;1;1;1 1 54
648 
#4 
6	% 
 1  0  0 0  0  0
 1 -1  0 0  0  0
 0 -1 -1 0  0  0
 0 -1  0 0  1 -1
 0 -1  0 0 -1  0
 0  1 -1 1  0  0
6	% 
  1 0  0  1  0 -1
 -1 1  0 -1  0  1
  0 0 -1  0  0  0
  0 0  0  0  1  0
  0 0  0  0 -1  1
  0 0 -1  1  0  0
6	% 
 1  0 0  0  0  0
 1 -1 0  0  0  0
 0  0 1  0  0  0
 0  0 0  0  1 -1
 0  0 1 -1  0  0
 0  0 0  0 -1  0
6	% 
  1 0  0 0  0 0
 -1 1  0 0  0 0
  0 0  0 0 -1 0
  0 0  0 0 -1 1
  0 0  1 0  0 0
  0 0 -1 1  0 0
2-2,2-2;2-2 2 1
24 
#2 
6	% 
  0 0  1 0 0  1
  0 0  0 1 1  0
  0 0  0 1 1 -1
  0 0 -1 1 0 -1
  0 1  0 0 0  0
 -1 1  0 0 0  0
6	% 
  0 0 0 0  0 1
  0 0 0 0 -1 1
  0 0 0 1  0 0
  0 0 1 0  0 0
  0 1 0 0  0 0
 -1 1 0 0  0 0
2-2;2-2;2-2 1 4
18 
#1 
6	% 
  0 1  0 0  0 0
 -1 1  0 0  0 0
  0 0  0 0  0 1
  0 0  0 0 -1 1
  0 0  0 1  0 0
  0 0 -1 1  0 0
4-2;2-2 1 1
3 
#1 
6	% 
  0 0  0 1  0 0
  0 0 -1 1  0 0
  0 0  0 0  0 1
  0 0  0 0 -1 1
  0 1  0 0  0 0
 -1 1  0 0  0 0
2-2,2-2;2-2 1 3
216 
#1 
6	% 
  0 1 0  0  0  0
 -1 1 0  0  0  0
  0 0 0  0 -1  0
  0 0 0  0  0 -1
  0 0 1  0  0  0
  0 0 1 -1  0  0
2-2,2-2;2-2 2 3
216 
#1 
6	% 
  0 1  0  0 0  0
 -1 1  0  0 0  0
  0 0  0  0 0 -1
  0 0  0  0 1 -1
  0 0  0 -1 0  0
  0 0 -1  0 0  0
3;3 4 4
27 
#1 
6	% 
 1  0  0 0  0 0
 0  0  0 0  0 1
 0  0  0 1  0 0
 0  0  0 0 -1 1
 0  0 -1 1  0 0
 1 -1  0 0  0 0
2-2;2-1,2-1 3 1
54 
#1 
6	% 
  0 0 -1  0 -1 -1
  0 0 -1 -1  0  1
  0 0  0 -1  1  1
  0 0  1  1  1  0
  0 1  0  0  0  0
 -1 1  0  0  0  0
2-2;2-1,2-1 1 1
18 
#1 
6	% 
  0 0 0  0 0 -1
  0 0 0 -1 0  0
  0 0 0  0 1  1
  0 0 1  1 0  0
  0 1 0  0 0  0
 -1 1 0  0 0  0
1,1;1;1;1;1 1 48
27 
#1 
6	% 
 0 -1 0 0  0 0
 1  1 0 0  0 0
 0  0 0 0  0 1
 0  0 0 0 -1 0
 0  0 0 1  0 0
 0  0 1 0  0 0
4-2;2-2 2 3
144 
#1 
6	% 
 0  0 0  0  0 1
 1  0 0  0  0 0
 0  0 1  0  0 0
 0  0 0  0 -1 1
 0  0 0 -1  0 0
 0 -1 0  0  0 0
2-2;1,1;1;1 1 14
108 
#3 
6	% 
 0 1 0  0  0 0
 1 0 0  0  0 0
 0 0 1  0  0 0
 0 0 0 -1 -1 0
 0 0 1 -1  0 0
 0 0 0  1 -1 1
6	% 
 0 1 0  0 0  0
 1 0 0  0 0  0
 0 0 1  0 0  0
 0 0 0 -2 0  1
 0 0 1 -1 0  0
 0 0 0  2 1 -1
6	% 
  0 0  0  0 0 1
  0 0  0  0 1 0
  0 0 -1  1 0 0
  1 0  2 -1 0 0
  0 0  1  0 0 0
 -1 1 -2  1 0 0
2-2;1,1;1;1 1 3
18 
#1 
6	% 
 0 0  0  0 1 0
 0 0  0  0 0 1
 1 0  0  0 0 0
 0 1  0  0 0 0
 0 0 -1  0 0 0
 0 0  1 -1 0 0
2-2;2-1;2-1 1 3
27 
#1 
6	% 
 1  0 0  0  0 0
 0  0 0  0  0 1
 0  0 0  0 -1 1
 0  0 1  0  0 0
 0  0 1 -1  0 0
 1 -1 0  0  0 0
2-2;1;1;1;1 1 11
27 
#1 
6	% 
  0  0  0  0  0 1
  0  0  0  0 -1 1
 -1  0  0  0  0 0
  0  0 -1  0  0 0
  1 -1  0  0  0 0
  0  0  1 -1  0 0
2-2,2-2;2-2 1 1
18 
#1 
6	% 
  0 1  0 0  0 0
 -1 1  0 0  0 0
  0 0  0 1  0 0
  0 0 -1 1  0 0
  0 0  0 0  0 1
  0 0  0 0 -1 1
1,1;1;1;1;1 1 28
324 
#3 
6	% 
 1 -1  0  0  0 0
 0  1  0  0  0 1
 0  0 -1  0  0 0
 1  0  0  0  0 0
 0  0  1 -1  0 0
 0 -1  0  0 -1 1
6	% 
 -1  1  0  0 0  0
  0 -2  0  0 0  1
  0  0 -1  0 0  0
 -1  0  0  0 0  0
  0  0  1 -1 0  0
  0  2  0  0 1 -1
6	% 
  0 0 -1  0  0  0
  1 0  2 -1  0  0
  0 0  0  0  0 -1
  0 0  1 -1  0  0
  0 0  0  0 -1  1
 -1 1 -2  1  0  0
1,1;1;1;1;1 1 25
27 
#1 
6	% 
 0  0  0  0  1  0
 0  0  0  0 -1 -1
 0  0 -1  0  0  0
 1  0  0  0  0  0
 1 -1  0  0  0  0
 0  0  1 -1  0  0
1;1;1;1;1;1 1 18
27 
#1 
6	% 
 -1  0  0  0  0  0
  0  0  0  0  0 -1
  0  0 -1  0  0  0
  1 -1  0  0  0  0
  0  0  1 -1  0  0
  0  0  0  0 -1  1
