#7

4-3';1;1 1 3
1 
#1 
6	% 
 1 0 0 0 0 0
 0 1 0 0 0 0
 0 0 1 0 0 0
 0 0 0 1 0 0
 0 0 0 0 1 0
 0 0 0 0 0 1
1,1,1,1,1,1 1 1
1 
#1 
6	% 
 1 0 0 0 0 0
 0 1 0 0 0 0
 0 0 1 0 0 0
 0 0 0 1 0 0
 0 0 0 0 1 0
 0 0 0 0 0 1
1,1,1,1,1;1 1 1
1 
#1 
6	% 
 0  0  0  0 -1  0
 0 -1 -1  0 -1 -1
 0 -1  0 -1 -1 -1
 0  0 -1 -1  0 -1
 0  1  1  1  1  1
 1  0  0  0  0  0
1,1,1;1,1,1 1 3
5 
#1 
6	% 
 -1  0 -1 -1 -1 -1
  0 -1 -1  0  0  1
 -1  0  0  0  0 -1
  1  0  0  1  0  1
  1  0  1  0  0  0
 -1  0 -1  0 -1  0
1,1,1,1;1,1 1 3
5 
#1 
6	% 
  0  1  0  0  0  0
 -1  0 -1  1 -1  1
 -1 -1  0  0  0  1
  1  0  0 -1  0 -1
 -1  0 -1  0 -1  0
  1  1  1  0  0  0
1,1,1;1,1;1 1 8
5 
#1 
6	% 
 0  1  0 -1 -1  1
 0  2  2 -2 -1  1
 0 -4 -3  4  3 -3
 0  1  0  0  0  1
 0  1  1 -1 -1  0
 1  0  0  0  0  0
4-3';1,1 1 2
1 
#1 
6	% 
 1  0  0  0  0  0
 0 -1 -1  0  1  0
 0 -1  0 -1  0  1
 0  0 -1  0  1 -1
 0  1  0  1 -1  0
 0  0  1 -1  0  1
