#89

3;3 1 2
1 
#1 
6	% 
 1 0 0 0 0 0
 0 1 0 0 0 0
 0 0 1 0 0 0
 0 0 0 1 0 0
 0 0 0 0 1 0
 0 0 0 0 0 1
1,1,1,1,1,1 1 1
1 
#1 
6	% 
 1 0 0 0 0 0
 0 1 0 0 0 0
 0 0 1 0 0 0
 0 0 0 1 0 0
 0 0 0 0 1 0
 0 0 0 0 0 1
1,1,1,1,1;1 1 2
18 
#2 
6	% 
  1  1 -1  0  1  1
  1  1 -1  1  0  1
  1  1 -1  1  1  1
  1  1 -1  0  0  2
 -1 -2  1 -1 -1 -2
  1  1 -2  1  1  2
6	% 
  2 0 0 1  0 1
  1 0 0 0  0 0
  1 0 0 0 -1 0
  2 1 0 0  1 1
 -2 0 1 0  0 0
  2 0 1 0  0 1
2-1;1,1,1,1 1 2
6 
#1 
6	% 
  1  0 0  0 -1  0
  1  0 0  0  0  0
  0  0 0 -1 -1 -1
  1 -1 0 -1 -1  0
  0  1 1  0  0  0
 -1 -1 0  1  1  1
1,1,1;1,1,1 1 2
10 
#2 
6	% 
 0  0  0 1 -1  0
 0  0  0 0  1  1
 0 -1 -1 0  0  0
 1 -1  0 0  0  0
 0  1  0 0  0 -1
 0  1  0 0  0  0
6	% 
 0  0 -1  0 0  0
 0  0  0  0 1  1
 0 -1  0 -1 0  0
 1 -1  0  0 0  0
 0  1  0  0 0 -1
 0  1  0  0 0  0
1,1,1,1;1,1 1 3
84 
#3 
6	% 
  0  0  0  0 -1  0
 -1 -1  1 -1 -2  1
  0 -1  0  0 -1  1
  0  1  0  1  2 -1
  0  0  1 -1  0 -1
  0  0 -1  0  0  0
6	% 
 0  0  0  1 -1 -1
 0 -1 -1  0 -1  1
 1  0  0  0  0  0
 0  1  0 -1  1 -1
 0  0 -1  1 -1  0
 1  0  0  0  0 -1
6	% 
  1  0  0 1  1  0
 -1 -1  0 0 -1  1
 -1  0 -1 0 -2  2
  1  1  1 0  2 -2
 -1 -1  1 0  1  0
  1  0 -1 0 -2  1
2-1;1,1,1;1 1 6
36 
#1 
6	% 
 -1 1 -1  1  0  0
  1 0  0  0 -1  0
  2 0  1 -1  0 -1
  0 0  0  0  1  0
 -1 0  0  0 -1  1
 -2 1  0  1  0  1
1,1,1,1;1,1 1 2
15 
#2 
6	% 
 -1  0 0  1  0  0
 -1  0 0  0  0  0
 -1  0 0  1 -1  0
  0 -1 1  0  0  1
  1  1 0 -1  0 -1
 -1  1 0  1  0  0
6	% 
 0 1  0  0 0  1
 0 0  0 -1 0  0
 1 0  0  1 0  1
 0 0 -1  0 1 -1
 0 0  1  0 0  0
 0 0  1  0 0  1
2-1;1,1,1;1 1 7
24 
#2 
6	% 
  0 0 0  1  0  0
  0 0 0  0  1  0
 -1 1 0  0  0  0
  1 0 1  0  0  0
  1 0 0  1  1  0
  1 0 0 -1 -1 -1
6	% 
  1  0  0  1  0  0
  1  1  0  0  0 -1
  0  0 -1  0  0  0
  0  0  1  0 -1  1
  1  1  1  1  0  0
 -1 -1  1 -1  0  1
2-1',2-1';1,1 1 2
18 
#1 
6	% 
 0 -1  0  0  2  0
 0  0  1  0  1 -1
 1  0  0 -1  0 -1
 0 -1  0 -1  1  0
 0  1 -1  0 -2  0
 0 -1  0  1  1  1
1,1,1;1,1,1 1 4
36 
#1 
6	% 
  1  1  0  1  0  0
  0  0  1  0  2 -1
  0 -1 -1 -1 -1  0
 -1  0  1  1  1  1
  0 -1 -1 -1  0 -1
  0  1  0  0 -1  1
2-1;1,1;1,1 1 10
36 
#1 
6	% 
  1  0 0  0 -1  0
  2  0 1 -1  0 -1
  2 -1 0  1  0  0
 -1  0 0  0  0  1
 -1  0 0  1  0  1
 -1  0 0 -1  0  0
1,1,1;1,1,1 1 3
36 
#1 
6	% 
  0  1 1  0 1  1
  1  0 0 -1 0 -1
 -1  0 0  0 0  0
  0 -1 0  0 0  0
 -1  0 0  0 0  1
  0  0 1  0 0  1
2-1;1,1;1,1 1 6
18 
#1 
6	% 
 1  0 0  1  0  0
 0 -1 1  0  0  1
 0 -1 0  0  0  1
 0  1 0  0 -1  0
 0  1 0  1  0  0
 0  1 0 -1  0 -1
2-1',2-1';1;1 1 6
18 
#1 
6	% 
  0 -1  0  0 -2  2
  0  0 -1  0  1  0
  1  0  1  0 -1  0
 -1  1  0  0  1 -1
 -1  0  0 -1  0  0
 -1  0  0  1  0  1
2-2;1,1,1,1 1 2
8 
#1 
6	% 
  1  1  1  1 0  1
  0  0  0  0 0 -1
  1  1  1  1 1  1
 -1 -1  0 -1 0  1
  1  0  1  1 0  0
  0 -1 -1 -1 0  0
2-2',2-2';1,1 1 3
32 
#1 
6	% 
 -1  1 -1 -2 -3 -2
  1 -1 -1 -4  2 -2
  1  1 -1 -3 -4  0
 -1  1  0  2 -3  1
  1  0 -1 -3 -2  0
  0 -1  1  3  3  2
2-2;1,1,1;1 1 5
72 
#2 
6	% 
  0  1 -1  0 0 -1
  1  0 -1  0 0 -1
 -1 -1  0  0 0  1
 -1 -1  1 -1 0  1
 -1 -1  1  0 0  2
 -1 -1  1  0 1  1
6	% 
  0  1  0 -1  1 -1
  1  0 -1  0  0 -1
 -1  0 -1  0  0  0
 -1 -1  0  1 -1  2
 -1 -1  0  0 -1  1
 -1 -1  0  1  0  1
1,1,1,1;1;1 1 4
6 
#1 
6	% 
 0  0 0  1 0  0
 1  0 0  0 0  0
 0  0 0 -3 1 -1
 0  0 0  2 0  1
 0 -1 0 -1 0  0
 0  0 1 -1 0  0
1,1,1;1,1;1 1 7
72 
#2 
6	% 
 0 1 -1 0 0  2
 0 0  0 0 0 -1
 0 0  0 1 0  0
 1 0  0 0 0 -1
 1 0  0 0 1 -1
 0 1  0 0 0  1
6	% 
 -2 -1  1 0 0  2
 -2  0  0 0 0  1
  5  1 -1 0 1 -4
 -1  0  0 0 0  0
  0  0  0 1 0  0
 -1 -1  0 0 0  1
1,1,1;1,1;1 1 10
72 
#1 
6	% 
 0  0  0 -1 -2  1
 0  0  0  0 -2  1
 1  0  0  1  5 -3
 0  0  0  0 -1  1
 0  0 -1 -1 -1 -1
 0 -1 -1  0  0  0
1,1,1;1,1;1 1 12
216 
#3 
6	% 
  0 -1  1 -2 -2  0
  0 -2  2  0 -2  3
  0  4 -4  1  4 -5
 -1 -1  1  2 -1  2
  1  2 -2 -1  2 -3
  0  0  1 -1 -1  0
6	% 
 -2  1 -1 -2 0  0
 -2  0  0  0 0  1
  6 -2  2  5 0 -1
 -1  0  0 -1 1 -1
  3 -1  1  2 0 -1
 -1  0 -1 -1 0  0
6	% 
 0  0  0 -2 -2 -1
 0  1 -1  0 -1 -1
 0 -1  1  2  4  2
 0  1  0  0  0 -1
 0 -1  0  1  1  2
 1  0  0 -1 -1 -1
1,1,1,1;1;1 1 5
84 
#3 
6	% 
  0  1 -1  1  0  2
  0  1 -1  1  1  1
  0  1  0  1  0  1
 -1 -1  1 -1 -1 -1
 -1  1 -1  1  1  2
  0  0  1 -1  0 -1
6	% 
 1  1 -1 -1  1 -2
 0  1 -1  0  0 -1
 0  1 -1 -2  1 -2
 0 -2  1  1 -1  2
 0  1 -2 -1  1 -2
 0 -1  1  1 -1  1
6	% 
  0  0  0 0  1 -1
 -1  0  0 0  2 -1
  0  0 -1 0  1  0
  1  0  0 1 -2  2
 -1  0  0 1  2 -1
  0 -1  0 0 -1  0
1,1,1;1,1;1 1 9
48 
#2 
6	% 
 0  0  0  0  0 -1
 0  0  0  0  1  0
 1  0  0  0 -1  1
 0  1 -1  1  0 -1
 0 -1  0 -1  0  0
 0 -1 -1  0  0  0
6	% 
  0 0 0  0  0 -1
  0 0 0  1  0  0
  0 0 0 -1 -1  0
  1 0 0  0  0 -1
 -1 0 1  0  0  1
  0 1 1  0  0  0
2-2;2-1;1,1 1 4
24 
#1 
6	% 
 -1 0 1  0 0  1
  2 0 0  0 0 -1
 -1 1 0  0 0  0
  3 0 0  0 0 -1
  3 0 0 -1 0 -2
  3 0 0  0 1 -2
2-2;1,1,1;1 1 6
8 
#1 
6	% 
  1 1  0 0  0 -1
 -1 0 -1 0  0  0
  0 0  0 0 -1  1
  0 0 -1 1  0  0
  0 0  0 1  1  0
  0 0  1 0  0  0
1,1,1;1,1;1 1 6
60 
#3 
6	% 
 -2 0  0 0  0  1
 -2 1  1 0  0  1
  3 0 -1 0  0 -2
 -1 0  0 0 -1  1
  0 0  0 1 -1  1
 -1 0  0 0  0  0
6	% 
 -2  0 0 0 0  1
 -1  1 0 0 0  0
  2 -1 0 0 1 -1
 -1  0 0 0 0  1
  0  0 0 1 0  1
 -1  0 1 0 0  1
6	% 
 0 0 0  0 0  1
 0 1 0  0 0  1
 0 0 0 -1 0 -2
 1 0 0  0 0  0
 1 0 0  0 1 -1
 0 0 1  0 0  1
1,1;1,1;1;1 1 25
72 
#2 
6	% 
 -1  0  0  0  0  0
  1  0 -1  0  0 -1
  0  0  0  0 -1  2
  1  0  0  0  0 -1
  0  0  0 -1  0 -2
 -1 -1  0  0  0  1
6	% 
  1 0 0  1 -1  0
 -1 0 0  0  2  0
  0 0 1 -1  0  0
 -1 0 0  1  1  1
  0 1 0  1  0  0
  1 0 0  0 -1 -1
1,1;1,1;1;1 1 24
144 
#3 
6	% 
  0  0  0 1  0  0
 -1 -1  2 0  0  2
  1  2 -1 0  0 -2
  1  1 -1 0 -1 -1
  1  1 -1 0  0 -1
  0  0  0 0  1 -1
6	% 
  0  0  0 -1  0 -1
  0 -2 -1  0 -1  1
  0  1  2  0  1  0
 -1  1  1  0  1  0
  0  1  1  1  1  0
  1  0  0 -1  0 -1
6	% 
  0 1  0  1 0  0
 -1 0  0  0 0  0
  1 0  0  0 1 -1
  1 0 -1  0 0 -1
  1 0  0 -1 0 -1
  0 0  1  1 0  1
1,1;1,1;1;1 1 32
45 
#3 
6	% 
 0 1 -1 0  0 -1
 0 0  0 1 -1  1
 0 0  1 0  0  0
 0 0  1 0  1  0
 0 0  0 0  1 -1
 1 0  0 0  0 -1
6	% 
  1  0 0 0 1 -1
  0  0 0 1 0  0
 -1  0 1 0 0  1
 -1  0 0 0 0  1
  0  0 1 0 0  1
  0 -1 1 0 0  1
6	% 
  0  1 0 0 0  0
 -1  0 0 1 0  1
  0 -1 0 0 1 -1
  1 -1 0 0 0 -1
  1  0 0 0 1 -1
  0  0 1 0 1  0
2-2;2-2;1;1 1 14
16 
#1 
6	% 
 -1 0 0  0 -1 1
 -1 0 1  0  0 1
  0 1 0  0 -1 0
 -1 1 0  0  0 0
  0 1 0 -1 -1 0
  1 0 0  0  0 0
1,1,1;1;1;1 1 8
36 
#1 
6	% 
 -1  1 -1  1  0  0
  2 -1  0 -1  0 -1
 -1  0  0  0  0  1
  0  0  0  0 -1  1
 -2  0 -1  1  0  1
  1  0  0  0  0  0
1,1;1,1;1,1 1 6
18 
#1 
6	% 
  3  0  0 1  0 -1
 -1  0 -1 0 -2  1
 -2  0  0 0  0  1
  0  0  1 0  1  0
  0 -1  0 0  0  1
 -1  1  0 0  0 -1
1,1,1;1;1;1 1 15
72 
#1 
6	% 
 0 -1  1  1 -3  2
 1  1 -1 -1  2 -2
 0  1  0 -1  1 -1
 0  1 -1 -1  2 -1
 0  0  1  1 -1  1
 1 -1  1  1 -2  1
1,1;1,1;1;1 1 13
36 
#1 
6	% 
  3 0 0 1  0 -1
  1 0 0 0  0 -1
  1 0 1 0  1  0
  1 0 0 0 -1  0
 -1 1 0 0 -1  0
 -2 0 0 0  0  1
1,1;1,1;1,1 1 10
72 
#2 
6	% 
  0  0 1 -1  1 -1
  1  0 0  0 -1  0
 -1  0 0  1  0  1
  0 -1 0 -1 -1  1
 -1  0 0 -1  0  0
  1  0 0  0  0 -1
6	% 
 -1  0 1  0  1  0
  0  0 0 -1 -1  0
  1  0 0  1  0  0
 -1 -1 0  0 -1  2
 -1  0 0  1  0  1
  0  0 0 -1  0 -1
2-2,2-2;1,1 1 3
96 
#1 
6	% 
  0  0 1  0  0  1
 -1  0 0  1  0  1
  0  1 0  0 -1  0
 -1  0 0  1 -1  1
  0 -1 0 -1  1 -1
  0  0 1 -1 -1  1
1,1,1;1,1;1 1 11
144 
#3 
6	% 
  2 0 0 -2  0 -1
  4 0 0 -3  2 -3
 -9 0 0  8 -3  6
  1 1 0 -1  0 -1
  2 0 0 -2  1 -2
  1 0 1 -1  0  0
6	% 
 -2 0 0  2 0  1
 -2 0 0  1 0  1
  5 1 0 -3 0 -3
 -1 0 0  1 1  0
 -1 0 0  0 0  0
 -1 0 1  1 0  1
6	% 
  0  0 0  0 0 -1
  1 -1 0  2 0 -1
 -1  1 0 -3 0  4
  1  1 0  0 1 -2
  0 -1 0  1 0  0
  0  0 1  0 0  0
1,1,1,1;1;1 1 6
15 
#2 
6	% 
 0  1  0 0 -1  0
 0  1  0 0  0  0
 0  0  0 1  0  0
 1 -1  0 0  1  0
 0  1 -1 0 -1 -1
 1  0  1 0  0  0
6	% 
  0 -1  0 0 -1 -1
  1  0  0 0  0  0
  0  1  0 0  0  0
 -1  0  0 1  1  1
  1  0  1 0 -1  0
  0  0 -1 1  0  0
2-2;1,1;1,1 1 6
48 
#1 
6	% 
 -2 -1  0 -1  1  1
 -2  0  1  1 -1  2
  1  1  0  0 -1 -1
  0  1  1  1 -1  0
  0 -1 -1 -2  1 -1
 -1  0  1  1 -1  2
1,1,1;1;1;1 1 13
24 
#2 
6	% 
 0  0 0  1  0  0
 0  0 0  0 -1  0
 0 -1 0  1  0  1
 1  0 1  0  0  0
 1  0 0  1  0  0
 1  0 0 -1  0 -1
6	% 
  1  0 0 0  0 0
  1  0 0 0 -1 0
  1 -1 0 0 -1 0
  0  0 1 1  0 1
  1  0 0 1 -1 0
 -1  0 0 1  1 1
1,1,1;1;1;1 1 16
72 
#2 
6	% 
 0  0 0 -1 0  1
 0 -1 0 -2 0  2
 0  0 1  2 0 -1
 0  0 0 -1 1  1
 1  0 0 -1 0  1
 1  0 0  0 1 -1
6	% 
 -1 0 0 -1 -1  1
 -3 0 0 -2 -2  2
  3 0 0  1  2 -3
 -2 0 1 -1 -1  2
 -2 1 0 -1 -1  1
  0 1 1  0  0  0
1,1;1,1;1;1 1 28
144 
#2 
6	% 
  0 0  0  2 -3  4
  0 0 -1  0 -1  1
  0 0  0  3 -3  4
 -1 1  0  1  0  0
 -1 0  0 -1  1 -1
  1 0  0 -1  1 -2
6	% 
  0 1  0  1  0  0
  0 0  0  1 -1  1
 -1 0  0  1  0  1
  0 0  1  0  0  1
  0 0  1 -1  0  0
  0 0 -1 -1  0 -1
1,1;1,1;1,1 1 9
72 
#2 
6	% 
  0  0 0 1 0  0
 -1 -1 0 0 0  1
 -1  0 1 0 0  1
 -1  1 1 0 1  0
  0  1 1 0 1  0
  1  0 0 0 0 -1
6	% 
  0 1  0 -1  0 -1
 -1 0  0  0  1  0
  1 0  0  0  0 -1
  1 0  1  0 -2  1
  1 0  0  1 -1  0
  0 0 -1 -1  1 -2
2-1;1,1;1;1 1 14
18 
#1 
6	% 
 1  0  0 -3  0 -2
 0  0  0 -1 -1  0
 0  0 -1 -1  0 -1
 0 -1  0  1  0  1
 0  0  0 -1  0  0
 0  0  0  2  0  1
2-1;1,1;1;1 1 28
72 
#2 
6	% 
  0  0  0 -1  0  0
  1  0 -1  0  0 -1
 -1 -1  0  0  0  1
  0  0  0  1 -1  1
 -1  0  0  1  0  1
  1  0  0  1  0  0
6	% 
  1  0  0  0  0 0
  0  0 -1  1  0 0
  0 -1  0 -1  0 0
 -1  0  0  0 -1 1
 -1  0  0 -1  0 0
 -1  0  0  1  0 1
2-2;1,1;1,1 1 4
24 
#1 
6	% 
  0 1  1  0 0  0
 -1 0 -1  0 0  0
  1 0 -1  0 0 -1
  1 0  0 -1 0 -1
  1 0  0  0 1 -1
  1 0  0  0 0  0
1,1;1,1;1;1 1 38
72 
#2 
6	% 
  1 0 0  0 0 -1
  1 0 0  1 0  0
 -1 0 0 -2 1 -1
 -1 1 0 -1 0  0
  1 1 0  1 0 -1
  0 1 1  0 0  0
6	% 
 0  0 1  1  0  1
 0 -1 0  1  0  1
 0  0 0 -1 -1  0
 0  0 0 -1  0 -1
 0  0 0  1  0  0
 1  0 0  0  0 -1
1,1;1,1;1;1 1 35
36 
#1 
6	% 
  2  0 0  2 -1  0
  0  0 1 -1  1 -1
 -2  0 0 -1 -1  2
  0 -1 0 -1  1 -1
  1  0 0  2 -1  1
 -1  0 0  0 -1  2
1,1;1,1;1,1 1 8
15 
#2 
6	% 
 0 -1 1 0  0  1
 1  0 0 0  1 -1
 0  0 0 1  0  0
 0  0 0 0  1  0
 0 -1 0 0  0  1
 0  1 0 0 -1  0
6	% 
 0 0 1  0 -1  1
 1 0 0 -1  0 -1
 0 1 0  0  0  1
 0 0 0 -1  0 -1
 0 0 0  0 -1  0
 0 0 0  1  1  0
1,1,1;1;1;1 1 18
20 
#2 
6	% 
 0 0  0 1 0  0
 0 0  0 0 1  0
 0 0  0 0 0  1
 1 0  0 0 0 -1
 0 1  0 0 0 -1
 0 0 -1 0 0 -1
6	% 
 1 0  0  0 0  0
 0 0  0  0 1  0
 0 0  0  0 0  1
 0 1  0  0 0 -1
 0 0 -1  0 0 -1
 0 0  0 -1 0 -1
1,1;1,1;1;1 1 22
18 
#1 
6	% 
  0  0 0 1 0  1
  1  0 0 0 1 -1
  0  0 1 0 0  1
  0 -1 0 0 0  1
 -1  0 0 0 0  0
  1  0 0 0 0 -1
2-2;2-1;1;1 1 12
24 
#1 
6	% 
 0 1 0 0  0 0
 0 0 1 0  0 0
 1 0 0 0  0 0
 0 0 0 1  1 0
 0 0 0 1  0 0
 0 0 0 0 -1 1
2-1;1,1;1;1 1 31
36 
#2 
6	% 
 0 0 0  3 1  1
 0 0 1 -1 0  0
 0 1 0 -1 0 -1
 0 0 0  2 0  1
 0 0 0 -1 0 -1
 1 0 0 -1 0 -1
6	% 
 0 1 0 -3  0 -2
 0 0 0  1 -1  1
 0 0 0  1  0  1
 0 0 0 -2  0 -1
 1 0 0  1  0  0
 0 0 1  1  0  1
3;1,1,1 1 2
2 
#1 
6	% 
  0 0 0 0 1 0
  0 0 0 1 0 0
 -2 0 0 0 0 1
 -1 0 1 0 0 1
 -1 1 0 0 0 0
 -1 0 0 0 0 1
2-1;2-1;1,1 1 5
9 
#1 
6	% 
 1 0 0 -3  0 -2
 0 0 1 -1  0  0
 0 0 0  1 -1  1
 0 1 0 -1  0 -1
 0 0 0  1  0  1
 0 0 0  2  0  1
2-1,2-1;1,1 2 2
36 
#1 
6	% 
 0 1 0  0  1 -1
 0 0 1  0  0  1
 1 0 0  1  0  0
 0 0 0  1  0  0
 0 0 0  0 -1  1
 0 0 0 -1  0 -1
2-1,2-1;1,1 3 2
36 
#1 
6	% 
 1  0 0 -1 0 -1
 0  1 1  0 1 -1
 0  1 0  0 1 -2
 0  0 0 -1 0 -1
 0 -1 0  0 0  1
 0  0 0  1 0  0
2-1,2-1;1;1 2 8
36 
#1 
6	% 
  0  0 -1  0  0 -1
  0 -1  0  0 -1  1
 -1  0  1  0  0  1
  1 -1  0  0  0  0
  1  0  0 -1  0 -1
  1  0  0  1  0  0
2-1,2-1;1;1 3 5
36 
#1 
6	% 
 0 -1 0  0 -2  2
 0  1 1  0  3 -1
 1  1 1  0  3 -2
 1 -1 0  0 -1  1
 1  0 0 -1  0 -1
 1  0 0  1  0  0
2-1;2-1;1;1 1 22
9 
#1 
6	% 
 -1 0 0 0  0  1
  1 0 1 0  0  0
  1 1 0 0  0 -1
  1 0 0 0 -1  0
  2 0 0 0  0 -1
 -1 0 0 1  0  1
1,1;1,1;1;1 1 30
18 
#1 
6	% 
  0  0 -1 0 -1 -1
 -1  0  1 0  1  1
  0 -1  0 0 -2  1
 -1  1  0 0  1  0
  1  0  0 1  0  0
 -1  0  0 1  0  1
2-2,2-2;1;1 2 6
96 
#1 
6	% 
 -1 0 0 1  1  0
 -1 0 1 1  1  1
  0 1 0 2  1  0
 -1 1 0 1  2 -1
  0 1 0 2  0  0
  1 0 0 0 -1  0
2-1;1;1;1;1 1 29
18 
#1 
6	% 
  1 0 0 0  0  0
 -1 0 1 0  0  1
  1 1 0 0  0 -1
  1 0 0 0 -1  0
 -1 0 0 1  0  1
  1 0 0 1  0  0
2-1;1;1;1;1 1 42
6 
#1 
6	% 
 -1 0 0 0  0  1
  1 0 0 0 -1  0
 -1 1 0 0  0  0
 -1 0 1 0  0  1
  1 0 0 1  0  0
  2 0 0 0  0 -1
2-2;2-2;1,1 1 8
16 
#1 
6	% 
 0 0 0  1  0  0
 0 0 0  0 -1  0
 0 0 0 -1  1 -1
 0 0 1 -1  1  0
 0 1 0 -1  1 -1
 1 0 0 -1  1 -1
3;2-2;1 1 5
8 
#1 
6	% 
 -1  0  0 0 -1 1
  1  0  0 0  0 0
  0  0  0 1  0 0
 -1  0 -1 0  0 0
 -2 -1 -1 0  0 1
  0 -1 -1 0  0 0
3,3 2 1
24 
#1 
6	% 
  0 0 0 -1  1 -1
  0 0 0 -1  0  0
  0 0 0  0  1  0
  0 0 1  1  0  1
  0 1 0  0 -1  0
 -1 0 0  0  0  0
3;1,1;1 1 9
12 
#1 
6	% 
 -1 1 0 0  0 0
  1 0 1 0  0 0
  0 0 0 0  0 1
  0 0 0 0 -1 1
  1 0 0 0  0 0
  0 0 0 1  0 1
2-2;1,1;1;1 1 9
24 
#1 
6	% 
 -1 -1 0  0 0  1
  0  1 1  0 0  0
  1 -1 0  0 0  0
  1  0 0 -1 0 -1
  1  0 0  0 1 -1
  1  0 0  0 0  0
2-2;1,1;1;1 1 16
48 
#1 
6	% 
  0 0 1  1 -1  1
  0 1 0 -1  1 -1
  1 0 0  1  0  0
  0 0 0  1 -1  1
  0 0 0  0  1  0
 -1 0 0  0  0  0
2-2;1,1;1;1 1 18
48 
#1 
6	% 
  1  0 -1  0  0 -1
 -1 -1  0  0  0  1
  0  0  0  1  0  0
  0  0  0  0 -1  0
 -1 -1  1 -1  1  1
  1  1 -1  0  0 -2
1,1;1;1;1;1 1 51
48 
#2 
6	% 
 0  3 -2  3 0 -1
 0 -2  3 -3 0  1
 1  1 -1  1 0 -1
 0  1 -1  1 0 -1
 0  1 -1  1 1 -1
 0 -2  2 -2 0  1
6	% 
  3  0 -1 0 0 -2
 -3 -1  0 0 0  2
  1  0  0 0 0 -1
  1  0  0 1 0  0
  1  0  0 0 1 -1
 -2  0  0 0 0  1
1,1;1;1;1;1 1 33
36 
#1 
6	% 
  0  2 -2  3 -1 -2
  0 -2  1 -3  0  1
  0  0 -1  1 -1  0
 -1  0  0  0 -1  1
 -1  0  0  0  1  0
  0  1  0  1 -1  0
1,1;1;1;1;1 1 42
36 
#2 
6	% 
 0 0 0 1 0  0
 0 0 1 0 0  0
 0 1 0 0 0  0
 1 0 0 0 0 -1
 0 0 0 0 1 -1
 0 0 0 0 0  1
6	% 
  1 0 0 0 1 -1
  1 0 1 0 0  0
 -1 1 0 0 0  0
  1 0 0 0 0 -1
  1 0 0 1 0  0
 -2 0 0 0 0  1
1,1;1;1;1;1 1 19
9 
#1 
6	% 
 -1  0 0  0 -3  2
  0  0 1  0 -1  1
  0  0 0  0 -1  1
  0 -1 0  0 -1  1
  0  0 0 -1  1 -1
  0  0 0  0  2 -1
1,1;1;1;1;1 1 30
72 
#2 
6	% 
  1  0 0  0 0  0
 -1 -1 0  1 0  1
 -1  0 0  1 0  1
  0  0 1  0 1  0
  1  0 0 -1 1 -1
 -1  0 0  1 1  0
6	% 
  0 0 0 -1  1 -1
  0 1 0  1 -1  0
  0 0 0  0 -1  0
 -1 0 1  0  0  1
 -1 0 0 -1  1  0
 -1 0 0  1 -1  1
3;2-1;1 1 8
6 
#1 
6	% 
 0 1 0 0  0  0
 0 0 1 0  0  0
 0 0 0 1  0  1
 0 0 0 0 -1  1
 1 0 0 0  0 -1
 0 0 0 0  0  1
2-2;1,1;1;1 1 19
24 
#1 
6	% 
 0 1 -1  0  0 -1
 0 0  1 -1 -1  1
 1 0  0  0  0 -1
 0 0  0  0  1 -1
 0 0  0  1  1  0
 0 0  0 -1  0  0
1,1;1;1;1;1 1 53
15 
#2 
6	% 
 0  3 1 0 0 -1
 0 -1 0 0 0  0
 1  1 0 0 0 -1
 0  1 0 1 0  0
 0  1 0 0 1 -1
 0 -2 0 0 0  1
6	% 
 0 -3 0 0 1  1
 0  1 0 0 0 -1
 1 -1 0 0 0  0
 0 -1 1 0 0  1
 0 -1 0 1 0  1
 0  2 0 0 0 -1
1;1;1;1;1;1 1 22
9 
#1 
6	% 
  0 0 1 0  0  0
  0 0 0 0 -1  1
  0 0 0 1  0  1
  0 1 0 0  0  0
  0 0 0 0  0 -1
 -1 0 0 0  0  1
1;1;1;1;1;1 1 37
6 
#1 
6	% 
 0 0 1 0 0  0
 0 1 0 0 0  0
 1 0 0 0 0  0
 0 0 0 1 0  1
 0 0 0 0 1 -1
 0 0 0 0 0 -1
1;1;1;1;1;1 1 46
1 
#1 
6	% 
 -1 0 0 0 0  0
  1 1 0 0 0 -1
 -1 0 1 0 0  1
 -1 0 0 1 0  1
 -1 0 0 0 1  0
  2 0 0 0 0 -1
3;1,1;1 1 8
6 
#1 
6	% 
 1 -1 0 0  0 0
 0  0 0 0 -1 1
 0  0 0 1  0 1
 0  1 0 0  0 0
 0  0 1 0  0 0
 0  0 0 0  0 1
2-2;1,1;1;1 1 17
24 
#1 
6	% 
  0 1 -1  0 0 -1
  1 1  0  0 0 -1
  1 0  0  0 1 -1
 -1 0  1  0 0  1
  1 0  0  0 0  0
  1 0  0 -1 0 -1
2-2;1;1;1;1 1 16
24 
#1 
6	% 
 0 1 0 -1 1 -1
 0 0 1 -1 0  0
 1 0 0  1 0  0
 0 0 0  0 1  0
 0 0 0 -1 1 -1
 0 0 0  1 0  0
2-2;1;1;1;1 1 21
8 
#1 
6	% 
 1 0 0  1 -1  0
 0 1 0  1 -1  0
 0 0 1  1 -1  1
 0 0 0 -1  0  0
 0 0 0 -2  2 -1
 0 0 0  1 -1  0
3;1;1;1 1 12
6 
#1 
6	% 
 0 0 1 0  0  1
 0 1 0 0  0 -1
 0 0 0 0 -1  0
 1 0 0 0  0 -1
 0 0 0 1  0  0
 0 0 0 0  0 -1
3;1;1;1 1 21
2 
#1 
6	% 
 0 0 0 1  0  1
 0 0 0 0 -1  0
 1 0 0 0  0 -1
 0 1 0 0  0  0
 0 0 1 0  0  1
 0 0 0 0  0 -1
