#37

2-1;2-1;2-1 1 7
1 
#1 
6	% 
 1 0 0 0 0 0
 0 1 0 0 0 0
 0 0 1 0 0 0
 0 0 0 1 0 0
 0 0 0 0 1 0
 0 0 0 0 0 1
1,1,1,1,1,1 1 1
1 
#1 
6	% 
 1 0 0 0 0 0
 0 1 0 0 0 0
 0 0 1 0 0 0
 0 0 0 1 0 0
 0 0 0 0 1 0
 0 0 0 0 0 1
1,1,1,1;1,1 1 3
9 
#2 
6	% 
 0  1  1 -1  1  1
 1 -2 -1 -1  0 -1
 0 -1  0  0  0  0
 0  1  0  1 -1  0
 1 -1  0 -1  1  0
 0  1  0  0  0  1
6	% 
  0  0  1 -1  0  0
  0  1  1 -1  1  1
 -1  1  0  1  0  0
  0  0 -1  1 -1 -1
  0  0  1 -1  1  0
  0 -1  1  0  0 -1
1,1,1,1,1;1 1 2
6 
#1 
6	% 
 -1  0  0 1  0  0
 -1  0  0 0  0  0
 -2 -1  0 0 -1 -1
 -1 -1  1 0  1  0
  2  1 -1 0  0  0
 -2 -1  1 0  0 -1
2-1',2-1',2-1' 1 1
4 
#1 
6	% 
  0  1 0 0  0  1
 -1  0 1 0  0  0
 -1  1 0 0 -1 -1
  0  0 1 1  0 -1
  0  0 1 0  0  0
  0 -1 0 0  0  0
1,1,1;1,1,1 1 3
9 
#2 
6	% 
 -1  1 1  1 -1  0
 -1 -1 0  0 -1 -1
 -1  0 0  1  1  1
  1  0 0 -1  0  0
  0  1 0 -1  0  1
  0  0 0  1  0  0
6	% 
  1  1  0  0 -1  0
  1  0 -1 -1  0  1
 -1  0  0  1 -1 -1
  0  0  0  0  1  1
  0 -1  1  0  0 -1
  0  1  0  0  0  1
2-1',2-1';1;1 1 7
6 
#1 
6	% 
 -1  1  2  0 -1  0
  1  2 -1 -1  0  1
 -1 -1  1  1  0  0
  0 -1 -1  0  1  0
  1 -1 -1  0  1  0
 -1 -1  1  1  0 -1
1,1,1,1;1,1 1 2
6 
#1 
6	% 
 1  0  0  0  0 0
 0 -1 -1 -1  1 0
 0  0  1  0  0 0
 0  1  0  0  1 1
 0  0  0  0 -1 0
 0 -1  0  0  0 0
2-1;1,1;1,1 1 11
6 
#1 
6	% 
  1  0 0  0 0 0
  0  0 0  0 0 1
  0  0 0  0 1 0
 -1  0 1  0 0 0
  0  0 0 -1 0 0
  0 -1 0  0 0 0
1,1,1;1,1,1 1 4
4 
#1 
6	% 
 -1 0 -1 0  0  1
 -1 0 -1 0  0  0
  1 1  1 0 -1 -2
 -1 0  0 0  1  2
  1 0  1 1 -1 -2
  0 0  0 0  1  2
1,1,1;1,1,1 1 1
1 
#1 
6	% 
  0  0 -1 -1  0  0
 -1  0  0 -1  0  0
  1  0  1  1  0  0
  0  0  0  0 -1 -1
  0 -1  0  0  0 -1
  0  1  0  0  1  1
1,1;1,1;1,1 1 7
6 
#3 
6	% 
  0 -1 -1  1 -1 -1
  0  1  1 -1  0  0
  0  1  0 -1  0  1
  0  0  0  0  0 -1
 -1  0  1  0  1  1
  0  0 -1  1 -1 -1
6	% 
  0  0  0  0  0  1
 -1  0  0  1 -1 -1
  1  1 -1 -1  0  0
 -1 -1  1  1 -1 -1
  1  0 -1 -1  1  0
  0  0  0  1 -1  0
6	% 
 -1 -1 0 0 -1 -1
  0  0 0 0  1  0
  0  0 0 1  1  1
  0  0 0 0  0 -1
  0  1 1 0  0  1
  0 -1 0 0  0 -1
2-1',2-1';2-1 1 3
6 
#1 
6	% 
 0 1  0  0 1 1
 0 0 -1  1 0 0
 1 0  0 -1 0 0
 0 1  0  0 0 1
 0 1  0  0 0 0
 0 0  0 -1 0 0
1,1;1,1;1;1 1 39
6 
#1 
6	% 
  1 -1  0 -2  1  0
 -1  0  1  1 -2 -1
  1  0 -1 -1  1  0
 -1  1  0  1 -1  0
 -1  0  1  1 -1 -1
  0  1  0  1 -1  0
1,1;1,1;1,1 1 4
9 
#2 
6	% 
 -1 0 1  1  0 0
  0 1 0  0  1 1
  0 0 0  0 -1 0
  1 0 0 -1  0 0
  0 0 0  1  0 0
  0 0 0  0  1 1
6	% 
 -1  0 -1 -1 0 0
  0  0  0  0 0 1
  0  0  0  0 1 0
  1  0  0  1 0 0
 -1  0 -1  0 0 0
  0 -1  0  0 0 0
1,1,1;1,1;1 1 10
36 
#3 
6	% 
 0  0  0  0  2  1
 0  2  1 -1  2  2
 0 -3 -2  2 -5 -4
 0  0  0  0  1  1
 0  1  0 -1  1  1
 1  0 -1 -1  0  0
6	% 
  2  2  1  1  2  2
  2  1  0  0  1  1
 -5 -4 -1 -1 -4 -4
  1  1  1  0  1  1
  1  0  0  0  1  1
  0  0  0  0  0  1
6	% 
  1  0 0 -2  0  0
  1 -1 0 -2 -1 -1
 -3  2 1  5  2  2
  0  0 0 -1  0  0
  1  0 0 -1 -1 -1
  0  0 0  0  0 -1
1,1;1,1;1;1 1 8
9 
#2 
6	% 
 -1  0 1  1 0 0
  0  1 0  0 1 1
  0 -1 0  0 0 0
  1  0 0 -1 0 0
  0  0 0  1 0 0
  0  1 0  0 0 1
6	% 
  0 0  0 0  0 1
 -1 0  1 1  0 0
  0 0 -1 0  0 0
  0 1  0 0  0 0
  0 0  0 0 -1 0
 -1 0  1 0  0 0
1,1,1;1;1;1 1 8
18 
#2 
6	% 
  0  1  1 -1 1 1
  0 -1 -1  1 0 0
 -1  0  1  0 0 0
 -1  0  0  0 0 0
  0  1  1 -1 0 1
 -1  0  0  1 0 0
6	% 
 -2 -1 -1  1  1 0
  2  1  0 -1 -1 0
 -1  0  0  0  1 1
  0  1  0  0  1 1
 -1 -1 -1  0  1 0
  1  1  0  0  0 1
1,1;1,1;1;1 1 14
18 
#4 
6	% 
  0  1  0  0  1  1
  0 -1 -1  0 -1 -1
 -1  0  1  1 -1  0
  1  0 -1 -1  0  0
 -1  0  1  1 -1 -1
  0  1  0 -1  1  1
6	% 
 0  1  0  0  1  1
 0 -1  1  0 -1 -1
 0  0 -2  2 -1  0
 0  0  1 -1  0  0
 0  0 -2  2 -1 -1
 1  1  0 -1  1  1
6	% 
  0  0  0  0 0 -1
  0  0  1  0 0  1
  0 -1 -2  2 0  0
  0  0  1 -1 0  0
  0  0 -2  2 1  1
 -1  0  1  0 0 -1
6	% 
 -2 -1  0  0 -1 -1
  2  1 -1  0  1  1
  1  1  2 -2  0  1
  0  0 -1  1  0  0
  1  1  2 -2  0  0
 -1 -1 -1  0 -1 -1
1,1,1,1;1;1 1 5
9 
#2 
6	% 
  0  0  1 -1  0  0
 -1 -1  2  0 -1 -1
  0 -1  1 -1  0  0
  1  1 -2  1  1  1
  0 -1  2 -1 -1 -1
  0  1 -1  1  0  1
6	% 
  1  0  0  0  0  0
  1 -1 -1 -1 -1 -1
  0 -1 -1  0 -1 -1
 -1  2  1  1  1  1
  1 -2 -1 -1 -1 -2
  0  1  0  1  1  1
1,1,1,1;1;1 1 4
6 
#1 
6	% 
 -3  0  1 1  0  0
 -1  0  0 0  0  0
  6  1 -1 0 -1  0
 -4 -1  0 0  1  0
  2  0  0 0 -1 -1
  2  1  0 0  0  0
1,1,1;1,1;1 1 7
18 
#2 
6	% 
 0 -2  0  0  0 -1
 0 -2 -1  1 -2 -2
 0  5  2 -2  3  4
 1 -1  0  1 -1 -1
 1  0  0  0  0  0
 0 -1  0  0  0 -1
6	% 
  0  2  0 0 0 1
 -1  0  0 0 0 0
  3 -1  0 0 1 0
  0  0 -1 0 0 0
  0  0 -1 1 0 0
  0  1  0 0 0 1
1,1,1;1,1;1 1 4
6 
#1 
6	% 
 0  0 -1 -1  0  0
 0  0 -1  0  0  0
 1  0  1  1  0  0
 0  0  0  0 -1 -1
 0 -1  0  0 -1 -1
 0  0  0  0  0 -1
2-1,2-1,2-1 1 1
4 
#1 
6	% 
 -1  0 0 -1  0  0
  0  0 0  0 -1 -2
 -1  0 0  0  0  0
  0  0 0  0  0 -1
  1  0 1  1  0  0
  0 -1 0  0  1  2
2-1,2-1,2-1 3 1
12 
#1 
6	% 
  0  0  0  0  1  1
  0  0  0  1  0  0
  0  0  1  0  0  0
  0  1  0  0  0  0
  0  1 -1  1 -1 -2
 -1 -1 -1 -1 -1 -1
1,1;1,1;1;1 1 20
18 
#2 
6	% 
  0  1  0  0 1  1
 -2 -1  2  2 0 -1
  1  0 -1 -1 0  0
  0  0  0  1 0  0
 -2  0  2  2 1  1
  0  0  1  0 0  0
6	% 
  0  0  0  0 0 -1
  0  0 -2  2 1  1
  0  0  1 -1 0  0
 -1  0  0  1 0  0
  0 -1 -2  2 0 -1
  0  0  0  1 0  0
2-1;2-1;1;1 1 20
3 
#1 
6	% 
 0 0 0 0 1  0
 0 0 0 1 0  0
 0 0 1 0 0  0
 0 1 0 0 0  1
 1 0 0 0 0  0
 0 0 0 0 0 -1
2-1,2-1;1;1 1 7
6 
#1 
6	% 
  0  1  0 0 1  1
  0  0 -1 1 0  0
  0  0  1 0 0  0
  0 -1  0 0 0 -1
  0 -1  0 0 0  0
 -1  0  1 0 0  0
2-1,2-1;2-1 1 3
6 
#1 
6	% 
  0 1  0 0 1 1
  0 0 -1 1 0 0
  0 0  1 0 0 0
  0 1  0 0 0 1
  0 1  0 0 0 0
 -1 0  1 0 0 0
2-1,2-1;1;1 1 8
6 
#1 
6	% 
  0  2  1 -2  0  1
  0  1 -1  0  1  1
  1  0 -1  0  1  0
  1 -1 -1  1  1  0
 -1  0  1  0 -1 -1
 -1  0  0  0  0  0
2-1,2-1;2-1 1 4
6 
#1 
6	% 
 0  0  1 -1  0  0
 1  1 -1  0  1  1
 0  1 -1  0  1  1
 0 -1 -2  2  0  0
 0 -1 -2  2  0 -1
 0 -1 -1  1 -1 -1
1,1,1;1;1;1 1 6
2 
#1 
6	% 
 1  0  0  1  0  0
 0  0 -1  0  0  0
 0  0  0 -1  0  0
 0 -1  0  0 -1 -1
 0  1  0  0  0  0
 0  1  0  0  0  1
2-1;1;1;1;1 1 41
3 
#1 
6	% 
  0 0 0 1 0 0
  0 0 0 0 0 1
  0 0 1 0 0 0
  0 0 0 0 1 0
 -1 0 0 0 0 0
  0 1 0 0 0 1
1;1;1;1;1;1 1 43
1 
#1 
6	% 
 0 -1 0  0  0 -1
 1  0 0  0  0  0
 0  0 0 -1  0  0
 0  0 1  0  0  0
 0  0 0  0 -1 -1
 0  0 0  0  0  1
1;1;1;1;1;1 1 13
1 
#1 
6	% 
 0 -1  0  0 -1 -1
 0  1  0  0  0  0
 1  0  0 -1  0  0
 1  0  0  0  0  0
 0  1  0  0  0  1
 1  0 -1  0  0  0
1,1;1;1;1;1 1 20
9 
#2 
6	% 
  0  1 0 0  1  1
 -1 -1 0 1 -1 -1
  0  0 0 0 -1 -1
 -1  0 1 1  0  0
  0  0 0 0 -1  0
 -1  1 1 0  1  1
6	% 
  0  1 0 0 -1 0
 -1 -1 0 1  1 0
  0 -1 0 0  0 0
 -1  0 0 0  0 0
  0  0 0 0  1 1
 -1  1 1 0 -1 0
1,1;1;1;1;1 1 10
6 
#1 
6	% 
 0  1  0  0 1 1
 0 -1  0  0 0 0
 1  0  0 -1 0 0
 1  0  0  0 0 0
 0  1  0  0 0 1
 1  0 -1  0 0 0
