#48

3;1;1;1 3 4
1 
#1 
6	% 
 1 0 0 0 0 0
 0 1 0 0 0 0
 0 0 1 0 0 0
 0 0 0 1 0 0
 0 0 0 0 1 0
 0 0 0 0 0 1
1,1,1,1,1,1 1 1
1 
#1 
6	% 
 1 0 0 0 0 0
 0 1 0 0 0 0
 0 0 1 0 0 0
 0 0 0 1 0 0
 0 0 0 0 1 0
 0 0 0 0 0 1
2-1;1,1,1,1 1 2
3 
#1 
6	% 
  0  0  0 0 -1  1
  0  0  0 0  0  1
  1  0  1 1  1  2
  0 -1  0 0  0  2
  0  1  1 0  0  0
 -1 -1 -1 0  0 -2
1,1,1,1,1;1 1 2
12 
#3 
6	% 
  1 -1  1  1 1  1
  0 -1  0  0 0  0
  0 -1  1  0 0 -1
  1  0  1  1 1  0
 -1  1 -1 -1 0  1
  1 -1  1  0 1  0
6	% 
  0  0 0  1  0 -1
  0  1 0  0  0 -1
  1  1 1  1  1  0
  0  0 0  0  1 -1
 -1 -1 0 -1 -1  1
  0  1 1  1  1 -1
6	% 
 -1  0 -1  0 -1 -1
 -1  0 -1  0 -1  0
 -1  0 -1 -1 -1  0
 -1  0 -1  0  0 -1
  1 -1  1  0  1  0
 -1  0 -2  0 -1  0
1,1,1;1,1,1 1 1
1 
#1 
6	% 
  0 -1 -1  0  0  0
 -1  0 -1  0  0  0
  1  1  1  0  0  0
  0  0  0  0 -1 -1
  0  0  0 -1  0 -1
  0  0  0  1  1  1
1,1,1,1;1,1 1 2
12 
#3 
6	% 
 1  0  1 0 1  0
 0  0  0 0 0 -1
 1  0  1 1 0  1
 0  1  1 0 0  0
 0 -1 -2 0 0  0
 1 -1 -1 0 0  0
6	% 
  1  0  0  0  0  0
  1  0 -1  0  0  0
  0 -1 -1 -1 -1 -1
  0  0  0  0  1  0
 -1  1  1  1  1  0
  1 -1 -1  0  0 -1
6	% 
  0 0 0  0 1  0
 -1 0 1 -1 0 -1
  0 0 0  1 0  0
  0 1 0  0 0  0
  1 0 0  0 0  0
  0 0 1  0 0  0
2-1;1,1,1;1 1 6
9 
#1 
6	% 
  1  0  1  1  1  0
  0  0 -1 -1 -1 -1
 -1  0 -1 -2 -1 -1
 -1 -1  0  0  0  0
  1  0  0  1  1  1
  1  0  1  1  2  2
2-1;1,1,1;1 1 3
3 
#1 
6	% 
  0 0 0  0 -1 -1
  0 0 0 -1  0 -1
  0 0 0  1  1  1
  0 0 1  0  0  0
  1 1 0  0  0  0
 -1 0 0  0  0  0
1,1,1,1;1,1 1 3
27 
#2 
6	% 
 1 1  1  0  0  2
 1 0  1  1  1  2
 0 0  0  0  1  0
 0 0 -1  0 -1 -2
 1 0  0  1  0  1
 0 0  0 -1  0  1
6	% 
 -1 -1  0 -1 -1 -1
  0  0  0  0  0 -1
  1  2  2  1  0  0
  0  0 -2  0  1  2
  0 -2  0 -1  0 -1
 -1  1  1  0 -1 -1
1,1,1;1,1,1 1 3
27 
#2 
6	% 
  0 -1 -1  0  0  0
 -1  0 -1 -1 -1 -2
  1 -1  0  0  1  1
  0  1  0  0  0  0
  1  1  2  1  0  0
 -1 -1 -1  0  0  0
6	% 
 -1 1 -1  0  0  0
  1 0 -1  1  0 -1
 -1 0  1  0  0  1
  1 0  0  0  0  0
 -1 0  1 -1 -1  0
  0 0 -1  0  0  0
2-1;1,1;1,1 1 5
9 
#1 
6	% 
 0 0  0  0  1  0
 1 0  0  1  1  1
 0 0  0  0  0  1
 0 1  1  0  0  0
 0 0 -1 -1 -1 -1
 0 0  0 -1 -1  0
2-2;1,1,1,1 1 2
4 
#1 
6	% 
 0  0 0  1  0 0
 0  0 0  0  1 0
 0  0 0  1  1 1
 0 -1 0 -1 -1 0
 1  0 0  1  1 0
 1  1 1 -1 -1 0
2-2;1,1,1;1 1 5
12 
#1 
6	% 
 0 0 0  0 0 -1
 0 0 0 -1 0  1
 0 0 0  0 1  0
 0 0 1  1 1  0
 0 1 0  1 1  0
 1 0 0  1 1  0
1,1,1;1,1;1 1 7
54 
#4 
6	% 
  0 0  0  1  1 -3
  1 0 -1  0  0  2
 -2 0  2 -1 -1 -2
  0 0 -1  0  0  1
  0 1  0  0  0  0
  0 0  0  1  0 -2
6	% 
 0 -2 -2 -1 -1 -1
 0 -1 -1  0  0  2
 0  2  2  0  0 -3
 0  0 -1  0  0  1
 1  0  1  0  0  0
 0 -1 -1 -1  0  0
6	% 
 1 0 1  0  0  0
 0 0 0 -1 -1  1
 0 1 0  3  3 -3
 0 0 0 -2 -1  0
 0 0 0 -1  0  0
 1 0 0  0  0  0
6	% 
  2 1  1  0  0  0
  2 0  2  1  1 -1
 -3 0 -3 -1 -1  1
  1 0  1  2  1  0
  0 0  0  2  1  1
  1 1  1  0  0  0
1,1,1;1,1;1 1 11
108 
#5 
6	% 
  0 0  0 -1 -1  1
 -1 0 -1 -1 -1  1
  2 1  2  3  3 -3
  0 0  0  0  0  1
  0 0 -1 -1 -1  0
  0 0  0  0 -1  0
6	% 
  2  0  2  1  1 -1
  2 -1  3  1  1 -1
 -5  1 -6 -3 -3  3
  1  0  1  0  0 -1
  1  0  2  1  1  0
  1  0  1  1  0 -1
6	% 
 -1 -2 -1  0  0  0
  0  0  0  1  1  1
  1  2  1 -2 -1 -1
  0 -1  0  0  0  0
 -1  0 -1  1  1  0
  0 -1 -1  0  0  0
6	% 
 -3 0 -3 -2 -4  2
 -2 0 -2 -1 -1  1
  6 0  6  3  4 -3
 -1 1 -1 -1 -2  1
 -1 0 -1  0  0  1
 -1 0 -2 -1 -2  1
6	% 
 0 -1  1  0  0  0
 0 -2  2 -1 -1 -1
 0  5 -5  1  2  2
 1  0  1  0  0  0
 0 -1  1  0  0 -1
 0  0  1  0  0  0
1,1,1,1;1;1 1 5
27 
#2 
6	% 
 0 0  0  0 0 -1
 0 1  0  0 0 -2
 0 0  0  0 1 -1
 1 0  0  0 0  3
 0 0 -1  0 0 -3
 0 0  0 -1 0  2
6	% 
  1  1  0 0  0  1
  1  1  0 0  0  2
  0  1 -1 0 -1  1
 -1 -2  0 0  0 -3
  1  1 -1 0  0  3
  0 -1  1 1  0 -2
1,1,1;1,1;1 1 4
12 
#3 
6	% 
  0 -1 -1  0  0  0
 -1  0 -1  0  0  0
  1  1  1  0  0  0
  0  0  0 -1  0 -1
  0  0  0 -1 -1 -2
  0  0  0 -1  1  1
6	% 
  0  0  0  1 0 1
  0  0  0  1 0 0
  0  0  0 -1 1 0
 -1 -1  0  0 0 0
 -1 -1 -1  0 0 0
 -1  0  1  0 0 0
6	% 
  0  0  0  0 1  1
  0  0  0 -1 0  0
  0  0  0  0 0 -1
 -1  0 -2  0 0  0
 -1  0 -1  0 0  0
  0 -1 -1  0 0  0
1,1,1,1;1;1 1 6
12 
#3 
6	% 
  1  0  0 0 0 0
  0  1  0 0 0 0
  0  0  1 0 0 0
 -1 -1 -1 0 0 1
  1  1  1 0 1 0
  0  0  0 1 0 0
6	% 
  1 0  1  1  1  1
  1 0  1  1  1  0
  1 0  1  1  0  1
 -1 1 -1 -1 -1 -1
  2 0  1  1  1  1
  0 1  1  0  0  0
6	% 
 0  0 0  0  0 -1
 0  0 0  0 -1  0
 0  0 0 -1  0  0
 0 -1 0  0  0  0
 1  1 0  0  0  0
 0  0 1  0  0  0
2-2;1,1,1;1 1 4
4 
#1 
6	% 
 0  0 0  0  1  0
 0  0 0  0  1  1
 0  0 0 -1 -1 -1
 0  0 1  0  0  0
 0 -1 0  0  0  0
 1  0 0  0  0  0
1,1;1,1;1;1 1 8
27 
#2 
6	% 
  1 1 1 0  0  0
  0 0 0 0  0 -1
  0 0 0 1  0  0
 -1 0 0 0  0  0
  0 0 1 0  0  0
  0 0 0 0 -1 -1
6	% 
  0 0 0  1 1  2
  1 1 0  0 0  0
 -1 0 0  0 0  0
  0 0 0 -1 0 -1
  0 0 0  0 1  2
  1 1 1  0 0  0
1,1,1;1;1;1 1 6
1 
#1 
6	% 
  0 0  0  0 -1 -1
  0 0  0 -1  0 -1
  0 0  0  1  1  1
 -1 0 -1  0  0  0
  1 0  0  0  0  0
  1 1  1  0  0  0
1,1;1,1;1,1 1 4
27 
#2 
6	% 
  0 -1 -1  0  0  0
  0  0  0 -2 -1 -1
 -1  0 -1  0  0  1
  1  1  1  0  0  0
  0 -1  0  0  0  0
 -1  0 -1 -1 -1  0
6	% 
 1  1  1 0 0  0
 0  0  0 1 2 -1
 0  0  0 0 0  1
 0 -1 -1 0 0  0
 1  1  0 0 0  0
 0  0  0 1 1  0
1,1;1,1;1;1 1 20
9 
#1 
6	% 
  0 0  0  0  1 1
 -2 0 -2  0 -1 0
  1 0  1  0  0 0
  0 1  0  0  0 0
 -2 0 -2 -1  0 1
 -1 0  0  0  0 0
1,1,1;1;1;1 1 8
9 
#1 
6	% 
  0 0  0 0  1 0
 -1 0 -1 0 -1 1
  1 1  1 0  1 0
  1 1  0 0  0 0
  1 0  1 1  2 0
  0 1  0 0 -1 0
1,1,1,1;1;1 1 4
3 
#1 
6	% 
  0  0  0 -1  1 1
  0  0  0 -1  0 0
  1  0  1  3 -1 0
 -1  0 -1 -2  0 0
  0 -1  0  1  0 0
  0  0  1  1  0 0
1,1,1;1;1;1 1 14
4 
#2 
6	% 
  0  0 0 1  0  1
  0  0 0 0 -1  0
  0  0 0 0  0 -1
  1  0 0 0  0  0
 -1 -1 0 0  0  0
  1  1 1 0  0  0
6	% 
  0 -1 -1 0 0 0
 -1  0 -1 0 0 0
  1  1  1 0 0 0
  0  0  0 0 0 1
  0  0  0 0 1 0
  0  0  0 1 0 0
1,1;1,1;1;1 1 26
54 
#4 
6	% 
  0  0  0 -2 -1 -1
  2  0  2  2  2 -1
  2  0  2  1  1 -2
 -2 -1 -2 -1 -1  1
  2  0  1  1  1 -1
 -1 -1  0  0  0  0
6	% 
  0 1 0  0  0  0
  0 0 1 -1 -1 -1
 -1 0 0 -1 -1 -1
  0 0 0  0  1  1
  0 0 0 -1 -1  0
  0 0 0  0  1  0
6	% 
 -1  0 -1  0  0  0
  1 -1 -1 -2 -2 -2
 -1 -2 -2 -2 -2 -2
  0  1  1  1  1  2
  0 -1 -1 -2 -1 -1
  0  0  0  0 -1  0
6	% 
  0 0  0 -2 -1 -1
 -2 0  2 -1 -1  2
 -2 0  2 -2 -2  1
  2 1 -1  1  1 -1
 -2 0  1 -1 -1  1
  1 1  1  0  0  0
1,1,1;1;1;1 1 16
54 
#4 
6	% 
 0 0  0 0  1 0
 0 0  0 1  4 0
 0 0  0 0 -3 1
 0 0 -1 0  2 0
 0 1  0 0  2 0
 1 1  0 0  0 0
6	% 
  1  1  1  1  1  1
  2  1  1  2  2  2
 -1 -1 -2 -2 -2 -2
  1  1  1  2  2  1
  1  1  1  2  1  1
  0  0  0  1  0 -1
6	% 
  1  1 0  1  1  1
  2  2 1  2  2  2
 -2 -1 0 -2 -2 -2
  1  1 0  2  1  1
  1  1 0  2  2  1
  0  0 0  1  0 -1
6	% 
  0  0  0  0 0 -1
 -1 -2 -1 -1 0 -2
  1  2  1  0 1  3
  0 -1  0  0 0 -2
  0 -1 -1  0 0 -2
  1  0  0  0 0  0
2-1;1,1;1;1 1 15
9 
#1 
6	% 
 0 0  0 -1 -1 -2
 1 0  0  0  0  0
 0 0  0  0  1  1
 0 1  1  0  0  0
 0 0 -1  0  0  0
 0 0  0 -1  0  0
2-1;1,1;1;1 1 29
9 
#1 
6	% 
  1  1  0 0 0 0
 -1 -1 -1 0 0 0
  0 -1  0 0 0 0
 -1  0 -1 0 0 1
  1  0  1 0 1 0
  0  0  0 1 0 0
1,1,1;1,1;1 1 10
18 
#1 
6	% 
 -2 -2  0 -1 -1 -1
 -1 -1  0  0  0  0
  4  4  0  0  1  1
  0 -1  1  0  0 -1
 -1 -1 -1  0  0  0
  0 -1 -1  0  0  0
3;1,1,1 3 1
1 
#1 
6	% 
  0 -1 0  0  0  0
 -1  0 0  0  0  0
  1  1 1  0  0  0
  0  0 0  0 -1 -1
  0  0 0 -1  0 -1
  0  0 0  1  1  1
2-2;1,1;1,1 1 4
12 
#1 
6	% 
 0 0 0  1  2 -1
 0 0 0  0 -1  1
 0 0 0 -1 -2  0
 0 0 1  0  0  0
 0 1 0  0  0  0
 1 0 0  0  0  0
1,1;1,1;1;1 1 37
54 
#2 
6	% 
  2  0  1  1  1 -1
  1  0  1  0  1  0
 -1  1 -1  0  0  2
  1  0  1  0  0 -1
  0 -1 -1 -1 -1 -1
  0  0  0 -1  0  0
6	% 
  0 -2  1  2  2  2
  0 -1  1  2  1  1
  1  2 -1 -1 -1 -3
  0 -1  1  1  1  2
 -1 -1 -1 -1 -1  1
  0  0  0  0 -1  0
1,1;1,1;1,1 1 12
18 
#1 
6	% 
  1  0  1  0  1  0
 -1  0  0  0 -1  0
  0  0  0  1  0  0
 -1 -1  0  0 -1 -1
  1  0  1  0  0 -1
 -1 -1 -1 -1 -1  0
1,1;1,1;1;1 1 29
18 
#1 
6	% 
 -1  0 -1  0  0  0
  0 -4 -3 -1  1  1
  1 -3 -3 -1  1  1
  0  2  2  0 -1 -1
  1  2  3  1  0 -1
 -1  0 -1  0  0  1
2-1;1;1;1;1 1 26
3 
#1 
6	% 
 -1 -1 0 0 0  0
  1  1 1 0 0  0
  0  1 0 0 0  0
  0  0 0 0 0 -1
  0  0 0 1 0  0
  0  0 0 0 1  0
1,1;1,1;1,1 1 11
6 
#1 
6	% 
  1  0  1  1  1 -1
 -1  1  1 -1 -2 -1
 -1 -2 -2 -2 -1  0
  0 -1 -1  0  1  1
 -1  0 -1 -1 -1  2
  1  1  2  2  1 -2
2-2;1,1;1;1 1 11
12 
#1 
6	% 
 0 0 0  0 0 1
 0 0 0  0 1 0
 0 0 0 -1 0 1
 0 0 1  0 0 0
 0 1 0  0 0 0
 1 0 0  0 0 0
2-2;1,1;1;1 1 17
12 
#1 
6	% 
 0 0 0 0 -1 -1
 0 0 0 0 -1  0
 0 1 0 0  0  0
 0 0 0 1  1  0
 1 0 0 0  0  0
 0 0 1 0  0  0
3;1,1;1 3 2
3 
#1 
6	% 
  0 0  0 -1 -1 2
 -1 0  0  0  0 0
  0 0 -1  0  0 0
  0 0  0  0  1 0
  1 1  1  0  0 0
  0 0  0 -1  0 1
1,1;1;1;1;1 1 38
18 
#3 
6	% 
  0  0 0 0  0  1
  0  0 0 1  0 -2
  0  0 0 0 -1  1
 -1 -1 0 0  0  0
  1  1 1 0  0  0
  1  0 0 0  0  0
6	% 
 1 1  1  0 0 0
 0 0 -1  0 0 0
 1 0  0  0 0 0
 0 0  0 -1 0 1
 0 0  0  1 0 0
 0 0  0  1 1 0
6	% 
  1 1 0  0 0  0
 -1 0 0  0 0  0
  1 1 1  0 0  0
  0 0 0 -1 0  0
  0 0 0  1 1  0
  0 0 0  1 0 -1
1,1;1;1;1;1 1 50
27 
#2 
6	% 
 0 -1  0  0  0  0
 0  0  0  0 -1 -1
 1  1  0  1  1 -1
 1  0 -1  1  1 -2
 1  0 -1  2  1 -2
 0  0  1 -1 -1  1
6	% 
  0  0  0 -1  0  0
  0 -1 -1  0  0  0
  1  0  1  2  1 -2
  1  0  0  1  1 -1
  0 -1  0  1  1 -1
 -1  0 -1 -2 -2  1
1,1;1;1;1;1 1 10
3 
#1 
6	% 
  0  0  0 -1 -1 -2
  0  0  0  0  1  1
  0  0 -1  0  0  0
 -1  0 -1  0  0  0
  0  0  0 -1  0  0
 -1 -1 -1  0  0  0
1,1;1;1;1;1 1 37
9 
#1 
6	% 
  0 -1 -1  0 0 0
  0  0  1  0 0 0
 -1  0  0  0 0 0
  0  0  0  0 1 0
  0  0  0  0 0 1
  0  0  0 -1 0 0
1;1;1;1;1;1 1 33
3 
#1 
6	% 
 0  0  0 0 0 1
 1  0  0 0 0 0
 0  0  0 0 1 0
 0 -1  0 0 0 0
 0 -1 -1 0 0 0
 0  0  0 1 0 0
1;1;1;1;1;1 1 26
1 
#1 
6	% 
 -1 0 -1  0  0 0
  1 0  0  0  0 0
  1 1  1  0  0 0
  0 0  0 -1  0 1
  0 0  0  1  0 0
  0 0  0 -1 -1 0
2-2;1;1;1;1 1 17
4 
#1 
6	% 
 0 0 0  0  0 -1
 0 0 0  0 -1 -1
 0 0 1  0  0  0
 0 0 0 -1  0  1
 0 1 0  0  0  0
 1 0 0  0  0  0
