#28

1;1;1;1;1;1 1 9
1 
#1 
6	% 
 1 0 0 0 0 0
 0 1 0 0 0 0
 0 0 1 0 0 0
 0 0 0 1 0 0
 0 0 0 0 1 0
 0 0 0 0 0 1
1,1,1,1,1,1 1 1
1 
#1 
6	% 
 1 0 0 0 0 0
 0 1 0 0 0 0
 0 0 1 0 0 0
 0 0 0 1 0 0
 0 0 0 0 1 0
 0 0 0 0 0 1
1,1,1,1,1;1 1 2
6 
#2 
6	% 
  0  0  1  0 0 -1
  0  1  0  0 0 -1
  1  1  1  1 1  0
  0  0  0  1 0 -1
 -1 -1 -1 -1 0  1
  0  1  1  1 1 -1
6	% 
 -1  0  0  0 1  0
 -1  0  0  0 0  0
 -1 -1 -1 -1 0 -1
 -2  0  0 -1 0  1
  2  0  0  1 0  0
 -2 -1  0 -1 0  0
1,1,1,1;1,1 1 3
8 
#1 
6	% 
  0  0  1  0  0  0
  1  1  1  1  1  1
  0  1  0  0 -1  1
 -1 -1 -1 -1  0 -1
  0  1  1  1  1  1
  1  0  0  0  0 -1
1,1,1,1;1,1 1 1
1 
#1 
6	% 
 0 -1 -1  0  0 -1
 0 -1  0 -1  0 -1
 0  0 -1 -1  0 -1
 0  1  1  1  0  1
 0  0  0  0 -1  0
 1  0  0  0  1  0
1,1,1,1;1,1 1 2
6 
#1 
6	% 
  0  0  0  0 -1  0
 -1  0  0  0  0  0
 -1 -1  1 -1 -1 -1
  0 -1  2  0  0  0
  1  1 -1  1  1  0
 -1  0  0 -1 -1  0
1,1,1;1,1,1 1 3
6 
#1 
6	% 
  0  1 0  0  0  0
  2  0 0  1  2 -1
 -2  0 0 -1 -1  0
  1  0 0  0  0  0
 -1 -1 1 -1 -2  0
  0  0 0  0  1  0
1,1,1;1,1,1 1 2
4 
#1 
6	% 
  0 -1  0  0 -1  0
 -1  1  0  0  0  0
  0 -1 -1 -1  0 -1
  0  0  0 -1  0  1
  0  0  1  1  0  0
  0  1  1  1  0  0
1,1,1,1;1;1 1 3
1 
#1 
6	% 
 0 -1  0 -1 0 -1
 0 -1 -1  0 0 -1
 0  0 -1 -1 0 -1
 0  1  1  1 0  1
 0  0  0  0 1  0
 1  0  0  0 0  0
1,1,1;1,1;1 1 9
8 
#1 
6	% 
 0  2  2  1  0  1
 0  1  1  0  0  0
 0 -3 -2 -1  0 -1
 1  1  1  1  1  0
 0  0  0  0 -1  0
 1  0  0  0 -1  0
1,1,1;1,1;1 1 7
12 
#1 
6	% 
  1 0  2  0  1  0
  2 0  1  1  2 -1
 -4 0 -3 -2 -4  2
  1 0  1  0  1 -1
  0 1  1 -1  0 -1
  1 0  1  0  0  0
1,1,1,1;1;1 1 5
8 
#1 
6	% 
  0  0  1  0  0  0
 -1 -1  0 -1 -1 -1
  0  0  1  0 -1  0
  1  1 -1  1  1  0
 -1  0  1 -1 -1  0
  1  0 -1  0  0  0
1,1,1;1,1;1 1 5
12 
#1 
6	% 
  2 0 0  1  0 -1
  1 0 0  0 -1  0
 -2 0 0 -1  1  1
  1 1 1  1  0  0
  0 1 1  1  0  1
  0 1 0  0  0  0
1,1,1;1,1;1 1 2
4 
#1 
6	% 
 0 -1 -2 -2 0 0
 0  0 -1 -1 0 1
 0  1  3  2 0 0
 1  0  0  0 0 0
 0  0  0  0 1 0
 0  0 -1 -1 0 0
1,1,1,1;1;1 1 4
6 
#1 
6	% 
  1  0  0  0  0  0
 -1  0  0 -1 -1  1
  0  0  0  1  0 -1
  0  0 -1 -1  0  1
  0 -1  1  0  0 -1
  0  0  1  0  0 -1
1,1,1;1,1;1 1 10
24 
#1 
6	% 
 -1 0 -2  0 -1  0
  0 0 -1  1  0 -1
  1 0  3 -2  1  2
  0 0 -1  0 -1  0
 -1 0  0  0  1 -1
  0 1  0  0  0  0
1,1;1,1;1;1 1 10
24 
#1 
6	% 
  0 -2 -3 -2 0 -2
  0  1  1  1 0  0
  0  1  2  1 0  1
  0  0  0  0 1  0
 -1  0  0  0 0  0
  0  1  1  0 0  1
1,1,1;1;1;1 1 10
4 
#1 
6	% 
 0 -1 -1 -1  0 -1
 0  0  0 -1  0  1
 0  0  1  1  0  0
 0  0  0  0 -1  0
 1  0  0  0  0  0
 0 -1 -1 -1  0  0
1,1,1;1;1;1 1 8
12 
#1 
6	% 
 0 0  1  0  0  0
 0 0 -2 -1 -1  1
 0 1  1  1  0  0
 0 1  0  0  0  0
 1 0  2  1  0 -1
 0 1 -2  0  0  1
1,1;1,1;1,1 1 6
12 
#1 
6	% 
  0 -2 -3 -2  0 -2
  1  0  1  1  1  0
  0  1  2  1  0  1
  0  1  0  0 -1  0
 -1 -1  0  0  0  0
  1  1  1  1  1  0
1,1;1,1;1,1 1 2
3 
#1 
6	% 
 0 1  1 -1  0 -1
 0 0  0  0 -1  0
 1 0  0  0  1  0
 0 0 -1  0  0  0
 0 0 -1  1  0  0
 0 0  0  0  0 -1
1,1;1,1;1;1 1 19
3 
#1 
6	% 
 0 1  1 -1 0 -1
 0 0 -1  0 0  0
 0 0 -1  1 0  0
 0 0  0  0 1  0
 0 0  0  0 0 -1
 1 0  0  0 0  0
1,1,1;1;1;1 1 4
4 
#1 
6	% 
  1 0 0  1 1 -1
 -1 0 0  0 0  0
  2 0 0  1 0 -1
 -2 0 1 -1 0  1
 -1 0 0  0 0  1
 -1 1 0  0 0  1
1,1;1,1;1;1 1 5
6 
#1 
6	% 
 0  2 -2  3 0 1
 1  0  0  0 0 0
 0  0  0  0 1 0
 0 -1  1 -2 0 0
 0  0  0  1 0 0
 0  1  0  1 0 0
1,1;1,1;1;1 1 21
12 
#1 
6	% 
  0  0  0  1  1 -1
  2  1 -1  1 -2  1
 -2 -1  1 -2  2  0
 -1  0  0 -1  1  0
  1  0  0  1  0 -1
 -1  0  1 -1  1  0
1,1;1;1;1;1 1 16
6 
#1 
6	% 
 0 1  0  0 0  0
 0 0  1 -1 0 -1
 0 0  0  0 1  0
 0 0 -1  0 0  1
 1 0  0  0 0  0
 0 0 -1  1 0  0
1,1;1;1;1;1 1 13
8 
#1 
6	% 
  0  0 0  2 1 -2
  0  0 0 -1 0  1
  0  0 1  0 0  0
  0  0 1  0 0 -1
 -1  0 0 -2 0  2
  0 -1 1  0 0 -1
1,1;1;1;1;1 1 7
1 
#1 
6	% 
 1  0 0  0 0  0
 0  0 0  0 1  0
 0 -1 0  0 0  0
 0  1 1  0 0  0
 0  0 1  0 0 -1
 0  0 1 -1 0  0
