#28

3;1;1;1 1 20
1 
#1 
6	% 
 1 0 0 0 0 0
 0 1 0 0 0 0
 0 0 1 0 0 0
 0 0 0 1 0 0
 0 0 0 0 1 0
 0 0 0 0 0 1
1,1,1,1,1,1 1 1
1 
#1 
6	% 
 1 0 0 0 0 0
 0 1 0 0 0 0
 0 0 1 0 0 0
 0 0 0 1 0 0
 0 0 0 0 1 0
 0 0 0 0 0 1
2-1;1,1,1;1 1 8
6 
#2 
6	% 
  1 -1  0 0 -1  0
 -1 -1 -1 0  0 -1
  0  1  1 0  1  0
  0  1  0 0  1  0
  0 -1  0 0 -1 -1
  0 -1  0 1  0  0
6	% 
  1 -1 0 -1 -1 -1
 -1 -1 0  0 -1 -1
  0  1 0  1  1  1
  0  1 0  1  2  1
  0 -1 1  0 -1 -1
  0 -1 0 -1 -1 -2
1,1,1,1,1;1 1 2
8 
#2 
6	% 
  0  1  0 -1 -1 -1
  0  1  0  0 -1  0
  0  1 -1 -1 -1 -1
  0  2  0  0 -1  0
 -1 -2  1  1  2  1
 -1  2 -1  0 -2 -1
6	% 
  1 -1  0 -2 -1  0
  1  0  0  0  0  0
  0 -1  0 -2 -1  1
  2  0  1  0 -1  1
 -1  1 -1  1  1 -1
  1 -1  0 -2 -2  1
1,1,1,1;1,1 1 3
19 
#4 
6	% 
 1  1 -1 -2  2 -1
 0  0  0  1  0  1
 0  0  1  2  0  3
 0 -1  0 -1 -1 -2
 0  1  0  1  1  1
 0  0  0 -1  1  0
6	% 
  0  0 -1 1  0  0
  0  0 -1 1 -1  0
 -1  0  0 0  0  0
  0 -1  1 0  0  0
  0 -1 -2 0 -1 -1
 -1  0  0 1  0  0
6	% 
  1  1  0 -1 -2  0
  2  0  1  0 -1  1
 -1 -1  0  1  1 -1
 -1  0 -1  0  1  0
  1  0  0  0 -1  1
  1  1  1  0  0  0
6	% 
 0  1  0  0  1  1
 0  0  0 -1  0  1
 1 -1  1  0  0  0
 0  0 -1  0  0 -1
 0  0  0 -1 -1  1
 1  1  1  1  2  0
2-1;1,1;1,1 1 11
6 
#1 
6	% 
 1 -1 -1 0 0  0
 1  1  0 0 1  1
 0 -1 -1 0 0 -1
 0  1  0 0 0  1
 0  1  1 1 1  1
 0  1  1 0 0  0
1,1,1;1,1,1 1 4
12 
#2 
6	% 
  0  1  0  1  1  2
  0  1  1  2  1  2
 -1 -1 -1 -2 -1 -3
  0  1  0  1  1  1
  1 -1  0 -2  0 -2
  0  1  0  1  0  2
6	% 
  2  1  0 -2  0  1
  2  1  1  1  0  1
 -3 -2 -1  1 -1 -1
  2  1  0 -1  0  0
 -3 -2 -1  2 -1 -1
  2  1  0 -3  1  0
2-2;1,1,1,1 1 2
4 
#1 
6	% 
  1  1 0  0  1  1
  1  0 0  1  1  1
  0  1 1  1  1  1
 -1 -1 0 -1 -2 -1
  1  1 0  1  1  2
 -1 -1 0 -1 -2 -2
2-1;1,1;1;1 1 35
3 
#1 
6	% 
  1  2  1  0  2  1
  0 -1 -1  0  0 -1
 -1 -1  0  1  0  0
  0  0  1  0 -1  0
 -1 -1  0  0 -1 -1
  1  1  0 -1  1  0
2-1;1,1;1;1 1 32
12 
#2 
6	% 
 -1  1 0 0  1 0
 -1 -1 0 1 -1 0
  0  1 0 0  2 0
  0 -1 0 1 -1 0
  0 -1 0 1 -1 1
  0 -1 1 1 -1 0
6	% 
  1 -1 -1  0  0  0
 -1 -1  0  0 -1 -1
  1  0 -1  0  1  0
 -1  0  1  0  0 -1
 -1  0  0 -1 -1 -1
 -1  0  1  0 -1 -1
1,1,1;1,1;1 1 12
48 
#6 
6	% 
 0 -2 -2 -1 -2 -2
 0  0 -3 -1 -1 -1
 0  2  7  3  4  4
 0  0  0  1  0 -1
 0  1  4  2  2  2
 1 -1 -1 -1 -1 -1
6	% 
 0 -2 -2 -1 -2 -2
 0  0 -1 -1  1 -1
 0  2  3  2  0  3
 0  0  0  1  2 -1
 0  1  1  0 -1  2
 1 -1 -1 -1 -1 -1
6	% 
  0 0  0  1  0  0
  0 0 -1  0 -3  1
  0 0  1 -3  4 -1
  0 1  0  0 -1  1
  0 0  0 -2  2 -1
 -1 0  0  1  0  0
6	% 
  2  0  1  1 -1  2
  0  0  1  0 -1  0
 -2  0 -2 -2  2 -3
  0  1  1  0  0 -2
 -1 -2 -2 -1  0  2
  1  0  0  0 -1  1
6	% 
 -2 -2 -1  1 -1  0
  0 -2 -1  0 -1  2
  2  6  3 -1  3 -3
  0 -1  0  0 -1  1
  1  3  2 -1  1 -2
 -1 -1  0  1  0  0
6	% 
 0  0 -1 -3  1  0
 0  0 -1 -2  1 -1
 0  0  3  7 -3  1
 0 -1 -1 -1  0 -1
 1  1  2  3 -1  1
 0  0  0 -1  1  0
1,1,1,1;1;1 1 5
16 
#3 
6	% 
  0  1 0 0  1  0
  0  0 1 0  1 -1
 -1  0 0 1  1  0
  0 -1 0 0 -2  0
  0  1 1 1  2  0
 -1  0 0 0 -1  0
6	% 
  0 0 -2 0 -1 -1
  0 0 -2 0 -2 -1
  0 1 -2 0 -1 -1
 -1 0  4 0  3  2
 -1 0 -4 1 -3 -2
  0 1  3 0  2  2
6	% 
 1  1 0  0  1  1
 1  1 0 -1  1  0
 0  1 0  0  1  0
 0 -1 1  2 -1  1
 0  1 0 -1  2 -1
 0 -1 0  0 -1 -1
2-2;1,1,1;1 1 5
8 
#1 
6	% 
 0 -1  1 -1 -1 -2
 1 -1  1 -1  0 -2
 1  1 -1  0  0  2
 0  2 -1  2  1  4
 0  2 -2  1  1  3
 0  2 -2  1  1  4
3;1,1,1 1 3
1 
#1 
6	% 
  1 -1 0 -1 -1 -1
  1  1 0  0  1  1
  1  0 0  0  0  1
  1  0 0  0  1  0
 -1  0 1  1  0  0
 -1  0 0  0  0  0
1,1,1;1;1;1 1 19
4 
#2 
6	% 
  2 0 0 -1  0 0
  1 1 0  0  1 1
 -1 0 0  1  0 1
  1 0 1  0  0 0
  1 0 0 -1  0 0
  1 0 0 -1 -1 0
6	% 
  2 0 1 0 -1  1
  1 1 1 0  0  1
 -1 0 0 0  1 -1
  1 0 1 0 -1  1
  1 0 1 1  0  1
  1 0 1 0 -1  0
1,1;1,1;1;1 1 39
12 
#2 
6	% 
 1 -1  0  0 -1 0
 1  1  0 -1  1 0
 0 -1 -1  0 -1 0
 0  1  0  0  1 0
 0  1  0 -1  0 0
 0  1  0  0  1 1
6	% 
 -1 -1  1  2  1  1
  1 -1 -2 -2 -2 -2
 -1  0  1  2  2  1
  1  0 -1 -2 -1 -2
  1  0 -1 -1 -1 -1
  1  0 -2 -2 -1 -1
1,1,1;1;1;1 1 15
12 
#2 
6	% 
  1 -1 -1  2  0  2
 -1  0  1 -2  0 -3
 -1  0  0 -1  0 -2
 -1 -1  0 -2 -1 -3
  1  0  0  1  0  1
  1  0  0  3  1  3
6	% 
  0  0  0 -1  0 -1
 -1  0  0  2  1  1
  0 -1 -1  0  0 -1
  0  0  0  1  1  1
  0 -1  0  0 -1  0
 -1  0  0 -1 -1 -1
1,1;1,1;1;1 1 31
18 
#3 
6	% 
  0  1  0 0 1  0
  0  1  1 0 0  1
  0  0  0 0 1  0
  0  0  0 0 0  1
 -1 -1 -1 0 0 -1
 -1 -1  0 1 0  0
6	% 
 0 -1 -2 -2 -3 -1
 0  1  0  0  0 -1
 1  1  0 -1  0  1
 0  2  1  0  1  1
 0  0  0  0  0  1
 1  1  1  0  1  1
6	% 
  1  4  2 -1  2  2
 -1 -4 -2  0 -2 -3
 -1  3  1  0  1  2
 -2  0  0  1  0  0
  0  3  1  0  2  2
 -1  0 -1  0  0  0
1,1;1,1;1,1 1 11
9 
#2 
6	% 
  0  0  1  1  1  2
 -2 -1  0  1 -2 -1
 -2 -1 -2  0  0 -2
  1  1 -1 -1  2  0
  1  1 -2 -3 -2 -4
  0  0  4  3  1  5
6	% 
  0  0  0  1  1  0
  2  1  2  0  1  2
  2 -1  1  0 -2  1
 -1 -1 -1  0 -2 -1
 -1  0  0 -1 -1 -1
  0  1  0  1  3  1
2-1;1;1;1;1 1 37
3 
#1 
6	% 
  1 0  0 -1 -1  0
  0 0 -1  0  1  0
  1 0  0 -1  0 -1
  0 0  1  0  0  0
  0 1  1  0  1  0
 -1 0 -1  0  0  0
2-2;1,1;1,1 1 6
4 
#1 
6	% 
 -1  0  1 1  0  0
 -1  0 -1 0  0  0
  0 -1  0 0 -1 -1
  0  0  1 0  0 -1
  0  0 -1 0  0  0
  0  1  1 0  0  1
3;1,1;1 1 15
1 
#1 
6	% 
  0 0  0  0 0 -1
  0 0 -1 -1 0 -1
  0 0  0  0 1 -1
 -1 1  0  0 1 -1
  0 1  0  0 1  0
  0 0 -1  0 1 -1
1,1;1;1;1;1 1 54
8 
#2 
6	% 
 -1  1  0  1  1  1
 -1 -1  0  0 -1 -1
  0 -1  0  0 -1  0
  0 -1 -1 -1 -1 -1
  0 -1  0  0 -1 -1
  0  1  0  0  0  1
6	% 
 1  1 -1 -2 -1 -1
 1 -1  1  1  1  1
 0 -1  1  2  2  1
 0 -1  2  2  1  1
 0 -1  1  2  1  2
 0  1 -1 -1 -1 -1
1,1;1;1;1;1 1 34
3 
#1 
6	% 
  1 0 -1 -1 0 -1
 -1 1  2  1 1  1
  1 0  0  0 0  0
 -1 0  1  1 0  0
  1 0 -2 -1 0 -1
  1 1 -1 -1 0  0
3;1,1;1 1 11
2 
#1 
6	% 
  1  1 0  0  1  1
 -1  1 0  1  1  1
  0  1 0  1  1  2
  0  1 0  1  2  1
  0 -1 1  0 -1 -1
  0 -1 0 -1 -1 -1
2-2;1,1;1;1 1 16
4 
#1 
6	% 
  0 -1 -1 -1 -3  0
  0 -1  0  1  2 -1
 -1  0  1  2  2  0
  0  0  1  2  4 -1
  0  0  0 -1 -4  1
  1  0  0  0  2  0
1,1;1;1;1;1 1 57
1 
#1 
6	% 
 1  1  1  0  1  1
 0 -1  0  1  0  0
 0  0  0  0  1  0
 0  0 -1 -1 -1 -1
 0  0  1  1  1  0
 0  0  0  1  1  1
1;1;1;1;1;1 1 45
1 
#1 
6	% 
 0 1 0  0  1  1
 1 0 0 -1  0  0
 0 0 0  0  0 -1
 0 0 0  0  1  0
 0 0 1  0 -1 -1
 0 0 0  1  1  1
