#79

3;1;1;1 1 4
1 
#1 
6	% 
 1 0 0 0 0 0
 0 1 0 0 0 0
 0 0 1 0 0 0
 0 0 0 1 0 0
 0 0 0 0 1 0
 0 0 0 0 0 1
1,1,1,1,1,1 1 1
1 
#1 
6	% 
 1 0 0 0 0 0
 0 1 0 0 0 0
 0 0 1 0 0 0
 0 0 0 1 0 0
 0 0 0 0 1 0
 0 0 0 0 0 1
1,1,1,1,1;1 1 2
11 
#3 
6	% 
  0 1 -1  0  0  0
 -1 0  0  0  0  0
 -1 0 -1 -1  0  1
 -1 0 -1  1  0  0
  1 0  1  0  0 -1
 -1 0 -1  0 -1  1
6	% 
  0  0  0  0 -1  0
 -1  0  0  0  0  0
 -1  0  0  1 -1 -1
 -1 -1  1 -1 -1 -1
  1  0 -1  0  1  2
 -1 -1  0  0 -1 -1
6	% 
 0  0  1  1  0 -1
 0  1  0  1  0 -1
 1  1  1  1  1 -2
 0  0  1  2  1 -2
 0 -1 -1 -2 -1  3
 0  1  1  2  1 -2
1,1,1,1,1;1 1 1
1 
#1 
6	% 
 0  0  0  0 -1  0
 0 -1 -1  0 -1 -1
 0 -1  0 -1 -1 -1
 0  0 -1 -1  0 -1
 0  1  1  1  1  1
 1  0  0  0  0  0
2-1;1,1,1,1 1 2
3 
#1 
6	% 
 1 -1  0  1  0  0
 0 -1 -1  0  0  1
 0  0 -1  1  0  0
 0 -1 -1  1  0  0
 0  0  0  0 -1  1
 0  1  1 -1  0 -1
1,1,1;1,1,1 1 2
4 
#2 
6	% 
  0 0  0  0  1  1
  0 0  0 -1 -1 -1
 -1 0  0  0  0  0
  0 1 -1  0  0  0
  1 0  1  0  0 -1
  1 0  1  0  0  0
6	% 
  0  0 0  0 -1 -1
 -1  0 0  0  0 -1
  0 -1 0 -1  0  1
  0  0 1  1  0 -1
  0  1 0  0  0  0
  0  1 0  0  0 -1
1,1,1,1;1,1 1 3
24 
#3 
6	% 
  2  1 -1  0 0  0
  1 -1  1  2 0 -1
 -1 -1  0  0 0  1
  0  1  0 -1 0  0
  0  0  1  1 0 -1
  1  0 -1  0 1  0
6	% 
 -1  0 -2  0  1  1
  0  1 -1  0  0  0
  1  0  1 -1 -1  1
  0 -1  1  1  1 -2
  0  1 -1  1  2 -2
 -1  0 -1 -1 -1  2
6	% 
  1  0  0  0  0  0
  1  1 -1  1  1 -1
  0  0 -1  0  1 -1
 -1  0  1 -1 -1  1
  1  1  0  1  1 -1
  0 -1  0  0 -1  0
1,1,1,1;1,1 1 2
15 
#5 
6	% 
 0  0  1  1 -1  0
 0  0  1  1  0 -1
 0 -1  0  1  0  0
 1  0  0  0  0  0
 0  1 -1 -1  1  0
 0 -1  1  1  0  0
6	% 
 0  0 0 1  0  1
 0  0 0 0 -1  0
 1  0 0 0  1  1
 0 -1 1 0  0  0
 0  1 0 0  0 -1
 0  1 0 0  0  0
6	% 
 0  0 0 -1  0  1
 0 -1 1 -1 -1 -1
 0  0 0  0  0  1
 1  0 0  0  0  0
 0  1 0  1  0  0
 0  0 1 -1  0 -1
6	% 
  0 -1  0  1 0  0
  0  0 -1  1 0  0
 -1 -2  1 -1 0  1
  0  0  0  0 1  1
  1  1  0  0 0 -1
 -1 -1  0  0 0  0
6	% 
  0  0 -1 -1  0  1
  0 -1 -1 -1 -1  2
  0 -1 -1  0  0  1
  1  0  0  0  0  0
 -1  1  1  1  0 -2
 -1 -1 -1 -1  0  1
2-1;1,1,1;1 1 6
6 
#1 
6	% 
 1 -1  1  0  0  0
 0  1 -1  1 -1  0
 0  1 -2  1  0  0
 0  0  0  0  1 -1
 0 -1  1 -1 -1  1
 0 -2  1 -1  0  1
2-1;1,1,1;1 1 2
3 
#1 
6	% 
 0 1  1  0  0 -1
 0 0  1 -1  0  0
 1 0  0  0  0  0
 0 0  1  0  0 -1
 0 0  0  0 -1  1
 0 0 -1  0  0  0
2-1;1,1,1;1 1 7
3 
#1 
6	% 
 0  1 -1  0  0  0
 1  1  1  0  0 -1
 0  0  0 -1  0  1
 0  0  0  1 -1  0
 0  1  0  1  0 -1
 0 -1  0  1  0  0
1,1,1;1,1,1 1 3
24 
#3 
6	% 
 -1  0  0  0  1 -1
  0  1  1  0  0 -1
 -1 -1 -1 -1 -1  2
  1  0  1  0  0  0
  1 -1 -1  1  0  0
 -1  0  1  0  1 -1
6	% 
 -1  0  0 0 -1  0
  0  1 -1 0  2 -2
  0  0  1 0 -2  1
  1  0  0 1  1 -1
  0 -1  0 0 -1  2
 -1  0  0 1  0 -1
6	% 
 -1 -1  1 -2  0  1
  0  0  0  0 -1  1
  0  0  1  0  1  0
  1  0 -1  1 -1 -1
  0  1  0  0  1  0
 -1 -1  0 -1 -1  0
2-1;1,1;1,1 1 6
3 
#1 
6	% 
  0 1  1  0  0 -1
 -1 0  0 -2  0  1
 -1 0  0 -1  0  1
  1 0  0  1 -1  0
  1 0  1  1  0 -1
  1 0 -1  1  0  0
2-1;1,1;1,1 1 5
6 
#1 
6	% 
 -1 -1 -1  0  0  1
  0  0  0 -1 -1  1
  1  0  1 -1  0  0
  0  0  0  0  1  0
  0  0  0  1 -1  0
  1  1  0  1  0 -1
2-2;1,1,1,1 1 2
4 
#1 
6	% 
  1 0 0  0  0  0
  1 1 0 -1 -1  1
  1 0 1 -1 -1  1
 -1 0 0  0  1 -1
  1 0 0 -1  0  1
 -1 0 0  1  1 -1
1,1,1,1;1;1 1 4
4 
#2 
6	% 
  1  0 -1 -1  0  1
  0  0 -1 -1  0  1
 -3 -1  2  1  0 -1
  2  0 -2  0  0  1
 -1  0  1  0  0  0
 -1  0  1  0 -1  0
6	% 
 0  0 0  1 0  0
 1  0 0  0 0  0
 0  0 0 -3 1 -1
 0  0 0  2 0  1
 0 -1 0 -1 0  0
 0  0 1 -1 0 -1
1,1,1,1;1;1 1 2
11 
#3 
6	% 
 0 -1 1  0  0 0
 0 -1 0  1  0 0
 0 -1 0 -1  0 1
 1  0 0  0  0 0
 0  1 0  0 -1 0
 0 -1 0  0  0 0
6	% 
 0  0  0  0 -1  1
 0  0  0  1 -1 -1
 0 -1  1 -1 -1 -1
 1  0  0  0  0  0
 0  0 -1  0  1  1
 0 -1  0  0 -1  0
6	% 
 0 0 1  0  0 1
 0 1 0  0  1 1
 0 0 0  0 -1 0
 1 0 0  0  0 0
 0 0 0 -1  0 0
 0 0 0 -1  0 1
1,1,1;1,1;1 1 5
8 
#2 
6	% 
 0 -2 0 0 0  1
 0 -1 1 0 0  0
 0  3 0 1 0 -2
 0 -1 0 0 0  1
 1  0 0 0 0  0
 0  0 0 0 1  0
6	% 
 0 0 0 0 0 -1
 0 0 0 1 0  0
 0 0 0 0 1  2
 1 1 0 0 0 -1
 1 0 0 0 0  0
 0 1 1 0 0 -1
1,1,1;1,1;1 1 7
60 
#8 
6	% 
 0 0  2 0 1 -2
 0 0  2 0 0 -1
 0 1 -3 0 0  1
 1 0  1 1 0 -1
 1 0  0 0 0  0
 0 0  1 0 0 -1
6	% 
  2 0 0  2  1 -2
  0 0 0 -2 -2  3
 -1 0 0  2  3 -4
  0 0 1 -1 -1  1
  0 1 1  0  0 -1
  1 0 0  1  1 -1
6	% 
 0  0  0  2  1 -2
 0  1  1  2  0 -2
 0 -1 -1 -4 -2  5
 1  1  0  1  0 -1
 1  0  0  0  0  0
 0  0  0  1  0 -1
6	% 
 0  1 -1  2 0 -1
 0  2 -2  2 0 -1
 1 -4  4 -4 0  2
 0  1 -1  1 0  0
 0  0  0  0 1  1
 0  0 -1  1 0  0
6	% 
 0 -1  1 -2  0  1
 0 -2  2 -2 -1  1
 0  4 -4  4  3 -2
 0 -1  1 -1 -1  1
 1  0  0  0  0  0
 0  0  1 -1  0  0
6	% 
 0 1 -1 0 0  3
 0 0  0 0 0 -1
 0 0  0 1 0  0
 1 0  0 0 1 -1
 1 0  0 0 0  0
 0 1  0 0 0  1
6	% 
 0 0 -2  0  0  1
 0 0 -2  0 -1  2
 0 1  5  0  2 -5
 1 0 -1  0  0  1
 1 0  0  0  0  0
 0 0 -1 -1  0  1
6	% 
 0  0  0 0 -2  1
 0  1  1 0 -2  0
 0 -1 -1 1  5 -2
 1  1  0 0 -1  0
 1  0  0 0  0  0
 0  0  0 0 -1  1
1,1,1;1,1;1 1 10
60 
#5 
6	% 
 0 -1  1 0 -4   4
 0 -1  1 0 -5   5
 1  3 -3 0 13 -13
 0 -1  0 1 -2   2
 0 -1  0 0 -2   3
 0  0  0 0  1   0
6	% 
  2  1 -1  2  0 -1
  2  1 -1  4  0 -2
 -5 -3  3 -8  0  4
  1  0 -1  1 -1  1
  1  1  0  2  0 -2
  0  0  0  0 -1  0
6	% 
 0 0 0  3 -2 -2
 0 0 0  2 -2 -1
 1 0 0 -7  6  4
 0 0 0  1 -1 -1
 0 0 1  0 -1 -1
 0 1 1  0  0 -1
6	% 
  0  0  0  0  1 -1
 -2 -1  1  0  0  0
  3  1 -1  0 -3  3
  0  0  0 -1  1  0
 -1 -1  0  1  0  0
  0 -1 -1  0  0  1
6	% 
  2  1 -1  0  1 -1
  2  0  0  0 -1  1
 -5 -1  1  0  1 -1
  1  1  0  0  0 -1
  1  0  0 -1  0  1
  0  0  0 -2  0  1
1,1,1,1;1;1 1 5
24 
#3 
6	% 
  1  0  0  0 -1  1
  1  0  0  0 -2  2
  0 -1  0 -1 -1  2
 -1  1 -1  1  2 -2
  1 -1  1 -1 -1  2
  0  0 -1  1  1 -1
6	% 
  1 0  0 0 -1  1
  1 1  1 0 -1  0
  1 0  1 0 -1  0
 -1 0 -1 1  1 -1
  1 0  1 1 -1  0
 -1 0 -1 0  0  0
6	% 
  1 0 0  0 -1  1
  2 0 0  0 -1  0
  0 0 1  0 -1 -1
 -1 0 0 -1  1  0
  1 0 0 -1 -1  1
  0 1 0  0  1  0
1,1,1;1,1;1 1 9
12 
#2 
6	% 
 -2 -2 0  0  0  1
 -1 -1 1  0  0  0
  3  2 0  0  0 -1
 -1 -1 0  1  1 -1
  0  0 0 -1 -2  2
  0  0 0  0 -1  0
6	% 
 0  0  0  0  0 -1
 0  0  0  0  1  0
 1  0  0  0 -1  1
 0  1 -1  1  0 -1
 0 -1  0 -1  0  1
 0 -1 -1  0  0  1
2-2;1,1,1;1 1 5
8 
#1 
6	% 
  1  0  0  0  0  0
  0 -1  0 -1  1  1
  0  0 -1  1 -1  0
 -1  1 -1  1 -1 -1
 -1  1 -1  2 -1 -1
 -1  1 -1  1 -2  0
2-2;1,1,1;1 1 3
4 
#1 
6	% 
 0  1  0 -1 1  0
 0  1 -1  0 0  0
 1  0  0  0 0  0
 0 -1  0  1 0  0
 0  1  0  0 1 -1
 0 -1  0  0 0  0
1,1,1;1,1;1 1 8
24 
#3 
6	% 
 0  0  0 -3  2  2
 0  1  1 -7  4  4
 0 -1 -1 14 -8 -9
 0  0  0 -1  1  1
 0  1  0 -4  2  2
 1  0  0  0  0  0
6	% 
 0 -1  1 -2 0  0
 0 -1  1 -2 0  1
 0  3 -3  5 0  0
 0  0  1 -1 1 -1
 0  0  1 -1 0  0
 1  0  0  0 0  0
6	% 
 0 0 -2 -2 0  3
 0 0 -2 -3 0  4
 0 1  5  5 0 -8
 0 0 -1 -2 1  1
 0 0 -1 -1 0  2
 1 0  0  0 0  0
1,1,1;1,1;1 1 3
4 
#2 
6	% 
 0 -2 0 0  0  1
 0 -1 1 0  0  0
 0  3 0 0 -1 -1
 0 -1 0 0  0  0
 0  0 0 1  0  0
 1  0 0 0  0  0
6	% 
 0 0 0  0  0 -1
 0 0 0  1  0  0
 0 0 0 -1 -1  0
 0 1 0  0  0 -1
 0 1 1  0  0 -1
 1 0 0  0  0  0
2-2;1,1,1;1 1 6
4 
#1 
6	% 
  1 0  0  0 0  0
  1 1  1  0 0 -1
  0 0  0  1 0 -1
  1 0  1  0 1 -1
  0 0  0 -1 1  0
 -1 0 -1  0 0  1
1,1;1,1;1;1 1 10
24 
#2 
6	% 
 -3 -2  2 0 0  0
  1  1  0 0 0 -1
  2  1 -1 0 0  0
  0  0  0 0 1 -1
  0  0  0 1 0  0
  1  1  0 0 0  0
6	% 
 1  0  0  0  2 -2
 0  1 -1  1  0  0
 0  0  0  0 -1  1
 0 -1  0 -1  0  1
 0  0 -1  1  0  0
 0 -1  1 -1  0  1
1,1,1;1,1;1 1 6
12 
#3 
6	% 
 -2 -2 0 0 0  1
 -1 -2 0 0 0  1
  3  3 1 0 0 -2
 -1 -1 0 0 1  0
  0  0 0 1 1 -1
 -1 -1 0 0 0  0
6	% 
 0 -2 0  0 0  1
 0 -2 1  1 0  0
 0  3 0 -1 0 -1
 1 -1 0  0 1  0
 1  0 0  0 0  0
 0 -1 0  0 0  0
6	% 
 -2 0 0 -2 0  1
 -1 0 0 -2 0  1
  3 0 0  3 1 -2
 -1 0 1 -1 0  0
  0 1 1  0 0 -1
 -1 0 0 -1 0  0
1,1;1,1;1;1 1 12
12 
#2 
6	% 
  0 0 0 1 -1 0
  1 0 0 0  0 0
 -1 0 1 0 -1 0
  1 1 0 0  0 0
  0 0 0 0 -1 1
  0 0 0 0  1 0
6	% 
  0 1 -1 0  0  0
 -1 0  0 0 -1  0
  1 0 -1 0  1  0
 -1 0  0 1  0 -1
  0 0 -1 1  0  0
  0 0  1 1  0 -1
1,1;1,1;1;1 1 16
12 
#2 
6	% 
 0 1  1  0 0 -1
 1 0  0  0 0  0
 0 0  0  1 0  1
 0 0 -1 -1 1 -2
 0 0  0  0 1 -2
 0 0  1 -1 1 -3
6	% 
 0 0  0 1  0  1
 1 0  0 0  0  0
 0 0  1 0 -1  0
 0 1 -1 0  1 -1
 0 1  0 0  1 -1
 0 1 -1 0  1  0
1,1;1,1;1;1 1 18
3 
#1 
6	% 
 0 1 -1 0  0  0
 0 0  0 1  1 -1
 1 0  0 0  0  0
 0 0  0 0  1  0
 0 0 -1 0  0  1
 0 0  1 0 -1  0
1,1,1;1;1;1 1 8
12 
#2 
6	% 
  1 -1  1  0  0  0
 -1  0 -1 -1  0  1
  1  0  0  1  0 -1
  0  0  0  0 -1  0
  1 -1  0  1  0  0
 -1  0  0 -1  0  0
6	% 
 -1  0 0  0  1 -1
  2  0 0  1 -1  0
 -1 -1 0 -1  0  1
  0 -1 1  0  0  0
 -2  0 0 -1  0  0
  1 -1 0  1  0  0
1,1,1;1;1;1 1 7
24 
#3 
6	% 
 0  0  0  0 -1  1
 1  0  0  0  0  0
 0  1  0  1  0 -1
 0 -1  1 -1  1  0
 0  0  1 -1  0  0
 0  1 -1  1  0  0
6	% 
 0  1 1  0  1 -2
 1  0 0  0  0  0
 0  1 0 -1  0  0
 0 -1 0  0 -1  1
 0 -1 0 -1  0  1
 0  1 0  0  0 -1
6	% 
 0 1 -1 0  1  2
 1 0  0 0  0  0
 0 0  0 1  0  0
 0 0  1 0 -1 -1
 0 0  0 1  0 -1
 0 1  0 0  1  0
1,1;1,1;1;1 1 13
36 
#3 
6	% 
 -3 0 0 -4  0  2
 -1 0 0 -1  0  1
 -1 0 1 -1  0  0
 -1 0 0 -1 -1  1
  1 1 0  1  0 -1
  2 0 0  2  0 -1
6	% 
 -3 -2  2  0 0  0
 -1  0  1  1 0 -1
 -1 -1  0  0 1  0
 -1  0  1 -1 0  0
  1  1  0  0 0 -1
  2  1 -1  0 0  0
6	% 
 1  0  0  0  2 -2
 0  0  0  1  0 -1
 0  0 -1  0  2  0
 0  0  0 -1  0  0
 0 -1  0  0 -2  1
 0  0  0  0 -1  1
1,1;1,1;1,1 1 6
30 
#3 
6	% 
 -3 0 0 -4  0  2
  1 0 0  1  0  0
  2 0 0  2  0 -1
  0 0 1  0 -1  0
  0 1 0  0  0 -1
  1 0 0  1  1 -1
6	% 
 1 0  0  0  2 -2
 0 0  0 -1  0  1
 0 0  0  0 -1  1
 0 0 -1  1  0  0
 0 1  0  1  0 -1
 0 0  0 -1 -1  1
6	% 
 -3 -2  2  0  0  0
  1  0 -1 -1 -2  3
  2  1 -1  0  0  0
  0  0  0  1  1 -2
  0  0  0  1  2 -2
  1  1  0 -1 -2  2
1,1,1;1;1;1 1 9
12 
#1 
6	% 
 -1  0  0  0  1 -1
 -1  0  1 -1 -1  1
 -2 -1  0  0  0  1
 -2 -1  0  0 -1  1
  1  1  0 -1  1 -1
  0 -1 -1  0  0  1
1,1,1;1;1;1 1 3
4 
#2 
6	% 
 0 -1  1  0  0  0
 0  2 -1 -1  0  0
 1  0  0  0  0  0
 0  1  0  0  0 -1
 0 -2  0  0  0  1
 0  1  0  0 -1  0
6	% 
 0 0  0  1  0  0
 0 0  0 -1 -1  0
 1 0  0  0  0  0
 0 1  0  0  0  0
 0 0  0  0  0 -1
 0 0 -1  0  0  1
1,1;1,1;1;1 1 17
30 
#3 
6	% 
 1 0  0  0  0  0
 0 0  0  0  1 -1
 0 0  0 -1 -1  1
 0 0 -1  1 -1  1
 0 0  0 -1  0  1
 0 1  0  1  1 -2
6	% 
 1  0  0  0  0  0
 0  1 -1  2  0 -2
 0 -1  0  0 -1  2
 0 -1  1 -2  1  1
 0  0  1  0 -1  1
 0  1 -1  1  1 -2
6	% 
 1  0  0  0  0  0
 0  1  1  0  0 -1
 0  0 -1 -1  0  1
 0 -1  0  0 -1  1
 0  0 -1  1  0  0
 0  0  1  0  0  0
1,1;1,1;1,1 1 4
12 
#2 
6	% 
  0  1 1  0  0 -1
 -1  0 0  0 -1  0
  1  0 0  1  2 -2
  0 -1 0 -1 -1  2
  0  1 0 -1 -1  1
 -1  0 0  1  1 -2
6	% 
 -1 -1 -1 0  0  1
  0  0  0 1  0  1
  0 -1  1 0 -1  0
  1  1  0 0  1 -1
 -1  0 -1 0  1  0
  0 -1  1 0 -1  1
1,1,1,1;1;1 1 6
3 
#1 
6	% 
  1  0 0  0 0  0
  1  1 1  0 0 -1
  1  1 0  0 1 -1
 -1 -1 0  0 0  0
  1  1 0 -1 0  0
  0  0 0  1 0 -1
1,1,1;1,1;1 1 11
12 
#1 
6	% 
 0 -2  2 0 -2  1
 0 -1  1 0 -2  1
 1  4 -4 0  6 -3
 0 -1  1 1 -1  0
 0  0  1 0 -1  0
 0 -1  1 0 -1  0
1,1,1;1;1;1 1 13
6 
#2 
6	% 
  1  0  0  0  0 0
 -1 -1 -1  0  0 1
  0  0 -1  0  0 1
  0  0  0 -1 -1 1
  0  0 -1 -1  0 1
  0  0  1 -1  0 0
6	% 
  1  0 0  0  0 0
  1  0 0  0 -1 0
  1 -1 0  0 -1 0
  0  0 1 -1  0 0
  1  0 0 -1 -1 0
 -1  0 0 -1  1 1
1,1;1,1;1,1 1 8
3 
#1 
6	% 
 1 0  0  0 0  0
 0 1  1  0 0 -1
 0 0  0  0 1  1
 0 0  1  0 0 -1
 0 0  0 -1 0  0
 0 0 -1  1 0  0
2-2;1,1;1,1 1 4
12 
#2 
6	% 
  0 1  1  0  0 -1
 -1 0 -1 -1  1  1
  1 0 -1  1 -1  0
  1 0  0  1  0 -1
  1 0  0  0 -1  0
  1 0  0  1 -1  0
6	% 
  1  1  1  0  0 -1
 -1 -1  0 -1  1  1
 -1  0 -1  1 -1  0
  0  1 -1  1 -1 -1
  0  1 -1  2 -1 -1
  0  1 -1  1 -2  0
1,1;1,1;1;1 1 20
12 
#2 
6	% 
  1 0 0  0  0  0
 -1 0 0  3 -4 -1
  0 0 0 -2  2  1
  0 1 0  1 -1 -1
  1 0 0  3 -3 -2
  0 0 1  1 -1 -1
6	% 
 1  0  0  0 0  0
 0  0 -1 -3 0  2
 0  0  0  2 0 -1
 0  0  0 -1 0  1
 0 -1  0 -3 0  2
 0  0  0 -1 1  0
1,1;1,1;1;1 1 22
6 
#2 
6	% 
  0  0 0 -1  0 -1
  1  0 0  0  0  0
  0  0 1  0  0 -1
  0 -1 0  0  0  0
 -1  0 0  0 -1  1
  1  0 0  0  1  0
6	% 
  0 -1 -1  0  0  1
  1  0  0  0  0  0
  0  0 -1  0 -1  1
  0  0 -1  0  0  1
 -1  0  1 -1  0  0
  1  0  1  1  0 -1
2-1;1,1;1;1 1 14
3 
#1 
6	% 
 1  0  0  4  0 -2
 0  0  0  1 -1  0
 0  0 -1  1  0  0
 0 -1  0 -1  0  1
 0  0  0  1  0  0
 0  0  0 -2  0  1
2-1;1,1;1;1 1 17
6 
#1 
6	% 
  1 0 0  0  0  0
 -1 0 1 -1  0  0
  0 0 0 -1 -1  1
  1 1 0  1  0 -1
  0 0 0 -1  0  1
  0 0 0  2  0 -1
2-1;1,1;1;1 1 10
6 
#1 
6	% 
 1  0  0  0 0  0
 0  0  0  1 0  0
 0  0 -1  1 0  0
 0  0  0  0 1 -1
 0  0  0 -1 0  1
 0 -1  0 -1 0  1
2-1;1,1;1;1 1 13
3 
#1 
6	% 
 0  1 1  0  0 -1
 1  0 0  0  0  0
 0  0 0 -1  0  1
 0  0 0  1 -1  0
 0  1 0  1  0 -1
 0 -1 0  1  0  0
1,1,1;1;1;1 1 11
3 
#1 
6	% 
 0  1 1  0  0 -1
 0 -1 0 -1  0  1
 1  0 0  0  0  0
 0  0 0  0 -1  0
 0  0 0 -1  0  0
 0  0 0 -1 -1  1
1,1,1;1;1;1 1 18
1 
#1 
6	% 
  1  0 0  0  0  0
  1  1 1  0  0 -1
 -2 -2 0  0  0  1
  1  1 0  0  0 -1
  1  1 0 -1  0  0
  1  1 0  0 -1  0
1,1;1,1;1;1 1 32
3 
#1 
6	% 
  0 1  1  0 0 -1
  1 0  0  0 0  0
  0 0 -1  0 1  0
 -1 0 -1 -1 0  1
 -1 0  0 -1 1  0
  0 0  0  0 1 -1
1,1;1,1;1;1 1 26
6 
#1 
6	% 
 1  0  0  0 0  0
 0 -1 -2 -1 0  2
 0 -2 -1 -1 0  2
 0  1  1  1 1 -2
 0 -1 -1 -1 0  2
 0  0  0  0 1 -1
1,1,1;1;1;1 1 16
6 
#1 
6	% 
  1  0  0  0 0  0
  2 -2  1 -1 0  1
 -2  1 -2  1 0  0
  1 -1  1 -1 0  0
  1 -1  1 -1 1  0
  0  0  0  0 1 -1
3;1,1,1 1 2
1 
#1 
6	% 
 1 0  0  0  0 0
 0 1 -1  0  0 0
 0 0  0  0  0 1
 0 0  0  0 -1 1
 0 0  0 -1  0 1
 0 0  1  0  0 0
1,1;1,1;1;1 1 24
12 
#1 
6	% 
 1 0 0  0  2 -1
 0 1 0 -1  0  0
 0 0 1  1  0 -1
 0 0 0  1  0 -1
 0 0 0  1 -1  0
 0 0 0  0  1  0
1,1;1,1;1,1 1 9
6 
#1 
6	% 
  1  0  0  0  0  0
  0 -1  0  0  0 -1
  0  0 -1  0  0 -1
  0  0  0 -1  0  0
 -1  0  0 -1 -1  1
  1  0  0  0  1  0
1,1;1,1;1;1 1 33
6 
#1 
6	% 
 1  0  0  0  0  0
 0  0  1  0  1 -1
 0  1  0  0  1 -1
 0  1 -1  1  0  0
 0  1  1  0  1 -1
 0 -2  0 -1 -1  2
2-1;1;1;1;1 1 12
3 
#1 
6	% 
 1 0 0  0  0  0
 0 0 1 -1  0  0
 0 0 0 -1 -1  1
 0 1 0  1  0 -1
 0 0 0 -1  0  1
 0 0 0  2  0 -1
1,1;1;1;1;1 1 12
12 
#2 
6	% 
 1  0  0  0  0  0
 0 -1  1 -1  0  1
 0  0  0  0 -1  1
 0  1  0  1  0 -1
 0  1 -1  1  0  0
 0  0  1 -1  0  0
6	% 
 1  0 0  0  0  0
 0 -1 0 -1 -1  2
 0 -1 1  0  0  0
 0  0 0  1  0 -1
 0 -1 0  1  1 -1
 0  0 0 -1 -1  1
1,1;1;1;1;1 1 14
6 
#2 
6	% 
 0 -1 1  0  0  0
 1  0 0  0  0  0
 0 -1 0  0 -1  1
 0  0 0  1  0 -1
 0  1 0  1  0 -1
 0  1 0 -1  0  0
6	% 
 0 0 0  1  0  0
 1 0 0  0  0  0
 0 0 1  1  0  0
 0 1 0  0 -1  0
 0 0 0 -1 -1  0
 0 0 0 -1  1 -1
1,1;1;1;1;1 1 22
12 
#1 
6	% 
 1  0 0 0  0  0
 0  0 1 0 -1  0
 0  0 0 1  1 -1
 0 -1 0 0  0  0
 0  0 0 1  0  0
 0  0 0 0 -1  0
1,1;1;1;1;1 1 21
12 
#2 
6	% 
 1 0 0  0  0  0
 0 0 0 -1 -1  1
 0 0 1  1  0 -1
 0 0 0 -1  0  1
 0 1 0 -1  0  0
 0 0 0 -2  0  1
6	% 
 1 0  0  0 0  0
 1 0 -1 -1 0  1
 0 0  0  1 1 -1
 1 1  0 -1 0  0
 0 0  0 -1 0  1
 0 0  0 -2 0  1
1,1;1;1;1;1 1 19
3 
#1 
6	% 
  3  0  0  4  0 -2
  1  0  0  1 -1  0
  1 -1  0  1  0  0
  1  0  0  1  0  0
 -1  0 -1 -1  0  1
 -2  0  0 -2  0  1
1,1;1;1;1;1 1 42
3 
#1 
6	% 
  1 0 0  0 0  0
  1 0 1  1 0 -1
 -1 1 0 -1 0  0
  1 0 0  1 0 -1
  1 0 0  1 1 -1
 -2 0 0 -2 0  1
1,1;1;1;1;1 1 43
2 
#1 
6	% 
 1 1 -1 0 0  0
 0 0  1 0 0  0
 0 1  0 0 0  0
 0 0  0 1 0 -1
 0 0  0 0 1 -1
 0 0  0 0 0  1
1,1;1;1;1;1 1 35
6 
#1 
6	% 
 1 0 0  0 0  0
 0 0 1  1 0 -1
 0 1 0 -1 0  0
 0 0 0  0 1  0
 0 0 0  1 1 -1
 0 0 0  1 0  0
2-2;1,1;1;1 1 7
8 
#1 
6	% 
 1  0  0  0  0  0
 0 -1  0 -1  1  1
 0  0 -1  1 -1  0
 0  1 -1  1 -1 -1
 0  1 -1  2 -1 -1
 0  1 -1  1 -2  0
3;1,1;1 1 5
2 
#1 
6	% 
 1 0  0  0  0  0
 0 0 -1  0  0  0
 0 1  0  0  0 -1
 0 0  0  0 -1  0
 0 0  0 -1  0  0
 0 0  0  0  0 -1
2-2;1,1;1;1 1 9
4 
#1 
6	% 
 -1 -1 0 -1  1  1
  0  1 1  0  0 -1
  1 -1 0  1 -1  0
  1  0 0  1  0 -1
  1  0 0  0 -1  0
  1  0 0  1 -1  0
2-2;1,1;1;1 1 13
8 
#1 
6	% 
 1 0  0  0  0  0
 1 0 -1  1 -1  0
 1 1  0  0  1 -1
 0 0  0  1  0 -1
 0 0  0 -1  1  0
 0 0  0  0 -1  0
3;1,1;1 1 2
1 
#1 
6	% 
 0 1 -1  0  0 0
 1 0  0  0  0 0
 0 0  0  0  0 1
 0 0  0  0 -1 1
 0 0  0 -1  0 1
 0 0  1  0  0 0
2-2;1,1;1;1 1 10
4 
#1 
6	% 
 0  1 1  0  0 -1
 1  0 0  0  0  0
 0  0 0 -1  0  1
 0  1 0  0 -1  0
 0  0 0  1 -1  0
 0 -1 0  0  0  0
1,1;1;1;1;1 1 44
1 
#1 
6	% 
 0 1  3 0 0 -2
 1 0  0 0 0  0
 0 0 -2 0 0  1
 0 0  1 0 0 -1
 0 0  1 1 0 -1
 0 0 -1 0 1  0
1;1;1;1;1;1 1 14
3 
#1 
6	% 
 1 0  0 0 0  0
 0 0 -1 0 0  1
 0 0  0 0 1  0
 0 1  0 0 0  0
 0 0  0 1 0 -1
 0 0  0 0 0 -1
1;1;1;1;1;1 1 27
1 
#1 
6	% 
 1  0 0 0  0  0
 0 -1 0 0 -1  1
 0  0 1 0  0 -1
 0  0 0 0  1 -1
 0  0 0 1  0  0
 0  0 0 0  1  0
2-2;1;1;1;1 1 8
4 
#1 
6	% 
 1 0 0  0  0  0
 0 0 1  0  0  0
 0 1 0  0  0  0
 0 0 0  0 -1  0
 0 0 0 -1  1  0
 0 0 0  1  0 -1
