#97

3;2-2;1 2 3
1 
#1 
6	% 
 1 0 0 0 0 0
 0 1 0 0 0 0
 0 0 1 0 0 0
 0 0 0 1 0 0
 0 0 0 0 1 0
 0 0 0 0 0 1
1,1,1,1,1,1 1 1
1 
#1 
6	% 
 1 0 0 0 0 0
 0 1 0 0 0 0
 0 0 1 0 0 0
 0 0 0 1 0 0
 0 0 0 0 1 0
 0 0 0 0 0 1
1,1,1,1,1;1 1 2
16 
#5 
6	% 
 -1 -1  0  0 -1 -1
  0 -1  0  0  0  0
 -1 -1  0 -1  0 -1
 -1 -1  0  1  0  0
  1  2 -1  0  0  1
 -1 -2 -1  0  1  0
6	% 
 0 -1  1  0 -1  0
 0  0  1  1  0  1
 0 -1  0  1 -1  0
 0  0  1  0  0  1
 1  0 -1 -1  1 -1
 1 -1  1  1 -1  1
6	% 
  1  0  0  0 -1  0
  1  0  0  0  0  0
  0 -1  1 -1 -1 -1
  1  0  1  1  1  0
 -1  1 -1  0  0  0
  1 -1  1  0  0 -1
6	% 
 -1  1 0  0 -1 -1
  0  1 0  0 -1 -2
 -1  1 0  0  0 -1
  0  2 1  1  0  0
  1 -2 0 -1  0  1
 -1  2 1  0 -1 -2
6	% 
 -2  1 -1 -1 -1 -1
 -2  1 -1 -1 -1  0
 -2  1 -2 -1 -1 -1
 -2  1 -1  0 -1 -1
  3 -1  2  1  2  1
 -3  2 -2 -1 -2 -1
1,1,1,1;1,1 1 1
1 
#1 
6	% 
 0  0 -1 -1  0 -1
 0  0  0 -1 -1 -1
 0  0 -1  0 -1 -1
 0  0  1  1  1  1
 0 -1  0  0  0  0
 1  1  0  0  0  0
2-1;1,1,1,1 1 2
3 
#1 
6	% 
  1 1  0 0  2  3
  1 0  0 0  0  0
  0 0  0 0  1  2
  1 0 -1 0  2  3
  0 0  1 1  0  0
 -1 0 -1 0 -1 -2
1,1,1;1,1,1 1 2
10 
#3 
6	% 
  1  0 0  0  0  1
 -1 -1 0  0  0 -1
  0  0 1 -1 -1 -1
  0  0 0  0  1  0
  0  0 0  1  0  0
  0  0 0  1  0  1
6	% 
  0  1  0  0  0  0
  1  1  2  0 -1 -1
  0  0  0 -1  1  0
  0  0  0  1  1  1
 -1 -1 -1  0  0  0
  1  1  1  0 -1 -1
6	% 
  0  1  0  0  0  0
  1  1  1 -1 -1 -1
  0  0 -1 -1 -1 -2
  0  0  0  0 -1  0
 -1 -1  0  1  1  1
  1  1  1  0  0  0
1,1,1,1;1,1 1 3
72 
#8 
6	% 
 0 -1 0  1 -1  0
 0  0 0  0 -1  0
 1  0 0  0  0  0
 0  0 1 -1  0 -1
 0  0 1  1 -1  0
 1 -1 0  0  0  0
6	% 
 1 -1  0  0  0  0
 0 -1  0  0 -2  0
 0  1  1  1 -2  2
 0  1 -1  0  2 -2
 0 -1 -1  0 -1 -2
 0 -1  1 -1  1  1
6	% 
 1 -1  0  0  0  0
 0 -1  0  0  0  2
 0  1  1  1  1  2
 0  1  0 -1 -2 -2
 0 -1  0 -1 -2  1
 0 -1 -1  1  2 -1
6	% 
  0  1  0  0  1  0
  0  0 -1  1  2  1
 -1  0  0  0  0 -1
  1  0  0 -1 -1  1
  1 -1  0  1  1  2
 -1  1  0  0  0 -1
6	% 
  0  0 -1  1  0  1
  0  0  0  0 -1  0
  1 -2  1  0  0 -1
  0  1  0 -1  1  0
  0  1  0  1 -1  1
 -1 -1 -1  0  0  0
6	% 
  0  0  0 1  1  0
  0  0  0 1 -1 -1
  0  2 -1 0  0  0
  1 -2  1 0  0  1
 -1 -1  1 0 -1 -2
  0  2 -1 0  1  1
6	% 
  0  1  0  0 -1 -1
  0 -1 -1 -1 -1 -2
 -1  0  0  0  0  0
  0  1  0  1  1  1
  0 -1 -1  0  0  0
 -1  1  0  0  0  0
6	% 
 -2  1  1  1 -2 -2
  0  0  1  1  0  1
  1 -1 -1  0  1  1
  0  1  0 -1  0 -1
  0  1  1  0 -1  0
 -1  0  0  1  0  0
2-1;1,1,1;1 1 6
18 
#2 
6	% 
 0 -1  0  0  1  2
 0  1  0 -1  0  0
 1  0  0  0 -1 -2
 0  0 -1  1  1  1
 0 -1  0 -1 -1 -1
 1 -1  0  0  1  2
6	% 
  0 0  0  0 -1  0
  0 0  0  1  1  1
  1 0  0  0  2  2
  0 0 -1 -1  0  0
  0 0  0  1  0  0
 -1 1  0  0 -2 -2
2-1;1,1,1;1 1 5
6 
#2 
6	% 
 1 -1  0 0  0  0
 1  0  0 0  1  0
 0  0  1 0 -1  0
 0  0 -1 1  1  1
 0  0  2 0 -1 -1
 0  0  1 0 -1 -1
6	% 
 1 -1  0 0  0  0
 1  0  0 0  0  1
 0  0  1 0  0 -1
 0  0 -1 1  1  1
 0  0  2 0 -1 -1
 0  0  1 0 -1 -1
2-1;1,1;1,1 1 2
3 
#1 
6	% 
 0  0  0 0  1  2
 0 -1  0 0  0  0
 1  1  0 0  0  0
 0  0 -1 0  2  3
 0  0  1 1  0  0
 0  0 -1 0 -1 -2
1,1,1,1;1,1 1 2
6 
#2 
6	% 
 1 0  0 0  1  1
 0 0  0 0 -1 -2
 0 1  0 0  2  3
 0 0 -1 1  1  1
 0 0  1 0 -1 -1
 0 0  1 0  0  0
6	% 
  0  1  0  0  0 0
  0  1  0  0 -1 0
 -1  0 -1 -1 -1 0
  0  0  0  0  0 1
  1 -1  1  0  0 0
 -1  1  0 -1 -1 0
1,1,1;1,1,1 1 4
36 
#2 
6	% 
  1  0 -1  0  1 -2
  1  1 -1  1  0 -2
 -1  0  2  0 -1  4
  1 -1 -1  0  0 -2
 -1  1  2  0 -1  4
  1 -2 -1 -1  1 -3
6	% 
  1 -1  0 1 -1  0
  1  0 -1 0  0 -1
 -1  0  0 0  1  0
  1  0  0 1 -1  1
 -1  1  0 0  1  0
  1 -1  1 0 -1  1
2-1;1,1;1,1 1 8
18 
#2 
6	% 
  0  0 -1 -1  0  0
  0  0  2  0 -1 -1
 -1  0  0  0  0 -1
  0 -1  1  0 -1 -1
  1 -1  0  0  0  1
  0  1  1  0  0 -1
6	% 
 0  0  1 -1 -1 -1
 0  0 -2  0  1  1
 1  0  0  0  1  0
 0  0 -1  0  1  1
 1 -1  0  0  1  0
 0  0 -1  0  0  1
1,1,1;1,1,1 1 3
18 
#2 
6	% 
  2 -1  1  1  0  0
  0 -1  0  0 -2 -3
  1  0  1  0  1  2
 -1  0 -1 -1  0  0
 -1  1 -1  0  2  3
  1 -1  1  1  0  0
6	% 
  0 0  0 0 1  0
  0 0  0 0 0 -1
 -1 0  0 0 0  0
  0 0 -1 0 1  0
 -1 1  0 0 0  0
  0 0  0 1 0  0
2-2;1,1,1,1 1 1
1 
#1 
6	% 
 0 1  0  0  0  0
 1 0  0  0  0  0
 0 0  0 -1 -1 -1
 0 0 -1  0 -1 -1
 0 0 -1 -1  0 -1
 0 0  1  1  1  1
2-2;1,1,1,1 1 2
4 
#1 
6	% 
  1  0  0  0  0  0
  0  1  0  0  0  0
  1  1  0  0  0  1
 -1 -1 -1  0  0 -1
  1  1  0 -1 -1  1
 -1 -1  1  0 -1 -2
2-2',2-2';1,1 1 2
8 
#1 
6	% 
 0  0  0  0  0  1
 1  0 -1 -1 -1  0
 1 -1 -2  0  1  1
 0  0  1  0 -1 -1
 0  0  1  0  0  0
 0  0  0  1  1  0
1,1,1,1;1;1 1 6
3 
#1 
6	% 
  1 0 0  0 -1 -2
  1 0 0  0  0  0
  0 1 0  0  0  0
 -1 0 1  0  1  2
  1 0 0 -1 -2 -3
  0 0 1  1  0  0
1,1,1;1,1;1 1 11
36 
#2 
6	% 
  0  0 0  0 -1 -1
  2 -1 0  0  1  1
 -2  1 0  0  0  1
  0  1 0 -1 -1 -1
  1 -2 0  1  1  1
  0  0 1  0 -1 -1
6	% 
 0  2 0  0  1 1
 0  1 0  0  1 1
 0 -3 0  0 -1 0
 0  1 0 -1  0 0
 1  0 0  1  1 1
 0  1 1  0  0 0
1,1,1;1,1;1 1 12
216 
#12 
6	% 
 0  2 0 -2 -1 -1
 0  3 0 -2 -1  0
 0 -8 0  6  3  2
 1  1 0 -1  0  0
 0 -4 0  3  1  1
 0  1 1 -1 -1 -1
6	% 
  0  0 0  2  3  1
  0 -1 0  2  2  1
  0  1 0 -4 -4 -2
  1 -1 0  1  1  1
 -1  1 0 -2 -2 -2
  0  0 1  1  1  0
6	% 
 0  0 0  2  3  1
 0  0 0  2  2  1
 2 -1 0 -4 -6 -2
 0 -1 0  1  1  0
 1  1 0 -2 -3  0
 0  0 1  1  1  0
6	% 
 0  0 0  2  1  3
 0  0 0  2  1  2
 2 -1 0 -4 -2 -6
 0 -1 0  1  0  1
 1  1 0 -2  0 -3
 0  0 1  1  0  1
6	% 
  0 1  0  0  0  0
  0 0  0 -2 -1 -3
  0 0  0  4  2  5
  0 0 -1 -1  1 -1
  0 0  1  2  0  2
 -1 1  0  0  0  0
6	% 
  0 1  0 0  0  0
  0 0  0 0 -1  0
  0 0  0 2 -1  1
  0 0  1 0 -1  1
  0 0 -1 1  0 -1
 -1 1  0 0  0  0
6	% 
 0 0  0 -2 -2 -1
 0 1 -1 -3 -2 -1
 0 0  1  7  6  3
 1 0  0 -2 -1 -1
 0 0  0  4  3  2
 0 0  0 -1 -1 -1
6	% 
  0  0 0 -2 -2 -1
  0  0 0 -2 -3 -1
 -2  1 0  4  6  2
  0 -1 1 -1 -2 -1
 -1  1 0  2  3  1
  0  0 0 -1 -1 -1
6	% 
  0 -2  0 -2 -1 -2
  0 -1  0  0  0  0
  0  3  0  2  1  3
  1 -1  0  0  0  0
 -1  2 -1  1  1  2
  0 -1  0 -1  0 -1
6	% 
  2 -1 0  0  2  0
  4 -2 0  2  3  1
 -8  4 0 -2 -8 -1
  2 -1 1  1  1  2
 -4  2 0 -1 -4 -1
  1 -1 0  0  1  0
6	% 
  0  0 -1 -1  1 -1
  2 -1  0  0  0  2
 -2  1  1  1 -1  0
  1 -1  0  0  0  1
 -1 -1  0  0 -1  0
  0  0 -1  0  1  0
6	% 
  2 -1  0 0  0  2
  4 -2  2 0 -1  3
 -8  4 -2 0  1 -8
  2 -1  1 1  1  2
 -4  2 -1 0  0 -4
  1 -1  0 0  0  1
1,1,1,1;1;1 1 5
72 
#8 
6	% 
 0  1 0  1  0  1
 0  2 0  2  1  2
 0  2 1  1  0  1
 1 -3 0 -2  0 -2
 1  2 0  2  0  2
 0 -2 1 -1 -1 -2
6	% 
  0 0 0  0  0 -1
  0 0 0 -1  1 -1
  0 0 1  0  0 -2
  1 0 0  1  0  3
 -1 1 0 -1  0 -3
  0 0 1  0 -1  1
6	% 
 -1  0  0  0  1  0
 -1 -1  0  0  2  0
  0  0 -1  1  3  1
  1  0  0 -1 -3 -1
 -1  0  0  1  3  0
  0  0 -1 -1 -2  0
6	% 
 -1  0  0  0  0  1
 -1 -1  0  0  0  2
  0  0 -1  1  1  3
  1  0  0 -1 -1 -3
 -1  0  0  1  0  3
  0  0 -1 -1  0 -2
6	% 
  0  2  1 -1  0  1
  0  1  1 -1  1  1
  0  1  1  0  0  1
 -1 -1 -1  1 -1 -1
 -1  2  1 -1  1  1
  0 -1  0  1  0 -1
6	% 
 0  0  1  1 0  0
 0  1  0  2 1  1
 1  0  1  1 0  0
 0 -1 -1 -2 0 -1
 0  1  1  2 0  0
 1 -1 -1 -1 0  0
6	% 
  0 0  0  0 -1  0
  0 0 -1 -1 -1  0
  0 0 -1  0 -1  0
  1 0  1  1  2  0
 -1 1 -1 -1 -2  0
  0 0  1  0  1 -1
6	% 
  0  0  0 0 -1 -1
  0  0  0 0 -2 -1
  0  0  0 1 -1 -1
  1 -1  0 0  3  3
 -1  0  0 0 -3 -3
  0  0 -1 0  2  2
1,1,1;1,1;1 1 9
84 
#10 
6	% 
 0  0  0  0 -1  0
 0  1  0  0  0  0
 1 -1  0  0  1  0
 0  0  0 -1 -1 -2
 0  0 -1  1  1  2
 0  0 -2  0  1  1
6	% 
 0  0  0  0  0 -1
 0  1  0  0  0  0
 1 -1  0  0  0  1
 0  0  0 -1 -2 -1
 0  0 -1  1  2  1
 0  0 -2  0  1  1
6	% 
  0 0  0 0 -1 -1
  0 0  1 0  0  0
  0 0 -1 0  2  1
  0 1  0 1  0  0
 -1 0  0 0  0  0
 -2 1  0 0  0  0
6	% 
 0  0  2  0 0 -1
 0  0  1  1 1  0
 0  0 -3 -1 0  1
 0 -1  1  0 0 -1
 1  0  0  0 0  0
 2 -1  0  0 0  0
6	% 
 0  0  2  0 -1 0
 0  0  1  1  0 1
 0  0 -3 -1  1 0
 0 -1  1  0 -1 0
 1  0  0  0  0 0
 2 -1  0  0  0 0
6	% 
  0  2  1 -1  0 -1
 -1  1  0  0  0  0
  1 -2 -1  1  0  1
  0  1  0 -2 -1 -1
  0  0  0  1  1  0
  0  0  0  0  0 -1
6	% 
 0 0 0 -2  0 -1
 0 0 1 -1  0 -1
 0 0 0  2 -1  1
 0 0 0 -1  0 -1
 1 0 0  0  0  2
 0 1 0  0  0  0
6	% 
 0 0 0 0 -1 -1
 0 0 0 1  0  0
 0 0 0 0  0  1
 0 0 1 0 -1 -1
 1 0 0 0  0  0
 0 1 0 0  0  0
6	% 
  2  2  0  2  1  1
  1  1  0  0  0  0
 -2 -3  0 -2 -1 -1
  1  1  1  1  0  2
  0  0 -1  0  1 -2
  0  0  0  0  1  0
6	% 
 0 0 0 -2 -1  0
 0 0 1 -1 -1  0
 0 0 0  2  1 -1
 0 0 0 -1 -1  0
 1 0 0  0  2  0
 0 1 0  0  0  0
1,1,1;1,1;1 1 2
10 
#3 
6	% 
 0 0 0 0 -1 -1
 0 0 0 1  0  0
 0 0 0 0  0  1
 1 0 0 0  0  0
 0 1 0 0  0  0
 0 0 1 0 -1 -1
6	% 
 0 0  2 0  0 -1
 0 0  1 1  1  0
 0 0 -2 0 -1  1
 1 0  0 0  0  0
 0 1  0 0  0  0
 0 0  1 0  0 -1
6	% 
 0 0  1  1  1  1
 0 0  1  1  0  1
 0 0 -2 -2 -2 -3
 1 0  0  0  0  0
 0 1  0  0  0  0
 0 0  1  0  0  0
1,1,1;1,1;1 1 6
6 
#1 
6	% 
  2  2 0  2  1  1
  1  1 0  0  0  0
 -2 -3 0 -2 -1 -1
  1  1 0  1  0  0
  0  0 0  0  1  2
  1  1 1  1  0  0
2-2;1,1,1;1 1 2
10 
#3 
6	% 
 0 0  0 -1 1 0
 0 0  0  1 1 1
 0 0 -1  0 0 0
 0 1  0  0 0 0
 1 0  0  0 0 0
 0 0 -1  0 1 1
6	% 
 0 0  0 0 -1 0
 0 0 -1 1  1 1
 0 0  1 0  0 0
 1 0  0 0  0 0
 0 1  0 0  0 0
 0 0 -1 0  0 1
6	% 
 0 0 -1 -1 -1 -2
 0 0  0  0 -1  0
 0 0  0  1  1  1
 0 1  0  0  0  0
 1 0  0  0  0  0
 0 0 -1  0  0  0
1,1,1,1;1;1 1 3
3 
#1 
6	% 
  0  0 -1  0 -1 -1
  0  0 -1 -1  0 -1
  0  0  0 -1 -1 -1
  0  0  1  1  1  1
 -1  0  0  0  0  0
  1 -1  0  0  0  0
2-2;1,1,1;1 1 5
28 
#3 
6	% 
  0 1 0  0  0 1
 -1 0 0  0  0 0
 -1 1 0  0  0 0
  0 0 0 -1  0 0
  0 0 1  0 -1 0
  0 0 0  1  1 1
6	% 
  1  0  0  0  0  0
  0 -2 -1  0  1  1
  0  2  1  0 -1  0
 -1  3  1 -1 -2 -1
 -1  3  1  1 -1  0
 -1  3  2  0 -1 -1
6	% 
  0  0  0  0  0  1
 -1  1 -1  0  0  0
  1  0  1  0  0  0
  2 -1  2 -1 -1 -1
  2 -1  2  1  0  0
  2 -1  1  0  1  0
1,1,1;1,1;1 1 7
36 
#4 
6	% 
 0 -1  0  0  0  0
 0  0  1  1  0  1
 0  2 -1 -1  0 -2
 0  0  0  1 -1  1
 0  0  0  0 -1  0
 1 -1  0  0  0  0
6	% 
  0  1  0  0 0  0
  0 -2 -1  1 0  1
  0  3  2 -2 1 -2
  0 -1  0  1 0  1
  0  0  0  0 0 -1
 -1  1  0  0 0  0
6	% 
 -2  1  0  0 0  0
  0  0  1  1 0 -1
  2 -1 -1 -1 0  2
  0  0  0  1 0  0
  0  0  0  0 1  0
 -1  1  0  0 0  0
6	% 
 2 -1  0  0 0  0
 0  0 -1  1 0  1
 0  0  2 -2 1 -2
 0  0 -1  0 0  1
 0  0 -1 -1 0  2
 1 -1  0  0 0  0
1,1,1;1,1;1 1 10
72 
#6 
6	% 
 -2  1 -2  2 0  2
  0  0 -1  1 0  1
  2 -1  3 -3 1 -3
 -1  0 -1  1 0  1
  0  0  0  1 0  1
  0  0  0  0 0  1
6	% 
 0  1  0  0 -2  0
 0  0 -1 -1 -3  0
 0 -2  1  1  6  0
 1  0  1 -1 -2 -1
 0  0 -1  0 -1  1
 0  0  0  0  0  1
6	% 
  2 -1  0 0  2  2
  2 -1  0 0  1  1
 -4  2  0 0 -3 -2
  1 -1  0 0  1  1
  1  0  0 1  1  1
  0  0 -1 1  1  1
6	% 
 0  1  0  0 0 -2
 0  0 -1 -1 0 -3
 0 -2  1  1 0  6
 1  0  0  0 1 -1
 0  0 -1  0 0 -1
 0  0 -1  1 1  1
6	% 
 0  1  0  0 -2 0
 0  0 -1 -1 -3 0
 0 -2  1  1  6 0
 1  0  0  0 -1 1
 0  0 -1  0 -1 0
 0  0 -1  1  1 1
6	% 
 -2  1  0  0 -2  0
 -4  2 -1 -1 -3  0
  8 -4  1  1  6  0
 -1  0  0  0 -1  0
 -2  2  0 -1 -2  0
  0  0  1 -1 -1 -1
1,1,1;1,1;1 1 5
12 
#3 
6	% 
  0  2  1  1  0  0
 -1  1  0  0  0  0
  1 -2 -1 -1  0  0
  0  1  1  0  0 -1
  0  0  0  0 -1  0
  0  0  0  0  0 -1
6	% 
 0 0  0  0  0 -1
 1 0  0  0  0  0
 0 1  0  0  0  2
 0 0  0 -1 -2 -1
 0 0 -1 -1 -2  0
 0 0  1 -1 -1 -1
6	% 
 0 0  0  0 -1  0
 1 0  0  0  0  0
 0 1  0  0  2  0
 0 0  0 -1 -1 -2
 0 0 -1 -1  0 -2
 0 0  1 -1 -1 -1
1,1,1,1;1;1 1 4
6 
#2 
6	% 
  1  0  0  0 -1  0
  0  0  0  0 -1  0
 -2 -1 -1  1  1  1
  2  0  1 -1  0 -1
 -1  0  0  1  0  0
 -1  0  0  1  0  1
6	% 
  1 -1  0  0 0  0
  0 -1  0  0 0  0
 -1  3  1  1 0  2
  0 -2 -1 -1 0 -1
  0  1  0  1 1  1
  0  1  0  1 0  1
2-2',2-2';1;1 1 4
8 
#1 
6	% 
  1  0  0  2  1 1
  0  1 -1  1  0 1
  0  1 -1  0  0 0
  0  1  0  0 -1 0
 -1  1 -1 -1  0 0
  1 -1  0  1  1 1
2-2;1,1;1,1 1 3
4 
#1 
6	% 
 0  0  0  0  0 -1
 0 -1  0  0  0  0
 1  1  0  0  0  0
 0  0  0 -1  0 -1
 0  0  0 -1 -1  0
 0  0 -1  0  0  0
1,1;1,1;1,1 1 2
3 
#1 
6	% 
 0  0 -1 1  1  1
 0 -1  0 0  0  0
 1  1  0 0  0  0
 0  0  0 0  2  3
 0  0  1 0 -1 -1
 0  0 -1 0  0  0
1,1,1;1;1;1 1 10
30 
#3 
6	% 
 0  0 -1 -1 -1 -2
 0  0  0  0 -1  0
 0  0  0  1  1  1
 1  0  0  0  0  0
 1 -1  0  0  0  0
 0  0 -1  0  0  0
6	% 
 0  0 -1 -1  1 -1
 0  0  0  1  0  1
 0  0  0  0 -1  0
 1  0  0  0  0  0
 1 -1  0  0  0  0
 0  0 -1 -1  0  0
6	% 
 0  0  0 0 -1 0
 0  0 -1 1  1 1
 0  0  1 0  0 0
 1  0  0 0  0 0
 1 -1  0 0  0 0
 0  0 -1 0  0 1
1,1;1,1;1;1 1 19
9 
#1 
6	% 
  0  0 -1 -1 -2 0
  0  0  0  0  0 1
  0  0  1  0  0 0
 -1  0  0  0  0 0
  0  0  0 -1 -1 0
  1 -1  0  0  0 0
1,1;1,1;1;1 1 34
18 
#1 
6	% 
  0  0 -1  2  0  1
  0  0  0 -2 -1 -1
 -1  0  0  0  0  0
  0  0  1 -1  0 -1
  0  0  0  3  1  2
  1 -1  0  0  0  0
1,1;1,1;1,1 1 5
6 
#1 
6	% 
 0 -1  0  0  0  0
 1  1  0  0  0  0
 0  0  0  1  0  0
 0  0  0 -2 -1 -1
 0  0  0 -1  0 -1
 0  0 -1  1  0  1
2-2;2-2;1,1 1 3
4 
#1 
6	% 
  0 0  0  0  0 -1
 -1 1  0  0  0  0
  0 1  0  0  0  0
  0 0  0 -1  0 -1
  0 0  0 -1 -1  0
  0 0 -1  0  0  0
2-2;2-1;1,1 1 2
3 
#1 
6	% 
  0 0  0 0  1  2
  0 0 -1 0  2  3
  0 1  0 0  0  0
 -1 1  0 0  0  0
  0 0  1 1  0  0
  0 0 -1 0 -1 -2
2-2;1,1,1;1 1 6
4 
#1 
6	% 
 1  1  0  0  0  1
 0  1  0  0  0  1
 0  0  0  0 -1  0
 0  1  0 -1 -1  0
 0  0  1 -1 -1 -1
 0 -1 -1  0  1  0
1,1;1,1;1;1 1 25
144 
#8 
6	% 
  0  1 0  1  2  1
 -1 -2 0  0  0 -1
  0  0 1 -1 -2 -1
  0 -1 0  1  2  0
  0  0 1  1  1  0
 -1  3 0  0  0  1
6	% 
  0 0 0  1  2  0
  0 0 1 -1 -2 -1
  1 0 0  0  0  2
  0 0 0 -1 -2 -1
 -1 1 0  0  0 -2
  0 0 1  1  1  0
6	% 
  0  1 0  1  1  2
 -1 -2 0  0 -1  0
  0  0 1 -1 -1 -2
  0 -1 0  1  0  2
  0  0 1  1  0  1
 -1  3 0  0  1  0
6	% 
  0 -1 -1  1  2  1
 -1  2  2  0 -1 -1
  0  0  0 -1 -1 -1
  0  1  1  1  1  0
  0  0  0  1  1  0
 -1 -1 -2  0  1  1
6	% 
  0 -1 -1  1  1  2
 -1  2  2  0 -1 -1
  0  0  0 -1 -1 -1
  0  1  1  1  0  1
  0  0  0  1  0  1
 -1 -1 -2  0  1  1
6	% 
  0 0 -1  1  2  1
  1 0  2  0 -1 -1
  0 0  0 -1 -1 -1
  0 0  1  1  1  0
  0 0  0  1  1  0
 -1 1 -2  0  1  1
6	% 
  0 0 -1  1  1  2
  1 0  2  0 -1 -1
  0 0  0 -1 -1 -1
  0 0  1  1  0  1
  0 0  0  1  0  1
 -1 1 -2  0  1  1
6	% 
  0 0 0  1  0  2
  0 0 1 -1 -1 -2
  1 0 0  0  2  0
  0 0 0 -1 -1 -2
 -1 1 0  0 -2  0
  0 0 1  1  0  1
1,1;1,1;1;1 1 10
72 
#6 
6	% 
  0 0 -3 1  2  2
  0 0  1 0 -1  0
  0 0  2 0 -1 -1
 -1 0  0 0  0 -1
 -1 1  0 0  0  1
  0 0  1 0 -1 -1
6	% 
  0 0 1 -3 -2 -2
  0 0 0  1  1  1
  0 0 0  2  1  1
  1 0 0  0  0  1
 -1 1 0  0  0 -1
  0 0 0  1  1  0
6	% 
  0 0 -3 1  2  2
  0 0  1 0 -1 -1
  0 0  2 0 -1 -1
 -1 0  0 0  0  0
 -1 1  0 0  0  0
  0 0  1 0  0 -1
6	% 
  0 0 1 -3 -2 -2
  0 0 0  1  1  1
  0 0 0  2  1  1
  1 0 0  0  1  0
 -1 1 0  0 -1  0
  0 0 0  1  0  1
6	% 
 0  0 -2 -2  0 -3
 0 -1  1  0 -1  0
 0  0  1  1  0  1
 1  0  0  0  0  0
 1 -1  0  0  0  0
 0  1  1  0  0  0
6	% 
  0  0  0  0 0 1
  0  0 -1  0 1 1
  0  0  0  0 1 1
 -1  0  0  0 0 0
  1 -1  0  0 0 0
  0  0  0 -1 0 0
1,1;1,1;1;1 1 9
12 
#2 
6	% 
 0 -1  0  0  0 0
 1  1  0  0  0 0
 0  0 -1  1  2 1
 0  0  0 -1 -2 0
 0  0 -1 -1 -1 0
 0  0  0  1  2 1
6	% 
 0 -1  0  0 0  0
 1  1  0  0 0  0
 0  0 -1  1 1  2
 0  0  0 -1 0 -2
 0  0 -1 -1 0 -1
 0  0  0  1 1  2
1,1;1,1;1;1 1 5
6 
#2 
6	% 
 0 0 -3 1  2  2
 1 0  0 0  0  0
 0 1  0 0  0  0
 0 0  2 0 -1 -1
 0 0 -1 0  0  0
 0 0 -1 0  1  0
6	% 
 0 0  0 0 0 1
 1 0  0 0 0 0
 0 1  0 0 0 0
 0 0  0 0 1 1
 0 0 -1 0 0 0
 0 0  0 1 0 0
2-2;2-2;1;1 1 7
4 
#1 
6	% 
  0 1  0  0  0  0
 -1 1  0  0  0  0
  0 0 -1  0  0  1
  0 0 -1 -1  0  0
  0 0 -1  1  1  1
  0 0  1  0 -1 -1
1,1,1;1;1;1 1 16
18 
#2 
6	% 
 0 -1 0 0  1  2
 1  0 0 0  4  7
 1 -1 0 0 -4 -7
 0  0 1 0  2  4
 0  0 0 1  3  5
 0  0 1 1  0  0
6	% 
  2 -1 0 0  2  3
  3 -2 0 0  4  5
 -3  1 0 0 -4 -5
  2 -1 0 1  3  4
  2 -1 1 0  2  3
  0  0 1 1  0  0
1,1,1;1;1;1 1 15
72 
#4 
6	% 
 0  0 -1  1  1 1
 0  0  0 -1 -1 0
 1  0  0  0  0 0
 0  0 -1 -1  0 0
 1 -1  0  0  0 0
 0  0  0  1  1 1
6	% 
 0  0 -1  1 1  1
 0  0  0 -1 0 -1
 1  0  0  0 0  0
 0  0 -1 -1 0  0
 1 -1  0  0 0  0
 0  0  0  1 1  1
6	% 
  0 0 -1  1  1 1
  0 0  0 -1 -1 0
  1 0  0  0  0 0
  0 0 -1 -1  0 0
 -1 1  0  0  0 0
  0 0  0  1  1 1
6	% 
  0 0  1 -1 -1  0
  0 0 -1  0  1 -1
  1 0  0  0  0  0
  0 0 -1 -1  0 -1
 -1 1  0  0  0  0
  0 0  1  0  0  1
1,1;1,1;1;1 1 24
36 
#2 
6	% 
 0  0  0  0  2  3
 1  3  0  2  1  1
 1 -4  0 -2 -1 -1
 0 -2  1 -1 -1 -1
 0 -2  0 -1 -1 -1
 0  0 -1  0  1  1
6	% 
  0  0  0  0 -2 -3
 -3  1 -2  0  1  1
  3 -2  2  0 -1 -1
  2 -1  1 -1 -1 -1
  2 -1  1  0  1  2
  0  0  0  1 -1 -2
1,1;1,1;1,1 1 10
72 
#4 
6	% 
 -1  0 -2  0  1  1
  0  1  0 -1  0 -2
  0  0  1  1  0  1
 -1  1 -2  0  1  1
  0  0 -1  1  1  2
  0 -1  0 -1 -1 -2
6	% 
 -1  0 -2  0  1  1
  0  1  0 -1 -2  0
  0  0  1  1  1  0
 -1  1 -2  0  1  1
  0  0 -1  1  2  1
  0 -1  0 -1 -2 -1
6	% 
 1  0  0  0  2  0
 0 -1 -1 -1  0 -2
 0  0  1  0 -1  1
 1 -1  0  0  2  0
 0  0  1  0  0  1
 0  1 -1  1  1 -1
6	% 
 1  0  0  0  0  2
 0 -1 -1 -1 -1  0
 0  0  0  1  1  0
 1 -1  0  0  0  2
 0  0  0  1  1  1
 0  1  1 -1 -2 -1
1,1;1,1;1,1 1 9
18 
#1 
6	% 
 0  0  0  0  1  2
 1 -2  1 -1 -1 -1
 1  1  1  1  0  0
 0  1  1  1  0  0
 0  1  0  1 -1 -2
 0  0 -1  0  2  3
2-2,2-2;1,1 2 2
24 
#1 
6	% 
  0 0  0 -1 -1 -3
 -1 1  0  0  0  0
 -1 0  0  0  0  0
  0 0 -1  0  1  1
  0 0 -1  0  0  0
  0 0  0  1  0  1
1,1,1;1;1;1 1 12
6 
#2 
6	% 
 -1  0  0  0 0 0
  0 -1  0  0 0 0
  0  1  0  1 1 0
  0 -1 -1  0 0 0
  0  0 -1 -1 0 0
  0  0 -1  1 1 1
6	% 
 1 -1 0  0  0  0
 0  1 0  0  0  1
 0  0 0 -1  0 -1
 0  0 1  0  0  0
 0  0 1  1  0  0
 0  0 1 -1 -1 -1
1,1;1,1;1;1 1 28
72 
#4 
6	% 
 -1  2  0  2  0  1
  0  1  0  1  0  1
  1  1  0  2  2  1
  0  0 -1  0  1  1
  0 -1 -1 -1  0  0
  0 -1  1 -1 -1 -1
6	% 
 -3  2  0 -2 -1 -1
 -2  0  0 -1 -1  0
 -3  1  0 -2 -1 -1
  0  1  1  0  0  0
  2 -1  1  1  0  0
  2 -1 -1  1  1  1
6	% 
 -1  2  2  0 -1 -2
  0  1  1  0  0 -1
  1  1  2  0 -1  0
  0  0  0 -1  0  0
  0 -1 -1 -1  0  0
  0 -1 -1  1  1  1
6	% 
  3 -2  2  0 -1 -1
  2  0  1  0 -1  0
  3 -1  2  0 -1 -1
  0 -1  0  1  0  0
 -2  1 -1  1  1  1
 -2  1 -1 -1  0  0
1,1,1;1;1;1 1 13
6 
#1 
6	% 
  1  0 0  0  0  0
  0  1 0  0  0  0
  1  1 0  1  1  1
  0  0 1  0  0 -1
  1  1 1  1  0  0
 -1 -1 1 -1 -1 -1
2-2;1,1;1,1 1 5
6 
#1 
6	% 
  0 1  0  0  0  0
 -1 1  0  0  0  0
  0 0  1  0  0  1
  0 0 -1  1  0 -1
  0 0  1  0 -1  1
  0 0 -1 -1  1 -2
1,1;1,1;1;1 1 11
3 
#1 
6	% 
 0  0  0  0  1  2
 0 -1  0  0  0  0
 1  1  0  0  0  0
 0  0 -1  0 -1 -2
 0  0  0  1  2  3
 0  0 -1 -1  0  0
2-2;1,1;1,1 1 6
24 
#2 
6	% 
 -1  0  0  0  0 -1
 -1  1  0  0  0 -1
  0  1  0 -1  0  0
  0  2  1 -1 -1 -1
  0 -2 -1 -1  0  0
  0  1  0  1  1  0
6	% 
 -1  0  0  0  0  0
  1 -1  0  0  0  0
  1 -1  0 -1  0 -1
  2 -1  1 -1 -1 -1
 -2  1 -1 -1  0  0
  1  0  0  1  1  1
1,1;1,1;1,1 1 6
36 
#3 
6	% 
  0  0  2 -2  3 -2
  0 -1 -1  0 -1  1
  0  0 -1  1 -2  1
  1  0  0  0  0  1
 -1  1  0  0  0 -1
  0 -1 -1  0 -1  0
6	% 
  0  0 -3 1  2  2
  0 -1  1 0 -1 -1
  0  0  2 0 -1 -1
  1  0  0 0  2  0
 -1  1  0 0 -2  0
  0 -1  1 0  0 -1
6	% 
  0  0 -2 -2  0 -3
 -1  0  0  1  0  1
  0  0  1  1  0  1
 -1  0  0  0  0  0
  1 -1  0  0  0  0
  1 -1  1  0 -1  0
1,1,1;1;1;1 1 8
36 
#4 
6	% 
 0  2  1 -1  1 -1
 1 -2 -1  1 -2  1
 0  1  1  0  1 -1
 0  0  0  0  0 -1
 1  1  1 -1  2 -1
 0 -1  0  1 -1  0
6	% 
  0  0  0  0 -1  0
 -1  0 -1  1  1  1
  0  0  1  0 -1 -1
  0  0  0  0  0 -1
  1 -1  1 -1 -1 -1
  0  0  0  1  1  0
6	% 
  0 0  0  0  2  3
 -1 0  0  0 -1 -1
  0 0 -1  0  1  1
  0 0 -1 -1  0  0
 -1 1  0  0  1  1
  0 0 -1  0  0  0
6	% 
  0  0 0  0 -1  0
 -1  0 0  0  0 -2
  0  0 1  0 -1  0
  0  0 1 -1 -1 -1
  1 -1 0  0  0  2
  0  0 1  0  0 -1
2-1;1,1;1;1 1 19
36 
#4 
6	% 
 0  0 -1 1  1  1
 0  0  2 0 -1 -1
 1  0  0 0  0  0
 0 -2  1 0 -1 -1
 1 -1  0 0  0  0
 0 -2  1 0  0 -1
6	% 
 0  0 -1 1  1  1
 0  0  2 0 -1 -1
 1  0  0 0  0  0
 0 -2  1 0 -1 -1
 1 -1  0 0  0  0
 0 -2  1 0 -1  0
6	% 
  0  0  1 1  0 0
  0  0 -2 0  1 1
  1 -1  0 0  2 0
 -2  1 -1 0 -3 1
 -1  0  0 0 -2 0
 -2  1 -1 0 -3 0
6	% 
  0  0  1 1 0  0
  0  0 -2 0 1  1
  1 -1  0 0 0  2
 -2  1 -1 0 1 -3
 -1  0  0 0 0 -2
 -2  1 -1 0 0 -3
2-1;1,1;1;1 1 11
9 
#1 
6	% 
  0  0 0  0 -2 -3
  0  0 0  1 -1 -2
  0  0 1 -1 -1 -1
 -1  0 0  0  0  0
  0  0 0  1  2  3
  1 -1 0  0  0  0
2-1;1,1;1;1 1 7
3 
#1 
6	% 
 0 -1  0 0  0  0
 1  1  0 0  0  0
 0  0 -1 1  1  1
 0  0  2 0 -1 -1
 0  0  1 0 -1  0
 0  0  1 0 -1 -1
2-2;2-1;1;1 1 4
3 
#1 
6	% 
  0 0 -1 1  1  1
  0 0  2 0 -1 -1
  0 1  0 0  0  0
 -1 1  0 0  0  0
  0 0  1 0 -1  0
  0 0  1 0 -1 -1
2-1;1;1;1;1 1 15
9 
#1 
6	% 
  0  0 -1 1  1  1
  0  0  2 0 -1 -1
 -1  0  0 0  0  0
  0  0  1 0 -1  0
  1 -1  0 0  0  0
  0  0  1 0 -1 -1
1,1,1;1;1;1 1 4
4 
#2 
6	% 
  1 1  0  0  0  1
 -1 0  0  0  0  0
  0 0  0  0  0 -1
  0 0 -1 -1  0  1
  0 0  0 -1  0  0
  0 0  0 -1 -1  0
6	% 
  1 1  0  0  1  0
 -1 0  0  0  0  0
  0 0  0  0 -1  0
  0 0 -1 -1  1  0
  0 0  0 -1  0  0
  0 0  0 -1  0 -1
1,1;1,1;1;1 1 30
18 
#2 
6	% 
 -1  1  0 0  0 -2
  0 -1  1 0 -1  0
  1  0  0 0  0  2
  0 -1  1 0 -1 -1
  0  0 -1 1  1  1
  0  0  1 1  0  0
6	% 
 -1  1  0 0 -1  0
  0 -1  1 0  0 -1
  1  0  0 0  1  0
  0 -1  1 0 -1 -1
  0  0 -1 1  1  1
  0  0  1 1  0  0
1,1;1,1;1;1 1 21
36 
#3 
6	% 
  1 -1 0 0 -1  2
 -2  1 0 0  0 -5
  2  0 0 0  1  5
  1  0 1 0  0  2
 -1  0 0 0 -1 -2
  1  0 0 1  1  3
6	% 
  1 -1 0 0  1 -1
 -2  1 0 0 -3  0
  2  0 0 0  3  1
  1  0 1 0  1  0
 -1  0 0 0 -1 -1
  1  0 0 1  2  1
6	% 
 -1  0  0  0 -1  0
  0  2  1  1  0  0
  0 -2 -1 -1 -1  0
  0 -1  0 -1 -1 -1
 -1  1  0  0 -1  0
  0 -1  0 -1 -1  0
2-2;1,1;1,1 1 2
3 
#1 
6	% 
 0 0 -1 1  1  1
 0 0  0 0  2  3
 0 0  1 0 -1 -1
 0 1  0 0  0  0
 1 0  0 0  0  0
 0 0 -1 0  0  0
3;1,1,1 2 2
1 
#1 
6	% 
 -1 -1  0 0 0 -1
 -2 -1  0 0 0 -1
 -1 -1 -1 0 1  0
  0  0  1 1 0  0
  0  0 -2 0 1  1
  1  1 -1 0 1  1
1,1;1,1;1;1 1 35
18 
#1 
6	% 
 -1  4 -2  2 2  2
  0  0  1  0 0 -1
 -1 -3 -2 -2 0  0
  0  0  1  0 0  0
  0  2 -1  1 1  1
  0 -2 -1 -1 0  0
2-2,2-2;1;1 2 4
24 
#1 
6	% 
 -1 1  0  0 0 0
  0 1  0  0 0 0
  0 0 -1  0 1 0
  0 0 -1 -1 0 0
  0 0 -1  1 1 1
  0 0  1  0 0 0
2-2,2-2;1,1 1 2
24 
#1 
6	% 
  0  0  0 -1 -1 -3
  1 -1 -1  1  0  1
  1  0  1  1 -1  0
  1 -2 -2  1  1  2
 -1 -1 -2 -1  1  0
 -2  1  0 -1  1  0
2-2,2-2;1;1 1 4
24 
#1 
6	% 
 0 1  2  0 -1 -1
 1 0  1  1 -1  0
 0 0 -1  0  1  0
 0 0 -1 -1  0  0
 0 0  0  0  1  0
 0 0  0  1  0  1
2-2;1,1;1;1 1 15
3 
#1 
6	% 
  0 0 0  0  1  2
  0 1 0  0  0  0
 -1 1 0  0  0  0
  0 0 1  0  0  0
  0 0 0 -1 -1 -1
  0 0 1  1  0  0
1,1;1;1;1;1 1 40
9 
#1 
6	% 
  0  0  0 0 1 2
 -1  0  0 0 0 0
  1 -1  0 0 0 0
  0  0  0 1 2 3
  0  0 -1 0 2 3
  0  0 -1 1 1 1
1,1;1;1;1;1 1 29
36 
#4 
6	% 
  1 0  0  0  0  1
  0 0 -1  0  1  0
 -1 1  0  0  0 -1
  0 0  0 -1 -1 -1
  0 0  1 -1 -1 -1
  0 0 -1 -1  0  0
6	% 
  1 0  0  0  1  0
  0 0 -1  0  0  1
 -1 1  0  0 -1  0
  0 0  0 -1 -1 -1
  0 0  1 -1 -1 -1
  0 0 -1 -1  0  0
6	% 
 1  2 0  0  0  1
 0  1 0  1  1  1
 1 -3 0  0  0 -1
 0  1 1  0 -1  0
 0  0 1 -1 -1 -1
 0  0 1  1  0  0
6	% 
 1  0 0  0  0  0
 0 -1 0  1  0  1
 1 -1 0  0  0  0
 0 -1 1  0 -1 -1
 0  0 1 -1 -1 -1
 0  0 1  1  0  0
1,1;1;1;1;1 1 28
36 
#2 
6	% 
  0  0 1  1  0  1
  0  0 0 -1  0 -2
 -1  0 0  0  0  0
  0  0 1 -1 -1 -2
  1 -1 0  0  0  0
  0  0 0  1  1  2
6	% 
  0  0 1  1  1  0
  0  0 0 -1 -2  0
 -1  0 0  0  0  0
  0  0 1 -1 -2 -1
  1 -1 0  0  0  0
  0  0 0  1  2  1
1,1;1;1;1;1 1 30
36 
#2 
6	% 
 -1 1 0  2  1  1
  0 0 0 -1  0  0
 -1 0 0 -2 -1 -1
  0 0 1  0  0 -1
  0 0 1  1  0  0
  0 0 1 -1 -1 -1
6	% 
 -1 1 0 -2 -1 -1
  0 0 0  1  1  1
  1 0 0  2  1  1
  0 0 1  0  0 -1
  0 0 1 -1 -1 -1
  0 0 1  1  0  0
2-2;1,1;1;1 1 14
12 
#2 
6	% 
 0 1  0  0 0  0
 1 0  0  0 0  0
 0 0 -1  1 1  2
 0 0  0 -1 0 -2
 0 0 -1 -1 0 -1
 0 0  0  1 1  2
6	% 
 0 1  0  0  0 0
 1 0  0  0  0 0
 0 0 -1  1  2 1
 0 0  0 -1 -2 0
 0 0 -1 -1 -1 0
 0 0  0  1  2 1
1,1;1;1;1;1 1 27
3 
#1 
6	% 
 1 0 0  0  0  0
 0 1 0  0  0  0
 0 0 0 -1  0 -1
 0 0 1  0  0  0
 0 0 1  1  0  0
 0 0 1 -1 -1 -1
2-2;1,1;1;1 1 8
12 
#1 
6	% 
  0 0  0  0 0 -1
 -1 1  0  0 0  0
  1 0  0  0 0  0
  0 0  0 -1 0 -1
  0 0  0  1 1  0
  0 0 -1  0 0  0
2-2;1,1;1;1 1 18
24 
#2 
6	% 
 -1  0  0  0  0  0
 -1  1  0  0  0  0
  0  0  1 -1 -1 -1
  0  0  1  1  0  0
  0  1 -1  0  0  1
  0 -1  1  0 -1 -1
6	% 
 -1  1  0  0 0 -1
  1  0  0  0 0  1
  0  0 -1 -1 0  0
  0  0  0  0 1  0
  2 -1  0  1 0  2
 -2  1 -1  0 1 -1
3;1,1;1 2 6
6 
#2 
6	% 
  0  0  0 0 -1 0
  0  0 -1 1  2 1
  0 -2 -1 0  1 0
 -1  0  0 0  0 0
  0  2 -1 0  1 1
 -1  1  0 0  0 0
6	% 
  0  0 -1 -1  0  0
  0  0  2  0 -1 -1
 -2  1  1  0 -1 -2
 -1  0  0  0  0 -1
  2 -1  1  0 -1  1
  1 -1  0  0  0  1
2-2;1,1;1;1 1 16
24 
#2 
6	% 
 -1  0  0  0  0  0
 -1  1  0  0  0  0
  0  2  0 -1  0  0
  0  4  0  0  1  0
  0 -4 -1 -1  0  0
  0  2  1  0 -1 -1
6	% 
 -1 1  0 0 0 0
  1 0  0 0 0 0
  0 0  0 1 1 0
  0 0  0 0 1 0
  0 0  1 1 0 0
  0 0 -1 0 0 1
1,1;1;1;1;1 1 16
18 
#2 
6	% 
  0  0  1 1  0  0
  0  0 -2 0  1  1
 -1  0  0 0  0  0
  0  0  1 0  0 -1
  1 -1  0 0  0  0
  0  0  1 0 -1 -1
6	% 
  0  0  0  0  0 1
  0  0  1 -1 -1 0
 -1  0  0  0  0 0
  0  0  0  1  1 0
  1 -1  0  0  0 0
  0  0 -1  0  1 0
1,1;1;1;1;1 1 13
24 
#4 
6	% 
 1 -4  0 0 0 -2
 0  2  0 0 0  1
 0  0  0 0 1  0
 0 -1  0 1 1  0
 1  3  0 0 0  2
 0 -1 -1 0 1  0
6	% 
 -1  4  2  2 0 0
  0 -2 -1 -1 0 0
  0  0  0  0 1 0
  0  1  0  1 1 0
 -1 -3 -2 -2 0 0
  0  1  0  1 1 1
6	% 
  1 0 0  0  3  0
  0 0 0  0 -1  0
  0 0 1 -1 -1 -1
  0 0 1  0  0  0
 -1 1 0  0 -3  0
  0 0 1  0  0 -1
6	% 
  1 0 0  0  0  3
  0 0 0  0  0 -1
  0 0 1 -1 -1 -1
  0 0 1  0  0  0
 -1 1 0  0  0 -3
  0 0 1  0 -1  0
2-2;1,1;1;1 1 4
6 
#2 
6	% 
  0 0  2 -2 1 -2
 -1 1  0  0 0  0
  0 0 -1  1 0  1
  0 1  0  0 0  0
  0 0  1  0 0  0
  0 0  0 -1 0  0
6	% 
 0  0  0 0 0 1
 1 -1  0 0 0 0
 0  0  0 0 1 1
 1  0  0 0 0 0
 0  0  0 1 0 0
 0  0 -1 0 0 0
1,1;1;1;1;1 1 7
1 
#1 
6	% 
 1 0  0 0 0  0
 0 1  0 0 0  0
 0 0  0 0 0  1
 0 0  0 0 1 -1
 0 0  0 1 1  0
 0 0 -1 0 1  0
3;1,1;1 2 3
1 
#1 
6	% 
 0 -1  0 0  0  0
 1  1  0 0  0  0
 0  0  1 0 -1  0
 0  0 -1 1  1  1
 0  0  2 0 -1 -1
 0  0  1 0 -1 -1
2-2;1,1;1;1 1 12
4 
#1 
6	% 
 1 0 0  0  0  0
 0 1 0  0  0  0
 0 0 1  0  0 -1
 0 0 0  0  1  0
 0 0 1  1  0  0
 0 0 0 -1 -1  0
2-2;1;1;1;1 1 14
12 
#1 
6	% 
 -1 1  0  0  0  0
  1 0  0  0  0  0
  0 0  0  0  1  0
  0 0  0 -1  0 -1
  0 0  1 -1 -1 -1
  0 0 -1  0  0  1
1;1;1;1;1;1 1 19
9 
#1 
6	% 
  1 0  0  0 0  0
  0 0  0 -1 0 -1
 -1 1  0  0 0  0
  0 0 -1  0 0  0
  0 0 -1  1 1  1
  0 0 -1 -1 0  0
1;1;1;1;1;1 1 9
3 
#1 
6	% 
 -1  0 0  0  0  0
  0  0 0  0  1  0
  0  0 0  0  0 -1
  0  0 0 -1 -1 -1
  1 -1 0  0  0  0
  0  0 1  0 -1 -1
2-2;1;1;1;1 1 13
3 
#1 
6	% 
 1  0 0  0  0  0
 1 -1 0  0  0  0
 0  0 0 -1  0 -1
 0  0 1  0  0  0
 0  0 1 -1 -1 -1
 0  0 1  1  0  0
3;1;1;1 2 7
3 
#1 
6	% 
  0  0 0 0  1  0
  0  0 1 1 -1  0
  0  0 1 0 -1  0
 -1  0 0 0  0  0
  0  0 1 0 -1 -1
  1 -1 0 0  0  0
2-2;1;1;1;1 1 4
1 
#1 
6	% 
 1 -1  0 0 0  0
 1  0  0 0 0  0
 0  0  0 0 0  1
 0  0  0 0 1 -1
 0  0  0 1 1  0
 0  0 -1 0 1  0
