#41

2-1;2-1;1,1 1 1
1 
#1 
6	% 
 1 0 0 0 0 0
 0 1 0 0 0 0
 0 0 1 0 0 0
 0 0 0 1 0 0
 0 0 0 0 1 0
 0 0 0 0 0 1
1,1,1,1,1,1 1 1
1 
#1 
6	% 
 1 0 0 0 0 0
 0 1 0 0 0 0
 0 0 1 0 0 0
 0 0 0 1 0 0
 0 0 0 0 1 0
 0 0 0 0 0 1
1,1,1,1,1;1 1 1
4 
#1 
6	% 
  0 0  0  0 -1  0
 -1 0 -1  0 -1 -1
 -1 0  0 -1 -1 -1
  0 0 -1 -1  0 -1
  1 0  1  1  1  1
  0 1  0  0  0  0
2-1;1,1,1,1 1 1
2 
#1 
6	% 
 1 0  0  0  0  0
 0 1  0  0  0  0
 0 0  0 -1 -1 -1
 0 0 -1  0 -1 -1
 0 0 -1 -1  0 -1
 0 0  1  1  1  1
1,1,1,1;1,1 1 1
7 
#3 
6	% 
  0 -1 -1 -1 0  0
 -1  0 -1 -1 0  0
 -1 -1  0 -1 0  0
  1  1  1  1 0  0
  0  0  0  0 0 -1
  0  0  0  0 1  1
6	% 
  0 0 -1  0 -1 -1
 -1 0  0  0 -1 -1
 -1 0 -1  0  0 -1
  1 0  1  0  1  1
  0 0  0 -1  0  0
  0 1  0  1  0  0
6	% 
 0  0 -1 -1  0 -1
 0  0  0 -1 -1 -1
 0  0 -1  0 -1 -1
 0  0  1  1  1  1
 0 -1  0  0  0  0
 1  1  0  0  0  0
1,1,1,1,1;1 1 2
4 
#1 
6	% 
  0 0  0  1  0 -1
  0 0  1  0  0 -1
  1 1  1  1  1  0
  0 0  0  0  1 -1
 -1 0 -1 -1 -1  1
  0 1  1  1  1 -1
2-1;1,1,1;1 1 1
4 
#1 
6	% 
 0 0 0 1  0  0
 0 0 1 0  0  0
 1 0 0 0  0  1
 0 0 0 0 -1  0
 0 0 0 0  0 -1
 0 1 0 0  0  0
1,1,1;1,1,1 1 1
4 
#1 
6	% 
  0  0 -1 -1  0  0
 -1  0  0 -1  0  0
  1  0  1  1  0  0
  0  0  0  0 -1 -1
  0 -1  0  0  0 -1
  0  1  0  0  1  1
2-1',2-1';1,1 1 1
2 
#1 
6	% 
  1 0  1 -1 0  0
  0 1  1  1 0  0
  0 1  0  1 0  0
 -1 0 -1  0 0  0
  0 0  0  0 0 -1
  0 0  0  0 1  1
2-1;1,1;1,1 1 1
2 
#1 
6	% 
 0 1 0  0 0  0
 1 0 0  0 0  0
 0 0 0 -1 0  0
 0 0 1  1 0  0
 0 0 0  0 0 -1
 0 0 0  0 1  1
1,1,1,1;1,1 1 2
8 
#1 
6	% 
 0  0 0 0 1 0
 0  0 0 0 0 1
 0  0 1 0 0 0
 0  0 0 1 0 0
 1  0 0 0 0 0
 0 -1 0 0 0 0
2-1;1,1,1;1 1 4
4 
#1 
6	% 
  0  0 1 0 0  0
  0  0 0 1 0  0
  0  0 0 0 1  0
 -1 -1 0 0 0 -1
  0  1 0 0 0  0
 -1  0 0 0 0  0
1,1,1;1,1,1 1 2
4 
#1 
6	% 
  0  0 -1 1  0  0
  0  0  1 0  0  0
 -1  1  0 0 -1 -1
  0  0  0 0 -1  0
  1  0  0 0  1  0
  0 -1  0 0  1  0
1,1,1,1;1,1 1 3
4 
#1 
6	% 
  0  0  0  0  0 -1
 -1 -1 -1 -1 -1 -1
  0  1  0  0  0  0
  1  0  1  0  0  1
  0 -1  0 -1  0 -1
 -1  0  0  0  0  0
1,1,1,1;1;1 1 1
6 
#2 
6	% 
 0 0 -1 -1  0 -1
 0 0 -1  0 -1 -1
 0 0  0 -1 -1 -1
 0 0  1  1  1  1
 1 0  0  0  0  0
 0 1  0  0  0  0
6	% 
  0 0 0 -1 -1 -1
 -1 0 0  0 -1 -1
 -1 0 0 -1  0 -1
  1 0 0  1  1  1
  0 1 0  0  0  0
  0 0 1  0  0  0
1,1,1;1,1;1 1 1
16 
#3 
6	% 
 0 0 0  0 -1 -1
 0 0 0  0 -1  0
 1 0 0  0  1  1
 0 0 0 -1  0  0
 0 0 1  1  0  0
 0 1 0  0  0  0
6	% 
 0 0  0  0 1  1
 0 0 -1  0 0  0
 0 0  0  0 0 -1
 0 0  0 -1 0  0
 1 0  0  1 0  0
 0 1  0  0 0  0
6	% 
 1 0  0  1 0 0
 0 0 -1  0 0 0
 0 0  0 -1 0 0
 0 0  0  0 1 0
 0 0  0  0 0 1
 0 1  0  0 0 0
1,1,1;1,1;1 1 3
8 
#1 
6	% 
 0 0  1  1 0  0
 0 0  1  1 0  1
 0 0 -1 -1 1 -1
 1 0  1  0 0  0
 1 0  0  0 0  0
 0 1  0  0 0  0
1,1,1,1;1;1 1 2
8 
#1 
6	% 
  0 0  0  0 -1  0
  0 0  0  0 -1  1
 -1 0 -1  1 -1 -1
  0 1  0  0  0  0
  1 0  0 -1  1  0
 -1 0 -1  0 -1  0
1,1;1,1;1,1 1 1
3 
#2 
6	% 
 0  1 1  0 0  0
 0 -1 0  0 0  0
 0  0 0 -1 0  0
 1  0 0  1 0  0
 0  0 0  0 0 -1
 0  0 0  0 1  1
6	% 
 0 -1 0  0 0  0
 1  1 0  0 0  0
 0  0 0 -1 0  0
 0  0 1  1 0  0
 0  0 0  0 0 -1
 0  0 0  0 1  1
1,1;1,1;1,1 1 2
4 
#1 
6	% 
 -1  0 -1  1 0 0
  0  0  0  0 1 0
  0  0  0  0 0 1
  0 -1 -1 -1 0 0
  1  1  1  0 0 0
 -1  1  0  1 0 0
1,1,1;1,1;1 1 2
8 
#2 
6	% 
  2  2  1 -1 0  0
  1  1  0  0 0  0
 -2 -3 -1  1 0  0
  0  0  0  0 0 -1
  0  0  0  0 1  1
  1  1  1  0 0  0
6	% 
  1  1 0 0  0  0
  1  1 0 0  1  0
 -2 -2 0 0 -1 -1
  0  0 1 0  0  0
  0  0 0 1  0  0
  1  0 0 0  0  0
1,1;1,1;1,1 1 5
2 
#1 
6	% 
  0  0  0 0 0 -1
  0  0  0 0 1  1
  0  0  0 1 0  0
 -1  0  0 0 0  0
  0  0 -1 0 0  0
  0 -1  0 0 0  0
1,1,1,1;1;1 1 3
2 
#1 
6	% 
 0 0 -1 -1  0 -1
 0 0  0 -1 -1 -1
 0 0 -1  0 -1 -1
 0 0  1  1  1  1
 0 1  0  0  0  0
 1 0  0  0  0  0
1,1,1;1,1;1 1 4
8 
#1 
6	% 
  0 0  0 0 1  1
  0 0 -1 0 0  0
  0 0  0 0 0 -1
  0 1  0 1 0  0
  0 0  0 1 0  0
 -1 1  0 0 0  0
1,1,1;1,1;1 1 9
8 
#1 
6	% 
 0  0  1  1 0 0
 0  0  1  1 1 0
 0  0 -1 -1 0 1
 1  1  1  0 0 0
 0 -1  0  0 0 0
 1 -1  0  0 0 0
1,1,1,1;1;1 1 5
4 
#1 
6	% 
  0  0  0 0  0  1
 -1 -1 -1 1 -1  0
 -1  0  0 0 -1  1
  1  1  1 0  1 -1
 -1 -1  0 1 -1  1
  0  1  0 0  1 -1
1,1,1;1;1;1 1 1
4 
#1 
6	% 
 0 0 -1 0  0 -1
 0 0  0 0 -1 -1
 0 0  1 0  1  1
 1 0  0 0  0  0
 0 1  0 0  0  0
 0 0  0 1  0  0
1,1;1,1;1;1 1 1
6 
#2 
6	% 
 0 0 -1 0  0 0
 1 0  1 0  0 0
 0 0  0 0  1 1
 0 0  0 0 -1 0
 0 1  0 0  0 0
 0 0  0 1  0 0
6	% 
 0 0  1 1  0 0
 0 0 -1 0  0 0
 0 0  0 0  1 1
 0 0  0 0 -1 0
 1 0  0 0  0 0
 0 1  0 0  0 0
2-1;1,1;1;1 1 1
2 
#1 
6	% 
 0 0 0 1  0 0
 0 0 1 0  0 0
 0 0 0 0  1 1
 0 0 0 0 -1 0
 1 0 0 0  0 0
 0 1 0 0  0 0
1,1;1,1;1;1 1 2
8 
#1 
6	% 
 -1 0 -1  1  0 0
  0 0  0  0  1 1
  0 0  0  0 -1 0
  0 1  0  0  0 0
  1 0  0 -1  0 0
 -1 0 -1  0  0 0
1,1,1;1;1;1 1 2
4 
#1 
6	% 
 0 0  0  0 0 1
 0 0  0  0 1 0
 1 0  0  0 0 0
 0 1  0  0 0 0
 0 0  0 -1 0 0
 0 0 -1  0 0 0
1,1,1;1;1;1 1 10
4 
#1 
6	% 
 0  0  0  0 0 1
 0  0  0  0 1 0
 0  0  0 -1 0 0
 0 -1  0  0 0 0
 1  0  0  0 0 0
 0  0 -1  0 0 0
1,1,1;1;1;1 1 5
4 
#1 
6	% 
 0 0 0  0 1  1
 0 0 0 -1 0  0
 0 0 0  0 0 -1
 0 0 1  0 0  0
 0 1 0  0 0  0
 1 0 0  0 0  0
1,1;1,1;1;1 1 4
2 
#1 
6	% 
 0 0  1 1  0  0
 0 0 -1 0  0  0
 0 0  0 0  1  0
 0 0  0 0 -1 -1
 0 1  0 0  0  0
 1 0  0 0  0  0
2-1,2-1;1,1 1 1
4 
#1 
6	% 
  0 0  0 -1 0  0
  0 0 -1  0 0  0
 -1 0  0  1 0  0
  0 1  1  0 0  0
  0 0  0  0 0 -1
  0 0  0  0 1  1
2-1,2-1;1,1 2 1
4 
#1 
6	% 
  0 -1  1 -1 0  0
 -1  0 -1 -1 0  0
  0  0  0  1 0  0
  0  0  1  0 0  0
  0  0  0  0 0 -1
  0  0  0  0 1  1
2-1;1,1;1;1 1 6
2 
#1 
6	% 
 1 0 0 0  0  0
 0 1 0 0  0  0
 0 0 0 0  1  0
 0 0 0 0 -1 -1
 0 0 0 1  0  0
 0 0 1 0  0  0
1,1;1,1;1;1 1 9
4 
#1 
6	% 
  0 0  0  0 0 -1
  0 0  0  0 1  1
  0 1  0  0 0  0
  0 0  0 -1 0  0
 -1 0  0  0 0  0
  0 0 -1  0 0  0
1,1;1;1;1;1 1 3
2 
#1 
6	% 
 0 0 0 0 1  1
 0 0 0 0 0 -1
 1 0 0 0 0  0
 0 1 0 0 0  0
 0 0 0 1 0  0
 0 0 1 0 0  0
1,1;1;1;1;1 1 1
1 
#1 
6	% 
 0 0 0 0 1 0
 0 0 0 0 0 1
 1 0 0 0 0 0
 0 1 0 0 0 0
 0 0 1 0 0 0
 0 0 0 1 0 0
1,1;1;1;1;1 1 25
1 
#1 
6	% 
 0  0 0 0 1  1
 0  0 0 0 0 -1
 0  0 0 1 0  0
 0 -1 0 0 0  0
 1  0 0 0 0  0
 0  0 1 0 0  0
