#15

2-1;1,1;1,1 1 8
1 
#1 
6	% 
 1 0 0 0 0 0
 0 1 0 0 0 0
 0 0 1 0 0 0
 0 0 0 1 0 0
 0 0 0 0 1 0
 0 0 0 0 0 1
1,1,1,1,1,1 1 1
1 
#1 
6	% 
 1 0 0 0 0 0
 0 1 0 0 0 0
 0 0 1 0 0 0
 0 0 0 1 0 0
 0 0 0 0 1 0
 0 0 0 0 0 1
2-1;1,1,1,1 1 2
1 
#1 
6	% 
  0  0  1  1  0 -1
  0  0  1  0  0  0
  0  1  1 -1  1 -1
  0  1  1  0  1 -1
 -1 -1  0  0  0  0
  0  0 -1  0 -1  1
1,1,1,1,1;1 1 2
4 
#2 
6	% 
 -1 0  0 0  0  0
  0 0  1 0  0  0
 -1 0  0 0 -1  0
  0 0  1 1  1 -1
  1 0 -1 0  0  1
  0 1  1 0  0 -1
6	% 
 0  0  1 -1  0  0
 0  1  1  0  1  1
 0  1  0 -1  1  0
 0  1  1  0  0  1
 1 -1 -1  1 -1 -1
 1  2  1 -1  1  1
1,1,1,1;1,1 1 3
2 
#1 
6	% 
  0  1  0  0  0  0
 -1  0 -1 -1 -1  1
  0  0  0  0  0  1
  1  0  1  0  0 -1
 -1  1  0 -1 -1  0
  0 -1  0  1  0  0
1,1,1,1;1,1 1 2
1 
#1 
6	% 
  0 -1 -1 1 -1  1
  0  0  0 0 -1  0
  0  0 -1 0  0  0
  1  0  0 0  0  0
 -1  0  1 0  1 -1
 -1 -1 -1 0 -1  1
1,1,1;1,1,1 1 3
2 
#1 
6	% 
  2  1 1  1 -1  1
  0  0 0 -1  0  1
  2  1 0  1  0  0
 -1 -1 0 -1  1  0
 -1 -1 0  0  0 -1
  2  1 1  0  0  1
1,1,1;1,1,1 1 4
2 
#1 
6	% 
  1  0  1  1 -1  0
  1 -1  0  1 -1  0
 -1  1 -1 -1  1 -1
  1  0  1  0 -1  1
 -1  0 -1 -1  1 -1
  1  1  1  0  0  1
1,1,1;1,1;1 1 10
4 
#1 
6	% 
  2  0  1  0  1  0
  1  0  0 -1  0  1
 -4  0 -1  1 -1 -1
  1  0  1  0  0  0
  0 -1 -1  0  1  1
 -1 -1  0  0  0  0
1,1,1,1;1;1 1 4
1 
#1 
6	% 
 0  0  1  1 1 -1
 0  0  1  0 0  0
 0  1 -2 -3 0  1
 0 -1  0  2 0  0
 0  1  0 -1 0  0
 1  1  0 -1 0  0
1,1;1,1;1,1 1 6
1 
#1 
6	% 
 1  2  0 0 0 0
 0 -1  0 1 0 0
 0 -1  0 0 0 0
 0  0  0 0 1 0
 0  0 -1 0 0 0
 0 -1  0 0 0 1
1,1,1;1,1;1 1 12
4 
#1 
6	% 
 0  1  0  0  0 0
 0 -1 -1 -1 -1 1
 0  2  1  0  1 0
 0 -1 -1  0  0 1
 0  1  1  0  0 0
 1  1  0  0  0 0
1,1;1,1;1;1 1 30
1 
#1 
6	% 
 0 0  0  0  1  0
 0 1  1  0 -1 -1
 0 0 -1  0  0  0
 0 1  1 -1 -1  0
 1 0  0  0  0  0
 1 1  0  0  0  0
1,1,1,1;1;1 1 6
1 
#1 
6	% 
  0  1  1 -1  1 -1
  0  0  1  0  0  0
  0  0  0  0  1  0
  0 -1 -1  0 -1  1
  1  1  1  0  1 -1
 -1 -1  0  0  0  0
1,1;1,1;1;1 1 21
1 
#1 
6	% 
  0  0  0  1 -1 -1
  0 -1 -2  1  2  1
  0  1  2 -2 -2  0
  0  1  1 -1 -1  0
  0  0 -1  1  0 -1
 -1  0  1 -1 -1  0
