#81

2-1;2-1;1;1 1 2
1 
#1 
6	% 
 1 0 0 0 0 0
 0 1 0 0 0 0
 0 0 1 0 0 0
 0 0 0 1 0 0
 0 0 0 0 1 0
 0 0 0 0 0 1
1,1,1,1,1,1 1 1
1 
#1 
6	% 
 1 0 0 0 0 0
 0 1 0 0 0 0
 0 0 1 0 0 0
 0 0 0 1 0 0
 0 0 0 0 1 0
 0 0 0 0 0 1
2-1;1,1,1,1 1 2
2 
#1 
6	% 
  0  1  1  0  0 -1
  0  1  0  0  0  0
  1  1 -1  0  1 -1
  1  1  0  0  1 -1
  0  0  0 -1 -1  0
 -1 -1  0  0  0  1
1,1,1,1,1;1 1 2
8 
#2 
6	% 
 0  0  0 -1  0  0
 1  0  0  0  0  0
 0 -1 -1 -1  0  1
 0  0  1 -1 -1  1
 0  1  0  2  1 -1
 0 -1  0 -1  0  1
6	% 
 -1 -1  0  0  1  0
 -1  0  0  0  0  0
  0 -1  0  0  2  1
 -1 -1  1  0  0  0
  1  1 -1 -1 -2 -1
 -1 -1  1 -1  1  1
1,1,1,1,1;1 1 1
2 
#1 
6	% 
 0  0  0  0 -1  0
 0 -1 -1  0 -1 -1
 0 -1  0 -1 -1 -1
 0  0 -1 -1  0 -1
 0  1  1  1  1  1
 1  0  0  0  0  0
1,1,1,1;1,1 1 2
26 
#5 
6	% 
 -1 -1 1 0 -1  1
  0 -1 0 0  0  0
 -1 -1 0 0 -1  2
  0  0 0 1  1  0
  1  1 0 0  0 -1
 -1 -1 0 0 -1  1
6	% 
  1  0  0  0  0  0
  1  0  0 -1  0  0
  1  1  1  0 -1  1
  0  0 -1  2  2  1
 -1 -1  0  0  0 -1
  1  1  1 -1 -1  0
6	% 
 0 -1  0 -1 0  0
 0  0 -1  0 1 -1
 0 -1  0  0 0  0
 1  0  0  0 0  0
 0  1  1  1 0  0
 0 -1 -1  0 1  0
6	% 
 0  0  1 0 -1  0
 0  0  0 0 -2 -1
 0 -1  1 0 -1  0
 1  0  0 0  0  0
 0  0 -1 1  2  0
 0  0  1 1 -1  0
6	% 
 0 1  0  0  1 0
 0 0 -1  0  0 0
 1 0  1  0  1 0
 0 0  0 -1 -1 1
 0 0  0  1  0 0
 0 0  0  1  1 0
2-1',2-1';1,1 1 1
2 
#1 
6	% 
 0  0  0 -3 -2  1
 0  0 -1  0 -1  0
 0  0  0  2  1 -1
 0  0  1  1  1  0
 0 -1  0  0  0  0
 1  1  0  0  0  0
2-1;1,1,1;1 1 5
4 
#1 
6	% 
 -1  0 -1 0 1 -1
 -1 -1 -1 0 1 -1
  1  0  0 0 0  1
  0  0  0 1 0  0
  0  0  0 0 1  0
  1  0  1 0 0  0
2-1;1,1,1;1 1 2
4 
#1 
6	% 
 0 -1 1 0 -1  1
 0 -1 0 0 -1  2
 1  0 0 0  0  0
 0 -1 0 0 -1  1
 0  0 0 1  1  0
 0  1 0 0  0 -1
1,1,1,1;1,1 1 1
1 
#1 
6	% 
 0  0 -1 -1  0 -1
 0  0  0 -1 -1 -1
 0  0 -1  0 -1 -1
 0  0  1  1  1  1
 0 -1  0  0  0  0
 1  1  0  0  0  0
2-1;1,1;1,1 1 2
2 
#1 
6	% 
 0  0  0 -1 -1  0
 0 -1  0  0  0  0
 1  1  0  0  0  0
 0  0 -1 -1  0  0
 0  0  1  0  0 -1
 0  0 -1  1  1  0
1,1,1;1,1,1 1 2
18 
#5 
6	% 
  0  1  0  0  0  0
  1  1  1  0 -1  1
  0  0 -1 -1 -1  1
  0  0  0  1 -1  0
 -1 -1  0  0  1 -1
  1  1  1  0  0  0
6	% 
  0 0  0 -1 -1  0
 -1 0  0  0 -1  0
  0 1 -1  0  1 -1
  0 0 -1  0  0  1
  0 0  1  0  0  0
  0 0  1  0 -1  0
6	% 
  0  0  0 -1 -1  0
  1  0  1 -1 -1 -1
  0 -1 -1  0  1 -1
  0  0  0  1  0  0
 -1  1  0  0  0  1
  1  1  1 -1 -1  0
6	% 
  0  1  0 0  0  0
  1  1  2 0 -1  0
  0  0  0 0 -1 -1
  0  0  0 1  1  1
 -1 -1 -1 0  0  0
  1  1  1 0 -1  0
6	% 
  0  0  1 0  1  0
  0 -1 -1 0 -1  0
 -1  0  0 0  0  0
  1  0  0 1  1 -1
  0  0  0 0 -1  1
  0  0  0 0  0  1
2-1;1,1,1;1 1 7
4 
#1 
6	% 
  1  0 0  0  0 0
  0  1 0  0  0 0
  0  0 1 -1 -1 0
  0  0 0  1  0 1
  1  1 0  1  1 0
 -1 -1 0  1  0 0
1,1,1,1;1,1 1 3
8 
#1 
6	% 
 1  1 1 0  1  1
 0  1 0 0  0  0
 0  0 0 0 -1 -1
 0 -1 0 1  1  0
 0  1 0 1  0  0
 0  0 1 0  1  0
2-1',2-1';1;1 1 1
2 
#1 
6	% 
 0 0 0 -1  0 1
 0 0 1  2  1 0
 0 0 0  1  0 0
 0 0 0 -1 -1 0
 1 0 0  0  0 0
 0 1 0  0  0 0
2-1;1,1;1,1 1 4
4 
#1 
6	% 
 0  1  0 0  0  0
 1  0  1 0  0 -1
 0 -1  0 0  0 -1
 0  0  0 1  1  0
 0  0  0 0 -1  0
 0 -1 -1 0  0  0
2-1;1,1;1,1 1 6
4 
#1 
6	% 
  0  1 0  0  0 0
 -1  0 0 -2 -1 0
 -1  0 1 -1 -1 0
  1  0 0  1  0 1
  1  1 0  1  1 0
  1 -1 0  1  0 0
1,1,1;1,1,1 1 3
8 
#1 
6	% 
 -1 0 -1 -2 -1  1
  0 1  1  0  1  1
  0 0 -1  0 -1  0
  1 0  1  1  2  0
  0 0  0  0 -1 -1
 -1 0  0 -1  1  1
1,1,1,1;1;1 1 4
6 
#2 
6	% 
  1 1  1 0  0 -1
  1 0  0 0  0  0
 -2 0 -3 0  1  1
  0 0  2 0 -1  0
  0 0 -1 0  1  0
  0 0 -1 1  1  0
6	% 
 1  0  0  0  0  0
 0  1  0  0  0  0
 0  3  2 -1 -2  2
 0 -2 -1  1  1 -1
 0  1  0 -1 -1  1
 0  1  1 -1 -1  0
1,1,1,1;1;1 1 2
16 
#2 
6	% 
 0 -1  0 -1  0  0
 0 -1 -1 -1  0  1
 0  0 -1  0  1 -1
 1  0  0  0  0  0
 0  1  1  0 -1  0
 0 -1 -1 -1  0  0
6	% 
 0 -1  0 0  1 0
 0 -1  0 1 -1 0
 0  0  0 0  2 1
 1  0  0 0  0 0
 0  1 -1 0  0 0
 0 -1 -1 0  1 0
1,1,1;1,1;1 1 5
36 
#4 
6	% 
 0  2  1 1 0 -1
 0  1  0 0 0  0
 0 -3 -1 0 0  1
 1  1  1 1 0  0
 1  0  0 0 0  0
 0  0  0 1 1  0
6	% 
 0 0  0 -1 0 0
 1 0  0  0 0 0
 0 1  0  2 0 0
 0 0  0  0 0 1
 0 0 -1  0 0 1
 0 0  0  1 1 0
6	% 
 0  0 -2 0  1 0
 0 -1 -1 0  0 1
 0  1  2 0 -1 0
 0  0 -1 0  1 0
 1  0  0 0  0 0
 0  0  0 1  1 0
6	% 
 0  2  1 0 -1  1
 0  1  0 0  0  0
 1 -3 -1 0  1 -1
 0  1  1 1  0  0
 0  0  1 2  0 -1
 0  0  0 1  1  0
1,1,1;1,1;1 1 2
8 
#2 
6	% 
 0 0 -2  1  1 0
 0 0 -1  1  0 1
 0 0  2 -2 -1 0
 1 0  0  0  0 0
 0 1  0  0  0 0
 0 0 -1  1  1 0
6	% 
 0 0  0 0  1  0
 0 0  1 0  0  0
 0 0 -1 0 -2 -1
 1 0  0 0  0  0
 0 1  0 0  0  0
 0 0  0 1  1  0
1,1,1;1,1;1 1 7
32 
#2 
6	% 
 0  2  2  1 -1 0
 0  0 -2 -2  1 0
 0 -1  2  3 -1 0
 0  0 -1 -1  0 1
 1  0  0  0  0 0
 0  1  1  1  0 0
6	% 
 0  0  0 0  1  0
 0  2  1 0  1 -1
 0 -3 -2 0 -4  2
 1  1  1 0  0  0
 1  0  0 0  0  0
 0  0  0 1  1  0
1,1,1;1,1;1 1 9
16 
#2 
6	% 
 0  0  0  0 -1  2
 1  1  0  0  0  0
 0 -1  0  0  1 -2
 0  0  1  1 -1  1
 0  0 -1 -2  0  0
 0  0  0 -1 -1  0
6	% 
  2  2  1  0 -1  1
  1  1  0  0  0  0
 -2 -3 -1  0  1 -1
  1  1  1  0  1  0
  0  0  0 -1 -1  0
  0  0  0 -2 -1  0
1,1,1,1;1;1 1 5
8 
#1 
6	% 
  0 -1  0 -1 0  0
  1 -1  0  0 0  0
  1 -1 -1 -1 1 -1
 -1  2  0  2 0  1
  1 -2  0 -1 1 -1
 -1  1 -1  1 0  1
1,1,1;1,1;1 1 3
36 
#5 
6	% 
 0 0 -2 -1  0 0
 0 0 -1 -1 -1 1
 0 0  2  2  1 0
 0 0 -1 -1  0 0
 0 1  0  0  0 0
 1 0  0  0  0 0
6	% 
 0  0 -2  0  1 0
 0 -1 -1  0  0 1
 0  1  2  0 -1 0
 0  0 -1  0  0 0
 0  0  0 -1 -1 0
 1  0  0  0  0 0
6	% 
 0 0  0  0 -1 0
 0 0  1  0  0 0
 0 0 -1 -1  0 0
 0 0  0  0 -1 1
 0 1  0  0  0 0
 1 0  0  0  0 0
6	% 
 0 -2 0 -2 -1 0
 0 -2 0 -1 -1 1
 0  3 0  2  1 0
 0 -1 1 -1  0 0
 0  0 1  0  1 0
 1  0 0  0  0 0
6	% 
 0 -2 -1  1  1 -1
 0 -1  0  1  0  0
 0  3  1 -1 -1  1
 0 -1  0  0  0 -1
 0  0  1 -2 -2 -1
 1  0  0  0  0  0
1,1,1;1,1;1 1 8
16 
#1 
6	% 
 0 0  0 -1  0  0
 0 0  0 -2  1 -2
 0 1  0  4 -1  2
 0 0 -1  1  2  0
 0 0  1 -2 -1 -1
 1 0  0  0  0  0
1,1,1,1;1;1 1 1
1 
#1 
6	% 
 0 0 -1 -1  0 -1
 0 0 -1  0 -1 -1
 0 0  0 -1 -1 -1
 0 0  1  1  1  1
 1 0  0  0  0  0
 0 1  0  0  0  0
1,1;1,1;1,1 1 3
12 
#2 
6	% 
 1 0  2  0 -2  2
 0 1  0  0  0  0
 0 0  0 -1  0  0
 0 0 -1  0  1 -1
 0 0  1  0  0  0
 0 0  1  0 -1  0
6	% 
 0 0  2  5  5 -2
 0 1  0  0  0  0
 1 0  0  1  0  0
 0 0 -1 -3 -3  1
 0 0  1  2  1  0
 0 0  1  1  1  0
1,1;1,1;1;1 1 15
4 
#1 
6	% 
 -1  0 -1  0  1 -1
  0 -1 -1  0  0  1
  1  1  1  0  0  0
  1 -1  0  0 -1  1
  0  0  0 -1 -1  0
  0  0  0  1  0  0
1,1;1,1;1;1 1 6
12 
#2 
6	% 
  1  0  0  0  0  0
  0 -3 -2  0  0  2
  2  2  2  0 -1  0
 -2  0 -1  0  1 -1
  1  1  1 -1 -1  0
  1  1  1  0 -1  0
6	% 
 0  1  0  0  0  0
 1  0  0  2  0  0
 0  2  1 -1 -1  1
 0 -2 -1  0  1 -1
 0  1  1 -1 -1  0
 0  1  0 -1 -1  1
1,1;1,1;1,1 1 2
5 
#3 
6	% 
 0  0  0 1  1 0
 0 -1  0 0  0 0
 1  1  0 0  0 0
 0  0 -1 0  0 1
 0  0  1 0 -1 0
 0  0  1 0  0 0
6	% 
 0  0 -1  2  2 1
 0 -1  0  0  0 0
 1  1  0  0  0 0
 0  0  0  1  0 0
 0  0  1 -1 -1 0
 0  0  0  0  0 1
6	% 
 0  0 -1 1  1 0
 0 -1  0 0  0 0
 1  1  0 0  0 0
 0  0  0 0  2 1
 0  0  1 0 -1 0
 0  0 -1 0  0 0
1,1,1;1;1;1 1 11
12 
#2 
6	% 
 0 1  0  0 0  0
 0 1 -1  0 1 -1
 1 0  0  0 0  0
 0 0  0 -1 0  0
 0 1 -1  0 1  0
 0 1 -1 -1 0  0
6	% 
 0 1 0  0  1 1
 0 0 0  0  1 1
 1 0 0  0  0 0
 0 0 1 -1 -1 0
 0 1 0 -1  0 1
 0 1 1  0  0 1
1,1,1;1;1;1 1 3
12 
#2 
6	% 
 0 -1 -1  0  0 1
 0  1  2  0 -1 0
 1  0  0  0  0 0
 0  0  1  0 -1 0
 0  0 -2  0  1 0
 0  0  1 -1 -1 0
6	% 
 0 -2  0  1  0  0
 0  3  1 -1 -1  1
 1  0  0  0  0  0
 0  1  0 -1 -1  1
 0 -2 -1  1  1 -1
 0  1  1 -1 -1  0
1,1;1,1;1,1 1 8
12 
#2 
6	% 
  1 0  0 0  0  0
  0 1  0 0  0  0
  0 0  0 1  1  0
  0 0 -1 0  0  0
  1 0  0 0  0 -1
 -1 0  1 0 -1  1
6	% 
 1  0  0  0  0  0
 0  1  0  0  0  0
 0  0 -1  0 -1  0
 0  1  1  0  1 -1
 0  0  1 -1  0  0
 0 -1  0  1  0  1
1,1;1,1;1;1 1 32
12 
#2 
6	% 
  1  0  0 0 0 0
  0  1  0 0 0 0
 -1  0  0 1 0 1
 -1 -1 -1 0 0 1
  0 -1 -1 1 1 0
  0  0  0 1 1 0
6	% 
  1 0 0 0  0  0
  0 1 0 0  0  0
 -1 0 1 0 -1  0
 -1 0 0 0  0 -1
  0 0 1 0  0 -1
  0 0 1 1  0  0
1,1;1,1;1;1 1 22
4 
#1 
6	% 
 0 -1 -2 0  1  0
 1  0  0 0  0  0
 0 -1 -1 1  1  0
 0 -1 -1 0  1  0
 0  1  1 0  0 -1
 0  1  1 0 -1  1
1,1,1;1;1;1 1 12
4 
#1 
6	% 
 1 -1  0  0  0  0
 0 -1 -1  0  1 -1
 0  1  0  1  0  1
 0 -1 -1  0  0  0
 0  0  0 -1 -1  0
 0  0  0  1  0  0
1,1,1;1;1;1 1 4
4 
#1 
6	% 
 1  0  0 0  0  0
 0 -1  0 0  0  0
 0  2  1 0 -1  1
 0 -2 -1 1  1 -1
 0 -1 -1 1  1  0
 0 -1  0 1  1 -1
1,1;1,1;1;1 1 11
6 
#2 
6	% 
 0  0 1  0 -1  1
 0 -1 0  0  0  0
 1  1 0  0  0  0
 0  0 0  0  1 -1
 0  0 0 -1 -1  1
 0  0 0  1  1  0
6	% 
 0  0  0  0 2 1
 0 -1  0  0 0 0
 1  1  0  0 0 0
 0  0 -1  0 0 0
 0  0  0  1 1 0
 0  0 -1 -1 0 0
1,1;1,1;1;1 1 5
6 
#2 
6	% 
 0 0  3 0 -2 1
 1 0  0 0  0 0
 0 1  0 0  0 0
 0 0 -2 0  1 0
 0 0  1 0 -1 0
 0 0  1 1  0 0
6	% 
 0 0  2 -1 -2  2
 1 0  0  0  0  0
 0 1  0  0  0  0
 0 0 -1  1  1 -1
 0 0  0 -1 -1  1
 0 0  1 -1 -1  0
1,1,1;1,1;1 1 6
36 
#4 
6	% 
 0  0 0 0 -1  2
 1  1 0 0  0  0
 0 -1 0 0  1 -2
 0  0 0 0  0  1
 0  0 0 1  1  0
 0  0 1 0 -1  1
6	% 
 0 0  2 0  1 0
 0 0  1 0  0 0
 0 1 -3 0 -1 0
 0 0  1 0  0 1
 1 0  0 0  0 0
 0 0  1 1  1 0
6	% 
 0 0  0 0 -1  2
 0 0  1 0 -1  1
 0 1 -1 0  2 -3
 0 0  0 0  0  1
 1 0  0 0  1  0
 0 0  0 1  0  1
6	% 
 0  0  0 0 -1  2
 1  1  0 0  0  0
 0 -1  0 0  1 -2
 0  0 -1 0 -1  1
 0  0 -1 0 -1  0
 0  0  0 1  0  1
1,1,1;1;1;1 1 18
4 
#1 
6	% 
 1 0  0 0  0  0
 0 1  0 0  0  0
 0 0  0 0  1 -2
 0 0  0 0 -1  1
 0 0  0 1  0  1
 0 0 -1 0  0  1
1,1,1;1;1;1 1 13
4 
#1 
6	% 
 1 0  0 0 0  0
 0 1  0 0 0  0
 0 0  0 0 0  1
 0 0 -1 1 1  0
 0 0 -1 0 0  1
 0 0 -1 0 1 -1
1,1,1,1;1;1 1 6
6 
#2 
6	% 
  1  1 -1  0  1 -1
  1  0  0  0  0  0
  0  1  0  0  0  0
 -1 -1  0  0 -1  1
  1  1  0  1  1 -1
  0  0  0 -1 -1  0
6	% 
  1  0  0  0  0  0
  1  1  0  0  1  1
  0  0  0  0 -1 -1
 -1 -1  0 -1  0  0
  1  1  1  0 -1  0
  0  0 -1 -1  0  0
2-1,2-1;1;1 3 1
4 
#1 
6	% 
 0 0  1 -1 -1 0
 0 0  0  0 -1 1
 0 0  0 -1 -1 1
 0 0 -1  0  0 0
 1 0  0  0  0 0
 0 1  0  0  0 0
2-1;2-1;1,1 1 2
1 
#1 
6	% 
 0 -1  0 0  0 0
 1  1  0 0  0 0
 0  0 -1 1  1 0
 0  0  1 0 -1 1
 0  0 -2 0  1 0
 0  0 -1 0  0 0
2-1,2-1;1;1 2 1
4 
#1 
6	% 
 0 0 1  0  1 0
 0 0 0 -3 -2 1
 0 0 0  1  0 0
 0 0 0  1  1 0
 1 0 0  0  0 0
 0 1 0  0  0 0
2-1,2-1;1,1 3 1
4 
#1 
6	% 
 0  0  0  0  1 -1
 0  0 -1  1  1  0
 0  0  0 -1 -1  1
 0  0  1  0  0  0
 0 -1  0  0  0  0
 1  1  0  0  0  0
2-1,2-1;1,1 2 1
4 
#1 
6	% 
 0  0 1  0  1 0
 0  0 0 -3 -2 1
 0  0 0  1  0 0
 0  0 0  1  1 0
 0 -1 0  0  0 0
 1  1 0  0  0 0
2-1;1,1;1;1 1 7
2 
#1 
6	% 
 0 -1 0 0 0  0
 1  1 0 0 0  0
 0  0 0 1 0  0
 0  0 0 0 1  0
 0  0 0 0 1 -1
 0  0 1 0 0  0
2-1;1,1;1;1 1 5
8 
#1 
6	% 
 0 -1 -1 0 1 -1
 1  0  0 0 0  0
 0  1  0 0 0  1
 0  0  0 1 0  0
 0  0  0 0 1  0
 0  1  1 0 0  0
2-1;1,1;1;1 1 2
2 
#1 
6	% 
 0 0 1 0 -1  1
 1 0 0 0  0  0
 0 1 0 0  0  0
 0 0 0 0 -1  1
 0 0 0 1  1  0
 0 0 0 0  0 -1
2-1;1,1;1;1 1 13
8 
#1 
6	% 
 0 1  0 0  0  0
 1 0  0 0  0  0
 0 0 -1 0  1  0
 0 0  1 1  0  0
 0 0  1 0 -1  1
 0 0  1 0  0 -1
1,1,1;1;1;1 1 2
8 
#2 
6	% 
 0 0  0  1  0 0
 0 0 -1  0  0 1
 1 0  0  0  0 0
 0 1  0  0  0 0
 0 0  1 -1 -1 0
 0 0 -1  0  0 0
6	% 
 0 0  0 0 -1 -1
 0 0  0 1  1  1
 1 0  0 0  0  0
 0 1  0 0  0  0
 0 0 -1 0  0  0
 0 0 -1 0  1  0
1,1;1,1;1;1 1 3
24 
#2 
6	% 
 0 1  2  0 -2  2
 0 0  0 -1  0  0
 1 0  0  0  0  0
 0 0 -1  0  1 -1
 0 0  1  1 -1  0
 0 0  1  2  0  0
6	% 
 0 -3 0 -2  0  0
 0  0 1  0 -1  1
 1  0 0  0  0  0
 0  2 0  1  0  0
 0 -1 0 -1  0 -1
 0 -1 0  0  1 -1
1,1;1,1;1;1 1 16
32 
#2 
6	% 
 0 1  0 0  1 -2
 1 0  0 0  0  0
 0 0 -1 0  1  0
 0 0  1 1 -1  1
 0 0  1 1  0  0
 0 0  1 1  0 -1
6	% 
 0 -1 -1  0  1 -1
 1  0  0  0  0  0
 0  0 -1 -1 -1  1
 0  1  2  1  0 -1
 0  0  1  1  0 -1
 0 -1  1  1  1 -2
1,1,1;1;1;1 1 7
16 
#1 
6	% 
 0  1  0  1  0  0
 1  0  0  0  0  0
 0  1 -1  0  1 -1
 0 -1  0 -1 -1  1
 0 -1 -1  0  0  1
 0  1  0  0  0 -1
1,1;1,1;1,1 1 4
16 
#1 
6	% 
  0 1  0  0  1 -2
 -1 0  0 -1 -1  0
  1 0 -1  0  1  0
  0 0  1  1 -1  1
  0 0  1  1  0 -1
 -1 0 -1 -1  0  0
1,1;1,1;1;1 1 7
5 
#3 
6	% 
 0 0 -1  2  2 1
 0 0  0  1  0 0
 1 0  0  0  0 0
 0 1  0  0  0 0
 0 0  1 -1 -1 0
 0 0  0  0  0 1
6	% 
 0 0  0 1  1 0
 0 0 -1 0  0 1
 1 0  0 0  0 0
 0 1  0 0  0 0
 0 0  1 0 -1 0
 0 0  1 0  0 0
6	% 
 0 0 -1 1  1 0
 0 0  0 0  2 1
 1 0  0 0  0 0
 0 1  0 0  0 0
 0 0  1 0 -1 0
 0 0 -1 0  0 0
1,1;1,1;1;1 1 23
4 
#1 
6	% 
 0 1  0  0  0  0
 1 0  0  0  0  0
 0 0  0  0  2 -1
 0 0  0  1 -2  1
 0 0  1  0  1  0
 0 0 -1 -1 -2  0
1,1;1,1;1,1 1 5
4 
#1 
6	% 
 1 0  0  0  0  0
 0 1  0  0  0  0
 0 0  0  0  2 -1
 0 0  0  1 -2  1
 0 0  1  0  1  0
 0 0 -1 -1 -2  0
2-1;1;1;1;1 1 11
2 
#1 
6	% 
 1 0 0  0  0 0
 0 1 0  0  0 0
 0 0 1  0  0 0
 0 0 0  0 -1 1
 0 0 0 -1 -1 0
 0 0 0  1  0 0
2-1;1;1;1;1 1 4
2 
#1 
6	% 
 1 0  0 0  0 0
 0 1  0 0  0 0
 0 0 -1 1  1 0
 0 0  1 0 -1 1
 0 0 -2 0  1 0
 0 0 -1 0  0 0
2-1;1,1;1;1 1 16
2 
#1 
6	% 
 0 -1 0  0  0 0
 1  1 0  0  0 0
 0  0 1  0  0 0
 0  0 0  0 -1 1
 0  0 0 -1 -1 0
 0  0 0  1  0 0
1,1;1,1;1;1 1 9
8 
#1 
6	% 
 0 -1  0  0  0  0
 1  1  0  0  0  0
 0  0  1  1  0  0
 0  0 -1 -1 -1  1
 0  0  0 -1 -1  1
 0  0  1  1  0 -1
1,1;1,1;1;1 1 12
16 
#1 
6	% 
 1 0  0 0  0 0
 0 1  0 0  0 0
 0 0  0 0 -1 1
 0 0 -1 1  1 0
 0 0  0 1  0 0
 0 0  0 1  1 0
1,1;1,1;1;1 1 18
24 
#2 
6	% 
 1 0 0  0  1  0
 0 0 1  0 -1  1
 0 1 0  0  0  0
 0 0 0 -1 -1  1
 0 0 0 -1  0  0
 0 0 0  0  0 -1
6	% 
 0  0 1  0  1  0
 0  1 0  0  0  0
 1  0 0  0  0  0
 0  1 0 -1  0 -1
 0  0 0 -1  0  0
 0 -1 0  0 -1  1
1,1;1;1;1;1 1 6
8 
#1 
6	% 
 0 1  0 0 0  0
 1 0  0 0 0  0
 0 0  0 0 1  0
 0 0  0 0 1 -1
 0 0  0 1 0  0
 0 0 -1 0 1  0
1,1;1;1;1;1 1 4
6 
#2 
6	% 
 0 0 -2 -3  0  2
 1 0  0  0  0  0
 0 1  0  0  0  0
 0 0  1  1  0 -1
 0 0  0  0  0  1
 0 0  0 -1 -1  1
6	% 
 0 0  3 0 -2 1
 1 0  0 0  0 0
 0 1  0 0  0 0
 0 0 -2 0  1 0
 0 0  1 0 -1 0
 0 0  1 1  0 0
1,1;1;1;1;1 1 11
8 
#1 
6	% 
 1 0  0  0  0 0
 0 1  0  0  0 0
 0 0 -1 -1  0 1
 0 0  1  2  0 0
 0 0 -1 -1  1 0
 0 0  1  1 -1 1
1,1;1;1;1;1 1 17
8 
#1 
6	% 
 0  1  0  0  0  0
 1  0  0  0  0  0
 0 -1  0 -1  0 -1
 0  1  1  0 -1  0
 0  0  1  0  0 -1
 0  0 -1  0  1 -1
1,1;1;1;1;1 1 14
8 
#1 
6	% 
 0 1  0 0  0  0
 1 0  0 0  0  0
 0 0 -1 1  1  0
 0 0  0 0 -1  1
 0 0  1 0 -1  1
 0 0  1 0  0 -1
1,1;1;1;1;1 1 27
2 
#1 
6	% 
 1 0  0 0 0  0
 0 1  0 0 0  0
 0 0  0 1 1 -1
 0 0 -1 0 1  0
 0 0 -1 0 0  1
 0 0 -1 0 1 -1
1,1;1;1;1;1 1 7
1 
#1 
6	% 
 1 0 0  0 0 0
 0 1 0  0 0 0
 0 0 0 -1 0 0
 0 0 0  2 1 0
 0 0 0  1 0 1
 0 0 1  1 0 0
1,1;1;1;1;1 1 24
6 
#2 
6	% 
 0 0 1  0 -1  1
 1 0 0  0  0  0
 0 1 0  0  0  0
 0 0 0 -1  0  0
 0 0 0  1  1 -1
 0 0 0  0  0  1
6	% 
 0 0 -1 1  1  0
 1 0  0 0  0  0
 0 1  0 0  0  0
 0 0  0 0  1 -1
 0 0  1 0 -1  1
 0 0 -1 0  1  0
1,1;1;1;1;1 1 44
8 
#1 
6	% 
 0  3 0 0  1 -2
 1  0 0 0  0  0
 0 -2 0 0 -1  2
 0  1 0 0  0 -1
 0  1 0 1  1 -1
 0 -1 1 0 -1  1
1;1;1;1;1;1 1 10
2 
#1 
6	% 
 1 0  0  0  0 0
 0 1  0  0  0 0
 0 0  0 -1 -1 1
 0 0 -1  0  0 0
 0 0  0  1  0 0
 0 0  0  1  1 0
1;1;1;1;1;1 1 4
1 
#1 
6	% 
 1 0 0  0  0  0
 0 1 0  0  0  0
 0 0 1  0 -1  0
 0 0 0 -1  0  0
 0 0 1  1  0 -1
 0 0 1  1  0  0
1;1;1;1;1;1 1 29
1 
#1 
6	% 
 1 0  0  0  0  0
 0 1  0  0  0  0
 0 0  2  0 -1  0
 0 0 -1  0  1  0
 0 0 -1 -1  0  0
 0 0  1  0  0 -1
1,1;1;1;1;1 1 45
1 
#1 
6	% 
 0 -1  0  0  0 0
 1  1  0  0  0 0
 0  0  2  0 -1 0
 0  0 -1  0  1 0
 0  0 -1 -1  0 0
 0  0 -1  0  0 1
