#27

5-2;1 3 2
1 
#1 
6	% 
 1 0 0 0 0 0
 0 1 0 0 0 0
 0 0 1 0 0 0
 0 0 0 1 0 0
 0 0 0 0 1 0
 0 0 0 0 0 1
1,1,1,1,1,1 1 1
1 
#1 
6	% 
 1 0 0 0 0 0
 0 1 0 0 0 0
 0 0 1 0 0 0
 0 0 0 1 0 0
 0 0 0 0 1 0
 0 0 0 0 0 1
1,1,1,1,1;1 1 2
15 
#1 
6	% 
  1 0  0 0  0 -1
  1 0  0 0  0  0
  0 0  0 0  1 -1
  2 1 -1 0  1  0
 -1 0  1 1 -1  2
  1 1  0 0  1 -1
1,1,1,1;1,1 1 3
45 
#1 
6	% 
  1  1  0  1  0  0
  0  2 -1  0 -1 -1
 -1  0 -1  0  0  0
  0 -2  1 -1  0  0
  0  1  0  0  0 -1
  1  1  0  2  0  1
2-1;1,1;1,1 1 9
45 
#1 
6	% 
 -1 -1 1 0  1  1
  0  0 0 1  1  0
  1  0 0 0 -1 -1
  1  1 0 1  0  0
 -1  0 1 0  0  1
 -1 -1 1 0  1  0
1,1,1;1,1,1 1 3
15 
#1 
6	% 
 -1  0  0  0 1  0
  0  0 -1  1 0  0
  0  0  0 -2 0 -1
  1  0  0  1 0  0
  0 -1  1 -2 0  0
 -1  0  0  0 0  0
2-1;1,1,1;1 1 8
45 
#1 
6	% 
  1  0  0  0  0  0
 -2  1 -1 -2 -1 -1
  0  0 -1 -1  0 -1
  0  1 -1 -1 -1  0
  0  0  0  1  1  1
  0 -1  0  0  0  0
2-2',2-2';1,1 1 3
20 
#1 
6	% 
  0 -1  1  0  0  0
  0  0  0  0  0  1
 -1  0  0 -1  0  0
  0  0  0 -1 -1 -1
 -1  0 -1 -1  0  0
  0  1  0  1  0  0
2-2;1,1,1,1 1 2
20 
#1 
6	% 
 -1 -1 1 -1  0  1
  0  0 0  0 -1  0
  0  0 0  0  0  1
  0  0 0  1  2 -1
 -1  0 1  0 -1  2
  1  1 0  1  1 -1
1,1,1,1;1;1 1 5
45 
#1 
6	% 
  0  0  0 0 1 0
 -3 -1  1 1 1 1
 -1  0  1 1 0 1
  3  1 -1 0 0 0
 -2  0  0 1 0 0
  1  1  0 0 0 0
2-2;1,1,1;1 1 5
60 
#1 
6	% 
  1 -1  1  1 1  0
 -1  0 -1 -1 0 -1
  1 -1  0  0 0  0
  1 -1  1  1 0  1
  2  0  0  1 0  1
  1 -1  1  0 0  1
1,1,1;1,1;1 1 11
45 
#1 
6	% 
  2  1 -1  1  0 -1
  4  2 -2  3  2 -2
 -7 -4  4 -5 -3  4
  1  0  0  0  0 -1
  2  1 -1  1  1 -1
  1  1  0  1  0  0
4-3';1,1 1 2
36 
#1 
6	% 
  1 -1 1  1  1 1
  0 -1 1  0  0 0
  1  0 0  0  0 0
 -1  0 0 -1  0 0
  0  0 0  0  0 1
  0  1 0  0 -1 0
1,1,1;1;1;1 1 17
15 
#1 
6	% 
 -1 -1  1  0  1  1
  3  2 -1  3  2 -1
 -1 -1  1 -1 -1  0
 -2 -1  1 -2 -1  1
  1  1  0  2  1  0
 -1  0  0 -1 -1  1
1,1,1;1;1;1 1 19
15 
#1 
6	% 
  0  0 -1 -1 -1 -1
  1 -1  0  0  0  0
 -1  0  1  1  1  1
  0  0 -1 -1 -1  0
  0 -1  0 -1 -1 -1
  1  0 -1  0 -1 -1
2-2,2-2;1,1 1 3
60 
#1 
6	% 
  0  1 0 0 -1 0
 -1  0 0 0  0 0
  1  0 0 1  0 0
  0  0 0 1  1 1
  0 -1 1 0  1 0
  1  0 0 0 -1 0
1,1;1,1;1;1 1 36
45 
#1 
6	% 
 -1  0 1 0 0  1
  1 -1 1 1 1  1
  1  0 0 0 0  0
  0  0 0 0 0 -1
  0 -1 1 0 0  0
  1  0 0 1 0  0
2-1;1,1;1;1 1 33
45 
#1 
6	% 
 1  1 -1 0 -1 -1
 0 -1  0 0  1  0
 0  0  0 0  0 -1
 0 -1  1 0  0  0
 0 -1  1 1  1  1
 0  0  1 1  1  1
4-2;1;1 1 5
10 
#1 
6	% 
  1  1 0 1 0  1
 -1 -1 0 0 1  0
  1  0 0 0 0  0
  0 -1 0 0 0 -1
  1  1 0 1 0  0
  1  1 1 1 0  1
2-2,2-2;1;1 2 5
20 
#1 
6	% 
  0 -1  0 -1  0 -1
 -1  0  0  0  1  1
 -1 -1  1  0  1  0
 -1 -1  0 -1  0 -1
 -1  1  0  0  0  1
  1  1 -1  0 -1 -1
2-2;2-2;1;1 1 15
60 
#1 
6	% 
  0 -1  1 0  1  0
  0  0 -1 0  0 -1
  0  1 -1 0  0  0
  1  1 -1 1  0  0
 -1 -1  1 0  1  1
  1  1 -2 0 -1 -1
3;1,1,1 1 3
15 
#1 
6	% 
  1  0  0  0  0  0
  1  1 -1 -2 -1 -1
  1  1  0 -1 -1  0
  1  0  0 -1  0 -1
 -1 -1  1  1  0  0
 -1  0  1  2  1  1
3;2-2;1 3 4
15 
#1 
6	% 
 0 -1 -1 -1  0 -2
 0  0 -1 -1 -1 -1
 0  1  0  1  0  1
 1  1  0  1  0  1
 0  0  1  1  1  2
 1 -1  0  0  0 -1
2-2;2-2;1,1 1 8
10 
#1 
6	% 
  0 0 -1 -1 -1 -1
  0 1  0  0 -1  0
  1 0  0  0  0  0
  0 0  0  0 -1 -1
 -1 0  0 -1 -1  0
  0 1 -1  0 -1  0
3;1,1;1 1 10
15 
#1 
6	% 
 -1  1 -1 -1 -1 -1
  0  1  0  1  0  1
  0  1 -1 -1 -1 -1
 -1  0  0 -1 -1 -1
  0  1 -1  0 -1 -1
  1 -1  1  1  1  0
4-3;1,1 1 2
6 
#1 
6	% 
  1 -1 1 1  1  5
 -1  0 0 0  0 -2
  0  0 1 1  1  3
  0 -1 1 0  0  2
  1  0 0 1  0  2
  0  1 0 0 -1 -2
1,1;1;1;1;1 1 55
15 
#1 
6	% 
  1  1 -1 -1 -3 -1
  1  1  0  0 -2  0
 -1 -1  1  0  1  0
  1  0  0  0 -1 -1
  0  0  0  0  1  0
  0  0  0 -1 -1  0
