#125

3;2-1;1 1 1
1 
#1 
6	% 
 1 0 0 0 0 0
 0 1 0 0 0 0
 0 0 1 0 0 0
 0 0 0 1 0 0
 0 0 0 0 1 0
 0 0 0 0 0 1
1,1,1,1,1,1 1 1
1 
#1 
6	% 
 1 0 0 0 0 0
 0 1 0 0 0 0
 0 0 1 0 0 0
 0 0 0 1 0 0
 0 0 0 0 1 0
 0 0 0 0 0 1
1,1,1,1,1;1 1 2
11 
#3 
6	% 
  0 0  0  1  0 -1
  0 0  1  0  0 -1
  1 1  1  1  1  0
  0 0  0  0  1 -1
 -1 0 -1 -1 -1  1
  0 1  1  1  1 -1
6	% 
 0 -1 0 -1  0  1
 0  0 0  0  0  1
 0 -1 0 -1  1  1
 0  0 0 -1  0  1
 0  1 1  1 -1 -2
 1 -2 0 -1  1  2
6	% 
  1  0  0  0  0  0
  0  0  1  0  0  0
  0 -1  0 -1 -1 -1
  1  0  1  0  0 -1
 -1  1 -1  1  0  1
  1 -1  1  0 -1 -1
1,1,1,1,1;1 1 1
3 
#2 
6	% 
  0  0  0 -1 0  0
 -1  0 -1 -1 0 -1
 -1 -1  0 -1 0 -1
  0 -1 -1  0 0 -1
  1  1  1  1 0  1
  0  0  0  0 1  0
6	% 
  0  0  0 -1  0 0
 -1  0 -1 -1 -1 0
 -1 -1  0 -1 -1 0
  0 -1 -1  0 -1 0
  1  1  1  1  1 0
  0  0  0  0  0 1
2-1;1,1,1,1 1 1
1 
#1 
6	% 
  0  0  0 1 0  0
  0  0  0 0 1  0
  0 -1 -1 0 0 -1
 -1  0 -1 0 0 -1
 -1 -1  0 0 0 -1
  1  1  1 0 0  1
2-1;1,1,1,1 1 2
3 
#1 
6	% 
  0  0  0 0 -1  1
  0  0  0 0  0  1
  1  1 -1 1  1  2
  0  1 -1 0  0  2
  1 -1  0 0  0  0
 -1  0  0 0  0 -2
2-1;1,1,1;1 1 3
3 
#1 
6	% 
  0 0  0  0 -1 -1
  0 0  0 -1  0 -1
  0 0  0  1  1  1
 -1 0  1  0  0  0
  0 0 -1  0  0  0
  0 1  0  0  0  0
1,1,1,1;1,1 1 2
38 
#7 
6	% 
 0  0 0 1 0 0
 0  0 0 0 0 1
 0  0 1 0 0 0
 0  0 0 0 1 0
 1  0 0 0 0 0
 0 -1 0 0 0 0
6	% 
 0  0 0 1 0 0
 0  0 0 0 1 0
 0  0 1 0 0 0
 0  0 0 0 0 1
 1  0 0 0 0 0
 0 -1 0 0 0 0
6	% 
  0 0  0 1  0  0
  0 0  0 0  1  0
 -1 1  1 0 -1 -1
 -1 0  0 0  0  0
  2 0 -1 0  0  0
  1 1  0 0  0  0
6	% 
  0  0 0 1 0  0
  0  1 0 0 0  0
 -1 -1 1 0 0 -1
  0  0 0 0 1  0
  1  0 0 0 0  0
  0 -1 1 0 0  0
6	% 
  0  0 0 1  0  0
  0  1 0 0  0  0
 -1 -1 1 0 -1  0
  0  0 0 0  0 -1
  1  0 0 0  0  1
  0 -1 1 0  0  1
6	% 
  0  0  0  0 1  0
 -1  1  0 -1 0 -1
  0  0  0  1 0  0
  1  1  1  0 0  0
  0 -1 -1  0 0  0
 -1  0 -1  0 0  0
6	% 
  1  0  0  0  0 0
  1  0 -1  0  0 0
  0 -1 -1 -1 -1 0
  0  0  0  0  0 1
 -1  1  1  1  0 0
  1 -1 -1  0 -1 0
2-1;1,1,1;1 1 4
9 
#2 
6	% 
  0  0 0 1 0  0
  0  0 0 0 1  0
  0  0 1 0 0  0
 -1 -1 0 0 0 -1
  0  1 0 0 0  0
 -1  0 0 0 0  0
6	% 
  0  0  0 1 0  0
  0  0  0 0 1  0
  0 -1  0 0 0  0
 -1  0  1 0 0 -1
  0  0 -1 0 0  0
 -1  1  0 0 0  0
1,1,1,1;1,1 1 1
3 
#2 
6	% 
  0 -1 -1 -1 0  0
 -1  0 -1 -1 0  0
 -1 -1  0 -1 0  0
  1  1  1  1 0  0
  0  0  0  0 0 -1
  0  0  0  0 1  1
6	% 
  0 -1 -1 0  0 -1
 -1  0 -1 0  0 -1
 -1 -1  0 0  0 -1
  1  1  1 0  0  1
  0  0  0 0 -1  0
  0  0  0 1  1  0
2-1;1,1,1;1 1 2
9 
#2 
6	% 
  1  1 -1 1 0 1
  1  1 -1 0 0 1
  0  0  0 0 1 0
  0  1 -1 0 0 0
  1 -1  0 0 0 0
 -1  0  0 0 0 0
6	% 
  1  1 -1 1 1 0
  1  1 -1 0 1 0
  0  0  0 0 0 1
  0  1 -1 0 0 0
  1 -1  0 0 0 0
 -1  0  0 0 0 0
2-1;1,1;1,1 1 2
9 
#2 
6	% 
  1  1 -1 0 1  0
  0  0  0 0 0 -1
  0  0  0 1 0  1
  0  1 -1 0 0  0
  1 -1  0 0 0  0
 -1  0  0 0 0  0
6	% 
  1  1 -1 0  0 1
  0  0  0 0 -1 0
  0  0  0 1  1 0
  0  1 -1 0  0 0
  1 -1  0 0  0 0
 -1  0  0 0  0 0
2-1;1,1,1;1 1 1
1 
#1 
6	% 
  0  0  0 0 1 0
  0  0  0 1 0 0
  0 -1 -1 0 0 0
 -1  0 -1 0 0 0
  1  1  1 0 0 0
  0  0  0 0 0 1
2-1',2-1';1,1 1 2
6 
#1 
6	% 
  0  0 -1  0 -1 0
 -1  1  0 -1  0 0
  1  1 -1  0  0 1
  0  1 -1 -1 -1 0
  1 -1  0  2  0 0
 -1  0  0 -1 -1 0
2-1',2-1';1;1 1 2
6 
#1 
6	% 
 -1  1  0 -1  0 0
  0  0 -1  0 -1 0
  0  0  0  0  0 1
  0  1  0 -1  1 0
  1 -1  0  2  0 0
 -1  0  1 -1  1 0
1,1,1;1,1,1 1 1
1 
#1 
6	% 
  0 -1 -1  0  0  0
 -1  0 -1  0  0  0
  1  1  1  0  0  0
  0  0  0  0 -1 -1
  0  0  0 -1  0 -1
  0  0  0  1  1  1
1,1,1,1;1,1 1 3
18 
#2 
6	% 
  0  0  1  1 1  1
 -1 -1 -1  0 0  0
  0  1  0  0 0  0
  1  0  0 -1 0 -1
  0 -1  0  0 1  1
 -1  0  0  0 0  0
6	% 
 -1  0  1  0 0  0
  0 -1  0  1 1  1
  0  0 -1  0 0  0
  0  0  0 -1 0 -1
  0  0  0  0 1  1
 -1  1  0  0 0  0
1,1,1;1,1,1 1 2
27 
#4 
6	% 
  0  0 -1 1  0  0
  0  0  1 0  0  0
 -1  1  0 0 -1 -1
  0  0  0 0 -1  0
  1  0  0 0  1  0
  0 -1  0 0  1  0
6	% 
  0 0  0  0  0 -1
  0 0  0 -1  0  0
  1 0  0  0  0  0
  1 0  0  0 -1  0
 -1 1  0  0  1  0
  0 0 -1  0  1  0
6	% 
  0  0 0  0  0 1
  0  0 1  0  0 0
 -1  1 0 -1 -1 0
  0  0 0 -1  0 0
  1  0 0  1  0 0
  0 -1 0  1  0 0
6	% 
  0 0  0  0 -1  0
  0 0  0 -1  0  0
  1 0  0  0  0  0
  1 0  0  0  0 -1
 -1 1  0  0  0  1
  0 0 -1  0  0  1
2-1;1,1;1,1 1 3
9 
#2 
6	% 
 0  0 0 1 0 0
 0  0 0 0 1 0
 0  0 1 0 0 0
 0  0 0 0 0 1
 1  0 0 0 0 0
 0 -1 0 0 0 0
6	% 
  0  0  0 1 0 0
  0  0  0 0 1 0
 -2 -1  1 0 0 0
  1 -1 -1 0 0 1
  0  1  0 0 0 0
 -1  0  1 0 0 0
2-1;1,1,1;1 1 6
6 
#1 
6	% 
 -1 -1  1 -1 -1 -1
  0  1  0  1  1  0
  1  1 -1  2  1  1
  0  0 -1  0  0  0
 -1  0  1 -1 -1  0
 -1 -1  1 -1 -2 -1
2-1;1,1;1,1 1 5
6 
#1 
6	% 
 0  0  0 0 0 1
 1  0 -1 0 0 0
 0  0  0 0 1 0
 0  0  1 0 0 0
 0 -1  0 0 0 0
 0  0  0 1 0 0
1,1,1;1,1,1 1 3
18 
#2 
6	% 
  1 -1  0  1 -1  1
 -1 -1 -1  0  0  0
  1  1  1  1  0  1
 -1  0  0 -1  0 -1
  1  1  1  0  1 -1
  0 -1  0  0 -1  1
6	% 
  0  0  0 -1 -1 -1
  1  0  0  0  0  0
 -2  1  0  0  0  0
  1 -1  0  1  0  1
 -1  0 -1  0  0  0
  0  0  1  0 -1 -1
2-2;1,1,1,1 1 2
4 
#1 
6	% 
  0  0 0  0  0 -1
  0  0 0  0 -1  0
  0  0 0 -1  0  0
  1 -1 0  1  1  1
 -1  0 1 -1 -1 -1
  1  0 0  1  1  1
1,1,1;1,1;1 1 2
27 
#4 
6	% 
  1  1  0  0 0  0
  1  1  1  0 0  0
 -2 -2 -1  0 0 -1
  0  0  0  1 1  0
  0  0  0 -1 0  0
  1  0  0  0 0  0
6	% 
  1  1 0  0 0 0
  1  1 1  0 0 0
 -1 -1 0  0 1 0
  0  0 0  1 0 1
  0  0 0 -1 0 0
  1  0 0  0 0 0
6	% 
 -1 -1  1  0 0 0
  0  0  0  0 0 1
  1  0 -1  0 0 0
  0  0  0  1 1 0
  0  0  0 -1 0 0
  0 -1  1  0 0 0
6	% 
 -1 1  1  0 0 0
  0 0  0  0 1 0
  1 0 -1  0 0 0
  0 0  0  1 0 1
  0 0  0 -1 0 0
  0 0  1  0 0 0
1,1,1,1;1;1 1 4
9 
#2 
6	% 
  1  1 -1  1  0  0
  0  0  0  1 -1  0
 -2 -2  2 -3  0 -1
  1  1 -1  2  0  0
 -1  0  1 -1  0  0
 -1  0  0 -1  0  0
6	% 
 0  0 -1  0  1  0
 0  0 -1 -1  0 -1
 0  0  1  1 -1  0
 0  0 -1  0  0  0
 1  0  0  0  0  0
 0 -1  1  0  0  0
1,1,1;1,1;1 1 5
54 
#6 
6	% 
 0  0  1  0  0 0
 0  0  0  1  0 0
 0  0 -2 -1 -1 0
 1  0  0  0  0 0
 1  1 -1  0  0 1
 1 -1  0  0  0 0
6	% 
 0  0  1  0 0  0
 0  0  0  1 0  0
 0  0 -2 -1 0 -1
 1  0  0  0 0  0
 1  1 -1  0 1  0
 1 -1  0  0 0  0
6	% 
 -1 -1  1 0 0  0
  0  0  0 0 1  1
  1  1 -1 0 0 -1
  0 -1  0 0 0  0
  0  0  1 1 0  0
  1 -1  0 0 0  0
6	% 
 -1 -1  1 0  0 0
  0  0  0 1  1 0
  1  1 -1 0 -1 0
  0 -1  0 0  0 0
  0  0  1 0  0 1
  1 -1  0 0  0 0
6	% 
 0 0 -1 0  0  0
 0 0  0 1  0  1
 0 0  0 0  0 -1
 1 0 -1 0  0  0
 0 0  0 0 -1  0
 1 1 -1 0  0  0
6	% 
 0 0 -1 0  0  0
 0 0  0 1  1  0
 0 0  0 0 -1  0
 1 0 -1 0  0  0
 0 0  0 0  0 -1
 1 1 -1 0  0  0
1,1,1;1,1;1 1 10
36 
#3 
6	% 
  0 0  2  1  1 0
  0 0  1  1  1 0
  0 0 -3 -2 -2 1
  1 1  0  1  0 0
 -1 0  1  0  1 0
 -1 1  0  0  0 0
6	% 
  0  0  0  1 -1 0
 -1 -1  1  0  0 0
  2  2 -2 -1  1 1
  0  0  0  1  0 0
  0 -1  1  0  0 0
  1 -1  0  0  0 0
6	% 
  0 -2  0 -1 -1 0
  0 -1  0  0  0 0
  0  3  0  1  1 1
  0 -1  0  0 -1 0
  0  0 -1  0  0 0
 -1  1 -1  0  0 0
1,1,1;1,1;1 1 4
11 
#3 
6	% 
  0 0 0  1 0 1
  0 0 0  1 0 0
  0 0 0 -1 1 0
  0 1 1  0 0 0
  0 0 1  0 0 0
 -1 1 0  0 0 0
6	% 
  0 0  0  1 0 1
  0 0  0  1 0 0
  0 0  0 -1 1 0
  0 1 -1  0 0 0
  0 1  0  0 0 0
 -1 1 -1  0 0 0
6	% 
  0 -1 -1  0 0 0
 -1  0 -1  0 0 0
  1  1  1  0 0 0
  0  0  0  0 1 1
  0  0  0  0 0 1
  0  0  0 -1 1 0
1,1,1,1;1;1 1 2
29 
#5 
6	% 
  0 0 1 0 0 0
  0 0 0 0 1 0
  0 0 0 0 0 1
  0 0 0 1 0 0
  0 1 0 0 0 0
 -1 0 0 0 0 0
6	% 
  0 0 0 1 0 0
  0 0 1 0 0 0
  0 0 0 0 1 0
  0 0 0 0 0 1
  0 1 0 0 0 0
 -1 0 0 0 0 0
6	% 
  0  0  0  0 0 1
  0 -1  0  1 0 0
 -1 -1  1 -1 0 0
  0  0  0  0 1 0
  0  1 -1  0 0 0
 -1  0  0  0 0 0
6	% 
  0  0  0 1  0 0
  0  0 -1 0  1 0
 -1  1 -1 0 -1 0
  0  0  0 0  0 1
  0 -1  1 0  0 0
 -1  0  0 0  0 0
6	% 
  1  0  0  0  0 0
  1  0 -1  0  0 0
  0 -1 -1 -1  1 0
  0  0  0  0  0 1
 -1  1  1  0 -1 0
  1 -1 -1 -1  0 0
1,1,1;1,1;1 1 7
54 
#6 
6	% 
  1  1  2  0  0  0
  2  2  2  1 -1  0
 -4 -4 -5 -2  2  0
  1  1  1  0 -1 -1
  0  0  0  0  0 -1
  1  0  1  0  0  0
6	% 
  0  0 0 -1  1 0
  1  1 0  0  0 0
 -1 -1 1  1 -1 0
  0  1 0  0  0 0
  0  0 0  0  0 1
  0  0 0  0  1 0
6	% 
 1 -1 -1  0  0  0
 0  0  0 -1  1  0
 0 -1  0  2 -2  0
 0  0  0 -1  0 -1
 0  0  0  0  0 -1
 1 -1  0  0  0  0
6	% 
  0  0  0 1 -1 0
 -1  1  1 0  0 0
  2 -2 -2 0  0 1
  0  0  1 0  0 0
 -1  0  0 0  0 0
  0  0  0 1  0 0
6	% 
 0  2 0 1 1 0
 0 -1 0 0 0 0
 0  1 0 0 0 1
 1 -1 0 0 0 0
 1 -1 1 0 0 0
 0  1 0 1 0 0
6	% 
  0  2  0 -1 -1 0
  1  3 -1  0  0 0
 -2 -7  2  0  0 0
  0  2 -1  0  0 0
  0  0  0  0  0 1
  0  1  0 -1  0 0
1,1,1,1;1;1 1 5
18 
#2 
6	% 
  0  0 -1  0  0 1
 -1 -1 -1 -1  1 0
  0  0 -1 -1  0 0
  1  0  2  1 -1 0
  0 -1 -2 -1  1 0
  0  0  1  0 -1 0
6	% 
  1 -1 -1  1 -1 -1
  1 -2 -1  1 -1 -1
  0  0 -1  1 -1  0
 -1  1  1 -1  2  1
  1 -1 -1  2 -1 -1
 -1  1  0 -1  1  0
1,1,1;1,1;1 1 3
81 
#10 
6	% 
 0 -1 0  0 0 0
 0  0 0  1 0 1
 0  2 0 -1 0 0
 1 -1 0  0 0 0
 1 -1 1  0 0 0
 0  0 0  0 1 0
6	% 
 -2  1  0 0 0 0
 -2  1  0 0 0 1
  3 -1 -1 0 0 0
 -1  0  0 0 0 0
  0  1  0 1 0 0
  0  0  0 0 1 0
6	% 
  2 -1  0 0 0 0
  1  0 -1 1 0 0
 -3  1  1 0 0 0
  1 -1  0 0 0 0
  0  1  0 0 0 1
  0  0  0 0 1 0
6	% 
 -1 -1  1  0 0 0
  0  0  0  1 0 1
  1  1 -1 -1 0 0
  0 -1  0  0 0 0
  1 -1  0  0 0 0
  0  0  0  0 1 0
6	% 
 -1 -1  1  0 0 0
  0  0  0  0 0 1
  1  0 -1  0 0 0
  0 -1  1  0 0 0
  0  0  0 -1 0 0
  0  0  0  0 1 0
6	% 
 -1 -1  1 0 0  0
  0  0  0 1 0  0
  1  0 -1 0 0  0
  0 -1  1 0 0  0
  0  0  0 0 0 -1
  0  0  0 0 1  0
6	% 
 0 -1 0  0 0 0
 0  0 0  1 1 0
 0  2 0 -1 0 0
 1 -1 0  0 0 0
 1 -1 1  0 0 0
 0  0 0  0 0 1
6	% 
 -2  1  0 0 0 0
 -2  1  0 0 1 0
  3 -1 -1 0 0 0
 -1  0  0 0 0 0
  0  1  0 1 0 0
  0  0  0 0 0 1
6	% 
 -1 -1  1  0 0 0
  0  0  0  1 1 0
  1  1 -1 -1 0 0
  0 -1  0  0 0 0
  1 -1  0  0 0 0
  0  0  0  0 0 1
6	% 
 -1 -1  1  0 0 0
  0  0  0  0 1 0
  1  0 -1  0 0 0
  0 -1  1  0 0 0
  0  0  0 -1 0 0
  0  0  0  0 0 1
1,1,1,1;1;1 1 1
3 
#2 
6	% 
  0 -1 -1 0 0 -1
 -1  0 -1 0 0 -1
 -1 -1  0 0 0 -1
  1  1  1 0 0  1
  0  0  0 1 0  0
  0  0  0 0 1  0
6	% 
  0 -1 -1 -1 0 0
 -1  0 -1 -1 0 0
 -1 -1  0 -1 0 0
  1  1  1  1 0 0
  0  0  0  0 1 0
  0  0  0  0 0 1
2-2;1,1,1;1 1 3
12 
#2 
6	% 
  0  0 0  0 0 -1
  0  0 0 -1 0  0
  0  0 0  0 1  0
  1 -1 0  1 0  1
 -1  0 1 -1 0 -1
  1  0 0  1 0  1
6	% 
  0  0 0  0 -1 0
  0  0 0 -1  0 0
  0  0 0  0  0 1
  1 -1 0  1  1 0
 -1  0 1 -1 -1 0
  1  0 0  1  1 0
1,1,1;1,1;1 1 1
3 
#2 
6	% 
  0 -1 -1 0 0  0
 -1  0 -1 0 0  0
  1  1  1 0 0  0
  0  0  0 0 0 -1
  0  0  0 1 0  1
  0  0  0 0 1  0
6	% 
  0 -1 -1 0  0 0
 -1  0 -1 0  0 0
  1  1  1 0  0 0
  0  0  0 0 -1 0
  0  0  0 1  1 0
  0  0  0 0  0 1
2-2;2-1;1,1 1 3
4 
#1 
6	% 
  0  0 0 0 1 0
  0  0 0 1 0 0
  0  0 0 0 0 1
  1 -1 0 0 0 0
 -1  0 1 0 0 0
  1  0 0 0 0 0
1,1,1;1,1;1 1 8
18 
#2 
6	% 
  0  0  0 -1  1 0
  4 -3  2  1 -1 0
 -5  4 -3  0  0 0
  0  0  0  0  1 0
  2 -2  1  0 -1 0
  0  0  0  0  0 1
6	% 
  0 -2  0  1 -1 0
  1 -3 -1  1 -1 0
 -2  7  2 -3  3 0
  1 -2  1  1  0 0
  0 -1 -1  0 -1 0
  0  0  0  0  0 1
2-1;1,1;1;1 1 3
9 
#2 
6	% 
  0 0  0 0 -1 0
  0 0  0 1  1 0
  0 0  0 0  0 1
 -1 0  1 0  0 0
  0 0 -1 0  0 0
  0 1  0 0  0 0
6	% 
  0 0  0 0 1 0
  0 0  0 0 0 1
  0 0  0 1 0 0
 -1 0  1 0 0 0
  0 0 -1 0 0 0
  0 1  0 0 0 0
3;1,1,1 1 1
1 
#1 
6	% 
 0 0 1  0  0  0
 0 1 0  0  0  0
 1 0 0  0  0  0
 0 0 0  0 -1 -1
 0 0 0 -1  0 -1
 0 0 0  1  1  1
2-1;1,1;1;1 1 15
6 
#1 
6	% 
  0 0  0 1 -1 1
 -1 0  1 0  0 0
  0 0  0 0  1 0
  0 0 -1 0  0 0
  0 1  0 0  0 0
  0 0  0 1  0 0
1,1,1;1;1;1 1 2
27 
#4 
6	% 
  0 0 0 0 0 1
  0 0 1 0 0 0
  0 0 0 1 0 0
  0 0 0 0 1 0
  0 1 0 0 0 0
 -1 0 0 0 0 0
6	% 
  0 0 0 1 0 0
  0 0 1 0 0 0
  0 0 0 0 1 0
  0 0 0 0 0 1
  0 1 0 0 0 0
 -1 0 0 0 0 0
6	% 
 -1  1 -1 -1 0 0
  0  0 -1  1 0 0
  0  0  0  0 1 0
  0  0  0  0 0 1
  0 -1  1  0 0 0
 -1  0  0  0 0 0
6	% 
  0  1  0 0 0 1
  0 -1  0 0 0 0
  0  0  0 1 0 0
  0  0  0 0 1 0
  0  0 -1 0 0 0
 -1  1  0 0 0 0
1,1,1;1;1;1 1 3
27 
#4 
6	% 
  1  1 -1  1 0  0
 -2 -2  2 -1 0 -1
  0  0  0  0 1  0
  0 -1  0  0 0  0
  1  1 -1  0 0  0
  0 -1  1  0 0  0
6	% 
 0  0  0  1 0 1
 0  0  2 -1 0 0
 0  0  0  0 1 0
 1  0  0  0 0 0
 0  0 -1  0 0 0
 0 -1  1  0 0 0
6	% 
  1  1 -1  1  0 0
 -2 -2  2 -1 -1 0
  0  0  0  0  0 1
  0 -1  0  0  0 0
  1  1 -1  0  0 0
  0 -1  1  0  0 0
6	% 
 0  0  0 1  1 0
 0  0  0 0 -1 0
 0  0  0 0  0 1
 1  0  0 0  0 0
 0  0 -1 0  0 0
 0 -1  1 0  0 0
1,1;1,1;1,1 1 3
18 
#2 
6	% 
  0  0 -5 -3  0  0
  1  1 -1  0  0  1
 -1  1  0  0 -1  0
  0  0  3  2  0  0
 -1  0 -1 -1  0 -1
  0 -1 -1 -1  0 -1
6	% 
  0 0 -5  0  0 -3
  0 0  0 -1  0  0
 -1 1  0  0 -1  0
  0 0  3  0  0  2
  0 1 -2  1  0 -1
  1 0 -2  1  0 -1
1,1;1,1;1;1 1 3
54 
#5 
6	% 
 0 0 -5 -3 0  0
 0 0  0  0 0 -1
 0 0  0  0 1  0
 0 0  3  2 0  0
 0 1 -2 -1 0  1
 1 0 -2 -1 0  1
6	% 
 0 0 -5  0 0 -3
 0 0  0 -1 0  0
 0 0  0  0 1  0
 0 0  3  0 0  2
 0 1 -2  1 0 -1
 1 0 -2  1 0 -1
6	% 
 0 0 -5 -3  0 0
 0 0  0  0 -1 0
 0 0  0  0  0 1
 0 0  3  2  0 0
 0 1 -2 -1  1 0
 1 0 -2 -1  1 0
6	% 
  0  0 -5 -3  0 0
  1 -1  0  0  1 0
  0  0  0  0  0 1
  0  0  3  2  0 0
 -1  0 -1 -1 -1 0
  0  1 -2 -1 -1 0
6	% 
  0  0 -5 -3 0  0
  1 -1  0  0 0  1
  0  0  0  0 1  0
  0  0  3  2 0  0
 -1  0 -1 -1 0 -1
  0  1 -2 -1 0 -1
1,1;1,1;1;1 1 2
27 
#4 
6	% 
  0 0 1 0 0 0
  0 0 0 1 0 0
  0 0 0 0 0 1
  0 0 0 0 1 0
  0 1 0 0 0 0
 -1 0 0 0 0 0
6	% 
  0 0 1 0 0 0
  0 0 0 1 0 0
  0 0 0 0 1 0
  0 0 0 0 0 1
  0 1 0 0 0 0
 -1 0 0 0 0 0
6	% 
 0 0 -1 0  0 0
 0 0  0 0 -1 0
 0 0  0 1  1 0
 0 0  0 0  0 1
 0 1  0 0  0 0
 1 0 -1 0  0 0
6	% 
 0 -1 0 0 0 0
 0  0 0 0 1 0
 0  0 0 0 0 1
 0  0 0 1 0 0
 0  0 1 0 0 0
 1 -1 0 0 0 0
1,1;1,1;1,1 1 2
27 
#4 
6	% 
 0  0 1 0 0 0
 0  0 0 1 0 0
 0  0 0 0 0 1
 0  0 0 0 1 0
 1  0 0 0 0 0
 0 -1 0 0 0 0
6	% 
 0  0 1 0 0 0
 0  0 0 1 0 0
 0  0 0 0 1 0
 0  0 0 0 0 1
 1  0 0 0 0 0
 0 -1 0 0 0 0
6	% 
 -2 -1  1 0 0 0
  0  0  0 1 0 0
  0  0  0 0 1 0
  1 -1 -1 0 0 1
  0  1  0 0 0 0
 -1  0  1 0 0 0
6	% 
 -2 -1  1 0 0 0
  0  0  0 1 0 0
  0  0  0 0 0 1
  1 -1 -1 0 1 0
  0  1  0 0 0 0
 -1  0  1 0 0 0
2-1;1,1;1;1 1 8
9 
#2 
6	% 
  0  0  0 0 1 0
  0  0  0 1 0 0
 -1 -1  1 0 0 1
  1  1 -1 0 0 0
  0 -1  1 0 0 0
  0 -1  0 0 0 0
6	% 
 0  0  0 0 1 0
 0  0  0 1 0 0
 0  0  3 0 0 1
 0  0 -1 0 0 0
 0 -1  1 0 0 0
 1  0  0 0 0 0
2-1;1,1;1;1 1 4
9 
#2 
6	% 
  0 0 0 0 1 0
  0 0 0 1 0 0
  0 0 1 0 0 0
  0 0 0 0 0 1
  0 1 0 0 0 0
 -1 0 0 0 0 0
6	% 
 0 0  0 0 1 0
 0 0  0 1 0 0
 0 0 -1 0 0 0
 0 0  0 0 0 1
 0 1  0 0 0 0
 1 0 -1 0 0 0
1,1;1,1;1;1 1 17
18 
#2 
6	% 
  0  0  0  0  0 1
  1  1 -1  1 -1 0
 -1  0  0  0  1 0
 -1 -1  1 -1  0 0
  0 -1  0  0  1 0
  1  1 -1  0 -1 0
6	% 
  0  0  0  0  0 1
 -1  0  1 -1  1 0
  0  1 -1  1  0 0
  0 -1  0  0 -1 0
  1  0  0  1  0 0
  0 -1  0 -1  0 0
1,1;1,1;1,1 1 6
18 
#2 
6	% 
  2 -2  0  0  0 1
  0  1 -1  0 -1 0
 -1  1  0  0  0 0
  0  0  1  0  1 0
  0  0  1  1  0 0
 -1  0  0 -1  0 0
6	% 
 -1 -1  1 0  0 1
  1  0  0 0  0 0
  1  1 -1 0  0 0
  0  0 -1 0 -1 0
  0  0  1 1  0 0
  1  0 -1 0  0 0
1,1,1;1;1;1 1 7
18 
#2 
6	% 
 -1 -1 -1 -1  1 0
  0  0  0  0  0 1
 -1  0 -1  0  0 0
  1  1  1  0 -1 0
  0  1  1  0  0 0
 -1 -1 -1 -1  0 0
6	% 
 -1  2  1 -1  1 0
  0  0  0  0  0 1
 -1  2  0  0  0 0
  1 -2 -1  0 -1 0
  0 -1 -1  0  0 0
 -1  2  1 -1  0 0
1,1,1,1;1;1 1 6
3 
#1 
6	% 
 0  0 0  1  0  0
 0  0 0  0  1  0
 0  0 0  0  0  1
 0 -1 1 -1 -1 -1
 0  1 0  1  1  1
 1 -1 0  0  0  0
1,1,1;1,1;1 1 6
18 
#2 
6	% 
 -1  1  1 0  0  0
  0  0  0 1  1  0
  1 -1 -1 0 -1  0
 -1  0  1 0  0 -1
 -1 -1  1 0  0 -1
  0  0  1 0  0  0
6	% 
  1 -1 -1 0 0 0
  1 -1 -1 1 0 0
 -1  1  1 0 0 1
  1  0 -1 0 0 0
  1  1 -1 0 1 0
  1 -1  0 0 0 0
1,1,1;1,1;1 1 11
12 
#1 
6	% 
 -1  1  1  2  2 0
 -1  1  1  3  3 0
  3 -3 -3 -7 -7 1
 -1  0  1  1  1 0
  0  1  0  2  1 0
  0  0  1  1  1 0
1,1,1;1;1;1 1 14
1 
#1 
6	% 
  0 0  0  0 -1 -1
  0 0  0 -1  0 -1
  0 0  0  1  1  1
  0 0 -1  0  0  0
  0 1  0  0  0  0
 -1 0  0  0  0  0
1,1;1,1;1;1 1 11
9 
#2 
6	% 
 0  0 0 0  0  1
 0  0 0 0 -1  0
 0  0 0 1  1  0
 0  0 1 0  0 -1
 0 -1 0 0  0  1
 1  0 0 0  0  0
6	% 
  0 0  0 0 1  0
  0 0  0 0 0 -1
  0 0  0 1 0  1
  1 0 -1 0 0  0
 -1 1  0 0 0  0
  1 0  0 0 0  0
1,1,1;1;1;1 1 11
9 
#2 
6	% 
  0 0  0 0 1 0
  0 0  0 0 0 1
  0 0  0 1 0 0
  0 1 -1 0 0 0
  0 1  0 0 0 0
 -1 1  0 0 0 0
6	% 
 0  0 0 1 0 0
 0  0 0 0 1 0
 0  0 0 0 0 1
 0 -1 1 0 0 0
 0 -1 0 1 1 0
 1 -1 0 1 1 0
1,1;1,1;1;1 1 26
6 
#1 
6	% 
  0  0  0  0  0 1
 -2  2  2 -1  2 0
 -2  2  2 -2  1 0
  1 -2 -1  1 -1 0
 -2  2  1 -1  1 0
  0 -1  1  0  0 0
1,1,1;1;1;1 1 16
6 
#1 
6	% 
 0  0  0  0  0  1
 0  0  0 -1  0  3
 0  0  0  0 -1 -3
 1 -1  0  0  0  2
 1  0 -1  0  0  2
 1  0  0  0  0  0
1,1,1;1;1;1 1 6
3 
#1 
6	% 
  0 0 0  0  1  0
  0 0 0  0  1  1
  0 0 0 -1 -1 -1
  1 0 0  0  0  0
 -1 0 1  0  0  0
 -1 1 0  0  0  0
1,1;1,1;1;1 1 5
27 
#4 
6	% 
  2 -2 -2 0 0 1
  0  0  0 1 0 0
  0  0  0 0 1 0
 -1  1  1 0 0 0
  0  0 -1 0 0 0
  0 -1  0 0 0 0
6	% 
  2 -2 -2  0 1 0
  0  0  0  1 0 1
  0  0  0 -1 0 0
 -1  1  1  0 0 0
  0  0 -1  0 0 0
  0 -1  0  0 0 0
6	% 
 0  0  3 1 0  0
 0  0  0 0 1  1
 0  0  0 0 0 -1
 0  0 -1 0 0  0
 1  0  0 0 0  0
 0 -1  1 0 0  0
6	% 
 0  0  3 0  0 1
 0  0  0 0 -1 0
 0  0  0 1  1 0
 0  0 -1 0  0 0
 1  0  0 0  0 0
 0 -1  1 0  0 0
1,1;1,1;1;1 1 20
18 
#2 
6	% 
  0  0  0  1 1  1
 -2  2  2 -1 0 -1
  1 -1 -1  0 0  0
  0  0  1  0 0  0
 -2  2  2  0 1  1
  0  1  0  0 0  0
6	% 
  0  0 0  0 0 1
  1 -1 0  0 1 0
 -1  1 0  0 0 0
  0 -1 1  0 0 0
  1 -1 0 -1 0 0
  1  0 0  0 0 0
1,1,1;1;1;1 1 8
18 
#2 
6	% 
  1 -1 -1  1 -1  1
 -1  1  1 -1  0 -1
  0  0 -1  0  0  1
  0  1 -1  0  0  0
  1 -1 -1  0 -1  1
 -1  1  0  0  0 -1
6	% 
 0 0 -2 -1 -1 -1
 0 0  2  2  1  2
 1 0 -2 -1 -1 -1
 1 1 -1  0  0  0
 0 0 -2 -1 -2 -2
 1 0  1  1  1  1
1,1;1,1;1,1 1 4
18 
#2 
6	% 
 -2 1 -1  0 0 0
  0 0  0  0 0 1
  0 0  0  0 1 0
  1 0  1  0 0 0
 -2 1  0  0 0 0
  0 0  0 -1 0 0
6	% 
  0 0 1  0 0 0
  0 0 0  0 0 1
  0 0 0  0 1 0
  0 1 0  0 0 0
 -1 0 0  0 0 0
  0 0 0 -1 0 0
1,1,1;1,1;1 1 9
18 
#2 
6	% 
  2 -1  0 0  0 0
  1  0 -1 0  0 1
 -3  1  1 0  0 0
  1 -1  0 0  0 0
  0  0  0 0 -1 0
  0  0  0 1 -1 0
6	% 
 -1 1  1 0  0 0
  0 0  0 0  0 1
  1 0 -1 0  0 0
  0 0  1 0  0 0
 -1 1 -1 0 -1 0
  0 0  0 1 -1 0
1,1,1,1;1;1 1 3
1 
#1 
6	% 
  0 -1 -1 0 0 -1
 -1  0 -1 0 0 -1
 -1 -1  0 0 0 -1
  1  1  1 0 0  1
  0  0  0 0 1  0
  0  0  0 1 0  0
2-2;1,1,1;1 1 5
8 
#1 
6	% 
 0  0  0  0 0 -1
 0  0  0 -1 0  0
 0  0  0  0 1  0
 1 -1  0  1 1  1
 1  0 -1  1 1  1
 1  0  0  1 1  1
1,1;1,1;1;1 1 7
27 
#4 
6	% 
  0  2 0 1 0 0
 -1  0 1 0 0 0
  0  0 0 0 0 1
  0  0 0 0 1 0
  1 -1 0 0 0 0
  1  0 0 0 0 0
6	% 
 -1 -2 1 0 0 0
  0  0 0 1 0 0
  0  0 0 0 0 1
  0  0 0 0 1 0
  1  0 0 0 0 0
  0 -1 1 0 0 0
6	% 
  0  2 0 0 0 1
 -1  0 1 0 0 0
  0  0 0 1 0 0
  0  0 0 0 1 0
  1 -1 0 0 0 0
  1  0 0 0 0 0
6	% 
  0  0  0 0 0 1
 -1  0  1 0 0 0
  0  0  0 1 0 0
  0  0  0 0 1 0
  1 -1  0 0 0 0
  0  0 -1 0 0 0
1,1,1;1;1;1 1 1
1 
#1 
6	% 
  0 -1 -1 0 0 0
 -1  0 -1 0 0 0
  1  1  1 0 0 0
  0  0  0 1 0 0
  0  0  0 0 1 0
  0  0  0 0 0 1
2-2;1,1;1,1 1 3
12 
#2 
6	% 
  0  0 0 1 0 0
  0  0 0 0 1 0
  0  0 0 0 0 1
  1 -1 0 0 0 0
 -1  0 1 0 0 0
  1  0 0 0 0 0
6	% 
  0  0 0 0  0 1
  0  0 0 0 -1 0
  0  0 0 1  1 0
  1 -1 0 0  0 0
 -1  0 1 0  0 0
  1  0 0 0  0 0
2-1;1,1;1;1 1 2
9 
#2 
6	% 
  1  1 -1 0 0 1
  0  0  0 1 0 0
  0  0  0 0 1 0
  0  1 -1 0 0 0
  1 -1  0 0 0 0
 -1  0  0 0 0 0
6	% 
  1  1 -1 1 0 0
  0  0  0 0 1 0
  0  0  0 0 0 1
  0  1 -1 0 0 0
  1 -1  0 0 0 0
 -1  0  0 0 0 0
2-1;1;1;1;1 1 2
3 
#1 
6	% 
  0 0  0 1 0 0
  0 0  0 0 1 0
  0 0  0 0 0 1
 -1 0  1 0 0 0
  0 0 -1 0 0 0
  0 1  0 0 0 0
1,1;1,1;1;1 1 19
9 
#2 
6	% 
  0  2 0 0 0 1
 -1  0 1 0 0 0
  1 -1 0 0 0 0
  0  0 0 0 1 0
  1  0 0 0 0 0
  0  0 0 1 0 0
6	% 
 -1 -2 1 0 0 0
  0  0 0 0 0 1
  1  0 0 0 0 0
  0  0 0 0 1 0
  0 -1 1 0 0 0
  0  0 0 1 0 0
1,1,1;1;1;1 1 10
9 
#2 
6	% 
 -1 1 -1 0  0 1
 -1 0  1 0  0 0
  1 0  0 0  0 0
  0 0  0 0 -1 0
  0 0  0 1  0 0
 -1 1  0 0  0 0
6	% 
  0  1  0 0  0 1
  0 -1  0 0  0 0
  0  0 -1 0  0 0
  0  0  0 0 -1 0
  0  0  0 1  0 0
 -1  1  0 0  0 0
1,1,1;1;1;1 1 5
1 
#1 
6	% 
  0 -1 -1 0 0 0
 -1  0 -1 0 0 0
  1  1  1 0 0 0
  0  0  0 0 0 1
  0  0  0 0 1 0
  0  0  0 1 0 0
2-2;2-1;1;1 1 5
4 
#1 
6	% 
  0 0  0 1 0 0
  0 0  0 0 1 0
  0 0  0 0 0 1
 -1 1  0 0 0 0
  1 0 -1 0 0 0
 -1 0  0 0 0 0
2-1;2-1;1,1 1 3
3 
#1 
6	% 
  0  0  0 1 0 0
  0  0  0 0 1 0
  1  1 -1 0 0 1
  0  1 -1 0 0 0
  1 -1  0 0 0 0
 -1  0  0 0 0 0
2-1,2-1;1;1 1 2
12 
#1 
6	% 
  0  0  1 1 0 0
 -1  1  0 0 1 0
  0  0  0 0 0 1
  0 -1  1 0 0 0
  0  0 -1 0 0 0
  1  0  0 0 0 0
2-1,2-1;1,1 1 2
12 
#1 
6	% 
  0  0  1 1 0 0
 -1  1  0 0 1 0
  1  1 -1 0 0 1
  1  0  0 0 0 0
  0  0 -1 0 0 0
  0 -1  1 0 0 0
2-1;2-1;1;1 1 3
3 
#1 
6	% 
  0 0  0 1 0 0
  0 0  0 0 1 0
  0 0  0 0 0 1
 -1 0  1 0 0 0
  0 0 -1 0 0 0
  0 1  0 0 0 0
2-1,2-1;1;1 2 2
12 
#1 
6	% 
 0  0  0 1 0 0
 0  0  0 0 1 0
 0  0  0 0 0 1
 0 -1  1 0 0 0
 0  0 -1 0 0 0
 1  0  0 0 0 0
2-1,2-1;1,1 2 2
12 
#1 
6	% 
  0  0  0 1 0  0
  0  0  0 0 1  0
 -1 -1  1 0 0 -1
  0 -1  1 0 0 -1
  0  0 -1 0 0  0
  1  0  0 0 0  1
2-1;1,1;1;1 1 10
6 
#1 
6	% 
  0  0 0  0  0 1
  0 -1 1 -1  1 0
  0  0 0  0  1 0
 -1  1 0  0  0 0
  1  0 0  1 -1 0
  0  0 0  1  0 0
2-1;1;1;1;1 1 9
3 
#1 
6	% 
  0 0  0 0 0 1
 -1 0  1 0 0 0
  0 0  0 0 1 0
  0 0 -1 0 0 0
  0 1  0 0 0 0
  0 0  0 1 0 0
2-1;1,1;1;1 1 11
3 
#1 
6	% 
 0  0  0 0 0 1
 0 -1  0 0 0 0
 0  0  1 0 0 0
 0  0  0 0 1 0
 1  0 -1 0 0 0
 0  0  0 1 0 0
1,1;1,1;1;1 1 8
18 
#2 
6	% 
  0  0 0  1 -1 1
  1 -1 1  0  0 0
 -1  0 0  0  0 0
  0  0 0 -1  0 0
  0  0 0  0 -1 0
  1 -1 0  0  0 0
6	% 
 0  0 0  1 -1 1
 0 -1 0  0  0 0
 0  0 1  0  0 0
 0  0 0 -1  0 0
 0  0 0  0 -1 0
 1 -1 0  0  0 0
2-2;1,1,1;1 1 4
4 
#1 
6	% 
  0 0  0 1  0  1
  0 0  0 0 -1  0
  0 0  0 0  0 -1
 -1 1  0 0  0  0
  1 0 -1 0  0  0
 -1 0  0 0  0  0
1,1;1,1;1;1 1 10
36 
#3 
6	% 
 -1 -1  1 0  0 1
  1  0 -1 0  0 0
  1  1 -1 0  0 0
  0  0  0 0 -1 0
  0  0  0 1  0 0
  1  0  0 0  0 0
6	% 
  0  0  3 0  0 1
  1  0 -1 0  0 0
  0  0 -1 0  0 0
 -1 -1  1 0 -1 0
  1  1 -1 1  0 0
  0 -1  0 0  0 0
6	% 
 0 0  3  0  0 1
 1 0 -1  0  0 0
 0 0 -1  0  0 0
 0 0  0  0 -1 0
 0 0  0 -1  0 0
 0 1 -1  0  0 0
1,1;1,1;1,1 1 8
6 
#1 
6	% 
  0  0  0  1  0  0
  0  0  0  0  0  1
 -1  1 -1  0 -1  0
  1  0  0  0  1  1
  1 -1  0  1  1  0
 -1  0  1 -1  0 -1
1,1;1,1;1;1 1 18
18 
#2 
6	% 
  0  0 0  0 0  1
  0  0 0  1 0  0
  0  0 0  0 1  0
  1 -1 0  1 0  0
  1  0 0  0 0  1
 -1  0 1 -1 0 -1
6	% 
 -1  1 -1  0 -1 0
  0  0  0  1  0 0
  0  0  0  0  0 1
  0 -1  0  1  0 0
 -1  0  0  0 -1 0
  0  0  1 -1  1 0
1,1;1,1;1;1 1 16
18 
#2 
6	% 
  0 0 1  0 0 0
  0 0 0  0 0 1
  0 0 0  1 0 0
  0 1 0 -1 1 0
  0 0 0  0 1 0
 -1 0 0 -1 1 0
6	% 
 -2  1 -1 0  0 0
  0  0  0 0  0 1
  0  0  0 0  1 0
  2 -1  0 1 -1 0
  0  0  0 1  0 0
 -1  0 -1 1 -1 0
2-1;1;1;1;1 1 5
3 
#1 
6	% 
  0 0  0 1 0 0
  0 0  0 0 1 0
  0 0  0 0 0 1
  0 1  0 0 0 0
  0 0 -1 0 0 0
 -1 0  1 0 0 0
2-1;1,1;1;1 1 20
3 
#1 
6	% 
 0  0  0 0 1 0
 0  0  0 1 0 0
 1  1 -1 0 0 1
 0 -1  0 0 0 0
 0  1 -1 0 0 0
 1 -1  0 0 0 0
2-1;1;1;1;1 1 16
1 
#1 
6	% 
  0 0 0 1 0 0
  0 0 0 0 1 0
  0 0 0 0 0 1
 -1 1 0 0 0 0
  1 0 0 0 0 0
 -1 0 1 0 0 0
1,1;1,1;1;1 1 33
6 
#1 
6	% 
  0  0  0  0 0 1
  0  0  0 -1 0 0
  0  0  0  0 1 0
 -1  1  0  0 0 0
  0  1 -1  0 0 0
  0 -1  0  0 0 0
1,1;1,1;1,1 1 9
6 
#1 
6	% 
 1 -1  1 0  0 1
 0 -1  0 0  1 0
 1  0 -1 1  0 0
 1  0 -1 1 -1 0
 0  1 -1 1 -1 0
 0  0  1 0  0 0
1,1;1,1;1;1 1 24
12 
#1 
6	% 
  0 0 0  0  0  1
  0 0 0 -1  0  0
  0 0 0  0 -1  0
 -1 0 1  0  0  0
 -1 1 0  0  0 -1
  1 0 0  0  0  1
2-2;1,1;1,1 1 4
8 
#1 
6	% 
 0  0  0  1 -1  1
 0  0  0  0  1 -1
 0  0  0 -1  0 -1
 1 -1  0  0  0  0
 1  0 -1  0  0  0
 1  0  0  0  0  0
1,1;1;1;1;1 1 16
9 
#2 
6	% 
  0 0  2 0 0 1
  0 0 -1 0 0 0
  0 0  0 0 1 0
  0 1  0 0 0 0
  0 0  0 1 0 0
 -1 0  1 0 0 0
6	% 
  0 0  0 0 0 1
  1 1 -1 0 0 0
  0 0  0 0 1 0
 -1 0  0 0 0 0
  0 0  0 1 0 0
 -1 0  1 0 0 0
1,1;1;1;1;1 1 4
27 
#4 
6	% 
 0  0  3 0 0 1
 0  0  0 1 0 0
 0  0  0 0 1 0
 0  0 -1 0 0 0
 1  0  0 0 0 0
 0 -1  1 0 0 0
6	% 
 -1 -1  1 0 0 1
  0  0  0 1 0 0
  0  0  0 0 1 0
  1  1 -1 0 0 0
  0 -1  0 0 0 0
  0 -1  1 0 0 0
6	% 
 0  0  3 0 1 0
 0  0  0 1 0 0
 0  0  0 0 0 1
 0  0 -1 0 0 0
 1  0  0 0 0 0
 0 -1  1 0 0 0
6	% 
 -1 -1  1 0 1 0
  0  0  0 1 0 0
  0  0  0 0 0 1
  1  1 -1 0 0 0
  0 -1  0 0 0 0
  0 -1  1 0 0 0
1,1;1;1;1;1 1 9
9 
#2 
6	% 
  0 0 1 0 0 0
  0 0 0 0 0 1
  0 0 0 0 1 0
  0 1 0 0 0 0
  0 0 0 1 0 0
 -1 0 0 0 0 0
6	% 
 0 -1 0 0 0 0
 0  0 0 0 0 1
 0  0 0 0 1 0
 0  0 1 0 0 0
 0  0 0 1 0 0
 1 -1 0 0 0 0
1,1;1;1;1;1 1 2
9 
#2 
6	% 
  0 0 1 0 0 0
  0 0 0 0 0 1
  0 0 0 1 0 0
  0 0 0 0 1 0
  0 1 0 0 0 0
 -1 0 0 0 0 0
6	% 
 0 -1 0 0 0 0
 0  0 0 1 0 0
 0  0 0 0 1 0
 0  0 0 0 0 1
 0  0 1 0 0 0
 1 -1 0 0 0 0
1,1;1;1;1;1 1 5
9 
#2 
6	% 
  0 0  0  1  0 0
  0 0  0 -1 -1 0
  0 0  0  0  0 1
  0 1  0  0  0 0
  0 0 -1  0  0 0
 -1 0  1  0  0 0
6	% 
  0 0  0 0 0 -1
  0 0  0 1 0  1
  0 0  0 0 1  0
  0 1  0 0 0  0
  0 0 -1 0 0  0
 -1 0  1 0 0  0
1,1;1;1;1;1 1 12
18 
#2 
6	% 
  0  0  0 0 0 1
 -1  0  0 0 0 0
 -1 -1  1 0 0 0
  0  0 -1 0 1 0
 -1  0  1 0 0 0
  0  0  1 1 0 0
6	% 
  0  0  0 0 0 1
  0  1  0 0 0 0
  0  0  1 0 0 0
 -1 -1  1 0 1 0
 -1  0  1 0 0 0
  1  1 -1 1 0 0
1,1;1;1;1;1 1 10
6 
#1 
6	% 
 0  0  0 0  0 -1
 0  0  0 1  0  1
 0 -1  0 0  0  0
 0  0 -1 0  0  0
 0  0  0 0 -1 -1
 1  0 -1 0  0  0
2-2;1,1;1;1 1 6
12 
#2 
6	% 
  0 0  0 1 0 0
  0 0  0 0 0 1
  0 0  0 0 1 0
 -1 1  0 0 0 0
  1 0 -1 0 0 0
 -1 0  0 0 0 0
6	% 
  0 0  0 1 0 0
  0 0  0 0 1 0
  0 0  0 0 0 1
 -1 1  0 0 0 0
  1 0 -1 0 0 0
 -1 0  0 0 0 0
2-2;1,1;1;1 1 5
12 
#2 
6	% 
  0  0 0 0 0 1
  0  0 0 1 0 0
  0  0 0 0 1 0
  1 -1 0 0 0 0
 -1  0 1 0 0 0
  1  0 0 0 0 0
6	% 
  0  0 0 1 0 0
  0  0 0 0 0 1
  0  0 0 0 1 0
  1 -1 0 0 0 0
 -1  0 1 0 0 0
  1  0 0 0 0 0
3;1,1;1 1 1
3 
#2 
6	% 
 0 0 1 0 0  0
 0 1 0 0 0  0
 1 0 0 0 0  0
 0 0 0 0 0 -1
 0 0 0 1 0  1
 0 0 0 0 1  0
6	% 
 0 0 1 0  0 0
 0 1 0 0  0 0
 1 0 0 0  0 0
 0 0 0 0 -1 0
 0 0 0 1  1 0
 0 0 0 0  0 1
1,1;1;1;1;1 1 26
3 
#2 
6	% 
 0 0 0 0 0 -1
 0 0 0 1 0  1
 0 0 0 0 1  0
 0 0 1 0 0  0
 1 0 0 0 0  0
 0 1 0 0 0  0
6	% 
 0 0 0 0 -1 0
 0 0 0 1  1 0
 0 0 0 0  0 1
 0 0 1 0  0 0
 1 0 0 0  0 0
 0 1 0 0  0 0
1,1;1;1;1;1 1 24
9 
#2 
6	% 
  0 0  0 1 0 0
  0 0  0 0 1 0
  0 0  0 0 0 1
  0 0 -1 0 0 0
  0 1  0 0 0 0
 -1 0  0 0 0 0
6	% 
 -1 -1  1 0 0 -1
  0  0  0 1 0  0
  0  0  0 0 1  0
  0  0 -1 0 0  0
  1  0  0 0 0  1
  0 -1  0 0 0 -1
2-2;1,1;1;1 1 7
8 
#1 
6	% 
  0 0 0 0 0 1
  0 0 0 0 1 0
  0 0 0 1 0 0
 -1 1 0 0 0 0
 -1 0 1 0 0 0
 -1 0 0 0 0 0
1,1;1;1;1;1 1 35
6 
#1 
6	% 
  0  0  0  0  0 1
  2  2 -2  1 -2 0
 -2 -2  2 -2  1 0
  0  0  1  0  0 0
  2  1 -1  1 -1 0
  1  2 -1  1 -1 0
3;1,1;1 1 4
2 
#1 
6	% 
 0 0 0 1 -1 1
 0 0 0 0  1 0
 0 0 0 1  0 0
 0 0 1 0  0 0
 0 1 0 0  0 0
 1 0 0 0  0 0
1;1;1;1;1;1 1 3
3 
#1 
6	% 
  0 0  0 0 1 0
  0 0  0 1 0 0
  0 0  0 0 0 1
  0 1  0 0 0 0
  0 0 -1 0 0 0
 -1 0  1 0 0 0
1;1;1;1;1;1 1 8
3 
#1 
6	% 
 0  0  0 0 0 1
 0  0  0 0 1 0
 0 -1  0 0 0 0
 0  0 -1 0 0 0
 0  0  0 1 0 0
 1  0 -1 0 0 0
1,1;1;1;1;1 1 40
3 
#1 
6	% 
 0  0  0 0 0 1
 0  0  0 0 1 0
 0  0  0 1 0 0
 1  0 -1 0 0 1
 1 -1  0 0 0 1
 1  0  0 0 0 0
1,1;1;1;1;1 1 38
2 
#1 
6	% 
 0  0 0 1 -1 1
 0  0 0 0  1 0
 0  0 0 1  0 0
 0 -1 0 0  0 0
 1  0 0 0  0 0
 0  0 1 0  0 0
1;1;1;1;1;1 1 24
1 
#1 
6	% 
 0 0 0 0 0 1
 0 0 0 0 1 0
 0 0 0 1 0 0
 0 0 1 0 0 0
 0 1 0 0 0 0
 1 0 0 0 0 0
1;1;1;1;1;1 1 17
1 
#1 
6	% 
  0 0 0 1 0 0
  0 0 0 0 1 0
  0 0 0 0 0 1
 -1 0 1 0 0 0
  1 0 0 0 0 0
 -1 1 0 0 0 0
2-2;1,1;1;1 1 11
8 
#1 
6	% 
  0 0 0 0  0 -1
  0 0 0 1  0  1
  0 0 0 0 -1 -1
 -1 1 0 0  0  0
 -1 0 1 0  0  0
 -1 0 0 0  0  0
2-2;1,1;1;1 1 8
4 
#1 
6	% 
 0  0  0 0 0 1
 0  0  0 0 1 0
 0  0  0 1 0 0
 1 -1  0 0 0 0
 1  0 -1 0 0 0
 1  0  0 0 0 0
2-2;1;1;1;1 1 5
4 
#1 
6	% 
  0 0  0 0 0 1
  0 0  0 1 0 0
  0 0  0 0 1 0
 -1 1  0 0 0 0
  1 0 -1 0 0 0
 -1 0  0 0 0 0
3;1;1;1 1 1
1 
#1 
6	% 
 0 0 1 0 0 0
 0 1 0 0 0 0
 1 0 0 0 0 0
 0 0 0 1 0 0
 0 0 0 0 1 0
 0 0 0 0 0 1
2-2;1;1;1;1 1 7
4 
#1 
6	% 
  0 0 0 0 0 1
  0 0 0 0 1 0
  0 0 0 1 0 0
 -1 1 0 0 0 0
 -1 0 1 0 0 0
 -1 0 0 0 0 0
3;1;1;1 1 3
1 
#1 
6	% 
 0 0 0 0 0 1
 0 0 0 0 1 0
 0 0 0 1 0 0
 0 0 1 0 0 0
 0 1 0 0 0 0
 1 0 0 0 0 0
