#38

2-1;1;1;1;1 1 10
1 
#1 
6	% 
 1 0 0 0 0 0
 0 1 0 0 0 0
 0 0 1 0 0 0
 0 0 0 1 0 0
 0 0 0 0 1 0
 0 0 0 0 0 1
1,1,1,1,1,1 1 1
1 
#1 
6	% 
 1 0 0 0 0 0
 0 1 0 0 0 0
 0 0 1 0 0 0
 0 0 0 1 0 0
 0 0 0 0 1 0
 0 0 0 0 0 1
2-1;1,1,1,1 1 2
1 
#1 
6	% 
  0  0 0 -1  0  1
  0  0 0  0  0  1
  0  1 1  1 -1  2
 -1  0 0  0 -1  2
  1  1 0  0  1  0
 -1 -1 0  0  0 -2
1,1,1,1,1;1 1 2
8 
#4 
6	% 
 -1  0  0 -1  0 -1
 -1  0  0 -1  0  0
  0  0  1 -1  0 -1
  0 -1 -1 -1  1 -1
  0  0  0  2 -1  1
 -1 -1  0 -2  0 -1
6	% 
  0  0 -1  0 0  0
 -1  0  0  0 0  0
 -1  0 -1  0 0  1
 -1  0 -1  1 0  0
  1 -1  1 -1 0 -1
 -1  0 -1  1 1  1
6	% 
  0 0 0  1  0  0
  1 0 0  0  0  0
  0 0 0  0  1  0
  1 1 1  1  1  1
 -1 0 0 -1 -1 -1
  1 0 1  1  1  0
6	% 
 0  0 -1  1 -1  0
 0  1  0  1  1  1
 0  1  0  1  0  1
 0  1 -1  0  0  0
 1 -1  1 -1  0 -1
 1  2 -1  1  1  1
1,1,1,1;1,1 1 2
8 
#4 
6	% 
 0  0  0 1 0  0
 0  0  0 0 0  1
 0 -1 -1 0 1 -1
 1  0  0 0 0  0
 0  1  0 0 0  0
 0  0  0 0 1  0
6	% 
  0  0 0  1 0  0
 -1  0 0  0 0 -1
  0  0 1  1 0  1
  0 -1 0  0 1  0
  1  1 0 -1 0  0
  0  1 0  1 0  0
6	% 
  0  1  0  0 0  0
  1  0  0  0 0  0
  1  1  1 -1 1  1
  0  0  1  2 0 -1
 -1 -1 -1 -1 0  0
  1  1  0 -2 0  1
6	% 
  0 1 1 0  1  0
  0 0 0 0  0 -1
  0 1 0 1  1  1
  1 0 0 0  1  0
 -1 0 0 0 -2  0
 -1 1 0 0 -1  0
2-1;1,1,1;1 1 3
1 
#1 
6	% 
 0 0  0 -1 0 -1
 0 0 -1  0 0 -1
 0 0  1  1 0  1
 0 1  0  0 0  0
 1 0  0  0 0  0
 0 0  0  0 1  0
2-1;1,1,1;1 1 6
3 
#1 
6	% 
  0 -1 -1 -1  1 -1
  0  1  1  0  0  1
  0  1  2  1 -1  1
 -1 -1  0  0 -1  0
  0  0 -1  0  1 -1
  0 -1 -1 -1  1 -2
1,1,1,1;1,1 1 3
15 
#3 
6	% 
 -1 -1  0 1  1  0
  0 -1  0 0  1  0
  2  1  1 0  0  0
  0  0  0 0 -2  1
 -2 -2 -1 0  0  0
 -1  0  0 0  1 -1
6	% 
 1  0 1 1  0  1
 1  1 1 0  1  1
 0  0 0 0  1  0
 0  0 0 0 -1 -1
 0  1 1 0  0  0
 0 -1 0 0  0  0
6	% 
  0 -2 -1  0 -1 -1
  0 -2 -1 -1  0 -1
  0  1  0  0  1  1
 -1  1  1  1  0  1
 -1 -2 -1 -1 -1 -1
  0 -1 -1  0 -1  0
1,1,1;1,1,1 1 1
1 
#1 
6	% 
  0 -1  0  0 -1  0
 -1  0  0  0 -1  0
  1  1  0  0  1  0
  0  0  0 -1  0 -1
  0  0 -1  0  0 -1
  0  0  1  1  0  1
1,1,1;1,1,1 1 3
15 
#3 
6	% 
 -1 -1 -1  0 -1  1
  0  1  0 -1 -1  0
 -1 -1 -1  0  1  0
  1  1  1  0  0  0
  1 -1  0  0  1 -1
 -1  0  0  0 -1  1
6	% 
  0 -1 0  0 1 0
  0  0 0 -1 0 0
  1  0 1  1 0 0
  0  1 0  0 0 0
  1  0 0  1 0 1
 -1 -1 0  0 0 0
6	% 
 -1 -1 -1  0  0  1
  0 -1  1  1 -1  1
  0  0 -1 -1  1 -1
  1  0  1  0  0  0
  0  1 -1 -1  0 -1
 -1 -1  0  0 -1  1
2-1;1,1;1,1 1 5
3 
#1 
6	% 
 0 0  1 1 0  1
 0 1  1 0 0 -1
 0 0  0 0 0 -1
 1 0  0 0 0  0
 0 0 -1 0 1  1
 0 0 -1 0 0  0
1,1,1,1;1;1 1 4
6 
#3 
6	% 
  0  0 -1 0  0  0
  0  0  0 0  0 -1
  0  2  3 1 -2  1
  0 -1 -2 0  1  0
 -1  0  1 0 -1  0
  0  0  1 0 -1  0
6	% 
  0 0 0 0 0 -1
  0 0 1 0 0  0
 -1 0 0 1 0  1
  1 0 0 0 0  0
  0 1 0 0 0  0
  0 0 0 0 1  0
6	% 
 0 1  0 0 0  0
 1 0  0 0 0  0
 0 0  0 0 1  0
 0 0  0 1 0  0
 0 0 -1 0 0  0
 0 0  0 0 0 -1
1,1,1;1,1;1 1 10
48 
#6 
6	% 
  0  0 0  1  0 -2
  0 -1 0  1  1 -2
  0  1 1 -3 -1  5
  0  0 0  0  0 -1
  0 -1 0  1  0 -1
 -1 -1 0  0 -1  0
6	% 
  2  0  1 0  0  1
  1  0  0 0  0  0
 -4  0 -1 1  0 -1
  1  0  1 0  0  0
  0  0  0 0 -1  0
 -1 -1  0 0 -1  0
6	% 
  0  0 0  1  0 -2
  1  1 0  1  1 -2
 -2 -2 1 -3 -2  5
  0  0 0  1  0 -1
  1  0 0  0  1 -1
  0 -1 0  0  1  0
6	% 
 0 -1 0 -2 -1  0
 0 -1 0 -3 -1  0
 1  3 0  7  3  0
 0  0 0 -1 -1  0
 0 -1 0 -1  0 -1
 0  0 1  0  0 -1
6	% 
  0  1  0  0 -1  0
  0  3  1 -1 -1  1
  0 -5 -1  1  4 -1
  1  1  0  0  0  0
 -1  1  0 -1 -1  1
  0  0 -1  0  0  1
6	% 
 -1  0  0  0 -2  0
 -2 -2 -1  1 -2 -1
  4  3  1 -1  5  1
  0  0  0  0 -1  0
 -1 -1 -1  0 -1  0
  0  0 -1  0  0  1
1,1,1;1,1;1 1 4
8 
#4 
6	% 
  0  0  0 1  0  1
  0  0 -1 0  0  0
  0  0  0 0  0 -1
 -2  0  0 0 -1  0
 -1  0  0 0  0  0
 -1 -1  0 0 -1  0
6	% 
  0  0  1 0  0 1
  0  0  1 0  0 0
  0  0 -1 1  0 0
  0 -1  0 0  0 0
 -1 -1  0 0 -1 0
  0 -1  0 0  1 0
6	% 
  0 -1  0  0 -1  0
 -1  0  0  0 -1  0
  1  1  0  0  1  0
  0  0 -1 -1  0  0
  0  0 -1 -1  0 -1
  0  0 -1  0  0  1
6	% 
  0  0  0  1  0  0
  0  0  0  1  0  1
  0  0 -1 -1  0 -1
 -1 -2  0  0 -1  0
  0 -2  0  0 -1  0
 -2 -1  0  0 -1  0
1,1,1;1,1;1 1 7
30 
#6 
6	% 
 1  1 0  2 -1 0
 0  0 0 -1  0 0
 0 -1 0 -1  1 0
 0  0 0 -1  0 1
 0  0 1 -1  0 1
 1  1 0  1  0 0
6	% 
  2  1 0  2  1 0
  0  0 0  1  0 0
 -1 -1 0 -4 -1 0
  0  0 0  0  0 1
  0  0 1 -1  0 1
  1  1 0  1  0 0
6	% 
 0  0 1  2  0 1
 0 -1 0  0  1 0
 0  2 0 -1 -2 0
 1  0 0  0  1 0
 1  0 0  0  0 0
 0  0 1  1  0 0
6	% 
  0  0 1 0  0 1
 -2 -1 0 0 -1 0
  4  2 0 1  2 0
 -1  0 0 0  0 0
  0 -1 0 0  0 0
  0  0 1 0  0 0
6	% 
  2 0  1  2 0  1
 -1 0  0  2 0  0
  0 0 -1 -5 0 -1
  0 1  0  1 0  0
  1 1  0  0 1  0
  1 0  1  1 0  0
6	% 
 0  1 0  0 1 0
 0  0 0 -1 0 0
 0 -1 0  3 0 0
 0  0 1 -1 0 0
 0  0 1 -1 0 1
 1  1 0  0 1 0
1,1,1,1;1;1 1 5
15 
#3 
6	% 
  0  0  0 -1 0  0
  0 -1 -1 -2 1 -1
 -1  0 -1 -1 0  0
  2  1  1  2 0  1
 -1  0 -1 -2 1 -1
  1  0  0  1 0  1
6	% 
 -1  0  0 1  0  0
 -1 -1 -1 0 -1 -1
 -1  0 -1 0  0  0
  2  1  1 0  0  1
 -2  0 -1 0 -1 -1
  1  0  0 0  0  1
6	% 
 0  0  0  0  1  0
 0 -1 -1 -1  0 -1
 1  0  0  0  2  0
 0  1  1  0 -1  0
 0 -1  0  0  1 -1
 1  1  0  0 -1  0
1,1,1,1;1;1 1 6
3 
#2 
6	% 
  0 1  0 1  1  0
  0 0  0 0  0 -1
  0 0 -1 0  0  0
  0 0  0 0 -1  0
  1 1  0 0  1  0
 -1 0  0 0 -1  0
6	% 
  0 -1 0 -1 1 0
  0  0 1  0 0 0
  0  0 0  0 0 1
  0  1 0  0 0 0
 -1 -1 0  0 0 0
  1  1 0  0 1 0
1,1,1;1,1;1 1 11
18 
#3 
6	% 
  0 -3 -2  0 -3  2
  0 -1 -2  1 -1  0
  0  4  5 -2  4 -1
 -1 -2 -1 -1 -2  1
  1  0 -1  1  0  0
  0 -2 -1  0 -1  1
6	% 
 0  1 0  0 -1  0
 0  1 0  1 -1 -2
 0 -2 1 -2  2  3
 0  1 0  0  0  0
 0  1 0  1  0 -1
 1  1 0  0  0  0
6	% 
 0 -1  0 -2 -1  0
 0  1  1 -1  1 -1
 0 -1 -2  3 -1  2
 0  1 -1  0 -2 -1
 0  0  1 -1  1  0
 1  0  0 -1  0  0
1,1;1,1;1,1 1 4
15 
#3 
6	% 
  0  0  1 -1  0 1
 -1 -1  0  0 -1 0
  1  0  0 -2  1 0
  0  0 -1  1  0 0
  0  0  1  0  0 0
 -1 -1  0 -2  0 0
6	% 
  1 1 0  0  1  0
  0 0 1 -1  0  1
  0 0 0  0  0 -1
 -1 0 0  0 -1  0
  0 0 0  0  1  0
  0 0 0 -1  0  1
6	% 
  0  0  1  2  0 -1
  0 -2  0  0 -1  0
 -1  0  0  0  0  0
  0  0 -1 -1  0  0
  0  0  0  2  0 -1
 -1 -1  0  0 -1  0
1,1,1;1;1;1 1 14
1 
#1 
6	% 
  0  0 1  0 0  1
  0  0 0 -1 0  0
  0  0 0  0 0 -1
  0  1 0  0 0  0
 -1 -1 0  0 0  0
  1  1 0  0 1  0
1,1;1,1;1;1 1 26
9 
#2 
6	% 
 0 0 -1  0  0 1
 0 1  1  2 -1 0
 0 1 -1  3 -1 0
 1 0  0 -1  1 0
 0 0  0  1 -1 0
 1 1  0  0  1 0
6	% 
  0  0  0 1  0  0
  0  2  2 0  2 -1
  0  2  1 0  2 -2
 -1 -2 -1 0 -2  1
  0  1  1 0  2 -1
 -1  0  0 0 -1  0
1,1,1;1;1;1 1 16
9 
#2 
6	% 
 0 0  0 -1 0 0
 0 0 -1 -2 0 0
 0 0  0  2 0 1
 0 1  0 -1 0 0
 1 1  0 -1 0 0
 1 1  0  0 1 0
6	% 
 0  0 0 -1 0  0
 0  0 1 -1 0  0
 0  0 0  1 0 -1
 0 -1 0 -1 0  0
 1  0 0 -1 0  0
 1  0 0  0 1  0
1,1,1;1;1;1 1 6
2 
#2 
6	% 
  0 0 1  0 0  1
  0 0 0 -1 0  0
  0 0 0  0 0 -1
 -1 0 0  0 0  0
  1 0 0  0 1  0
  1 1 0  0 0  0
6	% 
  0 -1 0  0 -1 0
 -1  0 0  0 -1 0
  1  1 0  0  1 0
  0  0 0  1  0 0
  0  0 0 -1  0 1
  0  0 1 -1  0 0
1,1;1,1;1;1 1 20
24 
#5 
6	% 
 0  0 -1  0  0 1
 0  1  1  2 -1 0
 0 -1  0 -2  1 0
 1  1  0  1  0 0
 0  1 -1  3 -1 0
 0  1  0  1  0 0
6	% 
  0 0 -1 0 0 1
 -1 0  1 0 0 0
  1 0  0 0 0 0
  0 1  0 0 0 0
 -1 0 -1 1 0 0
  0 0  0 0 1 0
6	% 
 1  0  0  0 0  0
 0  0  1 -1 1  1
 0  0 -1  1 0 -1
 0  0  1 -1 0  0
 0 -1  1 -1 0  1
 0  0  1  0 0  0
6	% 
  0 -1  0  0  0  0
 -1  1  1 -1  0  1
  0  0 -1  1  0 -1
  0  0  1 -1  0  0
 -1 -2  1 -1 -1  1
  0  0  0 -1  0  1
6	% 
  1 1  0  0  1  0
  1 0  1 -1 -1  1
 -2 0 -1  1  0 -1
  1 0  1 -1  0  0
  2 0  1 -1  1  1
  1 0  0 -1  0  1
1,1,1;1;1;1 1 8
24 
#5 
6	% 
 0  0  0  1  0 0
 0  1  0 -1 -1 1
 1  0  0  1  1 0
 1  0  0  0  0 0
 0 -1 -1  1  1 0
 1  1  0 -1  0 0
6	% 
 -1 0  0 1  0 0
  2 0  0 0  0 1
  0 1  0 0  0 0
  0 1  0 0 -1 0
 -2 0 -1 0  0 0
  1 1  0 0  0 0
6	% 
 -1 0 0 -1 0  0
  2 0 0 -1 1  0
 -1 0 1 -1 0  0
  0 0 1  0 0 -1
 -1 1 0  1 0  0
  1 0 1  0 0  0
6	% 
  1 0 0 -1  0  0
 -1 0 0  0 -1  0
  0 0 1 -1  0  0
  0 0 1  0  0 -1
  1 1 0  0  0  0
  0 0 1  0  0  0
6	% 
 0  2  1 -1 1  1
 1 -2 -1  1 0 -1
 0  1  1 -1 0  0
 0  0  1  0 0 -1
 1  3  1 -1 1  1
 0 -1  0  0 0 -1
2-1;1,1;1;1 1 15
3 
#1 
6	% 
 0 0 1  2 0 -1
 0 0 0  0 1  0
 0 0 0 -1 0  1
 1 0 0  0 0  0
 0 1 0  0 0  0
 0 0 1  0 0  0
2-1;1,1;1;1 1 12
3 
#1 
6	% 
 -1 0  0  0 0 0
  1 1  0  2 0 0
  0 0 -1  1 0 0
  0 0 -1  0 0 1
  1 0  0 -2 1 0
  0 0 -1  0 0 0
1,1;1,1;1;1 1 14
18 
#2 
6	% 
  0 0  1 -1 0  1
  0 0 -1  1 1 -1
  2 0 -1  1 0  0
 -1 0  0  0 0  0
  2 0  0  1 0 -1
  0 1  1 -1 0  1
6	% 
  1 0  0  0 0  0
 -1 0 -1  0 0  0
  0 1  2 -2 0  2
  0 0 -1  1 0 -1
  0 0  2 -2 1  2
  1 0 -1  1 0  0
1,1;1,1;1,1 1 7
6 
#1 
6	% 
  0  0  0  1  0  0
  1  0  0  0  1 -1
 -1 -1 -1  0 -1  0
  1  1  1  0  1 -1
 -1 -1  0 -1 -1  1
  0  0  0  1  1 -1
1,1;1,1;1;1 1 8
15 
#3 
6	% 
 2 -1 0 0 1  0
 0  0 1 1 0  1
 0  0 0 0 0 -1
 0  1 0 0 0  0
 1  0 0 0 1  0
 0  0 1 0 0  0
6	% 
 -1 -1 0 0 -1  0
  0  0 1 1  0  1
  0  0 0 0  0 -1
  1  1 0 0  0  0
 -1  0 0 0 -1  0
  0  0 1 0  0  0
6	% 
  0  0  1 -2  0 -1
  0 -2  0  0 -1  0
 -1  0  0  0  0  0
  0  0 -1  2  0  0
  0  0  0 -1  0 -1
 -1 -1  0  0 -1  0
1,1;1,1;1;1 1 29
18 
#2 
6	% 
  0 -2 -1  1 -2 -1
 -2  0  0 -3  0  1
 -2  0  1 -3  0  0
  1  1  0  1  0  0
  1  1  0  1  1  0
  0 -1  0  0  0  0
6	% 
  0  0  0 -1  0 0
  0  0  0  0  0 1
  0  0 -1  1  0 0
  1  0  0  0  0 0
  0 -1  0  0  0 0
 -1  0  0  0 -1 0
1,1;1,1;1,1 1 11
6 
#1 
6	% 
  2  1  0  3  1  0
 -1 -2  0 -2 -2  1
 -1 -2  1 -2 -2  0
  0  1  1  0  0 -1
 -3 -1  0 -4 -1  0
  3  1 -1  4  2  1
1,1;1;1;1;1 1 20
9 
#2 
6	% 
 0  1 0  0 -1  0
 0 -1 0  0  1 -1
 0  0 0  0  1  0
 0  0 1  0  0 -1
 1  0 0  0  1  0
 0  1 1 -1 -1  0
6	% 
 -1  0 0  0  0  0
  1  0 1  0  0  0
  0  0 0  0 -1  0
  0  0 1  0  0 -1
  0 -1 0  0  0  0
 -1  0 1 -1  0  0
1,1;1;1;1;1 1 10
8 
#4 
6	% 
 0 0 1 -1 0  1
 0 0 0  0 0 -1
 1 0 0  0 1  0
 1 0 0  0 0  0
 0 0 0 -1 0  1
 1 1 0  0 0  0
6	% 
  2 -1  0 0  1  0
 -1  0  0 0 -1  0
  0  0  0 1  0 -1
  0  0  0 1  0  0
  0 -1  0 0  0  0
  0  0 -1 1  0  0
6	% 
 -1 -1  0 0 -1  0
  1  0  0 0  1  0
  0  0  0 1  0 -1
  0  0  0 1  0  0
 -1 -1  0 0  0  0
  0  0 -1 1  0  0
6	% 
  0 -2  0 0 -1  0
 -1  0  0 0  0  0
  0  0  0 1  0 -1
  0  0  0 1  0  0
 -1 -1  0 0 -1  0
  0  0 -1 1  0  0
1,1;1;1;1;1 1 38
3 
#1 
6	% 
  0 0 1  0  0 -1
  0 0 0 -1  0  1
  0 0 1  0  0  0
 -1 0 0  0 -1  0
  1 1 0  0  1  0
  0 0 0  0  1  0
1,1;1;1;1;1 1 37
9 
#2 
6	% 
  0 0 0 -1  0 0
  0 0 0  0  0 1
  0 0 1  0  0 0
  0 0 0 -3 -1 0
 -1 0 0  3  0 0
  1 1 0  0  0 0
6	% 
  0 0 0 -1  0 0
  0 0 0  0  0 1
  0 0 1  0  0 0
  0 0 0 -3  1 0
 -1 0 0  3 -1 0
  1 1 0  0  1 0
1;1;1;1;1;1 1 26
1 
#1 
6	% 
  0  0 0  1 0 0
  0  0 0 -1 0 1
  0  0 1 -1 0 0
  0  1 0  0 0 0
 -1 -1 0  0 0 0
  1  1 0  0 1 0
1;1;1;1;1;1 1 13
1 
#1 
6	% 
 -1 0  0 0 0  0
  1 0  0 0 1  0
  0 0  0 1 0 -1
  0 0  0 1 0  0
  1 1  0 0 0  0
  0 0 -1 1 0  0
