#20

1,1;1;1;1;1 1 4
1 
#1 
6	% 
 1 0 0 0 0 0
 0 1 0 0 0 0
 0 0 1 0 0 0
 0 0 0 1 0 0
 0 0 0 0 1 0
 0 0 0 0 0 1
1,1,1,1,1,1 1 1
1 
#1 
6	% 
 1 0 0 0 0 0
 0 1 0 0 0 0
 0 0 1 0 0 0
 0 0 0 1 0 0
 0 0 0 0 1 0
 0 0 0 0 0 1
1,1,1,1;1,1 1 2
6 
#3 
6	% 
 0  1  1 1  1 1
 0  0  1 0  0 0
 0  1  0 0  0 0
 1  0  0 0  0 0
 0 -1 -1 0 -1 0
 0  1  1 1  1 0
6	% 
  1  1  1  1  0 0
  1  0  1  1  0 0
  1  1  0  1  0 0
  0  0  0  0 -1 1
 -1 -1 -1 -1  1 0
  1  1  1  2  1 0
6	% 
  1 0  0  0 0 0
  1 0  0  1 0 0
  1 0 -1 -1 0 0
  0 1  0  0 0 0
 -1 0  1  0 1 0
  1 0 -1  1 0 1
1,1,1,1,1;1 1 2
2 
#1 
6	% 
  0 -1  1  0  0  0
  0 -1  0  0  0  0
  1 -1  1 -1  1 -1
  0  0  1  1  0  0
 -1  1 -1 -1 -1  0
  1 -1  1  0  0 -1
1,1,1,1,1;1 1 1
2 
#1 
6	% 
  0 0  0  0 -1  0
 -1 0 -1  0 -1 -1
 -1 0  0 -1 -1 -1
  0 0 -1 -1  0 -1
  1 0  1  1  1  1
  0 1  0  0  0  0
1,1,1;1,1,1 1 2
4 
#2 
6	% 
  0  0 -1 0  0  0
  0 -1  0 0  0  0
 -1  0  0 0  0  0
  1  0  0 1  1  1
  0  1  1 0  0 -1
  0 -1 -1 0 -1  0
6	% 
  0  1  0  0  0  0
  1  1  0  1  0  0
  0  0 -1 -1 -1 -1
  0  0  0  0 -1  1
 -1 -1  1  0  1  0
  1  1  1  1  1  0
1,1,1,1;1,1 1 1
1 
#1 
6	% 
  0 0  0 -1 -1 -1
 -1 0  0  0 -1 -1
 -1 0  0 -1  0 -1
  1 0  0  1  1  1
  0 0 -1  0  0  0
  0 1  1  0  0  0
1,1;1,1;1,1 1 3
2 
#1 
6	% 
 1 0  0  2 0  0
 0 1  0  0 0  0
 0 0 -1  0 0  0
 0 0  0 -1 0  0
 0 0 -1  0 0 -1
 0 0  1  1 1  0
1,1,1;1,1;1 1 3
8 
#3 
6	% 
 0 0 -2 -1 -2 0
 0 0 -1  0 -1 1
 0 0  3  1  2 0
 1 0 -1  0 -1 0
 1 0  0  0  0 0
 0 1  0  0  0 0
6	% 
  2 0  0 -1  1 -1
  1 0  0  0  0  0
 -2 0  0  2 -1  1
  1 0  0 -1  0 -1
  0 0 -1 -1 -1 -1
  0 1  0  0  0  0
6	% 
 0 0 -2 -1  0  0
 1 0 -1  0  0  0
 0 0  3  1  0  0
 0 0 -1 -1  0 -1
 0 0  0 -1 -1 -1
 0 1  0  0  0  0
1,1,1;1,1;1 1 5
6 
#2 
6	% 
 0  0  0 0 -1 1
 0  1  0 0  0 0
 0 -1 -1 0  0 0
 1  0  0 1  0 1
 1  0  0 0  0 0
 0  0  0 1  1 1
6	% 
  2 0  2  1 0  0
  2 0  1  1 0  0
 -3 0 -3 -2 0  0
  1 1  1  1 1  0
  0 1  0  0 1 -1
  0 0  0  1 1  1
1,1;1,1;1,1 1 2
1 
#1 
6	% 
 -1 0  0 -1  0 0
  0 0 -1  0  0 0
  0 1  1  0  0 0
  0 0  0  0 -1 1
  1 0  0  1  1 0
 -1 0  0  0  1 0
1,1,1;1,1;1 1 2
2 
#1 
6	% 
  2 0 0 -1  1 -1
  1 0 0  0  0  0
 -2 0 0  2 -1  1
  0 1 0  0  0  0
  0 0 1  0  0  0
  1 0 0  0  1  0
1,1,1,1;1;1 1 2
4 
#1 
6	% 
  0 0  1  0  0  0
  0 0  1  1  0  0
 -1 0  0  1 -1  1
  0 1  0  0  0  0
  1 0 -1 -1  0 -1
 -1 0  1  0 -1  0
1,1,1,1;1;1 1 4
1 
#1 
6	% 
  1 -1 1  0  0  0
  1  0 0  0  0  0
 -1  3 0  1  0  0
  0 -2 0 -1  0  0
  0  1 0  0 -1  0
  0  1 0  0  0 -1
1,1,1,1;1;1 1 1
1 
#1 
6	% 
  0 0 0 -1 -1 -1
 -1 0 0  0 -1 -1
 -1 0 0 -1  0 -1
  1 0 0  1  1  1
  0 1 0  0  0  0
  0 0 1  0  0  0
1,1;1,1;1;1 1 3
4 
#1 
6	% 
 1 0 0  2 0  0
 0 0 1  0 0  0
 0 1 0  0 0  0
 0 0 0 -1 0  0
 0 0 0  0 0 -1
 0 0 0  1 1  0
1,1;1,1;1;1 1 5
1 
#1 
6	% 
 1 0 0  2  0  0
 0 1 0  0  0  0
 0 0 1  0  0  0
 0 0 0 -1  0  0
 0 0 0  0 -1  0
 0 0 0  0  0 -1
1,1;1,1;1;1 1 7
1 
#1 
6	% 
 -1 0 0 -1  0 0
  0 0 0  0 -1 1
  0 1 0  0  0 0
  0 0 1  0  0 0
  1 0 0  1  1 0
 -1 0 0  0  1 0
1,1,1;1;1;1 1 3
2 
#1 
6	% 
 1 0 -1  0  0  0
 0 0  3  1  0  0
 0 1  0  0  0  0
 0 0  1  0 -1  0
 0 0 -2 -1  0  0
 0 0  1  0  0 -1
1,1,1;1;1;1 1 2
2 
#1 
6	% 
  0 0 0  1  0  0
 -1 0 0  1 -1  1
  0 1 0  0  0  0
  0 0 1  0  0  0
  1 0 0 -1  0 -1
 -1 0 0  0 -1  0
