#97

4-1;1;1 1 1
1 
#1 
6	% 
 1 0 0 0 0 0
 0 1 0 0 0 0
 0 0 1 0 0 0
 0 0 0 1 0 0
 0 0 0 0 1 0
 0 0 0 0 0 1
1,1,1,1,1,1 1 1
1 
#1 
6	% 
 1 0 0 0 0 0
 0 1 0 0 0 0
 0 0 1 0 0 0
 0 0 0 1 0 0
 0 0 0 0 1 0
 0 0 0 0 0 1
1,1,1,1,1;1 1 1
6 
#2 
6	% 
 0  0  0  0 -1  0
 0 -1 -1  0 -1 -1
 0 -1  0 -1 -1 -1
 0  0 -1 -1  0 -1
 0  1  1  1  1  1
 1  0  0  0  0  0
6	% 
  0  0  0 -1 0  0
 -1  0 -1 -1 0 -1
 -1 -1  0 -1 0 -1
  0 -1 -1  0 0 -1
  1  1  1  1 0  1
  0  0  0  0 1  0
1,1,1,1,1;1 1 2
12 
#1 
6	% 
  0  0  1 0  0 -1
  0  1  0 0  0 -1
  1  1  1 1  1  0
  0  0  0 0  1 -1
 -1 -1 -1 0 -1  1
  0  1  1 1  1 -1
2-1;1,1,1;1 1 8
24 
#1 
6	% 
  0  0  0  0  0 -1
 -1 -1 -1 -1 -1  0
  0  0  0  1  0  1
  0  0  1  0  0  1
  0 -1  0  0  0 -1
 -1  0  0  0  0 -1
1,1,1,1;1,1 1 1
15 
#3 
6	% 
 0 -1 -1  0  0 -1
 0 -1  0 -1  0 -1
 0  0 -1 -1  0 -1
 0  1  1  1  0  1
 0  0  0  0 -1  0
 1  0  0  0  1  0
6	% 
 0  0 -1 -1  0 -1
 0  0  0 -1 -1 -1
 0  0 -1  0 -1 -1
 0  0  1  1  1  1
 0 -1  0  0  0  0
 1  1  0  0  0  0
6	% 
  0 -1 -1 -1 0  0
 -1  0 -1 -1 0  0
 -1 -1  0 -1 0  0
  1  1  1  1 0  0
  0  0  0  0 0 -1
  0  0  0  0 1  1
2-1;1,1,1,1 1 1
6 
#1 
6	% 
 1  0  0 0  0  0
 0  0  0 1  0  0
 0  0 -1 0 -1 -1
 0 -1  0 0 -1 -1
 0 -1 -1 0  0 -1
 0  1  1 0  1  1
1,1,1,1;1,1 1 2
48 
#2 
6	% 
  0 1  0  0 0  0
  0 0  0  0 0  1
 -1 0 -1 -1 0 -1
  1 0  0 -1 1  0
  0 0  0  1 0  0
 -1 0  0  0 0  0
6	% 
 0 0 0  0 1 0
 0 0 0  0 0 1
 0 0 1  0 0 0
 0 1 0  0 0 0
 1 0 0  0 0 0
 0 0 0 -1 0 0
2-1;1,1;1,1 1 9
24 
#1 
6	% 
  0  0 0 0 1 0
  0  0 0 0 0 1
  0  0 0 1 0 0
  0 -1 0 0 0 0
  0  0 1 0 0 0
 -1  0 0 0 0 0
1,1,1,1;1,1 1 3
12 
#1 
6	% 
  0  0  0  0  0 -1
 -1 -1 -1 -1 -1 -1
  0  1  0  0  0  0
  1  0  1  0  0  1
  0 -1  0 -1  0 -1
 -1  0  0  0  0  0
1,1,1;1,1,1 1 1
10 
#2 
6	% 
  0  0 1  1  0  0
  0 -1 0  0  0  0
  0  0 0 -1  0  0
  0  0 0  0 -1 -1
 -1  0 0  0  0 -1
  1  0 0  0  1  1
6	% 
  0 -1  0  0 -1  0
 -1  0  0  0 -1  0
  1  1  0  0  1  0
  0  0  0 -1  0 -1
  0  0 -1  0  0 -1
  0  0  1  1  0  1
2-1;1,1,1;1 1 1
24 
#2 
6	% 
 0  0  0 1 0  0
 1  0  0 0 0  0
 0  0 -1 0 0 -1
 0 -1  0 0 0 -1
 0  1  1 0 0  1
 0  0  0 0 1  0
6	% 
 0 0 0 1  0  0
 1 0 0 0  0  0
 0 0 1 0  0  1
 0 0 0 0 -1  0
 0 0 0 0  0 -1
 0 1 0 0  0  0
2-1;1,1,1;1 1 4
12 
#1 
6	% 
 1 0  0  0 0  0
 0 1  0  0 0  0
 0 0  0  0 1  0
 0 0 -1 -1 0 -1
 0 0  0  1 0  0
 0 0 -1  0 0  0
1,1,1;1,1,1 1 2
36 
#2 
6	% 
 -1  0  0  1 -1 -1
  0  0  0  0  1  0
 -1 -1  0 -1  0  0
  0  0 -1  0  0  0
  1  0  1  0  0  0
  0  0  1  1  0  0
6	% 
 -1  0 -1 -1  0 -1
  0  0  1  0  0  0
 -1 -1  0  1 -1  0
  0 -1  0  0  0  0
  1  1  0  0  0  0
  0  1  0 -1  0  0
1,1,1;1,1,1 1 3
12 
#1 
6	% 
  0  0  1 -1  1  0
 -1 -1 -1 -1  0 -1
  1  1  1  0  1  1
  0 -1 -1  1 -1  0
  1  1  0  1 -1  1
 -1  0  1 -1  1  0
2-1;1,1;1,1 1 1
18 
#2 
6	% 
 0 0  0 1 0  0
 1 0  0 0 0  0
 0 0 -1 0 0  0
 0 1  1 0 0  0
 0 0  0 0 0 -1
 0 0  0 0 1  1
6	% 
 0 0 0 1  0  0
 1 0 0 0  0  0
 0 0 0 0 -1  0
 0 1 0 0  1  0
 0 0 0 0  0 -1
 0 0 1 0  0  1
2-1;1,1;1,1 1 3
12 
#1 
6	% 
 1 0 0  0 0 0
 0 1 0  0 0 0
 0 0 0  0 0 1
 0 0 0  0 1 0
 0 0 1  0 0 0
 0 0 0 -1 0 0
2-1',2-1';1,1 1 1
6 
#1 
6	% 
  1  1  0 -1 0  0
  0  1  1  1 0  0
 -1  0  0  1 0  0
  0 -1 -1  0 0  0
  0  0  0  0 0 -1
  0  0  0  0 1  1
2-1',2-1';1;1 1 1
6 
#1 
6	% 
  1  1  0 -1 0 0
  0  1  1  1 0 0
 -1  0  0  1 0 0
  0 -1 -1  0 0 0
  0  0  0  0 1 0
  0  0  0  0 0 1
2-2;1,1,1,1 1 2
16 
#1 
6	% 
  1  0  0  0  0  0
  2  1  1  1  1  1
  1  0  0  0  0 -1
 -2 -1 -1  0 -1  0
  2  1  0  1  1  0
 -2  0 -1 -1 -1  0
1,1,1,1;1;1 1 1
15 
#3 
6	% 
 0 -1 0  0 -1 -1
 0 -1 0 -1  0 -1
 0  0 0 -1 -1 -1
 0  1 0  1  1  1
 1  0 0  0  0  0
 0  0 1  0  0  0
6	% 
 0 -1  0 -1 0 -1
 0 -1 -1  0 0 -1
 0  0 -1 -1 0 -1
 0  1  1  1 0  1
 1  0  0  0 0  0
 0  0  0  0 1  0
6	% 
  0 -1 -1 -1 0 0
 -1  0 -1 -1 0 0
 -1 -1  0 -1 0 0
  1  1  1  1 0 0
  0  0  0  0 1 0
  0  0  0  0 0 1
1,1,1;1,1;1 1 1
60 
#5 
6	% 
 0 1  0  1 0 0
 0 0 -1  0 0 0
 0 0  0 -1 0 0
 0 0  0  0 1 0
 0 0  0  0 0 1
 1 0  0  0 0 0
6	% 
 0 0  0  1 0 1
 0 0  0  1 0 0
 0 0  0 -1 1 0
 0 0 -1  0 0 0
 0 1  1  0 0 0
 1 0  0  0 0 0
6	% 
 0 0  0 1  1 0
 0 0 -1 0  0 0
 0 0  0 0 -1 0
 0 1  0 0  0 0
 0 0  0 0  0 1
 1 0  0 0  0 0
6	% 
 0  0  1  0 0  0
 0  0  1  1 0  0
 0 -1 -1 -1 0  0
 0  0  0  0 0 -1
 1  0  0  0 0  1
 0  0  0  0 1  0
6	% 
 0  0  1  0 0  0
 0  0  1  0 0  1
 0 -1 -1  0 0 -1
 0  0  0 -1 0  0
 1  0  0  1 0  0
 0  0  0  0 1  0
2-2;1,1,1;1 1 3
48 
#2 
6	% 
 0  0  0  0  0 -1
 0  1  1 -1  1  1
 1  0  0  0  0  0
 0 -1 -1  0 -1  0
 0  1  0 -1  1  0
 0  0 -1  1 -1  0
6	% 
 0 0  0 0 0  1
 1 0  0 0 0 -1
 0 0  0 0 1  0
 0 0  0 1 0  0
 0 0 -1 0 0  0
 0 1  0 0 0  0
1,1,1,1;1;1 1 2
48 
#2 
6	% 
 0  0 1  0 0 0
 0  0 0  0 1 0
 0  0 0  0 0 1
 1  0 0  0 0 0
 0  0 0 -1 0 0
 0 -1 0  0 0 0
6	% 
 1  0  0 0 0 0
 0  0  0 0 0 1
 0  0  0 1 0 0
 0  0  0 0 1 0
 0  0 -1 0 0 0
 0 -1  0 0 0 0
1,1,1;1,1;1 1 3
144 
#4 
6	% 
 0 -1  0  1 0 0
 0  0  0  0 1 0
 0  1 -1 -1 0 0
 0  0  0  1 0 0
 0  1  0  1 0 1
 1  0  0  0 0 0
6	% 
 0  1  0  1  0  0
 0  1  0  1  1  0
 0 -2  0 -2 -1 -1
 0  1  0  0  0  0
 0  0 -1  0  0  0
 1  0  0  0  0  0
6	% 
 0  2  1  1 0  0
 0  1  0  0 0  0
 0 -2 -1 -1 0 -1
 1  1  1  0 0  0
 1  0  0  0 0  0
 0  0  0  0 1  0
6	% 
  2  1 -1  0 0  0
  1  0  0 -1 0  0
 -2 -1  1  1 0  0
  1  1  0  0 0  0
  0  0  0  0 0 -1
  0  0  0  0 1  0
1,1,1;1,1;1 1 8
24 
#1 
6	% 
 -1  0  0 -1 0  0
 -1  1 -1 -1 0  2
  3 -1  1  3 0 -3
  0  0  0 -1 0  0
 -1  0 -1  0 0  1
  0  0  0  0 1  0
1,1,1;1,1;1 1 9
24 
#1 
6	% 
  0 -1  1 0 0  0
  0  0  0 0 1  1
  0  1 -1 0 0 -1
  0  0  1 0 0  0
  0  0  0 1 0  0
 -1  0  0 1 0  0
1,1,1;1,1;1 1 2
72 
#3 
6	% 
  1 0 0  1  0  0
  1 0 0  1  1  0
 -2 0 0 -2 -1 -1
  0 1 0  0  0  0
  0 0 1  0  0  0
  1 0 0  0  0  0
6	% 
  1  0 0  1 0 0
  1  0 0  1 0 1
 -1  0 1 -1 0 0
  0  1 0  0 1 0
  0 -1 0  0 0 0
  1  0 0  0 0 0
6	% 
 -1 0  0 -1 0  0
  0 0  1  0 0  0
  1 1 -1  1 0  0
  0 0  0  0 0 -1
  0 0  0  0 1  1
  0 0  0 -1 0  0
1,1,1,1;1;1 1 3
6 
#1 
6	% 
 0 -1  0 0 -1 -1
 0 -1 -1 0  0 -1
 0  0 -1 0 -1 -1
 0  1  1 0  1  1
 0  0  0 1  0  0
 1  0  0 0  0  0
1,1,1;1,1;1 1 4
48 
#2 
6	% 
  0  0  1 0  0 0
  0  0  1 0  1 0
  0 -1 -1 0 -1 0
  0  0  0 1  0 1
  0  0  0 0  0 1
 -1  0  0 1  0 0
6	% 
  0  0  0  0 1  0
  0 -1  0  0 0 -1
  0  0  0  0 0  1
 -1  0 -1  0 0  0
 -1  0 -1 -1 0  0
 -1  0  0  1 0  0
1,1,1;1,1;1 1 7
48 
#1 
6	% 
 1  0  0 1 0 0
 0 -1  1 0 0 0
 0  2 -2 0 0 1
 0  0  1 0 1 0
 0  1  1 0 1 0
 1  0  0 0 0 0
1,1,1,1;1;1 1 5
12 
#1 
6	% 
  1  1 -1  1  1  1
  1  1 -1  1  1  0
  0  1 -1  1  0  1
 -1 -2  1 -1 -1 -1
  1  1 -2  1  1  1
 -1 -1  1  0  0 -1
2-1;1,1;1;1 1 26
12 
#1 
6	% 
 0  0 0  0  1  0
 0  0 0  0 -1 -1
 0  0 0 -1  0  0
 0  0 1  0  0  0
 0 -1 0  0  0  0
 1  0 0  0  0  0
3;1,1,1 1 3
8 
#1 
6	% 
 0 0  0  0 0  1
 0 0  0  0 1 -1
 0 0  0 -1 0  0
 0 0 -1  0 0  0
 0 1  0  0 0  0
 1 0  0  0 0  0
2-1;1,1;1;1 1 24
48 
#1 
6	% 
 0 0  0  0 0 1
 0 0  0  0 1 0
 0 0  0 -1 0 0
 1 0  0  0 0 0
 0 0 -1  0 0 0
 0 1  0  0 0 0
1,1,1;1;1;1 1 1
20 
#3 
6	% 
 0 1  0 0 0  1
 0 0 -1 0 0  0
 0 0  0 0 0 -1
 1 0  0 0 0  0
 0 0  0 1 0  0
 0 0  0 0 1  0
6	% 
 0 1  0  1 0 0
 0 0 -1  0 0 0
 0 0  0 -1 0 0
 1 0  0  0 0 0
 0 0  0  0 1 0
 0 0  0  0 0 1
6	% 
 0 0 0  0 1  1
 0 0 0 -1 0  0
 0 0 0  0 0 -1
 1 0 0  0 0  0
 0 1 0  0 0  0
 0 0 1  0 0  0
1,1;1,1;1,1 1 1
15 
#2 
6	% 
 0  1 1 0  0  0
 0 -1 0 0  0  0
 0  0 0 0 -1  0
 1  0 0 0  1  0
 0  0 0 0  0 -1
 0  0 0 1  0  1
6	% 
 0 -1 0  0 0  0
 1  1 0  0 0  0
 0  0 0 -1 0  0
 0  0 1  1 0  0
 0  0 0  0 0 -1
 0  0 0  0 1  1
2-2;1,1;1,1 1 3
48 
#2 
6	% 
 0  1  1 -1  0  1
 0  0  0  0 -1  0
 1  0  0  0  1  0
 0 -1 -1  0  0 -1
 0  1  0 -1  0  1
 0  0 -1  1  0 -1
6	% 
 1 0  0 0  0 0
 0 0  0 0  1 1
 0 0  0 0 -1 0
 0 0  0 1  0 0
 0 0 -1 0  0 0
 0 1  0 0  0 0
1,1,1;1;1;1 1 2
72 
#3 
6	% 
 0  0 -1  0 0 1
 0  0  1  0 0 0
 1  0  0  0 0 0
 0  0  0  0 1 0
 0  0  0 -1 0 0
 0 -1  0  0 0 0
6	% 
 0 0  0  0 0 1
 0 0  0  0 1 0
 1 0  0  0 0 0
 0 1  0  0 0 0
 0 0  0 -1 0 0
 0 0 -1  0 0 0
6	% 
 -1  0  0 1 0 0
 -1 -1  1 0 0 0
  0  0  0 0 1 0
  0  0  0 0 0 1
  1  0 -1 0 0 0
 -1 -1  0 0 0 0
1,1;1,1;1;1 1 7
72 
#3 
6	% 
 0 0 0  0 0 1
 0 0 1  0 0 0
 1 0 0  0 0 0
 0 0 0  0 1 0
 0 1 0  0 0 0
 0 0 0 -1 0 0
6	% 
 0 0 0  0 0 1
 0 0 0  0 1 0
 1 0 0  0 0 0
 0 1 0  0 0 0
 0 0 1  0 0 0
 0 0 0 -1 0 0
6	% 
 -1  0 -1  1 0 0
  0 -1 -1 -1 0 0
  0  0  0  0 0 1
  0  0  0  0 1 0
  1  1  1  0 0 0
 -1  1  0  1 0 0
1,1;1,1;1;1 1 1
45 
#4 
6	% 
 0 1 0  0 0 0
 0 0 0  0 0 1
 0 0 0 -1 0 0
 0 0 1  1 0 0
 1 0 0  0 0 0
 0 0 0  0 1 0
6	% 
 0 0  1 0 0 1
 0 0 -1 0 0 0
 0 0  0 1 0 0
 0 0  0 0 1 0
 1 0  0 0 0 0
 0 1  0 0 0 0
6	% 
 0 0  1 1  0 0
 0 0 -1 0  0 0
 0 0  0 0  1 1
 0 0  0 0 -1 0
 1 0  0 0  0 0
 0 1  0 0  0 0
6	% 
 0  1 1  0 0 0
 0 -1 0  0 0 0
 0  0 0 -1 0 0
 1  0 0  1 0 0
 0  0 0  0 1 0
 0  0 0  0 0 1
1,1;1,1;1,1 1 2
72 
#3 
6	% 
 0 0 0  0  0 1
 0 0 0  0 -1 0
 1 0 0  0  1 0
 0 0 1  0  0 0
 0 1 0  0  0 0
 0 0 0 -1  0 0
6	% 
 0  0 0  0 0 1
 0 -1 0  0 0 0
 1  1 0  0 0 0
 0  0 0  0 1 0
 0  0 1  0 0 0
 0  0 0 -1 0 0
6	% 
 -1  0 -1  1 0 0
  0  0  0  0 1 0
  0  0  0  0 0 1
  0 -1 -1 -1 0 0
  1  1  1  0 0 0
 -1  1  0  1 0 0
1,1,1;1;1;1 1 10
12 
#1 
6	% 
 0  0  0  0 0 1
 0  0  0  0 1 0
 0  0  0 -1 0 0
 0 -1  0  0 0 0
 1  0  0  0 0 0
 0  0 -1  0 0 0
1,1;1,1;1;1 1 19
12 
#1 
6	% 
 0 0 0  0 0 1
 0 0 0  0 1 0
 0 0 1  0 0 0
 0 1 0  0 0 0
 0 0 0 -1 0 0
 1 0 0  0 0 0
1,1,1;1;1;1 1 5
24 
#2 
6	% 
 0 0 0  0 1  1
 0 0 0 -1 0  0
 0 0 0  0 0 -1
 0 0 1  0 0  0
 0 1 0  0 0  0
 1 0 0  0 0  0
6	% 
 0 0  0  1 0  0
 0 0  0  1 0  1
 0 0 -1 -1 0 -1
 0 0  0  0 1  0
 0 1  0  0 0  0
 1 0  0  0 0  0
1,1;1,1;1;1 1 4
18 
#2 
6	% 
 0 0  1 0 0  0
 0 0 -1 0 0 -1
 0 0  0 1 0  0
 0 0  0 0 1  0
 0 1  0 0 0  0
 1 0  0 0 0  0
6	% 
 0 0  1 1  0  0
 0 0 -1 0  0  0
 0 0  0 0  1  0
 0 0  0 0 -1 -1
 0 1  0 0  0  0
 1 0  0 0  0  0
1,1;1,1;1,1 1 5
6 
#1 
6	% 
  0  0  0  0 1  1
  0  0  0  0 0 -1
  1  1  1  0 0  0
 -1 -1  0  0 0  0
  0  1  1 -1 0  0
  0  0 -1  1 0  0
1,1;1,1;1;1 1 23
6 
#1 
6	% 
  0  0  0  0 0 1
  0  0  0  0 1 0
  1  1  1  0 0 0
 -1 -1  0  0 0 0
  0  1  1 -1 0 0
  0  0 -1  1 0 0
1,1;1,1;1,1 1 4
24 
#1 
6	% 
 0 1 -1  0 0 1
 1 0  0 -1 1 0
 0 0  0  1 0 0
 0 0  1  0 0 0
 0 1  0  0 0 0
 1 0  0  0 0 0
1,1;1,1;1;1 1 2
144 
#4 
6	% 
  0 0  0 0 0 1
  0 0 -1 0 0 0
  0 1  1 0 0 0
  0 0  0 0 1 0
  0 0  0 1 0 0
 -1 0  0 0 0 0
6	% 
 1 0 1  1 0  0
 0 0 0  0 0 -1
 0 1 0  0 0  1
 0 0 0  0 1  0
 0 0 0 -1 0  0
 1 0 0  0 0  0
6	% 
  0 0 0 0 0 1
  0 0 1 0 0 0
  0 0 0 0 1 0
  0 1 0 0 0 0
  0 0 0 1 0 0
 -1 0 0 0 0 0
6	% 
 1 0 1  1  0 0
 0 0 0  0  1 1
 0 0 0  0 -1 0
 0 1 0  0  0 0
 0 0 0 -1  0 0
 1 0 0  0  0 0
1,1;1,1;1;1 1 16
48 
#1 
6	% 
 0 0  0  0 0 1
 0 0  0  0 1 0
 0 0  0 -1 0 0
 1 1  0  1 0 0
 1 0  0  0 0 0
 1 0 -1  1 0 0
1,1,1;1;1;1 1 7
24 
#1 
6	% 
 1  1 -1  1 0  1
 0  0  0  0 1  0
 0  1  0  0 0  1
 0 -1  1 -1 0 -1
 0  0  1  0 0 -1
 1  1 -1  0 0  1
2-1;1;1;1;1 1 22
12 
#1 
6	% 
 0  0 0  0 0 1
 0  0 0  0 1 0
 0  0 0 -1 0 0
 0  0 1  0 0 0
 0 -1 0  0 0 0
 1  0 0  0 0 0
2-2;1,1,1;1 1 4
16 
#1 
6	% 
  0 0 0 0  1 0
  0 0 0 0  1 1
  0 0 1 0 -1 0
  0 0 0 1  0 0
  0 1 0 0  0 0
 -1 0 0 0  0 0
1,1,1;1;1;1 1 19
8 
#1 
6	% 
  0  0 0  0 0 1
  0  0 0  0 1 0
  0  0 0 -1 0 0
 -1  0 0  0 0 0
  0  0 1  0 0 0
  0 -1 0  0 0 0
1,1;1,1;1;1 1 36
24 
#1 
6	% 
 0  0 0 0 0 1
 0  0 0 0 1 0
 0  0 0 1 0 0
 1  0 0 0 0 0
 0 -1 0 0 0 0
 0  0 1 0 0 0
1,1;1,1;1;1 1 8
24 
#1 
6	% 
 0  0 0  0  0 1
 0  0 0  0 -1 0
 0  0 1  0  1 0
 1  0 0  0  0 0
 0 -1 0  0  0 0
 0  0 0 -1 -1 0
1,1;1,1;1;1 1 9
12 
#1 
6	% 
  0 0  0  0 0 -1
  0 0  0  0 1  1
  0 0 -1  0 0  0
  0 1  1  1 0  0
  0 0  0  1 0  0
 -1 0 -1 -1 0  0
2-1;1,1;1;1 1 1
36 
#3 
6	% 
 0 0 0 1 0  0
 1 0 0 0 0  0
 0 0 0 0 0 -1
 0 1 0 0 0  1
 0 0 1 0 0  0
 0 0 0 0 1  0
6	% 
 0 0  0 1 0 0
 1 0  0 0 0 0
 0 0 -1 0 0 0
 0 1  1 0 0 0
 0 0  0 0 1 0
 0 0  0 0 0 1
6	% 
 0 0 0 1  0 0
 1 0 0 0  0 0
 0 0 0 0  1 1
 0 0 0 0 -1 0
 0 1 0 0  0 0
 0 0 1 0  0 0
2-1;1,1;1;1 1 4
24 
#1 
6	% 
 0  0 0 1 0 0
 1  0 0 0 0 0
 0  0 0 0 0 1
 0  0 0 0 1 0
 0  0 1 0 0 0
 0 -1 0 0 0 0
3;1,1,1 2 1
4 
#1 
6	% 
 0 0  0 1  0  0
 0 1  0 0  0  0
 1 0  0 0  0  0
 0 0  0 0 -1 -1
 0 0 -1 0  0 -1
 0 0  1 0  1  1
2-1;1,1;1;1 1 6
6 
#1 
6	% 
 1 0 0 0  0  0
 0 1 0 0  0  0
 0 0 0 0  1  0
 0 0 0 0 -1 -1
 0 0 0 1  0  0
 0 0 1 0  0  0
2-1;2-1;1;1 1 1
3 
#1 
6	% 
 0 0 1 0 0 0
 0 1 0 0 0 0
 0 0 0 1 0 0
 1 0 0 0 0 0
 0 0 0 0 1 0
 0 0 0 0 0 1
2-1;2-1;1,1 1 1
3 
#1 
6	% 
 0 0 1 0 0  0
 0 1 0 0 0  0
 0 0 0 1 0  0
 1 0 0 0 0  0
 0 0 0 0 0 -1
 0 0 0 0 1  1
2-1;1;1;1;1 1 3
6 
#1 
6	% 
 1 0 0 0 0 0
 0 0 0 1 0 0
 0 0 0 0 0 1
 0 0 0 0 1 0
 0 0 1 0 0 0
 0 1 0 0 0 0
2-1;1;1;1;1 1 1
6 
#1 
6	% 
 0 0 0 1 0 0
 1 0 0 0 0 0
 0 1 0 0 0 0
 0 0 1 0 0 0
 0 0 0 0 1 0
 0 0 0 0 0 1
4-1;1,1 1 1
1 
#1 
6	% 
 0 1 0 0 0  0
 1 0 0 0 0  0
 0 0 0 1 0  0
 0 0 1 0 0  0
 0 0 0 0 0 -1
 0 0 0 0 1  1
2-1,2-1;1,1 3 1
6 
#1 
6	% 
  0 -1  0 0 0  0
  0  0  0 1 0  0
  0  0 -1 0 0  0
 -1  0  0 0 0  0
  0  0  0 0 0 -1
  0  0  0 0 1  1
2-1,2-1;1;1 1 1
12 
#1 
6	% 
 1  0  0 -1 0 0
 0 -1 -1  0 0 0
 0  0  0  1 0 0
 0  1  0  0 0 0
 0  0  0  0 1 0
 0  0  0  0 0 1
2-1,2-1;1,1 1 1
12 
#1 
6	% 
 1  0  0 -1 0  0
 0 -1 -1  0 0  0
 0  0  0  1 0  0
 0  1  0  0 0  0
 0  0  0  0 0 -1
 0  0  0  0 1  1
2-1,2-1;1;1 2 1
12 
#1 
6	% 
  0  1 -1 -1 0 0
 -1 -1  0 -1 0 0
  0  0  0  1 0 0
  0  1  0  0 0 0
  0  0  0  0 1 0
  0  0  0  0 0 1
2-1,2-1;1,1 2 1
12 
#1 
6	% 
  0  1 -1 -1 0  0
 -1 -1  0 -1 0  0
  0  0  0  1 0  0
  0  1  0  0 0  0
  0  0  0  0 0 -1
  0  0  0  0 1  1
2-1;2-1;1,1 1 6
6 
#1 
6	% 
 0 0 0 0  1  0
 0 0 0 0 -1 -1
 0 0 0 1  0  0
 0 0 1 0  0  0
 0 1 0 0  0  0
 1 0 0 0  0  0
2-1;2-1;1;1 1 11
6 
#1 
6	% 
 0 0  0 0 0 1
 0 0  0 0 1 0
 0 0 -1 0 0 0
 0 1  0 0 0 0
 0 0  0 1 0 0
 1 0  0 0 0 0
4-1';1;1 1 1
12 
#1 
6	% 
 0 -1 0 0 0 0
 0  0 0 1 0 0
 0  0 1 0 0 0
 1  0 0 0 0 0
 0  0 0 0 1 0
 0  0 0 0 0 1
4-1';1,1 1 1
12 
#1 
6	% 
 0 -1 0 0 0  0
 0  0 0 1 0  0
 0  0 1 0 0  0
 1  0 0 0 0  0
 0  0 0 0 0 -1
 0  0 0 0 1  1
2-1,2-1;1;1 3 1
6 
#1 
6	% 
  0 -1  0 0 0 0
  0  0  0 1 0 0
  0  0 -1 0 0 0
 -1  0  0 0 0 0
  0  0  0 0 1 0
  0  0  0 0 0 1
2-2;1,1;1;1 1 6
48 
#2 
6	% 
 0  0 0 0 0 -1
 0  0 0 0 1  1
 1  0 0 0 0  0
 0  0 0 1 0  0
 0  0 1 0 0  0
 0 -1 0 0 0  0
6	% 
 0  0 0 0 0 -1
 1  0 0 0 0  1
 0  0 0 0 1  0
 0  0 0 1 0  0
 0  0 1 0 0  0
 0 -1 0 0 0  0
1,1;1;1;1;1 1 2
48 
#2 
6	% 
 0 1  1 -1 0 0
 1 0  0  0 0 0
 0 0  0  0 0 1
 0 0  0  0 1 0
 0 0 -1  1 0 0
 0 1  1  0 0 0
6	% 
 0 1 0 -1  1 0
 1 0 0  0  0 0
 0 0 1  0  0 0
 0 0 0  0  0 1
 0 0 0  1 -1 0
 0 1 0  0  1 0
1,1;1;1;1;1 1 1
15 
#3 
6	% 
 0 0  1 1 0 0
 0 0 -1 0 0 0
 1 0  0 0 0 0
 0 1  0 0 0 0
 0 0  0 0 1 0
 0 0  0 0 0 1
6	% 
 0 0 0 0 1 0
 0 0 0 0 0 1
 1 0 0 0 0 0
 0 1 0 0 0 0
 0 0 1 0 0 0
 0 0 0 1 0 0
6	% 
 0 0 0 0 0 -1
 0 0 0 1 0  1
 1 0 0 0 0  0
 0 1 0 0 0  0
 0 0 1 0 0  0
 0 0 0 0 1  0
1,1;1;1;1;1 1 3
36 
#3 
6	% 
 0 0 0 0 0 1
 0 0 0 0 1 0
 1 0 0 0 0 0
 0 0 0 1 0 0
 0 0 1 0 0 0
 0 1 0 0 0 0
6	% 
 0 0 0 0 0 1
 0 0 0 1 0 0
 1 0 0 0 0 0
 0 0 0 0 1 0
 0 0 1 0 0 0
 0 1 0 0 0 0
6	% 
 0 1 0 0 0 0
 0 0 1 0 0 0
 0 0 0 0 0 1
 0 0 0 0 1 0
 0 0 0 1 0 0
 1 0 0 0 0 0
3;1,1;1 2 1
12 
#2 
6	% 
 0 0 0 1 0 0
 0 0 1 0 0 0
 0 1 0 0 0 0
 0 0 0 0 1 0
 0 0 0 0 0 1
 1 0 0 0 0 0
6	% 
 0 0 0 1 0  0
 0 0 1 0 0  0
 0 1 0 0 0  0
 0 0 0 0 0 -1
 1 0 0 0 0  1
 0 0 0 0 1  0
2-2;1,1;1;1 1 5
48 
#2 
6	% 
 0  1 1 -1 0 1
 1  0 0  0 0 0
 0  0 0  0 1 0
 0  0 0  1 0 0
 0  0 1  0 0 0
 0 -1 0  0 0 0
6	% 
 1 0 0  0 0 0
 0 0 0  0 1 0
 0 0 0  0 0 1
 0 0 0 -1 0 0
 0 0 1  0 0 0
 0 1 0  0 0 0
1,1;1;1;1;1 1 9
24 
#1 
6	% 
 0 0  0 0 0 -1
 0 0  0 0 1  0
 0 0  0 1 0  0
 0 1  0 0 0  1
 1 0  0 0 0  0
 0 0 -1 0 0 -1
1,1;1;1;1;1 1 11
12 
#1 
6	% 
 0  0  0 0 1 0
 0  0  0 0 0 1
 0  1  0 0 0 0
 0 -1  1 1 0 0
 1  1 -1 0 0 0
 0  0  1 0 0 0
3;1,1;1 1 6
16 
#1 
6	% 
 0  0 0 0 0 -1
 0  0 0 0 1  0
 0  0 0 1 0 -1
 0  0 1 0 0 -1
 0 -1 0 0 0  1
 1  0 0 0 0  1
1,1;1;1;1;1 1 46
16 
#1 
6	% 
  0  0 0 0 0 -1
  0  0 0 0 1  0
  0  0 0 1 0  1
  0 -1 0 0 0 -1
 -1  0 0 0 0 -1
  0  0 1 0 0 -1
1,1;1;1;1;1 1 25
3 
#1 
6	% 
 0 0 0  0  1 1
 0 0 0  0 -1 0
 0 0 1  0  0 0
 0 0 0 -1  0 0
 1 0 0  0  0 0
 0 1 0  0  0 0
3;1,1;1 1 12
8 
#1 
6	% 
 -1  0 0 1 0 0
 -1  0 1 0 0 0
  1 -1 0 0 0 0
  0  0 0 0 1 0
  0  0 0 0 0 1
  1  0 0 0 0 0
2-2;1;1;1;1 1 5
16 
#1 
6	% 
 1  0 0 0 0 0
 0  0 0 0 1 0
 0  0 0 0 0 1
 0  0 0 1 0 0
 0  0 1 0 0 0
 0 -1 0 0 0 0
1;1;1;1;1;1 1 2
6 
#1 
6	% 
 1 0 0 0 0 0
 0 0 0 0 0 1
 0 0 0 0 1 0
 0 0 0 1 0 0
 0 0 1 0 0 0
 0 1 0 0 0 0
1;1;1;1;1;1 1 1
1 
#1 
6	% 
 1 0 0 0 0 0
 0 1 0 0 0 0
 0 0 1 0 0 0
 0 0 0 1 0 0
 0 0 0 0 1 0
 0 0 0 0 0 1
1;1;1;1;1;1 1 7
3 
#1 
6	% 
 0 0 0 0 1 0
 0 0 0 0 0 1
 0 1 0 0 0 0
 0 0 0 1 0 0
 1 0 0 0 0 0
 0 0 1 0 0 0
1,1;1;1;1;1 1 48
2 
#1 
6	% 
 0 0  0  0 0 -1
 0 0  0  0 1  1
 0 0  0 -1 0  0
 0 0 -1  0 0  0
 0 1  0  0 0  0
 1 0  0  0 0  0
1;1;1;1;1;1 1 30
2 
#1 
6	% 
  0 0 0 0 0 1
  0 0 0 0 1 0
  0 0 1 0 0 0
  0 1 0 0 0 0
  0 0 0 1 0 0
 -1 0 0 0 0 0
3;1;1;1 1 7
8 
#1 
6	% 
  0  0 0 0 1 0
  0  0 0 0 0 1
  0  0 0 1 0 0
  0  0 1 0 0 0
  0 -1 0 0 0 0
 -1  0 0 0 0 0
3;1;1;1 2 1
4 
#1 
6	% 
 0 0 0 1 0 0
 0 1 0 0 0 0
 1 0 0 0 0 0
 0 0 1 0 0 0
 0 0 0 0 1 0
 0 0 0 0 0 1
