#100

2-1;2-1;2-1 1 5
1 
#1 
6	% 
 1 0 0 0 0 0
 0 1 0 0 0 0
 0 0 1 0 0 0
 0 0 0 1 0 0
 0 0 0 0 1 0
 0 0 0 0 0 1
1,1,1,1,1,1 1 1
1 
#1 
6	% 
 1 0 0 0 0 0
 0 1 0 0 0 0
 0 0 1 0 0 0
 0 0 0 1 0 0
 0 0 0 0 1 0
 0 0 0 0 0 1
1,1,1,1;1,1 1 3
16 
#4 
6	% 
  1 0 0  0 0 0
  1 1 1 -1 0 0
  0 0 0  0 1 0
 -1 0 0  1 0 0
  1 0 1  0 0 0
  0 0 0  0 0 1
6	% 
  1 0 0  0 0  0
  1 1 1 -1 0  0
  0 0 0  0 1  0
 -1 0 0  1 0  0
  1 0 1  0 0  0
  0 0 0  0 0 -1
6	% 
  1 0  0 0  0 0
  2 1  1 0 -1 0
  0 0  1 0  0 1
 -1 0 -1 0  0 0
  1 0  0 0 -1 0
  0 0  0 1  1 0
6	% 
 -1 -1 -1 1 0 0
 -1 -1 -1 0 0 0
  0  1  0 0 0 0
  1  0  1 0 1 0
  0 -1 -1 0 0 1
 -1  0  0 0 0 0
1,1,1,1,1;1 1 2
6 
#2 
6	% 
  1  0  0  0  0  0
  0  0  1  0  0  0
  1  0  1 -1  0  0
  0 -1  0 -1 -1  1
 -1  1 -1  1  0 -1
  1 -1  1 -1 -1  0
6	% 
  0 0  0  1  0 -1
  0 0  1  0  0 -1
  1 1  1  1  1  0
  0 0  0  0  1 -1
 -1 0 -1 -1 -1  1
  0 1  1  1  1 -1
2-1',2-1';1,1 1 1
2 
#1 
6	% 
 0  0 -1 -1 -1 0
 0  0  0 -1  1 1
 0  0  0  0  1 0
 0  0  0  1  0 0
 0 -1  0  0  0 0
 1  1  0  0  0 0
1,1,1,1,1;1 1 1
2 
#1 
6	% 
  0 0  0  0 -1  0
 -1 0 -1  0 -1 -1
 -1 0  0 -1 -1 -1
  0 0 -1 -1  0 -1
  1 0  1  1  1  1
  0 1  0  0  0  0
2-1;1,1,1,1 1 1
1 
#1 
6	% 
 1 0  0  0  0  0
 0 1  0  0  0  0
 0 0  0 -1 -1 -1
 0 0 -1  0 -1 -1
 0 0 -1 -1  0 -1
 0 0  1  1  1  1
1,1,1;1,1,1 1 3
8 
#3 
6	% 
 -1  0 -1 1  0  0
  0  1  0 0 -1 -1
 -1 -1  0 0  0  1
  1  1  1 0  0  0
  1 -1  0 0  1  0
 -1  1  0 1  0  0
6	% 
  1  0  1 -1  0  0
  0 -1  0  0  1 -1
  1  1  0  0  0  1
 -1 -1 -1  0  0  0
 -1  1  0  0 -1  0
  1 -1  0 -1  0  0
6	% 
  1  0  0  1  0 -1
  0 -1 -1 -1 -1 -1
  0  1  0  1  1  0
 -1  0  0 -1  0  0
  0  1  1  0  0  1
  1  0  0  0  0 -1
2-1;1,1;1,1 1 7
4 
#3 
6	% 
 0 1 0 0 0 0
 1 0 0 0 0 0
 0 0 0 1 0 0
 0 0 0 0 1 0
 0 0 1 0 0 0
 0 0 0 0 0 1
6	% 
 0 1  0  0  0 0
 1 0  0  0  0 0
 0 0  0  0  0 1
 0 0 -1  0  0 0
 0 0  0  0 -1 0
 0 0  0 -1  0 0
6	% 
 0 1 0 0 0 0
 1 0 0 0 0 0
 0 0 0 0 1 0
 0 0 0 0 0 1
 0 0 1 0 0 0
 0 0 0 1 0 0
1,1,1;1,1,1 1 2
6 
#2 
6	% 
  0  1 0  0 0 0
  1  1 1 -1 0 0
  0  0 0  0 0 1
  0  0 0  0 1 0
 -1 -1 0  1 0 0
  1  1 1  0 0 0
6	% 
  0  0 -1 1  0  0
  0  0  1 0  0  0
 -1  1  0 0 -1 -1
  0  0  0 0 -1  0
  1  0  0 0  1  0
  0 -1  0 0  1  0
2-1;1,1,1;1 1 8
4 
#1 
6	% 
  0  1  0 0 0  0
 -1  1  0 0 0  0
  1 -1  0 1 0  0
  1 -1  0 0 0 -1
 -1  1  0 0 1  0
 -1  1 -1 0 0  0
1,1,1,1;1,1 1 2
8 
#1 
6	% 
  0 0  1  0  0  0
 -1 0  1  0  0  0
  0 0  1 -1  0  0
  0 1  0  0  1  1
  1 0 -1  1  0 -1
 -1 0  1 -1 -1  0
2-1;1,1,1;1 1 4
4 
#1 
6	% 
 1 0  0  0  0  0
 0 1  0  0  0  0
 0 0 -1 -1 -1  1
 0 0 -2 -1 -1  1
 0 0  1  1  0 -1
 0 0 -1 -1 -1  0
1,1,1,1;1,1 1 1
3 
#2 
6	% 
  0 -1 -1 -1 0  0
 -1  0 -1 -1 0  0
 -1 -1  0 -1 0  0
  1  1  1  1 0  0
  0  0  0  0 0 -1
  0  0  0  0 1  1
6	% 
 0  0 -1 -1  0 -1
 0  0  0 -1 -1 -1
 0  0 -1  0 -1 -1
 0  0  1  1  1  1
 0 -1  0  0  0  0
 1  1  0  0  0  0
2-1',2-1';1;1 1 1
2 
#1 
6	% 
 0 0  0  1 -1 -1
 0 0  1  1  1  0
 0 0  1  0  1  1
 0 0 -1 -1  0  1
 1 0  0  0  0  0
 0 1  0  0  0  0
2-1',2-1',2-1' 1 1
4 
#1 
6	% 
  1  0 0 -1  1  1
  0  1 1  1  1  0
  1  1 1  1  1  0
 -1  1 0  1 -1 -1
 -1  1 1  1  0  0
 -1 -1 0  0 -1 -1
1,1,1;1,1,1 1 4
8 
#3 
6	% 
 -1  1  0  1 0 0
 -1  0  0  1 0 0
  2 -1  0 -1 0 1
 -1  1  1  0 0 0
  1 -2 -1  0 1 0
  0  1  1  0 0 0
6	% 
 -1  0  1  1  0 -1
  1  0  1  0  1  0
  0  1 -1 -1 -1  1
  0  1  1  1  1  0
 -1  0 -1 -1 -1  1
  0 -1  0  1  0 -1
6	% 
 0 0 -1  1  0 -1
 0 0 -1  0  0 -1
 1 0  1 -1 -1  1
 0 0  0  1  1 -1
 0 1  1 -1 -1  1
 0 0  0  1  1  0
2-1;1,1;1,1 1 9
4 
#1 
6	% 
 1 0 0  0 0  0
 0 1 1  1 1  1
 0 0 0  0 0 -1
 0 0 1  0 0  0
 0 0 0 -1 0  0
 0 0 0  0 1  0
2-1',2-1';1;1 1 7
4 
#1 
6	% 
  0 -1 -1  1  0  0
 -1  0  0  0  1 -1
  1  0  0  0  0  1
  0  1  0 -1  0  0
  0  1  1  0  0  0
  1  0  0  0 -1  0
1,1,1;1,1,1 1 1
2 
#1 
6	% 
  0  0 -1 -1  0  0
 -1  0  0 -1  0  0
  1  0  1  1  0  0
  0  0  0  0 -1 -1
  0 -1  0  0  0 -1
  0  1  0  0  1  1
2-1;1,1;1,1 1 1
1 
#1 
6	% 
 0 1 0  0 0  0
 1 0 0  0 0  0
 0 0 0 -1 0  0
 0 0 1  1 0  0
 0 0 0  0 0 -1
 0 0 0  0 1  1
2-1',2-1';1;1 1 3
2 
#1 
6	% 
 0 0 -1 -1 -1 0
 0 0  0 -1  1 1
 0 0  0  0  1 0
 0 0  0  1  0 0
 0 1  0  0  0 0
 1 0  0  0  0 0
2-1;1,1;1,1 1 11
4 
#1 
6	% 
  0 1  1  1 0  0
 -1 0  0  0 1  1
  0 0  0  0 0 -1
  0 0 -1  0 0  0
  0 0  0 -1 0  0
  0 0  0  0 1  0
1,1,1;1;1;1 1 7
8 
#2 
6	% 
 0  1  1 -1 1 -1
 1  0  0  0 0  0
 0  1  0 -1 0  0
 0 -1 -1  1 0  1
 0 -1 -1  0 0  0
 0  1  1 -1 1  0
6	% 
  1 0  1  1 1 -1
  0 1  0  0 0  0
  1 0  0  1 0  0
 -1 0 -1 -1 0  1
 -1 0 -1  0 0  0
  1 0  1  1 1  0
1,1,1;1,1;1 1 8
16 
#3 
6	% 
 0  0  0  0 -1  1
 0 -2 -1  1 -1  1
 0  3  1 -1  3 -3
 0  0  0  0 -1  0
 0 -1  0  1  0  1
 1  0  0  0  0  0
6	% 
  0 0 -1  0  1  0
 -2 0 -1 -1  1  1
  3 0  3  1 -3 -1
  0 0 -1 -1  0 -1
 -1 0  0  0  1  1
  0 1  0  0  0  0
6	% 
  0 0  0  0 -1 -1
 -2 0 -1  1 -1 -1
  3 0  1 -1  3  3
  0 0  0  0 -1  0
 -1 0  0  1  0 -1
  0 1  0  0  0  0
1,1;1,1;1;1 1 8
8 
#2 
6	% 
  0 -1 -1 1  0  0
 -1  0  0 0 -1  1
  1  0  0 0  0 -1
  0  1  1 0  0  0
  0 -1  0 1  0  0
 -1  0  0 0 -1  0
6	% 
  0 -1 -1 -1  0  0
 -1  0  0  0 -1  1
  1  0  0  0  0 -1
  0  1  1  0  0  0
  0 -1  0 -1  0  0
 -1  0  0  0 -1  0
1,1;1,1;1,1 1 4
8 
#2 
6	% 
  0 -1 -1  1  0  0
 -1  0  0  0 -1  1
  1  0  0  0  0 -1
  0  1  0 -1  0  0
  0 -1 -1  0  0  0
 -1  0  0  0 -1  0
6	% 
 -1  0 -1  1  0  0
  0 -1  0  0 -1 -1
  0  1  0  0  0  1
  1  0  0 -1  0  0
 -1  0 -1  0  0  0
  0 -1  0  0 -1  0
1,1;1,1;1;1 1 36
12 
#2 
6	% 
 0 1 0  0  0  0
 1 0 1 -1 -1  1
 0 0 1  0  0  0
 0 0 0  0  0 -1
 0 0 0  0 -1  0
 0 0 0 -1  0  0
6	% 
 0 1 0  0  0  0
 1 0 1 -1 -1  1
 0 0 1  0  0  0
 0 0 0  0  0 -1
 0 0 0 -1  0  0
 0 0 0  0 -1  0
1,1;1,1;1,1 1 5
8 
#4 
6	% 
 1 0 0 0 0 0
 0 1 0 0 0 0
 0 0 0 1 0 0
 0 0 0 0 1 0
 0 0 1 0 0 0
 0 0 0 0 0 1
6	% 
  0  0  0 0 0 -1
  0  0  0 0 1  1
  0  0  0 1 0  0
 -1  0  0 0 0  0
  0  0 -1 0 0  0
  0 -1  0 0 0  0
6	% 
 0 -1  0  0 0  0
 1  1  0  0 0  0
 0  0  1  0 1  0
 0  0 -1  0 0  0
 0  0  0 -1 0 -1
 0  0  0  0 0  1
6	% 
 0 -1  0  0  0 0
 1  1  0  0  0 0
 0  0  0  0  0 1
 0  0 -1  0  0 0
 0  0  0  0 -1 0
 0  0  0 -1  0 0
1,1;1,1;1;1 1 9
12 
#3 
6	% 
 0 -1  0  0  0  0
 1  1  0  0  0  0
 0  0  0  1  0  0
 0  0  1 -1  0 -1
 0  0  1  0  0  0
 0  0 -1  1 -1  0
6	% 
 0 -1  0 0  0  0
 1  1  0 0  0  0
 0  0  0 1  0  0
 0  0  0 0  0 -1
 0  0 -1 0  0  0
 0  0  0 0 -1  0
6	% 
  0  0  0  0 0 -1
  0  0  0  0 1  1
  0  1  0  0 0  0
  1 -1  0 -1 0  0
  1  0  0  0 0  0
 -1  1 -1  0 0  0
1,1,1;1;1;1 1 10
12 
#3 
6	% 
  0 -1 0  0  0  0
 -1 -1 0  0 -1  1
  1  1 0  0  0 -1
  0  0 0 -1  0  0
  0  0 1  0  0  0
 -1 -1 0  0 -1  0
6	% 
  0  0 0 1 0  0
  0  0 1 0 0  0
  0 -1 0 0 0  0
  0  0 0 0 0 -1
  0  0 0 0 1  0
 -1  0 0 0 0  0
6	% 
 0  0  0  0 0 1
 0  0  0  0 1 0
 0  0  0 -1 0 0
 0 -1  0  0 0 0
 1  0  0  0 0 0
 0  0 -1  0 0 0
1,1,1;1,1;1 1 9
24 
#4 
6	% 
  2  2  0 0  1 -1
  1  1  0 0  0  0
 -2 -3  0 0 -1  1
  1  1  0 0  1  0
  0  0  0 1  0  0
  0  0 -1 1  0  0
6	% 
  2  2  1 -1  0  0
  1  1  0  0  0  0
 -2 -3 -1  1  0  0
  1  1  1  0  0  0
  0  0  0  0  0 -1
  0  0  0  0 -1 -1
6	% 
 -1  1  0 0 0 0
  0  0  1 1 0 0
  1 -1 -1 0 0 0
  0  1  0 0 0 0
 -1 -1  0 0 0 1
  0  0  0 0 1 1
6	% 
  0  0  1  1 0 0
  0  0  1  1 1 0
  0  0 -1 -1 0 1
  0  0  1  0 0 0
  0 -1  0  0 0 0
 -1 -1  0  0 0 0
1,1,1;1;1;1 1 19
4 
#1 
6	% 
  1  1 0  0  0  0
  0  1 0  0  0  0
 -1 -1 0  0  0 -1
  1  1 0  0 -1  0
  1  1 0 -1  0  0
  1  1 1  0  0  0
1,1,1,1;1;1 1 5
12 
#3 
6	% 
  1  0 0 0 0 0
  1 -1 0 0 0 0
  0  0 0 0 0 1
 -1  0 0 1 0 0
  1  0 1 0 0 0
  0  0 0 0 1 0
6	% 
  1  0 0  0 0 0
  1 -1 0  0 0 0
  0  0 0  0 0 1
 -1  0 0 -1 0 0
  1  0 1  0 0 0
  0  0 0  0 1 0
6	% 
  0  0  0  1  0 0
 -1  1 -1  0 -1 1
 -1  0 -1  1  0 0
  1 -1  1 -1  1 0
 -1  1 -1  1  0 1
  0 -1  1 -1  0 0
2-1',2-1';2-1 1 3
4 
#1 
6	% 
  0 -1 -1 1  0  0
  1  0  0 0 -1  1
 -1  0  0 0  0 -1
  0 -1 -1 0  0  0
  0 -1  0 1  0  0
 -1  0  0 0  1  0
1,1,1;1;1;1 1 15
8 
#2 
6	% 
  1 -1 0 1 0 0
 -1  1 0 0 0 1
  0  1 0 0 0 0
 -1  1 1 0 0 0
  1  0 0 0 0 0
  1 -1 0 0 1 0
6	% 
  1 -1 0 1 0  0
 -1  1 0 0 0 -1
  0  1 0 0 0  0
 -1  1 1 0 0  0
  1  0 0 0 0  0
  1 -1 0 0 1  0
1,1,1;1,1;1 1 12
32 
#5 
6	% 
  1 -1  0 0 0  0
  0  0 -1 1 0  0
 -2  2  0 0 1 -1
  0  0  0 1 1  1
 -1  1  0 0 0 -1
  1  0  0 0 0  0
6	% 
  0  0  0  0 -1  1
 -1  1 -1 -1 -2  2
  2 -2  1  1  4 -4
  0  1  0 -1 -1  1
  1 -1  0  1  2 -2
  0  0  0  0  0  1
6	% 
  2  2  0  0  1 -1
  1  1 -1  1  0  0
 -4 -4  1 -1 -2  2
  1  0 -1  0  0  0
 -2 -2  1  0 -1  1
  1  1  0  0  1  0
6	% 
 -1 -1  0  0  0  0
  0  0 -1  1  1 -1
  2  2  2 -1 -2  1
  0  0  0  0  1 -1
  1  1  1  0 -1  1
 -1  0  0  0  0  0
6	% 
 -1 -1  0  0  0 0
  0  0  1 -1  0 0
  2  2 -1  1  1 1
  0  0  0 -1 -1 1
  1  1  0  1  1 0
 -1  0  0  0  0 0
1,1;1,1;1;1 1 25
24 
#4 
6	% 
  0  1  0  0  0  0
  1 -1  0 -1  0  0
  0  0  0  0  0 -1
  1  0  0  0  0  0
  0  0  0  0 -1  0
 -1  1 -1  0  0  0
6	% 
  0  0 -1  0  0  0
  0 -1  1 -1  0  0
  0  0  1  1  0 -1
  0  0  0 -1  0  0
  0  0 -1 -1 -1  0
 -1  0 -1  1  0  0
6	% 
  0  0 -1  0  0 0
  0 -1  1 -1  0 0
  0  0  1  1  0 1
  0  0  0 -1  0 0
  0  0 -1 -1 -1 0
 -1  0 -1  1  0 0
6	% 
  0  1  0  0  0 0
  1 -1  0 -1  0 0
  0  0  0  0  0 1
  1  0  0  0  0 0
  0  0  0  0 -1 0
 -1  1 -1  0  0 0
1,1;1,1;1,1 1 10
8 
#2 
6	% 
 0 -1 1 -1  0  0
 0  0 0  0 -1  0
 0  0 0  1  1  1
 1  0 1 -1  0  0
 0  0 1  0  1  1
 0  0 0  0  0 -1
6	% 
 1 -1 0 -1  0  0
 0  0 0  0 -1  0
 0  1 0  0  1  1
 1 -1 1  0  0  0
 1  0 0  0  1  1
 0  0 0  0  0 -1
1,1;1,1;1;1 1 39
12 
#2 
6	% 
  1  2  1 -1 -1  1
 -2 -1 -1  1  1 -1
  1  1  0 -1 -1  1
 -1 -1 -1  1  0 -1
 -1 -1 -1  0  1 -1
 -1 -1 -1  1  1  0
6	% 
  1  2  1 -1 -1  1
 -2 -1 -1  1  1 -1
  1  1  0 -1 -1  1
 -1 -1 -1  0  1 -1
 -1 -1 -1  1  0 -1
 -1 -1 -1  1  1  0
1,1,1,1;1;1 1 2
8 
#1 
6	% 
 0  1  0  0  0  0
 0  0 -1 -1 -1  1
 0  1  0 -1  0  0
 1  0  0  0  0  0
 0 -1  1  1  0 -1
 0  1 -1 -1 -1  0
1,1,1;1,1;1 1 4
8 
#1 
6	% 
  0  1 0 1  0  0
  0  1 0 0  0  0
  0 -1 1 0  0  0
  0  0 0 0 -1  0
 -1  0 0 0 -1  1
  0  0 0 0 -1 -1
1,1,1;1,1;1 1 2
12 
#3 
6	% 
 0 0  2  2  1 -1
 0 0  1  1  0  0
 0 0 -3 -2 -1  1
 1 0  0  0  0  0
 0 1  0  0  0  0
 0 0  1  1  1  0
6	% 
  2  2 0 0  1 -1
  1  1 0 0  0  0
 -2 -3 0 0 -1  1
  0  0 1 0  0  0
  0  0 0 1  0  0
  1  1 0 0  1  0
6	% 
 -1  1 0  0 0  0
  0  0 1  1 0  0
  1 -1 0 -1 0  0
  0  0 0  0 0 -1
  0  0 0  0 1  1
  0  1 0  0 0  0
1,1,1;1,1;1 1 7
16 
#2 
6	% 
 0  0  0  0 -1 1
 0  2  1  1  0 0
 0 -3 -2 -2  0 0
 1  1  1  0  0 0
 1  0  0  0  0 0
 0  0  0  0 -1 0
6	% 
 -2  0 -2  2 -1 1
  0  0 -1  1  0 0
  1  0  2 -2  0 0
  0 -1 -1  0  0 0
  0 -1 -1 -1  0 0
 -1  0 -1  1 -1 0
1,1,1,1;1;1 1 3
3 
#2 
6	% 
  0 -1 -1 -1 0 0
 -1  0 -1 -1 0 0
 -1 -1  0 -1 0 0
  1  1  1  1 0 0
  0  0  0  0 0 1
  0  0  0  0 1 0
6	% 
 0 0 -1 -1  0 -1
 0 0  0 -1 -1 -1
 0 0 -1  0 -1 -1
 0 0  1  1  1  1
 0 1  0  0  0  0
 1 0  0  0  0  0
2-1;2-1;1;1 1 11
1 
#1 
6	% 
 1 0 0  0 0  0
 0 1 0  0 0  0
 0 0 0  0 0 -1
 0 0 0  0 1  0
 0 0 0 -1 0  0
 0 0 1  0 0  0
2-1;2-1;1,1 1 6
1 
#1 
6	% 
 0 -1 0 0 0 0
 1  1 0 0 0 0
 0  0 0 0 0 1
 0  0 0 0 1 0
 0  0 0 1 0 0
 0  0 1 0 0 0
2-1,2-1;1;1 3 1
2 
#1 
6	% 
 0 0 -1  0 -1 -1
 0 0 -1 -1  0  1
 0 0  0 -1  1  1
 0 0  1  1  1  0
 1 0  0  0  0  0
 0 1  0  0  0  0
2-1,2-1;1;1 1 1
2 
#1 
6	% 
 0 0  0  0 -1 -1
 0 0 -1 -1  0  0
 0 0  0  0  1  0
 0 0  0  1  0  0
 1 0  0  0  0  0
 0 1  0  0  0  0
2-1,2-1;1,1 3 1
2 
#1 
6	% 
 0  0 0 0 1 0
 0  0 0 1 0 0
 0  0 0 0 0 1
 0  0 1 0 0 0
 0 -1 0 0 0 0
 1  1 0 0 0 0
2-1,2-1;1,1 1 1
2 
#1 
6	% 
 0  0  0 0 0 -1
 0  0 -1 0 0  0
 0  0  0 0 1  1
 0  0  1 1 0  0
 0 -1  0 0 0  0
 1  1  0 0 0  0
2-1,2-1;2-1 3 1
2 
#1 
6	% 
 0 0 0 0 1 0
 0 0 0 1 0 0
 0 0 0 0 0 1
 0 0 1 0 0 0
 0 1 0 0 0 0
 1 0 0 0 0 0
2-1,2-1;2-1 1 1
2 
#1 
6	% 
 0 0 0 0 1 0
 0 0 0 1 0 0
 0 0 0 0 0 1
 0 0 1 0 0 0
 0 1 0 0 0 0
 1 0 0 0 0 0
2-1',2-1';2-1 1 1
2 
#1 
6	% 
 0 0 0 -1  1 1
 0 0 1  1  1 0
 0 0 0  1  0 0
 0 0 0  0 -1 0
 0 1 0  0  0 0
 1 0 0  0  0 0
2-1;2-1;1;1 1 21
1 
#1 
6	% 
 0 0 0  0 0 -1
 0 1 0  0 0  0
 0 0 0  0 1  0
 0 0 0 -1 0  0
 0 0 1  0 0  0
 1 0 0  0 0  0
2-1,2-1;1;1 3 3
2 
#1 
6	% 
 0 0 0 0 1 0
 0 0 0 1 0 0
 0 0 0 0 0 1
 0 0 1 0 0 0
 0 1 0 0 0 0
 1 0 0 0 0 0
2-1,2-1;1;1 1 3
2 
#1 
6	% 
 0 0 0  0 -1 0
 0 0 0 -1  0 0
 0 0 0  0  1 1
 0 0 1  1  0 0
 0 1 0  0  0 0
 1 0 0  0  0 0
1,1,1,1;1;1 1 1
1 
#1 
6	% 
 0 0 -1 -1  0 -1
 0 0 -1  0 -1 -1
 0 0  0 -1 -1 -1
 0 0  1  1  1  1
 1 0  0  0  0  0
 0 1  0  0  0  0
1,1,1;1,1;1 1 3
8 
#1 
6	% 
 0 0  2 0  1  1
 0 0  1 0  0  0
 0 0 -3 1 -1 -1
 1 0  1 0  1  0
 1 0  0 0  0  0
 0 1  0 0  0  0
1,1,1;1,1;1 1 1
4 
#1 
6	% 
 0 0 0  0 -1 -1
 0 0 0  0 -1  0
 1 0 0  0  1  1
 0 0 0 -1  0  0
 0 0 1  1  0  0
 0 1 0  0  0  0
1,1;1,1;1;1 1 23
4 
#3 
6	% 
 0 1 0 0 0 0
 1 0 0 0 0 0
 0 0 0 1 0 0
 0 0 0 0 1 0
 0 0 1 0 0 0
 0 0 0 0 0 1
6	% 
 1 0  0  0 0  0
 0 1  0  0 0  0
 0 0  1  0 1  0
 0 0 -1  0 0  0
 0 0  0 -1 0 -1
 0 0  0  0 0  1
6	% 
 1 0  0  0  0 0
 0 1  0  0  0 0
 0 0  0  0  0 1
 0 0 -1  0  0 0
 0 0  0  0 -1 0
 0 0  0 -1  0 0
1,1;1,1;1;1 1 16
16 
#2 
6	% 
 0 -1 0  0 -1 -1
 1  0 0  0  0  0
 0  0 0  1  0  0
 0  1 1 -1  1  0
 0  0 1  0  0  0
 0 -1 1 -1  0 -1
6	% 
 0 -1 -1  1  0 0
 1  0  0  0  0 0
 0  0  0  0  1 0
 0  1  0 -1 -1 1
 0  0  0  0  0 1
 0 -1 -1  0 -1 1
1,1;1,1;1;1 1 19
4 
#1 
6	% 
 -1  0 0 0 -1  1
  0 -1 0 0 -1 -1
  1  1 0 0  1  0
  0  0 0 1  0  0
 -1  1 0 0  0  1
  0  0 1 0  0  0
2-1;2-1;1;1 1 18
2 
#1 
6	% 
 1 0 0 0  0  0
 0 1 0 0  0  0
 0 0 0 1  0  0
 0 0 0 0  0 -1
 0 0 0 0 -1  0
 0 0 1 0  0  0
2-1;1;1;1;1 1 39
1 
#1 
6	% 
 0 1  0 0  0 0
 1 0  0 0  0 0
 0 0  0 1  0 0
 0 0  0 0  0 1
 0 0  0 0 -1 0
 0 0 -1 0  0 0
2-1;1;1;1;1 1 14
1 
#1 
6	% 
 0 1 0 0 0 0
 1 0 0 0 0 0
 0 0 0 1 0 0
 0 0 0 0 0 1
 0 0 1 0 0 0
 0 0 0 0 1 0
2-1;1,1;1;1 1 18
4 
#2 
6	% 
 0 1  0  0  0  0
 1 0  0  0  0  0
 0 0  0  1  0  0
 0 0  1 -1  0 -1
 0 0  1  0  0  0
 0 0 -1  1 -1  0
6	% 
 0 1  0 0  0  0
 1 0  0 0  0  0
 0 0  0 1  0  0
 0 0  0 0  0 -1
 0 0 -1 0  0  0
 0 0  0 0 -1  0
1,1;1,1;1;1 1 2
8 
#1 
6	% 
 0 1 1 -1  0 0
 0 0 0  0  1 1
 0 0 0  0 -1 0
 1 0 0  0  0 0
 0 0 0  1  0 0
 0 0 1  0  0 0
1,1;1,1;1;1 1 4
3 
#2 
6	% 
 0 -1 0 0  0  0
 1  1 0 0  0  0
 0  0 0 0  1  0
 0  0 0 0 -1 -1
 0  0 0 1  0  0
 0  0 1 0  0  0
6	% 
 0 0  1 1  0  0
 0 0 -1 0  0  0
 0 0  0 0  1  0
 0 0  0 0 -1 -1
 0 1  0 0  0  0
 1 0  0 0  0  0
2-1;1,1;1;1 1 26
2 
#1 
6	% 
 0 -1 0  0  0 0
 1  1 0  0  0 0
 0  0 0 -1  0 0
 0  0 0  0  0 1
 0  0 0  0 -1 0
 0  0 1  0  0 0
2-1;1,1;1;1 1 24
8 
#1 
6	% 
 0  1  0 0 0  0
 1  0  0 0 0  0
 0  1  0 0 0 -1
 0 -1  0 0 1  0
 0  1  0 1 0  0
 0 -1 -1 0 0  0
2-1;1,1;1;1 1 32
8 
#1 
6	% 
 0 1  0  0 0  0
 1 0  0  0 0  0
 0 0  0  0 0 -1
 0 0 -1  0 0  0
 0 0  0 -1 0  0
 0 0  0  0 1  0
1,1,1;1;1;1 1 2
4 
#1 
6	% 
 0 0  0 -1  0  0
 0 0 -1 -1 -1  1
 1 0  0  0  0  0
 0 1  0  0  0  0
 0 0  1  1  0 -1
 0 0 -1 -1 -1  0
1,1;1,1;1,1 1 2
4 
#1 
6	% 
 -1  0 0  0 -1  1
  0  0 0 -1  0  0
  0  0 1  1  0  0
  0 -1 0  0 -1 -1
  1  1 0  0  1  0
 -1  1 0  0  0  1
1,1,1;1;1;1 1 5
4 
#1 
6	% 
 1 0  0  1 0 0
 0 0 -1  0 0 0
 0 0  0 -1 0 0
 0 1  0  0 0 0
 0 0  0  0 0 1
 0 0  0  0 1 0
2-1;1,1;1;1 1 6
2 
#1 
6	% 
 1 0 0  0 0 0
 0 1 0  0 0 0
 0 0 0 -1 0 0
 0 0 1  1 0 0
 0 0 0  0 0 1
 0 0 0  0 1 0
1,1;1,1;1,1 1 1
1 
#1 
6	% 
 0 -1 0  0 0  0
 1  1 0  0 0  0
 0  0 0 -1 0  0
 0  0 1  1 0  0
 0  0 0  0 0 -1
 0  0 0  0 1  1
1,1;1,1;1;1 1 34
8 
#4 
6	% 
  1  0  0 -1 0 0
 -1  0  0  0 0 0
  0  0  0  0 0 1
  0  1  0  0 0 0
  0 -1 -1  0 0 0
  0  0  0  0 1 0
6	% 
 0 0  1 0 1  1
 0 0 -1 0 0  0
 0 1  0 0 0  0
 0 0  0 0 0 -1
 0 0  1 1 0  1
 1 0  0 0 0  0
6	% 
 0 0  0 -1 0 1
 0 0 -1  0 0 0
 0 1  0  0 0 0
 0 0  0  1 0 0
 0 0  1  0 1 0
 1 0  0  0 0 0
6	% 
 0 0 0 1  1  1
 0 0 0 0 -1  0
 0 1 0 0  0  0
 0 0 0 0  0 -1
 0 0 1 0  1  1
 1 0 0 0  0  0
1,1;1,1;1;1 1 1
1 
#1 
6	% 
 0 0  1 1  0 0
 0 0 -1 0  0 0
 0 0  0 0  1 1
 0 0  0 0 -1 0
 1 0  0 0  0 0
 0 1  0 0  0 0
2-1,2-1,2-1 1 1
8 
#1 
6	% 
 0 0 -1 -1  0  0
 0 0  0  0 -1 -1
 0 0 -1  0  0  0
 0 0  0  0  0 -1
 0 1  1  1  0  0
 1 0  0  0  1  1
2-1,2-1,2-1 2 1
8 
#1 
6	% 
  1  1  0  0 -1 -1
 -1  1 -1 -1  0  0
  0  0  0  0  1  0
  0  0  0  1  0  0
  0 -1  0  0  0  0
  1  0  0  0  0  0
2-1,2-1,2-1 3 1
16 
#2 
6	% 
 0  0  0  0  0 1
 0  0 -1  0  0 0
 0  0  0 -1  0 0
 0  0  0  0 -1 0
 1  0  0  0  0 0
 0 -1  0  0  0 0
6	% 
  1  0  0  0 0 1
  0 -1 -1  0 0 0
  0  1  0  0 1 0
  1  0  0 -1 0 0
  0 -1  0  0 0 0
 -1  0  0  0 0 0
2-1;1;1;1;1 1 22
2 
#1 
6	% 
 1 0 0  0  0 0
 0 1 0  0  0 0
 0 0 0 -1  0 0
 0 0 0  0  0 1
 0 0 0  0 -1 0
 0 0 1  0  0 0
2-1,2-1;2-1 2 4
8 
#1 
6	% 
 0 1 -1 -1 -1 -1
 1 0  1  1 -1 -1
 0 0  0  0  0  1
 0 0 -1  0  0  0
 0 0  0 -1  0  0
 0 0  0  0  1  0
2-1,2-1;2-1 1 3
8 
#1 
6	% 
  0 -1 -1 1  0  0
 -1  0  0 0  1 -1
  1  0  0 0  0  1
  0 -1 -1 0  0  0
  0 -1  0 1  0  0
  1  0  0 0 -1  0
2-1,2-1;1;1 1 7
8 
#1 
6	% 
  0 -1 -1  1  0  0
 -1  0  0  0  1 -1
  1  0  0  0  0  1
  0  1  0 -1  0  0
  0  1  1  0  0  0
  1  0  0  0 -1  0
2-1,2-1;1;1 2 11
8 
#1 
6	% 
  0  1 0  0  0 0
  1  0 0  0  0 0
 -1 -1 0  0  0 1
  1 -1 0 -1  0 0
  1 -1 1  0  0 0
 -1 -1 0  0 -1 0
2-1;1;1;1;1 1 35
2 
#1 
6	% 
 0 1 0  0  0  0
 1 0 0  0  0  0
 0 0 0 -1  0  0
 0 0 0  0  0 -1
 0 0 0  0 -1  0
 0 0 1  0  0  0
1,1;1;1;1;1 1 11
4 
#2 
6	% 
 1 0  0  0 0 0
 0 1  0  0 0 0
 0 0  0 -1 0 0
 0 0 -1  1 0 1
 0 0  1 -1 1 0
 0 0 -1  0 0 0
6	% 
 1 0 0  0 0 0
 0 1 0  0 0 0
 0 0 0 -1 0 0
 0 0 0  0 0 1
 0 0 0  0 1 0
 0 0 1  0 0 0
1,1;1;1;1;1 1 9
8 
#1 
6	% 
 0 1 0 0 1 -1
 1 0 0 0 0  0
 0 0 0 1 0  0
 0 0 0 0 0  1
 0 0 1 0 0  0
 0 0 0 0 1  0
1,1;1;1;1;1 1 46
8 
#1 
6	% 
 0 1  1 -1 -1 1
 1 0  0  0  0 0
 0 0 -1  0  0 0
 0 0  0  0 -1 0
 0 0  0  0  0 1
 0 0  0 -1  0 0
1;1;1;1;1;1 1 7
1 
#1 
6	% 
 1 0 0 0 0 0
 0 1 0 0 0 0
 0 0 0 1 0 0
 0 0 0 0 0 1
 0 0 1 0 0 0
 0 0 0 0 1 0
1;1;1;1;1;1 1 30
1 
#1 
6	% 
 1 0 0 0  0  0
 0 1 0 0  0  0
 0 0 0 0 -1  0
 0 0 0 1  0  0
 0 0 1 0  0  0
 0 0 0 0  0 -1
1,1;1;1;1;1 1 48
1 
#1 
6	% 
 0 -1 0 0  0 0
 1  1 0 0  0 0
 0  0 0 0  0 1
 0  0 0 0 -1 0
 0  0 0 1  0 0
 0  0 1 0  0 0
1,1;1;1;1;1 1 25
3 
#2 
6	% 
 0 -1 0  0 0 0
 1  1 0  0 0 0
 0  0 0  0 0 1
 0  0 0 -1 0 0
 0  0 1  0 0 0
 0  0 0  0 1 0
6	% 
 0  0  1 1 0 0
 0  0 -1 0 0 0
 0  0  0 0 0 1
 0 -1  0 0 0 0
 1  0  0 0 0 0
 0  0  0 0 1 0
1;1;1;1;1;1 1 41
1 
#1 
6	% 
 0 1  0 0  0  0
 1 0  0 0  0  0
 0 0  0 0  0 -1
 0 0  0 0 -1  0
 0 0  0 1  0  0
 0 0 -1 0  0  0
1;1;1;1;1;1 1 18
1 
#1 
6	% 
 0 1 0 0 0 0
 0 0 0 0 0 1
 0 0 0 1 0 0
 1 0 0 0 0 0
 0 0 1 0 0 0
 0 0 0 0 1 0
1,1;1;1;1;1 1 28
12 
#3 
6	% 
 0 0  1  0 0 0
 0 0 -1  1 0 1
 0 1  0  0 0 0
 0 0  0  1 0 0
 1 0  0  0 0 0
 0 0  1 -1 1 0
6	% 
  1  0 0 0 0 0
 -1  1 0 0 0 1
  0  0 0 1 0 0
  0  1 0 0 0 0
  0  0 1 0 0 0
  1 -1 0 0 1 0
6	% 
 0 0 -1 0 0 0
 0 0  0 0 0 1
 0 1  0 0 0 0
 0 0  0 1 0 0
 1 0  0 0 0 0
 0 0  0 0 1 0
1,1;1;1;1;1 1 54
8 
#1 
6	% 
  0  1  0  0  0 0
  1  0  0  0  0 0
  1 -1  0  0  0 1
  1 -1  0 -1  0 0
  1 -1  0  0 -1 0
 -1  1 -1  0  0 0
1,1;1;1;1;1 1 3
2 
#1 
6	% 
 0 0  1 1 0 0
 0 0 -1 0 0 0
 1 0  0 0 0 0
 0 1  0 0 0 0
 0 0  0 0 0 1
 0 0  0 0 1 0
