#61

2-1;2-1;1;1 1 7
1 
#1 
6	% 
 1 0 0 0 0 0
 0 1 0 0 0 0
 0 0 1 0 0 0
 0 0 0 1 0 0
 0 0 0 0 1 0
 0 0 0 0 0 1
1,1,1,1,1,1 1 1
1 
#1 
6	% 
 1 0 0 0 0 0
 0 1 0 0 0 0
 0 0 1 0 0 0
 0 0 0 1 0 0
 0 0 0 0 1 0
 0 0 0 0 0 1
2-1;1,1,1,1 1 2
2 
#1 
6	% 
  0 -1  1  0  1 -1
  0 -1  1  0  0  0
  0 -1  1  1 -1 -1
  0 -1  1  1  0 -1
 -1 -1  0  0  0  0
  0  2 -1 -1  0  1
1,1,1,1,1;1 1 2
10 
#3 
6	% 
 -1 -1  0  1  1 -1
 -1 -1  0  1  0  0
  0 -1  0  1  1 -1
  1  0 -1  0  1  1
  0  1  1 -1 -1  0
  1  0 -1  1  1  0
6	% 
  0 -1  1  0  0  0
  0 -1  0  0  0  0
  1 -1  1 -1  1 -1
 -1 -1  1 -1  0  0
  0  2 -1  2 -1  0
  0 -2  1 -1  0 -1
6	% 
 0  0  1 -1  0  0
 0  1  1  0  1  1
 0  1  0 -1  1  0
 0  1  1  0  0  1
 1 -1 -1  1 -1 -1
 1  2  1 -1  1  1
1,1,1,1;1,1 1 2
15 
#4 
6	% 
 0  1 -1 -1 1  1
 0  1  0 -1 0  0
 0  1 -1  0 0  0
 1  0  0  0 0  0
 0 -1  1  1 0 -1
 0  2 -1 -1 0  1
6	% 
  0  1 -1  0  0 0
  1  1 -1  0  0 0
  0  1 -1  0 -1 1
  2  2 -1  1  0 0
 -2 -3  2 -1  1 0
 -1  0 -1  0 -1 0
6	% 
  2  2 -1 -1  0 0
  3  3 -2 -1  0 0
  0  1 -1  0 -1 1
 -1 -1  0  0  0 0
 -1 -1  2  0  1 0
  4  4 -2 -1  0 1
6	% 
 0 1  0  1  0 0
 0 0 -1  0  0 0
 1 0  1  1  0 0
 0 0  0  0 -1 1
 0 0  0 -1  1 0
 0 0  0  0  1 0
2-1',2-1';1,1 1 2
2 
#1 
6	% 
  1 0  0  0 0  0
  1 1  0  0 0  0
  0 0  0  0 1 -1
  1 0  1  0 0 -1
 -1 0 -1  0 0  0
  1 0  1 -1 0  1
2-1;1,1,1;1 1 5
8 
#2 
6	% 
 0 -2  2 -1  1 1
 0 -2  2 -1  2 0
 0  0 -1  1 -1 0
 1  1  0  0  0 0
 0 -1  0  0  0 0
 0  0  0  0 -1 0
6	% 
 0 -2  1 1  0 0
 0 -1  1 0  0 0
 0  0 -1 0  0 1
 1  1  0 0  0 0
 0 -1  0 0  0 0
 0  0 -1 1 -1 0
2-1;1,1;1,1 1 4
6 
#2 
6	% 
 0 0  0 -1  1 1
 1 0  0  0  0 0
 0 0  0  0 -1 0
 0 0 -1  1  0 0
 0 1  0 -1  0 0
 0 1  0  0 -1 0
6	% 
 0  0 -1 1  0  0
 0  0  0 0  1 -1
 0  0  0 0  0 -1
 1  1  0 0  0  0
 0 -1  0 0  0  0
 0 -1  1 0 -1  0
1,1,1;1,1,1 1 2
10 
#3 
6	% 
  0  0 -1  1  0 0
 -1  1 -1  1  0 0
  0 -1  1  0  0 0
  0  0  0  0 -1 1
  0 -1  1 -1  1 0
  0  0  0  0  1 0
6	% 
  0 -1  0  1  0  0
  0  2 -1 -1  0  0
 -1  0  0  0  0  0
 -1  0  0 -1  1  1
  1  0  1  0  0 -1
  1  1 -1  1 -1  0
6	% 
 -1 -1  1 -1  0  0
 -1 -1  0  0  0  0
  0  1 -1  0  0  0
  2  1 -1  0  1 -1
  0  0  0  0  0  1
 -1 -1  1  0 -1  0
2-1;1,1,1;1 1 6
4 
#1 
6	% 
 0  0  0 -1  1  1
 0 -1  1  0 -1  0
 1  0  0  1 -1 -1
 0  1 -1  0  0  0
 0  0  1 -1  1  0
 1  1  0 -1  1  1
1,1,1,1;1,1 1 3
20 
#3 
6	% 
  0  0  0 -1  1  1
  0  1  0  0 -1  1
 -1 -1  1 -1  0  0
  1  0 -1  2  0 -1
  1  1 -2  1  0  1
 -1  0  1 -1  0  0
6	% 
  0  0  0 -1 0 0
  0 -1 -1 -1 0 0
 -1 -1  0 -1 1 0
  1  1  1  1 0 0
  1  0 -1 -1 0 0
 -1  0  0  0 0 1
6	% 
  0 0  0 -1 1  1
  0 0  1  0 0 -1
  1 0  0  1 0 -1
 -1 0 -1 -1 0  1
 -1 1  1 -1 0 -1
  1 0  0  0 0  1
2-1',2-1';1;1 1 4
2 
#1 
6	% 
 -1 -1  0  0  0  0
 -1  0  0  0  0  0
  1  1  1 -1  0  0
  0  0 -2  1  0  0
  0  0 -1  1  0 -1
  0  0 -1  1 -1  0
1,1,1;1,1,1 1 3
12 
#2 
6	% 
 1 -1  0  0  0  0
 0  1 -2  0 -1  3
 0 -2  2 -1  1 -2
 0  1 -1  0  0  1
 0  0  2  0  1 -2
 0  0 -1  0  0  1
6	% 
  2  1 -1 1  0  0
  0  3  0 0  1 -1
  0 -2 -1 0  0  1
 -1  0  0 0  0  0
  0 -2  0 0 -1  0
  1  1  0 0  0  0
2-1;1,1;1,1 1 8
4 
#1 
6	% 
  0  0 -1  1  0  0
  0  1  0 -1  0  0
 -1 -1  0 -1  1  1
  0  1  0  0  0 -1
  1  0  0  1 -1 -1
  0  0  0  0 -1  0
1,1,1;1,1,1 1 4
4 
#1 
6	% 
  0 -2  0  1  0 -1
  0 -1  1  0  1 -1
  1  2 -1  1 -2  1
  0 -1  0 -1  1  0
 -1  1 -1  0 -1  2
  0  0  1 -1  1 -1
1,1,1;1,1;1 1 5
60 
#8 
6	% 
 0 -1 0  0  1  1
 0 -2 1  1  0  0
 0  2 0 -1 -1 -1
 1  0 0  0  1  0
 2  0 0  0  1 -1
 1  1 0  0  0  0
6	% 
  1  0  0  1 -2 0
  2  0  0  1 -2 0
 -3  0  0 -2  3 1
  1  0  0  1 -1 0
  0 -1 -1  2  0 0
  1  1  0  0  0 0
6	% 
 -1  0 -1  1 -1  1
  1  0  0  0  0  0
  0  0  0  0  1 -1
  0  0  0  0  0  1
  0 -2  2 -1  1  1
  1  1  0  0  0  0
6	% 
 0  1 -1  1 -2  0
 0 -1  1  0 -1  1
 0 -1  1 -1  3 -1
 0  1 -1  1 -1  0
 1  0  0  0  0  0
 1  1  0  0  0  0
6	% 
  1  1  0 -1 0  0
 -1 -1  1  0 0  0
  1  0 -1  1 0  0
  1  1  0 -1 1  0
  0  0  0  0 1 -1
  1  1  0  0 0  0
6	% 
  2  2  1  0 0  0
  1  1  0  0 0  0
 -2 -3 -1  0 0  0
  1  1  1 -1 1  0
  0  0  2 -2 1 -1
  0  0  0 -1 1  1
6	% 
  2  1  0  0  1 -1
  1  0  0  0  0  0
 -3  0  0  0 -1  1
  1  0  0  0  1  0
  0 -1 -1  2  0  0
  0  0  0 -1  1  1
6	% 
  3  2 1  0  1 -1
  1  1 0  0  0  0
 -3 -3 0  0 -1  1
  1  1 0  0  1  0
 -1  0 0  0  0  0
  0  0 0 -1  1  1
1,1,1,1;1;1 1 4
15 
#4 
6	% 
 0 -2 1  1  1 -1
 0 -1 0  1  1 -1
 0  3 0 -2 -3  1
 0 -1 0  0  2  0
 0  1 0  0 -1  0
 1  1 0  0 -1  0
6	% 
  0  0 -1 1  1 -1
  1  0  0 0  1 -1
 -1  0  1 0 -3  1
 -1  0 -1 0  2  0
  1  0  1 0 -1  0
  0 -1  1 0 -1  0
6	% 
 -1 -1 1  0  0  0
  0  1 0 -1  0  0
  0  0 0  0  1 -1
 -1 -1 0  1 -1  1
  0  0 0  0  0 -1
  1  1 0  0  0 -1
6	% 
 0  1 0  0  0  0
 1  0 0  0  0  0
 0 -3 1 -1  0  0
 0  2 0  1  0  0
 0 -1 0  0 -1  0
 0 -1 0  0  0 -1
1,1,1;1,1;1 1 10
48 
#4 
6	% 
 -4 -1  2 -1 -2  2
 -3 -1  2 -1 -1  1
  9  3 -6  3  4 -4
 -2 -1  1  0 -1  1
 -1  1  1 -1 -1  0
  1  1  0  0  0  0
6	% 
  0 -1  0  1  0 0
  0 -2  0  1  2 0
  0  4  0 -3 -3 1
 -2 -1  1  0  0 0
  2 -1 -1  1  1 0
 -1 -1  0  0  0 0
6	% 
 0 -1  0 -1  0  0
 0  1  0  0  0  0
 1 -1  0  1  0  0
 0  0 -1  0  1 -1
 0  0  1  0 -1  0
 0  0  0  1 -1 -1
6	% 
  0 -1  2  0  0  0
  0 -3  1  0 -1  1
  0  6 -3  0  2 -2
  1  0  2 -1  0  0
 -1 -2 -1  2 -1  0
  0  0  0  1 -1 -1
1,1,1,1;1;1 1 5
20 
#3 
6	% 
  1  0  0  0  0  0
  2  0  0  1 -1 -1
  2  0 -1  1 -1  0
 -4 -1  1 -1  1  1
  4  0 -1  2 -1 -1
 -3 -1  1 -1  1  0
6	% 
 -1  1 0  0  0  0
 -1  3 0  1  0  0
 -1  1 1  0  0  0
  2 -3 0 -1  0 -1
 -2  3 0  2 -1  0
  1 -2 1 -1  0  0
6	% 
 0  1 0  1  0  1
 0  1 0  2 -1  1
 0  1 1  1  0  1
 1 -1 0 -2  1 -1
 1  2 0  2 -1  1
 0 -2 1 -2  0 -1
1,1,1;1,1;1 1 12
24 
#2 
6	% 
 0  2 0  1  1 -1
 0  1 0 -1  0  0
 0 -5 0  0 -2  2
 0  0 1 -1  0  0
 1 -2 0  0 -1  1
 0  1 0  0  1  0
6	% 
  0 -1 0  0  0  0
  0 -2 0 -2 -1 -1
  0  5 0  3  2  2
  0 -1 0 -1 -1  0
  0  2 1  1  2  0
 -1 -1 0  0  0  0
1,1;1,1;1,1 1 3
15 
#4 
6	% 
  0 -7  3  4 0  0
  0  0  0 -1 1  1
 -1 -1  0  0 0  0
  0  5 -2 -3 0  0
 -1 -3  1  2 0 -1
  1 -2  1  2 0 -1
6	% 
 1  2  0  0 0 0
 0  0 -1  1 0 0
 0  1 -1  0 0 0
 0 -1  0  0 0 0
 0  0  1 -1 0 1
 0  1  0 -1 1 0
6	% 
  5  0  0  0  2 -2
  0  0  1 -1  0  0
  0 -1  1  0  0  0
 -3  0  0  0 -1  1
  2  1 -2  2  0 -1
  2  0 -1  1  1  0
6	% 
 -1 -1 -2  2  0  0
 -1  0  0  0  0  0
  0  0  0  1 -1 -1
  1  1  1 -1  0  0
  0 -1  0  1 -1  0
  0 -1  0  0  1  0
1,1,1;1,1;1 1 7
24 
#3 
6	% 
 0  1 -2  1 0  0
 0  1 -2  2 0 -2
 0 -2  4 -4 1  3
 1  1 -1  1 0 -1
 1  0  0  0 0  0
 0  1 -1  0 0  0
6	% 
  0 -1 0  0 0 0
  0 -2 0 -1 0 0
  0  4 1  2 0 0
  0 -1 0 -1 0 1
  0  0 0 -1 1 1
 -1 -1 0  0 0 0
6	% 
  0  1  0  0  0  0
  0 -2  1 -1  1  1
  0  3 -1  2 -2 -2
  0 -1  1 -1  0  1
  0  0 -1  1  0  0
 -1  0  0  0  0  0
1,1;1,1;1,1 1 6
24 
#3 
6	% 
 -3 -2  0  0  0  0
  1  1  1 -1  0 -1
  2  1  0  0  0  0
  0  1 -1 -1  1  1
  0  0 -1  0  1  1
  1 -1  1  1 -1  0
6	% 
 -1 -1  0  2 -2 -2
  0  2  0 -2  1  0
  1  1  0 -1  1  1
  0 -1  1  0  0  0
  0  0 -1  1  0  0
  1  2  0 -2  1  0
6	% 
  0  0  0 -2 1  3
  0 -1  0  0 0 -1
  0  0  0  1 0 -2
  1  1  1 -1 0  0
 -1  0 -1  1 0  0
  0 -1 -1  1 0 -1
1,1,1;1;1;1 1 16
4 
#1 
6	% 
 0  0  0  0  1 -1
 0  0 -1  2  1 -3
 0 -1  1 -1 -1  3
 1  1 -1  1  1 -2
 0  0 -1  1  1 -2
 1  0  0  0  0  0
1,1;1,1;1;1 1 30
4 
#1 
6	% 
  0  0 -1  1 0 0
  1  1  1 -2 1 0
  0  1 -1  0 0 0
  1 -1  1  0 0 1
 -1 -1  0  0 0 0
  1  0  0  0 0 0
1,1;1,1;1;1 1 15
6 
#2 
6	% 
  0  0  0 1 -1 -1
  0 -2  2 0 -1  1
 -1  0 -1 0  1  0
  1  0  0 0  0  1
  1  1  0 0  0  0
  1  0  0 0  0  0
6	% 
  0 -2 1 1 0  0
  0  0 0 0 1 -1
 -1 -1 0 0 0  1
  1  0 0 1 0 -1
  1  1 0 0 0  0
  1  0 0 0 0  0
1,1,1;1;1;1 1 12
8 
#2 
6	% 
 0 0 -1 0 1  1
 0 0 -1 1 0  0
 0 1  0 0 0 -1
 1 1 -1 0 0  1
 1 0  0 0 0  0
 1 1  0 0 0  0
6	% 
  0 2  0 -2  1 -1
  0 2 -1 -1  0  0
  1 0  0  1 -1  0
  0 1  0  0  0 -1
 -1 0  0  0  0  0
  1 1  0  0  0  0
1,1,1,1;1;1 1 6
2 
#1 
6	% 
  0 -1  1  1 -1 -1
  0 -1  1  0  0  0
  0 -1  0  1  0  0
  0  2 -1 -1  0  1
  1 -1  1  1  0 -1
 -1  0  0  0  0  0
1,1,1;1;1;1 1 8
24 
#3 
6	% 
 0  0  0  0 -1 1
 0  1 -1 -1  2 0
 0 -1  1  0 -1 0
 1  0  0  0  0 0
 0  0  1  0 -2 0
 0  0 -1  0  1 0
6	% 
 -1  0  0  0  0  0
 -1 -1  1  0 -1  1
  1  1 -1  0  1  0
  0  0  0 -1  1  1
  1  0 -1  1  1 -1
  0  0  1 -1  0  1
6	% 
 1 -2 0 -1 0  0
 0  0 1  0 0  0
 0 -1 0 -1 1  0
 0  0 0  0 1 -1
 0 -1 1 -1 0  0
 0  1 0  0 1  0
1,1;1,1;1;1 1 21
24 
#3 
6	% 
 0  1 -1  0  1 -1
 0 -2  4 -3  1  1
 0  1 -4  4 -2  0
 0  1 -2  2 -1  0
 0  0  1 -1  1 -1
 1  1 -2  2 -1  0
6	% 
 -1  0 -1  1  0  0
  0  3  0 -3  1 -1
  1 -3  0  3 -1  1
  1 -1  0  1  0  1
 -1  1 -1  0  0  0
  1 -1  0  2 -1  0
6	% 
 -1 -1 -1 1 0 0
  0  2  1 0 0 0
  0 -2 -2 1 0 0
  0 -1 -1 0 1 0
 -1  0 -1 1 0 0
  0 -1 -1 0 0 1
1,1;1,1;1;1 1 6
45 
#8 
6	% 
  0  0 -1 1  0  0
  0 -3  3 0 -2  2
  0  1 -2 0  2  0
  0  0  1 0 -1 -1
 -1  0 -1 0  1  0
  0  0 -1 0  1  0
6	% 
  0  0 0  0 -1 1
  0  2 1 -3  0 0
  0 -1 0  2 -2 0
  0  0 0 -1  2 0
 -1 -1 0  1 -1 0
  0 -1 0  1 -1 0
6	% 
  0 -1  1  0  0  0
 -3  0  0  0 -2  2
  1  1 -1  1  0 -2
  0 -1  1 -1  1  1
  1  1  0  0  0 -1
  0  0  0  0  0 -1
6	% 
  0  0  0  0 -1 1
  3  2 -2  0  0 0
 -1 -1  1  1 -2 0
  0  0  0 -1  2 0
 -1 -1  0  1 -1 0
 -1 -1  1  0 -1 0
6	% 
 -1  0 0  0  0  0
  0  2 1 -3  0  0
  1 -1 0  1  1 -1
 -1  0 0  0 -1  1
  1  0 0  1  0 -1
  0 -1 0  1  0 -1
6	% 
  0  0  0  0  1 -1
  3  0  2 -2  0  0
 -1  1 -2  1  1 -1
  0 -1  1  0 -1  1
  0  1 -1  1  0 -1
 -1  0 -1  1  0 -1
6	% 
 1  0 0  0  0  0
 0  2 1 -3  0  0
 0 -2 0  1  0  0
 0  1 0  0  0  0
 0 -1 0  1  0 -1
 0 -1 0  1 -1  0
6	% 
  1 1  0  0  0  0
  2 0  1 -1  0  0
 -2 0 -2  1  0  0
  1 0  1  0  0  0
 -1 0 -1  1  0 -1
 -1 0 -1  1 -1  0
1,1,1;1;1;1 1 4
20 
#4 
6	% 
  0  0 -1  1  0 0
  0  0  1 -1 -1 1
  0  0 -1  0  2 0
 -1 -1  1  0 -2 0
  0 -1  1  0 -1 0
 -1 -1  1  0 -1 0
6	% 
 0 -2  1  1  0  0
 0  1 -1  0  0  0
 0 -1  0  1 -1  1
 1  2  0 -1  1 -1
 0  1  0  0  0 -1
 1  1  0  0  0 -1
6	% 
 -1 -1  1  0  0  0
  1  0  0  0  0  0
  1  1 -1  0  1 -1
 -1 -1  2 -1 -1  1
 -1 -1  1 -1  0  1
  0  0  1 -1  0  1
6	% 
  1  0  0  0 0 0
  1  1 -1  0 0 0
 -1 -1  0  1 0 0
  0  0  0 -1 0 0
  0  0  0 -1 0 1
  0  0  0 -1 1 0
1,1,1;1,1;1 1 9
16 
#2 
6	% 
 0 0  1  0 -2 0
 0 0  1 -1 -1 1
 0 0 -2  1  2 0
 0 0  1  0 -1 0
 1 1  0  0  0 0
 2 1  0  0  0 0
6	% 
 0 -1  2 -1  1 -1
 0 -1  1  0  0  0
 0  3 -3  0 -1  1
 0 -2  1 -1  1  0
 1  1  0  0  0  0
 2  1  0  0  0  0
1,1,1;1,1;1 1 11
8 
#1 
6	% 
 0  1 -2  2 -2  0
 0  1 -2  3 -2 -2
 0 -3  6 -7  5  3
 0  1 -1  1 -1  0
 0  1 -1  2 -1 -1
 1  1 -1  1 -1  0
2-1;2-1;1,1 1 4
1 
#1 
6	% 
 0  0  0  0 1 -1
 0 -1  0  0 0  0
 0  0 -1  0 0  0
 0  0  0  0 0 -1
 1  1  0  0 0  0
 0  0  0 -1 0  1
2-1,2-1;1,1 1 2
4 
#1 
6	% 
  1 1  0 0 0  0
  1 0  0 0 0  0
  0 0  0 0 1 -1
  0 0  0 1 0 -1
 -1 0 -1 0 0  0
  0 0  0 0 0  1
2-1,2-1;1;1 1 4
4 
#1 
6	% 
  1 0  0  0  0  0
  1 1  0  0  0  0
 -1 0 -1  1  0  0
  0 0  0 -1  0  0
  0 0  0  0  0 -1
  0 0  0  0 -1  0
2-1,2-1;1,1 2 3
4 
#1 
6	% 
  0  0  0  0 1 -1
 -6  1 -4  0 0  0
 -6  5 -9  5 0  0
  1  2 -2  3 0 -1
  3 -2  4 -2 0  0
  1  2 -2  2 0  1
2-1,2-1;1;1 2 6
4 
#1 
6	% 
   8 -3   7  0 0 0
  -8 -1   0 -7 0 0
 -15  5 -12 -1 0 0
  -8  6 -12  5 0 0
  -4  3  -6  2 0 1
  -4  3  -6  2 1 0
2-1;1,1;1;1 1 9
12 
#3 
6	% 
 0  0  0 -1 1  1
 0 -1  0  0 0  0
 0 -1  0  1 0 -2
 1  1  0  0 0  0
 0  0 -1  1 0 -1
 0  0  0  0 0 -1
6	% 
 0  2 -2  0  1 -1
 0 -1  0  0  0  0
 0 -4  3  0 -1  1
 1  1  0  0  0  0
 0 -2  2 -1  0  1
 0 -2  2  0 -1  0
6	% 
  0 -1 -1  2  0 0
  0 -1  0  0  0 0
  0  0  2 -3  0 0
 -1  0  0  0  0 0
  0  0  1 -2  0 1
  0  0  1 -1 -1 0
2-1;1,1;1;1 1 19
8 
#1 
6	% 
 -1 -1  0  0  0  0
  0  1  0  0  0  0
  0  0 -1  1  1 -1
  0  0  1 -1  0  1
  0 -1  1  0 -1  1
  0  0  1  0 -1  0
1,1;1,1;1;1 1 35
2 
#1 
6	% 
  1  4 -2 2  0  0
  0 -1  0 0  0 -1
 -1  1  2 0  0  0
  0 -1  0 0 -1  0
  1  2 -1 1  0  0
 -1  0  1 0  0  0
1,1;1,1;1,1 1 9
2 
#1 
6	% 
 0  0  0 -1 1  1
 0  2 -1  1 0  0
 0  1  1  0 0  0
 1  1  1  0 0  0
 1  0  1  0 0 -1
 0 -1  0 -1 0  1
2-1;1,1;1;1 1 23
2 
#1 
6	% 
  0 0  0 -2  3 1
  1 1  0 -1  1 0
 -1 0 -1  1 -1 0
  1 0  0  0  1 0
  1 1  0  0  0 0
  1 0  0  0  0 0
2-1;1;1;1;1 1 19
2 
#1 
6	% 
  0  1 -1 0 0  0
  0 -1  0 1 0  0
  1  0  0 1 0 -1
  0 -1  0 0 1  0
 -1 -1  0 0 0  0
  1  0  0 0 0  0
2-1;1;1;1;1 1 8
2 
#1 
6	% 
  0  1 -1 0 0  0
  0 -1  0 1 0  0
  0 -1  0 1 1 -1
 -1 -1  0 1 1 -1
  0  0  0 1 0 -1
  0  0  0 0 1  0
1,1;1,1;1;1 1 10
48 
#4 
6	% 
 0 -2  2  0 -1  1
 0  2 -1  1  0 -1
 0  1 -1  0  1 -1
 1 -2  1 -1  0  0
 1  3 -1  1  0  0
 0 -1  0  0  0 -1
6	% 
 0 0  0 -2  3 1
 0 1 -1  1 -1 0
 0 0  0  1 -2 0
 1 0  1 -1  0 0
 1 1 -1  1  0 0
 0 0  0  0 -1 0
6	% 
 -3 -2  0  0 0 0
  1  1 -1  0 1 0
  2  1  0  0 0 0
  0  0  1 -1 0 0
  0  1 -1  0 0 0
  1  0  1 -1 0 1
6	% 
  0  0 -3  3 -2  2
  0 -1  1 -1  1  0
  0  0  1 -1  1 -1
 -1 -1  0  0  0  0
 -1  0  0  0  0  0
  0  0  1  0  0 -1
1,1;1,1;1;1 1 25
8 
#1 
6	% 
  0 -1  1 -1  0  1
  0  0 -1  1  0  0
 -1  0  0  1 -1 -1
  0  0 -1  0  1  0
 -1 -1  0 -1  1  1
  0 -1  1  0  0  0
1,1;1,1;1;1 1 28
16 
#1 
6	% 
  0 -1 -1  0 0 0
  0 -1  1 -1 0 1
  0 -2  1 -1 0 0
  1  1 -1  0 1 0
  1  1  0  0 0 0
 -1  0  0  0 0 0
1,1,1;1;1;1 1 15
8 
#1 
6	% 
 0  1 1  0  0  0
 0 -1 0 -1  0 -1
 1  0 0  0  0  0
 0 -2 1 -1  0  0
 1  1 0  0  0  0
 0  1 0  2 -1  0
1,1;1,1;1,1 1 10
8 
#1 
6	% 
  1  1  0 -1  1  1
  0 -2  1 -1 -1  1
 -1  0 -1  1  0 -1
  1  0  0 -1  1  1
  1  1 -1  0  1  0
  0  1  1  0 -1  1
1,1;1,1;1;1 1 27
4 
#1 
6	% 
  0  0 0 -1 1 1
  0 -1 1 -1 0 0
  1  1 0  1 0 0
  0  0 0  0 1 0
  0 -1 1 -2 1 0
 -1  0 0  1 0 0
1,1;1;1;1;1 1 13
16 
#2 
6	% 
 0 -2  3 -3  2  2
 0  1 -2  2 -1 -1
 1  0  0  0  0  0
 0 -1  1 -1  1  0
 0  1 -3  4 -2 -2
 0 -1  1 -1  0  1
6	% 
 -2  2 -3  1  0 0
  1 -1  2 -1  0 0
  0  0  0  0 -1 1
 -1  0 -1  0  0 1
  2 -1  3 -2  0 0
 -1  0 -1  1 -1 0
1,1;1;1;1;1 1 8
15 
#4 
6	% 
 0 0 -1 1  0  0
 0 0  1 0 -1 -1
 1 1 -1 0  1  1
 0 1 -1 0  1  1
 0 1 -1 0  1  0
 0 1 -1 0  0  1
6	% 
 0 0 1 -1 0  0
 0 1 0 -1 0  0
 1 0 0  1 0  0
 1 0 0  1 1 -1
 0 0 0  1 0 -1
 1 0 0  1 0 -1
6	% 
  0  0  0  0 -1 1
  0  0  0 -1  2 0
 -1 -1  0  1 -2 0
 -1  0 -1  1 -2 0
 -1  0  0  0 -1 0
 -1  0 -1  1 -1 0
6	% 
  1  0 0  0  0  0
  1  0 1 -1  0  0
 -1 -1 0  1  0  0
  0  0 0  1  0  0
  0  0 0  1  0 -1
  0  0 0  1 -1  0
1,1;1;1;1;1 1 18
12 
#3 
6	% 
 -1  0  0  0  0 0
 -1  0  0  0 -1 1
  0 -1  1 -1  1 0
  1  1  0 -1  1 0
  0  1 -1  0  0 0
  0  0  1 -1  0 0
6	% 
 0  0  0  0 -1 1
 0  0  0 -1  2 0
 1  1 -1  1 -1 0
 0 -1  0  1 -1 0
 0 -1  1  0  0 0
 0  0 -1  1  0 0
6	% 
 1  0  0 0  0  0
 0  1  0 0  0  0
 0  0 -1 1  0 -1
 0 -1  0 1 -1  0
 0 -1  1 0  0  0
 0  0 -1 1  0  0
1,1;1;1;1;1 1 31
4 
#1 
6	% 
 0  1 0  0 0 1
 1  0 1 -1 1 0
 1  2 0  1 0 0
 1 -1 0 -1 0 0
 0  2 1  1 0 0
 0 -3 1 -2 0 0
1,1;1;1;1;1 1 29
8 
#1 
6	% 
 1 1  0  0  0 0
 0 0 -1  0  0 1
 1 0  0  0  0 0
 0 0  0  0 -1 0
 0 0  1 -1  0 0
 0 1 -1  0  0 0
1;1;1;1;1;1 1 20
1 
#1 
6	% 
 -1 -1  1 -1  0 1
  0  0  0  1 -1 0
  0 -1  1  0  0 0
  0  0 -1  1  0 0
  1  1  0  0  0 0
 -1  0  0  0  0 0
1,1;1;1;1;1 1 41
1 
#1 
6	% 
  0  0 0  1 1 -3
  0  0 1 -1 0  0
 -1 -1 1  0 0 -1
  1  1 0  0 0  0
 -1  0 0  0 0 -1
  1  0 0  0 0  0
1;1;1;1;1;1 1 12
2 
#1 
6	% 
  1  0 -1 1  0  0
  0  1 -1 0  0  0
  0  1  0 0  0 -1
  0  1  0 0 -1  0
 -1  0  0 0  0  0
 -1 -1  0 0  0  0
1;1;1;1;1;1 1 6
1 
#1 
6	% 
  1 0  0 0 0 0
 -1 1 -1 0 0 0
 -2 0 -1 0 0 0
 -2 0 -2 1 0 0
 -1 0 -1 0 0 1
 -1 0 -1 0 1 0
