#18

3;1,1;1 1 13
1 
#1 
6	% 
 1 0 0 0 0 0
 0 1 0 0 0 0
 0 0 1 0 0 0
 0 0 0 1 0 0
 0 0 0 0 1 0
 0 0 0 0 0 1
1,1,1,1,1,1 1 1
1 
#1 
6	% 
 1 0 0 0 0 0
 0 1 0 0 0 0
 0 0 1 0 0 0
 0 0 0 1 0 0
 0 0 0 0 1 0
 0 0 0 0 0 1
2-1;1,1,1;1 1 8
6 
#2 
6	% 
 -1 -1 -1 -2 0  1
  0  0  0  0 1  0
  0  0  1  1 0 -1
  0  1  0  1 0  0
 -1  0  0 -1 0  0
  0  0  0 -1 0  1
6	% 
  0 0  0 -2 0 1
  0 0  0  0 1 0
  0 0 -1  1 0 0
  0 1  0  1 0 0
 -1 0  0 -1 0 0
  0 0  0 -1 0 0
1,1,1,1;1,1 1 2
1 
#1 
6	% 
 0 1  0 0 0  1
 0 0 -1 0 0  0
 1 0  1 0 0  1
 0 0  0 0 1  0
 0 0  0 1 0 -1
 0 0  0 1 0  0
1,1,1,1,1;1 1 2
6 
#1 
6	% 
  0 -1  0 -1  0  0
 -1  0  0 -1  0  0
 -1 -1  0  0  0 -1
  0 -1 -1 -1  1  1
  1  1  1  1 -1  0
 -1 -1  0 -1  1  0
1,1,1,1;1,1 1 3
6 
#2 
6	% 
  1  1  1  2  1 -1
 -1 -1 -1  0  1  0
 -1  0 -2 -1  0  1
  1  0  1  0 -1  0
  0 -1  0  0  1  0
  0  1  0  1  0 -1
6	% 
  1  0  1  0 -1 0
  0 -1  0  0  0 0
  0 -1 -1  0  0 0
  0  1  1  1  1 0
 -1  1  0 -1 -1 1
  1  0  0  0  0 0
1,1,1;1,1,1 1 3
6 
#1 
6	% 
 0  0 -1  2  1 -1
 1 -1  2  0  0 -2
 0  1 -1  0  0  1
 0  0  0 -1 -1  1
 0  1  0  0  0  1
 0  0 -1  1  1  0
2-2;1,1,1,1 1 2
4 
#1 
6	% 
  1  0  0  1  1  0
  1 -1  1  0  0 -1
  1  0  0  1  0  0
 -1  0 -1 -1 -1  1
  1 -1  0  1  1 -1
 -1  1 -1 -1 -1  1
2-1;1,1;1;1 1 27
3 
#1 
6	% 
 0 0  0 -2 -3  1
 0 1  0  1  1  0
 0 0  0  2  2 -1
 0 0 -1  1  1  0
 0 0  0  1  1 -1
 1 0  0 -1 -1  1
2-2;1,1;1,1 1 4
4 
#1 
6	% 
  0 0  0  2  1 -1
  1 0  0 -1 -1  1
 -1 0  0 -1 -1  0
 -1 0 -1  0  0  0
 -1 1  0  0  0  0
 -1 0  0  0  0  0
1,1,1;1,1;1 1 7
6 
#1 
6	% 
 0 1 -2  0  0  2
 0 0 -2  0  0  1
 1 0  3  0  0 -1
 0 0 -1 -1 -1  1
 0 0  0  0 -1  0
 0 0 -1  0  0  1
1,1;1,1;1,1 1 6
3 
#1 
6	% 
  0  0 0  4  3 -2
  0 -1 0 -1 -1  0
  0  0 0 -2 -2  1
  0  1 1  0  0  0
 -1  0 0  0  0  0
  0  0 0 -1 -1  0
3;1,1,1 1 3
1 
#1 
6	% 
  1 1 -1  2  1 1
  0 0  0  0 -1 0
  0 0 -1  1  0 0
  0 1  0  1  0 0
 -1 0  0 -1  0 0
  0 0  0 -1  0 0
1,1,1,1;1;1 1 5
3 
#1 
6	% 
  1  1 0  0  0  1
  1  1 0  0 -1  1
  1  1 1  1  0  0
 -1 -2 0 -1  0 -1
  2  1 0  1  0  1
 -1 -1 0 -1  0  0
1,1,1;1,1;1 1 10
6 
#1 
6	% 
 -1  1  0 -2 -2  1
 -1  1  0  0  0  0
  3 -3  0  2  1 -1
  0  1  0 -1 -1  1
 -1  0 -1  0  0  0
  0  0 -1  0  0  0
1,1,1;1;1;1 1 19
4 
#2 
6	% 
  1  1 -1  2  1  1
  0  0  0  0  1  0
 -1 -1  0 -1 -1 -1
  0  1 -1  1  1  1
  1  0 -1  1  1  1
  1  1 -1  1  1  1
6	% 
 0  0 0  2  0 -1
 0  0 0  0 -1  0
 0 -1 0 -1  0  0
 0  0 0  1  0 -1
 0  0 1  1  0 -1
 1  0 0  1  0  0
1,1;1,1;1;1 1 13
3 
#1 
6	% 
  0  0  0  4  3 -2
 -1  0  0  1  1 -1
  1  1 -1  1  1  1
  0 -1  0  1  1 -1
 -1 -1  0 -1 -1 -1
  0  0  0 -2 -2  1
1,1;1;1;1;1 1 49
1 
#1 
6	% 
  0  0 0  4 1 -2
  0  0 0  1 0  0
  0 -1 0  1 0 -1
 -1  0 0  1 0 -1
  0  0 1 -1 0  0
  0  0 0 -2 0  1
