#17

1,1;1;1;1;1 1 22
1 
#1 
6	% 
 1 0 0 0 0 0
 0 1 0 0 0 0
 0 0 1 0 0 0
 0 0 0 1 0 0
 0 0 0 0 1 0
 0 0 0 0 0 1
1,1,1,1,1,1 1 1
1 
#1 
6	% 
 1 0 0 0 0 0
 0 1 0 0 0 0
 0 0 1 0 0 0
 0 0 0 1 0 0
 0 0 0 0 1 0
 0 0 0 0 0 1
1,1,1,1;1,1 1 3
4 
#2 
6	% 
 -1 0 -1  0 -1 -2
 -1 0 -1  0 -1 -1
  1 0  1  0  0  1
  1 1  1  0  1  1
 -1 0 -1 -1 -1 -1
 -1 0  0  0 -1 -1
6	% 
  1  0  0  0  0  0
  1  1  1  1 -1 -1
  0  0  1  1  0  0
 -1 -1 -1 -1  0  0
  1  1  0  1 -1 -2
  0  0  0 -1  1  1
1,1,1,1,1;1 1 2
3 
#1 
6	% 
  1 0 0 -1  0 1
  1 0 0  0  0 0
  1 0 0 -1  0 0
  2 1 1  1 -1 1
 -2 0 0  0  1 0
  2 0 1  0  0 1
1,1,1,1,1;1 1 1
1 
#1 
6	% 
 0  0  0  0 -1  0
 0 -1 -1  0 -1 -1
 0 -1  0 -1 -1 -1
 0  0 -1 -1  0 -1
 0  1  1  1  1  1
 1  0  0  0  0  0
1,1,1;1,1,1 1 3
4 
#2 
6	% 
  0  1  1 -1  1  1
 -1  0  0  0  0  0
  1  1  1  0  1  2
 -1 -1 -1  0 -2 -2
  1  0 -1  1 -1  0
 -1  0  1 -1  2  1
6	% 
  1  1  1 -1 -1 0
  0 -1  0 -1  0 1
  1  1  1  1  0 0
 -1 -1 -1  0  0 0
 -1  1  0  1  1 0
  1  0  0 -1 -1 0
1,1,1,1;1,1 1 2
3 
#1 
6	% 
 0  0 0  1 0  1
 0 -1 0  1 0 -1
 0  0 0  1 0  2
 1  0 0  0 0  0
 0  1 1 -1 0 -1
 0 -1 0  1 1  2
1,1,1;1,1;1 1 8
4 
#2 
6	% 
 0  1  1  1  1  2
 0  0  1  0  1  2
 0 -1 -2 -1 -2 -5
 0  1  0  0  1  1
 0  0  1  0  0  1
 1  0  0  0  0  0
6	% 
 0  1  1 -1 -1 -2
 0  0  1  0 -1 -3
 0 -2 -3  2  3  6
 0  1  0  0 -1 -2
 0  0  1  0  0 -1
 1  0  0  0  0  0
1,1;1,1;1,1 1 6
3 
#1 
6	% 
 1  0  2  0  2  2
 0 -1 -1  1  0  0
 0  0 -1  0 -1 -1
 0  0  0 -1  0 -1
 0  1  0  0  0  1
 0 -1 -1  1  0 -1
1,1,1;1,1;1 1 10
6 
#2 
6	% 
 0 0 -1 0 -1 -2
 0 0 -1 0 -1 -3
 1 0  3 0  3  7
 0 0 -1 0  0 -1
 0 0 -1 1  0 -2
 0 1  0 1  0 -1
6	% 
  0 -1  0  1  0  0
 -2 -3 -1  3  1  0
  3  5  1 -5 -1  0
  0 -1  0  0  0 -1
 -1 -1 -1  2  0  0
  0  0 -1  0 -1 -1
1,1,1,1;1;1 1 2
3 
#1 
6	% 
 0  0  0 -1  0  0
 0 -1 -1 -2  1 -1
 0 -1  0  0  0  1
 1  0  0  0  0  0
 0  1  0  1 -1  0
 0 -1 -1 -1  0 -1
1,1,1;1,1;1 1 7
6 
#1 
6	% 
 0  0 1 -2 -1  1
 0  2 0  0  0 -1
 0 -3 0  1  0  1
 0  1 0  0  0 -1
 1  0 0  0  0  0
 0  0 1 -1  0  1
1,1,1,1;1;1 1 5
3 
#1 
6	% 
 -1 -1 -1 1  1 -1
 -2 -1 -1 1  1  1
 -1  0 -1 0  0 -1
  2  1  1 0 -1  0
 -2  0 -1 1  1 -1
  1  0  0 0 -1  0
1,1;1,1;1;1 1 17
3 
#1 
6	% 
 1 0 0  0  0  0
 0 0 0  0  0  1
 0 0 0  0 -1 -1
 0 0 0 -1  0 -1
 0 0 1  0  0  0
 0 1 0  0  0  1
1,1;1,1;1;1 1 13
3 
#1 
6	% 
 1  0 0  0 0  2
 0  1 0  0 0  0
 0 -1 0  1 1  1
 0  0 0 -1 0  1
 0  1 1 -1 0  0
 0  0 0  0 0 -1
1,1,1;1;1;1 1 7
3 
#1 
6	% 
 0  1 -1 1  1 -1
 1  0  0 0  0  0
 0  1  0 0  0  0
 0 -1  0 0 -1  0
 0 -1  0 0  0  1
 0  1 -1 0  0 -1
1,1,1;1;1;1 1 9
1 
#1 
6	% 
  1 0  0  0  0  0
  1 1  0  0 -1 -1
  2 1  1 -1  0  1
  2 1  1 -1  0  0
 -1 0 -1  1  0 -1
  0 0  1  0  1  1
