#77

2-1;2-1;1;1 1 4
1 
#1 
6	% 
 1 0 0 0 0 0
 0 1 0 0 0 0
 0 0 1 0 0 0
 0 0 0 1 0 0
 0 0 0 0 1 0
 0 0 0 0 0 1
1,1,1,1,1,1 1 1
1 
#1 
6	% 
 1 0 0 0 0 0
 0 1 0 0 0 0
 0 0 1 0 0 0
 0 0 0 1 0 0
 0 0 0 0 1 0
 0 0 0 0 0 1
2-1;1,1,1,1 1 2
2 
#1 
6	% 
  1  0  0  1  0 -1
  1  0  0  0  0  0
  1  0  1 -1  0 -1
  1  0  1  0  0 -1
  0 -1  0  0 -1  0
 -1  1 -1  0  0  1
1,1,1,1,1;1 1 2
9 
#3 
6	% 
  1 0 1 -1  1 -1
  1 0 0  0  0  0
  0 0 0 -1  0  1
  1 0 0  0  1  0
 -1 0 0  1 -1  0
  1 1 0 -1  2  0
6	% 
  1  0  0  0  0  0
  0  0  1  0  0  0
  0 -1  0 -1 -1 -1
  1  0  1  0 -1  0
 -1  1 -1  1  1  0
  1 -1  1  0 -1 -1
6	% 
 -1 -1  0  0 0 -1
 -1 -1 -1  0 0 -1
 -1  0  0  1 0  0
 -2  0 -1  0 0 -1
  2  1  1 -1 1  1
 -2  0 -1  1 1 -1
1,1,1,1,1;1 1 1
1 
#1 
6	% 
 0  0  0  0 -1  0
 0 -1 -1  0 -1 -1
 0 -1  0 -1 -1 -1
 0  0 -1 -1  0 -1
 0  1  1  1  1  1
 1  0  0  0  0  0
1,1,1,1;1,1 1 2
19 
#6 
6	% 
 0 0  0 1 0 -1
 0 1 -1 0 0  0
 1 0  1 0 0 -2
 0 0  0 0 1  0
 0 0  0 0 0  1
 0 1  0 0 0 -1
6	% 
 1  0  0  0  0  0
 0 -1  1  0  0  0
 0 -1  1 -1 -2  1
 0  0  1 -1  0 -1
 0  1 -1  1  1  0
 0  0  0  0  0  1
6	% 
 1  0  0  0  0  0
 0  0 -1  1 -1  1
 0  0  0  0  1  0
 0  2  0 -1  2  1
 0  0  0  0  0 -1
 0 -1  0  1 -1  0
6	% 
 0 0 -1 1 -1  1
 0 0  0 0 -1  0
 0 1 -1 0  1  0
 1 0  0 0  0  0
 0 0  1 0  1 -1
 0 1 -1 0  0  1
6	% 
 0  1  0 0 0  0
 0  1  1 1 1  1
 0  0  1 0 0  0
 1  0  0 0 0  0
 0 -1 -1 0 0 -1
 0  1  1 1 0  0
6	% 
 0 1  0  1 0  1
 0 0 -1  1 0  0
 0 1  0  0 0  1
 1 0  0  0 0  0
 0 0  0 -1 1 -1
 0 1  0  1 1  1
2-1',2-1';1,1 1 2
2 
#1 
6	% 
 0 0  0  0 -1  0
 0 1  0  0  1  0
 1 0  0  0  0  0
 0 0  1 -1  1  0
 0 0 -1  1 -1  1
 0 0  1  0  1 -1
2-1;1,1,1;1 1 5
6 
#2 
6	% 
  1 -1 1  0 0 0
  1  0 0  0 0 0
 -1 -1 0  0 0 1
  0  1 0  0 1 0
  0 -1 0  0 0 0
 -1 -1 1 -1 0 0
6	% 
  0 0 1 -1 0 -1
 -1 0 1 -1 0 -1
  0 0 0  0 0  1
  0 0 0  0 1  0
  0 1 0  0 0  0
  0 0 0  1 0  0
2-1;1,1,1;1 1 2
2 
#1 
6	% 
 0  0 -1 1 0  1
 0  0 -1 0 0  2
 1  0  0 0 0  0
 0  0 -1 0 0  1
 0  1  0 0 1  0
 0 -1  1 0 0 -1
2-1;1,1;1,1 1 4
6 
#2 
6	% 
  1  0  0  0  0  0
  0 -2  0  0 -1  0
 -1 -2  1 -1 -1  0
  0  0 -1  1  0  1
  0 -1  2 -1  0 -1
 -1  1  1 -1  1  0
6	% 
  0  0  0 -1 0 1
 -1 -1  1  0 0 0
 -1 -1  0  1 0 0
  0  1  0  0 1 0
  0 -1  0  0 0 0
  1  0 -1  1 0 0
1,1,1;1,1,1 1 2
10 
#3 
6	% 
  1  1 -1  0 0  0
  1 -1  1  1 0 -1
  0 -1  0  0 0  0
  0  0  1 -1 1 -1
 -1  1 -1  0 0  1
  1  0  0  1 0  0
6	% 
 -1 -1  1  0  0  0
  0  0 -1  1  0  1
  0  1  0 -1 -1  1
  0  1  0  0  1  0
  0  0  0  0  0 -1
  0 -1  0  1  0  0
6	% 
  0 -1  1  0 -2  0
 -1 -1  1  0 -1  0
  0  0  1 -1  0 -1
  0  0  0 -1  0  1
  0  1 -1  1  1  0
  0  0  0  1  0  0
2-1;1,1,1;1 1 6
4 
#1 
6	% 
 -1  1  0 0  0 0
  1  0  0 1  0 0
  1 -1  0 0 -1 0
  0  1 -1 0  0 0
 -1 -1  0 0  0 1
 -1  0  0 0 -1 0
1,1,1,1;1,1 1 3
16 
#3 
6	% 
 0 0 -1  0 0  0
 1 0 -2  1 0 -1
 0 1  1 -1 1 -1
 0 0  1  0 0  1
 0 0 -2  1 0  0
 0 0  1 -1 1 -1
6	% 
 0 -1  1 0  0  0
 1  1  1 1  0  1
 0  0  0 0 -1  0
 0  0 -1 0  1 -1
 0  1  1 1  1  0
 0 -1  0 0 -1  0
6	% 
  1  0  0  0  0  0
  1  1  1  0  0 -1
 -1  0  0  1  1  1
 -1  0 -1 -1 -2 -1
  1  1  1 -2 -2 -2
  1 -1  0  1  1  1
2-1',2-1';1;1 1 2
2 
#1 
6	% 
 0 0 -1  0 -2  0
 0 1 -1  1  0  1
 1 0  0  0  0  0
 0 0  0 -1  0  0
 0 0  1  0  1  0
 0 0  0  0  0 -1
1,1,1;1,1,1 1 3
16 
#3 
6	% 
 1  1 -2  1  0  1
 0 -2  0 -1 -1 -1
 0  1  0  1  1  0
 0  0  1  0  0  0
 0  1  0  0  1  1
 0  1 -1  1  0  1
6	% 
  0  0 -1  1  0 1
 -1  0  0  0  0 0
  0  2  0  1  1 0
  0 -1  1 -2 -1 0
  0  1  1 -1 -1 0
  0  0 -1  2  1 0
6	% 
  3  0  2 -1  0 -1
  0  2  0 -3  1  0
  1 -2  1  1 -1  0
 -2  0 -1  0  0  1
 -1 -1 -1  2 -1  1
  2  0  1 -1  0  0
2-1;1,1;1,1 1 5
4 
#1 
6	% 
 1  1  0  0  0  0
 0  1  0  0  1 -1
 0  0  0  1  1 -1
 0  0 -1  1  0  1
 0  0  0 -1 -1  0
 0 -1  0 -1 -1  1
1,1,1,1;1;1 1 4
10 
#3 
6	% 
  1 -1 1  1 0 -1
  1  0 0  0 0  0
 -2  1 0 -3 0  1
  0 -1 0  2 0  0
  0  1 0 -1 0  0
  0  1 0 -1 1  0
6	% 
 1  0  0  1  1 -1
 0  0  0  1  1 -1
 0  0  1 -3 -1  1
 0  0 -1  2 -1  0
 0  0  1 -1  1  0
 0 -1  1 -1  0  0
6	% 
  1  0 0  0  0  0
  0 -1 1  0 -1  0
 -3 -1 0  1  0  1
  2  1 0 -1  1 -1
 -1 -1 0  0 -1  1
 -1 -1 0  1 -1  0
1,1,1;1,1;1 1 10
24 
#3 
6	% 
  2  1 -2  1  2  1
  2  2 -4  2  5  2
 -5 -4  8 -4 -9 -4
  1  1 -1  1  1 -1
  1  1 -2  1  2  0
  0 -1  0  0 -1  0
6	% 
  2  1 -2  1  0  1
  2  1 -2  2  0  0
 -5 -3  6 -4  0 -2
  1  0 -1  1 -1  1
  1  0 -1  1 -1  0
  0 -1  0  0 -1  0
6	% 
 0 -1  2 -1 -4 -1
 0 -1  2 -1 -3 -1
 1  3 -6  3 10  3
 0  0  1  0 -1  0
 0 -1  1  0 -2 -1
 0  0  0  1  0 -1
1,1,1;1,1;1 1 7
44 
#7 
6	% 
 0  1 0  0 -1 -2
 0  1 0  1  0 -3
 0 -2 0 -2 -1  6
 0  0 1  0  0 -2
 1  0 0  0  0  0
 0  1 0  0  0 -1
6	% 
 0  0 0  1  2  1
 0 -1 0 -1  0 -1
 0  2 0  1 -1  1
 0 -1 1 -1  0 -1
 1  0 0  0  0  0
 0  0 0  1  1  0
6	% 
 -2 -1  2 -1  0 -1
  0 -1  2  0  0 -2
  1  2 -4  0  0  4
  0 -2  1  0 -1 -1
  0 -2  0  0 -1  0
 -1 -1  1  0  0  0
6	% 
 0  1 0  0 0  0
 0 -1 0 -1 0  1
 0  0 1  2 0 -3
 0 -1 0  0 0  1
 1  0 0  0 0  0
 0  1 0  0 1  0
6	% 
 0  1  0  0 0  0
 0  2  2  1 0  1
 0 -5 -3 -2 0 -2
 1  1  1  1 0  0
 1  0  0  0 0  0
 0  1  0  0 1  0
6	% 
 0 -1  0  0 0 0
 0 -1  1 -2 0 0
 0  2 -2  3 0 1
 0 -1  1 -1 0 0
 1  0  0  0 0 0
 0  0  0  0 1 0
6	% 
 0  1  0 0 0 0
 0  2  1 0 0 0
 1 -5 -2 0 0 0
 0  1  0 1 0 0
 0  0 -1 1 0 1
 0  1  0 0 1 0
1,1,1;1,1;1 1 5
50 
#10 
6	% 
 0  1  0 -2 0 0
 0  1 -1 -1 0 1
 0 -2  1  2 0 0
 0  1  0 -1 0 0
 1  0  0  0 0 0
 0  1  0  0 1 0
6	% 
  2 0  0  1  1 -1
  1 0  0  0  0  0
 -2 0  0 -1 -2  1
  1 0  0  1  1  0
  0 0 -1  1  0  1
  0 1  0  0  1  0
6	% 
 0 -1  0  1 -1  1
 0 -1  1  0  0  0
 0  2 -1 -1  2 -1
 1  0  0  1  0  0
 1  0  0  0  0  0
 0  1  0  0  1  0
6	% 
  0 0 -1  1 -1  1
  1 0  0  0  0  0
 -1 0  1 -1  2 -1
  0 1 -1  1  0  0
  0 2 -2  1  0 -1
  0 1  0  0  1  0
6	% 
 0 -1 1 -1 -1  1
 0  0 0  0  1  0
 0  0 0  1  0 -1
 0  0 0  0  0  1
 1  0 0  0  0  0
 0  1 0  0  1  0
6	% 
 0  0 -1  2  0  0
 1  0  0  1  0 -1
 0  0  1 -3  0  1
 0  0  0  1  0  0
 0 -1  1  0 -2  0
 0  1  0  0  1  0
6	% 
 0 -1  0  1 0  1
 1 -1  1  0 0  0
 0  2 -1 -1 0 -1
 0  0  0  1 1  0
 0  0  0  1 2 -1
 0  1  0  0 1  0
6	% 
 0  2  2  1  5  1
 0  1  1  0  2  0
 0 -3 -2 -1 -6 -1
 0  1  1  1  2  0
 1  0  0  0  0  0
 0  0  0  1  0 -1
6	% 
  0  0  1 -1  1 -1
 -1  0  1 -1  2 -1
  1  0 -1  1 -1  1
  0  0  0  0  0 -1
  0 -1 -2  0 -3  0
  0  0  0  1  0 -1
6	% 
 0 -1  0  1  0  1
 1 -1  1  0  0  0
 0  2 -1 -1  0 -1
 0  0  0  1  0  0
 0  0  0  0 -1  0
 0  0  0  1  0 -1
1,1,1,1;1;1 1 2
9 
#3 
6	% 
 0  0 -1 1 -1  1
 0  0 -1 0 -1  2
 0  0  0 0 -1  0
 1  0  0 0  0  0
 0 -1  1 0  0 -1
 0  0 -1 0 -1  1
6	% 
 0  1  0 0  0  0
 0  1  0 0 -1  0
 0  1  1 1  1  1
 1  0  0 0  0  0
 0 -1 -1 0  0 -1
 0  1  1 1  0  0
6	% 
 0 0  0 -1  1 0
 0 1  0  1  1 1
 0 1  0 -1  0 0
 1 0  0  0  0 0
 0 0 -1  1 -1 0
 0 1 -1  0  1 1
1,1,1,1;1;1 1 5
16 
#3 
6	% 
  1  0  0 0  0  0
  1  0  0 0 -1  0
  1  0 -1 0  0  1
 -2 -1  1 0 -1  0
  2  0 -1 1  1  1
 -1 -1  1 0 -1 -1
6	% 
 -1 -1  0  1  0  1
 -1  0 -1  1  0  1
  0 -1  0  1  1  2
  1  2  0 -2 -1 -2
 -1 -1  0  2  1  2
  0  1  0 -2 -1 -1
6	% 
  1 1  0  1 0  1
  1 0  0  2 0  1
  1 1  0  1 1  1
 -1 0 -1 -2 0 -1
  1 1 -1  3 0  2
 -1 0  0 -1 1 -1
1,1,1;1,1;1 1 11
20 
#3 
6	% 
  2  0  2 -1  2 -1
  0  1  2 -1  4 -1
 -3 -1 -6  3 -8  3
  1  2  1  0  1  0
  0 -1  1 -1  2 -1
  1  0  1  0  1 -1
6	% 
  2  1  0  0 0 -2
  2 -1  0  1 0  1
 -5  1  0 -2 0  0
  1  1  0  0 0 -1
  1  0 -1  1 0  1
  1  1  0  0 1 -1
6	% 
 0  1 0  0 0  0
 0 -2 0 -1 0 -1
 1  2 0  2 0  2
 0  0 1  0 0 -1
 0 -1 0 -1 0  0
 0  1 0  0 1  0
1,1,1;1,1;1 1 3
10 
#3 
6	% 
 0  2  2  1  5  1
 0  1  1  0  2  0
 0 -3 -2 -1 -6 -1
 0  1  1  0  2  1
 0  0  0 -1  0  1
 1  0  0  0  0  0
6	% 
 0  0 -1  2 -3  0
 0  0 -1  2 -2  0
 0  0  2 -3  5 -1
 0  0 -1  1 -2  0
 0 -1 -2  0 -3  0
 1  0  0  0  0  0
6	% 
 0 -1  0  2  0 0
 0 -1  0  1  0 1
 0  2 -1 -2  0 0
 0  0  0  1  0 0
 0 -1  0  0 -1 0
 1  0  0  0  0 0
1,1,1;1,1;1 1 8
16 
#3 
6	% 
 0 -1 0 -1 0 -1
 0 -2 0 -1 0 -1
 0  4 0  3 1  3
 0 -1 1 -1 0 -1
 0 -1 0  0 0 -1
 1  0 0  0 0  0
6	% 
 0 -1  2  1  2 -3
 0 -1  2  0  1 -2
 0  2 -4 -1 -4  5
 0  0  1  1  2 -1
 0  0  1  0  1 -1
 1  0  0  0  0  0
6	% 
 0  0  0 -1 0  1
 0 -1  2 -1 0 -1
 0  2 -3  3 1  0
 0  1  0  0 0  1
 0 -1  1 -1 0 -1
 1  0  0  0 0  0
1,1;1,1;1,1 1 4
12 
#2 
6	% 
 0 -2  0  0 -1  0
 1  1 -2  1  0  1
 0  0  1 -1  0 -1
 0  0  0  1  1  2
 0 -3  0  1 -1  2
 0  1 -1  0  0  0
6	% 
 0  0  0  1  0 -1
 1  1 -2  1  0  1
 0 -1  1  0 -1  0
 0  1  0 -1  1  0
 0  0  0  0  0 -1
 0  0 -1  1 -1  1
1,1;1,1;1;1 1 20
12 
#2 
6	% 
  1  0  0  0  0  0
 -1  2  1 -1  0 -5
  0 -1  0  0  0  2
  0  1  0  0  0 -1
  1  3 -1  0  0 -4
  0  0  0  0 -1 -1
6	% 
  1  0  0  0  0  0
 -1  1  1 -2  4 -2
  0 -1  0  1 -3  1
  0  0  0  0  1 -1
  1  2 -1 -1  4 -1
  0  0  0 -1  1  0
1,1,1;1;1;1 1 3
10 
#3 
6	% 
 0  1 -1 -1  0 1
 0 -2  1  2  0 0
 1  0  0  0  0 0
 0 -1  0  1  0 0
 0  1  0 -2  0 0
 0 -1  0  1 -1 0
6	% 
 0  0 0  0  1  0
 0  0 0  1  0 -1
 1  0 0  0  0  0
 0  0 0  0  0 -1
 0 -1 1 -1 -1  1
 0  1 0  0  1 -1
6	% 
 0 -1 1  0  0  0
 0  1 0 -1  0 -1
 1  0 0  0  0  0
 0  1 0  0  1 -1
 0 -1 0  1 -1  1
 0  1 0 -1  1  0
1,1;1,1;1;1 1 26
4 
#1 
6	% 
  1  0  0  0  0  0
 -1  1  1 -1  0 -3
  1  2 -1  0  0 -2
  0 -1  0  0 -1  1
  0  0  0  0  0 -1
  0  0  0  0 -1  0
1,1,1;1;1;1 1 11
2 
#1 
6	% 
 0 -1 1  0  0  0
 0  0 1 -1  0 -1
 1  0 0  0  0  0
 0 -1 0  0 -1  0
 0 -1 1 -1  0  0
 0 -1 1 -1 -1  0
1,1,1;1;1;1 1 8
12 
#2 
6	% 
  1  0  0 0  0  0
 -1 -1  1 1  0 -1
  1  0 -1 0  0  1
  0 -1  0 0 -1  0
  1  0 -1 0  0  2
 -1 -1  1 0  0 -1
6	% 
 1  0  0 0  0  0
 0  0 -1 1  1  1
 0 -1  1 0 -2 -1
 0 -1  0 0 -1  0
 0 -1  1 0 -1  0
 0  0 -1 1  1  0
1,1;1,1;1,1 1 3
15 
#4 
6	% 
  0  5  0  0  3 0
  0 -1  1  0  0 0
 -1  0  0 -1  0 1
  0 -3  0  0 -2 0
 -1  2 -1  0  1 1
  1  2 -1  1  1 0
6	% 
 0  5  0  0  3  0
 0 -1  1  0  0  0
 1  0  1 -1  0 -1
 0 -3  0  0 -2  0
 0  3 -1  0  1 -1
 0  3 -2  1  1  0
6	% 
 -3  0  0 0 -2  0
  0 -1  1 0  0  0
  0 -1  0 0 -1  0
  2  0  0 0  1  0
 -1  1 -1 0 -1 -1
 -1  2 -2 1  0  0
6	% 
 1  0 0  2  0 -2
 0  0 0  0  1  0
 0  0 1 -1  0 -1
 0  0 0 -1  0  1
 0 -1 1  0 -2 -1
 0  0 0  1 -1  0
1,1;1,1;1;1 1 6
30 
#6 
6	% 
  0 -1 1  0  0  0
 -3  0 0 -2  0  2
  2 -1 0  2  0  0
  0  1 0 -1  0 -1
  1 -1 0  1 -1  0
  1 -1 0  1  0  0
6	% 
 1  0  0  0  0  0
 0 -3  3 -2  0  2
 0  1 -2  2  0  0
 0  0  1 -1  0 -1
 0  0 -1  1 -1  0
 0  0 -1  1  0  0
6	% 
 1  0  0  0  0  0
 0 -3  3 -2  0  2
 0  1 -1  1 -1 -1
 0  0  0  0  1  0
 0  1  0  0  0 -1
 0  0  0  0 -1 -1
6	% 
 0  0  0  0  1  0
 1  0  0  2  0 -2
 0 -1  1 -1 -1  1
 0  1 -1  0  1  0
 0 -1  0  0 -1  1
 0  0  0  0  0  1
6	% 
 0 -1 1  0  0  0
 1  0 0  0  2  0
 0 -1 0  1 -1  1
 0  1 0 -1  0 -1
 0 -1 0  1 -1  0
 0 -1 0  0 -1  1
6	% 
 1  0  0  0  0  0
 0  2 -2  0  3  0
 0 -1  0  1 -1  1
 0  0  1 -1  0 -1
 0 -1  0  1 -1  0
 0 -1  0  0 -1  1
1,1,1;1;1;1 1 16
4 
#1 
6	% 
 -1 0  0 -1 0  1
 -2 1 -1 -2 0  2
  2 0  1  1 0 -3
 -1 1 -1 -1 1  2
 -1 0 -1 -1 0  2
  0 0  0  0 1  0
1,1;1,1;1;1 1 15
6 
#2 
6	% 
 -1  0 0 -1  0  1
  0  0 1 -1  0 -1
  1 -1 0  1  0  0
  1  1 0  0  0 -1
  0  0 0  0 -1  0
  0  1 0  0  1  0
6	% 
 1  0  1 -1  0 -1
 0 -2  2 -1  0  1
 0  0 -1  1  0  0
 0  0  0  0  0  1
 0  0  0  0 -1  0
 0  1  0  0  1  0
1,1,1;1;1;1 1 4
10 
#3 
6	% 
  1  0  0  0  0 0
 -1  0  0 -1  0 1
  0  0 -1  2  0 0
  0 -1  1 -2 -1 0
  0 -1  1 -1  0 0
  0 -1  1 -1 -1 0
6	% 
  1  0  0  0 0  0
 -1  1 -1  0 0  0
  0 -1  0  1 0  1
  0  1  0 -1 1 -1
  0  1  0 -1 1  0
  0  1  0  0 1 -1
6	% 
  1  1 -1 0  2 0
 -1  0  0 0  0 0
  0 -1  1 0 -1 0
  0  0 -1 0  0 0
  0  0 -1 0  0 1
  0  0 -1 1  0 0
1,1,1;1;1;1 1 12
6 
#2 
6	% 
 -1  0 0  0  0  0
  0  0 1 -1  0 -1
  0 -1 0  0 -1  1
  0 -1 1  0  0 -1
  0  0 0  0  1  0
  0 -1 0  0 -1  0
6	% 
 0 1 -1  0  0  0
 1 0  1 -1  0 -1
 0 0  0  0  1  1
 0 1  0 -1  0  0
 0 0  0  0 -1  0
 0 1  0  0  1  0
1,1,1,1;1;1 1 6
2 
#1 
6	% 
  1  0  1 -1  0 -1
  1  0  0  0  0  0
  0 -1  1  0  0  0
 -1  1 -1  0  0  1
  1  0  1  0  1 -1
  0  0  0  0 -1  0
1,1,1;1,1;1 1 9
12 
#2 
6	% 
 0 -1  0  1  0  1
 1 -1  1  0  0  0
 0  2 -1 -1  0 -1
 0  1  0  1  0  0
 0 -1  0  0 -1  0
 0 -1  0  0 -2  0
6	% 
  2  1 -1  1  0 -1
  1  0  0  0  0  0
 -2 -2  2 -1  0  1
  1 -1 -1  1  0  0
  0  0  0  0 -1  0
  0 -1  0  0 -2  0
1,1,1;1,1;1 1 6
4 
#1 
6	% 
  0 -1 0  0 0  2
  0 -1 0  1 0  1
  0  1 1 -1 0 -3
 -1 -1 0  0 0  1
 -1 -1 0  0 0  0
  0  0 0  0 1  1
2-1,2-1;1;1 1 2
4 
#1 
6	% 
 0 1 0  0 1  0
 0 0 0  0 1  0
 1 0 0  0 0  0
 0 0 0 -1 0  0
 0 0 1  0 1  0
 0 0 0  0 0 -1
2-1;2-1;1,1 1 4
1 
#1 
6	% 
 1  0  0  0  0  0
 0 -1  2 -1  0 -1
 0 -1  2 -1 -1 -1
 0  0  1 -1  0  0
 0  1 -1  0  0  0
 0  0  1  0  0 -1
2-1,2-1;1;1 2 3
4 
#1 
6	% 
 1  0  0  0  0  0
 0 -3  4  0  0  0
 0 -4 -1  5 -2  5
 0  0 -3  2 -1  3
 0  2  0 -2  1 -2
 0  0 -3  3 -1  2
2-1,2-1;1,1 1 2
4 
#1 
6	% 
 0 1 0  0 1  0
 0 0 0  0 1  0
 1 0 0  0 0  0
 0 0 0 -1 0  0
 0 0 1  0 1  0
 0 0 0  0 0 -1
2-1,2-1;1,1 2 3
4 
#1 
6	% 
 1 0  0  1  0 -1
 0 1 -2  0  0  0
 0 0 -3  1 -2  1
 0 0 -1  1 -1  0
 0 0  2 -1  1 -1
 0 0 -1  0 -1  1
2-1;1,1;1;1 1 5
6 
#2 
6	% 
 0 -2  2 -1 0  1
 1  0  0  0 0  0
 0  1  0  0 0 -1
 0  0  0  0 1  0
 0  1  0  0 0  0
 0  1 -1  1 0  0
6	% 
 0 0 1 -1 0 -1
 1 0 0  0 0  0
 0 0 0  0 0  1
 0 0 0  0 1  0
 0 1 0  0 0  0
 0 0 0  1 0  0
2-1;1,1;1;1 1 9
6 
#2 
6	% 
 1  0  0  1 0 -1
 0 -1  0  0 0  0
 0 -1  0 -1 0  1
 0  1  0  0 1  0
 0  0 -1  0 0  1
 0  0  0 -1 0  0
6	% 
 -1 -1  1  0  0  0
  0 -1  0  0  0  0
  2  0 -1  0  0  0
  0  0  0  0 -1  0
  1  0  0  0  0 -1
  1  0  0 -1  0  0
2-1;1,1;1;1 1 21
4 
#1 
6	% 
  1  0  0 0  0 0
  1  1 -1 0  1 1
  0  0  0 0 -1 0
  0  0  0 1  1 0
  1  0 -1 1  0 1
 -1 -1  1 0  0 0
2-1;1,1;1;1 1 10
4 
#1 
6	% 
 1  0  0  0  0  0
 0  0  1  0  0 -1
 0  0  1  0  0 -2
 0 -1  0  0 -1  0
 0  1 -1  0  0  1
 0  1 -1 -1  0  1
1,1,1;1;1;1 1 7
16 
#3 
6	% 
 0  0  0  1  2 -1
 1  0  0  0  0  0
 0  1 -1  0  2  0
 0 -1  1 -1 -3  0
 0  0  1 -1 -2 -1
 0  0 -1  1  2  0
6	% 
 0  0 0 -1 -1 -1
 1  0 0  0  0  0
 0  0 1  0  0  0
 0  0 0  0  1  1
 0 -1 1 -1  0 -1
 0  0 0 -1 -1  0
6	% 
 0 -1 0  1  0  0
 1  0 0  0  0  0
 0  0 1  0  0  0
 0  0 0  0 -1  0
 0 -1 1 -1  0 -1
 0 -1 0  0 -1  0
1,1;1,1;1;1 1 17
12 
#2 
6	% 
 1  0 0  0  0  0
 0 -1 0  0  0  2
 0  1 0  0  1 -1
 0  0 1 -1 -2 -1
 0  0 0  0  0 -1
 0 -1 1  0 -2  0
6	% 
 1  0  0  0  0  0
 0  1  0  0  1  0
 0 -1  1 -1 -2  0
 0 -1 -1  0  0  0
 0 -1  1  0 -2 -1
 0  2 -1  1  4  1
1,1;1,1;1;1 1 3
15 
#4 
6	% 
 0  5 -5  2  0 -2
 0  0 -1  1 -2  1
 1  0  0  0  0  0
 0 -3  3 -1  0  1
 0  1 -1  0  1 -1
 0  2 -1  0  2 -1
6	% 
 0  1 -3  2  0  2
 0  0  0  0 -1  0
 1  0  0  0  0  0
 0 -1  2 -1  0 -1
 0  0 -1  1  1  0
 0  1 -1  1  2  0
6	% 
 0  3  4  0  7  0
 0  0  0  0  1  0
 1  0  0  0  0  0
 0 -2 -3  0 -5  0
 0  1  2  0  3 -1
 0  1  2 -1  3  0
6	% 
 0  1 -3  2  0  2
 0  1  0  0  1  0
 1  0  0  0  0  0
 0 -1  2 -1  0 -1
 0  0 -1  0 -1  1
 0  0 -1  1 -1  0
1,1;1,1;1,1 1 6
12 
#2 
6	% 
 1  2  0  0  2  0
 0 -1  1  0 -2 -1
 0 -1  0  0 -1  0
 0 -1  1 -1 -2  1
 0  0 -1  0  2  2
 0  0 -1  1  1  0
6	% 
 1  0  0  2  0 -2
 0  0  1 -1 -2  0
 0  0  0 -1  0  1
 0  1 -1  1  3  1
 0  0 -1  0  1  0
 0 -1  1 -1 -3  0
1,1;1,1;1;1 1 33
10 
#2 
6	% 
 1  0  0 0  0  0
 0  0  0 0 -1  0
 0 -1  0 0 -1  0
 0 -2  0 0  0 -1
 0 -1  1 0 -1 -1
 0  3 -1 1  1  1
6	% 
 1  0  0  0 0  0
 0 -1  0 -1 0  0
 0 -1  0  0 0 -1
 0  0  1  1 1 -2
 0 -1  0 -1 1 -1
 0  2 -1  0 0  3
1,1;1,1;1,1 1 9
10 
#2 
6	% 
  1  0  0  0  0  0
  0 -1 -1  0  0  0
  0 -2  1 -1  0 -1
  0 -2  1 -1 -1 -1
 -1 -1  1 -1 -1  0
  1  1  0  1  0  0
6	% 
 1  0  0  0 0  0
 0  1  0  2 0  1
 0  1  0  1 0  2
 0  1  0  1 1  0
 0  1 -1  1 1  0
 0 -1  1 -1 0 -1
2-1;1;1;1;1 1 6
2 
#1 
6	% 
 1  0  0  0  0  0
 0 -1  2 -1  0 -1
 0 -1  2 -1 -1 -1
 0  0  1  0  0 -1
 0  0 -1  1  0  1
 0  0  1 -1  0  0
2-1;1;1;1;1 1 18
2 
#1 
6	% 
 1  0  0 0  0 0
 0  0  0 1  0 0
 0  1 -1 0  0 0
 0 -1  0 0 -1 1
 0 -1  0 0 -1 0
 0  0  0 0  1 0
2-1;1,1;1;1 1 23
2 
#1 
6	% 
 -3  0  0 -2  0 2
 -1  1 -1  0  0 1
  1 -1  0  1  0 0
 -1  0  1 -1  0 0
  0  1  0  0  1 0
  0  0  0  0 -1 0
1,1;1,1;1;1 1 16
12 
#2 
6	% 
 0 -2 2  1  0 -1
 1  0 0  0  0  0
 0 -1 0  0 -1  0
 0  1 0 -1  0  0
 0  0 0  0 -1  0
 0  0 1  0  0 -1
6	% 
 0 0 1 -1  0 -1
 1 0 0  0  0  0
 0 0 0 -1 -1  1
 0 0 0  2  1 -1
 0 1 0  1  1 -1
 0 1 0  1  1 -2
1,1;1,1;1;1 1 10
24 
#3 
6	% 
 -3  0 0 -2 0  2
  1 -1 0  1 0  0
  2  0 0  1 0 -1
  0  0 0  0 1  0
  0  1 0  0 1  0
  1  0 1  0 0 -1
6	% 
 1  2 -2 0 0  0
 0 -1  0 1 0  0
 0 -1  1 0 0  0
 0  0  0 0 1  0
 0  1  0 0 1  0
 0  0  1 0 0 -1
6	% 
 1  0  2 -2  0 -2
 0  0  0  1  1  0
 0  0 -1  1  0  1
 0 -1  0  0 -1  0
 0  0  0  0  1  0
 0 -1  0  0 -1  1
1,1;1,1;1;1 1 12
12 
#2 
6	% 
 1 0  0  0 0  0
 0 0  0  0 1  0
 0 0  1  0 0 -1
 0 0  0  0 0 -1
 0 0  1 -1 0 -1
 0 1 -1  0 0  0
6	% 
 1  0  0  0  0  0
 0  0  0  1  2 -1
 0 -1  1 -1 -1  0
 0  0  0  0  0 -1
 0  0  1 -1  0 -1
 0  1 -1  0  0  0
1,1;1,1;1;1 1 24
8 
#1 
6	% 
 -1 -1  2 -1  0 -1
  0 -1  0 -1 -1  1
  0  0  0  1  1 -1
  0  1  0  0  1 -1
  1  1 -1  1  1  0
 -1 -1  1  0  0  0
1,1;1,1;1;1 1 27
12 
#2 
6	% 
 1  0 0  0  0  0
 0 -1 0  0  0 -1
 0  2 0  1 -1  1
 0  1 1  0  0  0
 0 -3 1 -1  0 -2
 0  3 0  1  1  1
6	% 
 1  0  0  1  0 -1
 0 -2  0 -2 -1 -2
 0  3  1  4  0  4
 0  2  0  3  0  2
 0 -4  0 -4 -1 -5
 0  4 -1  5  0  5
1,1,1;1;1;1 1 17
4 
#1 
6	% 
  1  1  0  1 0  1
 -3  1  0 -2 1 -2
  1  0 -1  1 0  1
  2  0  0  1 0  2
 -1  1  0  0 1 -1
  1 -1  1  0 0  0
1,1;1;1;1;1 1 18
6 
#2 
6	% 
  1 0  0  0  0  0
 -2 0  0  0 -1  0
  1 0  1  0  1 -1
  1 0  0  0  0 -1
  0 1 -1  0  0  0
  0 0  1 -1  0 -1
6	% 
  1 0  0  0 0  0
 -2 0  0 -1 0  1
  1 0  1  0 1 -1
  1 0  0  0 0 -1
  0 1 -1  0 0  0
  0 0  1 -1 0 -1
1,1;1;1;1;1 1 12
12 
#2 
6	% 
 1  0  0  0  0 0
 0  0  1 -1 -1 0
 0  1  0  0  1 0
 0  0 -1  1  2 1
 0  1 -1  0  2 1
 0 -1  1  0 -2 0
6	% 
 1  0  0 0  0  0
 0 -1  0 0  0  1
 0 -1  0 0 -1  0
 0  0 -1 1  0  1
 0  0  0 0  0 -1
 0  1 -1 0  0  0
1,1;1;1;1;1 1 15
4 
#1 
6	% 
 -1  0  0 0  0 0
  0  0 -1 0  0 1
  0 -1  0 0 -1 0
  0 -1  0 1  0 0
  0  0 -1 1  0 1
  0 -1  1 0  0 0
1,1;1;1;1;1 1 17
6 
#2 
6	% 
 0  0 0  0 -1  0
 1  0 0  0  0  0
 0  0 1  0  2 -1
 0  0 0  0 -1  1
 0 -1 1  0  0  0
 0  0 1 -1  0 -1
6	% 
 0 -1  1  0  0 0
 1  0  0  0  0 0
 0  0 -1  0 -1 1
 0  0  1 -1  0 0
 0  0  0  0 -1 0
 0 -1  0  0 -1 0
1,1;1;1;1;1 1 6
10 
#3 
6	% 
 0 -1 1  0  0  0
 1  0 0  0  0  0
 0 -1 0  1 -1  1
 0 -1 0  1 -1  0
 0  1 0 -1  0 -1
 0 -1 0  0 -1  1
6	% 
 0  0  0 -1  0 1
 1  0  0  0  0 0
 0 -1  1 -2 -1 0
 0  0  0 -1 -1 0
 0  0 -1  2  0 0
 0 -1  1 -1 -1 0
6	% 
 0 0  1 -1  2 -1
 1 0  0  0  0  0
 0 1  0 -1  1 -1
 0 1  0 -1  1  0
 0 0 -1  1 -1  1
 0 1  0  0  1 -1
1,1;1;1;1;1 1 8
5 
#2 
6	% 
 1 0 0  0 0  0
 0 0 0  0 1  0
 0 1 0  0 0  0
 0 0 1  0 0  0
 0 0 1  0 0 -1
 0 0 1 -1 0  0
6	% 
 1  0  0  0  0  0
 0  0  0  1  0 -1
 0 -1  0 -1 -1  1
 0  0 -1 -1 -1  1
 0  0 -1  0  0  1
 0  0 -1  0 -1  1
1,1;1;1;1;1 1 39
4 
#1 
6	% 
  1  0  0  0 0  0
  0  1  0  0 1  0
 -1  0  1 -1 0 -1
 -1  0  1 -1 1  0
  1  0 -1  1 0  0
 -1 -1  1  0 0  0
1,1;1;1;1;1 1 36
4 
#1 
6	% 
 1  0  0 0  0  0
 0  0 -1 1 -1  0
 0 -2  0 0 -1 -1
 0  1  1 0  0  0
 0  0  0 0  1  0
 0  1  0 0  1  0
1,1;1;1;1;1 1 35
4 
#1 
6	% 
 1 0  0  0 0  0
 0 1 -1 -2 0  2
 0 0  1  1 0 -3
 0 0  0  0 1  0
 0 0 -1 -1 0  2
 0 1 -1 -1 1  2
1;1;1;1;1;1 1 11
2 
#1 
6	% 
 1 0  0  0 0  0
 0 0  1  0 1 -1
 0 0  0  1 0 -1
 0 0  0  0 0 -1
 0 0  1 -1 0 -1
 0 1 -1  0 0  0
1;1;1;1;1;1 1 25
1 
#1 
6	% 
 1  0  0 0  0  0
 0  0  0 0 -1 -1
 0  1  0 0  0 -1
 0  0  0 0  1  0
 0  0 -1 1  0  1
 0 -1  1 0  0  0
1,1;1;1;1;1 1 41
1 
#1 
6	% 
 3  0  0 1  0 -1
 0  0 -1 1  0  1
 1  0 -1 1 -1  0
 0  1  0 0  1  0
 1 -1  0 1 -1  0
 0  0  0 0  1  0
1;1;1;1;1;1 1 5
1 
#1 
6	% 
 1  0 0  0  0  0
 0  1 0 -1  0 -1
 0  0 0 -1 -1 -1
 0  0 0  0  0 -1
 0 -1 1  0  0  0
 0  0 0 -1  0  0
