#27

2-2;1,1;1;1 1 4
1 
#1 
6	% 
 1 0 0 0 0 0
 0 1 0 0 0 0
 0 0 1 0 0 0
 0 0 0 1 0 0
 0 0 0 0 1 0
 0 0 0 0 0 1
1,1,1,1,1,1 1 1
1 
#1 
6	% 
 1 0 0 0 0 0
 0 1 0 0 0 0
 0 0 1 0 0 0
 0 0 0 1 0 0
 0 0 0 0 1 0
 0 0 0 0 0 1
1,1,1,1;1,1 1 2
2 
#2 
6	% 
 0  1 1  1  1 1
 0  0 0  1  0 0
 0  1 0  0  0 0
 1  0 0  0  0 0
 0 -1 0 -1 -1 0
 0  1 1  1  1 0
6	% 
  1  0  1  1  0 0
  1 -1  0  0  0 0
  1 -1  2  1  0 0
  0  0  0  0 -1 1
 -1  1 -1 -1  1 0
  1 -1  2  1  1 0
1,1,1,1,1;1 1 2
8 
#3 
6	% 
  0  1  0 -1  0  0
  0  0  0 -1  0  0
  1  1 -1 -1  1 -1
  0  1  1  0  0  0
 -1 -1 -1  1 -1  0
  1  1  0 -1  0 -1
6	% 
 -1 -2 -1  1 -1 -1
 -2 -2 -1  1 -1 -1
 -1 -2 -2  1 -1 -1
 -2 -2 -1  1  0 -1
  2  3  2 -1  1  2
 -2 -3 -2  2 -1 -2
6	% 
 -1 0  1 -1  1  0
  1 0  1 -1  0  0
  0 0  2  0  1  1
  0 0  1  0  1  1
  0 1 -2  0 -1 -1
  0 1  2 -1  1  1
1,1,1;1,1,1 1 2
2 
#1 
6	% 
 -1  0  0  0  0  0
  0  0 -1  0  0  0
  0  1  0  1  1 -1
  0  0  0  1  0  0
  1 -1  1 -1  0  1
 -1 -1 -1 -1 -1  0
1,1,1;1,1,1 1 3
6 
#2 
6	% 
  0  2  1 -1  1  1
 -1  0 -1 -1  0  0
  1  1  1  0  1  1
  0 -1  0  1 -1  0
  1 -1 -1  1 -1 -1
  0  1  1  0  1  0
6	% 
 -1  0  1  0  0  0
  0  0  1  2  1  1
 -1 -1 -2 -1 -1 -1
  1  0  0  1  0  1
  1  1  0 -2 -1 -1
 -1  0  1  1  0  1
1,1,1,1;1,1 1 3
12 
#2 
6	% 
  0  0  1  0  0  0
  1  0 -1  0 -1  1
  1  1  0  0  1  0
  0  0  0 -1  0 -1
  0  0 -1 -1 -1  0
 -1 -1  1  1  0  1
6	% 
 -2  0  0 -1 -1  1
 -1  0 -1 -1  0  0
  1  0  0  0  1  0
  1 -1  0  1 -1 -1
 -1 -1 -2  0 -1 -1
 -1  0  1  0  0  1
1,1,1,1;1,1 1 1
1 
#1 
6	% 
  0 0 -1  0 -1 -1
 -1 0  0  0 -1 -1
 -1 0 -1  0  0 -1
  1 0  1  0  1  1
  0 0  0 -1  0  0
  0 1  0  1  0  0
2-2;1,1,1,1 1 1
1 
#1 
6	% 
  0 0  0 1  0  0
  0 1  0 0  0  0
  0 0 -1 0 -1 -1
 -1 0  0 0 -1 -1
 -1 0 -1 0  0 -1
  1 0  1 0  1  1
2-2;1,1;1,1 1 2
1 
#1 
6	% 
 -1 0 -1 0  0 0
  0 0  0 0 -1 1
  1 0  1 0  1 0
  0 1  0 0  0 0
  0 0  0 1  0 0
 -1 0  0 0  1 0
1,1;1,1;1,1 1 6
6 
#1 
6	% 
 1  0  2 0  0  0
 0  0 -1 0  0 -1
 0  0 -1 0  0  0
 0  0  0 1  0  0
 0 -1  0 0  0  0
 0  0 -1 0 -1  0
1,1,1;1,1;1 1 7
12 
#4 
6	% 
 0 1  0 -1  0 0
 0 0 -1  0 -2 0
 0 0  2  0  3 1
 1 0  0  0 -1 0
 1 0  0  0  0 0
 0 1  0  0  0 0
6	% 
 0 -1  0 -1  0 0
 0 -2 -1 -2 -2 0
 0  4  2  4  3 1
 1 -1  0 -1 -1 0
 1  0  0  0  0 0
 0 -1  0  0  0 0
6	% 
  2  2  2 -1 0  0
  2  0 -1  0 0  0
 -5 -2  0  1 0  0
  1  0 -1  0 0 -1
  0  0  0  0 1 -1
  1  1  1 -1 0  0
6	% 
 0 0  2  1 0 0
 0 0  1  0 0 0
 1 0 -4 -1 0 0
 0 0  1  0 0 1
 0 0  1  0 1 1
 0 1  1  0 0 0
1,1,1;1,1;1 1 5
2 
#1 
6	% 
 0  0 0  0 -1 1
 0  1 0  0  0 0
 0 -1 0 -1  0 0
 1  0 1  0  0 1
 1  0 0  0  0 0
 0  0 1  0  1 1
1,1;1,1;1,1 1 2
1 
#1 
6	% 
 -1 0 -1  0  0 0
  0 0  0 -1  0 0
  0 1  0  1  0 0
  0 0  0  0 -1 1
  1 0  1  0  1 0
 -1 0  0  0  1 0
1,1,1;1,1;1 1 10
12 
#2 
6	% 
 0 -1 -2  2 0 0
 0 -1 -1  2 0 0
 1  3  4 -6 0 0
 0 -1 -1  1 0 0
 0 -1  0  1 0 1
 0  0  1  0 1 1
6	% 
 0 0  2 1  0  0
 0 0  1 0  0  0
 1 0 -3 0  0  0
 0 1  1 0  1 -1
 0 0  0 0 -1  0
 0 0 -1 0 -1 -1
1,1,1;1,1;1 1 2
2 
#1 
6	% 
  2 0 -1 0  1 -1
  1 0  0 0  0  0
 -2 0  2 0 -1  1
  0 1  0 0  0  0
  0 0  0 1  0  0
  1 0  0 0  1  0
1,1,1,1;1;1 1 5
12 
#2 
6	% 
  0  0  1  0 0 0
 -1  0  2  0 0 0
  0  0  2  0 0 1
  0 -1 -3  1 0 0
  0  0  3 -1 0 0
  0  0 -1  0 1 0
6	% 
 1 0 0  0  0 0
 0 0 2  0 -1 1
 0 1 0  0  0 0
 0 0 0  0  1 0
 0 0 1  0  0 1
 0 1 0 -1  0 0
2-2;1,1,1;1 1 2
2 
#1 
6	% 
  0 0  1 0  0  0
 -1 0  1 0 -1  1
  1 0 -1 0  0 -1
  0 1  0 0  0  0
  0 0  0 1  0  0
 -1 0  0 0 -1  0
1,1,1,1;1;1 1 4
1 
#1 
6	% 
 0 1  0 0  0  0
 1 0  0 0  0  0
 0 0  0 1  0  0
 0 0  1 0  0  0
 0 0 -1 0 -1  0
 0 0 -1 0  0 -1
1,1,1;1,1;1 1 9
12 
#2 
6	% 
  2 0 -1 0  1 -1
  1 0  0 0  0  0
 -2 0  2 0 -1  1
  1 0 -1 0  0 -1
  0 1  1 0  1  1
  0 0  0 1  0  0
6	% 
  2  0 -1 0  1 -1
  1  0  1 0  0  0
 -2  0  0 0 -1  1
  1  0  0 1  1  0
  0 -1  0 0  0  0
  0 -2  0 1  0  0
1,1,1,1;1;1 1 3
3 
#1 
6	% 
  0  0 -1  0 -1 -1
 -1  0  0  0 -1 -1
 -1  0 -1  0  0 -1
  1  0  1  0  1  1
  0 -1  0  0  0  0
  0  1  0 -1  0  0
1,1;1,1;1;1 1 10
12 
#2 
6	% 
 1 0  2 0  0  0
 0 0 -1 0 -1  0
 0 0 -1 0  0  0
 0 0  0 1  0  0
 0 1  0 0  0  0
 0 0 -1 0  0 -1
6	% 
 1 0  2  0  0  0
 0 0 -1  0 -1  0
 0 0 -1  0  0  0
 0 0  0 -1  0  0
 0 1  0  0  0  0
 0 0 -1  0  0 -1
1,1;1,1;1;1 1 5
1 
#1 
6	% 
 1 0  2 0  0  0
 0 1  0 0  0  0
 0 0  0 1  0  0
 0 0 -1 0  0  0
 0 0  0 0 -1  0
 0 0  0 0  0 -1
1,1;1,1;1;1 1 19
3 
#1 
6	% 
 -1  0 -1  0  0 0
  0  0  0  0 -1 1
  1  0  1  0  1 0
  0 -1  0  0  0 0
 -1  0  0  0  1 0
  0  1  0 -1  0 0
1,1,1;1;1;1 1 8
6 
#2 
6	% 
 -1  0 1  0 0  0
  2  0 0 -1 0  0
 -1  0 1  0 1  0
  0  0 0  0 1 -1
 -2 -1 0  1 0  0
  1  0 0  0 1  0
6	% 
 -1 0 1  0 0  0
  1 1 0  0 0  0
 -1 0 1  0 1  0
  0 0 0  0 1 -1
 -1 1 0 -1 0  0
  1 0 0  0 1  0
1,1,1;1;1;1 1 10
6 
#1 
6	% 
  0 0 -1  0  0  0
 -1 0  2  0 -1  1
  1 0 -1  0  0 -1
  0 1  0  0  0  0
  0 1  0 -1  0  0
 -1 0  0  0 -1  0
1,1;1;1;1;1 1 16
3 
#1 
6	% 
 1 0  1 0 0 0
 0 0 -1 0 0 0
 0 0  0 1 0 0
 0 0  1 0 0 1
 0 1  0 0 0 0
 0 0  1 0 1 0
