#16

6-3 3 1
1 
#1 
6	% 
 1 0 0 0 0 0
 0 1 0 0 0 0
 0 0 1 0 0 0
 0 0 0 1 0 0
 0 0 0 0 1 0
 0 0 0 0 0 1
1,1,1,1,1,1 1 1
1 
#1 
6	% 
 1 0 0 0 0 0
 0 1 0 0 0 0
 0 0 1 0 0 0
 0 0 0 1 0 0
 0 0 0 0 1 0
 0 0 0 0 0 1
1,1,1,1;1,1 1 3
21 
#1 
6	% 
  1  1 -2  0  1 -1
  1 -2 -3  2  1 -3
  0 -1  0  2  0 -1
 -1  1  2 -2 -1  2
  1 -1 -1  0  0 -1
  0  1 -1  1  1 -1
1,1,1;1,1,1 1 4
28 
#1 
6	% 
  0 -2  0  1  1  1
  1 -2  1  0  1  0
 -1  2 -1 -1 -1 -1
  0 -1  1  1  1  0
 -1  3 -1 -1 -1 -1
  1 -1  0  1  0  1
2-1',2-1';1,1 1 3
21 
#1 
6	% 
  0  0 -2 -1  2 -1
  1  1  1  0 -1 -1
  0 -1  1  1 -1  1
  0 -1  0  0  1  2
 -1  0  2  1 -3  0
  0 -1 -1  0  1  1
2-2',2-2';1,1 1 3
28 
#1 
6	% 
  0  0 1 -1  0 0
  0  0 0  0  0 1
  1 -1 0  0  0 0
  0 -1 1  0 -1 0
  0 -1 0  1  0 0
 -1  0 0  0  0 0
1,1;1,1;1,1 1 11
14 
#1 
6	% 
  0 -1 -2 0  3 -3
  1  0  0 1 -1  1
  1  0  1 0 -2  1
 -1  0  1 0 -1  0
 -1  1  3 0 -4  4
  0 -1 -3 0  4 -3
2-2,2-2;1,1 1 3
28 
#1 
6	% 
  0 -1 -1  1  1 -1
 -1 -1  0  1 -1  0
  0  1  0  0  0  1
  0  1  0 -1  1  0
  0  0  0  0  0  1
  0  0  1  0 -1  0
1,1;1,1;1;1 1 39
42 
#1 
6	% 
 -2 -1  2 -1  1  0
  1  2 -1  0 -1  1
 -1 -1  1  0  0 -1
  1  1 -2  1  0  0
  1  1  0  0 -1  0
  1  1 -1  0 -1  0
2-2,2-2;1;1 2 6
28 
#1 
6	% 
 0 -1  0  0 1  0
 1 -1 -1  1 1 -1
 0 -1  1 -1 0  1
 0 -1  0  0 0  0
 0  0  0 -1 0  1
 0  1  0 -1 0  0
6-3' 1 1
8 
#1 
6	% 
  0 0 1 -1  0  0
 -1 1 1 -1  0  0
 -1 0 1  0 -1  0
  0 0 1  0 -1  0
  0 0 1  0  0 -1
 -1 0 1  0  0  0
2-2;2-2;1;1 1 18
28 
#1 
6	% 
  1  0 -1  0 0  0
  1  0 -1  0 1  0
  1  0  0  0 0 -1
  0 -1  1  0 0  0
 -1  1  0 -1 0  1
  0  0  0  0 0  1
4-1';1;1 1 6
21 
#1 
6	% 
  1  0  0  1  0 -2
  1 -1  0  0  0  1
 -1  1 -1 -1  1  1
 -1 -1  2  0 -1  1
 -2  1  1 -1  0  1
 -2  0  1  0 -1  1
2-1,2-1;1;1 3 7
21 
#1 
6	% 
  1  0 -2 -1  1  2
 -1 -1  2 -1 -1  3
  1  0 -1 -1  1  1
 -1  1  0  0  0 -1
  2  0 -1  0  1 -1
 -2  1  1 -1  0  1
2-1,2-1;1,1 2 4
21 
#1 
6	% 
  0  2  3 -2 -5  2
  1 -2 -1  0  3 -3
  1  0 -1  1  0  0
  0  1  0  0 -1  1
 -1 -2  0  0  2 -2
  1  0  0  0 -1  0
3,3 3 1
14 
#1 
6	% 
 0  1  0 -1  1  0
 0  0  0  0  1 -1
 0  0  0 -1  1  0
 1 -1 -1  1  0 -1
 0  0  1 -1 -1  1
 0  0  0  1  0  0
