#81

3;2-1;1 2 5
1 
#1 
6	% 
 1 0 0 0 0 0
 0 1 0 0 0 0
 0 0 1 0 0 0
 0 0 0 1 0 0
 0 0 0 0 1 0
 0 0 0 0 0 1
1,1,1,1,1,1 1 1
1 
#1 
6	% 
 1 0 0 0 0 0
 0 1 0 0 0 0
 0 0 1 0 0 0
 0 0 0 1 0 0
 0 0 0 0 1 0
 0 0 0 0 0 1
1,1,1,1,1;1 1 2
14 
#5 
6	% 
 0 -1  1  1 -1 -1
 0  0  0  1 -1 -1
 1 -1  1  1 -1  0
 0 -1  0  2 -1 -1
 0  2 -1 -2  2  1
 0 -1  1  2 -2 -1
6	% 
 -1 -1  0 0  0 -1
  0 -1  0 0  1  0
 -1  0  0 0  1  0
 -1 -1 -1 0  0 -1
  1  1  0 1 -2  0
 -1 -1 -1 1  1 -1
6	% 
  1  0  0  0  0  0
  0  0  1  0  0  0
  1  0  1 -1  0  0
  0 -1  0 -1 -1 -1
 -1  1 -1  1  0  1
  1 -1  1 -1 -1  0
6	% 
 -1 -1  0  1  1 -1
 -1 -1  0  1  0  0
  0 -1  0  1  1 -1
  1  0 -1  0  1  1
  0  1  1 -1 -1  0
  1  0 -1  1  1  0
6	% 
  0 -1  1  0  0  0
  0 -1  0  0  0  0
  1 -1  1 -1  1 -1
 -1 -1  1 -1  0  0
  0  2 -1  2 -1  0
  0 -2  1 -1  0 -1
2-1;1,1,1,1 1 2
4 
#2 
6	% 
 0 -1  1  0  0  0
 0  0  1  0  0  0
 1  1  1  0  1 -1
 0  0  1  1  0 -1
 0  0  0 -1  1  1
 0  0 -2  1 -1  0
6	% 
  0 -1  1  0  1 -1
  0 -1  1  0  0  0
  0 -1  1  1 -1 -1
  0 -1  1  1  0 -1
 -1 -1  0  0  0  0
  0  2 -1 -1  0  1
1,1,1;1,1,1 1 2
10 
#3 
6	% 
  0  1  0 0  0  0
  1  1  1 0  0  0
  0  0  0 1 -1 -1
  0  0  0 0 -1  1
 -1 -1 -1 0  1  0
  1  1  0 0  1  0
6	% 
  0 -1  0 0  0  0
  1 -1  0 0  1 -1
  0  0 -1 1  0  0
  0  0  1 0 -1 -1
 -1  0  0 0  0  1
  1 -1  0 0  1  0
6	% 
  0 -1  0  1  0  0
  0  2 -1 -1  0  0
 -1  0  0  0  0  0
 -1  0  0 -1  1  1
  1  0  1  0  0 -1
  1  1 -1  1 -1  0
2-1;1,1,1;1 1 6
12 
#2 
6	% 
  0 -1  1 0  0  0
 -1 -1  0 0  0  1
 -1 -1  0 0 -1  1
  0  0  0 1 -1 -1
  1  1 -1 0  1  0
  1  0  0 0  1 -1
6	% 
  0 -3  2 0  1  1
  1  1 -1 0  0  1
  0  2 -2 1 -1 -1
 -1  0  0 0  0  0
  1  0  1 0  0 -1
  0 -2  1 1  0  0
1,1,1,1;1,1 1 3
44 
#6 
6	% 
 -1 -1  0  0  2 -1
  0  1 -1  0  0  0
  1  1  0 -1  0  1
  0  0  1  0 -1  0
  0  1 -1  0  1  0
 -1 -1  1 -1  1  0
6	% 
  2  2  1 -1 -1 -1
  0  0  0 -1  1  1
 -1  1 -1  0  0  1
  0 -2  0  1  0 -1
  0 -1  0 -1  1  0
  1  1  1  0 -1  0
6	% 
  0  1  0  0  1 -1
  0 -2  0 -1  1  1
 -1 -2  1  0  0  0
  1  3 -2  1 -1  0
  1  1 -1 -1  1  0
 -1 -1  1  0  0  0
6	% 
  1  0  0 0  0  0
  0 -1 -1 0 -1 -1
 -1  0  0 0 -1  0
  0  0  0 1  1 -1
  0  0 -1 1  0 -2
  1  0  0 0  0  1
6	% 
  0  0 1 -1  0  0
  0  2 0 -2  1 -1
  1  1 0  0  1  0
  0 -2 0  2 -1  0
  0  1 0 -1  0 -1
 -1  1 0 -1  0  1
6	% 
  0  1 -1  0 -1  1
 -1  0  0  0  1 -1
  1  1  0  1  0 -1
 -1 -2  1 -1  1  1
 -1  0  0 -1  0  0
  2  2 -1  1 -1  0
1,1,1,1;1,1 1 2
15 
#5 
6	% 
 -1 0  1 0  0  0
 -1 1  0 0  0  0
 -2 0  0 0 -1  1
  0 0  0 1 -1 -1
  2 0 -1 0  1  0
 -2 0  0 0  0  1
6	% 
 0  1 -1 -1 1  1
 0  1  0 -1 0  0
 0  1 -1  0 0  0
 1  0  0  0 0  0
 0 -1  1  1 0 -1
 0  2 -1 -1 0  1
6	% 
 1 0  0  0  0  0
 0 0  1 -1  0  0
 0 0 -1  0  1  1
 0 0  0  0 -1  1
 1 1  0  0  0 -1
 0 0  0  0  1  0
6	% 
 0 1  0  1  0 0
 0 0 -1  0  0 0
 1 0  1  1  0 0
 0 0  0  0 -1 1
 0 0  0 -1  1 0
 0 0  0  0  1 0
6	% 
  2  2 -1 -1  0 0
  3  3 -2 -1  0 0
  0  1 -1  0 -1 1
 -1 -1  0  0  0 0
 -1 -1  2  0  1 0
  4  4 -2 -1  0 1
2-1;1,1,1;1 1 5
16 
#5 
6	% 
 1 1  1  0  0  0
 1 0  0  0  0  0
 0 0  0  1  0 -1
 0 0  0 -1  1  1
 0 0 -1  2 -1 -1
 0 0  0  1 -1  0
6	% 
 0 0  0 1 -1 -1
 0 1 -1 1 -1 -1
 0 0  0 0  0  1
 1 0  0 0  0  0
 0 1  0 0  0  0
 0 0  0 0  1  0
6	% 
 0  0  0 -1  1 1
 0  0 -1  0  1 1
 0 -1  1  0 -1 0
 1  1  0  0  0 0
 0 -1  0  0  0 0
 0  0  0  0 -1 0
6	% 
  1  0  0  0  0 0
 -2 -2  2  0 -1 1
  1  1  0 -1  1 0
  0  0 -1  1  0 0
  0  0  1 -2  1 1
  0  0  0 -1  1 0
6	% 
 0 -2  1 1  0 0
 0 -1  1 0  0 0
 0  0 -1 0  0 1
 1  1  0 0  0 0
 0 -1  0 0  0 0
 0  0 -1 1 -1 0
2-1',2-1';1,1 1 2
6 
#1 
6	% 
  1  0  0  0  0  0
  1  1  0  0  0  0
  0 -1  1  0  0  0
 -1 -2  1  1 -1  0
  1  1  0 -1  1  1
 -1  1 -2  1  0 -1
1,1,1;1,1,1 1 3
24 
#3 
6	% 
  0 -1  1 0  0  0
  0  2  0 1 -1 -1
 -1 -2  0 0  0  1
  1  1  0 0  0  0
  1  0 -1 0  1  0
 -1  0  0 0  0  0
6	% 
 -1  1 -1  2 -1 -1
  0  1  0  0 -1 -1
  0 -1  0  1  0  0
  0 -1  1 -1  0  1
  0 -1  1 -1  1  1
  0  0  0  1 -1  0
6	% 
  0  2  0  1 -1 -1
  0  2 -1 -1  0  0
 -1 -1  0  2  0 -1
  0 -1  0 -1  0  1
 -1 -3  0  1  0  1
  0  2  0  0  0 -1
2-1;1,1;1,1 1 8
12 
#2 
6	% 
  0  0  0 -1  1  1
  0  0 -1  2 -1 -1
  1  1 -1  0  0  0
 -1 -1  0  1  0 -1
 -1 -2  1  0  0  0
 -1 -1  0  1 -1  0
6	% 
 -1  0  0  0 0  0
  0 -1  0  0 0  0
  0 -1  1 -1 1  1
  0  0 -1  1 0 -1
  0 -1  0  1 0  0
  0 -1  0  1 0 -1
1,1,1;1,1,1 1 4
12 
#1 
6	% 
  0 -1  0  0  0 -1
  1  1 -1  1  0 -2
  0  1  1 -1 -1  2
  0 -2  0  0  1  0
  0  2  0 -1 -1  2
 -1 -2  0  1  1 -1
2-1;1,1;1,1 1 4
12 
#3 
6	% 
 0  0 -1 1  0  0
 0  0  0 0  1 -1
 0  0  0 0  0 -1
 1  1  0 0  0  0
 0 -1  0 0  0  0
 0 -1  1 0 -1  0
6	% 
  0 -2  2  0 -1  1
  1  0  0  0  0  0
  1  1 -1  1  0 -1
  0  0  0 -1  1  1
  0  0 -1  2 -1 -1
 -1  0 -1  1  0 -1
6	% 
 0  0  0  0 -1 1
 0 -1 -1  2  0 0
 0 -1 -1  1  1 0
 1  1  0  0  0 0
 0 -1  0  0  0 0
 0  0  1 -2  1 0
2-1',2-1';1;1 1 4
6 
#1 
6	% 
  1  0  0  0 0 0
 -1 -1  0  0 0 0
 -1  0 -1  1 0 0
  2  1  1 -2 1 1
  1  1  0 -1 0 1
  1  1  0 -1 1 0
2-2;1,1,1,1 1 2
4 
#1 
6	% 
  0 0  0  1  0 0
  0 0  0  0  1 0
  0 0  0  1  1 1
 -1 0  0 -1 -1 0
  0 1 -1  1  1 0
  1 1  0 -1 -1 0
1,1,1,1;1;1 1 5
44 
#6 
6	% 
  1  1 0  0 -1  0
 -1  0 0  0  0 -1
 -2 -1 0  0  0 -1
  2  1 0 -1  0  2
 -2 -1 1 -1  1 -1
  2  0 0  0  0  1
6	% 
  0  1  0 -1 0  0
  0  0  1 -1 0  0
  1  0  1  0 0  0
 -1 -1 -1  1 1  0
  1  1  1 -1 0 -1
 -1  1 -1  0 0  0
6	% 
  0  1 0 -1 0 0
  0  1 1 -2 0 0
 -1  1 0 -2 0 1
  1 -3 0  3 0 0
 -1  2 0 -3 0 0
  1 -1 0  1 1 0
6	% 
  0  0 -1 0  1  1
  0  0 -2 1  1  1
 -1 -1  0 0  0  1
  1  0  1 0 -1 -1
 -1 -1 -1 0  1  1
  1  0  1 0  0 -1
6	% 
  0  1  0 0  0  0
 -1  1 -1 0 -1 -1
  0  0 -1 0 -1  0
  0 -1  1 1  0  0
  0  1 -2 1 -1 -1
  0  0  1 0  0  1
6	% 
 1  0  0 0  0  0
 0  0  0 0 -1  1
 0  0  1 0  0 -1
 0  0 -1 1  0  0
 0  0  0 1 -1 -1
 0 -1  0 0  0  1
1,1,1;1,1;1 1 12
72 
#6 
6	% 
 -2 -1  0 0  0  0
 -2 -4  2 0  1  1
  4  6 -3 0 -1 -1
 -1 -2  1 0  1  0
  2  3 -2 1 -1 -1
 -1  0  0 0  0  0
6	% 
  2  1  0 0  2 -2
  2  1  1 0  0 -2
 -4 -2 -1 0 -3  5
  1  1  0 0  0 -1
 -2 -3  1 1 -2  2
  1  0  0 0  1 -1
6	% 
  0  0 -1 0 -1 -1
 -1 -1 -3 0 -1 -1
  1  1  5 0  2  2
 -1  0 -2 0  0 -1
  0  1  2 0  1  1
  0  0 -1 1 -1 -1
6	% 
  0  0 -1 0  1  1
 -1  1 -2 0  2  0
  2 -2  7 0 -6 -4
  0  1 -2 0  1  0
  1 -1  4 0 -3 -2
  0  0 -1 1  0  0
6	% 
  0  0 -2 0 -1 -1
  1  1  0 0  1  1
 -1 -1  3 0  0  0
  0  1 -1 1  0  0
  0 -1  2 0  0  0
  0  0 -1 0  0 -1
6	% 
 -2 -1  1  0 -2  0
 -2 -1 -1  0  1  1
  4  2  1  0 -1 -1
 -1 -2  0 -1  1  1
  2  2  0  1 -1 -1
 -1  0  0  0 -1  0
1,1,1;1,1;1 1 7
48 
#6 
6	% 
  2 -1  2 0  0  0
  2  0  1 0  1 -1
 -6  1 -4 0 -3  3
  1  0  0 0  1  0
  0  0 -1 1  0  0
  1 -1  1 0  0  0
6	% 
 -2  1 -2  0 0 0
 -2  2 -2 -1 0 0
  4 -3  3  2 0 0
 -1  1 -1 -1 0 1
  0  0  0 -1 1 1
 -1  1 -1  0 0 0
6	% 
  2  1  0 0  0  0
  2  1  1 0 -1 -1
 -4 -2 -3 1  2  2
  1  0  1 0 -1  0
  0 -2  2 0 -1  1
  1  0  0 0  0  0
6	% 
  2  1  0  0  0  0
  2  1  1 -1  1 -1
 -4 -2 -2  2 -1  1
  1  2 -1  0  0 -1
  0  1 -1  0  0  0
  1  0  0  0  0  0
6	% 
 0  0 -1 0  1  1
 0  1  1 0 -1 -1
 1 -2 -1 0  1  1
 0  2 -1 0  0 -1
 0  2 -2 0  1 -1
 0  0 -1 1  0  0
6	% 
 0 -2  1 0  1 1
 0 -5  4 0  2 0
 0  9 -7 0 -4 0
 0 -3  2 0  1 0
 1  0  0 0  0 0
 0 -1  0 1  0 0
1,1,1;1,1;1 1 9
32 
#5 
6	% 
  0  0  1 -2  2  0
  0  0  0 -1  2  0
  0  0 -1  3 -3 -1
  1 -1  2 -1  1  0
 -1  2 -2  0  0  0
  0  1  0  0  0  0
6	% 
  0  3 -3  1 0 -2
  0  1 -1  0 1 -1
  0 -4  4 -1 0  2
  1  2 -3  2 0 -1
 -1  0  2 -2 0  0
  0  1  0  0 0  0
6	% 
  0 -1  0 0  1  1
  0 -2  1 1  0  0
  0  2 -1 0 -1 -1
  1  0  0 0  1  0
 -1 -1  0 0  0  0
  0 -1  0 0  0  0
6	% 
 0 0 -1  0  0  0
 1 0  0  0  0  0
 0 1  2  0  0  0
 0 0  1  0 -1 -2
 0 0  0 -1  1  1
 0 0  1 -2  1  1
6	% 
  2 -1 0  0  1 -1
  1  0 0  0  0  0
 -3  2 0  0 -1  1
  1 -1 1  0  0 -1
  0  0 0 -1  1  1
  0  0 1 -2  1  1
1,1,1;1,1;1 1 11
24 
#2 
6	% 
 0  1 0 -2  0  2
 0  0 1 -2 -1  3
 0 -3 0  6  1 -7
 1  1 0 -1  0  1
 0  0 1 -1 -1  1
 0  0 0 -1  0  1
6	% 
  0  0  3 0 -1  1
 -1 -1  0 0  1 -1
  2  2 -2 0 -1  1
  0  0  2 0 -1  0
  0 -1 -1 0  2  1
  0  0  1 1 -1  0
1,1,1,1;1;1 1 6
4 
#2 
6	% 
  0 -1  1  1 -1 -1
  0 -1  1  0  0  0
  0 -1  0  1  0  0
  0  2 -1 -1  0  1
  1 -1  1  1  0 -1
 -1  0  0  0  0  0
6	% 
  0  0  0  0 -1 1
  1  0  0  0  0 0
  0  1  0  0  0 0
 -1 -1  0  0  1 0
  1  1  0 -1  0 1
  0  0 -1  1  0 0
2-2;2-1;1,1 1 4
4 
#1 
6	% 
 -1 -1  0  0 0  1
  2  2 -1  0 1 -1
 -1 -1  1 -1 0  1
  3  3 -2  0 2 -2
  4  3 -1  0 2 -2
  3  4 -2  0 2 -2
2-2;1,1,1;1 1 5
20 
#3 
6	% 
 -3 -3 -1  0  2  3
  0  0  0 -1  1  1
  0  0  1 -1  0  0
  2  2  1  0 -2 -3
  3  2  2  0 -2 -3
  2  3  1  0 -2 -3
6	% 
 -2 -2 -1  1  1  1
 -1 -1 -1  1  0  1
  1  1  1 -1 -1  0
  2  1  2 -1 -1 -1
  1  2  1 -1 -1 -1
  1  1  1 -1 -1 -1
6	% 
  0  0  1 -1 -1  1
  1  1  1 -2  0  1
 -1 -1 -1  1  1  0
 -1  0 -2  2  1 -1
  0 -1 -1  2  1 -1
 -1 -1 -2  2  1 -1
1,1,1,1;1;1 1 4
15 
#5 
6	% 
 0  1 0  0  0  0
 1  0 0  0  0  0
 0 -3 1 -1  0  0
 0  2 0  1  0  0
 0 -1 0  0 -1  0
 0 -1 0  0  0 -1
6	% 
 1  0 -1  1  0  0
 0  0 -1  1  0  0
 0  0  2 -1 -1 -1
 0 -1 -1  0  1  1
 0  0  1  0  0 -1
 0  0  1  0 -1  0
6	% 
  0  0 -1 1  1 -1
  1  0  0 0  1 -1
 -1  0  1 0 -3  1
 -1  0 -1 0  2  0
  1  0  1 0 -1  0
  0 -1  1 0 -1  0
6	% 
 -2 -1  1  0 -1  1
 -1  0  0  0  0  0
  1 -1  1 -1  3 -1
  1  1 -1  1 -2  0
 -1 -1  1 -1  1  0
 -1 -1  0  0  1  0
6	% 
  0  1  0  0  0  0
 -1  1  0  0  0  0
  1 -3 -2  0 -1  1
  0  2  1  0  1 -1
  0 -1 -1  0  0  1
  0 -1  0 -1  0  1
1,1,1;1,1;1 1 5
60 
#12 
6	% 
 0  2  1  0 0  0
 0  1  0  0 0  0
 1 -3 -1  0 0  0
 0  1  0  0 1  0
 0  0  0 -1 1  1
 0  0  0  0 1 -1
6	% 
 0  1 -1  1 0  0
 1  2 -1  1 0  0
 0 -3  2 -2 0  0
 0  0  0  0 1  0
 0  1 -1  0 0  0
 0  0  0  0 1 -1
6	% 
 0 -1  0 0  1  1
 0 -2  1 1  0  0
 0  2 -1 0 -1 -1
 1  0  0 0  1  0
 1  0  0 0  0  0
 0  0  0 0  1 -1
6	% 
  2  2  1  0 0  0
  1  1  0  0 0  0
 -2 -3 -1  0 0  0
  1  1  1 -1 1  0
  0  0  2 -2 1 -1
  0  0  0 -1 1  1
6	% 
 0  0  1  0 -2 0
 0  0  1 -1 -1 1
 0  0 -2  1  2 0
 1  0  1  0 -1 0
 1  0  0  0  0 0
 0 -1  1  0  0 0
6	% 
 -1 -1  1 0 -1  1
  1  0  0 0  0  0
  0  0  0 0  1 -1
  0  0  0 0  0  1
  0  0 -1 1  0  0
  1  1  0 0  0  0
6	% 
 0 -1 0  0  1  1
 0 -2 1  1  0  0
 0  2 0 -1 -1 -1
 1  0 0  0  1  0
 2  0 0  0  1 -1
 1  1 0  0  0  0
6	% 
  1  0  0  1 -2 0
  2  0  0  1 -2 0
 -3  0  0 -2  3 1
  1  0  0  1 -1 0
  0 -1 -1  2  0 0
  1  1  0  0  0 0
6	% 
 1 1 -1  1 -1 -1
 2 1 -1  1 -1 -1
 0 0  0 -1  1  1
 1 1 -1  1  0 -1
 0 0  0  0  1 -1
 1 1  0  0  0  0
6	% 
 0 1 -1  1 0  0
 1 0  0  0 0  0
 0 0  1 -1 0  0
 0 0  0  0 1  0
 0 0  0  0 1 -1
 0 0  0 -1 1  1
6	% 
 0 -1  2 -1  1 -1
 0 -1  1  0  0  0
 0  3 -3  0 -1  1
 1  0  1 -1  1  0
 1  0  0  0  0  0
 0  0  0 -1  1  1
6	% 
  2  1  0  0  1 -1
  1  0  0  0  0  0
 -3  0  0  0 -1  1
  1  0  0  0  1  0
  0 -1 -1  2  0  0
  0  0  0 -1  1  1
1,1,1;1,1;1 1 10
96 
#10 
6	% 
 0  0 -1  0  1  1
 0  1  0  0  0  0
 1 -2  1  0 -1 -1
 0 -2  1  1  0  0
 0  3 -2 -1  0  1
 0  0  0  0 -1  1
6	% 
 -1 -1 -1 -2 0  0
  0  0  0 -1 0  0
  1  1  0  4 0  0
  0 -1  0 -1 0  0
 -1  1 -1  0 0 -1
  0  0  0  0 1 -1
6	% 
 -1  1  1 -2  0  0
  0  0  1 -2  1  1
  2 -2 -2  5 -1 -1
  0  1  2 -1  0  0
  0  0  0 -1  0  1
  0  0  0  0 -1  1
6	% 
 -2 -1  2 -2  0  0
 -2 -1  3 -2 -1 -1
  6  3 -6  5  1  1
 -1 -1  1 -1  0  0
 -1  0  1 -1  0 -1
  0  1 -1  0  0  0
6	% 
 -2 -3  2  0  0  0
 -2 -2  1  1 -1 -1
  6  7 -4 -1  1  1
 -1 -2  1  0  0  0
 -1  0  1  0  0 -1
  0  0  1 -1  0  0
6	% 
 -1  1 -3  2 -2  2
 -1  1 -4  3 -3  3
  3 -3  9 -6  7 -7
  0  1 -2  1 -1  1
 -2 -1 -1  1 -1  2
 -1 -1  0  0  0  0
6	% 
  0  0 -1  2  1 -3
  1  0  0  0  1 -1
  0  0  1 -2 -2  4
  0 -1  0  1  1 -1
  0  1 -1  0  0 -1
 -1 -1  0  0  0  0
6	% 
  0  2 -1 -2  1  1
  1  3 -2 -2  1  1
 -2 -7  4  6 -3 -3
  0  1 -1 -1  0  2
  1  2 -1 -1  1  0
  1  1  0  0  0  0
6	% 
 0  3 -2  2  0  0
 0  3 -3  3 -1  1
 0 -8  6 -6  1 -1
 1  3 -2  1  0  0
 0  1 -1  2 -1  0
 0  0  0  1 -1 -1
6	% 
  1  1 -1  0  2 -2
  1  1  0  0  1 -1
 -3 -3  0  0 -4  4
  0  1  0 -1  1 -1
  1  0  0  1  0 -1
  0  0  0  1 -1 -1
2-2;1,1,1;1 1 6
4 
#1 
6	% 
  0 0 -1 1  0  0
  0 0  0 0 -1  1
 -1 0  0 0  0  0
  0 1 -1 0  0  1
  1 1  0 0  0  0
  0 0  0 0  0 -1
1,1;1,1;1;1 1 10
96 
#10 
6	% 
 1  2  0  0 0  0
 0  0 -1  1 0 -1
 0 -1  0  0 0  0
 0  0  0 -1 1  1
 0  0 -1  1 0  0
 0  0  0 -1 0  1
6	% 
 0  0 -3  3 -2  2
 0  0  0 -1  1  0
 0  0  1 -1  1 -1
 0 -1  0  0  0  0
 1  0  1  0  0  0
 0  0  1 -1  1  0
6	% 
  0 0  1 -3  2  2
  0 0  0  1 -1  0
  0 0 -1  2 -1 -1
  0 1  0  0  0  0
 -1 0 -1  0  0  0
  0 0 -1  1 -1  0
6	% 
  0  2 1 -3  0  0
  1  0 0  1  0 -1
  0 -1 0  1  0  0
 -1  0 0 -1  1  1
  1  1 0  1 -1 -1
 -1 -1 0  0  1  0
6	% 
 0 0  0 -2  3 1
 0 1 -1  1 -1 0
 0 0  0  1 -2 0
 1 0  1 -1  0 0
 1 1 -1  1  0 0
 0 0  0  0 -1 0
6	% 
 0  0  1 1 -2 -2
 0  0  0 0  1  0
 0  0 -1 0  1  1
 1  1  0 0  0  0
 1  0  0 0  0  0
 0 -1  0 0  0  1
6	% 
 1  2 0  0 0  0
 0 -1 0  0 1  0
 0 -1 0  0 0  0
 0  0 1 -1 0  0
 0  0 0 -1 1  1
 0  0 0  0 0 -1
6	% 
 0 -2  2  0 -1  1
 0  2 -1  1  0 -1
 0  1 -1  0  1 -1
 1 -2  1 -1  0  0
 1  3 -1  1  0  0
 0 -1  0  0  0 -1
6	% 
  0  2 1 -3 0 0
  1  0 0  0 1 0
  0 -1 0  1 0 0
 -1 -1 0  0 0 0
  1  0 0  0 0 0
 -1 -1 0  0 0 1
6	% 
 1  0  0  0 0  0
 0  0 -1  0 1  0
 1  0  0  0 1 -1
 0 -1  2 -1 0  0
 0  1 -1 -1 1  1
 0 -1  1  0 0 -1
1,1;1,1;1;1 1 6
45 
#8 
6	% 
 1  0  0  0  0  0
 0  0 -3  3 -2  2
 0 -1  1 -1  1 -1
 0  1  0  0  0  0
 0 -1  1  0  0 -1
 0  0  0  0  0 -1
6	% 
  1  0  0 0  0  0
  0  0  1 1 -2 -2
  2  1 -1 0  1  1
 -2 -1  0 0  0  0
  1  1 -1 0  1  0
  1  1 -1 0  0  1
6	% 
 1  0  0  0  0  0
 0 -2  2  0 -1  1
 0  0 -1  0  1 -1
 0  1  0  0  0  0
 0  0  0 -1  1  0
 0  0 -1  0  1  0
6	% 
  0  0 -1 1  0  0
  0 -3  3 0 -2  2
  0  1 -2 0  2  0
  0  0  1 0 -1 -1
 -1  0 -1 0  1  0
  0  0 -1 0  1  0
6	% 
  0 -1  1  0  0  0
  0  0 -3  3 -2  2
  0  1  0  0  0 -2
  0 -1  1 -1  1  1
 -1  0  0  0  0 -1
  0  0  0  0  0 -1
6	% 
  2  0 0  1 -1 -1
  0  2 1 -3  0  0
  1 -1 0  2 -1 -1
 -1  0 0 -1  1  1
  0 -1 0  1  0 -1
  0 -1 0  1 -1  0
6	% 
 1  0 0  0  0  0
 0  2 1 -3  0  0
 0 -2 0  1  0  0
 0  1 0  0  0  0
 0 -1 0  1  0 -1
 0 -1 0  1 -1  0
6	% 
  0 -1  1  0  0  0
  3  3  0  0  2 -2
 -1  0 -1  1 -2  0
  0 -1  1 -1  1  1
 -1  0  0  0 -1  0
 -1  0 -1  1 -1  0
1,1;1,1;1;1 1 25
24 
#2 
6	% 
  0 0 -1  1 1 -2
  0 1  0  0 0  0
  0 0  0 -1 0  2
  0 0  0  1 1 -2
  0 0 -1  1 1 -1
 -1 0 -1  0 0  0
6	% 
  1 1 -1 0  1  0
  0 0  0 1 -1 -1
 -1 0  0 0 -1  1
  1 0  1 0  0 -1
  1 1  0 0  1 -1
  0 0 -1 1  0  0
2-1;1,1;1;1 1 23
6 
#2 
6	% 
  0 -3  3  0 -2 2
  0  0  1 -1  0 1
  0  0 -1  0  1 0
  0  0  0  1 -1 0
  1  1  0  0  0 0
 -1  0  0  0  0 0
6	% 
 0 0  0  0  1 -1
 0 1 -1  0  1  0
 1 0  1  0 -1  0
 0 0 -1  0  1  0
 0 0  0 -1  1  1
 0 0 -1  1  0  0
2-1;1,1;1;1 1 19
24 
#4 
6	% 
  0  0  0 -1  1  1
  0  0 -1  2 -1 -1
 -1 -1  0  0 -1  1
  1  1 -1  1  1 -2
  1  0  0  0  1 -1
  1  0  0  1  1 -2
6	% 
  0  0 -1  1 0 0
  0  0  1 -2 1 1
 -1 -1  0  0 0 0
  1  1  0 -1 1 0
  1  0  0  0 0 0
  1  1  0 -1 0 1
6	% 
 1 0  0 0  0  0
 0 1  0 0  0  0
 0 0 -2 1  0  2
 0 0  3 0 -1 -4
 0 0  1 1 -1 -3
 0 1  2 0 -1 -4
6	% 
 1  0  0 0  0  0
 0  1  0 0  0  0
 0 -1  1 1 -1 -1
 0  2 -2 0  0  1
 0  1 -2 1  0  0
 0  2 -2 0  1  0
1,1,1;1;1;1 1 15
24 
#2 
6	% 
 -1  1 -2  0  0 1
  0  0  1 -1  0 0
  1  0  1  0  0 0
  1 -1  2  0 -1 0
 -1  1 -1  0  0 0
  0  0  0 -1  1 1
6	% 
 -1 -1  0 0  0  0
  0  0  0 1 -1 -1
  1  0  0 0  1  0
  1  0  0 0  0  0
 -1 -1  1 0 -1  0
  0  0 -1 1  0  0
1,1,1;1;1;1 1 16
12 
#2 
6	% 
  0  1 -1 0  0  0
 -1 -1  0 0 -1  1
  1  0  0 0  1 -1
 -1  0 -1 0  0  1
 -1  0 -1 1 -1  0
  0  0 -1 1  0  0
6	% 
 0 -1  1 0  0  0
 0  1 -1 1 -2  0
 0 -1  0 1  1 -1
 0  0  0 0 -1  0
 1  1  0 0 -1  0
 1  0  0 0  0  0
1,1;1,1;1,1 1 10
24 
#2 
6	% 
 -1 -1  1  0  0  0
  0 -2  0 -1  0  2
  1  1  0  0  1 -2
 -1 -2  1  0  0  0
 -1 -1  1  0  1 -2
  0  2 -1  1 -1  1
6	% 
  0 -3  0 -1  1 1
 -1 -1  1  0 -1 0
  1  1  0  0  0 0
  0 -3  1 -1  0 0
  1  0  0  0  0 0
 -1  0 -1  0  0 1
1,1;1,1;1,1 1 9
6 
#1 
6	% 
 0 -2  2  0 -1 1
 0 -2  1 -1  0 0
 0 -2  0 -1  1 1
 1 -1  0 -1  1 1
 1  1 -1  0  1 0
 0  1  0  1 -1 0
1,1;1,1;1;1 1 27
12 
#1 
6	% 
  0 -1  1  0  0  0
  1  0  1  0 -1 -1
 -2 -1 -2  1  1  1
 -1 -2  1  0  0  1
  2 -1  3  0 -2 -1
 -2 -1 -1 -1  2  2
1,1;1,1;1;1 1 28
48 
#4 
6	% 
  2  1  0 -1  1 1
  1  0  1  0 -1 0
  2  1  1 -1  0 0
  0  1 -1  0  0 1
 -1  0  0  0  0 0
 -1 -1  0  0  0 0
6	% 
  0  2  0 -1 1  1
  0  0  0  1 0 -1
  0  2 -1  1 0  0
  1  0  1 -1 0  1
  1  0  0  0 0  0
 -1 -1  0  0 0  0
6	% 
  0 1 -1  0  1  0
  0 0  0  0  0  1
 -1 0 -1  0  0  1
  0 0  1 -1  1  0
  0 0  1 -1  0  0
  0 0  0  1 -1 -1
6	% 
  1 1  1  0 -1 -1
 -1 0  0  0 -1  0
 -1 0  1  0 -1 -1
  1 1 -1  1  0 -1
  0 0 -1  1  0  0
  0 0  0 -1  1  1
1,1,1;1;1;1 1 12
16 
#5 
6	% 
 0  1 0 -1  0  0
 0 -1 1  1 -1 -1
 0  0 0  0  0  1
 1  1 0  0 -1  0
 1  0 0  0  0  0
 1  1 0  0  0  0
6	% 
 0 0 -1 0 1  1
 0 0 -1 1 0  0
 0 1  0 0 0 -1
 1 1 -1 0 0  1
 1 0  0 0 0  0
 1 1  0 0 0  0
6	% 
 -1  0 0  0  0  0
 -1 -1 0  0  0  0
  1  1 0  1  0 -1
 -1 -1 0  0  0 -1
  0  0 1 -1  0  0
  0  0 0  1 -1 -1
6	% 
 -1  0  0  0  0 0
 -1  0  0  0 -1 1
  1 -1  1 -1  1 0
 -1  0  0  0  0 1
  0  0 -1  1  0 0
  0  0  0 -1  1 1
6	% 
  0 -1  1 0  0  0
  0 -1  1 0  1 -1
  0  1 -2 1 -1  0
 -1 -2  1 0  1  0
 -1  0  0 0  0  0
 -1 -1  0 0  0  0
1,1;1,1;1,1 1 6
48 
#6 
6	% 
  0  0  1 1 -2 -2
  0  2 -1 0  1  0
  0  0 -1 0  1  1
 -1 -3  2 0  0  0
  1  2 -2 0  0  0
  0  1  0 0  1  0
6	% 
  0  2 1 -3 0 0
  1 -1 0  0 0 1
  0 -1 0  1 0 0
 -1 -1 0  0 0 0
 -1  0 0  0 0 0
  1  1 0  0 1 0
6	% 
  0  0  0 -2 1  3
  0  0  1  0 0 -1
  0  0  0  1 0 -2
 -1  0 -1  0 0  0
  1 -1  1  0 0  0
  0  1  0  0 0 -1
6	% 
 1  2  0  0  0  0
 0  0  0 -1 -1  2
 0 -1  0  0  0  0
 0  1 -1  1  0 -2
 0 -1  0  1  1 -1
 0 -1  1 -1 -1  2
6	% 
  0 -2  2  0 -1  1
  0  1  0  0  0 -1
  0  1 -1  0  1 -1
 -1 -1 -1  1  0  0
  1  0  1 -1  0  0
  0  1 -1  1  0 -1
6	% 
  3  0  0  0  2 -2
 -1  0 -1  1 -1  0
 -1  0  0  0 -1  1
  0  0  0 -1  1  1
  0  0  1 -1  0  0
 -1 -1  0  1 -1  0
1,1,1;1;1;1 1 8
48 
#6 
6	% 
  0  0 1 -1  0  0
  1  0 0  1 -1 -1
 -1 -1 1 -1  1  0
  0  0 0  0  1 -1
 -1 -1 0 -1  1  1
  1  0 0  1  0 -1
6	% 
  0 -1  1  0  0  0
  1  2 -2  1 -1 -1
 -1 -2  1  0  1  0
  0  0  0  0  1 -1
 -1 -3  2 -1  1  1
  1  2 -2  1  0 -1
6	% 
 0 -2  0  0 -1 1
 1  2 -1  1  0 0
 0 -2  1 -1  0 1
 0 -1  1  0  0 0
 1 -1  1 -1  0 0
 0  1  0  0  1 0
6	% 
  0 0 -1  0  0  0
  0 1  0  0  1 -1
  0 0  1  0 -1  0
  0 0  1 -1  0  0
 -1 0 -1  0 -1  1
  0 0  0  0  0 -1
6	% 
 1 -1 -1 0  1  1
 0  0  0 1 -1 -1
 0  0 -1 0  1  0
 0  0  0 0  1 -1
 0  0 -1 1  0  0
 0  1  0 0  0 -1
6	% 
  0 -1  1  0 0  0
  0  1 -2  1 1 -1
  0 -1  1 -1 0  1
 -1 -1  0  0 0  0
  0 -1  1 -1 0  2
  0  0 -1  1 0 -1
2-2;1,1;1,1 1 4
12 
#2 
6	% 
  0  0  0 -1  1  1
 -1 -1  1  0  0 -1
  1  1  0  0 -1  0
  1  0  0  0  0  0
  0  1 -1  0  0  0
  1  1  0  0  0  0
6	% 
  0  0  0 -1 1  1
  1  1 -1  1 0 -1
 -1 -1  1  0 0 -1
 -1 -1  0  0 0  0
 -1  0  0  0 0  0
  0 -1  1  0 0  0
1,1,1;1;1;1 1 4
20 
#6 
6	% 
  1  0  0 0  0  0
 -1  1  0 0  0  0
  0 -2 -1 0  0  0
  0  2  0 1  0  0
  0  1  0 1  0 -1
  0  1  0 1 -1  0
6	% 
  0  1  0 0  0  0
 -1  0  0 0  0  0
  0 -1  0 0 -1  1
  0  1 -1 1  1 -1
  0  0  0 1  0 -1
  0  1 -1 1  0 -1
6	% 
  0  0 -1  1  0 0
  0  0  1 -1 -1 1
  0  0 -1  0  2 0
 -1 -1  1  0 -2 0
  0 -1  1  0 -1 0
 -1 -1  1  0 -1 0
6	% 
 0 -1  1  0  0  0
 0  2 -1 -1  0  0
 0 -1  0  0  1  1
 1  1  0  0 -1 -1
 1  1  0  0 -1  0
 1  1  0  0  0 -1
6	% 
 0 0  0  0 -1  1
 0 1 -1  0  1 -1
 0 1 -1  1 -2  0
 1 0  1 -1  2  0
 1 0  0  0  1  0
 1 0  1 -1  1  0
6	% 
  1  0 0  0  0  0
 -2 -1 1  0  0  0
 -1 -1 1 -1  1  1
  1  1 0  0 -1 -1
  1  1 0  0 -1  0
  1  1 0  0  0 -1
1,1;1,1;1;1 1 15
12 
#3 
6	% 
 0 -1 1  0  0  0
 1  0 0  0  0  0
 0  0 0  0  0  1
 0 -1 1  0 -1  0
 0  0 1 -1  0  0
 0  0 0  1 -1 -1
6	% 
  0  0  0 1 -1 -1
  0 -2  2 0 -1  1
 -1  0 -1 0  1  0
  1  0  0 0  0  1
  1  1  0 0  0  0
  1  0  0 0  0  0
6	% 
  0 -1  1  0 0 0
  0  0 -1  1 0 0
 -1 -1  0  0 0 1
  1  0  1 -1 1 0
  1  1  0  0 0 0
  1  0  0  0 0 0
1,1;1,1;1,1 1 3
15 
#3 
6	% 
 1  2  0  0 0 0
 0  0 -1  1 0 0
 0  1 -1  0 0 0
 0 -1  0  0 0 0
 0  0  1 -1 0 1
 0  1  0 -1 1 0
6	% 
  0  4 -4  1 -1 -1
  0  0 -1  1  0  0
 -1 -1  0  0  0  0
  0 -3  3 -1  1  1
 -1  1  0 -1  0 -1
  1  2  0 -1  0 -1
6	% 
 -5  0 0 -2  2  2
  1  1 0  0  0  0
  0  0 1 -1  0  0
  3  0 0  1 -1 -1
 -2 -1 0  0  0  1
 -2  0 0 -1  0  1
1,1;1,1;1;1 1 30
12 
#2 
6	% 
  0 -1  0  0  1 -1
 -1  1  0 -1 -1  2
  1  0  1  0  1 -1
 -1  1 -1 -1 -1  2
  0  0 -1  1  0  0
  0  0  0 -1  1  1
6	% 
 0  1  0 -1  1 -1
 0 -1  0  1 -1  0
 0  1 -1 -1  0  2
 0 -1  0  1  0 -1
 1  1  0  0  0  0
 1  0  0  0  0  0
1,1;1,1;1;1 1 21
48 
#6 
6	% 
 0 1 -1 0 -1  1
 0 0  0 0  1 -1
 0 0  1 0 -1  1
 0 0  0 0  0  1
 1 0  0 0  1 -1
 0 0  0 1 -1  0
6	% 
 0  0  0 -1 1  1
 0  1 -1  0 0  0
 0 -1  2  0 0 -2
 0 -1  1  0 0 -1
 0  0 -1  1 0  0
 1  0  1  0 0 -1
6	% 
  3  1  0  0  2 -2
  0  4 -1  1  0  0
 -2 -5  1 -1 -1  1
 -1 -3  1 -1  0  1
  3  2  0  0  2 -2
 -1 -3  1  0 -1  0
6	% 
 -1  1 -1  1 0 0
  2  2 -1  0 0 0
 -2 -4  2 -1 0 0
 -1 -2  1 -1 1 0
  1  2 -1  1 0 0
 -1 -2  1 -1 0 1
6	% 
  2  1 -2  2 -1 -1
 -1  1  0 -1  0  0
 -1 -3  2  0  1  1
 -1 -2  1  0  0  1
  1  2 -1  0 -1 -1
 -1 -2  1  0  1  0
6	% 
 -2 -1  0  1  0  0
  3  0  1 -2  1  1
 -3  1 -2  2 -1 -1
 -2  0 -1  1  0 -1
  2 -1  1 -1  1  1
 -1  1 -1  1  0 -1
2-2;2-1;1;1 1 9
4 
#1 
6	% 
  0  0  0 -1 1  1
  0 -1  0  0 1  0
  0  1  0  0 0 -1
 -1 -1  0  0 0  0
  0  1 -1  0 0  0
 -1  0  0  0 0  0
2-1;1,1;1;1 1 9
24 
#6 
6	% 
  1  0  0  0  0  0
  0  0 -1  2 -1 -1
 -2 -1 -1  2 -1 -1
  0  0  1 -1  0  0
 -1 -1  0  1  0 -1
 -1 -1  0  1 -1  0
6	% 
 0  0  0 -1  1  1
 0 -1  0  0  0  0
 0 -1 -1  2 -1 -1
 1  1  0  0  0  0
 0  0 -1  1  0 -1
 0  0 -1  1 -1  0
6	% 
 0 -2  2 -1  1  1
 0 -1  0  0  0  0
 0  2 -3  1 -1 -1
 1  1  0  0  0  0
 0  1 -1  0  0 -1
 0  1 -1  0 -1  0
6	% 
 0  0  2 -2  1 -1
 0 -1  0  0  0  0
 0 -1 -3  3 -1  1
 1  1  0  0  0  0
 0  0 -2  1  0  1
 0  0 -2  2 -1  0
6	% 
  2  0  0  0  1 -1
  0  0 -1  2 -1 -1
 -3  0 -1  2 -2  0
  0  0  0 -1  1  1
 -2 -1  0  1 -1  0
 -1  0  0  1 -1  0
6	% 
 0  2 -2  0  1 -1
 0 -1  0  0  0  0
 0 -4  3  0 -1  1
 1  1  0  0  0  0
 0 -2  2 -1  0  1
 0 -2  2  0 -1  0
2-1;2-1;1,1 1 4
3 
#1 
6	% 
  0 -1  1 0  0  0
  0  1  0 0  0  0
  0  1 -1 1  0  0
  0 -1  1 1 -1  0
 -1 -1  0 0  0  0
  0  2 -2 1  0 -1
2-1,2-1;1;1 1 4
12 
#1 
6	% 
 0 0  0  1 -1 -1
 0 0  1 -1  0  0
 1 0  0 -1  1  1
 0 1 -1  2 -1 -1
 0 0  0  1  0 -1
 0 0  0  1 -1  0
2-1,2-1;1,1 1 2
12 
#1 
6	% 
 0  0  1 -1  0  0
 0  0  0  1 -1 -1
 0 -1  1  0  0  0
 0 -2  2 -1  0  1
 1  1 -1  1  0  0
 0  1 -1 -1  1  0
2-1,2-1;1;1 2 6
12 
#1 
6	% 
  4  2  0 -1  1  1
 -4  0 -1  2 -1 -1
 -7 -3  0  2 -2 -2
 -4 -3  1  0 -1 -1
 -2 -2  1  0  0 -1
 -2 -1  0  0  0 -1
2-1,2-1;1,1 2 3
12 
#1 
6	% 
 0 -2  2  0 -1  1
 0  0  1 -2  1  1
 1  1 -1 -2  3  3
 0 -2  1  1 -1  2
 0  0  0  1 -1 -1
 0  3 -4  1  2 -1
2-1;2-1;1;1 1 7
3 
#1 
6	% 
 1  1 0  0 0 0
 0 -1 0  0 0 0
 0 -1 0 -1 1 1
 0 -1 1 -2 1 1
 0  0 0 -1 0 1
 0  0 0 -1 1 0
2-2;1,1;1,1 1 6
8 
#1 
6	% 
 -1 -1  0 -1  1  2
  1  1  1 -1 -1  0
  2  1  2 -1 -1 -1
  3  3  2  0 -3 -3
 -2 -3 -1  0  3  3
  1  1  0  1 -2 -2
3;1,1,1 2 2
1 
#1 
6	% 
  0  0  0 -1 1  1
  0  0  1 -2 1  1
  0  0  0 -1 0  1
  0 -1  1  0 0  0
 -1  0 -1  0 0  0
  0  0 -1  1 0 -1
2-1;1;1;1;1 1 19
6 
#2 
6	% 
 0  0 -1  1 0 0
 0  0  1 -2 1 1
 0 -1  1 -1 1 0
 1  1  0 -1 1 0
 1  1  0  0 0 0
 1  0  0  0 0 0
6	% 
 1 0 0  0  0 0
 0 1 0  0  0 0
 0 1 0  0 -1 0
 0 0 1 -1  0 1
 0 0 0 -1  1 1
 0 0 1 -1  0 0
1,1;1,1;1;1 1 35
6 
#1 
6	% 
 -2 -2 -1 -1  2  2
  0  1  0  1  0 -1
  2  0  2 -1 -1 -1
  0  1  0  1 -1  0
 -1 -2  0 -1  1  1
  1 -1  1 -1  0  0
2-1;1;1;1;1 1 8
4 
#2 
6	% 
 1 0 0  0 0 0
 0 1 0  0 0 0
 0 1 0 -1 1 1
 0 0 1 -1 1 1
 0 0 1 -1 1 0
 0 0 0  0 1 0
6	% 
 0 0 -1  1 0 0
 0 0  1 -2 1 1
 1 0  1 -2 1 1
 1 1  0 -2 1 1
 0 0  0 -1 0 1
 0 0  0 -1 1 0
1,1;1;1;1;1 1 29
24 
#4 
6	% 
  0 -1  2 -1  0  0
 -1 -1  1  0  0 -1
  0  1 -1 -1  1  1
  0  0  1  0 -1  0
  1  1  0  0  0  0
 -1  0  0  0  0  0
6	% 
 -1 -1  0  0  0 0
 -1  0 -1  1 -1 0
  1  0  0  0  0 0
 -1  0 -1  0  1 0
  0  0  0 -1  1 1
  0  0 -1  1  0 0
6	% 
 -1 -1 0  0  0  0
 -1  0 0 -1  0  1
  1  0 0  0  0  0
 -1 -1 1  0 -1  0
  0  0 0  1 -1 -1
  0  0 1 -1  0  0
6	% 
  0  0 -1  1 1 -1
  1  0  0  1 0 -1
  0  0  0 -1 0  2
  0  0 -1  1 0 -1
 -1 -1  0  0 0  0
  1  0  0  0 0  0
1,1;1;1;1;1 1 31
12 
#1 
6	% 
  1  0  1  0  0 -1
  0  0  1 -1  0  1
  2  1  1 -1  0  0
 -2 -1  0 -1  1  1
  3  2  1  0 -1 -1
 -3 -1 -1  0  1  1
1,1;1;1;1;1 1 41
3 
#1 
6	% 
  0 -4 4 0 -1  1
  0  0 0 1 -1 -1
  1 -1 1 1 -1  0
 -1 -1 0 0  0  0
  1 -1 2 0 -1  0
 -1  0 0 0  0  0
1,1;1;1;1;1 1 18
24 
#6 
6	% 
  0 -1  1 0  0  0
  0  1 -1 0  1 -1
  1  0  0 1 -1  0
  0  0  1 0 -1  0
 -1  0  0 0  0  0
  1  1  0 0  0  0
6	% 
  0  0 1 -1 0 0
  0  1 0 -1 0 0
 -1 -1 0  0 0 1
  0 -1 0  0 1 0
  1  0 0  0 0 0
 -1 -1 0  0 0 0
6	% 
  0  0 0 -1  1 1
  0  0 0  1 -2 0
  0 -1 1 -1  1 0
 -1 -1 0  0  1 0
 -1  0 0  0  0 0
 -1 -1 0  0  0 0
6	% 
 0 0  0 1 -1 -1
 0 0 -1 0  1  1
 0 1  0 0  0 -1
 1 1  0 0 -1  0
 1 0  0 0  0  0
 1 1  0 0  0  0
6	% 
 1  0 0  0  0  0
 0  1 0  0  0  0
 0 -1 0  1  0 -1
 0  0 0  0  0 -1
 0  0 1 -1  0  0
 0  0 0  1 -1 -1
6	% 
  0 -2  2  0 -1  1
  0  1 -1  0  1 -1
 -1 -1  1 -1  0  1
  0  0  0  0  0  1
  0  0 -1  1  0  0
  0  0  0 -1  1  1
1,1;1;1;1;1 1 13
32 
#5 
6	% 
 -3 -1  0  0 -2  2
  2  1  0  0  1 -1
  0  0  0 -1  1  1
 -1  0 -1  0  0  1
  3  2  0  0  2 -2
 -1 -1  0  0  0  1
6	% 
 -3 -3  2 0  0  0
  2  2 -1 0  0  0
  0  0  0 1 -1 -1
 -1 -1  1 0  0 -1
  3  4 -2 0  0  0
 -1 -1  1 0 -1  0
6	% 
 -3 -1 -5  5  0 0
  2  1  3 -3  0 0
  0  0  0  0 -1 1
 -1  0 -2  1  0 1
  3  2  5 -5  0 0
 -1  0 -2  2 -1 0
6	% 
  2  2 -2 1  1  1
 -1 -1  1 0 -1 -1
  0 -1  1 0  0  0
  0  0  0 0  1  0
 -2 -2  1 1 -2 -2
  0  0  0 0  0  1
6	% 
  0  0 -2 -1 1  5
  0  0  1  0 0 -2
 -1 -1  0  0 0  0
  0 -1  0  0 0  1
  0  0  3 -1 0 -4
  0  0 -1  0 0  1
2-2;1,1;1;1 1 18
8 
#1 
6	% 
  0  0 0 -1  1 1
  0  0 1 -1  0 0
 -1 -1 0  0  0 0
  0 -1 1  0  0 0
  1  1 0  0 -1 0
  0 -1 0  0  1 0
2-2;1,1;1;1 1 17
4 
#1 
6	% 
  0  0 -1 1  0  0
  1  1 -1 1  0 -1
  2  1  0 0  1 -1
 -1 -1  1 0 -1  0
  1  1 -1 0  1 -1
  1  2 -1 0  1 -1
2-2;1,1;1;1 1 16
8 
#1 
6	% 
  0 0 -1 1  0  0
  0 0  0 1 -1 -1
  0 1  0 0  0 -1
  1 1  1 0 -1 -1
 -1 0 -1 0  1  1
  0 0  0 0 -1  0
3;1,1;1 2 6
2 
#1 
6	% 
 -1  0  0 0  0  0
  0 -1  0 0  0  0
  0  0  2 0 -1 -4
  0  0  1 1 -1 -3
  0  0 -3 0  1  4
  0  0 -2 1  0  2
2-2;1,1;1;1 1 13
12 
#2 
6	% 
  0  0 -1 1 0 0
 -1 -1  0 0 0 1
  0  0 -1 0 1 0
 -1 -1  0 0 0 0
  1  0  0 0 0 0
  0 -1  1 0 0 0
6	% 
  0  0 0 0 -1 1
 -1 -1 0 1 -1 0
  1  0 1 0 -1 0
  0 -1 1 0  0 0
  1  1 0 0  0 0
 -1  0 0 0  0 0
2-2;1,1;1;1 1 9
12 
#2 
6	% 
 -1 -1  0  0  0 1
  0  0  1 -1  0 0
  1  1 -1  1 -1 0
  1  1  0  0  0 0
  0  1 -1  0  0 0
  1  0  0  0  0 0
6	% 
 -1 -1  0  0 0 1
  0  0  1 -1 0 0
  1  1 -1  0 1 0
  1  1  0  0 0 0
  1  0  0  0 0 0
  0  1 -1  0 0 0
3;1,1;1 2 5
3 
#2 
6	% 
 0  0  0 -1  1  1
 1  1 -1  0  0  0
 0  0 -1  0  0  0
 0  0 -1  1  0 -1
 0 -1  1  0  0  0
 0  0 -1  1 -1  0
6	% 
 0  0  2 -2  1 -1
 1  1 -1  0  0  0
 0  0 -1  0  0  0
 0  0 -2  1  0  1
 0 -1  1  0  0  0
 0  0 -2  2 -1  0
1,1;1;1;1;1 1 8
15 
#5 
6	% 
 1 0  0  0 0 0
 0 1  0  0 0 0
 0 0 -1  0 0 0
 0 0  0 -1 0 0
 0 0  0 -1 0 1
 0 0  0 -1 1 0
6	% 
  0  0 1 -1  0  0
 -1 -1 1 -1  0  0
  1  0 0  1  0  0
  0  0 0  1  0  0
  0  0 0  1  0 -1
  0  0 0  1 -1  0
6	% 
 0 0 -1 1  0  0
 0 0  1 0 -1 -1
 1 1 -1 0  1  1
 0 1 -1 0  1  1
 0 1 -1 0  1  0
 0 1 -1 0  0  1
6	% 
 0 0 -1  1  0  0
 0 0 -1  1 -1  1
 1 1  1 -1  1 -1
 1 0  2 -1  1 -1
 0 0  1  0  0 -1
 1 0  1  0  0 -1
6	% 
  0  0  0  0  1 -1
  0 -1  1  0 -1  1
 -1  0 -1  0  1 -1
  0  0 -1  0  1 -1
  0  0  0 -1  1  0
  0  0 -1  0  1  0
1;1;1;1;1;1 1 20
3 
#1 
6	% 
 -1 -1 1 -1  1  0
  0  1 0  0  0 -1
  0  0 1 -1  0  0
  0  0 0  1 -1 -1
  1  1 0  0  0  0
 -1  0 0  0  0  0
1;1;1;1;1;1 1 12
4 
#2 
6	% 
  0 -1 0  1  0  0
 -1 -1 0  0  0  0
  0  0 0  0 -1  0
  0  0 0  0  0 -1
  0  0 1 -1  0  0
  0  0 0 -1  1  1
6	% 
  1  0 -1 1  0  0
  0  1 -1 0  0  0
  0  1  0 0  0 -1
  0  1  0 0 -1  0
 -1  0  0 0  0  0
 -1 -1  0 0  0  0
1;1;1;1;1;1 1 6
1 
#1 
6	% 
  1 0  0 0 0 0
 -1 1 -1 0 0 0
 -2 0 -1 0 0 0
 -2 0 -2 1 0 0
 -1 0 -1 0 0 1
 -1 0 -1 0 1 0
2-2;1;1;1;1 1 18
4 
#1 
6	% 
  0  0 -1 1 -1  0
  0  0  1 0  0 -1
  0  0 -1 1  0  0
  0 -1  1 0  0  0
  1  0  0 0  0  0
 -1 -1  0 0  0  0
2-2;1;1;1;1 1 10
4 
#1 
6	% 
 -1  0 -1  0 0 1
  0  0 -1  1 0 0
 -1  0  0 -1 1 0
  1  0  0  0 0 0
  0 -1  1  0 0 0
  1  1  0  0 0 0
3;1;1;1 2 11
1 
#1 
6	% 
  0 -1  1  0 0  0
 -1  0 -1  0 0  0
 -1  0 -1  1 0 -1
 -1  0 -1  0 0  1
  0  0 -1  1 0  0
  0  0  0 -1 1  1
3;1;1;1 2 6
1 
#1 
6	% 
 1  1  0  0  0  0
 0 -1  0  0  0  0
 0  0 -1  0  0  0
 0  0  0 -1  0  0
 0  0  0  0  0 -1
 0  0  0  0 -1  0
