#15

1,1;1;1;1;1 1 44
1 
#1 
6	% 
 1 0 0 0 0 0
 0 1 0 0 0 0
 0 0 1 0 0 0
 0 0 0 1 0 0
 0 0 0 0 1 0
 0 0 0 0 0 1
1,1,1,1,1,1 1 1
1 
#1 
6	% 
 1 0 0 0 0 0
 0 1 0 0 0 0
 0 0 1 0 0 0
 0 0 0 1 0 0
 0 0 0 0 1 0
 0 0 0 0 0 1
1,1,1,1;1,1 1 2
7 
#3 
6	% 
 0  0  0  0 -1 -1
 0 -1 -1 -1 -1  0
 0 -1  0  0 -1 -1
 1  0  0  0  0  0
 0  1  1  1  1  1
 0 -1  0 -1 -1 -1
6	% 
  0 1  0  0  1 0
  0 0  1  0  1 0
 -1 0 -2  0 -1 0
  0 0 -1 -1  0 1
  1 0  1  1  0 0
 -1 0  0  1  0 0
6	% 
  0 0 -1 -1 -1  0
 -1 0 -1  0 -1  0
 -1 0  0 -1 -1  0
  0 1  1  0  0 -2
  1 0  0  1  1  1
 -1 0 -1 -1 -1  1
1,1,1,1,1;1 1 2
3 
#1 
6	% 
 -1  0 -1  0 -1  0
 -1  0  0  0  0  0
 -1 -1  0 -1 -1  0
  0  0 -1 -1 -1  0
  1  0  1  1  1 -1
 -1  0  0 -1 -1 -1
1,1,1,1,1;1 1 1
1 
#1 
6	% 
  0 0  0  0 -1  0
 -1 0 -1  0 -1 -1
 -1 0  0 -1 -1 -1
  0 0 -1 -1  0 -1
  1 0  1  1  1  1
  0 1  0  0  0  0
1,1,1;1,1,1 1 2
4 
#2 
6	% 
  0  0 -1  0  0 -1
 -1  0  1  0  0  0
  0 -1 -1 -1 -1  0
  0  0  0 -1  1  0
  0  1  0  1  0  0
  0  1  1  1  0  0
6	% 
 -1  1  0  0 0 0
  0  1  1  0 0 0
  0  0 -1 -1 0 1
  0  0  0 -1 1 0
  0 -1  0  1 0 0
  0  1  1  1 0 0
1,1,1;1,1;1 1 3
4 
#2 
6	% 
 0 0  1  2 0 0
 0 0  0  1 0 1
 0 0 -1 -3 1 0
 1 0  1  1 0 0
 1 0  0  0 0 0
 0 1  0  0 0 0
6	% 
 0 0 1 0 0  0
 1 0 0 0 0  0
 0 0 0 1 0  0
 0 0 1 0 1  0
 0 0 1 0 1 -1
 0 1 0 0 0  0
1,1;1,1;1,1 1 8
3 
#1 
6	% 
  0  1  0  0  0 0
  0  0 -1 -1  0 1
 -1  0 -1  0  0 0
  1  0  0 -1  0 0
  1  1  1  0  1 0
  0 -1  0  1 -1 0
1,1,1;1,1;1 1 6
12 
#3 
6	% 
  0  2  1  0  2 0
  0  2  1  1  1 0
  0 -3 -2 -1 -3 0
 -1  1  0  0  1 0
 -1  0 -1  0  0 0
  0  1  0  0  1 1
6	% 
  2 0 -1 0 0 0
  1 0  0 0 0 0
 -2 0  2 1 0 0
  1 1  0 0 1 0
  0 1  0 0 0 0
  1 0 -1 0 0 1
6	% 
 0  2  1 0 0 0
 0  1  0 0 0 0
 1 -3 -1 0 0 0
 0  1  1 1 0 0
 0  0  1 1 1 0
 0  1  0 0 0 1
1,1,1,1;1;1 1 2
3 
#1 
6	% 
  0 0 -1 -1 -1  0
 -1 0  0 -1 -1  0
 -1 0 -1  0 -1  0
  0 1  0  0  0  0
  1 0  1  1  1 -1
 -1 0  0 -1 -1 -1
1,1,1,1;1;1 1 6
3 
#1 
6	% 
  1  0  1  1  0 0
  1  0  0  0  0 0
  0  1  1  1  0 0
 -1 -1 -1 -1  0 1
  1  1  1  1  1 0
  0  0 -1  0 -1 1
1,1;1,1;1;1 1 18
3 
#1 
6	% 
 -1 0 -1 0  0  0
  0 0  1 1  1  0
  0 1  0 0  0  0
  0 0  1 0  1 -1
 -1 0  0 0  0 -1
  1 0  0 0 -1  0
1,1;1,1;1;1 1 32
3 
#1 
6	% 
  0 1  0 0  0 0
  1 0  0 0  0 0
  0 0  0 1  0 1
 -1 0  0 1  0 0
 -1 0 -1 0  0 1
  0 0 -1 0 -1 1
1,1,1;1;1;1 1 11
3 
#1 
6	% 
 1 0 1 0 1  0
 0 0 1 0 1  0
 0 1 0 0 0  0
 0 0 1 1 0 -1
 0 0 2 0 1 -1
 0 0 2 1 1  0
1,1,1;1;1;1 1 18
1 
#1 
6	% 
  1  0  0 0 0  0
  0  1  0 0 0  0
 -2 -2 -1 0 0  0
  1  1  1 1 0  0
  1  1  1 0 1  0
  1  1  1 0 0 -1
