#173

6-1 3 1
1 
#1 
6	% 
 1 0 0 0 0 0
 0 1 0 0 0 0
 0 0 1 0 0 0
 0 0 0 1 0 0
 0 0 0 0 1 0
 0 0 0 0 0 1
1,1,1,1,1,1 1 1
1 
#1 
6	% 
 1 0 0 0 0 0
 0 1 0 0 0 0
 0 0 1 0 0 0
 0 0 0 1 0 0
 0 0 0 0 1 0
 0 0 0 0 0 1
1,1,1,1,1;1 1 2
36 
#2 
6	% 
  0 0  0  1  0 -1
  0 0  1  0  0 -1
  1 1  1  1  1  0
  0 0  0  0  1 -1
 -1 0 -1 -1 -1  1
  0 1  1  1  1 -1
6	% 
  0  1 -1 -1 -1 -1
 -1  0 -1 -1 -1 -2
 -1  1 -2 -1 -1 -2
 -1  1 -1  0 -1 -1
  1 -1  2  1  2  2
 -1  1 -2 -1 -2 -3
2-1',2-1';1;1 1 7
360 
#1 
6	% 
 -1  1  1  1 -2  1
  1  1  2  2  1  3
 -1  0 -1  0 -1 -1
  0 -1 -1 -1  0 -2
  0 -1 -1 -1  1 -1
 -1  0  0 -1 -1 -1
2-1',2-1';1;1 1 4
90 
#1 
6	% 
 1  0 0 0  1  0
 0 -1 0 0 -2 -2
 0  0 0 0 -1 -1
 0  0 0 0  0  1
 0  0 0 1  0  1
 0  0 1 0  0  1
1,1,1,1;1,1 1 3
300 
#2 
6	% 
  0  0 -1 -1  1 -1
  0  0 -1 -1  0 -1
  0  1  1  0 -1  0
  1  0  1  1  1  2
  0 -1 -1 -1  0 -1
 -1  0 -1  0 -1 -2
6	% 
  0  1  0  1  0  1
 -1  2  0  1  0  1
  0  0  1  0  1  0
  1 -1 -1 -1 -2 -2
 -1  1 -1  1  0  1
  0  0  1  0  2  1
2-1;1,1;1,1 1 11
360 
#1 
6	% 
 -1 -1 0  0 0 -1
 -1  1 0  0 0  0
  0 -1 0  0 1  0
  0  1 1  0 0  1
  0  1 0 -1 0  0
  0  1 0  0 0  0
2-1;1,1;1,1 1 10
180 
#1 
6	% 
 -1  0  0  0 1  0
 -3  2  1  2 0  1
 -3 -2 -2 -1 0 -4
  1  0  0  0 0  0
  1 -1 -1 -1 0 -1
  1  1  1  1 0  2
2-1',2-1';1,1 1 2
90 
#1 
6	% 
 0  0 0 1  2  2
 0  0 1 0  1  0
 1 -1 0 0  0  0
 0 -1 0 0  0  0
 0  0 0 0 -1 -1
 0  1 0 0  0  1
2-1;1,1,1;1 1 6
180 
#1 
6	% 
 1  1  0  0  1  2
 0 -1  0  1  0  0
 0 -1  0  0 -1 -1
 0  0 -1 -1  0 -1
 0  1  0  1  0  1
 0  1  0  0  0  1
2-1;1,1,1;1 1 8
360 
#1 
6	% 
  1  1  1  1  1  2
 -2  0 -2 -2 -2 -3
  0 -1 -1  0  0 -1
  0 -1  0  0  0  0
  0  1  0  0  1  1
  0  1  0  1  0  1
2-1',2-1',2-1' 1 1
60 
#1 
6	% 
 -1 -1 -1 -2 0 -1
  1 -1  0 -3 1 -2
  1 -1  0 -2 1 -1
  1  1  1  1 0  1
  1  0  0 -1 0 -1
  0  1  0  2 0  1
1,1,1,1;1,1 1 2
15 
#1 
6	% 
 -1 -1  0 0  0 -1
 -1 -1  0 0 -1 -1
  0 -1  0 0  1  0
  0  0 -1 1  0  0
  1  1  1 0  0  1
 -1 -1  1 0  0  0
2-1;1,1;1,1 1 8
90 
#1 
6	% 
 0 0  1 1  0  1
 0 0 -2 0  0 -1
 0 1  0 0  2  1
 0 0 -1 0  0  0
 1 0  0 0 -1  1
 0 0 -1 0 -1 -1
2-1;1,1;1,1 1 9
360 
#1 
6	% 
  1  1  1  1  1  2
 -1  1  2  2 -2  2
  0 -1 -2 -1  0 -2
 -1  0  0  0 -2 -1
  1  0  0  0  1  0
  0  1  1  2  0  2
2-1',2-1';1;1 1 6
90 
#1 
6	% 
  0  0 -1 -2  0 -2
  0  0  0 -1 -1  0
 -1  0  0  1  1  0
  1  0  1  1  0  2
  1 -1  0  0  0  0
  1  1  0  0  0  1
1,1,1;1,1,1 1 3
150 
#2 
6	% 
  0  1  1 1  1  2
 -1  0  0 0  0  1
  0  0  0 1  1  0
  0 -1  0 0  0 -1
  0  0 -1 0 -1 -2
  0  1  0 0  0  0
6	% 
 -1 -1  0  0  0 -1
  1 -1  1 -1 -1 -1
 -1  1  0  1  2  2
  1  0  0  0  0  0
 -1  1 -1  0  1  1
  0 -1  0  0 -1 -1
2-1;1,1,1;1 1 7
60 
#1 
6	% 
 1 0 0 0  0 0
 0 1 0 0  0 0
 0 0 1 0 -1 0
 0 0 0 1  1 1
 0 0 0 0  1 0
 0 0 0 0  1 1
2-1;1,1;1,1 1 6
45 
#1 
6	% 
  0 0 0 0 -1 0
 -1 1 0 0  0 0
 -1 0 1 0  0 0
  1 0 0 1  0 1
  1 0 0 0 -1 0
  1 0 0 0  1 1
1,1,1;1,1,1 1 4
180 
#1 
6	% 
 0 0  1 -1  1  0
 0 1  0  0  0  0
 0 0  0  1  0  0
 0 0 -1 -1 -1 -1
 0 0  0  1 -1  0
 1 0  0  0 -1  0
1,1,1;1,1,1 1 2
10 
#1 
6	% 
 -1  0 0  0 1  0
 -1  0 1  0 0  0
  0 -1 0  0 0 -1
  0 -1 0 -1 0 -1
  1  1 0  1 0  2
 -1  1 0  1 0  1
2-1;1,1,1,1 1 2
15 
#1 
6	% 
  0 0  0  0  1  0
  1 0  0  0  0  0
  1 1  0  0  1  1
  1 0 -1  0  1  0
  0 0  1 -1  0  0
 -1 0 -1  0 -1 -1
2-2;1,1,1,1 1 2
80 
#1 
6	% 
  1  1  1  1 0  0
  0  0  0  0 0 -1
  1  1  1  1 1  0
 -1 -1  0 -1 0  1
  1  0  1  1 0 -1
  0 -1 -1 -1 0  1
2-2',2-2';1,1 1 3
320 
#1 
6	% 
 -1 0  0  1 -1 -1
  0 0 -1 -1 -1 -1
  0 1  0  1 -1  1
  0 0  1  0  1  0
  0 1  0  1 -2  0
  1 0  0 -2  0  0
1,1,1,1;1;1 1 5
300 
#2 
6	% 
 0  0 -1 0 -1 -1
 0  0 -1 1 -1 -1
 0  0 -1 1  0  0
 1  0  2 0  1  2
 0 -1 -2 0 -1 -2
 0  0  1 0  0  1
6	% 
  1  1  0  1  0  2
  1  1  0  1  1  1
  1  0  0  1  0  1
 -1 -1 -1 -1 -1 -2
  1  1 -1  1  1  1
  0 -1  0 -1  0 -1
1,1,1,1;1;1 1 4
15 
#1 
6	% 
  0 0  0  1  0  1
  0 0 -1  1  0  0
  0 0  0 -3 -1 -2
  0 0  0  2  0  1
 -1 0  0 -1  0 -1
  0 1  0 -1  0  0
1,1,1;1,1;1 1 10
720 
#2 
6	% 
  0  0  1  1  1  2
  1  1  1  0  1  2
 -1 -1 -2 -2 -2 -5
  0  0  1  1  0  1
  0  1  0  0  1  1
 -1  1  0  0  0  0
6	% 
 0  0 -2 0 -1 -2
 0  0 -2 0 -2 -3
 0  0  5 1  4  7
 0  0 -1 0  0 -1
 0 -1 -1 0 -1 -2
 1 -1  0 0  0  0
2-2;1,1,1;1 1 5
720 
#2 
6	% 
  0 0 0  0  0 1
  0 1 0  0  0 0
 -1 0 0  0  0 0
  0 0 0  0 -1 0
  0 0 0 -1  0 0
  0 0 1  0  0 1
6	% 
  0 -1  0  1 -1 -1
  1  0 -1  0  0  0
 -1  0 -1  0  0 -1
 -1  0  0 -1  1  0
 -1  1  0 -1  0  0
 -1  1  0 -1  1  0
1,1,1;1,1;1 1 7
180 
#1 
6	% 
 -1 -1 0 0  0 -2
  0  0 0 0  2 -1
  0  0 0 0 -3  1
  0  0 0 1  1  0
  0  0 1 1  0  1
 -1  0 0 0  0 -1
1,1,1;1,1;1 1 12
1080 
#2 
6	% 
 -1 -1 -4 0  2 -4
  0  0 -2 0  2 -1
  2  2  9 0 -6  8
  0  0 -2 1  1  0
  1  1  5 0 -3  4
  0 -1 -2 0  1 -2
6	% 
 -2 -2 0 -2  0 -3
 -1 -1 0 -2  2 -2
  3  3 0  4 -3  5
 -1  0 0 -1  0 -2
  2  1 0  2 -1  3
 -1 -1 1 -1  0 -1
1,1,1;1,1;1 1 9
120 
#1 
6	% 
  0 0 0 -2 0 -1
  0 0 1 -1 0  0
  0 0 0  3 1  2
  0 0 0 -1 0 -1
  0 1 0  0 0  2
 -1 1 0  0 0  0
2-1;2-1;1;1 1 19
180 
#1 
6	% 
  0 1  0  1 0  1
 -1 0  0  1 0  0
  0 0  0 -1 1  0
  0 0  0 -2 0 -1
  0 0  0  1 0  1
  0 0 -1  1 0  0
4-2;2-1 1 3
160 
#1 
6	% 
 0 -1 0 0 0  0
 0  0 0 0 1  1
 1  0 0 0 0  1
 0  0 0 1 0  1
 0  0 1 0 0  1
 0  0 0 0 0 -1
2-1,2-1;1;1 1 8
720 
#1 
6	% 
 0 1  1  2 -2  2
 1 0  1  2  1  2
 0 0  1  0  0  0
 0 0  1 -1  1  0
 0 0 -1  0 -1 -1
 0 0 -1  1  0  0
2-1,2-1;2-1 1 4
720 
#1 
6	% 
 -1  1 -2 -2  0 -2
  1  0  1  1 -2  1
  1  0  1  1 -1  2
  1 -2  4  3  1  3
  1 -2  3  4  1  3
  0 -2  2  2  2  1
2-1,2-1;2-1 2 4
720 
#1 
6	% 
 -1  1 -2 -2 -2 -2
 -1 -1 -2 -2  2 -3
  1  0  2  1  0  2
  0  1  0  0 -1  1
  0  1  0  0 -2  0
  1  0  1  2  0  2
2-1,2-1;1;1 2 11
720 
#1 
6	% 
  1  1 -1 -1  1  0
  1 -1 -1 -1 -1 -1
 -1  0  1  2  0  1
  0 -1  0  0 -1  0
  0 -1  0  0 -2 -1
 -1  0  2  1  0  1
2-1',2-1';2-1 1 3
360 
#1 
6	% 
 -1  1  1  1 -2  1
 -1 -1 -2 -2 -1 -3
  1  0  1  0  1  1
  0  1  1  1  0  2
  0  1  1  1 -1  1
  1  0  0  1  1  1
2-1;2-1;2-1 1 6
90 
#1 
6	% 
 0 0  1 -1 0  0
 0 1  1  0 0  1
 1 0 -1  0 0  0
 0 0 -1  0 1  0
 0 0 -1  0 0 -1
 0 0 -2  0 0 -1
4-1;1;1 2 4
15 
#1 
6	% 
 1 0 0 0 0 1
 0 1 0 0 0 1
 0 0 0 0 1 1
 0 0 0 1 0 0
 0 0 1 0 0 0
 0 0 0 0 0 1
2-1,2-1;1;1 2 5
180 
#1 
6	% 
  0 -3 0 0 -7 -5
 -3  0 0 0  0  2
 -1  1 0 0  2  2
  2  0 0 0  0 -1
  1  0 1 0  0  0
  1  0 0 1  0  0
2-1;2-1;1;1 1 10
45 
#1 
6	% 
  1 1 0 0 0  1
 -1 0 0 0 1  0
  1 0 0 1 0  1
 -1 0 0 0 0 -1
 -1 0 1 0 0  0
 -2 0 0 0 0 -1
2-1;2-1;1;1 1 13
90 
#1 
6	% 
 1  0 0 0  0  1
 0  0 0 1  0  1
 0  0 1 0  0  0
 0  0 0 0 -1 -1
 0 -1 0 0  0 -1
 0  0 0 0  0 -1
2-1,2-1;1;1 2 6
90 
#1 
6	% 
  2 -7 0 0 -7 -5
  5  9 0 0  5  5
 -2 13 0 0 12  9
 -6  6 0 0  8  5
 -3  3 0 1  4  3
 -3  3 1 0  4  3
2-1,2-1;2-1 3 2
180 
#1 
6	% 
 -1 -2 0 0 1 -3
  3  1 0 0 3  6
  4 -1 0 0 7  7
  6  0 0 0 8 11
  3  0 0 1 4  6
  3  0 1 0 4  6
2-1,2-1;1;1 3 4
180 
#1 
6	% 
 0  1 0 0 0  1
 1 -1 0 0 1  0
 1 -2 0 0 2  0
 0 -2 0 0 2 -1
 0 -1 0 1 1  0
 0 -1 1 0 1  0
2-1',2-1';2-1 1 2
90 
#1 
6	% 
 0 1  0  0  3  2
 1 0  0  0  0 -1
 0 0  0  0 -1 -1
 0 0  0  0  0  1
 0 0  0 -1  0  0
 0 0 -1  0  0  0
2-1,2-1;2-1 2 2
180 
#1 
6	% 
 0 1 0 0  0  0
 1 0 0 0 -1  0
 0 0 0 0  1  1
 0 0 0 0  0 -1
 0 0 0 1  0  0
 0 0 1 0  0  0
2-1;2-1;2-1 1 4
15 
#1 
6	% 
  1 1 0 0 0  1
 -1 0 0 1 0  0
  1 0 0 0 1  1
 -1 0 1 0 0  0
 -1 0 0 0 0 -1
 -2 0 0 0 0 -1
4-1';2-1 1 2
180 
#1 
6	% 
 -1 -2 0 0  1 -2
  3  1 0 0  1  4
  2  3 0 0 -1  4
  0  2 0 0 -2  1
  0  1 0 1 -1  1
  0  1 1 0 -1  1
4-1';1;1 1 4
180 
#1 
6	% 
 0  1  0 0 -1 0
 1 -1  0 0  1 1
 1  0  0 0  1 2
 2  0  0 0  2 3
 1  0  0 1  1 2
 1  0 -1 0  1 1
2-1,2-1;2-1 2 3
90 
#1 
6	% 
 -4  3 0 0  4  3
  7  1 0 0 -1  0
  8 -5 0 0 -7 -5
  2 -6 0 0 -6 -5
  1 -3 0 1 -3 -2
  1 -3 1 0 -3 -2
4-1;2-1 2 2
15 
#1 
6	% 
 0 1 0 0 0 1
 1 0 0 0 0 1
 0 0 0 0 1 1
 0 0 0 1 0 0
 0 0 1 0 0 0
 0 0 0 0 0 1
4-3';1,1 1 2
576 
#1 
6	% 
 -1 -1 1 -1 1 -1
  0  0 0  0 1  0
 -1  0 0  0 1  0
  1  0 0  1 0  1
  0 -1 0 -1 0 -1
  0  1 0  0 0  1
1,1,1;1;1;1 1 8
180 
#1 
6	% 
  0 0 -1 1  0  0
  0 1  1 0  0  1
  0 0 -1 0  0  0
  0 0  0 0 -1  0
 -1 0 -1 0  0 -1
  0 0  1 0  0  1
1,1;1,1;1,1 1 7
120 
#1 
6	% 
  0 0  0 0 -1  0
  0 0  0 1  1  1
  0 1  0 0 -2 -2
  0 0  0 0  1  1
 -1 0  0 0 -2 -3
  0 0 -1 0  0  0
1,1,1;1;1;1 1 9
120 
#1 
6	% 
  0  0  0 0  1  0
  0  0  0 1  0  0
  0 -1  0 0  0  0
 -1  0  0 0  0  0
  0  0 -1 0 -1 -1
  0  0  0 0  1  1
1,1,1;1;1;1 1 19
120 
#1 
6	% 
  0 0  2 0  0  1
  0 0  1 1  0  1
 -1 0 -1 0  0 -1
  0 1  1 0  0  1
  0 0  1 0 -1  0
  0 0  1 0  0  1
1,1;1,1;1,1 1 6
90 
#1 
6	% 
  0  0 1  3  0  2
  1  0 0 -1  1  1
  0  0 0 -2  0 -1
 -1  0 0  0  0 -1
  0  1 0  0 -1  0
  0 -1 0 -1  1  0
2-2,2-2;1,1 1 3
960 
#1 
6	% 
  1  0  1  1  1  1
  0  1  1  1  2  2
 -1 -1 -2  0 -1 -2
 -1  0 -1  0  1  0
  0  0  1 -1 -1  0
  0 -1 -1  0 -1 -2
1,1;1,1;1,1 1 10
360 
#1 
6	% 
  0 -1  0 -1  1  0
  0  0 -1  0  1 -1
  0  0  1  1 -2  1
 -1  0  0 -1 -1 -2
  0  0  1 -1 -2  0
  0  0 -1  0  2  0
1,1;1,1;1;1 1 25
360 
#1 
6	% 
 0  0  1  1 -1  1
 0  0 -1  0  2  0
 0 -1  0 -1  0 -1
 0  0 -1  1  1  0
 1  0  0  1  0  1
 0  0  1  0 -1  1
1,1;1,1;1;1 1 13
180 
#1 
6	% 
  0  0 1  3  0  2
  0  1 0  1  0  1
 -1 -1 0  1 -1 -1
  1  0 0  1  0  1
  1  1 0 -1  0  0
  0  0 0 -2  0 -1
1,1,1;1;1;1 1 15
360 
#1 
6	% 
 -1 -1  0 -1 -1 -2
  1  0  0  1  0  1
  1  1 -1  1  1  1
  1  1  0  1  0  1
 -1 -1 -1 -1 -1 -2
  0 -1  0 -1  0 -1
1,1;1,1;1;1 1 14
360 
#1 
6	% 
  0  0  1  1 -1  1
  0  1  0 -1  1  0
 -1 -1 -2  1  0 -2
  1  1  1 -1  0  1
 -1 -1 -2  1  1 -1
  0  1  1  0 -1  1
1,1;1,1;1;1 1 36
360 
#1 
6	% 
  2  2 -1  1  2  2
  0  0 -1 -1  0 -1
  0 -1  0 -1 -1 -1
 -1 -1  1  0  0  0
  1  1 -1  0  1  1
 -1  0  0 -1 -1 -1
1,1;1,1;1;1 1 39
360 
#1 
6	% 
 -2 -2 -1 -1 -1 -3
 -1 -1  1 -1 -2 -1
  0  0 -1  0  1  0
  0  1  1  0  0  1
  0  0  1  0  0  1
  1  0  1  0  0  1
2-1;1,1;1;1 1 32
720 
#1 
6	% 
 -1  1  0  0  0  0
 -1 -1  0  0  0 -1
  0  1 -1  0  0  0
  0 -1  0  0  0 -1
  0 -1  0  0 -1 -1
  0 -1  0 -1  0 -1
2-1;1;1;1;1 1 36
180 
#1 
6	% 
  1  0 0 0 -1  0
  1  0 0 1  0  1
  1  0 1 0  0  1
  1  0 0 0  0  1
 -2  0 0 0  0 -1
  1 -1 0 0  0  0
2-2;2-1;1;1 1 12
240 
#1 
6	% 
  1 0  0  0 0  0
 -1 0  0  0 1  0
  1 1  0  0 0  1
  0 0 -1  1 0  0
 -1 0 -1  0 0 -1
  1 0  0 -1 0  0
2-1;1;1;1;1 1 29
90 
#1 
6	% 
  1 0 0 0 0 0
 -1 0 0 1 0 0
  1 0 1 0 0 1
  1 0 0 0 1 1
 -1 1 0 0 0 0
  1 1 0 0 0 1
2-1;1,1;1;1 1 28
360 
#1 
6	% 
  1  0 0  0 0  0
  0  1 0 -1 0  0
  0 -1 1  0 0  0
 -1  0 0  0 1  0
 -1 -1 0  0 0 -1
 -1  1 0  0 0  0
2-1;2-1;1,1 1 7
90 
#1 
6	% 
 1  3 0  0  0  2
 0 -1 0  0  0  0
 0 -1 0  0 -1 -1
 0 -1 1  0  0  0
 0 -1 0 -1  0 -1
 0 -2 0  0  0 -1
4-1;1,1 2 2
15 
#1 
6	% 
 1  3 0 0 0  2
 0 -1 0 0 1  0
 0 -1 0 1 0  0
 0 -1 1 0 0  0
 0 -1 0 0 0  0
 0 -2 0 0 0 -1
2-1,2-1;1,1 2 2
180 
#1 
6	% 
  0 0 1 0  1  1
  0 0 0 1  0  1
  1 1 0 0  0  1
  1 0 0 0  0  0
  0 0 0 0 -1  0
 -1 0 0 0  0 -1
2-1;2-1;1,1 1 5
45 
#1 
6	% 
 1 -3 0 0 0 -1
 0 -1 0 1 0  0
 0  1 0 0 1  1
 0 -1 1 0 0  0
 0  1 0 0 0  0
 0  2 0 0 0  1
2-1,2-1;1;1 3 5
180 
#1 
6	% 
 0  0 -1  0 -2 -2
 0  0  1 -1  3  1
 1  0  1 -1  3  2
 1  0 -1  0 -1 -1
 1 -1  0  0  0  0
 1  1  0  0  0  1
2-1,2-1;1;1 2 8
180 
#1 
6	% 
  0  0  0 -1  0 -1
  0  0 -1  0 -1 -1
  1  0  0  1  0  1
 -1  0 -1  0  0 -1
 -1 -1  0  0  0 -1
 -1  1  0  0  0  0
2-1;2-1;1;1 1 22
45 
#1 
6	% 
  1 0 1 0 0  1
 -1 0 0 0 1  0
 -1 0 0 0 0 -1
 -1 0 0 1 0  0
 -2 0 0 0 0 -1
  1 1 0 0 0  1
4-1';1;1 1 5
180 
#1 
6	% 
  0  0 0  1 0  1
  0  0 1 -1 1  0
 -1  0 0 -1 1 -1
 -1  0 0  0 0  0
 -1 -1 0  0 0 -1
 -1  1 0  0 0  0
2-1,2-1;1;1 2 10
90 
#1 
6	% 
 0  0  1 0 0 0
 0  0 -1 1 1 1
 1  0 -1 1 0 1
 1  0  1 0 0 1
 1  1  0 0 0 1
 1 -1  0 0 0 0
2-1;2-1;1;1 1 23
90 
#1 
6	% 
 -1 0 0 0 1  0
  1 0 1 0 0  1
  1 0 0 1 0  1
 -1 0 0 0 0  0
 -2 0 0 0 0 -1
 -1 1 0 0 0  0
4-1;1;1 2 6
15 
#1 
6	% 
 -1 0 0 0 0  0
 -1 0 0 0 1  0
 -1 0 0 1 0  0
  1 0 1 0 0  1
 -2 0 0 0 0 -1
  1 1 0 0 0  1
2-1,2-1;1,1 2 3
90 
#1 
6	% 
 1 -1  0  0  0  0
 0  0  3  5  3  3
 0  0 -4  9 10  7
 0 -1 -4  1  3  1
 0  0  1 -4 -4 -3
 0  1 -4  1  3  2
2-1,2-1;1,1 3 2
180 
#1 
6	% 
 1  1  0 0  0  1
 0  0 -1 1 -1 -1
 0  0 -1 0 -1 -2
 0  1  0 0  0  0
 0  0  1 0  0  1
 0 -1  0 0  0 -1
4-1';1,1 1 2
180 
#1 
6	% 
  1 -1  0  0  0  0
  0  0  1 -1  1  0
  0  0  0 -1  1 -1
  1  0  0 -1  1  0
  0  0 -1  0 -1 -1
 -1  0  0 -1  1 -1
2-1;1,1;1;1 1 14
90 
#1 
6	% 
 1 -3 0 0 0 -1
 0 -1 0 1 0  0
 0 -1 0 0 1  0
 0  1 0 0 0  0
 0 -1 1 0 0  0
 0  2 0 0 0  1
2-2;2-1;1,1 1 4
240 
#1 
6	% 
  1 0 0 1 0  1
 -2 0 0 0 0 -1
  1 0 1 0 0  1
 -3 0 0 0 0 -1
 -3 1 0 0 0 -1
 -3 0 0 0 1 -1
2-1;1,1;1;1 1 22
180 
#1 
6	% 
  0 0  1 1  0  1
  0 0 -1 0 -1 -1
  0 1  1 0  0  1
  0 0 -1 0  0 -1
 -1 0 -1 0  0 -1
  0 0 -2 0  0 -1
2-1;1,1;1;1 1 27
180 
#1 
6	% 
 1 -3 0 0  0 -1
 0  1 0 1  0  1
 0  2 0 0  0  1
 0  1 0 0 -1  0
 0  1 0 0  0  0
 0 -1 1 0  0  0
3;1,1,1 1 3
120 
#1 
6	% 
  1  1  1 1 1  2
  1 -1  0 0 0  0
  1  0  0 0 1  1
  1  0  0 1 0  1
 -1  0 -1 0 0 -1
 -1  0  0 0 0  0
2-1;1,1;1;1 1 25
720 
#1 
6	% 
 -1  1 -2 -2 -2 -2
  0  1  0 -1 -1  0
  1  1  0  0  0  1
  1  0  1  1  0  1
 -1  0 -1  0 -1 -1
  0 -1  1  1  1  1
4-2';2-1 1 2
960 
#1 
6	% 
 -1 0  0 0 0  0
  0 1  0 1 0  1
  0 1  1 0 0  1
  1 0  0 0 1  1
  0 0 -1 0 0 -1
  0 0  0 1 1  1
2-1,2-1,2-1 3 1
1440 
#2 
6	% 
  1  0  0  0 -1  0
  0  1 -1  0  0  0
 -1  0  0 -1  0 -1
  0 -1  0  0  0 -1
  0  0  0  0  1  0
  0  0  1  1  0  1
6	% 
  1  0  0 -2  0 -1
  0 -1  0 -1  0  0
  0  1  0  2  0  1
  1  0  0 -1  0 -1
  0 -1 -1  0  0 -1
 -1  0  0  0 -1 -1
2-1,2-1,2-1 2 1
240 
#1 
6	% 
  0  0  0  1 -1  0
  0  0 -1  0  0  0
 -1  0  0  0 -1 -1
  0 -1 -1  0  0 -1
  1  1  1 -1  1  1
 -1  1  1  1 -1  0
1,1,1;1;1;1 1 18
20 
#1 
6	% 
 1  0  0  0 0  0
 0  0  0  0 1  0
 0  0  0  0 0  1
 0 -1  0  0 0 -1
 0  0 -1  0 0 -1
 0  0  0 -1 0 -1
1,1;1,1;1,1 1 8
15 
#1 
6	% 
  1  0  0 0 1  1
  0  0  1 1 0  1
  0  1  0 0 0  1
  0 -1  1 0 0  0
  1 -1  0 0 0  0
 -1  0 -1 0 0 -1
2-2;1,1;1,1 1 4
240 
#1 
6	% 
  0  0 1  1  0  1
 -1 -2 0 -1 -2 -2
  1  2 0 -1  2  1
  1  2 0  0  2  2
  1  2 0  0  1  1
  1  1 0  0  2  1
1,1,1;1;1;1 1 16
180 
#1 
6	% 
 -1 -1 0 0 -1 -2
 -3 -2 0 0 -2 -4
  3  1 0 0  2  4
 -2 -1 0 1 -1 -2
 -2 -1 1 0 -1 -2
  0  0 1 1  0  1
1,1;1,1;1;1 1 38
180 
#1 
6	% 
  0 -2  0 0  1  0
  0 -1  0 0  1  1
 -1  0  0 0 -1 -2
  0  1 -1 0 -1 -1
  0 -1 -1 0  1  0
  0  0 -1 1  0  0
1,1;1,1;1,1 1 9
180 
#1 
6	% 
  0  0 1  1 0  1
 -1 -1 0  0 0 -1
 -1  0 0  0 0 -1
 -1 -1 0  0 1 -1
  0  0 0 -1 1  0
  1  1 0  1 0  2
1,1;1,1;1;1 1 35
180 
#1 
6	% 
  2  0  0 0  1  3
 -1 -1  0 1  0 -1
  2  3  0 0 -1  2
 -1 -1 -1 0  0 -2
  1  0  0 0  1  2
  1  2  0 0 -1  1
1,1;1,1;1;1 1 30
90 
#1 
6	% 
 0  2 0  0 1 1
 0 -1 0  1 0 0
 1 -1 0  0 0 1
 0  0 0  1 0 0
 0  0 1 -1 0 0
 0  0 1  1 0 1
1,1;1,1;1;1 1 21
90 
#1 
6	% 
 -1 1  0  0  0 0
  1 0  0  0 -1 0
  0 0  0  0  2 1
  0 0 -1  0  1 0
  0 0  0  0 -1 0
  0 0  0 -1  1 0
1,1;1,1;1;1 1 32
45 
#1 
6	% 
  0 1  0 0  1  1
  1 0  0 0  0  0
  0 0  0 1 -1  0
 -1 0  0 0 -1 -1
 -1 0  0 1  0  0
  0 0 -1 1  0  0
1,1,1;1,1;1 1 6
60 
#1 
6	% 
  2 0 0 0  0  1
  1 0 0 0  1  1
 -2 0 0 0 -1 -2
  1 0 1 0  0  1
  0 0 1 1  0  1
  1 1 0 0  0  1
1,1,1;1;1;1 1 13
60 
#1 
6	% 
  1  0  0 0  0  0
  0  0  0 0 -1 -1
  1  0 -1 0 -1 -1
  0 -1  0 1  0  0
  1 -1  0 0 -1 -1
 -1 -1  0 0  1  0
1,1;1,1;1;1 1 22
45 
#1 
6	% 
  1  0  0 0 0  1
  0 -1  0 0 1  0
  1  0  0 1 0  1
  1  0 -1 0 0  0
 -1  1  0 0 0  0
 -1 -1  0 0 0 -1
1,1,1,1;1;1 1 6
15 
#1 
6	% 
  0 -1  0 0 -1 -1
  1  0  0 0  0  0
  0  1  0 0  0  0
 -1  0  0 1  1  1
  1  0  1 0 -1  0
  0  0 -1 1  0  0
2-1;1;1;1;1 1 20
45 
#1 
6	% 
 0 0  1 1  0  1
 0 0 -1 0 -1 -1
 0 1  1 0  0  1
 0 0 -1 0  0 -1
 1 0 -1 0  0  0
 0 0 -2 0  0 -1
2-1;1;1;1;1 1 40
30 
#1 
6	% 
 0  0 0 1  0 0
 0  0 1 0  0 0
 0 -1 0 0  0 0
 1  0 0 0  0 0
 0  0 0 0 -1 0
 0  0 0 0  0 1
4-2;1;1 1 5
160 
#1 
6	% 
 0 1  0 0 0  0
 0 0  0 0 1  1
 1 0  0 0 0  0
 0 0  0 1 0  1
 0 0 -1 0 0 -1
 0 0  0 0 0 -1
2-1;1;1;1;1 1 24
180 
#1 
6	% 
 0 1 0 0  1  1
 1 0 0 0  1  1
 0 0 0 1 -1  0
 0 0 0 0 -2 -1
 0 0 1 0  1  1
 0 0 0 0  1  0
1,1;1,1;1;1 1 24
360 
#1 
6	% 
  1  0 0  0  0 0
  0  0 1  0 -1 0
  0  0 0 -1  1 0
  0 -1 0  0  1 0
 -1  0 0  0  1 0
  1  1 0  0  0 1
1,1;1,1;1;1 1 28
720 
#1 
6	% 
  0  1  0 1  0  0
  0  0  0 0 -1  0
  0 -1 -1 0  0 -2
 -1  1  0 0  0  0
 -1  0  0 0  0 -1
  1  0  0 0  0  0
1,1,1;1,1;1 1 11
360 
#1 
6	% 
 0  4  0  0 -2  1
 0  2  1  1  0  2
 0 -7 -1 -1  3 -3
 0  2  0  0 -1  1
 0  1  0  1  0 -1
 1  2  0  0 -1  1
2-2;2-2;1;1 1 15
960 
#1 
6	% 
 0 -1 -1 0 0 -1
 0  1  0 0 1  1
 0  1  0 0 0  1
 0  1  0 1 0  1
 1 -1  0 0 0  0
 0  2  0 0 0  1
2-2,2-2;1;1 2 5
320 
#1 
6	% 
 -1  1 0 0  0 0
  0  0 1 0  0 1
  0  0 0 1 -1 0
 -1  0 0 1  0 0
  0 -1 1 0  0 0
  0  0 0 0  1 0
2-1;1,1;1;1 1 31
90 
#1 
6	% 
 0 1 0 0 0 2
 0 0 0 1 0 0
 0 0 1 0 0 0
 0 0 0 0 0 1
 1 0 0 0 0 0
 0 0 0 0 1 0
3;1,1,1 1 2
20 
#1 
6	% 
 1 0 0  0 0 0
 0 1 0  0 0 0
 0 0 2  0 0 1
 0 0 1  0 1 1
 0 0 1 -1 0 0
 0 0 1  0 0 1
2-2;1,1,1;1 1 6
80 
#1 
6	% 
  1  1  0  0  0  1
  0  1  0  1  0  1
  0  0  0  0  1  0
  1  1 -1  1  0  1
  0  0 -1  0 -1 -1
 -1 -1  0 -1  0 -1
2-2;1,1;1,1 1 6
480 
#1 
6	% 
  0  0 -1 0  1 -1
  0  0 -1 0  2  0
  0  0  0 1 -1  0
  0 -1  0 1 -1 -1
  1  1  0 0  1  2
 -1  0  0 0  0 -1
2-1;1;1;1;1 1 42
15 
#1 
6	% 
 0 0 1 0 0 0
 0 0 0 1 0 1
 1 0 0 0 0 0
 0 1 0 0 0 0
 0 0 0 0 1 1
 0 0 0 0 0 1
2-2,2-2;1;1 2 6
960 
#1 
6	% 
 -1 -1 -1 -1  0 -2
  0  1 -1  0  0  0
  0 -1  0 -1  0 -1
  1  0 -1  0  0  0
  1  0  0 -1 -1 -1
  0  1  2  0 -1  1
4-3';1;1 1 4
576 
#1 
6	% 
 -1  0  0  0  1  0
  0  0 -1 -1 -1 -1
  1 -1  0  0 -2  0
  0  1  0  0  0  0
  1 -1  1 -1 -1  0
  0  1  0  1  1  1
2-2;2-2;1;1 1 14
160 
#1 
6	% 
  1 0 0 1 0 1
  1 0 0 0 1 1
  0 0 1 1 0 1
  1 0 1 0 0 1
  0 1 1 1 0 1
 -1 1 0 0 0 0
2-2;2-2;1,1 1 8
160 
#1 
6	% 
  0 0 1  1 -1  0
  0 1 0  1 -1  0
 -1 0 0 -1  1  0
  0 0 0  0 -1 -1
  0 0 0  1  0  0
  0 0 0  1 -1  0
3,3 2 1
240 
#1 
6	% 
  0 -1 -1  0  0 -1
 -1  0 -1  0  0 -1
 -1 -1  0  0  0 -1
  0  0  1  0 -1  0
  0  1  0 -1  0  0
  1  0  0  0  0  0
3;2-2;1 1 5
80 
#1 
6	% 
  0 0 1  0  0  0
  1 0 0  0  0  1
 -1 1 0  0  0  0
  0 0 0 -1  0 -1
  0 0 0 -1 -1 -2
  0 0 0 -1 -1 -1
3;2-2;1 2 6
480 
#1 
6	% 
 0  0 -1  0 -1 -1
 0 -1  0  0  1  0
 0  0 -1  0  0 -1
 0 -1  0  0  0 -1
 0 -1 -1 -1  0 -2
 1  0  0  0  1  1
3,3 7 1
480 
#1 
6	% 
 0 -1  0 -1  0 -1
 1  0  1  0  0  1
 0  0 -1  1  0  0
 0 -1  0  0 -1 -1
 1  0  0  0 -1  0
 1 -1  1 -1 -1  0
2-2;1,1;1;1 1 9
240 
#1 
6	% 
 -1 0 -2 -2 -1 -2
  1 1  0  0  0  1
 -1 0  2  2  1  1
  0 0  3  2  1  2
  0 0  2  3  1  2
  0 0  2  2  1  1
1,1;1;1;1;1 1 47
240 
#1 
6	% 
 -1 -1 -1 1 -1 -1
  0  1  0 0  1  1
 -1  0  0 0  0  0
  0 -1 -1 0  0 -1
 -1  0  0 1  0  0
  1 -1  0 0  0  0
1,1;1;1;1;1 1 23
180 
#1 
6	% 
 -1  0  0 0 -1 -1
  1  1  0 0  1  1
  0  0  0 1  0  0
 -1 -1 -1 0  0 -2
  0  1  1 0  0  1
  0  0 -1 0  1  0
1,1;1;1;1;1 1 19
45 
#1 
6	% 
  0  0 1  3 0  2
  0  0 0  1 1  1
 -1  0 0  1 0  0
  0  0 0  1 0  0
  0 -1 0 -1 0 -1
  0  0 0 -2 0 -1
1,1;1;1;1;1 1 30
360 
#1 
6	% 
  0 0  1  0  1  2
 -1 0 -1  0 -1 -2
  0 0 -1  0 -2 -2
  0 1  0 -1  0  0
  0 0  1 -1  1  1
  0 0 -1 -1 -1 -2
4-3;1,1 1 2
96 
#1 
6	% 
  1  1  1 -1 -1 -1
 -1 -1 -1  1  0  0
  1  1  1  0 -1  0
  1  1  0 -1 -1 -1
  1  0  1 -1 -1 -1
  0 -1 -1  1  1  1
3;1,1;1 1 7
240 
#1 
6	% 
 -1 -1 1 -1 -1 -1
 -1  0 0  0 -1 -1
  0  1 0  1  0  1
 -1  0 1  0  0  0
  0  1 0  0  0  0
 -1  1 0  0  0  0
3;1,1;1 1 9
120 
#1 
6	% 
 -1 0 0  0 0 -1
  0 1 0  0 0  1
  0 0 2  0 0  1
  0 0 1  0 1  1
  0 0 1  0 0  0
  0 0 1 -1 0  0
2-2;1,1;1;1 1 18
480 
#1 
6	% 
 -1  0  0  0  0 -2
  0  1  0  0  0  2
  0  0  0 -1 -1 -1
  0  0  1 -1  0  0
  1  1 -1  1  1  4
 -1 -1  0 -1  0 -4
2-2;1,1;1;1 1 16
480 
#1 
6	% 
 -3 -2 -1  1  1 -2
  2  3  1 -1 -1  2
  1  1  0  0 -1  0
  2  2  0 -1 -1  1
 -2 -2 -1  1  0 -2
  1  1  1  0  0  2
1,1;1;1;1;1 1 51
120 
#1 
6	% 
 -2 -3 0 0 0 -6
  3  2 0 0 0  6
 -1 -1 1 0 0 -2
 -1 -1 0 1 0 -2
 -1 -1 0 0 1 -2
  2  2 0 0 0  5
1,1;1;1;1;1 1 33
180 
#1 
6	% 
  0 1 -1  0  2  2
 -1 0  0  0 -1 -2
  0 0 -1  0  1  0
  0 0 -1 -1  0 -1
  0 0  1 -1  0  0
  0 0 -1  0  0  0
1,1;1;1;1;1 1 42
90 
#1 
6	% 
 0 0 0 0 -1 0
 0 1 0 0 -1 0
 1 0 0 0  1 1
 0 0 1 0 -1 0
 0 0 0 1 -1 0
 0 0 0 0  2 1
3;2-1;1 1 7
120 
#1 
6	% 
 0 1  0 0  0  1
 1 0  0 0  0  0
 0 0 -1 0  0 -1
 0 0  0 0 -1  0
 0 0  0 1  0  0
 0 0  0 0  0 -1
3;3 4 5
480 
#1 
6	% 
  1  0 0 0 1  1
 -1 -1 0 0 0 -1
 -1  0 0 1 0  0
 -1  0 1 0 0  0
  1  0 0 0 0  1
  2  0 0 0 0  1
3;3 4 3
60 
#1 
6	% 
  1  0 0  0  0  1
 -1  0 0  0 -1 -1
 -1 -1 0  0  0 -1
  1  0 0 -1  0  0
  1  0 1  0  0  1
  2  0 0  0  0  1
6-4' 2 1
192 
#1 
6	% 
  0  0 -1 0 1  0
  0  0 -1 1 0  0
  0  0 -1 0 0 -1
  0 -1 -1 0 0 -1
 -1  0 -1 0 0 -1
  0  0  2 0 0  1
5-1;1 3 2
6 
#1 
6	% 
 0 1 0 0 0 0
 0 0 0 0 1 0
 0 0 0 1 0 0
 1 0 0 0 0 0
 0 0 1 0 0 0
 0 0 0 0 0 1
5-2;1 1 3
32 
#1 
6	% 
 1  0  0  0 0  0
 0  0  0  0 1  0
 0  0  0 -1 0 -1
 0  0 -1  0 0 -1
 0 -1  0  0 0 -1
 0  0  0  0 0  1
4-3;1;1 1 6
96 
#1 
6	% 
  0 0 1  0 0  0
  0 1 0  0 0  0
  0 0 0  0 1  0
  0 0 0 -1 0 -1
 -1 0 0  0 0 -1
  0 0 0  0 0  1
1;1;1;1;1;1 1 16
15 
#1 
6	% 
 0 0 0  0 -1 -1
 0 0 0 -1  0  0
 0 1 0  0  0  0
 0 0 1  0  0  1
 1 0 0  0  0  1
 0 0 0  0  0  1
1,1;1;1;1;1 1 49
30 
#1 
6	% 
  0  0  3 1 0  2
  0  0  1 0 0  1
  0  0  1 0 1  1
 -1  0  1 0 0  0
  0 -1 -1 0 0 -1
  0  0 -2 0 0 -1
1,1;1;1;1;1 1 54
240 
#1 
6	% 
 0 0  1 1 0 1
 0 0 -1 1 0 0
 0 1 -1 0 0 0
 1 0 -1 0 0 0
 0 0 -1 0 0 0
 0 0  1 0 1 1
1;1;1;1;1;1 1 22
45 
#1 
6	% 
 0  0 0  1 1  1
 0 -1 0 -1 0 -1
 1  0 0 -1 0  0
 0  0 0 -1 0 -1
 0  0 0  2 0  1
 0  0 1 -1 0  0
1;1;1;1;1;1 1 42
30 
#1 
6	% 
 -1 0  1 0  0  0
  0 0 -1 0 -1 -1
  0 0 -1 1  0  0
  0 1 -1 0  0  0
  0 0 -1 0  0  0
  0 0  2 0  0  1
1;1;1;1;1;1 1 32
30 
#1 
6	% 
 0 0 -1 1  0  0
 0 0  1 0  0  1
 1 0 -1 0  0  0
 0 0 -1 0 -1 -1
 0 1  1 0  0  1
 0 0  2 0  0  1
3;1,1;1 1 11
240 
#1 
6	% 
 -1  1  0  0 0  0
  1  1  0  0 0  1
  0  1 -1  0 0  0
  0  1  0  0 1  1
  0 -1  0 -1 0 -1
  0 -1  0  0 0 -1
3;1;1;1 1 18
120 
#1 
6	% 
 0 -1 0  0  0  0
 1  1 0  0  0  1
 0  1 0  0 -1  0
 0 -1 0 -1  0 -1
 0 -1 1  0  0  0
 0 -2 0  0  0 -1
3;2-1;1 1 8
60 
#1 
6	% 
 -1 0 0 0 0 -1
  1 0 0 0 1  1
 -1 0 1 0 0  0
 -1 0 0 1 0  0
  1 1 0 0 0  1
 -2 0 0 0 0 -1
3;1;1;1 1 12
60 
#1 
6	% 
 0 0 0 1 0 0
 0 0 1 0 0 1
 0 1 0 0 0 1
 1 0 0 0 0 1
 0 0 0 0 1 1
 0 0 0 0 0 1
3;1,1;1 1 13
120 
#1 
6	% 
  0  0  0 0 -1 -1
  0  0  0 1  0  0
  0  0 -1 0  0  0
  0 -1  0 0  0  0
 -1 -1  0 0  0 -1
  0  0  0 0  0  1
1,1;1;1;1;1 1 53
15 
#1 
6	% 
 0 0 0 0  3  2
 1 0 0 0 -1  0
 0 1 0 0  1  1
 0 0 1 0  1  1
 0 0 0 1  1  1
 0 0 0 0 -2 -1
2-2;1;1;1;1 1 21
80 
#1 
6	% 
 -1 1 0 0 -1 -1
 -1 0 1 0 -1 -1
 -1 0 0 1 -1 -1
  1 0 0 0  0  1
  2 0 0 0  2  3
 -1 0 0 0 -1 -2
1;1;1;1;1;1 1 46
1 
#1 
6	% 
 -1 0 0 0 0 0
  1 1 0 0 0 1
 -1 0 1 0 0 0
 -1 0 0 1 0 0
 -1 0 0 0 1 0
  2 0 0 0 0 1
1;1;1;1;1;1 1 37
15 
#1 
6	% 
 0 0 0 1 0 1
 0 0 1 0 0 0
 1 0 0 0 0 0
 0 1 0 0 0 0
 0 0 0 0 1 1
 0 0 0 0 0 1
3;1,1;1 1 8
60 
#1 
6	% 
 0 0 1 -1 0  0
 0 1 0  0 0  0
 0 0 0  0 1  0
 0 0 0  1 0  0
 1 0 0  0 0  1
 0 0 0  0 0 -1
2-2;1,1;1;1 1 19
240 
#1 
6	% 
 0  0 1  1  0  1
 0 -1 0 -1 -1 -1
 1  0 0  0  1  1
 0  1 0  0  1  1
 0  1 0  0  0  0
 0  0 0  0 -1  0
2-2;1;1;1;1 1 16
240 
#1 
6	% 
 0  1 -1 0 1 0
 0  1  0 1 0 1
 1 -1  0 0 0 0
 0  0  0 0 1 0
 0  1  0 0 1 1
 0 -1  0 0 0 0
2-2;1,1;1;1 1 17
240 
#1 
6	% 
  0  0 1 -1  0  0
  1  2 1  0  2  2
  1  2 0  0  1  1
 -1 -2 0  1 -2 -1
  1  1 0  0  2  1
  1  2 0  0  2  2
3;1;1;1 1 9
120 
#1 
6	% 
  0 1 0 0  0  0
 -1 0 0 0  0  0
  0 0 1 0  0  1
  0 0 0 0 -1 -1
  0 0 0 1  0  1
  0 0 0 0  0  1
3;1;1;1 1 21
20 
#1 
6	% 
 0 0  1 1 0  1
 0 0 -1 0 1  0
 0 0 -1 0 0  0
 1 0  1 0 0  1
 0 1  1 0 0  1
 0 0 -2 0 0 -1
3;3 1 2
10 
#1 
6	% 
 0 0 1 0 0  0
 0 1 0 0 0  0
 1 0 0 0 0  1
 0 0 0 1 0  1
 0 0 0 0 1  0
 0 0 0 0 0 -1
