#20

1,1;1;1;1;1 1 24
1 
#1 
6	% 
 1 0 0 0 0 0
 0 1 0 0 0 0
 0 0 1 0 0 0
 0 0 0 1 0 0
 0 0 0 0 1 0
 0 0 0 0 0 1
1,1,1,1,1,1 1 1
1 
#1 
6	% 
 1 0 0 0 0 0
 0 1 0 0 0 0
 0 0 1 0 0 0
 0 0 0 1 0 0
 0 0 0 0 1 0
 0 0 0 0 0 1
1,1,1,1;1,1 1 2
6 
#3 
6	% 
 0  1  0  0 0  0
 0  1  0 -1 0  0
 0  1 -1  1 0  0
 1  0  0  0 0  0
 0 -1  1  1 1  0
 0  1 -1  0 0 -1
6	% 
  1  0  0  0  0  0
  1  0 -1  0  0  0
  0 -1 -1 -1 -1  1
  0  0  0 -2 -1 -1
 -1  1  1  1  1  0
  1 -1 -1  0  0  1
6	% 
  1 0  0  0  0  1
  0 0 -1 -1 -1  2
  1 0 -1  0  0 -1
  0 1  0  1 -1 -1
 -1 0  1  0  1 -1
  1 0 -1 -1  0  2
1,1,1,1,1;1 1 2
2 
#1 
6	% 
  1 -1  1  1 1  1
  0 -1  0  0 0  0
  0 -1  1  0 0 -1
  1  0  1  1 1  0
 -1  1 -1 -1 0  1
  1 -1  1  0 1  0
1,1,1,1,1;1 1 1
2 
#1 
6	% 
  0 0  0  0 -1  0
 -1 0 -1  0 -1 -1
 -1 0  0 -1 -1 -1
  0 0 -1 -1  0 -1
  1 0  1  1  1  1
  0 1  0  0  0  0
1,1,1;1,1,1 1 2
4 
#2 
6	% 
  1 0  0  0 -1  0
  1 0  0  1  1 -1
  0 1 -1  0  0  0
  0 0 -1 -1 -1 -1
 -1 0  1  0  0  1
  1 0  1  1  1  0
6	% 
  0  1  0  0  0  0
  1  1  0  1  1 -1
  0  0  0 -1  0  0
  0  0 -1 -1 -1 -1
 -1 -1  1  0  0  1
  1  1  1  1  1  0
1,1,1,1;1,1 1 1
1 
#1 
6	% 
  0 0  0 -1 -1 -1
 -1 0  0  0 -1 -1
 -1 0  0 -1  0 -1
  1 0  0  1  1  1
  0 0 -1  0  0  0
  0 1  1  0  0  0
1,1,1;1,1;1 1 3
8 
#3 
6	% 
 0 0  2  1  1  1
 0 0  1  0  0  0
 0 0 -2 -2 -1 -1
 1 0  1  1  1  0
 1 0  0  0  0  0
 0 1  0  0  0  0
6	% 
  2 0 0  1  1 -1
  1 0 0  0  0  0
 -2 0 0 -1 -1  2
  1 0 1  1  0 -1
  0 0 1  1 -1 -1
  0 1 0  0  0  0
6	% 
 0 0  2  1  1 -1
 0 0  1  0  0  0
 1 0 -3 -1 -1  1
 0 0  1 -1  0 -1
 0 0  0 -2 -1 -1
 0 1  0  0  0  0
1,1;1,1;1,1 1 8
2 
#1 
6	% 
 1 0  0  0  0  0
 0 1  0  0  0  0
 0 0 -1 -1 -1 -1
 0 0  1  0  1  1
 0 0  1  0  0  1
 0 0  0  1  0 -1
1,1;1,1;1,1 1 2
1 
#1 
6	% 
 -1 0  0 -1 -1  1
  0 0 -1  0  0  0
  0 1  1  0  0  0
  0 0  0 -2 -1 -1
  1 0  0  1  1  0
 -1 0  0  0  0  1
1,1,1;1,1;1 1 6
6 
#2 
6	% 
 0  2  2  1 -1 -1
 0  1  1  0  0  0
 0 -2 -3 -1  1  1
 1  1  1  1  0 -1
 1  0  0  0  0  0
 0  1  1  1  0  0
6	% 
 -2 0 -2 -1 -1  1
 -1 0 -2 -1 -1  1
  2 0  3  1  1 -1
 -1 0 -1  0  0  1
  0 1  0  1  1  1
 -1 0 -1  0 -1  0
1,1,1;1,1;1 1 2
2 
#1 
6	% 
 0 0 0 -1 -1 -1
 1 0 0  0  0  0
 0 0 0  1  1  0
 0 1 0  0  0  0
 0 0 1  0  0  0
 0 0 0  0 -1 -1
1,1,1,1;1;1 1 2
4 
#1 
6	% 
  1 0  1  1  1  1
  1 0  0  1  1  2
  1 0  1  1  1  0
  0 1  0  0  0  0
 -1 0 -1 -2 -1 -1
  1 0  1  1  2  2
1,1,1,1;1;1 1 6
1 
#1 
6	% 
  1  0  0 0 0 0
  0  1  0 0 0 0
  0  0  1 0 0 0
 -1 -1 -1 0 0 1
  1  1  1 0 1 0
  0  0  0 1 0 0
1,1,1,1;1;1 1 1
1 
#1 
6	% 
  0 0 0 -1 -1 -1
 -1 0 0  0 -1 -1
 -1 0 0 -1  0 -1
  1 0 0  1  1  1
  0 1 0  0  0  0
  0 0 1  0  0  0
1,1;1,1;1;1 1 18
4 
#1 
6	% 
 0 0 1  1 1  1
 1 0 0  0 0  0
 0 1 0  0 0  0
 0 0 0 -1 0  1
 0 0 0  0 1  1
 0 0 0  0 0 -1
1,1;1,1;1;1 1 11
1 
#1 
6	% 
  1 0  0 0 0 0
  0 0 -1 0 0 0
  0 1  1 0 0 0
 -1 0  0 0 0 1
  1 0  0 0 1 0
  0 0  0 1 0 0
1,1;1,1;1;1 1 7
1 
#1 
6	% 
 -1 0 0 -1 -1  1
  0 0 0 -2 -1 -1
  0 1 0  0  0  0
  0 0 1  0  0  0
  1 0 0  1  1  0
 -1 0 0  0  0  1
1,1,1;1;1;1 1 11
2 
#1 
6	% 
 1 0 0 0 0 0
 0 0 1 0 0 0
 0 1 0 0 0 0
 0 0 0 0 1 1
 1 0 1 1 1 0
 1 0 1 0 1 0
1,1,1;1;1;1 1 2
2 
#1 
6	% 
  0 0 0  0  0 -1
 -1 0 0 -1 -1 -1
  0 1 0  0  0  0
  0 0 1  0  0  0
  1 0 0  0  1  1
 -1 0 0 -1  0  0
