#63

2-1;1;1;1;1 1 11
1 
#1 
6	% 
 1 0 0 0 0 0
 0 1 0 0 0 0
 0 0 1 0 0 0
 0 0 0 1 0 0
 0 0 0 0 1 0
 0 0 0 0 0 1
1,1,1,1,1,1 1 1
1 
#1 
6	% 
 1 0 0 0 0 0
 0 1 0 0 0 0
 0 0 1 0 0 0
 0 0 0 1 0 0
 0 0 0 0 1 0
 0 0 0 0 0 1
2-1;1,1,1,1 1 2
1 
#1 
6	% 
  0 -1  0 0 -2 -3
  1  0  0 0  0  0
  1  0  0 0 -1 -2
  1 -1 -1 0 -2 -3
  0  0  1 1  0  0
 -1  1 -1 0  1  2
1,1,1,1,1;1 1 2
6 
#3 
6	% 
 -1  1 0  0 -1 -1
  0  1 0  0 -1 -2
 -1  1 0  0  0 -1
  0  2 1  1  0  0
  1 -2 0 -1  1  2
 -1  2 1  0  0 -1
6	% 
  1  0  0  0  0  0
  0  0  1  0  0  0
  1  0  1 -1  0  0
  0 -1  0 -1 -1 -1
 -1  1 -1  1  0  1
  1 -1  1 -1 -1  0
6	% 
  0  0 0  1 -1  0
  1  0 0  1  1  1
  1 -1 0  1  1  1
  1  1 0  1  0  1
 -1  0 1 -2  0 -1
  1  0 1  2  1  2
1,1,1,1,1;1 1 1
2 
#1 
6	% 
 0  0  0  0 -1  0
 0 -1 -1  0 -1 -1
 0 -1  0 -1 -1 -1
 0  0 -1 -1  0 -1
 0  1  1  1  1  1
 1  0  0  0  0  0
1,1,1,1;1,1 1 2
18 
#6 
6	% 
 1 0  0 0  1  1
 0 0  0 0 -1 -2
 0 1  0 0  2  3
 0 0 -1 1 -1 -1
 0 0  1 0  0  0
 0 0  1 0  1  1
6	% 
 0 -1  0  0 1  1
 0 -1 -1 -1 0 -1
 0 -2  0  0 1  1
 1  0  0  0 0  0
 0  2  1  0 0  0
 0 -2  0 -1 1  1
6	% 
 0  0  1  0 0  0
 0  0  1 -1 0  0
 0 -1  1  0 0  0
 1  0  0  0 0  0
 0  1 -1  1 1  0
 0 -1  1 -1 0 -1
6	% 
 -1 -1 1 -1 1 1
  0 -1 0  0 0 0
 -1 -1 0 -2 1 1
  0  0 0  0 1 2
  1  1 0  1 0 0
 -1 -1 0 -1 1 1
6	% 
 -1 -1  0 0 -1 -1
 -1  0  0 1  0  0
  0 -1  0 0  0  0
  0  0 -1 0  0 -1
  1  1  1 0  1  1
 -1 -1  1 0  0  0
6	% 
 0 1 0  0  2 1
 0 0 0  1  1 1
 0 0 0 -1  1 0
 1 0 0  0  0 0
 0 0 1  0 -1 0
 0 0 1  0  2 1
2-1;1,1,1;1 1 7
2 
#1 
6	% 
 1 0 0 0  0 0
 0 1 0 0  0 0
 0 0 1 0  1 0
 0 0 0 1 -1 0
 0 0 0 0 -1 0
 0 0 0 0  0 1
2-1;1,1,1;1 1 2
2 
#1 
6	% 
 0  0  0 0 -1 -2
 0 -1  0 0 -3 -5
 1  0  0 0  0  0
 0 -1 -1 0 -2 -3
 0  0  1 1  0  0
 0  1 -1 0  1  2
1,1,1,1;1,1 1 3
4 
#1 
6	% 
  1  0  0 0 -1 -1
  1  1  0 0 -1 -1
  0  0  0 0  0  1
 -1 -1 -1 0  0 -1
  1  1  0 1  0 -1
  0  0  0 0 -1  0
1,1,1,1;1,1 1 1
1 
#1 
6	% 
 0  0 -1 -1  0 -1
 0  0  0 -1 -1 -1
 0  0 -1  0 -1 -1
 0  0  1  1  1  1
 0 -1  0  0  0  0
 1  1  0  0  0  0
1,1,1;1,1,1 1 2
12 
#5 
6	% 
 -1  1  0 0  0  0
  0  1  0 0  1  1
  0  0 -1 0  0 -1
  0  0  0 1 -1  0
  0 -1  1 0  0  0
  0  1  1 0  1  1
6	% 
  0  0 0  0  2  3
  0 -1 0  0 -2 -3
 -1  0 0  0  0  0
 -1  0 1 -1  1  1
  1  1 0  1  0  0
  1 -1 0  1 -1 -1
6	% 
  0  1 0  0 0 0
  1  1 1  1 0 0
  0  0 0  0 0 1
  0  0 0  0 1 0
 -1 -1 0 -1 0 0
  1  1 1  0 0 0
6	% 
  0  0 -1 0  0 -1
  1  0  0 0  1 -1
  0  0  0 1  1  1
  0 -1  0 0 -1 -1
 -1  1  0 0  0  1
  1  1  0 0  1  0
6	% 
  0  1  0  0  0  0
  1  1  0  2 -1 -1
  0  0 -1  0  1  0
  0  0  1  0  1  1
 -1 -1  0 -1  0  0
  1  1  0  1 -1 -1
2-1;1,1;1,1 1 6
2 
#1 
6	% 
 0 1 0 0  0  0
 1 0 0 0  1 -1
 0 0 1 0  1  0
 0 0 0 1 -1  0
 0 0 0 0 -1  0
 0 0 0 0  0  1
2-1;1,1;1,1 1 2
1 
#1 
6	% 
 0  0  0 0 -1 -2
 0 -1  0 0  0  0
 1  1  0 0  0  0
 0  0 -1 0 -2 -3
 0  0  1 1  0  0
 0  0 -1 0  1  2
1,1,1;1,1,1 1 3
4 
#1 
6	% 
  1  0 -1  1  0 -2
  0 -1  1  1  3  3
 -1  0 -1  0 -2 -2
  0  0  1  0  1  2
  1  0  0 -1 -1 -1
  0  0  0  1  1  0
1,1,1,1;1;1 1 2
12 
#3 
6	% 
 0 1  0  0  0  0
 0 0  0  0 -1  0
 0 0 -1 -1 -1 -2
 1 0  0  0  0  0
 0 0  0  1  0  0
 0 0 -1  0 -1 -1
6	% 
 0  1  0  0  0  0
 0  0 -1 -1 -1 -1
 0  1  0 -1  0  0
 1  0  0  0  0  0
 0 -1  1  1  0  1
 0  1 -1 -1 -1  0
6	% 
 0 1  0 0  2  1
 0 0  0 1  1  1
 0 0  0 0  1  0
 1 0  0 0  0  0
 0 0 -1 0 -2 -1
 0 0 -1 0  1  0
1,1,1;1,1;1 1 7
16 
#2 
6	% 
 0  2  1  1  1  1
 0  2  0  0 -1 -1
 0 -5 -1 -1  1  1
 0  1  0  0 -1  0
 1  0  0  0  0  0
 0  1  1  0  1  1
6	% 
 -2  0 -2  2 -1 -1
  0  0 -1  1  0  0
  1  0  2 -2  0  0
  0 -1 -1  0  0  0
  0 -1 -1 -1  0  0
 -1  0 -1  1 -1  0
1,1,1;1,1;1 1 5
6 
#2 
6	% 
  2 0 0  0 1 1
  1 0 0  0 0 0
 -3 0 0  0 0 1
  1 1 1  0 1 1
  0 1 1  1 0 0
  0 0 1 -1 1 1
6	% 
  2  2  1  1  0  0
  1  1  0  0  0  0
 -2 -3 -1 -1  0  0
  1  1  1  0  1  1
  0  0  0  0 -1 -2
  0  0  1 -1  1  1
1,1,1,1;1;1 1 4
1 
#1 
6	% 
  0  2 0  0  2  3
 -1  0 0  0  0  0
  1 -3 0  0 -1 -1
  0  2 0  0  1  1
  0 -1 1  0  0  0
  0 -1 0 -1  0  0
1,1,1;1,1;1 1 2
6 
#3 
6	% 
 0 0  1  1 1 1
 0 0  1  1 0 1
 0 0 -1 -1 0 0
 1 0  0  0 0 0
 0 1  0  0 0 0
 0 0  1  0 1 1
6	% 
 0 0  2  2  1  1
 0 0  1  1  0  0
 0 0 -2 -3 -1 -1
 1 0  0  0  0  0
 0 1  0  0  0  0
 0 0  1  1  1  0
6	% 
 0 0 0 0 -1 -1
 0 0 0 1  0  0
 0 0 0 0  0  1
 1 0 0 0  0  0
 0 1 0 0  0  0
 0 0 1 0  0  0
1,1,1;1,1;1 1 9
8 
#2 
6	% 
 0  0  0  0 -1  1
 1  1  0  0  0  0
 0 -1  0  0  1 -1
 0  0 -1 -1 -2 -1
 0  0  0  1  0  0
 0  0 -1  1 -1 -1
6	% 
  2  2  1 -1  1  1
  1  1  0  0  0  0
 -2 -3 -1  1 -1 -1
  1  1  1  0  2  2
  0  0  0  0  0 -1
  0  0  0  0  1 -1
1,1,1,1;1;1 1 5
4 
#1 
6	% 
 -1  0 1  1  0  0
 -1 -1 1  1  0  0
 -1 -1 0  0 -1  0
  2  1 0 -1  1  0
 -2 -1 1  0  0  1
  1  1 0  0  0 -1
1,1,1;1,1;1 1 6
36 
#8 
6	% 
  0  2  0  2 -1 -1
  0  1  1  1  0  0
  0 -2 -1 -3  1  1
 -1  1  0  1 -1 -1
 -1  0  0  0 -1 -1
  0  1  0  1 -1  0
6	% 
 -2 0  0 0 -1 -1
 -1 0  0 0 -1 -1
  3 0  0 1  2  2
 -1 0 -1 0 -1 -1
  0 1  0 0  0  0
 -1 0  0 0  0 -1
6	% 
 0  2  0 0  1  1
 0  1  0 0  0  0
 1 -3  0 0 -1 -1
 0  1 -1 0  0  0
 0  0 -1 1 -1 -1
 0  1  0 0  0  1
6	% 
  2  2 0  2 -1 -1
  1  1 0  0  0  0
 -2 -3 0 -2  1  1
  1  1 0  1  0  0
  0  0 1  0  1  1
  1  1 0  1  0 -1
6	% 
  0 0 0 0 -1 -1
  0 1 0 0  0  0
  0 0 0 1  2  2
 -1 0 0 0 -1  0
 -1 0 0 0 -1  1
  0 0 1 0  0  0
6	% 
 -2 0 0  0 -1 -1
 -1 0 0  0 -1 -1
  2 0 0  0  0 -1
 -1 0 0 -1  0  0
  0 1 0  0  0  0
 -1 0 1  0  0  0
6	% 
  2 0 0 0  1 -1
  1 0 0 0  0  0
 -3 1 0 0 -1  1
  1 0 0 0  1  0
  0 0 0 1  1  1
  1 0 1 0  1  0
6	% 
  2  2 0  2 -1 -1
  1  1 0  0  0  0
 -2 -3 0 -2  1  1
  1  1 0  1 -1 -1
  0  0 0  0  1  2
  1  1 1  1  0  0
1,1,1,1;1;1 1 6
6 
#3 
6	% 
 -1 0  0 0 -1 -1
  0 1  0 0  0  0
  0 0  0 1  0  0
  0 0  0 0  1  0
  0 0  1 0  0  0
  0 0 -1 0  0 -1
6	% 
  1  1 -1  1 -1 -1
  1  0  0  0  0  0
  0  1  0  0  0  0
 -1 -1  0 -1  1  1
  1  1  0  1 -1  0
  0  0  0  0  1  0
6	% 
  0 -1 0  0 -2 -3
  1  0 0  0  0  0
  0  1 0  0  0  0
 -1  0 1  0  2  3
  1  0 0 -1 -1 -2
  0  0 1  1  0  0
1,1,1;1,1;1 1 3
24 
#6 
6	% 
 0 0 -2 0 -1 -1
 0 0 -1 0 -1  0
 0 0  3 1  1  1
 0 1 -1 0  0  0
 0 1  0 0  0  0
 1 0  0 0  0  0
6	% 
 0  2  0 0 1  1
 0  1  0 0 0  0
 0 -2  0 1 0  0
 0  1  0 0 1  0
 0  0 -1 0 0 -1
 1  0  0 0 0  0
6	% 
 0  2 0  0 1 1
 0  1 0  0 0 0
 0 -2 0  0 1 2
 0  1 1  0 1 1
 0  0 1 -1 1 1
 1  0 0  0 0 0
6	% 
 0 0 0 0 -1 -1
 0 0 1 0  0  0
 0 0 0 0  0  1
 0 1 0 1 -1 -1
 0 1 0 0  0  0
 1 0 0 0  0  0
6	% 
 0 0  1  1  1  1
 0 0  1  1  0  1
 0 0 -2 -2 -2 -3
 0 1  1  0  1  1
 0 1  0  0  0  0
 1 0  0  0  0  0
6	% 
 0 0  2  0  1  1
 0 1  1  1  0  0
 0 0 -3 -1 -1 -1
 0 0  1  0  2  3
 0 0  0  0  1  2
 1 0  0  0  0  0
1,1,1,1;1;1 1 1
1 
#1 
6	% 
 0 0 -1 -1  0 -1
 0 0 -1  0 -1 -1
 0 0  0 -1 -1 -1
 0 0  1  1  1  1
 1 0  0  0  0  0
 0 1  0  0  0  0
1,1,1;1,1;1 1 8
8 
#1 
6	% 
 0  0  0  0 -1 -1
 0 -2 -1  1 -1 -1
 0  3  1 -1  3  3
 0  0  0  0 -1  0
 0 -1  0  1  0 -1
 1  0  0  0  0  0
1,1,1;1;1;1 1 11
12 
#3 
6	% 
 0  1  0 0  0  0
 0 -1  0 0 -2 -3
 1  0  0 0  0  0
 0  0 -1 1 -1 -1
 0  0 -1 0 -1 -1
 0  0  0 1 -1 -1
6	% 
 0  0  0 1  0  0
 0 -1  0 0 -1 -1
 1  0  0 0  0  0
 0  0 -1 0 -1  0
 0 -1  0 1 -1  0
 0 -1 -1 1 -1 -1
6	% 
 0 1  0 0  0  0
 0 1 -1 1 -1 -1
 1 0  0 0  0  0
 0 0  0 0  0  1
 0 1  0 1  0  0
 0 1  0 1 -1  0
1,1,1;1;1;1 1 3
2 
#1 
6	% 
 0  1 0  0  0  0
 0 -2 0  0 -2 -3
 1  0 0  0  0  0
 0 -1 1  0  0  0
 0  2 0  0  1  1
 0 -1 0 -1  0  0
1,1;1,1;1;1 1 32
12 
#3 
6	% 
 0 1 0 0 0 0
 1 0 0 0 0 0
 0 0 1 0 1 1
 0 0 0 0 1 0
 0 0 1 0 1 0
 0 0 1 1 0 0
6	% 
 1  0  0 0  0  0
 0  1  0 0  0  0
 0  0  0 1 -1  0
 0 -1 -1 1 -1 -1
 0 -1 -1 0 -1  0
 0  0  0 0 -1  0
6	% 
 1 0 0 0 0  0
 0 1 0 0 0  0
 0 0 1 1 0  0
 0 0 0 1 0 -1
 0 0 1 0 1  0
 0 0 1 0 1  1
1,1;1,1;1,1 1 8
12 
#3 
6	% 
  1  0  0 0  0  0
  0  0 -1 1 -1 -1
  0 -1  0 0 -1 -1
  0  1 -1 0  0  0
  1  1  0 0  1  0
 -1  0  1 0  0  1
6	% 
 1 0 0  0  0  0
 0 1 0  0  0  0
 0 0 1  0  1  1
 0 0 0 -1  0  0
 0 0 0  0 -1  0
 0 0 0  1  0 -1
6	% 
 1 0  0  0  0  0
 0 1  0  0  0  0
 0 0  0  0 -1 -2
 0 0 -1  0  1  2
 0 0  0 -1  2  3
 0 0  1  1  0  0
1,1;1,1;1;1 1 22
2 
#1 
6	% 
 0  1  0 0  1  1
 1  0  0 0  0  0
 0  1  0 1  0  0
 0  1 -1 0  0  0
 0 -1  0 0  0 -1
 0 -1  0 0 -1  0
1,1;1,1;1;1 1 11
6 
#3 
6	% 
 0  0  0  0  1  2
 0 -1  0  0  0  0
 1  1  0  0  0  0
 0  0 -1  0  0  0
 0  0  0  1 -1 -1
 0  0 -1 -1  0  0
6	% 
 0  0 -1 1 -1 -1
 0 -1  0 0  0  0
 1  1  0 0  0  0
 0  0  1 0  0  0
 0  0 -1 0  0 -1
 0  0  0 0 -1  0
6	% 
 0  0 1  0  0  1
 0 -1 0  0  0  0
 1  1 0  0  0  0
 0  0 0  0  0 -1
 0  0 0 -1  0  1
 0  0 0  1 -1 -1
1,1;1,1;1,1 1 2
3 
#2 
6	% 
 0  0 -1 1 -1 -1
 0 -1  0 0  0  0
 1  1  0 0  0  0
 0  0  0 0  1  2
 0  0  1 0  1  1
 0  0 -1 0  0  0
6	% 
 0  0 1  0  1  1
 0 -1 0  0  0  0
 1  1 0  0  0  0
 0  0 0 -1  1  0
 0  0 0  1 -1 -1
 0  0 0  1  0  0
1,1;1,1;1;1 1 5
1 
#1 
6	% 
 0 0 0  0 0 1
 1 0 0  0 0 0
 0 1 0  0 0 0
 0 0 0  0 1 1
 0 0 1  0 0 0
 0 0 0 -1 0 0
1,1,1;1;1;1 1 18
4 
#2 
6	% 
 1 0  0 0  0  0
 0 1  0 0  0  0
 0 0  0 0  1 -1
 0 0  0 0  0  1
 0 0  0 1 -1  0
 0 0 -1 0 -1  0
6	% 
  1  0 0  0  0  0
  0  1 0  0  0  0
 -2 -2 0 -2  1  1
  1  1 0  1 -1 -1
  1  1 1  1  0  0
  1  1 0  1 -1  0
1,1,1;1;1;1 1 13
2 
#1 
6	% 
 1 0  0 0  0 0
 0 1  0 0  0 0
 0 0 -1 0 -1 0
 0 0  0 1  0 0
 0 0  0 0  0 1
 0 0  0 0  1 0
2-1;1,1;1;1 1 13
4 
#1 
6	% 
 0  1 0 0 0  0
 1  0 0 0 0  0
 0  0 1 0 0  1
 0  0 0 1 0 -1
 0  1 0 0 1  0
 0 -1 0 0 0 -1
2-1;1,1;1;1 1 16
1 
#1 
6	% 
 0 -1 0 0 0 0
 1  1 0 0 0 0
 0  0 1 0 0 0
 0  0 0 1 0 0
 0  0 0 0 1 0
 0  0 0 0 0 1
2-1;1,1;1;1 1 2
1 
#1 
6	% 
 0 0  0 0 -1 -2
 1 0  0 0  0  0
 0 1  0 0  0  0
 0 0 -1 0 -2 -3
 0 0  1 1  0  0
 0 0 -1 0  1  2
1,1,1;1;1;1 1 7
8 
#1 
6	% 
 0  1 0  0 -1 -1
 1  0 0  0  0  0
 0 -1 0 -1  0  0
 0  0 0  0  0  1
 0  1 1  0  1  1
 0  0 0  0 -1  0
1,1;1,1;1,1 1 4
8 
#1 
6	% 
  0 -1 -1 -1  0  0
 -1  0  0  0 -1 -1
  1  0  0  0  1  0
  0  1  0  1 -1  0
  0 -1 -1  0 -1  0
 -1  0  0  0  0 -1
1,1;1,1;1;1 1 12
8 
#1 
6	% 
  1 0  0 0 0  0
  0 1  0 0 0  0
  1 0  0 1 0  0
  0 0 -1 0 0 -1
  1 0  0 0 1  0
 -1 0  0 0 0 -1
1,1;1,1;1,1 1 5
2 
#1 
6	% 
 0 -1  0  0  0  0
 1  1  0  0  0  0
 0  0 -1  0 -1 -2
 0  0  1  0  1  1
 0  0  0 -1 -1  0
 0  0  0  1  0  0
1,1;1,1;1;1 1 9
4 
#1 
6	% 
 0 -1  0  0  0  0
 1  1  0  0  0  0
 0  0  0  1  0  0
 0  0 -1 -1 -1 -2
 0  0 -1  0 -1 -1
 0  0  1  1  2  1
1,1,1;1;1;1 1 12
2 
#1 
6	% 
 1 -1  0  0 0  0
 0 -1 -1 -1 0  0
 0  1  0  1 0 -1
 0 -1 -1  0 0  0
 0  0  0  0 0  1
 0  0  0  0 1  0
1,1,1;1;1;1 1 2
6 
#3 
6	% 
 0 0 -1 -1 -1 -2
 0 0  0  0 -1  0
 1 0  0  0  0  0
 0 1  0  0  0  0
 0 0  0  1  0  0
 0 0 -1  0 -1 -1
6	% 
 0 0 1 -1  0  0
 0 0 0 -1 -1 -1
 1 0 0  0  0  0
 0 1 0  0  0  0
 0 0 0  1  0  1
 0 0 0 -1 -1  0
6	% 
 0 0 -1  0 1 0
 0 0  1  0 1 1
 1 0  0  0 0 0
 0 1  0  0 0 0
 0 0  0 -1 0 0
 0 0  0 -1 1 1
1,1;1,1;1;1 1 16
16 
#2 
6	% 
 0 1 0  0 1 -1
 1 0 0  0 0  0
 0 0 0 -1 0  0
 0 0 1  1 1  2
 0 0 1  0 1  1
 0 0 1  1 2  1
6	% 
 0 -1 -1  1 -1 -1
 1  0  0  0  0  0
 0  0  0  0  0  1
 0  1  0 -1 -1 -1
 0  0  0  0 -1  0
 0 -1 -1  0 -2 -2
1,1;1,1;1;1 1 3
4 
#1 
6	% 
 0 1  2  2  0  0
 0 0  0  0  2  3
 1 0  0  0  0  0
 0 0 -1 -1  0  0
 0 0  0  1 -2 -3
 0 0  1  0 -1 -2
1,1;1,1;1,1 1 3
2 
#1 
6	% 
  0 0  0 0  5  8
  0 1  0 0  0  0
 -1 0 -1 1 -1 -1
  0 0  0 0 -3 -5
 -1 0  0 1  1  2
  1 0  1 0  2  3
1,1;1,1;1;1 1 18
24 
#4 
6	% 
 0 1  0 0  1  1
 0 0 -1 1 -1 -1
 1 0  0 0  0  0
 0 0 -1 0  0 -1
 0 0  0 0  1  0
 0 0  1 0  0  0
6	% 
 0 0 -1  0 -1 -1
 0 1  0  0  0  0
 1 0  0  0  0  0
 0 0  0 -1  0  1
 0 0 -1  0 -1  0
 0 0  1  1  0  0
6	% 
 0 1  0  0  1  1
 0 0  1  0  0  1
 1 0  0  0  0  0
 0 0  1 -1  1  1
 0 0  0 -1  1  1
 0 0 -1  0 -1 -1
6	% 
 0 0  0  0 -1 -2
 1 0  0  0  0  0
 0 1  0  0  0  0
 0 0 -1 -1  0  0
 0 0 -1  0 -2 -3
 0 0  0  1  1  2
1,1;1,1;1;1 1 15
2 
#1 
6	% 
 -1  0 -1  1 -1 -1
  0 -1 -1 -1  0  0
  1  1  1  0  0  0
  1 -1  0 -1  1  1
  0  0  0  0  1  0
  0  0  0  0  0  1
1,1;1,1;1;1 1 23
2 
#1 
6	% 
 1 0  0  0  0 0
 0 1  0  0  0 0
 0 0  0  0  0 1
 0 0 -1  0  0 0
 0 0  0  0 -1 0
 0 0  0 -1  0 0
1,1;1,1;1;1 1 7
3 
#2 
6	% 
 0 0 1  0  1  1
 0 0 0 -1  1  0
 1 0 0  0  0  0
 0 1 0  0  0  0
 0 0 0  1 -1 -1
 0 0 0  1  0  0
6	% 
 0 0 -1 1 -1 -1
 0 0  0 0  1  2
 1 0  0 0  0  0
 0 1  0 0  0  0
 0 0  1 0  1  1
 0 0 -1 0  0  0
1,1;1;1;1;1 1 11
4 
#1 
6	% 
 1 0  0  0  0  0
 0 1  0  0  0  0
 0 0  0 -1  0  0
 0 0  1  1  1  2
 0 0 -1 -1 -2 -1
 0 0  1  0  1  1
1,1;1;1;1;1 1 14
4 
#1 
6	% 
 0 1 0 0  0  0
 1 0 0 0  0  0
 0 0 0 1 -1 -1
 0 0 1 0  1  0
 0 0 0 0  1  0
 0 0 0 0  0  1
1,1;1;1;1;1 1 17
4 
#1 
6	% 
 0 1  0 0 0  0
 1 0  0 0 0  0
 0 0  0 1 0 -1
 0 0 -1 0 0  0
 0 0  0 0 1  0
 0 0  0 0 0 -1
1,1;1;1;1;1 1 4
1 
#1 
6	% 
 0 0 0  0 0 1
 1 0 0  0 0 0
 0 1 0  0 0 0
 0 0 0  0 1 1
 0 0 1  0 0 0
 0 0 0 -1 0 0
1,1;1;1;1;1 1 27
1 
#1 
6	% 
 1 0  0 0 0  0
 0 1  0 0 0  0
 0 0  0 1 0 -1
 0 0 -1 0 0  0
 0 0  0 0 0  1
 0 0  0 0 1  0
1,1;1;1;1;1 1 24
6 
#3 
6	% 
 0 0 -1 1 -1 -1
 1 0  0 0  0  0
 0 1  0 0  0  0
 0 0  0 0  0 -1
 0 0  1 0  0  1
 0 0 -1 0 -1 -1
6	% 
 0 0  0 1 1  1
 1 0  0 0 0  0
 0 1  0 0 0  0
 0 0 -1 0 0 -1
 0 0  1 0 0  0
 0 0  0 0 1  0
6	% 
 0 0  0  0  1  2
 1 0  0  0  0  0
 0 1  0  0  0  0
 0 0 -1 -1  0  0
 0 0  0  1  0  0
 0 0 -1  0 -1 -1
1,1;1;1;1;1 1 44
8 
#2 
6	% 
 0 1 0 -2  1  1
 1 0 0  0  0  0
 0 0 0  2 -1 -1
 0 0 0 -1  1  1
 0 0 1 -1  1  1
 0 0 0  1 -1  0
6	% 
  3 0 0 0  1  1
  0 1 0 0  0  0
 -2 0 0 0 -1 -1
  1 0 1 0  1  1
  1 0 0 1  0  0
 -1 0 0 0 -1  0
1,1;1;1;1;1 1 45
1 
#1 
6	% 
 0 -1  0 0  0  0
 1  1  0 0  0  0
 0  0 -2 0 -1 -1
 0  0  1 0  1  1
 0  0  1 1  0  0
 0  0  1 0  1  0
1;1;1;1;1;1 1 29
1 
#1 
6	% 
 1 0  0 0  0  0
 0 1  0 0  0  0
 0 0 -2 0 -1 -1
 0 0  1 0  1  1
 0 0  1 1  0  0
 0 0 -1 0 -1  0
1;1;1;1;1;1 1 10
1 
#1 
6	% 
 1 0 0 0  0  0
 0 1 0 0  0  0
 0 0 0 1  0 -1
 0 0 1 0  0  0
 0 0 0 0 -1  0
 0 0 0 0  0  1
