#93

6-1 6 1
1 
#1 
6	% 
 1 0 0 0 0 0
 0 1 0 0 0 0
 0 0 1 0 0 0
 0 0 0 1 0 0
 0 0 0 0 1 0
 0 0 0 0 0 1
1,1,1,1,1,1 1 1
1 
#1 
6	% 
 1 0 0 0 0 0
 0 1 0 0 0 0
 0 0 1 0 0 0
 0 0 0 1 0 0
 0 0 0 0 1 0
 0 0 0 0 0 1
1,1,1,1;1,1 1 3
195 
#2 
6	% 
  0 -1 -1  0 -1  0
  0  1  0  1  1  0
  0  2  1  1  1  0
  0 -1  1 -1  0 -1
 -1  0 -2  0 -1  0
  1 -1  0  0 -1  0
6	% 
  1  0  0  1 1  0
 -1 -1  0  0 0 -1
  0  0 -1  1 0  0
  0  1  1 -2 0  0
  0  0  0 -1 0 -1
  0  0  1  0 0  0
2-1;1,1;1,1 1 11
180 
#1 
6	% 
  0 0 -1  1  0  0
 -1 0 -1  0 -1  0
 -1 0  0 -1  0  0
  1 1  1  1  1  0
  1 0  0  0  0  0
  0 0  0  1  0 -1
2-1',2-1';1;1 1 5
90 
#1 
6	% 
  1  0 -1  0  0  1
 -1  0  0  0  0  0
 -1 -1 -1 -1 -1  0
 -1 -1  0  0 -1 -1
 -1  0  0  0 -1 -1
 -1 -1  0  0  0 -1
2-1;1,1,1;1 1 8
420 
#2 
6	% 
  1 0  0  1 1  0
  1 0 -1  1 0  0
  0 1  1  0 0  0
 -1 0  0 -1 0  0
  0 0  0  1 0 -1
  1 0  0  0 0  0
6	% 
 -1 -1  0  0 -1 -1
 -3 -2  0 -1 -3 -2
  1  1  0  0  2  1
  2  1  0  0  1  1
 -2 -2 -1 -1 -2 -1
 -2 -1  0  0 -2 -2
2-1',2-1';1,1 1 3
90 
#1 
6	% 
  1  1  1  0  2  2
 -1  0  0 -1 -1 -1
  0 -2 -1  1 -2 -1
  1 -1 -1  1  0  2
  0  0  0  0  0 -1
  1  0  1  0  2  2
2-1;1,1;1,1 1 9
360 
#1 
6	% 
  0 -1 1 0  0 -1
  4  0 0 1  1  0
 -1  1 0 0  0  0
  1  1 0 1  0  0
 -1 -1 0 0 -1 -1
  0 -1 0 0  0 -1
1,1,1,1,1;1 1 2
30 
#1 
6	% 
 1  0  0  0  0 0
 2  0  0 -1  1 1
 0 -1 -1  0  0 0
 0  0  1  0  1 0
 0  0  0  0 -1 0
 1  0  0  0  1 1
1,1,1;1,1,1 1 3
60 
#1 
6	% 
 0  1  0  0 1  1
 0  0  0 -1 0  0
 1  1  1  1 1  0
 0 -1  0 -1 0  0
 0  0  0  1 0 -1
 0  0 -1 -1 0  1
1,1,1;1,1,1 1 4
90 
#1 
6	% 
 -1 -1  1  0  0 -2
  0 -1  1  0  0 -2
  1  2 -1  0  0  4
  0  0  2  1  1 -1
  0 -1 -4 -1 -2  0
  0  0  2  0  1  0
2-2;1,1,1,1 1 2
80 
#1 
6	% 
  1  1 0  0  1  1
  0  0 0  0 -1  0
  1  0 0  1  0  0
 -1  0 1  0  1 -1
  1  1 0  1 -1  0
 -1 -1 0 -1  0 -1
2-2',2-2';1,1 1 3
320 
#1 
6	% 
  1 -2 -1  0 -1 -2
  1 -1  0 -2  3  3
 -1 -4 -2 -3 -3  0
  0  0  0  1 -1 -2
  0 -2 -1 -2  0  1
  0  2  1  1  2  1
1,1,1;1;1;1 1 19
140 
#2 
6	% 
  2  1  0  3  3  0
  1  1  0  2  2  0
 -2 -2 -1 -3 -3  0
  1  1  0  2  3  0
  1  1  0  3  2 -1
  1  1  0  3  3  0
6	% 
  0 -1 0  0 -1 -1
 -1  0 1 -1  0  0
  1  1 0  1  1  1
  0 -1 0 -1 -1  0
 -1 -1 0  0 -1 -1
  0  0 1  0 -1 -1
1,1;1,1;1,1 1 11
105 
#2 
6	% 
  1  1  1  1  2  2
 -1  0 -1  0 -1 -1
  0  0 -1 -1 -1  0
  0 -1  0 -1 -1  0
 -2 -2 -1 -2 -4 -4
  1  2  2  2  4  3
6	% 
 -1 -1 -1 -1 -4 -4
  2  0  1 -1  2  3
 -1  0  0 -1  0  2
 -1  0  0  1  0 -1
  1  1  1  2  5  4
  0 -1 -1 -1 -4 -4
2-2;1,1;1,1 1 6
240 
#1 
6	% 
  1  0  0  0  0  1
  0  1  1  1  1  0
  0  2  2  1  2  1
 -1  2  2  1  2 -1
  1 -2 -1 -2 -2  1
 -2  0 -1  0 -1 -2
1,1,1;1;1;1 1 15
180 
#1 
6	% 
 -1 1 0 0 -1 0
  1 0 0 1  1 0
  1 0 0 0  1 1
  2 0 1 1  1 0
 -1 0 0 0  0 0
 -1 1 0 0  0 0
1,1,1;1,1;1 1 12
540 
#2 
6	% 
 -1  0  1 -2 -1  0
 -1 -1  1 -1 -1 -1
  3  1 -3  3  2  2
  0  0  1  0  1  1
  1  0 -2  1 -1 -1
  0  0  1 -1  0  0
6	% 
  1  0   6 -2  1  0
  2  1   7 -2  2  1
 -4 -1 -21  7 -4 -1
  1  1   4 -1  1  0
 -2 -1 -11  4 -2  0
  1  0   3 -1  0  0
1,1;1,1;1;1 1 31
225 
#2 
6	% 
  1  2  0  3  2  0
 -1 -3  0 -2 -2 -1
  0  1 -1  1  2  1
 -1 -1 -1 -1  0  0
  1  2  0  1  2  1
  0  0  0 -1  1  1
6	% 
  0  0 -1  0  0  0
  1  1  0  1  1  1
  0 -1 -1  0 -1  0
  0  0  0  1  0  0
 -1 -1  0 -1 -2 -1
 -1 -1  0 -1 -1  0
1,1;1,1;1;1 1 29
90 
#1 
6	% 
 -2 -1  2  1  0 -3
  2  2  0  1  2  1
  2  2  0  1  3  2
  0  0  0  0 -1  0
  1  0 -2 -1 -1  2
 -2 -1  1  0  0 -2
1,1;1,1;1;1 1 39
180 
#1 
6	% 
  1  0 -3  2  0 1
  3  2  0  1  3 2
 -1 -1 -1  0 -1 0
  1  1  2  0  1 0
  1  1  1  0  2 1
  0  0  1 -1  1 0
1,1,1,1;1;1 1 5
195 
#2 
6	% 
 -1  0 1 0  0 -1
  1  0 0 1  1  0
  0 -1 0 0 -1 -1
  1  1 0 0  0  1
  0  0 1 1  0 -1
  0  1 0 0  0  0
6	% 
  1  0 0  1  1  0
 -2 -1 0  0  1 -1
  0  0 0  0  1  0
  1  1 0  0 -2  0
 -1  0 1  1  2 -1
  0  0 0 -1 -1  0
2-1;1;1;1;1 1 37
90 
#1 
6	% 
  0  1  0  0 0  0
 -1 -1 -1  0 0  0
  0  1  0  0 1  1
  1  0  0 -1 0  1
  1  0  0  0 1  1
 -1 -1  0  0 0 -1
2-1;1,1;1;1 1 32
360 
#1 
6	% 
  1  1  0  0  1  1
  0 -1  0  1  0 -1
  1  1  0 -1  1  2
 -1 -1  0  1  0 -1
 -1 -2 -1  0 -1 -1
  0 -1  0  1 -1 -1
2-1,2-1;2-1 3 4
180 
#1 
6	% 
  1  0  0  1 -1 -1
 -1 -1  0  1 -1 -2
 -1  0  0  0  0 -1
 -1 -1  0  1  0 -1
 -1 -1 -1 -1  0  1
  1  2  1  0  1  1
2-2;2-1;1;1 1 13
240 
#1 
6	% 
  1  0  1  0  0  0
  0  1  1  0  0  0
 -1 -1 -1  0  0  0
  0  1  1 -1 -1  0
  0  0  1 -1  0  0
  0 -1  0  1  0 -1
2-1;2-1;1;1 1 25
90 
#1 
6	% 
 1 -1  1 1 0 -1
 0  1  0 0 1  1
 0  1 -1 0 0  1
 0  1  0 0 0  0
 1 -1  0 0 0  0
 1  0  1 0 0  0
2-1;2-1;1;1 1 27
45 
#1 
6	% 
 -1  0  0  0 -1 -1
  0  1  1  1  0 -1
  0  0  1  1  0 -1
  0  1  0  1  0  0
 -1  0  0  1  0 -1
  1 -1 -1 -1  0  1
2-1,2-1;1;1 2 9
180 
#1 
6	% 
 -2  0  0 -2 -1  0
  0  0 -1  0  0  0
  0  1 -1  0  0  1
  0  1  0  0 -1  0
  0 -2  1 -1  0 -1
  1  1  1  1  0  0
4-1;1;1 2 5
15 
#1 
6	% 
 -1 -1 -1  0  0  0
 -1  0  0  0 -1 -1
  0  0  1  0  0 -1
  0  1  0  0  0  0
  0 -1 -1 -1  0  1
 -1  0  0  0  0  0
2-1,2-1;1;1 2 7
90 
#1 
6	% 
  0  1 -1 -2 -1  2
  0 -1  0  0  0  0
 -1 -1  0  0  0 -1
 -1 -1  0  0 -1 -1
  0 -1  0  0 -1 -1
 -1 -1 -1 -1 -1  0
4-1';2-1 1 3
180 
#1 
6	% 
  1  2  1  2  2  0
  0  0 -1 -2 -1  2
  0  0  0  0  1  1
  0  1 -1 -2  0  2
 -1 -2  0  0 -2 -2
 -1 -2  0  1  0 -2
2-1;1,1;1;1 1 35
270 
#2 
6	% 
  1  0 -1  0  0  1
 -1  0  1 -2 -1  0
 -1 -1  0 -1 -1  0
  2  1  0  3  2  0
 -1  0  1  0 -1 -1
 -1  0  0 -1 -1  0
6	% 
 -2 -3 -1  0 -2 -2
  0  0  0  0  1  0
  2  1  0 -1  1  2
  0  1  0  0 -1  0
  2  2  1  0  1  1
 -1 -2  0  1 -1 -2
3;1,1,1 1 3
140 
#2 
6	% 
  1  0  0  1 1 0
  1  0 -1  1 0 0
  1  0  0  0 0 0
  0 -1 -1  0 0 0
  0  0  0 -1 0 1
 -1  0  0 -1 0 0
6	% 
  0  1 -1  0  0  1
  2  1  0  1  2  1
  2  1  0  1  1  1
  1  1  0  1  2  1
 -1 -1  0 -1 -1  0
 -1  0  1  0 -1 -1
2-1;1,1;1;1 1 33
360 
#1 
6	% 
 -3  1  1 -3 -1  1
  3 -1 -1  2  1  0
 -2  1  1 -3 -1  1
  3  0  0  3  1 -1
  5 -1 -2  5  2 -1
  2 -1 -1  2  1 -1
2-1;1,1;1;1 1 25
360 
#1 
6	% 
 0 0 1 0  1  0
 0 0 0 1  1  0
 1 0 0 1  1  0
 0 0 0 1  0 -1
 0 1 1 0  0  0
 0 0 0 0 -1  0
1,1,1;1;1;1 1 17
60 
#1 
6	% 
 -1  0  0  0 1  0
  1 -1 -1  1 0 -1
  0  0  0 -1 0  1
 -1  1  0 -1 0  1
  0 -1  0  0 0 -1
  0  1  1  0 0  0
1,1,1;1;1;1 1 9
60 
#1 
6	% 
  0  0  1  0  1 0
 -1  0 -1 -1  0 1
  0  0  0  0  1 0
  0  0  0  1  1 0
  0 -1  0 -1 -1 0
  1  0  0  1  1 0
4-3';1,1 1 2
576 
#1 
6	% 
  0  1  0  0 1  1
  1  1  2 -1 0  1
  0  2  2  2 0 -1
  1 -1  1 -2 0  1
 -1 -1 -3 -1 0  1
  0  1  1  3 0 -2
1,1;1,1;1,1 1 10
120 
#1 
6	% 
 0 -2  1  0 -1 -2
 0 -1 -1 -1  0  0
 0  1  0  1  0  0
 1 -1  2  0  0 -1
 0  0  1  1  0 -1
 0  0  0 -2  0  1
2-2;1,1,1;1 1 5
480 
#1 
6	% 
 -1  0 -1  0  0 0
 -1 -1 -1 -1 -1 0
  1  0  0  0  1 1
  2  1  1  1  1 1
  2  0  1  1  1 0
  2  1  1  0  1 1
2-2,2-2;1,1 1 3
960 
#1 
6	% 
  1  0 -1  0 -1  1
  2  1  0  1  1  1
 -1 -1  0  0  1  0
 -1  0  0  0  1  0
 -1  0  1  0  0 -1
 -1 -1  0 -1  0  0
1,1,1;1,1;1 1 11
180 
#1 
6	% 
 -2  1  1 -2 0  1
 -2  0  0 -1 0  0
  5 -1 -1  4 1 -1
 -1  1  1  1 0  0
 -1  0  0 -1 0  0
 -1  0  1 -1 0  0
1,1;1,1;1;1 1 28
360 
#1 
6	% 
  0 -1 -1  2 1 -1
 -1  0 -1  0 1  0
  1 -1 -1  1 0 -1
 -1  1  0  1 1  0
  0  1  1  0 0  0
  0  0  0 -1 0  1
1,1;1,1;1;1 1 36
360 
#1 
6	% 
 1 -1 -1  3  3 -1
 0 -1  0  0 -1 -1
 0  0  0 -1 -1  0
 0  1  1  0  0  0
 0  0  0  1  0 -1
 0  0  0  0 -1  0
1,1,1;1,1;1 1 10
180 
#1 
6	% 
  0  1 -1  0  0  1
  1  1  1  0  1  1
 -2 -3 -2  0 -3 -3
  0  1  0  1  0  0
  1  0  0 -1  1  1
  1  0  0  1  1  0
2-1;2-1;1,1 1 10
135 
#2 
6	% 
  2  1  2  2  2  0
 -1  0 -1 -1 -1  0
  0 -1 -1 -1 -1  0
  0 -1  0  0  0 -1
  1  1  1  1  0  0
  1  0  1  2  1 -1
6	% 
 -1 -1 -1  0 -1  0
  1  0  1  1  1 -1
  0  0  0 -1  0  0
 -1  1  0 -1 -1  0
 -1 -1 -1  0  0  0
 -1  0  0  0  0  0
2-1,2-1;1,1 2 4
270 
#2 
6	% 
 0  1  1 0 1 0
 0  0 -1 0 0 1
 1  2 -1 1 1 2
 0  0  0 1 0 0
 0 -1  0 0 0 0
 0  1 -2 1 0 1
6	% 
 -1  0  0  1 -2 -3
  2  0 -1  1  1  2
  0  2  0  0  4  1
 -3  1  1  0  0 -4
  0 -1  0 -1 -1  1
  0  1 -1  3 -1 -3
4-1;1,1 2 3
15 
#1 
6	% 
  2 -1  2  3  2 -2
 -1  0 -1  0 -1  0
  0  0 -1 -1 -1  1
 -1  0 -1 -1  0  1
  2 -1  2  2  2 -2
  0 -1  0  1  0 -1
4-1';1;1 1 6
180 
#1 
6	% 
  0  1  0 -1  2  2
 -1  0  0  0 -2 -2
  1 -1 -1  1 -1  0
 -1  0  1  0  0 -2
  1  0  0  1  1  0
  0 -1  1  0  0 -1
2-1,2-1;1;1 3 7
180 
#1 
6	% 
 1 0  1  0  1 1
 0 1  1 -1  1 1
 1 0  0  0  1 1
 0 0 -1  0 -1 0
 1 0  0  1  1 0
 0 1 -1  0  0 1
2-1;1;1;1;1 1 34
180 
#1 
6	% 
  0 -1 -1  0  1  1
  0  0  1  0 -1 -1
  0  0 -1  0  0  1
  0  1  1  0  0  0
  0  0  0 -1 -1  0
 -1 -1 -1  0  0  0
4-2;1;1 1 5
160 
#1 
6	% 
  1  0  0 0  0  0
  0  1  0 0  0  1
  0  0  1 0  0 -1
 -1  0 -1 0 -1  0
  1  0  1 1  0 -1
  1 -1  1 0  0 -1
2-2;2-2;1;1 1 15
960 
#1 
6	% 
 -1 -1 -1 -1 -1  0
  0  0  0  1  1  0
  0  0  0  0  1  0
  0  1  0  1  1  0
  0 -1  0  0 -1 -1
  1  1  0  1  2  1
2-2,2-2;1;1 2 5
320 
#1 
6	% 
  0  0  2 1 -2 -1
 -3  1 -2 0  2  1
 -3  1 -1 1 -1  0
 -1  0  0 1 -1  0
 -1  0 -2 0  2  1
  3 -1  1 0  0  0
2-2;2-2;1,1 1 8
160 
#1 
6	% 
  1 1 1 1  2 0
  1 0 0 0  2 1
 -1 0 0 0 -1 0
  1 0 1 0  2 0
  1 0 0 1  2 0
  1 1 0 0  2 1
3;2-2;1 3 4
240 
#1 
6	% 
  1  1  1  2  0 -1
  1  0  0  1  0  0
  0  0 -1 -1  0  1
 -1  0 -1 -1  0  1
 -2 -1 -1 -2 -1  0
 -1  0  0  1  0 -1
3;2-2;1 1 6
80 
#1 
6	% 
  1 1 0 0  0  1
 -1 0 0 0  0  0
  0 0 1 0  0 -1
  1 0 1 1  1 -1
 -1 0 0 0 -1 -1
  1 1 0 0  1  1
3;2-2;1 2 6
240 
#1 
6	% 
 -1 0  0 0 -1 -1
  1 1  0 1  1  1
 -1 0  0 0  0  0
  0 0 -1 0  0  1
  0 0  0 1  0  0
  0 0  0 1  1  0
3,3 3 1
240 
#1 
6	% 
 -1  0  0  0  1  0
 -1 -1 -1 -1  0  0
 -1  0  0  0  0 -1
  0  0  0 -1 -1  0
  0  0  1  1  0 -1
  0  0 -1  0  0  1
3,3 8 1
480 
#1 
6	% 
  0  0  1  1  1 -1
  0 -1 -1 -1 -1  0
  0  0  1  0  0 -1
 -1  0 -1 -1 -1  1
  0  0  0  1  0 -1
  0  0  1  1  0 -1
1,1;1;1;1;1 1 57
45 
#2 
6	% 
  0 -1 -1 -1 -1  0
 -1  0  0  1  1 -1
  0  0  0 -1  0  0
  1  1  1  1  1  1
 -1 -1 -1 -1  0  0
  0 -1  0  0  0 -1
6	% 
  1  1  1  0  1  2
 -1 -1  0 -1 -1 -1
  0  0 -1 -1 -1  1
  0  0  0  2  1 -1
  0 -1  0 -1 -1  0
 -1  0  0 -1 -1  0
2-2;1;1;1;1 1 22
80 
#1 
6	% 
 -1 0 -1 -1  0 1
  0 1  0  0  1 1
  0 0  0 -1 -1 0
  0 0  0 -1  0 1
  1 0  0  0 -1 0
 -1 0  0  0  0 0
1,1;1;1;1;1 1 54
120 
#1 
6	% 
 -1 -2 0 -3 -3  0
  0  2 1  3  3 -1
  1  2 1  2  2  0
  0  1 0  2  2  0
  0  1 0  2  1 -1
  0 -1 0 -1 -2  0
1,1;1;1;1;1 1 34
45 
#1 
6	% 
 -3  0  2 -3 -3 -1
  2  0 -1  1  2  1
  2  1  0  2  1  0
 -2 -1  0 -2 -2 -1
  0  1  1  0  0  0
 -1  0  1 -2 -2  0
1;1;1;1;1;1 1 23
15 
#1 
6	% 
  0  0 -1 -1  0 1
  0  0  0 -1 -1 0
  0  0  0  1  0 0
 -1  0  0  0  0 0
  0  0 -1 -1 -1 0
  0 -1 -1 -1 -1 0
1;1;1;1;1;1 1 45
15 
#1 
6	% 
 -1 -1 -1 -1 -1  0
 -1  0  0  0 -1 -1
  1  0  0  1  1  0
 -1 -1  0  0 -1 -1
  1  1  1  1  2  0
  0 -1  0 -1 -1  0
3;1,1;1 1 15
180 
#2 
6	% 
  0 1 -1 0  0  1
 -1 0 -1 0 -1  0
  0 0 -1 1  0  0
 -1 0 -2 0 -3 -2
 -1 0 -1 0 -2 -2
 -1 1 -1 1  0  0
6	% 
  0  0 -1 1  0  0
 -1  0 -1 0 -1  0
 -1  0  0 1  0 -1
 -2 -1 -2 0 -3 -3
 -1  0 -1 0 -1 -1
 -1  1 -1 1  0  0
2-2;1,1;1;1 1 16
240 
#1 
6	% 
  0  1  0  0  1  1
  0 -1  0  0  0  0
  0 -2  0  0 -2 -1
  0 -5  0 -1 -3 -2
 -1  5  0  0  2  2
  0 -3 -1  0 -1 -1
1,1;1;1;1;1 1 32
180 
#1 
6	% 
  0 -1  0  0 -1 -1
  0  0  0 -1 -1  0
 -1 -1 -1 -1 -1  0
  1  0  0  1  0  0
  0  1  1  0  0  0
 -1  0 -1  0  0  0
1;1;1;1;1;1 1 40
30 
#1 
6	% 
  1  0 0  0  1  1
  1  0 0  1  0  0
 -1  1 1 -1  0  0
 -1  0 0 -1 -1  0
  1 -1 0  0  0  0
  0 -1 0  1  0 -1
2-1;2-1;1;1 1 29
45 
#1 
6	% 
  0  0 0 -1 0  1
  1  0 0  0 1  1
  0  1 1  1 0 -1
  0 -1 0  1 0 -1
  1  0 0 -1 0  1
 -1  0 0 -1 0  0
3;1;1;1 1 20
60 
#1 
6	% 
  0  0 -1 0 0  1
  1 -1 -1 0 0  1
  0  1  1 1 0 -1
  0 -1 -1 0 0  1
  0  1  1 0 1  0
 -1  0  0 0 0 -1
2-1;2-1;2-1 1 8
15 
#1 
6	% 
  0 -1  0 -1  0  0
  0 -1  0 -1 -1  0
  0  0  0 -1 -1  0
 -1 -1 -1 -1 -1  0
  0 -1 -1 -1 -1  0
  0  1  1  2  1 -1
3;1,1;1 1 11
120 
#1 
6	% 
  1  1 0  0  1  1
  0  1 0 -1  0  1
  1  1 0 -1  1  2
  1  2 1  0  1  1
  0 -1 0  1 -1 -1
 -1 -1 0  1  0 -1
4-1;2-1 2 3
15 
#1 
6	% 
  1 1  1  0  1  1
 -1 0  0 -1  0  0
 -1 0 -1  0  0  0
 -1 0  0  0 -1 -1
  1 0  1  1  1  0
  0 0  0 -1  0  1
3;2-1;1 1 9
60 
#1 
6	% 
  0  0  0  1  0 -1
 -1 -1 -1 -1 -1  0
 -1  0 -1 -1  0  1
 -1 -1  0 -1  0  0
  0  0  1 -1  0  0
  1  0  1  0  1  0
3;3 5 2
60 
#1 
6	% 
  1  0  1  0  1 0
  1  1  1  0  0 0
  1  0  0  0  1 1
 -1 -1 -1 -1 -1 0
  0  1  1  0  0 0
 -1  0 -1  0  0 0
4-3;1,1 1 2
96 
#1 
6	% 
 -1 0  1 -1  0  0
  0 0 -1  1  0  0
  0 0  1  0  0  0
 -1 0  1  0  0 -1
 -1 0  0 -1 -1  0
  1 1  0  1  0  0
3;1,1;1 1 10
120 
#1 
6	% 
  1 0  0  1 1  0
  0 0 -1  0 0  1
 -1 0  0 -1 0  0
  0 1  1  0 0  0
 -1 0  0  0 0  0
  0 0  0  1 0 -1
3;1,1;1 1 7
120 
#1 
6	% 
 0 0 1 0 1  0
 0 0 0 1 1  0
 0 0 0 1 0 -1
 1 1 1 1 1  0
 1 0 0 1 0  0
 1 0 0 1 1  0
5-1;1 3 3
6 
#1 
6	% 
  0 0 -1 0 0 1
  1 0  1 0 0 0
 -1 0  0 0 0 0
  1 1  1 0 0 0
  1 0  1 0 1 0
 -1 0 -1 1 0 0
5-2;1 1 3
16 
#1 
6	% 
  0  0  1  0  0  0
  0  0  1  1  0 -1
  1  0  1  0  0  0
  0  0  0  0 -1  0
  0 -1  0  0  0  0
 -1  0 -1 -1  0  0
6-4' 3 1
192 
#1 
6	% 
  0 -1  0 -1 0  0
  0  1  0  0 1  1
  0  0  1  1 0 -1
  0  0  0 -1 0  1
  0  1  1  0 0  0
 -1  0 -1  0 0  0
5-2;1 3 2
16 
#1 
6	% 
  1  0 0  0  1 1
  0 -1 0 -1 -1 0
  0 -1 0  0  0 0
 -1  1 0  0  0 0
  1  0 1  0  0 0
  0  0 0  0  1 0
1,1;1;1;1;1 1 55
120 
#1 
6	% 
  1 -1 -1 1 -1 -1
  1 -1  0 1  0 -1
 -1  0  0 0  0  0
  0  0  0 1  0 -1
  0  1  1 0  0  0
  1  0  0 1  0  0
1,1;1;1;1;1 1 47
120 
#1 
6	% 
  0 0 1  0  1 0
  0 0 0  0 -1 0
 -1 0 0  0  0 0
  1 1 1  1  1 0
  0 0 0 -1  0 1
  1 0 0  1  1 0
4-1;1;1 2 7
15 
#1 
6	% 
  0  0 -1 -1  0  1
 -1 -1 -1 -1 -1  0
  1  0  1  1  0 -1
  1  1  1  1  0  0
 -1  0 -1  0  0  0
  1  1  2  1  0 -1
3;1;1;1 1 16
120 
#1 
6	% 
 -1  0  0  0 -1 -1
  0  0 -1 -1  1  2
  0 -1 -1 -1  0  1
  1  0  0 -1  1  2
  0  0  0  0  1  1
  0  0  0  1 -1 -1
2-1;1;1;1;1 1 45
15 
#1 
6	% 
  0  1  0  0  0  0
 -1 -1 -1 -1 -1  0
 -1 -1  0  0 -1 -1
 -1 -1  0 -1  0  0
  1  0  1  1  0 -1
  0  1  0 -1  0  1
3;3 1 3
10 
#1 
6	% 
  1  1  1 1  1  0
 -1 -1 -1 0 -1 -1
  0  0  1 0  1  0
  0 -1  0 0 -1 -1
  0  0  0 0  1  1
  1  0  0 0  0  0
1;1;1;1;1;1 1 47
1 
#1 
6	% 
 1  1  0  0  0 1
 0 -1 -1 -1 -1 0
 0  0 -1 -1 -1 1
 0  0  0  1  1 0
 0  1  0  0  1 1
 0  0  1  0  1 0
3;1;1;1 1 23
20 
#1 
6	% 
  0  0 0  0 -1 0
  0  0 1 -1  0 0
  0  0 0 -1  0 1
  0 -1 0 -1  0 0
 -1  0 0 -1 -1 0
  0  0 0 -1 -1 0
