#29

2-2;1;1;1;1 1 14
1 
#1 
6	% 
 1 0 0 0 0 0
 0 1 0 0 0 0
 0 0 1 0 0 0
 0 0 0 1 0 0
 0 0 0 0 1 0
 0 0 0 0 0 1
1,1,1,1,1,1 1 1
1 
#1 
6	% 
 1 0 0 0 0 0
 0 1 0 0 0 0
 0 0 1 0 0 0
 0 0 0 1 0 0
 0 0 0 0 1 0
 0 0 0 0 0 1
1,1,1,1;1,1 1 3
14 
#4 
6	% 
  1 0  0  0 0  0
  2 1  1 -1 0 -1
  0 0  0  0 1  1
 -1 0 -1  0 0  0
  1 0  0 -1 0 -1
  0 0  0  0 0 -1
6	% 
  0  0  2 0  1  0
  1 -1  2 1  1  1
  1  0 -1 0 -1  0
 -1  0 -2 0 -1 -1
  0 -1  1 1  0  0
  0  1  1 0  1  0
6	% 
  1 -1 -1 -1 -1 -1
  1 -1 -2 -3 -1 -2
  1  1  0 -1  0 -1
 -1  0  1  2  1  2
  0 -1 -2 -1 -1 -1
  1  1  1  0  0  0
6	% 
  1 0  0 0 1 0
  2 1  1 1 0 1
  0 0  0 0 0 1
 -1 0 -1 0 0 0
  1 0  0 1 0 1
  0 0  0 0 1 1
1,1,1,1,1;1 1 2
6 
#3 
6	% 
  0  0  0  1  0 -1
  0  0  1  0  0 -1
  1 -1  1  1  1  0
  0  0  0  0  1 -1
 -1  0 -1 -1 -1  1
  0 -1  1  1  1 -1
6	% 
  1 0 -1 0 -1  0
  1 0  0 0  0  0
  1 0 -1 0  0  0
  2 1  2 1  1  1
 -2 0 -1 0 -1 -1
  2 0  0 1  0  0
6	% 
  1 -1 0 -1  0  0
  1  0 0 -1 -1  0
  1 -1 0  0 -1  0
  2  0 1  0  0  1
 -2  1 0  0  1 -1
  2 -1 1 -1 -1  0
1,1,1;1,1,1 1 4
6 
#1 
6	% 
  0 -1  0 -1  0 -2
  0 -1  0  0  0  1
  0  1  0  1  0  1
  1  0  1  0 -1 -1
 -1  0 -1  0  0  0
  1  0  0  0  1  1
1,1,1;1,1,1 1 2
4 
#2 
6	% 
  0  1 0  0 0  0
  1  1 1 -1 0 -1
  0  0 0 -1 0  0
  0  0 0  1 1  0
 -1 -1 0  0 0  1
  1  1 1 -1 0  0
6	% 
 -1  1  0  0  0  0
  0 -1 -1  1 -1 -1
  0  0 -2 -1 -1 -1
  0  0  0  0 -1  0
  0  0  1  0  1  1
  0  0  0  1  0  0
1,1,1,1;1,1 1 1
1 
#1 
6	% 
 0  0 -1 -1  0 -1
 0  0  0 -1 -1 -1
 0  0 -1  0 -1 -1
 0  0  1  1  1  1
 0 -1  0  0  0  0
 1  1  0  0  0  0
2-2;1,1,1,1 1 2
1 
#1 
6	% 
  1  0  1  2 -2  1
  1  0  0  0  0  0
  1  1  1  2 -2  1
 -1 -1 -2 -3  4 -1
  1  1  2  4 -3  2
 -1 -1 -1 -4  4 -2
2-2;1,1,1;1 1 6
1 
#1 
6	% 
  1  0  0 0  0 0
  0  1  0 0  0 0
  0  0  0 0  1 0
  1  1  1 0  1 1
  0  0  1 0  0 0
 -1 -1 -1 1 -1 0
1,1;1,1;1,1 1 5
3 
#1 
6	% 
 0 -1  0 0  0  0
 1  1  0 0  0  0
 0  0  0 1  1  3
 0  0  0 0 -1 -1
 0  0 -1 0  1  2
 0  0  0 0  0 -1
1,1,1;1,1;1 1 9
14 
#4 
6	% 
 0  0 -1  1 -1 -1
 1  1  0  0  0  0
 0 -1  1 -1  1  1
 0  0  0  1 -1  0
 0  0 -1  0  1  0
 0  0 -1  1  0  1
6	% 
  2  2  1 -1  0 -1
  1  1  0  0  0  0
 -2 -3 -1  1  0  1
  1  1  0 -1 -2 -1
  0  0  1  0  2  1
  0  0  1 -1  1  1
6	% 
  0  0  2  1 -1 -1
  0  0  1  0  0  0
  0  0 -3 -1  1  0
  0  0  1  1  0  0
  0 -1  0  0  0  0
 -1 -1  0  0  0  0
6	% 
  0  0  1  1  1  1
  0  0  1  1  0  1
  0  0 -3 -2 -2 -2
 -1  1  0  1  0  0
  0 -1  0  0  0  0
 -1 -1  0  0  0  0
1,1,1;1,1;1 1 12
24 
#4 
6	% 
  1 -1  0  0  0  0
  2 -2  1 -1  0 -1
 -4  4 -2  2  1  4
  1 -1  1  0 -1  0
 -2  2 -1  1  1  2
  1  0  0  0  0  0
6	% 
 1 -1  0  0  0 0
 0  0 -1  0  1 0
 0  0  1  1 -1 1
 0  0 -1 -1  0 1
 0  0  1  1  0 0
 1  0  0  0  0 0
6	% 
 0  0 -3 -1  1 -1
 0  0 -2 -1  1 -1
 1 -1  8  3 -3  3
 1  1 -1  0  1  0
 0 -1  4  1 -2  1
 0  0 -2  0  0 -1
6	% 
  0  0  1  1  6  1
 -1  1  0  0  2  0
  1 -1 -1 -1 -7 -1
  0  1  0  0  1  0
  0 -1 -1  0 -4 -1
  0  0  1  0  3  0
1,1;1,1;1,1 1 10
6 
#1 
6	% 
 -2  1  1 -1  0 -1
  1  1  1  0  2  1
  1 -1 -1  0 -2  0
 -1  2  1 -1  0 -1
 -1  1  0 -1 -2 -1
 -1 -1  0  1  1  0
1,1,1,1;1;1 1 3
1 
#1 
6	% 
 0 0 -1 -1  0 -1
 0 0  0 -1 -1 -1
 0 0 -1  0 -1 -1
 0 0  1  1  1  1
 0 1  0  0  0  0
 1 0  0  0  0  0
2-2;1,1,1;1 1 5
3 
#2 
6	% 
 -1  1 -1 -1  1 -1
 -1  0  0 -1  1  0
  0 -1  0  1 -1  0
  1 -1  0  1 -2  0
  1 -1  0  2 -1  1
  1 -1  1  1 -1  0
6	% 
  1  0  0  0 0  0
  2  1  1  0 0  1
 -2 -1  0 -1 1  0
 -3 -1 -1 -1 0 -1
 -3 -1 -1  0 1  0
 -3 -1  0 -1 1 -1
1,1,1,1;1;1 1 5
11 
#3 
6	% 
 -1  1 -1  0  0 -1
 -1  1 -1 -1  0 -2
 -1  1 -1 -1  0 -1
  1 -2  1  1  0  2
 -2  1 -1 -1  0 -2
  1 -1  0  1 -1  1
6	% 
 0  0  0  0  1 0
 1 -1  2  1  2 1
 0  1  0  0  1 0
 0  0 -1 -1 -2 0
 0  0  2  0  3 1
 1  0  0  0 -1 0
6	% 
 -1  0  0  1  0  1
 -1 -1  0  1  0  1
  0  0  1  1  0  2
  1  0 -1 -2  0 -2
 -1  0  0  2 -1  2
  0  0  0 -2  1 -1
1,1,1;1,1;1 1 2
4 
#2 
6	% 
 0 0 -1  1 -1  1
 0 0  0  1  0  1
 0 0 -1 -2  0 -2
 1 0  0  0  0  0
 0 1  0  0  0  0
 0 0 -1  1 -1  0
6	% 
 0 0  1  1  0  1
 0 0  0  0 -1  0
 0 0 -1 -2  1 -1
 1 0  0  0  0  0
 0 1  0  0  0  0
 0 0  1  0  0  0
1,1;1,1;1;1 1 34
3 
#1 
6	% 
 0 0 0 1  0  2
 0 0 0 0  0 -1
 0 1 0 0  0  0
 0 0 0 0  1  1
 0 0 1 0 -1 -1
 1 0 0 0  0  0
1,1;1,1;1;1 1 25
12 
#2 
6	% 
 -1  1 -3  0 -4 -3
  1 -2  2 -2  2  2
  0  0  0  1  1  1
  1 -1  0 -3 -1  0
  0  0 -1  0 -1  0
 -2  1 -2  2 -2 -2
6	% 
  0  0 -1  0 -1  0
  0 -1  1 -1  0 -1
  0  0  1  0  1  1
  0  0  0 -1 -1 -1
  0  0  0 -1  0  0
 -1  0 -1  1  0  1
2-2;1,1;1,1 1 6
2 
#1 
6	% 
  1  1  1  0  0  1
 -1 -1  0 -1  1  0
 -1  0 -1  0  0  0
 -1 -1 -1 -1  0 -1
  1  1  0  1 -1  1
  0 -1  0  0  1  0
2-2;1,1;1,1 1 3
1 
#1 
6	% 
 0  0  1  2 -2  1
 0 -1  0  0  0  0
 1  1  0  0  0  0
 0  0  0 -1  0 -1
 0  0  0  0 -1  0
 0  0 -1  0  0  0
1,1;1,1;1;1 1 9
3 
#1 
6	% 
 0 -1  0  0  0 0
 1  1  0  0  0 0
 0  0  1  0  0 1
 0  0 -1  0  1 0
 0  0  0 -1  1 0
 0  0  0  1 -1 1
1,1,1;1;1;1 1 10
4 
#2 
6	% 
 0  0 -2 -1 -1 -1
 0  0  0  0 -1  0
 0  0  1  0  1  1
 0 -1  0  0  0  0
 1  0  0  0  0  0
 0  0  0 -1  0  0
6	% 
 0  0 -1 -1 -1 -1
 0  0  0 -1  1  0
 0  0  0  1  0  1
 0 -1  0  0  0  0
 1  0  0  0  0  0
 0  0 -1  0  0  0
1,1,1;1;1;1 1 15
6 
#1 
6	% 
 -1  1  0 -1  1 -2
  1 -1  0  1 -2  1
  1  0  0  1 -1  1
  1 -1 -1  2 -2  1
  0  1  0 -1  1 -1
 -1  1  0 -2  1 -2
2-2;1,1;1;1 1 12
1 
#1 
6	% 
 1 0 0  0 0 0
 0 1 0  0 0 0
 0 0 0  1 0 0
 0 0 0  0 1 0
 0 0 0  1 0 1
 0 0 1 -1 0 0
2-2;1,1;1;1 1 18
2 
#1 
6	% 
  0  1  0  0  0 0
  1  0  0  0  0 0
  0  0  0  1  0 1
  0  0  0  0 -1 0
  1 -1  0 -1  1 0
 -1  1 -1  1 -1 0
1,1;1;1;1;1 1 28
3 
#1 
6	% 
 0 0  0 1 -1  0
 0 0 -1 0  1  0
 0 1  0 0  0  0
 0 0 -1 0  0 -1
 1 0  0 0  0  0
 0 0  0 1 -1  1
2-2;1,1;1;1 1 8
1 
#1 
6	% 
 0 0  1  2 -2  1
 0 1  0  0  0  0
 1 0  0  0  0  0
 0 0  0 -1  0 -1
 0 0  0  0  1  0
 0 0 -1  0  0  0
2-2;1,1;1;1 1 16
2 
#1 
6	% 
  1 -1  1  0  0  1
 -1  1  0 -1  1  0
 -1  0  0 -1  0 -1
 -1  1 -1 -1  0 -1
  1 -1  1  0 -1  0
  0  1  0  0  1  0
