#28

4-3;1;1 1 4
1 
#1 
6	% 
 1 0 0 0 0 0
 0 1 0 0 0 0
 0 0 1 0 0 0
 0 0 0 1 0 0
 0 0 0 0 1 0
 0 0 0 0 0 1
1,1,1,1,1,1 1 1
1 
#1 
6	% 
 1 0 0 0 0 0
 0 1 0 0 0 0
 0 0 1 0 0 0
 0 0 0 1 0 0
 0 0 0 0 1 0
 0 0 0 0 0 1
1,1,1,1,1;1 1 1
1 
#1 
6	% 
 0  0  0  0 -1  0
 0 -1 -1  0 -1 -1
 0 -1  0 -1 -1 -1
 0  0 -1 -1  0 -1
 0  1  1  1  1  1
 1  0  0  0  0  0
1,1,1,1;1,1 1 3
15 
#1 
6	% 
  1 0  0  0  0 0
  2 0  1  2 -1 0
  0 1  0  2  0 0
 -1 0 -1 -1  0 0
  1 0  0  2 -1 0
  0 0  0 -1  0 1
1,1,1,1,1;1 1 2
10 
#1 
6	% 
 0 0 1 -1  0  0
 1 0 0  0  0  0
 0 0 0 -1 -1 -1
 0 1 0  0  1  0
 0 0 0  1  0  0
 0 0 0 -1  0 -1
2-1;1,1;1,1 1 9
15 
#1 
6	% 
  0  0  1 0 -1  0
 -3 -1 -2 1 -2 -1
  1  0  0 0  1  1
 -1  0 -1 1  0  0
  1  1  1 0  0  0
 -1  0  0 0 -1  0
1,1,1;1,1,1 1 3
15 
#1 
6	% 
  1  1  0  1  0  1
  0  1  2  2 -2 -1
  0 -1 -2 -1  1  1
 -1  0  1  1 -1 -1
  0 -1 -1 -2  2  1
  1  1  1  2 -1  0
1,1,1,1;1,1 1 2
10 
#1 
6	% 
  0 1  1 -1  1  0
  0 0  1 -1  0  0
  0 0  0 -1  1  0
  1 0  0  0  0  0
 -1 0 -1  1 -1 -1
 -1 0  1 -1  1  0
2-1;1,1,1;1 1 8
15 
#1 
6	% 
 1 0  0 0  0  0
 0 0 -1 0  1  0
 0 0  0 0 -1 -1
 0 1  1 0  0  0
 0 0 -1 1  0  0
 0 0  0 0  1  0
2-2;1,1,1,1 1 2
10 
#1 
6	% 
  1 0 -1 0  1  0
  1 0  0 0  0  0
  1 1  0 0  1  0
 -2 0  0 0 -1 -1
  2 0 -1 1  0  0
 -2 0  0 0 -1  0
2-2;1,1,1;1 1 3
10 
#1 
6	% 
 0  0  0 0  1  0
 0 -1 -1 1 -1  1
 1  0  0 0  0  0
 0  0  0 0  0 -1
 0 -1  0 1 -1  1
 0  1  1 0  1  0
4-3';1;1 1 3
6 
#1 
6	% 
 1 0  0  0 0 0
 0 0  1  0 1 1
 0 0 -1  0 0 0
 0 0  0 -1 0 0
 0 0  0 -1 1 0
 0 1  1 -1 1 0
1,1,1;1,1;1 1 8
15 
#1 
6	% 
 0 -1 -2  1  1  1
 0  0 -1  1  0  0
 0  1  3 -3 -1 -1
 0 -1 -2  0  0 -1
 0  1  1  1  1  2
 1  0  0  0  0  0
1,1,1,1;1;1 1 2
10 
#1 
6	% 
 0  0  0  0 -1  1
 0  0  0  1 -1 -1
 0 -1 -1 -1 -1 -1
 1  0  0  0  0  0
 0  0  1  0  1  1
 0 -1  0  0 -1  0
1,1,1;1;1;1 1 19
5 
#1 
6	% 
  1  1  1 -1 -1 -1
  1  0  0  0  0  0
 -1 -1 -1  1  0  1
  1  1  1 -1  0  0
  1  1  0  0 -1 -1
  1  0  0 -1 -1 -1
4-3';1,1 1 2
6 
#1 
6	% 
 1  0  0 0  0  0
 0 -1 -1 1 -1  0
 0 -1  0 0  0  1
 0  0 -1 0 -1 -1
 0  1  0 0  1  0
 0  0  1 0  0  1
2-2;1,1,1;1 1 5
10 
#1 
6	% 
  1 0  0 0  0  0
  1 0  0 0 -1  0
 -1 0 -1 1  0  0
 -1 0 -1 2  1  0
 -1 0 -2 1  1 -1
 -1 1 -1 1  2  0
1,1,1;1;1;1 1 7
15 
#1 
6	% 
 0 0 0  1 0 0
 1 0 0  0 0 0
 0 0 1  0 0 0
 0 0 0 -1 1 1
 0 0 0 -1 1 0
 0 1 1  1 0 0
1,1;1,1;1;1 1 36
15 
#1 
6	% 
 1  1  0  1  0 -1
 0  1  1 -1 -1 -1
 0  0  0 -1 -1 -1
 0 -1 -1  1  0  1
 0  1  0  0 -1 -1
 0  1  1 -1  0  0
1,1,1,1;1;1 1 5
15 
#1 
6	% 
 1  0  0  0  0 0
 0 -1  0 -2  0 1
 0  0 -1  0  0 0
 0  1  1  1  0 0
 0  0  0 -1  1 1
 0  0  0  1 -1 0
1,1,1;1,1;1 1 7
30 
#1 
6	% 
 0 -2  0  0  0  1
 0  0 -1  1 -2 -1
 0  1  2 -2  3  1
 1  0  0  1 -1  0
 1  0  0  0  0  0
 0 -1  0  0  0  1
2-1;1,1;1;1 1 24
15 
#1 
6	% 
 0 0  1 0 -1  0
 1 0  0 0  0  0
 0 0  0 0 -1 -1
 0 0  0 0  1  0
 0 1  1 0  0  0
 0 0 -1 1  0  0
2-2;1,1;1,1 1 4
10 
#1 
6	% 
  1  1  1  0  1  1
 -1  0  0  4 -1 -1
 -1 -1 -1 -4  0  0
  0 -1  0 -6  1  1
  0 -1 -1 -5  0  1
  0  0 -1 -6  1  0
3;1,1,1 1 3
5 
#1 
6	% 
  1  0  0  0  0  0
  0 -1 -1  1  1  1
  1 -1 -1  1  0  1
  1  0  0  1  1  1
 -1  1  1 -1  0  0
 -1  1  0  0 -1 -1
3;1,1;1 1 6
5 
#1 
6	% 
 0 -1 -2  2  1  1
 1  0  0  0  0  0
 0 -1 -1  2  0  1
 0  0 -1  1  1  0
 0  0  1 -1 -1 -1
 0  1  2 -1  0  0
2-2;1,1;1;1 1 7
10 
#1 
6	% 
 1 0  0 0  0  0
 0 0  0 0 -1  0
 0 0 -1 1  0  0
 0 0 -1 2  1  0
 0 0 -2 1  1 -1
 0 1 -1 1  2  0
1,1;1;1;1;1 1 46
5 
#1 
6	% 
 0  1  1 -1 -1 -1
 1  0  0  0  0  0
 0 -1 -1  1  0  1
 0  0  1  0 -1  0
 0  0  0 -1 -1 -1
 0  1  1 -1  0  0
4-3;1,1 1 2
1 
#1 
6	% 
  3  1  1 -1 -1 -1
 -1 -1 -1  0  0  0
  1  1  0 -1  0 -1
  1  0  0  0 -1  0
  1  0  0  0 -1 -1
 -1  0 -1  1  0  0
