#83

2-1;1;1;1;1 1 17
1 
#1 
6	% 
 1 0 0 0 0 0
 0 1 0 0 0 0
 0 0 1 0 0 0
 0 0 0 1 0 0
 0 0 0 0 1 0
 0 0 0 0 0 1
1,1,1,1,1,1 1 1
1 
#1 
6	% 
 1 0 0 0 0 0
 0 1 0 0 0 0
 0 0 1 0 0 0
 0 0 0 1 0 0
 0 0 0 0 1 0
 0 0 0 0 0 1
2-1;1,1,1,1 1 1
1 
#1 
6	% 
 1 0  0  0  0  0
 0 1  0  0  0  0
 0 0  0 -1 -1 -1
 0 0 -1  0 -1 -1
 0 0 -1 -1  0 -1
 0 0  1  1  1  1
1,1,1,1,1;1 1 1
2 
#1 
6	% 
  0 0  0  0 -1  0
 -1 0 -1  0 -1 -1
 -1 0  0 -1 -1 -1
  0 0 -1 -1  0 -1
  1 0  1  1  1  1
  0 1  0  0  0  0
1,1,1,1,1;1 1 2
6 
#3 
6	% 
  0  0 1  1 0  1
 -1  0 0  0 0  0
 -1  1 0  2 1  1
  0 -1 0  1 0  0
  1  0 0 -2 0 -1
 -1  0 0  2 1  0
6	% 
 1 0  0  0  0  0
 0 1  0  0  0  0
 0 0 -1 -1 -1 -1
 0 0  0  0  1 -1
 0 0  0  1  0  0
 0 0 -1  0  0 -1
6	% 
  0  0  0  1  0 -1
  0  0  1  0  0 -1
  1 -1  1  1  1  0
  0  0  0  0  1 -1
 -1  0 -1 -1 -1  1
  0 -1  1  1  1 -1
1,1,1,1;1,1 1 1
1 
#1 
6	% 
 0  0 -1 -1  0 -1
 0  0  0 -1 -1 -1
 0  0 -1  0 -1 -1
 0  0  1  1  1  1
 0 -1  0  0  0  0
 1  1  0  0  0  0
2-1;1,1,1;1 1 4
4 
#2 
6	% 
 1 0  0  0 0  0
 0 1  0  0 0  0
 0 0 -1  0 0 -1
 0 0 -2 -1 0 -2
 0 0  1  0 0  0
 0 0 -1  0 1 -1
6	% 
 1 0  0 0 0  0
 0 1  0 0 0  0
 0 0  0 0 1 -1
 0 0  0 0 1  0
 0 0  0 1 0  0
 0 0 -1 0 0 -1
1,1,1,1;1,1 1 2
10 
#4 
6	% 
 -1  0  0  1  0  0
 -1  0  0  0  0  0
 -1  0 -1  0  0 -1
  0 -1  0  0 -1  1
  1  1  0 -1  0 -1
 -1  1  0  1  1  0
6	% 
 1 0  0  0  0 -1
 0 0  0  0  0 -1
 0 0 -1 -1 -1 -2
 0 1  1 -1  0  1
 0 0  0  1  0  2
 0 0 -1  0  0 -3
6	% 
 0  0 1  1 -1  0
 0 -1 0  0  0  0
 1  1 0  2 -1 -1
 0  0 0  0 -2 -1
 0  0 0 -1  1  1
 0  0 0  1  0  0
6	% 
  1  1  0 0  1  1
  1  0  0 0  2  1
  1  1  0 0  0  1
  0  0 -1 1  0 -1
 -1 -1  1 0 -2 -1
  1  1  1 0  1  2
1,1,1,1;1,1 1 3
12 
#3 
6	% 
  1 0  1  1 1  2
  2 1  1  1 0  1
  0 0 -1  0 0 -2
 -1 0  0 -1 0  0
  1 0  1  0 0  1
  0 0  0  1 1  0
6	% 
  0  0 -1  0  1  0
 -1  1 -2  1  2  0
  0  1  0  0  0 -1
  0 -1  1 -1 -2  1
 -1  0 -1  1  0  1
  1  0  0  0  1  0
6	% 
 1 -1 0  0  0  1
 0  0 0  0 -1  0
 0  1 0  0  0 -1
 0  0 1  0  1  1
 0  0 0 -1 -1  0
 1  0 0  0  0  1
1,1,1;1,1,1 1 2
6 
#3 
6	% 
  1  0 0  0  1 -1
 -1 -1 0  0 -1  1
  0  0 1  0  0  1
  0  0 0 -1 -1 -1
  0  0 0  1  0  1
  0  0 0  1  1  0
6	% 
  0  1  0  0  0  0
  1  1  1 -1  0  1
  0  0 -1 -1 -1 -1
  0  0  0  0  1 -1
 -1 -1  0  1  0  0
  1  1  1  0  0  1
6	% 
  0  0 0  0 -1  0
  0 -1 0  0  1  0
 -1  0 0  0  0  0
 -1  0 1 -1  0  1
  1  1 0  1  0  0
  1 -1 0  1 -1 -1
2-1;1,1;1,1 1 3
1 
#1 
6	% 
 1 0  0 0  0  0
 0 1  0 0  0  0
 0 0  0 0 -2 -1
 0 0 -1 1  0 -1
 0 0  1 0  0  1
 0 0  1 0 -1  0
2-1;1,1;1,1 1 7
2 
#1 
6	% 
 0 1  0  0 0  0
 1 0  0  0 0  0
 0 0  1  1 0  2
 0 0 -1  0 0 -1
 0 0  1  1 1  1
 0 0  0 -1 0  0
1,1,1;1,1,1 1 3
6 
#2 
6	% 
 -1  0  0  0  1  1
  0  1  1 -1 -1  2
  0 -1  0  1  1  0
  1  0  0  0 -1  0
  0 -1 -1  0  0 -2
 -1  0  0  0  0  1
6	% 
  1 -1  1  1 -1  0
  0  0  0  0  1  0
  1  0  1  1 -1  1
 -2  1 -1 -2  1  0
  0  1 -1 -1  1  1
  1 -2  1  2 -2 -1
1,1,1;1,1,1 1 4
4 
#1 
6	% 
  1  1  1  0 0  1
  1  1  1  0 1  1
 -1 -2 -1  1 0 -1
  1  1  0 -1 0  0
 -2 -1 -1  1 0 -1
  1  1  0 -1 0 -1
1,1,1;1,1;1 1 3
12 
#4 
6	% 
 0 0 0 0 -1  1
 0 0 1 0  0  0
 0 0 0 1  1 -2
 0 0 0 0 -1  0
 1 0 0 0  0  0
 0 1 0 0  0  0
6	% 
 0 0  0  0 -1 -1
 1 0  0  0  0  0
 0 0  0  0  0  1
 0 0  0 -1  0  0
 0 0 -1 -1  1  0
 0 1  0  0  0  0
6	% 
 0 0  1  1 0 1
 0 0  1  1 1 0
 0 0 -1 -1 0 0
 1 0  1  0 0 1
 1 0  0  0 0 0
 0 1  0  0 0 0
6	% 
 0 0  2  0 -1  1
 0 0  1 -1  0  1
 1 0 -3  1  1 -2
 0 0  1  0  0  1
 0 0  0  0  2  1
 0 1  0  0  0  0
1,1,1,1;1;1 1 1
1 
#1 
6	% 
 0 0 -1 -1  0 -1
 0 0 -1  0 -1 -1
 0 0  0 -1 -1 -1
 0 0  1  1  1  1
 1 0  0  0  0  0
 0 1  0  0  0  0
1,1,1;1,1;1 1 8
8 
#1 
6	% 
  0 0  0  0  1  1
 -2 0 -1  1  1  0
  3 0  1 -1 -3 -2
  0 0  1  1  1 -1
 -1 0 -1  0  0  1
  0 1  0  0  0  0
1,1,1,1;1;1 1 2
8 
#2 
6	% 
  0 0 -1  1 -1 -1
 -1 0 -1  1 -1  0
  0 0 -1  1 -2 -1
  0 1  0  0  0  0
  1 0  1 -2  2  1
 -1 0 -2  1 -1 -1
6	% 
 -1 0  0  1 0  0
  0 0  1  2 1  2
 -1 0 -1  0 0 -1
  0 1  0  0 0  0
  1 0  0 -1 0 -1
 -1 0  0  1 1  0
1,1,1;1,1;1 1 6
6 
#2 
6	% 
 0  2  0  2 -1 -1
 0  1  1  1 -1  0
 0 -2 -1 -3  2  1
 0  1  0  1  0  0
 1  0  0  0  1  1
 0  1  0  1 -1  0
6	% 
 0  0 0 0 -1 -1
 0  1 0 0  0  0
 1 -1 0 0  1  1
 0  0 1 0 -1  0
 0  0 1 1 -1  0
 0  0 0 0 -1  0
1,1,1;1,1;1 1 7
20 
#4 
6	% 
 0  0  0  0 -1 -1
 0  2  1  1  0  1
 0 -3 -2 -2  0 -2
 1  1  1  0  0  1
 1  0  0  0  0  0
 0  0  0  0 -1  0
6	% 
 0  2  1  1  0  1
 0  4  2  2  1  3
 0 -7 -4 -4 -2 -6
 1  2  1  1  1  1
 1  0  0  0  0  0
 0  1  1  0  0  1
6	% 
 -1 1 0 0 -2  0
  0 0 0 0 -1  1
  0 0 0 0  1 -2
  0 0 0 1 -1  0
  0 0 1 1 -1  0
 -1 0 0 0 -1  0
6	% 
  1 -1  0 0  0  0
  2 -2 -2 0  1 -1
 -3  3  3 1 -2  1
  1 -1 -1 0  0 -1
  0  0  0 0 -2 -1
  1  0  0 0  0  0
1,1,1;1,1;1 1 2
4 
#2 
6	% 
 0 0  2 0 -1  1
 0 0  2 1  0  2
 0 0 -3 0  1 -2
 1 0  0 0  0  0
 0 1  0 0  0  0
 0 0  1 0 -1  1
6	% 
 0 0  1  1  0  1
 0 0  1  1  1  0
 0 0 -2 -2 -1 -2
 1 0  0  0  0  0
 0 1  0  0  0  0
 0 0  1  0  0  1
1,1,1;1,1;1 1 9
16 
#4 
6	% 
  2  2  1 -1  0  1
  1  1  0  0  0  0
 -2 -3 -1  1  0 -1
  1  1  1  0  1  2
  0  0  0  0 -1  0
  0  0  0  0 -1  1
6	% 
  2  2  0 0  1 -1
  1  1  0 0  0  0
 -2 -3  0 0 -1  1
  1  1  0 0  1  0
  0  0  0 1  0  0
  0  0 -1 1  0 -1
6	% 
 0 0  0  0 -1 1
 0 0  1  0  0 0
 0 0 -1 -1  1 0
 0 0  0  0 -1 0
 0 1  0  0  0 0
 1 1  0  0  0 0
6	% 
 0  0  1  1  0  1
 0  0  1  1  1  0
 0  0 -2 -2 -1 -2
 1 -1  1  0  0  1
 0  1  0  0  0  0
 1  1  0  0  0  0
1,1,1,1;1;1 1 5
12 
#3 
6	% 
  0  1  1 -1  0  1
  1  0  1 -1  0  1
  1  1  1 -1  0  0
 -1 -1 -1  2  0 -1
  1  1  2 -1 -1  1
 -1 -1 -1  1  1 -1
6	% 
  0  0 1 0 -1  0
 -1  1 0 1 -1 -1
 -1  0 0 0 -1 -1
  1 -1 0 0  1  2
 -1  1 0 0 -2 -1
  0 -1 0 0  1  1
6	% 
  1 -1  1  1  1  1
  1 -1  1  1  2  0
  1  0  1  1  1  1
 -1  1 -1 -2 -2 -1
  1 -1  2  1  2  2
  0  1 -1 -1 -1 -1
1,1,1,1;1;1 1 6
1 
#1 
6	% 
 0 0 -1 -1 1 0
 1 0  0  0 0 0
 0 1  0  0 0 0
 0 0  0  1 0 0
 0 0  0 -1 0 1
 0 0  0  0 1 0
1,1,1;1,1;1 1 11
4 
#1 
6	% 
  0  0 -2  0  1 -1
 -1  1 -2 -2  2  0
  2 -2  5  3 -4  1
  0  0 -1  0  0 -1
 -1  0 -1 -1  1  0
  0  0 -1  0  0  0
1,1,1;1,1;1 1 12
24 
#3 
6	% 
 0  0  0  0 -1 -1
 0  0 -1 -1 -2 -3
 1 -1  1  1  4  5
 1  1  0 -1 -1 -1
 0 -1  0  1  2  2
 0  0  0  0  0 -1
6	% 
  0  0 -1 -1  0 -1
  0  0 -2 -2 -1 -3
  1 -1  4  4  1  5
 -1 -1 -1 -1 -1 -1
  2  1  2  2  1  2
  0  0  0 -1  0  0
6	% 
 -1  1  0  0 -2 -2
  0  0  1 -1 -1  0
  2 -2 -1  1  4  3
  0  0  0 -1 -1  1
  1 -1  0  1  2  1
  0  1  0  0 -1 -1
1,1,1;1,1;1 1 5
6 
#2 
6	% 
  2 0 0  0  1  1
  1 0 0  0  0  0
 -2 0 0  0 -2 -1
  1 1 1  0  0  1
  0 1 1  1 -1  0
  0 0 1 -1  0  1
6	% 
  2  2  1  1 -1 0
  1  1  0  0  0 0
 -2 -3 -1 -1  1 0
  1  1  1  0  0 1
  0  0  0  0  2 1
  0  0  1 -1  0 1
1,1,1,1;1;1 1 4
1 
#1 
6	% 
 -1  1  0 0  0  0
 -1  0  0 0  0  0
  3 -1  0 0  2  1
 -2  0  0 0 -1 -1
  1  0 -1 0  1  0
  1  0  0 1  0  0
1,1,1;1,1;1 1 10
4 
#1 
6	% 
 -1 -1  0 0 -2 -2
  0  0  0 0 -1 -1
  1  1  0 0  3  4
  0 -1  1 1 -2 -1
  0  0 -1 0  0 -1
  0  0 -1 1  0 -1
1,1,1;1;1;1 1 2
4 
#2 
6	% 
 0 0 -1  1 -1 -1
 0 0  0  0 -1  1
 1 0  0  0  0  0
 0 1  0  0  0  0
 0 0  0 -1  1  0
 0 0 -1  0  0  0
6	% 
 0 0  0 1 1  1
 0 0 -1 0 0 -1
 1 0  0 0 0  0
 0 1  0 0 0  0
 0 0  1 0 0  0
 0 0 -1 0 1 -1
1,1;1,1;1;1 1 23
2 
#1 
6	% 
 1 0  0 0  0  0
 0 1  0 0  0  0
 0 0  0 1 -1 -2
 0 0  0 0  1  0
 0 0 -1 0 -1 -1
 0 0  0 0  0  1
1,1;1,1;1;1 1 7
1 
#1 
6	% 
 0 0  0 0 -2 -1
 0 0 -1 1  0 -1
 1 0  0 0  0  0
 0 1  0 0  0  0
 0 0  1 0  0  1
 0 0  1 0 -1  0
1,1;1,1;1,1 1 5
2 
#1 
6	% 
 0 -1  0 0  0  0
 1  1  0 0  0  0
 0  0  0 1 -1 -2
 0  0  0 0  1  0
 0  0 -1 0 -1 -1
 0  0  0 0  0  1
1,1;1,1;1,1 1 2
1 
#1 
6	% 
 0  0  0 0 -2 -1
 0 -1  0 0  0  0
 1  1  0 0  0  0
 0  0 -1 1  0 -1
 0  0  1 0  0  1
 0  0  1 0 -1  0
1,1,1;1;1;1 1 10
4 
#2 
6	% 
 0  0 -1  1 -1 -1
 0  0  0  0 -1  1
 0  0  0 -1  1  0
 0 -1  0  0  0  0
 1  0  0  0  0  0
 0  0 -1  0  0  0
6	% 
 0  0  0 1 1  1
 0  0 -1 0 0 -1
 0  0  1 0 0  0
 0 -1  0 0 0  0
 1  0  0 0 0  0
 0  0 -1 0 1 -1
1,1;1,1;1;1 1 34
2 
#1 
6	% 
 0 0  0  1  0 -2
 0 0  0 -1  0  1
 0 1  0  0  0  0
 0 0  1  0  0  0
 0 0 -1  0 -1  0
 1 0  0  0  0  0
1,1;1,1;1;1 1 19
1 
#1 
6	% 
 0 0  0 0 -2 -1
 0 0 -1 1  0 -1
 0 0  1 0  0  1
 0 1  0 0  0  0
 0 0  1 0 -1  0
 1 0  0 0  0  0
1,1,1,1;1;1 1 3
1 
#1 
6	% 
 0 0 -1 -1  0 -1
 0 0  0 -1 -1 -1
 0 0 -1  0 -1 -1
 0 0  1  1  1  1
 0 1  0  0  0  0
 1 0  0  0  0  0
2-1;1,1;1;1 1 18
4 
#1 
6	% 
 0 1  0  0 0  0
 1 0  0  0 0  0
 0 0  0  0 0 -1
 0 0  0 -1 1  1
 0 0  0  0 1  0
 0 0 -1  0 0 -1
2-1;1,1;1;1 1 20
1 
#1 
6	% 
 0 1  0 0  0 0
 1 0  0 0  0 0
 0 0  1 1 -1 0
 0 0 -1 0  1 0
 0 0  1 0 -1 1
 0 0  0 0  1 0
2-1;1,1;1;1 1 8
1 
#1 
6	% 
 0 1 0  0  0  0
 1 0 0  0  0  0
 0 0 0  0 -3 -2
 0 0 0  0  1  1
 0 0 0 -1  0  0
 0 0 1  0 -1  0
1,1;1,1;1;1 1 18
4 
#1 
6	% 
 1 0 0  0  1  1
 0 0 1  1 -1  0
 0 1 0  0  0  0
 0 0 0  1  0 -1
 0 0 0  0  1  0
 0 0 0 -1  0  0
1,1;1,1;1,1 1 8
2 
#1 
6	% 
  1 0  0 0  0  0
  0 0  1 1 -1  0
  0 1  0 0  1 -1
  0 0  1 0 -1  1
  1 0  0 0  0  1
 -1 0 -1 0  0 -1
1,1;1,1;1;1 1 16
16 
#2 
6	% 
 -1 0 -1 1 0 -1
  0 1  0 0 0  0
  0 0  0 0 1  0
  1 0  1 0 0  1
  0 0  0 0 0 -1
 -1 0  0 1 0  0
6	% 
 -1 0 0  0 -1  1
  0 1 0  0  0  0
  0 0 0 -1  0  0
  1 0 0  0  0 -1
  0 0 1  0  0  1
 -1 0 0  0 -1  0
1,1;1,1;1,1 1 4
8 
#1 
6	% 
 -1  0 -1  1  0 -1
  0 -1  0  0 -1  1
  0  1  0  0  0 -1
  1  0  0 -1  0  0
 -1  0 -1  0  0 -1
  0 -1  0  0 -1  0
1,1,1;1;1;1 1 7
8 
#1 
6	% 
  1 0  1 -1  0 1
  0 1  0  0  0 0
  1 0  0 -1  0 0
 -1 0 -1  1  0 0
 -1 0 -1  0  1 0
  1 0  1 -1 -1 1
1,1,1;1;1;1 1 11
2 
#1 
6	% 
 1 0  0  0 0  0
 0 0 -1 -1 1  0
 0 1  0  0 0  0
 0 0  0  0 0 -1
 1 0 -1  0 0 -1
 1 0 -1  0 1 -1
1,1,1;1;1;1 1 3
2 
#1 
6	% 
 1 0  0 0  0  0
 0 0  0 0  0  1
 0 1  0 0  0  0
 0 0 -1 0  1  0
 0 0  0 0 -1 -1
 0 0  0 1  0  0
1,1;1,1;1;1 1 3
4 
#1 
6	% 
 1 0  2  2 -2 0
 0 0  0  0 -1 0
 0 1  0  0  0 0
 0 0 -1 -1  1 0
 0 0  0  1  1 0
 0 0  1  0  1 1
1,1;1,1;1,1 1 3
2 
#1 
6	% 
 1 0  2  2 -2 0
 0 1  0  0  0 0
 0 0  0  0  1 0
 0 0 -1 -1  1 0
 0 0  1  0 -1 0
 0 0  1  0  0 1
1,1;1,1;1;1 1 15
2 
#1 
6	% 
 -1  0 -1  1  0 -1
  0 -1 -1 -1  1  0
  1  1  1  0  0  0
  1 -1  0 -1  0  1
  0  0  0  0  0  1
  0  0  0  0 -1  0
1,1,1;1;1;1 1 12
2 
#1 
6	% 
 -1  0 0 0 0  0
 -1 -1 0 0 0  0
  0  0 0 1 0  0
  0  0 1 0 0  0
  0  0 0 0 0 -1
  0  0 0 0 1  0
1,1;1,1;1;1 1 11
1 
#1 
6	% 
 0  0 1  1 -1  0
 0 -1 0  0  0  0
 1  1 0  0  0  0
 0  0 0 -1  0  0
 0  0 0  1  0 -1
 0  0 0  0 -1  0
1,1;1,1;1,1 1 6
2 
#1 
6	% 
  0  0  0  0 -3 -2
  1  0  0 -1  1  1
  0  0  0  0  1  1
 -1  0  1  1 -1  0
  0 -1 -1 -1  1  0
  0  1  1  0  0  1
1,1;1,1;1;1 1 30
2 
#1 
6	% 
  0 -1 -1 -1  1 0
  0  1  1  0 -1 0
 -1  0  1  1 -1 0
  1  0  0 -1  0 0
  0  0  0  0  0 1
  0  0  0  0 -1 0
1,1,1;1;1;1 1 16
2 
#1 
6	% 
 0 0 -1 -1  1  0
 1 0 -3 -1  2 -1
 0 1  3  1 -2  1
 0 0 -2 -1  1 -1
 0 0 -2 -1  1  0
 0 0  0  0 -1  0
1,1;1,1;1;1 1 12
8 
#1 
6	% 
 1 0  0 0  0  0
 0 1  0 0  0  0
 0 0  0 1 -1 -1
 0 0 -1 0  0  0
 0 0  0 0 -1  0
 0 0  0 0  0  1
1,1;1,1;1;1 1 9
4 
#1 
6	% 
 0 -1  0 0  0  0
 1  1  0 0  0  0
 0  0  0 0 -1  0
 0  0  0 1  1  1
 0  0  0 0  0  1
 0  0 -1 0 -1 -2
1,1,1;1;1;1 1 13
2 
#1 
6	% 
  1  0  0 0  0 0
  1 -1  0 0  0 0
  1  0 -1 0  1 0
  0  0  0 1 -1 0
  1  0  0 0  0 1
 -1  0  0 0 -1 0
1,1,1;1;1;1 1 15
8 
#1 
6	% 
 -1  1  0 1  0  0
  1 -1  0 0  0  1
  0 -1  0 0  0  0
  1 -1 -1 0  0 -1
 -1  0  0 0  0  0
 -1  1  0 0 -1  0
1,1;1,1;1;1 1 28
8 
#1 
6	% 
 0 1 -1  0  2  1
 0 0  0 -1  1  1
 1 0  1  0  1  2
 0 0 -1  0  0  0
 0 0  0  0 -1  0
 0 0  0  0  0 -1
1,1;1,1;1,1 1 10
8 
#1 
6	% 
  0  1  0 0  1  1
  1 -1  0 1 -1  0
  0  0  0 0  0 -1
  1  0  0 0  1  1
  0  0  0 0  1  0
 -1  1 -1 0  0  0
1,1;1,1;1;1 1 22
2 
#1 
6	% 
 0 1  0 0  1  1
 1 0  0 0  0  0
 0 0  0 1  0  0
 0 0 -1 0  1  0
 0 0  0 0  0 -1
 0 0  0 0 -1  0
1,1;1,1;1;1 1 5
1 
#1 
6	% 
 0 0 0  0 -3 -2
 1 0 0  0  0  0
 0 1 0  0  0  0
 0 0 0  0  1  1
 0 0 1  0 -1  0
 0 0 0 -1  0  0
1,1,1;1;1;1 1 8
2 
#1 
6	% 
 0 0 0 0  0 -1
 0 1 0 0 -1  0
 0 0 1 0  0  0
 0 0 1 1 -1  0
 1 0 0 0  1  0
 0 0 1 0 -1  1
1,1;1,1;1,1 1 9
2 
#1 
6	% 
  0  0 1  1 -1  0
  0  1 0  0  1  0
 -1  0 0  0  0  1
 -1 -1 0  0  0  1
 -1 -1 0 -1  0  1
  0  0 0  1 -1 -1
1,1;1,1;1;1 1 35
2 
#1 
6	% 
  0 1  0 0  2  0
  0 0  0 1 -1 -1
 -1 0  0 0  0  2
  0 0 -1 0  0 -1
  0 0  0 0  1  0
  0 0  0 0  0  1
1,1;1,1;1;1 1 25
16 
#2 
6	% 
  0  0 0 0 -1  0
  0  0 0 1  0  0
  0 -1 0 0  1 -1
  0  0 0 0  0  1
 -1  0 0 0 -1  1
  0  0 1 0 -1  0
6	% 
  0  0 -1  0  0  0
  0 -1  1 -1  0  1
  0  0  1  1  0 -2
  0  0  0 -1  0  1
  0  0 -1 -1 -1  1
 -1  0 -1  1  0 -1
1,1;1,1;1;1 1 24
4 
#1 
6	% 
  0  0 1 -1  0 1
 -1  0 0  0  0 0
  0 -1 0  0  0 0
  0  0 0  0  0 1
  0  0 0  1 -1 0
  0  0 0 -1  0 0
1,1;1,1;1;1 1 10
4 
#1 
6	% 
 0 0  0  0 -2  1
 0 0 -1  0  1 -1
 0 0  0  0  1 -1
 0 1  0  0  0  0
 1 0  0  0  0  0
 0 0  0 -1  1  0
1,1;1;1;1;1 1 24
1 
#1 
6	% 
 0 0 1  1 -1  0
 1 0 0  0  0  0
 0 1 0  0  0  0
 0 0 0  0  0 -1
 0 0 0 -1  0  1
 0 0 0  1 -1 -1
1,1;1;1;1;1 1 11
4 
#1 
6	% 
 1 0  0  0 0 0
 0 1  0  0 0 0
 0 0  0 -1 1 0
 0 0 -1  1 0 0
 0 0  1 -1 1 1
 0 0 -1  0 0 0
1,1;1;1;1;1 1 4
1 
#1 
6	% 
 0 0  0 0  1  2
 1 0  0 0  0  0
 0 1  0 0  0  0
 0 0  0 0 -1 -1
 0 0 -1 0  1  0
 0 0  0 1  0  0
1,1;1;1;1;1 1 14
4 
#1 
6	% 
  1 0 0 0  0  0
  0 1 0 0  0  0
  1 0 0 1  0 -1
  0 0 1 0  0  1
 -1 0 0 0  0  1
 -1 0 0 0 -1  0
1,1;1;1;1;1 1 17
4 
#1 
6	% 
 1 0  0  0 0  0
 0 1  0  0 0  0
 0 0  0 -1 1  0
 0 0 -1  0 1  0
 0 0  0  0 1  0
 0 0  0  0 0 -1
1,1;1;1;1;1 1 28
4 
#1 
6	% 
 0 0 0 0  1  0
 0 0 0 1 -1 -1
 0 1 0 0  0  0
 0 0 0 0  0 -1
 1 0 0 0  0  0
 0 0 1 0  0  1
1,1;1;1;1;1 1 40
1 
#1 
6	% 
 0 0 1 1 -1  0
 0 1 0 0  0  0
 1 0 0 0  0  0
 0 0 0 1 -1  0
 0 0 0 1 -1 -1
 0 0 0 0 -1  0
1,1;1;1;1;1 1 27
1 
#1 
6	% 
 1 0  0 0  0 0
 0 1  0 0  0 0
 0 0  0 1 -1 0
 0 0 -1 0  1 0
 0 0  0 0  1 0
 0 0  0 0  0 1
1,1;1;1;1;1 1 30
4 
#1 
6	% 
 1 0  0 0  0 0
 0 0 -1 0  1 0
 0 1  0 0  0 0
 0 0  0 1 -1 0
 0 0  0 0 -1 0
 0 0  0 0  0 1
1,1;1;1;1;1 1 29
4 
#1 
6	% 
 0 1 0  0  0 0
 0 0 0 -1  1 1
 1 0 0  0  0 0
 0 0 1  0 -1 1
 0 0 0  0 -1 0
 0 0 0  0  0 1
1,1;1;1;1;1 1 16
1 
#1 
6	% 
 0 0 0  0 -1  0
 0 0 0  0 -1 -1
 0 1 0  0  0  0
 0 0 0 -1  1  1
 1 0 0  0  0  0
 0 0 1  0  0  1
1;1;1;1;1;1 1 10
1 
#1 
6	% 
 1 0 0 0  0  0
 0 1 0 0  0  0
 0 0 0 1 -1  0
 0 0 1 0 -1  0
 0 0 0 0  0 -1
 0 0 0 0  1  0
1;1;1;1;1;1 1 19
1 
#1 
6	% 
 0 1 0 0  0  0
 0 0 0 1 -1  0
 1 0 0 0  0  0
 0 0 1 0 -1  0
 0 0 0 0  0 -1
 0 0 0 0 -1  0
