#20

1,1;1;1;1;1 1 33
1 
#1 
6	% 
 1 0 0 0 0 0
 0 1 0 0 0 0
 0 0 1 0 0 0
 0 0 0 1 0 0
 0 0 0 0 1 0
 0 0 0 0 0 1
1,1,1,1,1,1 1 1
1 
#1 
6	% 
 1 0 0 0 0 0
 0 1 0 0 0 0
 0 0 1 0 0 0
 0 0 0 1 0 0
 0 0 0 0 1 0
 0 0 0 0 0 1
1,1,1,1;1,1 1 3
6 
#3 
6	% 
  0  0  1 -2  1 -1
 -1 -1  0 -1 -1  1
  0  0 -1  1 -1  0
  1  0  0  1  0 -1
  0 -1  0 -1  0  0
  0  0  0  0  0 -1
6	% 
  1 -1 -1 -1  0 1
  0  0 -1  0 -1 0
  0  1 -1  1 -1 0
  0 -1  2 -2  2 0
 -1  0 -1  0  0 0
  1  0  0  0  0 0
6	% 
  0  0  0 -1  1  0
  1 -1 -1  0  1 -2
  1  0  0  1  0 -1
 -1  0  0  0 -1  2
  0 -1 -1  0  1  0
  0  1  0 -1  0  0
1,1,1,1,1;1 1 2
4 
#2 
6	% 
  0  0  0 -1  0  1
  1  0  0 -1  0  0
  1  0 -1 -1  0  1
  1 -1  0 -1  0  0
 -1  1  1  2  0 -1
  1 -1 -1 -1 -1  1
6	% 
 0 0 -1 -1  0  1
 0 0  0  0  0  1
 0 0 -1 -1  1  1
 0 0  0 -1  0  1
 0 1  1  1 -1 -2
 1 0 -2 -1  1  2
1,1,1;1,1,1 1 4
2 
#1 
6	% 
  1  1  1  0  0 -1
  2  1  1  1  0 -2
 -2 -2 -1 -1  0  3
  1  1  0  0  0 -2
 -2 -2 -1  0 -1  3
  1  2  0  0  1 -2
1,1,1;1,1,1 1 3
2 
#1 
6	% 
  1 -1 0  0  0 -1
  0  0 0 -1  2  0
  0  0 1  1 -1  0
 -1  0 0  0  0  0
  0  0 0  2 -2 -1
  1  0 0 -1  1  0
1,1,1,1;1,1 1 2
1 
#1 
6	% 
  0 -1  0  0  0  0
  0  0 -1  1 -1 -1
 -1 -1  1  0  0  0
  0  0  0  2 -1  0
  1  1  0 -1  1  0
 -1 -1  0  0  0  0
1,1,1;1,1;1 1 10
2 
#1 
6	% 
  0  0 -1 -3 1  1
  0  0 -1 -2 0  1
  0  0  2  4 1 -2
  0  0  0 -2 1  1
  0 -1  0 -1 0  0
 -1 -1  1  0 0  0
1,1;1,1;1,1 1 10
2 
#1 
6	% 
 0  0  0  1  0  0
 0  0  1  1 -1  0
 0 -1  0  0 -1 -1
 0  0  0  0  1  0
 1  0 -1  1  0 -1
 0  0  0 -2  2  1
1,1;1,1;1,1 1 6
1 
#1 
6	% 
  0  0  0  3 -2 0
  0  0  0 -1  1 1
  0  0  0 -1  1 0
  0 -1  0  0  0 0
 -1  0  0  0  0 1
  0  0 -1  0  0 0
1,1,1;1,1;1 1 12
8 
#3 
6	% 
 -2 -2  0 -1 -1  2
 -2 -2  1 -1 -1  1
  5  5 -2  2  2 -3
 -1 -1  1 -1  0  1
  3  2 -1  1  1 -2
 -1 -1  0 -1  0  1
6	% 
 -2  2 -2  1 -3 0
 -1  1 -1  0 -2 0
  3 -3  4 -2  6 1
 -1  0 -1  0 -1 1
  2 -1  2 -1  3 0
 -1  1 -1  0 -1 0
6	% 
 -1  1 -1  2  0  0
 -2  2 -1  2  0  1
  4 -4  3 -5  1 -1
 -1  1 -1  0  1  1
  2 -2  2 -1 -1 -1
  0  1 -1  1  0  0
1,1,1,1;1;1 1 5
5 
#2 
6	% 
  1 -1 -1  1  0 -1
  1 -1 -2  2 -1 -2
  0 -1 -1  1 -1 -1
 -1  1  3 -2  1  2
  1 -1 -3  3 -2 -2
 -1  0  2 -1  1  1
6	% 
  0  0 0  0 -1  0
 -1  1 0 -1 -1  1
 -1  0 0 -1 -1  0
  1 -1 1  1  2 -1
 -1  1 0 -1 -2  0
  0 -1 1  1  1  0
1,1,1;1,1;1 1 11
4 
#1 
6	% 
  2 -2  2 -3  3  2
  1 -1  1 -2  2  2
 -3  3 -2  5 -5 -5
  2  0  0 -1  2  1
  1  0  0 -1  1  1
  1 -1  1 -1  1  1
1,1,1,1;1;1 1 6
1 
#1 
6	% 
 -1 0 0  0  0  1
  0 1 0  0  0  0
  0 0 1 -1  1  1
  0 0 0  1 -1 -1
  0 0 0 -1  0  1
  0 0 0  1  0  0
1,1,1;1,1;1 1 7
2 
#1 
6	% 
 -1  1  3 -2  2  2
 -2  2  2 -1  1  2
  4 -4 -5  3 -3 -5
 -1  1  1  0  0  1
  0  0  0  2 -1  0
  0  1  1 -1  1  1
1,1;1,1;1;1 1 28
4 
#1 
6	% 
  1  0 -1 -2  0  2
  0 -1  0 -1  0  1
 -1  0 -2  0 -2  1
  1  0  0  0  0  0
  0  0  1  1  0 -1
  0  0  1  0  1 -1
1,1;1,1;1;1 1 30
1 
#1 
6	% 
 -1  0  0  0 0 1
  0  0 -1  0 0 0
  0 -1  0  0 0 0
  0  0  0 -1 1 1
  0  0  0  1 0 0
  0  0  0  0 1 0
1,1;1,1;1;1 1 13
1 
#1 
6	% 
 0 0  0  3 -2  0
 0 0  0  1 -1 -1
 0 1  0  0  0  1
 0 0 -1  1 -1  0
 1 0 -1  0  0 -1
 0 0  0 -1  1  0
1,1,1;1;1;1 1 16
2 
#1 
6	% 
  0  0 1 -1  1  1
 -1  0 1 -1  1  2
  0 -1 0  1 -1 -2
  0  0 0  0  0  1
  0  0 0  0  1  1
  0  0 0  1  0  0
1,1,1;1;1;1 1 15
2 
#1 
6	% 
  0  0 -1 1 -2 -1
  0  0  0 0  1  1
  0 -1  1 0  1  0
  0  0  1 0  1  1
 -1  0  0 0 -1  0
  0  0 -1 0 -1  0
