#47

3;3 4 3
1 
#1 
6	% 
 1 0 0 0 0 0
 0 1 0 0 0 0
 0 0 1 0 0 0
 0 0 0 1 0 0
 0 0 0 0 1 0
 0 0 0 0 0 1
1,1,1,1,1,1 1 1
1 
#1 
6	% 
 1 0 0 0 0 0
 0 1 0 0 0 0
 0 0 1 0 0 0
 0 0 0 1 0 0
 0 0 0 0 1 0
 0 0 0 0 0 1
1,1,1,1,1;1 1 2
6 
#1 
6	% 
  0  1  0 1 0  0
  1  0 -1 0 1 -1
  1 -1 -1 0 0 -1
  1  0  0 0 0  0
 -2  0  1 0 0  1
  1  0 -1 0 0  0
1,1,1,1;1,1 1 3
24 
#3 
6	% 
  0  1 -1  0  0  0
 -1  1  1  1 -1  1
  0  0  1  1 -1  0
  0 -1 -1  0  1 -1
 -1  1  1  1  0  1
  1  0 -1 -1  0  0
6	% 
 -1  0  0  0  0  0
  1 -1 -1 -1  1 -1
  0  1  0 -1  0  1
 -1  0  0  1  0  0
  0  0  0  0  1  0
  0 -1  0  0 -1  0
6	% 
  3  1 -1 -1 -1 -2
  1  0  0 -1 -1  0
 -1  0  1  0  0  1
  1 -1  0  0  1 -1
  1  0 -1  0 -1  0
  0  1  0  0  0  0
2-1;1,1;1,1 1 9
12 
#1 
6	% 
 -1  1  1  1  1  1
 -1 -1  1 -1 -1  2
  1  0 -1  0 -1 -1
  1 -1  0 -1 -1  0
  0  1  0  1  1  0
 -1  0  1  1  0  1
2-1;1,1,1;1 1 8
12 
#1 
6	% 
 0  2 0 0 0  1
 0 -1 1 0 0  0
 1 -1 0 0 0 -1
 0 -1 0 0 1 -1
 0  1 0 1 0  0
 0  1 0 0 0  0
2-1',2-1';1;1 1 4
6 
#1 
6	% 
  0  0  0  1  2 -1
  1  0  0  0  1 -2
  0  0  0 -2 -3  1
 -2  0  0  2  0  3
 -1  0 -1  1  0  1
 -1 -1  0  1  0  1
1,1,1;1,1,1 1 3
22 
#4 
6	% 
 -1 -1 -1  1  1 -1
  0  1 -1  2  0 -2
 -1 -1  1 -1  0  2
  1  1  0  1  0 -1
  0 -1  1 -2 -1  2
  0  0 -1  1  1 -2
6	% 
  2  1 -1  0  0  0
  1  0  0  0  0 -1
  0  0 -1  0  0  0
 -1 -1  1  0 -1  0
 -1 -1  0  0  0  0
  2  1 -1 -1  0  0
6	% 
  0  1 -1  1  1 -1
 -1  0  0  0  0  1
  0  0 -1  1  1 -2
  0 -1  1 -1  0  0
  0 -1  0 -1 -1  0
  0  1 -1  1  0 -1
6	% 
 -1  0  0  0  0  1
  0  0  0 -1 -1  1
 -2  0 -1  0  1  0
  1  0  1  0  0  0
  0  1  0  1  0 -1
  0 -1  0  0  0  0
2-1',2-1';1,1 1 2
6 
#1 
6	% 
 1  0 0 0  1 -2
 0  0 0 1  2 -1
 0 -1 1 0  0  0
 0 -1 0 0  0 -1
 0  0 0 0 -1  1
 0  1 0 0  0  0
1,1,1,1;1,1 1 2
3 
#1 
6	% 
 -1  0 0 1  0  0
 -1  0 0 0 -1 -1
  0  0 0 0  1  0
  0 -1 1 0  0  0
  1  1 0 0  0  1
 -1  1 0 0  0  0
2-2',2-2';1,1 1 3
16 
#1 
6	% 
  0 1  1 0  2  1
  0 0 -2 1  1 -3
 -1 0 -2 0  2 -1
  1 1  2 0  0  2
  0 1 -2 1  2 -2
  1 0  0 1 -2 -1
1,1,1;1,1;1 1 10
72 
#6 
6	% 
  0 -1 -1  0  2 -2
  0 -3 -3 -2  2 -3
  0  6  6  3 -5  7
  0  0 -1  0  1 -1
 -1 -2 -1 -1  1 -1
 -1  0  0  0  0  1
6	% 
 -2  1 -1 -1  1 0
 -3  0  0 -1  1 0
  7 -1  1  3 -3 0
 -1  1  0 -1  0 1
 -2  0  0  0  1 0
 -1  0  0  0  0 1
6	% 
  2 -1 -1  1  1 -2
  1  0 -1  0  1 -1
 -4  2  3 -2 -3  5
  1  0  0  1  1 -1
  0  0 -1  0  0  0
 -1  0  0  0  0  1
6	% 
  2 -1 -1  1  1 -2
  1  0  0  1  1 -1
 -2  1  1 -2 -2  3
  1  0 -1  0  1 -1
  0  0  0  1  0  0
 -1  0  0  0  0  1
6	% 
  0 -1  1  0 -2  1
  0 -3  3 -2 -2  2
  0  6 -6  3  5 -4
  0  0  1  0 -1  1
 -1 -2  1 -1 -1  1
 -1  0  0  0  0  1
6	% 
 -2  1  1 -1  1  1
 -1  1  1  0  0  1
  4 -2 -2  1 -1 -2
 -1  1  0 -1  0  1
 -1  0  1  1  1  0
 -1  0  0  0  0  1
1,1,1,1;1;1 1 5
12 
#2 
6	% 
 -1  0  0  0  0  0
 -2 -1  1 -1 -1  1
 -1 -1  0 -1  0  0
  3  1 -1  1  0 -1
 -2 -1  1 -1  0  0
  1  0 -1  1  0 -1
6	% 
  1 0  0  0  0 0
  1 0  0 -1 -1 1
  0 0  0  0 -1 1
 -2 1  0  0  1 0
  2 0 -1  0 -1 0
 -1 0  0  0  1 0
1,1,1;1,1;1 1 7
12 
#1 
6	% 
  1 0 0 0  2 -1
  0 0 0 0  2 -1
 -1 0 0 1 -3  1
  0 1 0 0  1  0
  0 1 1 0  0  1
  0 0 0 0  1  0
1,1,1,1;1;1 1 4
3 
#1 
6	% 
  0 -1  1  0 0  0
  0  1  1  1 1  0
  0  2 -1 -1 0  1
  0 -2  0  0 0 -1
  0  1  0  0 0  1
 -1  1  0  0 0  1
2-2,2-2;1,1 1 3
16 
#1 
6	% 
 0  1 0  1 0 0
 0  1 0  0 0 0
 0  0 0 -1 0 1
 0  0 0 -1 1 0
 0 -1 1  0 0 0
 1  0 0  0 0 0
1,1,1;1;1;1 1 19
12 
#1 
6	% 
 1  3 -1  1  1 -1
 1  2  0  1  1 -1
 0 -2  1 -1 -1  1
 1  2 -1  1  0 -1
 1  2 -1  0  1 -1
 1  2 -1  1  1 -1
1,1;1,1;1,1 1 6
12 
#3 
6	% 
  0 1  3  0  0  2
  0 0 -1  1  0 -1
  0 0 -2  0  0 -1
  0 0  0 -1 -1  1
 -1 0  0  0  0  1
  0 0 -1  0  0 -1
6	% 
  0  3 1  0  0  2
 -1 -1 0 -1  0  0
  0 -2 0  0  0 -1
  2  0 0  1  0 -1
  1  0 0  0 -1  1
 -1 -1 0  0  1 -1
6	% 
  0  0  0 1  3 -2
  1  0  0 0 -1  0
  0  0  0 0 -2  1
 -2  0 -1 0  0  1
  1 -1  0 0  0 -2
  0  0  0 0 -1  1
1,1;1,1;1;1 1 36
36 
#3 
6	% 
  1  1  1 -1  1  1
 -1  1 -1 -1 -1  2
 -1  0 -1  0  0  0
  0 -1  0  0  0 -1
  0  1  0 -1  0  1
  0  0 -1  0 -1  0
6	% 
  0  1  1  0  0 1
 -1  1 -1  1 -1 0
 -1  0 -1  0  0 0
  0 -1  0 -1  0 0
  0  1  0  0  0 0
  0  0 -1  0 -1 0
6	% 
 1 -1  1  1 -1  0
 1  1  1 -1  1  1
 0  1  0  0  1  0
 0  0 -1  0  0 -1
 1  0  1  0  0  0
 0  1  0 -1  0  1
2-1;1;1;1;1 1 24
6 
#1 
6	% 
 0 0 1  0  0  0
 0 1 0  0  0  0
 0 0 0  0 -1  1
 0 0 0  0  0  1
 0 0 0 -1  0  0
 1 0 0  0  0 -1
2-1;1,1;1;1 1 25
24 
#2 
6	% 
 -2 -1 -1  2  2 -1
 -1 -1  0  1  1 -1
  0 -1  1  0  0  0
  1  0  1  0 -1  0
  0  0 -1  1  1 -1
  1  1  0 -1  0  0
6	% 
 0  1 -1  0  0  0
 0  0 -1  0  0 -1
 0 -1 -1  0  0 -1
 0 -1  0  0 -1  0
 1  1  0  0  0  0
 0  0  1 -1  0  1
1,1,1;1;1;1 1 9
8 
#2 
6	% 
 -1 0  0  0  0  0
  0 1  0  0 -1  1
  0 1 -1  1  0  0
  1 1 -1  1  0 -1
  0 0  1 -1  0  1
  0 0  0  1  1 -1
6	% 
  1  0  0  0  0  0
  1 -1  0  0  1 -1
  1 -1 -1 -1  0 -1
  0 -1 -1 -1  0  0
 -1  0  1  1  0  0
  0  0  0 -1 -1  1
1,1,1;1;1;1 1 8
12 
#1 
6	% 
 0  1 1 0  0  1
 1 -1 0 0  0 -1
 0  1 0 1  0  0
 0  0 0 1 -1  0
 0  1 0 0  0  0
 0 -1 0 1  0 -1
1,1;1,1;1,1 1 7
8 
#2 
6	% 
  1  0 0  0 0 -1
  0  0 0  0 1  0
 -2  0 1  0 0  1
  1  0 0  0 0  0
 -2 -1 0  0 0  0
  1  0 0 -1 0  0
6	% 
  1  0  0  0  0  0
  0  1  0  1  0 -1
  1 -1  1  0 -1 -1
  0  1 -1  1  1 -1
 -2 -1  1 -1  0  2
  2  0 -1  1  0 -2
1,1;1,1;1;1 1 14
24 
#3 
6	% 
  1  1  1  0  0  1
 -1  0 -1  0 -1  0
  0 -2  1 -2  2 -1
  0  1 -1  1 -1  0
 -1 -2  1 -2  2  0
  1  1  0  0 -1  1
6	% 
  1  0  0  1  1 -2
 -1  1  0  0 -1  2
  0 -2  2 -2  1  1
  0  1 -1  1 -1  0
 -1 -2  2 -2  1  1
  1  1  0  1  0 -1
6	% 
  3  0  0  1 -1 -3
 -2  1  0  0  1  2
 -1 -2  2 -2 -1  3
  0  1 -1  1  1 -1
 -2 -2  2 -2 -1  3
  2  1  0  1  0 -2
1,1;1,1;1;1 1 13
12 
#2 
6	% 
  0  3 1 0 0  2
  0  1 0 0 0  1
 -2  1 0 0 1  0
  1  1 0 0 0  0
  2 -1 0 1 0 -1
  0 -2 0 0 0 -1
6	% 
  0 0 0 1  3 -2
  1 0 0 0  1 -1
 -2 0 1 0  1  2
  0 0 0 0  1 -1
  2 1 0 0 -1 -1
  0 0 0 0 -2  1
2-1;1,1;1;1 1 27
6 
#1 
6	% 
  0 1 -3  0  0 -1
 -1 0  1  0  0  1
  0 0  2  0  0  1
  0 0  1  0 -1  1
  0 0  1 -1  0  1
  0 0 -1  0  0 -1
2-1,2-1;1;1 2 5
6 
#1 
6	% 
  0 0 0 -3 -1  2
 -3 0 0  0  0  2
 -1 0 0  1  0  0
  2 0 0  0  0 -1
  1 1 0  0  0  0
  1 0 1  0  0  0
2-1;2-1;1;1 1 13
3 
#1 
6	% 
 -1  0 0 0  0  1
  0  0 1 0  0  1
  0 -1 0 0  0 -1
  0  0 0 0 -1  0
  0  0 0 1  0 -1
  0  0 0 0  0 -1
2-1,2-1;1;1 2 6
6 
#1 
6	% 
  2 0 0 -7 -7   7
  5 0 0  9  5 -14
 -2 0 0 13 12 -14
 -6 0 0  6  8  -3
 -3 0 1  3  4  -1
 -3 1 0  3  4  -1
1,1;1,1;1;1 1 21
12 
#3 
6	% 
  0 0 0  0 -1  0
 -1 0 0  2  1  0
  2 0 0 -2  0 -1
  1 1 0 -1  0  0
 -1 0 0  1  0  0
  1 0 1 -1  0  0
6	% 
 -1  0 -1  0  0 0
  0 -1  1  0  0 0
  0  2  0  0  0 1
  0  1  0 -1  0 1
  0 -1  0  0  0 0
  0  1  0  0 -1 1
6	% 
 -1  0  0  1  0  1
  4  0  0 -1  1 -4
 -4  0  0  0 -2  5
 -2 -1  0  0 -1  2
  2  0  0  0  1 -2
 -2  0 -1  0 -1  2
2-2,2-2;1;1 2 5
16 
#1 
6	% 
  1  0 0 0  0 0
  0 -1 1 0  0 0
  0  0 0 1 -1 0
  0  0 0 1  0 0
 -1  0 1 0  0 1
  0  1 0 0  1 0
2-2;2-2;1;1 1 15
16 
#1 
6	% 
 -1 -1  0 0 0  0
  1  0  0 0 1 -1
  1  0  0 1 0 -1
  1  0 -1 0 0 -1
 -1  0  0 0 0  1
  2  0  0 0 0 -1
2-1;2-1;1,1 1 7
3 
#1 
6	% 
  0 1  3  0  0  2
  0 0 -1  0  0  0
  0 0 -1  0 -1  0
  0 0 -1 -1  0  0
 -1 0 -1  0  0  0
  0 0 -2  0  0 -1
2-1,2-1;1,1 2 2
6 
#1 
6	% 
 1  0 0 0  0 -1
 0  0 0 1  1 -1
 0 -1 1 0  0  0
 0 -1 0 0 -1  0
 0  0 0 0  1  0
 0  1 0 0 -1  1
2-1,2-1;1,1 2 3
6 
#1 
6	% 
  0 1 -1  0  0  0
  3 0  0  5  3 -8
 -4 0  0  9 10 -8
 -4 0 -1  1  3  1
  1 0  0 -4 -4  4
 -4 0  1  1  3  2
1,1;1,1;1;1 1 22
3 
#1 
6	% 
  1  0 0  0 0  1
  0  0 0  1 1 -1
  1  0 1  0 0  1
  1 -1 0  0 0  0
 -1  0 0 -1 0  0
 -1  0 0  1 0 -1
1,1;1,1;1,1 1 8
1 
#1 
6	% 
  0  1 1 0  0  1
  0  0 0 1  1 -1
 -1  0 0 0  0 -1
  1  0 0 0  1  0
  1  1 0 0  0  1
  0 -1 0 0 -1  0
3,3 7 1
8 
#1 
6	% 
 -1 -1 -1  0  0 -1
 -1  0  0 -1  0  1
  1  0  1  0  0  0
  0  0 -1  0  0 -1
  0  0  0  0 -1  0
 -1 -1 -1 -1 -1  0
3;2-2;1 2 6
8 
#1 
6	% 
  0 -1  0 -1 0  0
  0  0  0  1 0  0
 -1 -1  0  0 0  0
 -1  0  0  0 0  1
 -1 -1 -1  0 0  0
  0  0  0  1 1 -1
3,3 2 1
4 
#1 
6	% 
 0  0 -1 0  1 -1
 0  0  0 0  1 -1
 0  0 -1 0  0 -1
 0  0  0 1 -1  0
 0 -1  1 0  0  0
 1  0  0 0  0  0
1,1;1;1;1;1 1 23
12 
#2 
6	% 
  0  0 1  0 -1  1
  0  0 0  0  1 -1
 -1  0 0  0  0  0
  0  0 0 -1  0  0
  0 -1 0  1  0 -1
  0  0 0 -1  1  0
6	% 
  0 -1  0  0  1 -1
  0  1  1  0 -1  1
 -1  0  0  0  0  0
  0 -1 -1 -1  0 -1
  0  0  1  1  0  0
  0  0  0 -1 -1  1
1,1;1;1;1;1 1 19
3 
#1 
6	% 
  0  0  0 1  3 -2
 -1  0  0 0  1  0
  0 -1  0 0  1 -1
  0  0  0 0  1 -1
  0  0 -1 0 -1  0
  0  0  0 0 -2  1
1,1;1;1;1;1 1 47
24 
#2 
6	% 
 -1 0 0 0  0  0
  0 1 0 0  0  1
 -1 0 0 0 -1  1
  0 0 1 0  0  0
 -1 0 0 1  0  0
  1 0 0 0  0 -1
6	% 
 -1 1  1 -1 -1  2
  0 0 -1  1  1 -1
 -1 1  1  0 -1  2
  0 1  1 -1  0  1
 -1 1  0 -1 -1  2
  1 0  0  0  0 -1
1,1;1;1;1;1 1 49
3 
#1 
6	% 
  0  3 1  0  0  2
  0  1 0  0  0  0
  0  1 0  0 -1  1
  0  1 0 -1  0  1
 -1 -1 0  0  0  0
  0 -2 0  0  0 -1
1;1;1;1;1;1 1 32
3 
#1 
6	% 
 0 -1 1 0 0  0
 0  1 0 0 0  0
 0 -1 0 1 0 -1
 1 -1 0 0 0 -1
 0  1 0 0 1  0
 0  2 0 0 0  1
1;1;1;1;1;1 1 16
1 
#1 
6	% 
 1 0 0 0  0 -1
 0 0 0 0 -1  1
 0 0 1 0  0  0
 0 0 0 1  0  0
 0 1 0 0  0  1
 0 0 0 0  0  1
