#37

1;1;1;1;1;1 1 22
1 
#1 
6	% 
 1 0 0 0 0 0
 0 1 0 0 0 0
 0 0 1 0 0 0
 0 0 0 1 0 0
 0 0 0 0 1 0
 0 0 0 0 0 1
1,1,1,1,1,1 1 1
1 
#1 
6	% 
 1 0 0 0 0 0
 0 1 0 0 0 0
 0 0 1 0 0 0
 0 0 0 1 0 0
 0 0 0 0 1 0
 0 0 0 0 0 1
1,1,1,1,1;1 1 2
6 
#2 
6	% 
  0  0 -1 1 0  0
 -1  0 -1 0 0  0
 -1  0 -2 0 0  1
 -1  1 -1 0 1  1
  1 -1  2 0 0 -1
 -1  1 -2 0 1  1
6	% 
  0  0  1  0  0 -1
  0  1  0  0  0 -1
  1  1  1 -1  1  0
  0  0  0  0  1 -1
 -1 -1 -1  0 -1  1
  0  1  1 -1  1 -1
1,1,1,1;1,1 1 3
12 
#2 
6	% 
 0  0 -1 0 0 1
 0  1 -1 0 0 0
 0  0  1 0 1 0
 1 -1  1 0 0 0
 0  1 -1 1 1 0
 0  0 -1 0 0 0
6	% 
  0  0  0  0  1 -1
  0 -1  1  0 -1 -1
  0  0  0 -1  0  0
  0  0 -1  0  0  1
  0 -1  0  0 -1 -1
 -1  0  0  0  0  0
1,1,1,1;1,1 1 2
3 
#2 
6	% 
  0  1  0  1  1 0
 -1  0 -1  0  0 0
  0  1  1  0  1 0
  0  0  0  0  2 1
  1 -1  0 -1 -2 0
 -1  1  0  1  1 0
6	% 
 0  0  1  0  0  1
 0 -1  0  0  0  0
 0  1  1  0  2  2
 1  0  0 -1 -1  0
 0  0 -1  1  0 -1
 0  0  1  1  1  1
1,1,1;1,1,1 1 4
4 
#1 
6	% 
 -1 -1  0  0  1  0
 -1  0  0  0  2 -1
  1  1  0  1 -2  0
  0  0 -1 -1  0  0
  1  0  1  1 -2  0
  0  0  0 -1  2  1
1,1,1;1,1,1 1 3
4 
#1 
6	% 
  1 1  1 -1  0  0
 -1 0  0 -1 -1 -1
  0 0  1  1  1  1
  0 0 -1  0  0  0
  1 0 -1  0 -1  1
  0 0  1  0  1  0
1,1,1;1,1,1 1 2
2 
#1 
6	% 
  1  0  0  0 0 0
  1  0  0 -1 0 0
  0  0 -1  0 0 1
  0 -1  1  0 0 0
 -1  1  0  0 0 0
  1  1  0  0 1 0
1,1,1,1;1;1 1 6
1 
#1 
6	% 
  0 0  1 -1  0 0
  1 1  0  0  0 0
  1 0  1  0  0 0
 -1 0 -1  1  1 1
  1 0  1 -1 -1 0
  0 0  0  0  1 1
1,1,1;1,1;1 1 11
8 
#1 
6	% 
  2  0  0 0 -1 0
  2  1  1 0  0 0
 -5 -1 -1 1  2 0
  1  0  0 0  0 1
  1  1  0 0  0 0
  1  0  0 0 -1 0
1,1,1,1;1;1 1 5
12 
#2 
6	% 
  1 0  0 0 -1 -1
  2 0  0 1 -1 -1
  1 0  0 0  0  0
 -2 1  0 0  2  1
  2 0 -1 0 -2 -1
 -1 0  0 0  1  0
6	% 
  0  0  0  0  1 -1
  0  0  0  0  0 -1
  0  0  0  1  1 -1
  1  0 -1 -1 -1  2
 -1 -1  0  1  0 -2
  1  0  0  0 -1  1
1,1,1;1,1;1 1 12
24 
#2 
6	% 
  0 0 0  0 -1 -2
 -1 0 0 -1 -1 -2
  1 1 1  1  3  4
  0 0 0 -1 -1 -1
  0 1 0  1  2  2
  0 0 0  0 -1 -1
6	% 
 1  2 -2 -1  0  2
 0  1 -1  0  0  0
 0 -3  3  0 -1 -2
 0  1  0  0  1  0
 0 -2  1  0 -2 -1
 1  1 -1  0  0  1
1,1,1;1,1;1 1 6
4 
#1 
6	% 
  0 -2 0 0 -1  0
  0 -2 1 0  0  1
  0  3 0 0  1 -1
 -1 -1 0 0  0  0
 -1  0 0 1  1  0
  0 -1 0 0 -1  0
1,1,1,1;1;1 1 4
2 
#1 
6	% 
  0  0  1 0  0  0
  0 -1  0 0 -1 -1
  0  1 -1 0 -1  0
  0  0  0 0  1  0
 -1  0  0 0  0  0
  0  0  0 1  0  0
1,1,1;1,1;1 1 9
8 
#1 
6	% 
  0  0 0  0 -1  0
  0  1 1  0  0  0
  0 -1 0  0  1  0
  1  0 0 -1 -1  1
 -1  0 0  0  0 -1
 -1  0 0 -1  0  0
1,1,1;1,1;1 1 7
8 
#2 
6	% 
 1 0 0 -1  2 0
 0 0 0  0 -1 0
 0 0 0  0  1 1
 0 1 0  0  0 0
 0 1 1  0  1 0
 1 0 0  0  1 0
6	% 
  1 0  2 -1  0  0
  2 0  2 -2 -1  0
 -3 1 -3  3  2  0
  1 0  1 -1 -2 -1
  0 0  0  0 -2 -1
  0 0  1 -1  0  0
1,1,1;1,1;1 1 10
8 
#1 
6	% 
  0  1  1  0  2 0
  0  1  1  0  3 0
  0 -2 -2  0 -6 1
  0  0  1  0  1 0
  0  1  0 -1  1 0
 -1  0  0 -1  0 0
1,1,1;1;1;1 1 16
4 
#1 
6	% 
  0 -1 -1  0 -1 0
 -1 -3 -2  0 -2 0
  0  3  2 -1  2 0
  0 -2 -1  0 -2 0
  0 -2 -1  0 -1 1
  0  0  0  0  0 1
1,1;1,1;1;1 1 28
16 
#1 
6	% 
  0  0  1  0  1  1
  0 -1 -1 -1 -1  1
  0 -1  0  0  0  1
 -1  1  1  0  1  0
  0  0  0  0 -1 -1
  0  0  0  0  0 -1
1,1;1,1;1,1 1 10
8 
#1 
6	% 
  0  0 1  0  0 -1
  0  0 0  1  1  0
 -1  0 0 -1 -1  1
  0 -1 0  0 -1 -1
 -1  0 0 -1 -2 -1
  1  0 0  0  0  0
1,1,1;1;1;1 1 15
8 
#1 
6	% 
 0  0 1 0  1  1
 0  0 0 0  0 -1
 0  0 0 1  0 -1
 0 -1 0 0 -1 -1
 1  0 0 0  0  1
 0  0 0 0  1  1
1,1,1;1;1;1 1 13
4 
#1 
6	% 
  0  0  1 0  1  1
  0 -1  0 0  0  1
 -1 -1  1 0  1  1
  0  0  0 1  0  0
  0 -1  1 0  0  1
  0  1 -1 0 -1 -1
1,1;1,1;1;1 1 24
8 
#1 
6	% 
  0 1  1  0  1  0
 -2 0  0  1  1 -1
  1 0  0 -2 -1  1
  1 0  0 -1  0  1
  1 0 -1 -1 -1  1
  0 0  1  0  0  0
1,1;1,1;1,1 1 9
4 
#1 
6	% 
  0 1 -1  0  0  0
 -1 0  0  0  2 -1
  0 0  0 -1  2  1
  0 0  0  0  1  1
  0 0  1  0  1  1
  0 0 -1  0 -1  0
1,1;1,1;1,1 1 8
1 
#1 
6	% 
 -1  0 0 1  1  0
  0  1 1 0  1  0
  0  0 0 0  1  1
  0  1 0 0 -1 -1
 -1  0 0 0 -1 -1
  1 -1 0 0 -1  0
1,1;1,1;1;1 1 32
1 
#1 
6	% 
  0  1 1 0  1 0
 -1  0 0 1  1 0
  0 -1 0 0  0 1
  1 -1 0 0 -1 0
  1  0 0 0  0 1
  0  0 0 0  0 1
1,1;1,1;1,1 1 6
2 
#1 
6	% 
  0  0 0  0 0 1
 -1  0 0  0 1 0
  0  0 0  0 1 0
  1  0 1  0 0 0
  0 -1 0  1 0 0
  0  0 0 -1 0 0
1,1;1,1;1;1 1 30
2 
#1 
6	% 
  0  1  0 -1 0 0
  0 -1  1  1 1 0
 -1  0 -1  0 0 0
  1 -1  1  0 0 0
  0  0  0  0 0 1
  0  0  0  0 1 1
1,1,1;1;1;1 1 8
4 
#1 
6	% 
 0 0 0 0 -1  1
 0 0 1 0  0 -2
 1 0 0 0 -1  1
 1 0 0 1  0  0
 0 1 0 0  1  2
 1 0 0 0  0 -1
1,1;1,1;1;1 1 25
8 
#1 
6	% 
  1  0  0 -1 -1  1
 -1  0  0  2  1 -1
  0  0 -1  0  1  0
 -1  0  0  1  0 -1
  0 -1  0  0 -2  0
  2  0  0 -1 -1  1
1,1;1,1;1;1 1 13
4 
#1 
6	% 
  0  0  0  0  0 1
 -1  0  0  0  0 0
  1  0 -1 -1 -2 0
  0  0  0  1  0 0
 -1 -1  0  1  1 0
  0  0  0  0  1 0
1,1;1,1;1;1 1 35
4 
#1 
6	% 
  0  2 -1 0 1 -2
  0  0  0 1 0  0
  0 -1  2 0 3  2
 -1  0  0 0 0  0
  0  1 -1 0 0 -1
  0 -1  1 0 1  1
1,1;1,1;1;1 1 22
2 
#1 
6	% 
  0  0 0 0  1  1
  0  1 1 0  1  0
  0  0 0 1  2  1
 -1  0 0 0  2  1
  0 -1 0 0 -2 -1
  0  1 0 0 -1 -1
1,1;1;1;1;1 1 42
2 
#1 
6	% 
 1 0 0 -1 -1 0
 0 0 1 -1  0 0
 0 1 0  1  1 0
 0 0 0 -1 -1 0
 0 0 0 -1  0 1
 0 0 0  2  1 0
1,1;1;1;1;1 1 33
4 
#1 
6	% 
  2  3  4 -2  1 -1
 -2 -3 -2  1 -1  0
  0  1  1 -1  0 -1
  0  0  0  0  0 -1
  0  0  0  0  1  1
  1  1  1  0  0 -1
1,1;1;1;1;1 1 30
8 
#1 
6	% 
  0 -2 -1 0 -1  1
 -1  1  1 0  1 -1
  0  1  2 0  1 -1
  0  0  0 1  0  0
  0 -1 -1 0 -1  1
  0  1  1 0  0 -1
1,1;1;1;1;1 1 19
1 
#1 
6	% 
  0 0 0 0  4  3
  0 0 0 1  2  1
  0 1 0 0  2  1
 -1 0 0 0  2  1
  0 0 1 0 -1 -1
  0 0 0 0 -3 -2
