#32

2-2;1;1;1;1 1 1
1 
#1 
6	% 
 1 0 0 0 0 0
 0 1 0 0 0 0
 0 0 1 0 0 0
 0 0 0 1 0 0
 0 0 0 0 1 0
 0 0 0 0 0 1
1,1,1,1,1,1 1 1
1 
#1 
6	% 
 1 0 0 0 0 0
 0 1 0 0 0 0
 0 0 1 0 0 0
 0 0 0 1 0 0
 0 0 0 0 1 0
 0 0 0 0 0 1
1,1,1,1,1;1 1 2
6 
#2 
6	% 
 0 -1  1  0 -1  0
 0  0  1  1  0  1
 0 -1  0  1 -1  0
 0  0  1  0  0  1
 1  0 -1 -1  1 -1
 1 -1  1  1 -1  1
6	% 
 -2  1 -1 -1 -1 -1
 -2  1 -1 -1 -1  0
 -2  1 -2 -1 -1 -1
 -2  1 -1  0 -1 -1
  3 -1  2  1  2  1
 -3  2 -2 -1 -2 -1
1,1,1,1,1;1 1 1
4 
#1 
6	% 
  0  0 0  0 -1  0
 -1  0 0 -1 -1 -1
 -1 -1 0  0 -1 -1
  0 -1 0 -1  0 -1
  1  1 0  1  1  1
  0  0 1  0  0  0
1,1,1,1;1,1 1 1
7 
#2 
6	% 
 0  0 -1 -1  0 -1
 0  0  0 -1 -1 -1
 0  0 -1  0 -1 -1
 0  0  1  1  1  1
 0 -1  0  0  0  0
 1  1  0  0  0  0
6	% 
  0 -1 0  0 -1 -1
 -1  0 0  0 -1 -1
 -1 -1 0  0  0 -1
  1  1 0  0  1  1
  0  0 0 -1  0  0
  0  0 1  1  0  0
1,1,1,1;1,1 1 2
24 
#2 
6	% 
 0 -1 0 0 -1 -1
 0  0 0 1 -1  0
 0 -1 0 0  0 -1
 0  0 1 0  0  0
 1  0 0 0  1  1
 1 -1 0 0 -1 -1
6	% 
  0  0  0 1  0  0
 -2  1  0 0 -1 -1
  0  0  0 0  1  0
  0  1  1 0  0  0
  1 -2 -1 0  0  0
 -1 -1 -1 0  0  0
1,1,1;1,1,1 1 1
4 
#1 
6	% 
  0 -1 -1  0  0  0
 -1  0 -1  0  0  0
  1  1  1  0  0  0
  0  0  0  0 -1 -1
  0  0  0 -1  0 -1
  0  0  0  1  1  1
1,1,1;1,1,1 1 2
18 
#1 
6	% 
  0  1  0  0 -1 0
  0  1  0  0  1 1
 -2  1 -1 -1  0 0
  0  0 -1  0  0 0
  1 -1  1  0  0 0
  1  0  1  0  0 0
2-2;1,1,1,1 1 1
1 
#1 
6	% 
 0 1  0  0  0  0
 1 0  0  0  0  0
 0 0  0 -1 -1 -1
 0 0 -1  0 -1 -1
 0 0 -1 -1  0 -1
 0 0  1  1  1  1
1,1,1,1;1;1 1 3
3 
#1 
6	% 
  0  0 -1  0 -1 -1
  0  0 -1 -1  0 -1
  0  0  0 -1 -1 -1
  0  0  1  1  1  1
 -1  0  0  0  0  0
  1 -1  0  0  0  0
1,1,1;1,1;1 1 4
24 
#2 
6	% 
  0 0  0  1  0 0
  0 0  0  1  1 0
  0 0 -1 -1 -1 0
 -1 2  0  0  0 1
  0 2  0  0  0 1
 -2 1  0  0  0 0
6	% 
 0 0 0  0 1  1
 0 0 0 -1 0  0
 0 0 0  0 0 -1
 1 0 1  0 0  0
 0 0 1  0 0  0
 0 1 0  0 0  0
1,1,1;1,1;1 1 2
36 
#2 
6	% 
 0 1 0 0 0 0
 0 0 0 0 1 0
 0 0 0 0 0 1
 0 0 1 0 0 0
 0 0 0 1 0 0
 1 0 0 0 0 0
6	% 
 -2  1 0 0 0  0
  0  0 0 0 1  1
  2 -1 0 0 0 -1
  0  0 1 0 0  0
  0  0 0 1 0  0
 -1  0 0 0 0  0
1,1,1,1;1;1 1 2
24 
#2 
6	% 
  0  0 0 0 -1 0
  0  2 0 0  0 1
  0 -1 0 1 -1 0
  0  0 1 0  0 0
 -1  0 0 0  1 0
 -1  1 0 0 -1 0
6	% 
  0 0 0 1 0 0
  0 0 0 0 1 0
  0 0 0 0 0 1
  0 0 1 0 0 0
  1 0 0 0 0 0
 -1 1 0 0 0 0
1,1,1;1,1;1 1 3
72 
#2 
6	% 
 0  1 0  0  0  0
 0  0 0  1  0  0
 0 -2 0 -1 -1  0
 1  0 0  0  0  0
 0  0 0  0  0 -1
 0  0 1  0  0  0
6	% 
 -2  1 0 0 0  0
  0  0 0 0 1  1
  2 -1 0 0 0 -1
 -1  0 0 0 0  0
  0  1 0 1 0  0
  0  0 1 0 0  0
1,1,1;1,1;1 1 1
16 
#2 
6	% 
 0  0 0  1 0 1
 0  0 0  1 0 0
 0  0 0 -1 1 0
 0 -1 0  0 0 0
 1  1 0  0 0 0
 0  0 1  0 0 0
6	% 
  0 -1 0 0  0 -1
 -1  0 0 0  0 -1
  1  1 0 0  0  1
  0  0 0 0 -1  0
  0  0 0 1  1  0
  0  0 1 0  0  0
1,1,1,1;1;1 1 1
6 
#1 
6	% 
  0 -1 0 0 -1 -1
 -1  0 0 0 -1 -1
 -1 -1 0 0  0 -1
  1  1 0 0  1  1
  0  0 1 0  0  0
  0  0 0 1  0  0
2-2;1,1,1;1 1 1
4 
#1 
6	% 
  0 1 0  0  0  0
 -1 1 0  0  0  0
  0 0 0  0 -1 -1
  0 0 0 -1  0 -1
  0 0 0  1  1  1
  0 0 1  0  0  0
1,1,1;1;1;1 1 5
12 
#1 
6	% 
  0  0 0  0  1  0
  0  0 0  0  1  1
  0  0 0 -1 -1 -1
  0  0 1  0  0  0
 -1  0 0  0  0  0
  1 -1 0  0  0  0
1,1;1,1;1;1 1 4
9 
#1 
6	% 
  0  0 1 0  0 0
  0  0 0 0  0 1
  0  0 0 0 -1 0
  0  0 0 1  1 0
 -1  0 0 0  0 0
  1 -1 0 0  0 0
1,1;1,1;1,1 1 1
3 
#1 
6	% 
 0 -1 0  0 0  0
 1  1 0  0 0  0
 0  0 0  1 1  0
 0  0 0 -1 0  0
 0  0 0  0 0 -1
 0  0 1  0 0  1
1,1;1,1;1;1 1 2
72 
#2 
6	% 
  0 2 0 0  0 1
  0 0 0 0 -1 0
  0 0 0 1  1 0
  0 0 1 0  0 0
 -1 0 0 0  0 0
 -1 1 0 0  0 0
6	% 
  2 -1 1 0 0 0
  0  0 0 0 1 0
  0  0 0 0 0 1
  0  0 0 1 0 0
 -1  0 0 0 0 0
  1 -1 0 0 0 0
1,1,1;1;1;1 1 2
36 
#2 
6	% 
  0 -1 0 0 0 -1
  0  1 0 0 1  1
  0  0 1 0 0  0
  0  0 0 1 0  0
 -1  0 0 0 0  0
 -1  1 0 0 0  0
6	% 
  0 0 0 0 0 1
  0 0 0 0 1 0
  0 0 1 0 0 0
  0 0 0 1 0 0
  1 0 0 0 0 0
 -1 1 0 0 0 0
1,1;1,1;1,1 1 2
36 
#1 
6	% 
 0  1 0 0  0 1
 0  0 0 0 -1 0
 0  0 0 1  1 0
 0  0 1 0  0 0
 1 -1 0 0  0 0
 1  0 0 0  0 0
1,1;1,1;1;1 1 7
36 
#1 
6	% 
 0  2 0 0 1 0
 0  0 0 0 0 1
 0  0 1 0 0 0
 0  0 0 1 0 0
 1 -1 0 0 0 0
 1  0 0 0 0 0
1,1;1,1;1;1 1 1
6 
#1 
6	% 
 0 -1 0 0  0 0
 1  1 0 0  0 0
 0  0 0 0  1 1
 0  0 0 0 -1 0
 0  0 1 0  0 0
 0  0 0 1  0 0
1,1,1;1;1;1 1 1
4 
#1 
6	% 
  0 -1 0 0 0 -1
 -1  0 0 0 0 -1
  1  1 0 0 0  1
  0  0 1 0 0  0
  0  0 0 1 0  0
  0  0 0 0 1  0
2-2;1,1;1,1 1 1
3 
#1 
6	% 
  0 1 0  0 0  0
 -1 1 0  0 0  0
  0 0 0 -1 0  0
  0 0 1  1 0  0
  0 0 0  0 0 -1
  0 0 0  0 1  1
1,1;1;1;1;1 1 3
18 
#1 
6	% 
  0  0 0  1 1 0
  0  0 0 -1 0 0
  0  0 0  0 0 1
  0  0 1  0 0 0
 -1  0 0  0 0 0
  1 -1 0  0 0 0
1,1;1;1;1;1 1 2
24 
#2 
6	% 
  0 2 0 0 0 1
  0 0 1 0 0 0
  0 0 0 1 0 0
  0 0 0 0 1 0
 -1 0 0 0 0 0
 -1 1 0 0 0 0
6	% 
  2 -1 0 0 0 1
  0  0 1 0 0 0
  0  0 0 1 0 0
  0  0 0 0 1 0
 -1  0 0 0 0 0
  1 -1 0 0 0 0
2-2;1,1;1;1 1 1
6 
#1 
6	% 
  0 1 0 0  0 0
 -1 1 0 0  0 0
  0 0 0 0 -1 0
  0 0 0 1  1 0
  0 0 1 0  0 0
  0 0 0 0  0 1
1,1;1;1;1;1 1 1
1 
#1 
6	% 
 0 -1 0 0 0 0
 1  1 0 0 0 0
 0  0 1 0 0 0
 0  0 0 1 0 0
 0  0 0 0 1 0
 0  0 0 0 0 1
1;1;1;1;1;1 1 2
3 
#1 
6	% 
  0  0 0 0 0 1
  0  0 1 0 0 0
  0  0 0 1 0 0
  0  0 0 0 1 0
 -1  0 0 0 0 0
  1 -1 0 0 0 0
