#22

4-1;1,1 2 3
1 
#1 
6	% 
 1 0 0 0 0 0
 0 1 0 0 0 0
 0 0 1 0 0 0
 0 0 0 1 0 0
 0 0 0 0 1 0
 0 0 0 0 0 1
1,1,1,1,1,1 1 1
1 
#1 
6	% 
 1 0 0 0 0 0
 0 1 0 0 0 0
 0 0 1 0 0 0
 0 0 0 1 0 0
 0 0 0 0 1 0
 0 0 0 0 0 1
1,1,1;1,1,1 1 4
12 
#1 
6	% 
  0 -1  1  0  0  1
  1 -1  1  1  0  2
 -1  3 -2 -2  0 -3
  0  0  0 -1  0  0
  0  0  1  1 -1  0
  0 -1  0  0  1  0
2-1;1,1,1;1 1 8
36 
#1 
6	% 
  0 -1  0  0 0  1
 -1 -1 -1  0 0  2
  0  1  0  0 0 -2
  0  2  0 -1 0 -2
  0 -1 -1  0 0  1
 -1 -1  0  0 1  2
1,1,1,1;1,1 1 3
19 
#2 
6	% 
  0  1 -1 -1  0 -1
  1  1 -2  1 -1  0
  0  1  0  0 -1  0
  0 -1  2  0  1  1
  1  0 -1  1  0  0
 -1  1 -1 -1  0 -2
6	% 
 -1 -1  0  0  0  1
 -2 -1  0 -1 -1  0
  0  0  1  0  0  0
  1  2 -1  0  1 -2
 -2 -1 -1 -1  0  0
  0  0  0  0  0  1
2-1',2-1';1,1 1 3
6 
#1 
6	% 
 0  1 -1  1  0  1
 0  0  1 -1 -1 -1
 0  0  0  0  0  1
 0  0  1  0  0  1
 1 -2  2  0  0  1
 0 -1  1  0  0  1
1,1,1,1,1;1 1 2
12 
#1 
6	% 
  0  0  0  0  1  0
  1  0  0  0  0  0
  0 -1 -1 -1  0 -1
  1  0  0  0  1 -1
 -1  1  1  0 -1  1
  1 -1  0 -1  1 -1
2-2;1,1,1,1 1 2
16 
#1 
6	% 
  1  0  0  0  0  0
  0 -1  0  0 -1  0
  2  2  1  1  0 -3
 -1  0 -1 -1  1  1
  1  0  0  1 -1 -2
 -1  0 -1  0  1  2
1,1;1,1;1;1 1 31
18 
#1 
6	% 
  1  1  1  1  2 -1
 -2 -1 -1 -1 -1  1
  1  0  2  1  1  0
  0 -1  1  1  0  1
  2  0  1  1  0 -1
  1 -1  1  0 -1  0
2-2;1,1;1,1 1 6
16 
#1 
6	% 
  0  1  0  0  1 -1
  1  0  1  1  0  0
  1 -2  1  1 -1  1
  2 -2  2  1 -2  1
 -2  1 -1 -1  2 -1
  1  0  0  1 -1  0
1,1,1;1,1;1 1 12
48 
#2 
6	% 
 -2  3 1 -5 -2 -3
 -1  1 0 -2 -1 -1
  4 -5 0  8  4  5
  0  0 0 -1 -1 -1
  2 -2 0  4  2  3
 -1  2 0 -3 -1 -2
6	% 
  0  0 -1 -1  0 -2
  1 -2  1  1 -1  0
 -1  3 -1 -1  1  1
  1 -1  1  1  0  0
 -1  1 -1 -1  0  1
  0  0  0 -1  0 -1
2-1;1,1;1;1 1 35
18 
#1 
6	% 
  1  0  2 0  0 -1
  0  1  0 0  0  0
 -1  0  0 1  1  1
  0 -2 -1 0 -1  1
  0  0 -1 1  0  0
  1  1  1 0  0 -2
3;1,1,1 1 3
12 
#1 
6	% 
  1 -4  1 -1 -1  2
  2 -4  2 -1 -1  1
  0 -1  0  0  0  0
  0  0  0 -1  0  0
  0  1 -1  0  0 -1
 -1  1  0  0  1  0
1,1;1,1;1,1 1 11
9 
#1 
6	% 
 -1  3 -1 -1 -1 -3
  0 -2  0  0  1  0
  0 -3  1  1  1  1
  0  1  0 -1  0  0
  1 -3  1  1  1  4
 -1  3 -1  0 -1 -3
1,1,1;1;1;1 1 15
12 
#1 
6	% 
  1  0 -1  1  2  3
 -2  1  1 -1 -1 -3
 -1  1  1 -1 -1 -2
 -2  1  1 -2 -1 -3
  1 -1  0  1  1  3
  1 -1 -1  2  2  4
1,1,1;1;1;1 1 19
12 
#1 
6	% 
  0  1  0  0  0 -1
  0  1  0 -1 -1 -2
  0  0  0  0  0 -1
 -1  0  0  0  1  1
  0 -1  0  1  0  1
  0  0 -1  0  0  0
1,1,1,1;1;1 1 5
18 
#1 
6	% 
  0  0  0  1  1  1
 -1  2 -1  1  1  0
  0  1  0  0  1  0
  0 -1  0 -1 -1 -1
  0  1 -1  1  1  0
 -1  0  0 -1  0  0
2-1,2-1;1,1 2 4
18 
#1 
6	% 
  0 1 -1 -1 0 -1
  0 0  1  1 1  1
  1 0  1  0 0 -1
  0 0  0 -1 0 -1
 -1 0  0  0 0  1
  0 1  0  0 1 -1
2-1;2-1;1,1 1 10
9 
#1 
6	% 
  1  0 1 1 0  1
  0 -1 0 0 0  0
 -1  0 0 0 1  0
  0  0 0 0 0 -1
  0  0 0 1 0  1
  1  0 0 1 0  0
1,1;1;1;1;1 1 34
3 
#1 
6	% 
 1  0  0  0  0 -1
 0 -1  0  1  0  1
 0  1 -1 -1 -1 -1
 1 -1  1  1  0  1
 0  1 -1 -1 -1 -2
 0  1 -1  0  0 -1
3;1,1;1 1 15
12 
#1 
6	% 
  0 1 -1 0  0 0
  0 0  0 1  0 1
  0 0 -1 1  0 0
 -1 1 -2 0 -1 0
  0 0 -1 0 -1 0
  1 0 -1 1 -1 0
1,1;1;1;1;1 1 57
3 
#1 
6	% 
  0  0  0  0  0  1
 -1  1 -1 -1  0  0
  1  0  0  0 -1  0
  0 -1  0  0  0 -1
  0  1 -1  0  0  0
  0  1  0 -1  0  0
