#45

5-1;1 3 3
1 
#1 
6	% 
 1 0 0 0 0 0
 0 1 0 0 0 0
 0 0 1 0 0 0
 0 0 0 1 0 0
 0 0 0 0 1 0
 0 0 0 0 0 1
1,1,1,1,1,1 1 1
1 
#1 
6	% 
 1 0 0 0 0 0
 0 1 0 0 0 0
 0 0 1 0 0 0
 0 0 0 1 0 0
 0 0 0 0 1 0
 0 0 0 0 0 1
2-1;1,1,1;1 1 8
160 
#3 
6	% 
  1  1  1  1  1  1
  0 -1  0  0  1  0
  0  0 -1 -1 -1 -1
 -1  0  0 -1 -1 -1
  1  0  1  0  1  0
  1  0  1  1  1  0
6	% 
  1  0  1  0  1  0
  1 -1  0  0  1  0
  0  0  0  0 -1 -1
 -1  1 -1 -1 -1  0
  1  0  0  0  0  0
  1  0  0  0  1  0
6	% 
 -1  1 -1  0  0 1
  1 -1  0  0  1 0
  0  1  0  0 -1 0
 -1  0  0  0 -1 0
  0  0  0  0  1 1
  0  0 -1 -1  0 0
2-1;1,1;1,1 1 11
60 
#1 
6	% 
 0 0 -1 0  1 1
 0 0  0 0 -1 0
 0 1  0 0 -1 0
 1 0  0 0  1 0
 0 0  0 1  1 1
 0 0 -1 0  0 0
1,1,1,1;1,1 1 3
75 
#3 
6	% 
  1  0 -1 -1 -2 -1
 -1  1  0  0 -1  0
  0  0  1  0  1  0
  0 -1  0  1  1  1
 -1  1 -1  0 -1  1
  0  0  0 -1 -1 -1
6	% 
 -1  1  1 -1 -2 -1
  0  0 -1  0 -1  1
  0 -1  0  1  1  1
  0  0  1  0  1  0
  0 -1  0  0  0  0
 -1  0  1  0  0  0
6	% 
  0  0 0  1  0  0
  0  0 1  0  0 -1
  1 -1 0  1  0 -1
  0  1 0  0  0  1
  1  0 1  1  1  0
 -1  0 0 -1 -1  0
1,1,1,1,1;1 1 2
20 
#1 
6	% 
 -1 0  0  0 -2  1
  0 0  1  0  0  0
 -1 1  0 -1 -2  1
  2 0  1  1  2 -1
 -1 0 -1  0  0  0
  0 1  1  0 -1  0
1,1,1;1,1,1 1 4
60 
#1 
6	% 
  0  0 -1  1 -1  0
 -1  1 -1  0 -4  0
 -2  1  1 -2  1 -1
  1 -1  0  2  1  1
  1  0  1 -2  3 -1
  1 -1  0  1 -1  1
2-1',2-1';1,1 1 3
30 
#1 
6	% 
 -1 -1  2  0  1  0
  0  0 -1  0 -1 -1
  1  0  0  0  0  0
  0  0  0 -1  0  0
  1  1  0  1  0  0
  0  0  1  0  0  0
2-2;1,1,1,1 1 2
40 
#1 
6	% 
  1  1 -1 -1  1 0
  1  1  0  0  0 0
  1  0  0  0  1 0
 -1 -1  0  1 -1 0
  1  1 -1  0  1 1
 -1 -1  0  0 -1 0
3;1,1,1 1 3
50 
#2 
6	% 
 -1  2 -1 -1 0  1
  0  1  0  0 1  1
 -1  1  0  0 0  1
  0  1  0 -1 0  0
  0 -1  1  0 0 -1
  0 -1  0  0 0  0
6	% 
  3 -3  1 0  2 -1
  0  0 -1 1  0  1
  2 -2  0 0  1 -1
  2 -2  1 1  2  0
 -2  1  0 0 -1  0
 -1  2  0 0 -1  0
2-1;1,1;1;1 1 35
120 
#3 
6	% 
 -1 -1 -1  0  0 0
  1  0  1  1  1 0
  0  0  0  1  0 1
  0  1 -1 -1 -1 0
  1  0  0  0  0 0
  0 -1  0  0  1 0
6	% 
  1 -1  1  1  0 0
  0 -1  0  0  1 0
 -1  1 -1 -1  0 1
 -1  1  0  0 -1 0
 -1  1 -1  0  0 1
  1 -1  0  1  0 0
6	% 
  0  0  0 -1 -1 -1
  1 -1  0  0  0 -1
 -1  1 -1 -1  0  1
  0  1  0  1  0  1
 -1  1 -1  0  0  1
  0 -1  0  0 -1 -1
2-1;1;1;1;1 1 37
30 
#1 
6	% 
 0  0 -1 0 -1 0
 0  1  0 0  1 1
 1  0  0 0  0 0
 0 -1  1 1  0 0
 1 -1  1 1  1 0
 0  1  0 0  0 0
2-1;1,1;1;1 1 32
120 
#2 
6	% 
 0  0  1 0 -1 -1
 0  0  0 0  1  0
 0  0  2 0 -2 -1
 1  0 -1 0  3  1
 0  0 -1 1  3  2
 0 -1 -1 0  3  1
6	% 
  0  1 -1  0  0  2
 -1  0  1 -1 -1 -2
  1  1 -2  1  0  3
  0 -1  2 -1 -1 -4
 -1 -1  2  0 -1 -3
 -1  0  1 -1 -1 -3
2-2;2-1;1;1 1 13
40 
#1 
6	% 
  0  0  0  1  0 1
  0  0 -1  0 -1 0
 -1  1  0 -1  0 0
  0 -1 -1  0 -1 0
  0  0 -1  0  0 1
  0  1  1  0  0 0
1,1,1;1;1;1 1 15
60 
#1 
6	% 
  1 -1  0 0 0 -1
  0  1  0 1 0  1
 -1  0  0 0 0  0
  0  1  0 0 0  0
  1 -1  1 1 1  0
  0 -1 -1 0 0  0
1,1,1;1;1;1 1 19
60 
#3 
6	% 
  0  2 0  0 0  1
  0  1 0  0 1  1
  0 -1 1  0 0 -1
 -1  1 0  0 0  1
  0  1 0 -1 0  0
  0  1 0  0 0  0
6	% 
  1  2  1  1 -1  2
  0 -1  0  0  1 -1
 -1  0 -1 -1 -1 -1
  1  1  0  1  0  1
  1  1  1  0  0  0
  0  1  1  1  0  1
6	% 
 -1  2  1 -1 -1  0
 -1  2  0 -1 -1  1
  1 -1 -1  0  1  0
  0  1  1 -1 -1 -1
 -1  1  1 -1  0  0
 -1  2  0 -1 -1  0
4-3';1,1 1 2
96 
#1 
6	% 
 -1  1 -1 -1  1  1
 -2  1 -1 -1  1  1
 -1  1 -1 -2  1  0
  0 -1  1  1 -2 -1
 -1  1 -1 -1  2  2
  2 -1  2  1 -1 -2
1,1;1,1;1,1 1 11
45 
#2 
6	% 
 -1 -1  2  2  1 0
  0  1 -2 -1  0 1
  0  1 -1 -2  0 0
  0  0  1  0  0 0
  2  2 -3 -3 -2 0
 -1 -2  3  4  2 0
6	% 
 -1  1 -1 -1 -2  1
  1 -1  2  0  2 -1
  1 -2  1  0  2 -1
  0  0 -1  1  0  1
  1 -1  1  2  3 -1
 -2  2 -1 -2 -4  1
2-2;1,1,1;1 1 5
80 
#1 
6	% 
  0  1 0 0 -1  0
 -1  1 0 0  0  1
  0 -1 0 0  0  0
  0 -2 0 0  0 -1
  1 -2 0 1  1  0
  1 -2 1 0  1 -1
1,1;1,1;1;1 1 31
90 
#2 
6	% 
  1  2  0  0  1  1
 -1 -1 -1 -1 -2 -1
  0  1  1  0  1  1
 -1  0  0  0  0  1
  1  0  1  1  2  1
  0 -1  1  0  1  0
6	% 
 -1 -1  0  0  0 -1
  2  0  1  1  2  0
  0 -1  0 -1  0 -1
  1  0  0 -1  0 -1
 -1  0 -1 -1 -2  0
  0  0  0 -1 -1  0
1,1,1;1,1;1 1 12
240 
#3 
6	% 
  3  1  2  2 -1  0
  3  2  2  2  0  1
 -8 -4 -5 -5  2 -1
  2  1  1  1  0  0
 -5 -2 -2 -3  1  0
  1  1  1  1 -1  0
6	% 
  0 -1  1  0  2 -2
  1  1 -1  1 -1  3
 -1  0  0 -1  0 -1
  1  1 -1  0 -1  1
 -1  0  0  0  0  0
  0  0  1  0  1 -1
6	% 
  3 -3  2   4   3 -2
  4 -5  4   6   5 -3
 -9 11 -9 -13 -11  7
  3 -3  3   4   2 -2
 -5  6 -5  -7  -5  4
  1 -1  1   2   1 -1
1,1,1,1;1;1 1 5
70 
#2 
6	% 
  1  0  0  0  0  0
  2 -1 -1 -1 -1 -1
  2 -1  0  0  0 -1
 -3  1  1  0  0  0
  3 -1  0 -1  0 -1
 -1  1  0  0  0  0
6	% 
  0  0  0  0 -1  0
 -1 -2 -1 -1  1 -2
  0  0  0  1  0  1
  0  1  0  0  0  0
  0  0 -1  0 -1  0
 -1  0  0  0  0  0
2-2;1,1;1,1 1 6
120 
#2 
6	% 
  1  0  0  0  1  0
  0  0  0 -1 -1 -1
 -1  0 -1  0 -2  0
 -1  0  0 -1 -3 -1
  1  0 -1  1  3  2
  0 -1  1 -1 -1 -2
6	% 
 -1  0  0  0  0  0
  1  0  0  0  1  0
  2 -1  0  0  1 -1
  3  0 -1  0  1  0
 -3 -1  0  0 -1  0
  1  1  0 -1  0  0
1,1;1,1;1;1 1 39
120 
#2 
6	% 
  1  1  0  1  2  2
 -1 -1 -1 -1  0 -1
  0  1  1  1 -1  1
 -1  0  0 -1 -3 -2
 -1 -1 -1  0  1  0
 -1 -1  1 -1 -2 -2
6	% 
  3 -2  0  1  3  1
 -3  2 -1  0 -3  0
  2 -1  0  0  2  0
 -2  1  0  0 -1  0
 -2  2 -1 -1 -2  0
 -1  1  0  0 -2 -1
2-1,2-1;1,1 2 4
90 
#2 
6	% 
  0  0  1 -1 0 -1
  0  0 -1  0 1  1
 -1  0  0  0 0  0
 -1  0  1  0 0  0
  1 -1  0  1 0  0
 -1  0  0 -1 0  0
6	% 
  0  0  0  1 0  0
 -1  0  0 -1 0  0
 -1 -1  0 -1 0 -1
  0 -1  1  0 1  0
  0  0  1  0 0  0
 -1 -1 -1 -1 0  0
2-1;2-1;1,1 1 10
45 
#2 
6	% 
  3 -1  1  1  0 -1
 -2  1 -1 -1  0  1
 -1  1  0  0 -1  0
  0  0  1  1 -1  0
  1  0 -1  0  0  0
  2 -1  1  2  0  0
6	% 
 -1  0 -2  0 -1  0
  1  0  1  0  1  0
  0  0  0 -1  0  0
  0 -1  0 -1  0 -1
  0  1 -1  0 -1  0
 -1  0 -1 -1 -1 -1
4-1;1,1 2 3
5 
#1 
6	% 
  2  1  3  3 0 1
 -1  0 -1  0 0 1
  0 -1  0  0 1 0
  0  0 -1 -1 0 0
  3  1  3  3 0 0
  0  0  0  1 0 1
4-1';1;1 1 6
60 
#1 
6	% 
  0 -1  2  0  1  0
  0  1  0  1  0  0
  1  0 -2  0 -1  0
 -1  0  1  0  0 -1
  0 -1  0  0 -1 -1
 -1  0 -1 -1  0  0
2-1,2-1;1;1 3 7
60 
#1 
6	% 
 0  0 -1 0  0  0
 0  1  0 0  0  0
 0 -1  1 0  0 -1
 0  0  1 1  0  0
 0 -1  0 0 -1 -1
 1  0  1 1  0  0
3;1,1;1 1 15
70 
#3 
6	% 
 0  0 1 -1  0 -1
 0  0 0 -1  0  0
 1  0 0 -1  0 -1
 2 -1 2  0 -1 -2
 1  0 1  0 -1 -1
 0  1 0 -2 -1 -1
6	% 
  0  0 0 -1 0 0
  0 -1 1  0 1 0
 -1  0 0  0 0 1
 -1 -1 0 -1 0 0
  0 -1 0  0 0 0
  0 -1 1  0 0 0
6	% 
  0  0 0 1 0 0
  0 -1 1 1 1 0
 -1  0 0 1 0 1
 -1  0 1 1 0 0
  0  0 1 1 0 0
  0  0 1 2 1 1
4-3;1,1 1 2
16 
#1 
6	% 
 -4  4 -4 -4 -2  1
  2 -2  2  2  1 -1
 -2  2 -1 -2 -1  0
 -2  2 -2 -1 -1  1
 -1  2 -2 -2 -1  0
  2 -1  2  2  1  0
2-1;2-1;1;1 1 29
15 
#1 
6	% 
 -1 0  0  0  0  0
  0 0  0 -1  0 -1
  1 0  0  1  1  1
  1 0  0  0 -1 -1
 -1 1  0 -1  0  0
 -1 0 -1  0  0  1
3;1;1;1 1 20
10 
#1 
6	% 
 -1  0 -1  0  0  1
 -1 -1  0  1  1  1
  1  0  0  0 -1 -1
 -2  0 -1  0  0  1
  1  0  0 -1  0 -1
  1  1  0  0  0  0
3;1,1;1 1 11
20 
#1 
6	% 
  1 -1 -2 1  4 2
  1 -1 -1 1  4 1
  0  0  0 1  1 1
  0  0 -1 0  0 0
  0  1  0 0 -1 0
 -1  0  0 0 -1 0
3;2-1;1 1 9
10 
#1 
6	% 
  0 -1  0  1  0 0
 -1  1 -1 -1 -1 0
 -1  1 -1 -1  0 1
 -1  1  0 -1  0 0
  0  1  1  0  0 0
  1  0  1  1  1 0
2-1;1;1;1;1 1 45
10 
#1 
6	% 
  1 -1  0  0  0 -1
 -1  1 -1 -1 -1  0
 -1  1  0  0 -1  0
 -1  1 -1  0  0  1
  1  0  1  1  0  0
  0 -1 -1  0  0  0
1,1;1;1;1;1 1 34
15 
#1 
6	% 
 -1  0 -1 -2  1 0
  0  0  1  1 -1 0
  1 -1  1  1  1 0
 -1  0  0  0  0 0
  0  0  0 -1  1 0
 -1  0 -1 -1  1 1
2-2;1,1;1;1 1 16
40 
#1 
6	% 
 -2  2 -2 -2  0  1
  2 -1  1  1 -1 -1
  1  0  1  0  0 -1
  1  0  1  1  0  0
 -1  1  0 -1  0  0
  0 -1  0  0  0  0
1,1;1;1;1;1 1 57
25 
#3 
6	% 
 -1  1 -1 -1 -1  0
  0  1  0  0  0  1
  0  1  0 -1 -1 -1
  1 -2  1  1  2  0
 -1  1  0 -1 -1  0
  0  1 -1 -1 -1  0
6	% 
 -1  0  1  0  0  0
  1 -1  0  1  1  1
  0 -1  1  1  1  0
  1  1 -1 -1 -1 -1
  0 -1  1  0  1  0
  0 -1  1  1  0  0
6	% 
  0  0  1  0  1 -1
  0  1  0 -1 -1  0
 -1  1  0  0 -1  0
  1 -1 -1  1  1  1
  0  1  1  0  0  0
  0  1  0 -1 -1 -1
1;1;1;1;1;1 1 45
10 
#1 
6	% 
  1 0  0  0  0  0
  0 0 -1  0 -1  0
  0 0  1  0  0 -1
  0 0  0  0 -1  0
 -1 0  0 -1  0 -1
  0 1  0  0  0  1
1,1;1;1;1;1 1 54
80 
#2 
6	% 
  0 -1 0 0 -1 -1
  0  0 0 0  1  0
  0  3 0 0  4  2
  0  2 1 0  5  2
  0  2 0 1  5  3
 -1 -2 0 0 -5 -2
6	% 
 -1  0 -1 -1 -1 0
  1 -1  0  1  1 0
  1 -1  1  2  1 0
  1  0  0  1  1 0
  1 -1  1  1  2 0
 -2  1 -1 -1 -1 1
2-2;1;1;1;1 1 22
40 
#1 
6	% 
  0 1  0 -1 -1 -1
  0 1  0  0  0  0
 -1 0  0  0 -1  0
 -1 1 -1 -1 -1  0
 -1 0  0  0  0  1
  0 0  0 -1  0 -1
4-1;1;1 2 7
5 
#1 
6	% 
  0  0 -1  0 -1  0
 -1  1 -1 -1 -1  0
  1  0  1  0  1  0
  0 -1  1  0  1  0
  0  0  0  0 -1 -1
  1 -1  1  0  2  0
3;1;1;1 1 23
10 
#1 
6	% 
 1 -1  0 0 0 -1
 1  0  0 1 1  1
 1  0  0 1 0  0
 0  0  0 1 1  1
 1  0 -1 0 0  0
 1  0  0 0 1  0
1;1;1;1;1;1 1 47
1 
#1 
6	% 
 -1  0 -1 0  0  1
  0 -1  0 0  0 -1
  0 -1 -1 0  0  0
  0  0  1 0  0  0
  0  0  0 1  0  1
  0  1  0 0 -1  0
