#104

4-1;1;1 2 4
1 
#1 
6	% 
 1 0 0 0 0 0
 0 1 0 0 0 0
 0 0 1 0 0 0
 0 0 0 1 0 0
 0 0 0 0 1 0
 0 0 0 0 0 1
1,1,1,1,1,1 1 1
1 
#1 
6	% 
 1 0 0 0 0 0
 0 1 0 0 0 0
 0 0 1 0 0 0
 0 0 0 1 0 0
 0 0 0 0 1 0
 0 0 0 0 0 1
1,1,1,1,1;1 1 2
18 
#3 
6	% 
  1  0  0  0  0  0
  0  0  1  0  0  0
  0 -1  0 -1 -1 -1
  1  0  1  0  0 -1
 -1  1 -1  1  0  1
  1 -1  1  0 -1 -1
6	% 
  0 -1 1  0 -1  0
  0 -1 0  0 -1  0
 -1  0 0 -1  0  0
  0 -1 0  1 -2  0
  0  1 0  0  2  0
  0 -1 1  0 -2 -1
6	% 
  1  0  0  1 1 1
  0  0 -1  0 0 0
  0  0 -1  1 0 0
  1  0  0  1 0 1
 -1 -1  1 -1 0 0
  1 -1 -1  1 0 1
1,1,1,1;1,1 1 3
68 
#4 
6	% 
  0  0  0  0 -1  2
 -1 -1  0 -1 -1  0
  0  0  1  0  0 -1
  0  1 -1  0  1  0
 -1  0 -1  0 -1  1
  0  0  1  0  0  0
6	% 
 -1  1 -1 -1 1 0
 -1  0 -1  0 0 1
  1 -1  0  1 0 0
  0  0  1  0 0 0
 -1  1  0  0 0 0
  0 -1 -1 -1 0 0
6	% 
  0  0  1  0  0  3
 -1  0  0  0  0 -1
  0  1  0  1  1  0
  0 -1 -1 -1  0  0
  0 -1  1  0 -1  0
  0  1  0  1  1  1
6	% 
 0  0  1  0  0  0
 1 -1  1  0  0  0
 0 -1 -2 -1  0  2
 0  0  1  0 -1 -2
 0  0  2  1  0 -1
 0  1 -2  0  1  2
2-1;1,1,1;1 1 8
24 
#1 
6	% 
  1 -1  1  1  1  1
 -2  2 -2 -2  0 -1
 -1  0  0  0 -1  0
  0  0  0  0 -1 -1
  0  0  1  0  1  0
  0 -1  0  0  1  1
1,1,1,1;1,1 1 2
7 
#2 
6	% 
  1  1  1  0 0  1
  1  0  1  0 0  1
  1  1  0  0 0  1
  0  0  0 -1 1  0
 -1 -1 -1  1 0 -1
  1  1  1  1 0  2
6	% 
 0  0 0 1  0  1
 0  0 0 0 -1  0
 1  0 0 0  1  1
 0 -1 1 0  0  0
 0  1 0 0  0 -1
 0  1 0 0  0  0
1,1,1;1,1,1 1 4
24 
#1 
6	% 
  1  0  1  0 0  0
  1 -1  1  0 0  0
 -1  1 -2  0 1  1
  0 -1  1  0 0 -1
 -1  1 -2 -1 0  1
  1 -1  1  0 0 -1
2-1;1,1;1,1 1 9
24 
#1 
6	% 
  1 -1  1  1  1  1
 -1  1  1 -1  1  0
  0  1 -1  0 -1 -1
 -1  1 -1 -1  0  0
  1 -1  0  1  0  1
  1  0  1  0  1  0
2-1',2-1';1,1 1 2
6 
#1 
6	% 
  0 -1 -1  0 0  0
 -1  0 -2  0 0  2
  0  0  0 -1 1  0
  0  0 -1 -1 0  0
  0  0  1  0 0 -1
  0  0 -1  1 0  1
1,1,1;1,1,1 1 2
4 
#1 
6	% 
 -1  0  1 0  0  0
  0  0 -1 0  0 -1
  0 -1  0 0 -1  0
  0  0  0 1  1  1
  0  1  0 0  0  0
  0  1  0 0  0 -1
2-1;1,1,1;1 1 6
24 
#2 
6	% 
 1  0 -1 1  1  1
 0 -1  0 0 -1  0
 0  0  1 0 -1 -1
 0  1  0 0  0  0
 0 -1  0 0  1  1
 1  0  0 0  1  0
6	% 
 -1 -1  0 -1  1  1
 -1  0 -1  0  0  1
  0  1  0  0 -1 -1
  0  0  1  0  0 -1
  1  0 -1  0  0  0
  0 -1  0 -1  0  0
2-1',2-1';1;1 1 4
6 
#1 
6	% 
 1  0  2  0  0 -2
 0 -1 -1  0  0  0
 0  0 -1  0  0  1
 0  0  2  0  0 -1
 0  0  1  0 -1 -1
 0  0  1 -1  0 -1
1,1,1;1,1,1 1 3
30 
#3 
6	% 
 -1  0 -1  0  0 1
 -1 -1  1  1 -1 0
  1  2 -1  0  1 0
  0 -1  1  0  0 0
  1  1 -1 -1  0 0
 -1  0  0  0  0 0
6	% 
 0  0  0  1 1  1
 1 -1 -1  0 0  0
 0  1  0  0 0  0
 0  0  0 -1 0  0
 0  1  1  0 0 -1
 0  0  1  1 0  0
6	% 
  0  1 1  0  0 -1
 -1  0 0  0  0  1
  0  0 0 -1  0 -1
  0 -1 0  0  0  0
  0  0 0  0 -1 -1
  0  1 0  0  0 -1
2-1;1,1;1,1 1 8
12 
#1 
6	% 
 0 -1  0  0  0  1
 0  0  0  0  0 -1
 0  0 -1 -1  0  0
 0  0  0  1  0  0
 1  0  0  0 -1 -1
 0  0  0  0 -1 -1
2-1;1,1,1;1 1 7
12 
#1 
6	% 
 0 0 1  0  1  0
 0 0 0 -1 -1 -1
 1 0 0  0  0  0
 0 1 0  0  0 -1
 0 0 0 -1  0 -1
 0 0 0  1  0  0
2-1;1,1;1,1 1 6
6 
#1 
6	% 
  0 0  0 1  1  1
 -1 1  0 0  0  0
 -1 0  0 0  0  0
  1 0 -1 0  0  0
  1 0  0 0  1  0
  1 0  0 0 -1 -1
2-1;1,1;1,1 1 10
12 
#1 
6	% 
 0 1  0  0  0 -1
 0 0 -1 -2 -1 -1
 0 0  1  1  2  1
 1 0  0  0  0  0
 0 0  1  1  1  1
 0 0 -1 -1 -1  0
2-1;1,1,1,1 1 2
6 
#1 
6	% 
 -1  0  0 -1 0  0
 -1  1  0 -1 1  0
  0  1  0 -1 0 -1
 -1  1  0 -1 0 -1
  0  0 -1  0 0  1
  1 -1  0  1 0  0
2-2;1,1,1,1 1 2
16 
#1 
6	% 
  1  0  0  0  1  0
  1 -1 -1  0  0  1
  0  0  0 -1 -1 -1
 -1  1  0  1  0  0
  1  0 -1 -1  0  0
 -1  1  1  1  0  0
2-2;1,1,1;1 1 5
48 
#2 
6	% 
  0  0 0 -1 -1 -1
  1  0 0  0  1  0
 -1  0 0 -1  0  0
 -1  0 1  0  0  0
 -1 -1 0  0  0  1
 -1  0 0  0  0  1
6	% 
 -1 -1  0  0 -1  1
  0  0 -1  1  0  1
  0  0 -1 -1  0  0
  0  1  0 -1  1 -1
  1  0  0 -1  1 -1
  1  1  0 -1  1 -1
1,1,1;1,1;1 1 10
144 
#5 
6	% 
 -2 -1 0  0 0  2
 -2 -2 0  0 0  3
  5  4 1  0 0 -7
 -1  0 0  0 0  1
 -1 -1 0  0 1  2
  0  0 0 -1 1  0
6	% 
 -1 -1  3  2  2 0
  0  0  1  1  1 0
  1  1 -6 -4 -4 1
  0 -1  1  1  1 0
  0  0  1  0  1 0
  0  0  0 -1  1 0
6	% 
  0  1  0 0 -2 -2
  0  0  0 0 -2 -1
  0 -1  0 1  5  4
  0  0  0 0 -1 -1
  0  1 -1 0 -1  0
 -1  0 -1 0  0  1
6	% 
 -1  0 -1  1  1  2
  0 -1  0  1  1  2
  1  2  1 -2 -2 -5
  0  0 -1  0  1  1
  0 -1  0  1  0  1
  0 -1  0  0  0  0
6	% 
 -2 0 0 -1  1  1
  0 0 0 -1  1  0
  3 1 0  3 -3 -2
 -1 0 1  0  1  1
  0 0 0 -1  0 -1
  0 0 1  0  0 -1
1,1,1,1;1;1 1 5
68 
#4 
6	% 
  1  0  1 0  0 -1
  1  1  1 0  0 -2
  1  0  0 0  0 -1
 -2  0 -1 1  0  2
  2  0  1 0 -1 -2
 -1 -1  0 0  0  1
6	% 
 0  1  0 0  0 -1
 0  1 -1 0  0  0
 0  0 -1 0 -1 -1
 1 -1  1 0  0  0
 1  1 -1 0  0 -1
 0  0  1 1  0  1
6	% 
  1  1  0  1  0  2
  1  1  0  1  1  1
  1  0  0  1  0  1
 -1 -1 -1 -1 -1 -1
  1  1 -1  1  1  2
  0 -1  0 -1  0 -1
6	% 
 0  0  0  1  1  1
 0 -1  0  1  1  2
 0 -1  0  1  0  1
 1  0  0 -2 -1 -2
 0  0 -1  2  1  2
 0  0  0 -1  0 -1
1,1,1;1,1;1 1 12
144 
#3 
6	% 
  0  0 -2 1 1  2
  0  1  0 0 0  0
  0  0  2 0 0 -1
  1  1  0 0 0 -1
 -1 -1  1 0 0  1
  0  0 -1 1 0  1
6	% 
 1 1  0  0 0  0
 0 0  0  0 0  1
 0 0  0  1 1 -1
 0 0 -1 -1 1  1
 0 0  1  1 0 -1
 1 0  0  0 0  0
6	% 
  0  0  0  0  0 -1
 -1 -1  0 -1 -1 -2
  2  2  0  1  1  2
  0 -1  0 -1  0 -1
  1  1  0  1  0  1
  0  0 -1  0  0  0
1,1,1;1,1;1 1 7
36 
#3 
6	% 
  0 0 -2 -1 -1  0
 -2 0  0  0  0  1
  3 0  1  0  0 -2
 -1 0  0  0  0  0
  0 1  0  0  0  0
  0 0 -1 -1  0  0
6	% 
 0 -3 -2 0 0  4
 0 -2 -2 0 0  3
 1  4  5 0 0 -7
 0 -1 -1 0 1  2
 0  0  0 1 1  1
 0 -2 -1 0 0  2
6	% 
  0 0 1 0  2  1
  0 0 0 0  2  1
  0 0 0 1 -3 -1
 -1 0 0 0  1  1
 -1 1 0 0  0  0
  0 0 0 0  1  1
1,1,1,1;1;1 1 4
7 
#2 
6	% 
  1 -1 1  0 0  0
  1  0 0  0 0  0
 -1  3 0  0 0  1
  0 -2 0  0 0 -1
  0  1 0 -1 0  0
  0  1 0  0 1  1
6	% 
 -1  1  0  0 0  0
  1  1  0  1 1  0
  2 -1  0 -1 0 -1
 -2  0  0  0 0  1
  1  0  0  0 0 -1
  1  0 -1  0 0  0
1,1,1;1,1;1 1 9
32 
#2 
6	% 
  0  0 0  0  0 -1
  0  1 1  0  0  0
  0 -1 0  0  0  1
 -1  0 0 -1 -1 -1
  1  0 0  0  1  0
  0  0 0 -1  1  0
6	% 
  0  0  0  0 0 -1
  0  0  0  1 1  0
  0  0  0 -1 0  1
  1 -1  1  0 0 -1
 -1  0 -1  0 0  1
 -1 -1  0  0 0  1
1,1;1,1;1,1 1 9
24 
#2 
6	% 
  0  0 0 1  1  1
 -1  0 0 0  0 -1
  0 -1 0 0  0 -1
  1 -1 1 0  0 -1
  1 -1 1 0 -1 -1
  0  0 0 0  1  1
6	% 
  0  0 1  0  0  0
 -1  0 0  0  1  1
 -1  0 0 -1  0  0
 -1 -1 0 -1 -1  0
  0 -1 0 -1 -1  0
  1  0 0  0  0 -1
1,1,1;1;1;1 1 13
16 
#2 
6	% 
  0 0 0  0  1  0
  0 0 0 -1  0  0
 -1 0 0  0  1  1
  0 1 1  0  0 -1
  0 0 1  0  1  0
  0 0 1  0 -1 -1
6	% 
 0  1  0  0 0  0
 0  0 -1  0 0  0
 0  1  0 -1 0  0
 1  0  0  0 1  0
 1  1  0  0 0  0
 1 -1  0  0 0 -1
2-2;1,1,1;1 1 6
16 
#1 
6	% 
  0  0  0 1  1 1
  0  0  0 0  1 1
  1 -1  0 0  0 0
  0  0 -1 0  1 1
  0  1 -1 0  0 0
 -1  0  0 0 -1 0
1,1,1;1;1;1 1 16
24 
#2 
6	% 
  0  0 0 -1 -1 -1
 -2 -1 0 -3 -2 -1
  1  2 0  3  2  1
 -1 -1 0 -2 -1 -1
 -1 -1 1 -2 -1 -1
  0  0 1  0  0 -1
6	% 
 -1 0 -1  1 -1  1
 -3 0 -2  1 -2  2
  3 0  2 -2  1 -3
 -2 0 -1  1 -1  1
 -2 1 -1  1 -1  1
  0 1  0  0  0 -1
1,1;1,1;1;1 1 24
48 
#2 
6	% 
  0 0  0 -1 1  0
 -1 0  0  0 0 -1
  0 1  0  0 0  1
  0 0 -1  0 0  0
  0 0  0  1 0  0
  0 0  1 -1 0 -1
6	% 
 1  0 -1  0  0  0
 0 -1  0 -1  2  1
 0  1  0  2 -1  0
 0  1  0  1 -1  0
 0  1  1  1 -1 -1
 0  0 -1  0  0  0
1,1;1,1;1;1 1 28
96 
#2 
6	% 
 0 -1  0 0 1  2
 0  1  0 0 0  0
 0  1  0 1 0  1
 1  0  1 0 0 -1
 0  0  1 0 0 -1
 0  0 -1 0 0  0
6	% 
 1  0  0  1  0  2
 1 -1  0  0 -1  0
 0  1  0 -1  0  1
 1 -1  1  1  0  0
 0  0  1  0  0 -1
 0  0 -1  0  0  0
1,1,1;1;1;1 1 15
48 
#1 
6	% 
  1  1 1  0  0  0
  0  0 0  0 -1 -1
  0 -1 0  0  0  0
 -1 -1 1  0  0 -1
  1  0 0  0  0  0
  0  0 0 -1  0  0
1,1;1,1;1,1 1 10
48 
#1 
6	% 
 -1  1 -1  0 0  0
  0  0  0  0 1  2
  0 -1  1  0 0  0
 -1  1 -1  0 0  1
 -1  0 -1  0 0  1
  0  0  0 -1 0 -2
1,1,1;1,1;1 1 11
48 
#2 
6	% 
  0  0 0 0 -2 -1
  1  1 0 0 -2 -2
 -1 -1 0 1  5  4
 -1  1 1 0 -1 -1
  1  0 0 0 -1 -1
  0  0 0 0 -1 -1
6	% 
 0 0 0  0  0 -1
 0 0 0  1 -1 -3
 0 0 1 -1  1  5
 0 1 0  0  0 -1
 0 0 0  1  0 -1
 1 0 0  0  0 -1
2-1;1,1;1;1 1 27
12 
#1 
6	% 
  0  0  0 1 -3 -1
  0  0 -1 0  1  1
  0  0  0 0  2  1
  0 -1  0 0  1  1
 -1  0  0 0  1  1
  0  0  0 0 -1 -1
2-1;1,1;1;1 1 25
48 
#1 
6	% 
 1 -1  1  1  1  1
 0 -1  0  1  0  1
 0  0  0  1 -1  0
 0  0 -1  0 -1  0
 1  0  0  0  1  0
 0  0  0 -1  0 -1
3;1,1,1 1 3
8 
#1 
6	% 
 -1 1 -1  1 1  1
  0 0  0  2 0  1
  0 1  0  1 0  0
 -1 0  0  1 0  1
  0 0  1 -1 0 -1
  0 0  0 -1 0  0
2-2;1,1;1,1 1 4
16 
#1 
6	% 
  0 0  0 1  1  1
  1 0  0 0 -1 -1
 -1 0  0 0 -1  0
 -1 0 -1 0  0  1
 -1 1  0 0  0  0
 -1 0  0 0  0  0
1,1,1;1;1;1 1 8
36 
#3 
6	% 
  1 0 1 0 0 -1
 -1 1 0 0 0  0
  1 0 0 1 0  0
  0 0 0 1 1  1
  1 0 0 0 0  0
 -1 0 0 1 0  1
6	% 
  1  0  1  1 1  0
 -1  0 -2 -1 0  1
  1  0  1  1 0  0
  0 -1  0  0 0  1
  2  0  1  1 0 -1
 -1  0 -1 -1 0  1
6	% 
 -1 1 0 -2 -2 -2
  1 0 0  2  1  1
 -1 0 0 -1 -1  0
  0 0 1  0  0  0
 -1 0 0 -1 -2 -1
  1 0 0  1  1  1
1,1;1,1;1;1 1 35
24 
#2 
6	% 
  2  0  1  0 0 -3
 -1 -1  0  0 1  2
  2  3 -1  0 0 -2
 -1 -1  0 -1 0  1
  1  0  1  0 0 -2
  1  2 -1  0 0 -1
6	% 
 0  0 -1 -2  1 -1
 0 -1  0  0  0  1
 0  0  1  1 -2 -2
 1  0  0  0  0  0
 0  0 -1 -1  1  0
 0  0  1  1 -1 -1
1,1;1,1;1,1 1 8
3 
#1 
6	% 
 1 0 -1  0 0  0
 0 0  0  1 1  1
 0 1  0  0 0  1
 0 0  0  1 0  0
 0 0 -1  0 0  0
 0 0  1 -1 0 -1
1,1;1,1;1,1 1 6
18 
#2 
6	% 
  0  0  0 1  3  2
  1  0 -1 0 -1 -1
  0  0  0 0 -2 -1
 -1  0  0 0  0  1
  0  1  1 0  0 -1
  0 -1 -1 0 -1  0
6	% 
  3 1  0  0  0 -2
 -1 0 -1 -1  0  1
 -2 0  0  0  0  1
  0 0  2  1  0 -1
  0 0  1  0 -1 -2
 -1 0 -1  0  1  2
1,1;1,1;1;1 1 21
18 
#2 
6	% 
  1 -1  0 0 0 0
 -1  0  1 0 0 0
  0  0 -2 0 0 1
  0  0 -1 1 0 1
  0  0  1 0 0 0
  0  0 -1 0 1 1
6	% 
 0 0 1  1  0  0
 0 0 0 -1  1  0
 0 0 0  0 -2 -1
 0 0 0  0 -1  0
 1 0 0  0  1  0
 0 1 0  0 -1 -1
1,1;1,1;1;1 1 22
9 
#2 
6	% 
  0 1 0  0 0  1
  1 0 1  0 0 -1
  0 0 0  0 1  1
  0 0 0 -1 0  0
 -1 0 0  0 0  0
  1 0 0  0 0 -1
6	% 
 -1  0 0  0 0 -1
  0  0 0  1 1  1
  0  0 1  0 0 -1
  0 -1 0  0 0  0
  0  0 0 -1 0  0
  0  0 0  1 0  1
1,1,1;1,1;1 1 6
16 
#2 
6	% 
 0 0  0 0 0 -1
 0 1  1 0 0  0
 0 0 -1 0 0  1
 0 0  0 1 0  0
 0 0  0 1 1  1
 1 0  0 0 0 -1
6	% 
 0 -2 0 0 0  1
 0 -1 0 1 0  1
 0  3 0 0 1 -1
 0 -1 0 0 0  0
 0  0 1 0 0  0
 1 -1 0 0 0  0
2-2;1,1;1,1 1 6
32 
#1 
6	% 
 0  0 1  1  0  0
 0  0 1  0 -1 -1
 1  0 0  0 -1 -1
 1  1 0 -1 -1 -2
 0 -1 0  1  1  2
 0  0 0 -1  0 -1
1,1;1,1;1;1 1 30
12 
#1 
6	% 
  0  1 0  0  1  0
  0 -1 0  1 -1  1
 -1  0 0 -1  0  0
  1  0 0  1 -1  0
  0  0 1  0  0 -1
  0  0 1  0  0  0
1,1;1,1;1;1 1 25
48 
#1 
6	% 
  0 0 -1  0  0  0
  0 0  1  0 -1 -1
  0 1  0  0  0  2
  0 0  1  0  0 -1
 -1 0  0  0  0 -2
  0 0 -1 -1  0  0
2-1;1;1;1;1 1 24
12 
#1 
6	% 
  0 0  0 0 1 0
  0 0  0 1 0 0
  0 1  0 0 0 0
  0 0  0 0 0 1
 -1 0  0 0 0 0
  0 0 -1 0 0 0
4-1;1,1 2 2
1 
#1 
6	% 
 0 0 0 1  3  2
 0 1 0 0 -1 -1
 1 0 0 0 -1 -1
 0 0 1 0 -1 -1
 0 0 0 0 -1  0
 0 0 0 0 -2 -1
2-1,2-1;1,1 2 3
6 
#1 
6	% 
  0  0  0 1 -1  0
  1 -3 -3 0  0  3
  6 -1 -5 0  0 -2
  2  2  0 0 -1 -4
 -2  1  2 0  0  0
  2  2  0 0  1 -3
2-1;2-1;1,1 1 7
6 
#1 
6	% 
  0  0  0 1  3  2
  0  0  0 0 -1  0
  0 -1  0 0 -1  0
  0  0 -1 0 -1  0
 -1  0  0 0 -1  0
  0  0  0 0 -2 -1
2-1,2-1;1,1 2 2
12 
#1 
6	% 
 -1  0  0 0  0  1
  0 -1 -1 0  0  1
  0  0  0 1 -1  0
  0  1  0 0 -1 -1
  1 -1  0 0  0  0
  0  1  0 0  1  0
2-1;2-1;1,1 1 5
3 
#1 
6	% 
 0 0  0 -3 1 -1
 0 1  0 -1 0 -1
 0 0 -1  1 0  1
 1 0  0 -1 0 -1
 0 0  0  1 0  1
 0 0  0  2 0  1
2-1;2-1;1;1 1 10
3 
#1 
6	% 
  1 1  0 0 0 -1
 -1 0 -1 0 0  1
  1 0  0 0 1  0
 -1 0  0 0 0  1
 -1 0  0 1 0  1
 -2 0  0 0 0  1
2-1,2-1;1;1 2 5
12 
#1 
6	% 
 0 1  3 0 0 -2
 1 0  0 0 0 -2
 0 0 -1 0 0  0
 0 0  0 0 0  1
 0 0  0 1 0  1
 0 0  0 0 1  1
2-1,2-1;1,1 3 2
12 
#1 
6	% 
  0  0  0  1 1  1
  1 -1 -1  0 0 -1
  2 -1  1  0 0 -3
  1  0  1  1 0 -1
 -1  0 -1  0 0  2
  1  0  1 -1 0 -2
2-1,2-1;1;1 3 4
12 
#1 
6	% 
 -1 0 -2 0  0  2
  1 1  3 0  0 -2
  1 2  5 0  0 -3
  2 2  6 0  0 -5
  1 1  3 0 -1 -3
  1 1  3 1  0 -2
2-1;2-1;1;1 1 13
6 
#1 
6	% 
 -1  0 0  0 0  1
  0  0 0  0 1  1
  0  0 0 -1 0 -1
  0 -1 0  0 0  0
  0  0 1  0 0 -1
  0  0 0  0 0 -1
4-1';1,1 1 2
12 
#1 
6	% 
  0  0  0  1 -1  0
 -1 -1 -1  0  0  1
  0 -1 -1  0  0  0
  0 -1 -1  1  0  1
  1  0  1  0  0 -1
  0 -1 -1 -1  0  0
4-1';1;1 1 4
12 
#1 
6	% 
  0  1  1  0 0 -1
 -1 -1 -1  0 0  2
 -1  0 -1  0 0  2
 -2  0 -2  0 0  3
 -1  0 -1  0 1  2
 -1  0 -1 -1 0  1
2-1,2-1;1;1 2 6
6 
#1 
6	% 
  1 0  0  0 0  0
 -1 1 -1  0 0  0
 -1 0 -1  0 0  0
  0 0  0  0 0 -1
  0 0  0  0 1  0
  0 0  0 -1 0 -1
1,1,1;1;1;1 1 19
8 
#1 
6	% 
 0  0  0  2 0  1
 0  0  0  1 1  1
 1  0  0 -1 0 -1
 0  0  0  1 0  1
 0 -1  0  1 0  1
 0  0 -1  1 0  1
1,1,1;1;1;1 1 9
24 
#1 
6	% 
  0 -1 0 0  0  1
  0  0 1 0  0 -1
  1  0 1 0 -1 -1
  1  0 1 1  0  0
 -1 -1 0 0  0  1
  0  1 0 0  0  0
1,1;1,1;1;1 1 13
36 
#2 
6	% 
  0 0  0 1  3  2
 -1 0  0 0  1  1
  1 1  1 0  1 -1
  0 0 -1 0  1  1
 -1 0 -1 0 -1  1
  0 0  0 0 -2 -1
6	% 
 1  3  0  0  0 -2
 0  1  0 -1  0 -1
 0  1 -1  1  1  1
 0  1  0  0 -1 -1
 0 -1  0 -1 -1  0
 0 -2  0  0  0  1
1,1;1,1;1;1 1 14
72 
#2 
6	% 
  0  1  0 -1 -1 -2
  0 -1  1  1  0  1
 -1  0 -1 -1  2  2
  1  0  1  1 -1 -1
 -1 -1 -1 -1  2  2
  0  1  1  0 -1 -2
6	% 
  1  1  1  0  0 -2
 -1 -1  0 -1  0  1
  2  0 -3  2 -2  1
 -1  0  1 -1  1  0
  2 -1 -3  2 -2  1
  0  1  1 -1  0 -2
1,1;1,1;1,1 1 7
24 
#1 
6	% 
 -1 -2  1 0  0  0
  1  1  0 0  0  0
  0  1 -1 0 -1  0
  1  0  1 0  0 -1
  0  1 -1 1  0  1
  0 -2  1 0  0  0
1,1;1,1;1;1 1 36
24 
#1 
6	% 
  1 -1  1 -1 -1 -1
 -1 -1 -1 -1  1  2
 -1  0  0  0  1  1
  0  0  0  1  0  0
  0 -1  0 -1  0  0
  0  0 -1  0  1  1
1,1;1,1;1;1 1 32
6 
#1 
6	% 
 1 0 -1 0  0  0
 0 0  0 1  1  1
 0 0  1 0  0 -1
 0 0  1 0 -1 -1
 0 0  0 0 -1 -1
 0 1  0 0  0 -1
2-1;1,1;1;1 1 14
12 
#2 
6	% 
  0  0  0 -3 1 -1
  0 -1  0 -1 0  0
  0  0 -1 -1 0  0
 -1  0  0  1 0  1
  0  0  0 -1 0  0
  0  0  0  2 0  1
6	% 
 1 -3  0  0  0  1
 0 -1 -1  0  0  1
 0 -1  0  0 -1  0
 0  1  0 -1  0 -1
 0 -1  0  0  0  1
 0  2  0  0  0 -1
2-1;1,1;1;1 1 22
24 
#1 
6	% 
 0 -1  0  0  0  0
 0  0 -1  1 -1  1
 0  0  0 -1  0 -1
 1  0  0  1 -1  0
 0  0  0  0 -1  0
 0  0  0  0  0  1
2-1;1;1;1;1 1 20
6 
#1 
6	% 
 0 -1 0 0  0  1
 0  0 0 0 -1 -1
 0  0 1 0  0  0
 0  0 0 1  0  0
 1  0 0 0  0 -1
 0  0 0 0  0 -1
2-1;1,1;1;1 1 28
24 
#1 
6	% 
 1 0  0 0 0 -1
 0 0  1 0 1  0
 0 0 -1 1 0  1
 0 1  0 0 0  0
 0 0 -1 0 0  1
 0 0  1 0 0  0
2-1;1,1;1;1 1 31
6 
#1 
6	% 
 0 0 0 1 -3 -1
 0 1 0 0  1  0
 1 0 0 0  1  0
 0 0 0 0 -2 -1
 0 0 0 0  1  0
 0 0 1 0  1  0
3;1,1,1 1 2
4 
#1 
6	% 
  0 0 -1 0 -1 0
  0 0  0 1  1 1
  0 0  0 0  0 1
 -1 0  0 0  0 1
  0 1  0 0  0 0
  0 0  1 0  0 0
2-1;1;1;1;1 1 29
6 
#1 
6	% 
  1 0  0 0 0  0
 -1 0  0 0 1  1
  1 0  0 1 0  0
  1 0 -1 0 0  0
 -1 1  0 0 0  0
  1 1  0 0 0 -1
1,1,1,1;1;1 1 6
6 
#1 
6	% 
  0  0 0  1  1  1
  1  0 0  1  0  0
  0  0 1  0  1  0
 -1  0 0 -1 -1 -1
  1 -1 0  1  1  1
  0  1 0  0  0 -1
1,1,1;1;1;1 1 18
4 
#1 
6	% 
 -1 0 0 0 -1  0
  0 0 0 1  1  1
  2 0 0 0  0 -1
 -1 0 0 0  0  1
 -1 1 0 0  0  0
 -1 0 1 0  0  0
1,1;1,1;1;1 1 38
12 
#1 
6	% 
 -1  0 0 -2  1 -1
 -1  0 0 -1  2  2
  1  0 0  1 -1 -1
  1 -1 0  1 -1  0
 -1 -1 0 -1  1  1
  0 -1 1  0  0  0
3;1,1;1 1 9
8 
#1 
6	% 
 -1  0  0 -1 0 0
  1  0  0  0 1 0
  0  0  0  0 0 1
  0  0 -1  0 0 1
  1  0  0  0 0 0
  0 -1  0  0 0 1
2-2;1,1;1;1 1 9
16 
#1 
6	% 
  1 0  0 -1 0 -1
  0 0  0  1 1  1
 -1 0  0 -1 0  0
 -1 0 -1  0 0  1
 -1 1  0  0 0  0
 -1 0  0  0 0  0
2-2;1,1;1;1 1 18
32 
#1 
6	% 
  1  0  0  0 1 0
 -1  0  0 -1 0 0
  0  1 -1  0 0 0
  0  0 -1  0 0 0
 -1 -1  1  0 0 1
  1  0 -1  0 0 0
2-2;1,1;1;1 1 16
32 
#1 
6	% 
  0  1 -1  0 1  0
  0 -1  1 -1 0  0
 -1  0  1  0 0  0
  0 -1  1  0 0  0
  0  1  0  0 0 -1
  1  0  0  0 0  0
3;1,1;1 1 7
16 
#1 
6	% 
 0 0  0 1  1  1
 0 1  0 1  0  0
 1 0  0 0 -1 -1
 0 0 -1 1  0  1
 0 0  0 0 -1  0
 0 0  0 1 -1  0
1,1;1;1;1;1 1 19
9 
#2 
6	% 
 1  0  3  0  0 -2
 0 -1  1  0  0  0
 0  0  1 -1  0 -1
 0  0  1  0  0  0
 0  0 -1  0 -1  0
 0  0 -2  0  0  1
6	% 
  0  0  0 1  3  2
  0 -1  0 0  1  1
 -1  0  0 0  1  1
  0  0  0 0  1  1
  0  0 -1 0 -1  0
  0  0  0 0 -2 -1
1,1;1;1;1;1 1 30
48 
#2 
6	% 
  1  0 0  0 0  0
 -1  1 0 -1 0 -1
 -1  1 0  0 0  0
  0  0 1  0 1  0
  1 -1 1  0 0  0
 -1  1 1  0 0 -1
6	% 
  0  0  1 -1 0 -1
  0  0 -1  0 0  1
  0  0 -1  0 1  1
 -1 -1  0  0 0  1
 -1  0  1  0 0  0
 -1  0 -1  0 0  1
1,1;1;1;1;1 1 23
36 
#2 
6	% 
  0  0 -1 0  0  0
  0 -1  1 1  0  1
  0  0  0 1 -1  0
  1  1  0 1  0 -1
 -1 -1  0 0  0  1
  1  0  1 0  0 -1
6	% 
  0 0 -1  0 1  1
  0 0  1  0 0 -1
  0 1  0  0 0 -1
  1 0  0  0 0 -1
 -1 0  0 -1 0  0
  1 0  1  0 0 -1
1,1;1;1;1;1 1 33
24 
#1 
6	% 
  1  2 0  0 1  0
  0 -1 0 -1 0 -1
  1  1 0  0 0 -1
  1  0 1  0 0 -1
 -1  0 1  0 0  0
  1  0 0  0 0  0
1,1;1;1;1;1 1 51
8 
#1 
6	% 
 -3 0 0 -2 -3 -1
  3 0 0  3  2  1
 -1 0 0 -1 -1 -1
 -1 1 0 -1 -1 -1
 -1 0 1 -1 -1 -1
  2 0 0  2  2  1
1,1;1;1;1;1 1 42
12 
#2 
6	% 
 -1 0 1 0 0  0
 -1 0 0 0 1  1
  1 0 0 1 0  0
 -1 1 0 0 0  0
 -1 0 0 0 0  0
  2 0 0 0 0 -1
6	% 
 0 0 0 1  1  1
 0 1 0 0  1  0
 1 0 0 0 -1 -1
 0 0 0 0  1  0
 0 0 1 0  1  0
 0 0 0 0 -2 -1
1,1;1;1;1;1 1 47
16 
#1 
6	% 
  0  0  0  1  1  1
  0  0  0 -1  0 -1
 -1  0  0  0  1  1
  0  0 -1  1  0  1
  0 -1  0  0  1  1
  0  0  0  1 -1  0
2-2;1,1;1;1 1 19
16 
#1 
6	% 
  0  0 0 1 -1  0
  1  1 0 0  1 -1
  0  0 1 0  0  0
 -1  0 0 0  0  1
 -1 -1 0 0  0  1
  0  1 0 0  0 -1
1;1;1;1;1;1 1 22
6 
#1 
6	% 
 0 1  0 0  0 -1
 0 0  0 0 -1  0
 0 0  0 1  0  1
 1 0  0 0  0  0
 0 0  0 0  0 -1
 0 0 -1 0  0  1
3;1,1;1 1 8
4 
#1 
6	% 
  0  0 0 1 -1  0
 -1  0 0 0  0  1
  0 -1 0 0  0  1
  0  0 0 0  1  1
  0  0 1 0  0 -1
  0  0 0 0  0  1
3;1,1;1 1 13
8 
#1 
6	% 
  0 1 0  0  0  0
 -1 0 0  0  0  1
  0 0 1  0  0 -1
  0 0 0  0 -1 -1
  0 0 0 -1 -1 -1
  0 0 0  0  0 -1
2-2;1;1;1;1 1 16
16 
#1 
6	% 
 0 1 -1 -1 0 -1
 0 0  0  0 1  0
 1 0  0  0 0  0
 0 1 -1  0 0  0
 0 1  0  0 0 -1
 0 0  1  0 0  0
1,1;1;1;1;1 1 53
1 
#1 
6	% 
 0 0 0 1 -3 -1
 0 0 0 0  1  0
 1 0 0 0 -1 -1
 0 1 0 0 -1 -1
 0 0 1 0 -1 -1
 0 0 0 0  2  1
1;1;1;1;1;1 1 37
1 
#1 
6	% 
 0 0 0 0 1  0
 0 0 0 1 0  1
 1 0 0 0 0  0
 0 1 0 0 0  0
 0 0 1 0 0 -1
 0 0 0 0 0 -1
1;1;1;1;1;1 1 16
3 
#1 
6	% 
 0 1 0 0  0  0
 0 0 0 0 -1 -1
 0 0 1 0  0  0
 0 0 0 1  0  0
 1 0 0 0  0 -1
 0 0 0 0  0 -1
1,1;1;1;1;1 1 49
2 
#1 
6	% 
  0  0 0  3 1  2
  0  0 1  1 0  0
  0 -1 0  1 0  1
 -1  0 0  1 0  1
  0  0 0 -1 0  0
  0  0 0 -2 0 -1
1;1;1;1;1;1 1 32
2 
#1 
6	% 
 0 0 0 -1 1  0
 0 0 0  1 0  0
 0 1 0 -1 0 -1
 0 0 1 -1 0 -1
 1 0 0  1 0  0
 0 0 0  2 0  1
3;1;1;1 1 9
8 
#1 
6	% 
  0 0  0  0 1  1
  0 0  0 -1 0 -1
  0 0 -1  0 0  0
  0 1  0  0 0  0
 -1 0  0  0 0  0
  0 0  0  0 0 -1
3;1;1;1 1 12
4 
#1 
6	% 
 0  0  0 0 1  1
 0  0  0 1 0  0
 0  0 -1 0 0  0
 1  0  0 0 0 -1
 0 -1  0 0 0  0
 0  0  0 0 0 -1
