#34

2-1;1;1;1;1 1 22
1 
#1 
6	% 
 1 0 0 0 0 0
 0 1 0 0 0 0
 0 0 1 0 0 0
 0 0 0 1 0 0
 0 0 0 0 1 0
 0 0 0 0 0 1
1,1,1,1,1,1 1 1
1 
#1 
6	% 
 1 0 0 0 0 0
 0 1 0 0 0 0
 0 0 1 0 0 0
 0 0 0 1 0 0
 0 0 0 0 1 0
 0 0 0 0 0 1
1,1,1,1;1,1 1 3
6 
#3 
6	% 
  0  1  0  0  0  0
 -1  0 -1  1 -1  1
 -1 -1  0  0  0  1
  1  0  0 -1  0 -1
 -1  0 -1  0 -1  0
  1  1  1  0  0  0
6	% 
  1 0 0  0 0 0
  1 1 1 -1 0 0
  0 0 0  0 1 0
 -1 0 0  1 0 0
  1 0 1  0 0 0
  0 0 0  0 0 1
6	% 
  1 0  1 1  1  1
  2 1  1 0  0  1
  0 0 -1 0 -1  0
 -1 0  0 0  0 -1
  1 0  1 0  0  0
  0 0  0 1  0  1
1,1,1,1,1;1 1 2
2 
#1 
6	% 
  1  0  0  0 0  0
  0  0  1  0 0  0
  0 -1  0 -1 1 -1
  1  0  1  0 0 -1
 -1  1 -1  1 0  1
  1 -1  1  0 1 -1
2-1;1,1,1;1 1 8
2 
#1 
6	% 
  0  1  0 0 0  0
 -1  1  0 0 0  0
  1 -1  0 0 0 -1
  1 -1  0 0 1  0
 -1  1  0 1 0  0
 -1  1 -1 0 0  0
1,1,1,1,1;1 1 1
2 
#1 
6	% 
  0 0  0  0 -1  0
 -1 0 -1  0 -1 -1
 -1 0  0 -1 -1 -1
  0 0 -1 -1  0 -1
  1 0  1  1  1  1
  0 1  0  0  0  0
1,1,1;1,1,1 1 3
6 
#2 
6	% 
  1  0  0  1 -1  0
  0 -1 -1 -1 -1 -1
  0  1  0  1  0  1
 -1  0  0 -1  0  0
  0  1  1  0  1  0
  1  0  0  0 -1  0
6	% 
 -1  0 -1 1  0  0
  0  1  0 0 -1 -1
 -1 -1  0 0  0  1
  1  1  1 0  0  0
  1 -1  0 0  1  0
 -1  1  0 1  0  0
1,1,1,1;1,1 1 2
4 
#1 
6	% 
  0 0  1  0  0 0
  1 0  0  0  0 0
  1 0  1  1 -1 1
  0 1  0  1  1 0
 -1 0 -1 -1  0 0
  1 0  1  0 -1 0
1,1,1,1;1,1 1 1
1 
#1 
6	% 
 0  0 -1 -1  0 -1
 0  0  0 -1 -1 -1
 0  0 -1  0 -1 -1
 0  0  1  1  1  1
 0 -1  0  0  0  0
 1  1  0  0  0  0
2-1;1,1;1,1 1 9
2 
#1 
6	% 
 1 0 0 0  0  0
 0 1 1 1 -1 -1
 0 0 0 0  1  0
 0 0 1 0  0  0
 0 0 0 0  0  1
 0 0 0 1  0  0
1,1,1;1,1,1 1 2
2 
#1 
6	% 
  0  1  0  0  0  0
  1  1  0  1  1  0
  0  0 -1 -1  1 -1
  0  0  0  0  0  1
 -1 -1  1  0 -1  0
  1  1  1  1  0  0
1,1,1;1;1;1 1 7
2 
#1 
6	% 
 0  1 1  1 -1 -1
 1  0 0  0  0  0
 0  1 0  0 -1  0
 0 -1 0 -1  1  1
 0 -1 0 -1  0  0
 0  1 1  1 -1  0
1,1,1;1,1;1 1 8
12 
#3 
6	% 
 0  2  1  1 -1 -1
 0  2  1  0  0 -1
 0 -5 -3 -1  1  3
 0  1  0  1  0 -1
 0  1  1  0  0  0
 1  0  0  0  0  0
6	% 
  0 0  0  0 -1  1
 -2 0 -1  1 -1  1
  3 0  1 -1  3 -3
  0 0  0  0 -1  0
 -1 0  0  1  0  1
  0 1  0  0  0  0
6	% 
  2 0  1  1  1  1
  2 0  1  0  0  1
 -5 0 -3 -1 -1 -3
  1 0  0  1  0  1
  1 0  1  0  0  0
  0 1  0  0  0  0
1,1;1,1;1;1 1 36
12 
#3 
6	% 
  0 1 0  0  0  0
  1 0 0  0  0  0
  1 0 0  0  0 -1
 -1 0 0  0 -1  0
  1 0 0 -1  0  0
  1 0 1  0  0  0
6	% 
  0 1 0  0 0 0
  1 0 0  0 0 0
  1 0 0 -1 0 0
 -1 0 0  0 0 1
  1 0 0  0 1 0
  1 0 1  0 0 0
6	% 
 0 1 0  0  0 0
 1 0 1 -1 -1 1
 0 0 1  0  0 0
 0 0 0  0  1 0
 0 0 0 -1  0 0
 0 0 0  0  0 1
1,1;1,1;1;1 1 9
1 
#1 
6	% 
 0 -1  0  0  0  0
 1  1  0  0  0  0
 0  0  0 -1  0  0
 0  0  0  1 -1 -1
 0  0  0  0 -1  0
 0  0 -1 -1  1  0
1,1;1,1;1,1 1 5
3 
#2 
6	% 
 0 -1  0  0 0  0
 1  1  0  0 0  0
 0  0  1  0 1  0
 0  0 -1  0 0  0
 0  0  0 -1 0 -1
 0  0  0  0 0  1
6	% 
 1 0 0 0 0 0
 0 1 0 0 0 0
 0 0 0 1 0 0
 0 0 0 0 1 0
 0 0 1 0 0 0
 0 0 0 0 0 1
1,1,1;1;1;1 1 19
4 
#2 
6	% 
 1 0  0 0  0  0
 0 1  0 0  0  0
 0 0  0 0  0 -1
 0 0 -1 0  0  0
 0 0  0 1  0  0
 0 0  0 0 -1  0
6	% 
  1  1 0  0  0  0
  0  1 0  0  0  0
 -1 -1 0  0  0 -1
  1  1 0  0 -1  0
  1  1 0 -1  0  0
  1  1 1  0  0  0
1,1,1,1;1;1 1 5
1 
#1 
6	% 
  0  1  1  1 -1 -1
  1  0  1  1 -1 -1
  1  1  1  0 -1 -1
 -1 -1 -1 -1  1  2
  1  1  2  1 -1 -1
 -1 -1 -1 -1  0  1
1,1,1,1;1;1 1 2
4 
#1 
6	% 
 0  1  0 0  0  0
 0  1  0 0  0 -1
 0  1  1 1 -1  1
 1  0  0 0  0  0
 0 -1 -1 0  1  0
 0  1  1 1  0  0
1,1,1;1,1;1 1 7
4 
#1 
6	% 
 -4  0 -2 -1 1  2
 -2  0 -1  0 0  1
  5  0  2  0 0 -2
 -1 -1 -1  0 0  0
  0 -1 -1  0 0 -1
 -2  0 -1 -1 0  1
1,1,1;1,1;1 1 2
2 
#1 
6	% 
 0 0 -2 -1  1 0
 0 0 -1  0  0 1
 0 0  3  1 -1 0
 1 0  0  0  0 0
 0 1  0  0  0 0
 0 0 -1  0  1 0
1,1,1;1,1;1 1 9
2 
#1 
6	% 
  2  2  1  0  0  1
  1  1  0  0  0  0
 -2 -3 -1  0  0 -1
  1  1  1  0  0  0
  0  0  0  0 -1  0
  0  0  0 -1 -1  0
2-1;1,1;1;1 1 24
4 
#1 
6	% 
 0  1  0 0 0  0
 1  0  0 0 0  0
 0  1  0 0 0 -1
 0 -1 -1 0 0  0
 0  1  0 0 1  0
 0 -1  0 1 0  0
2-1;1,1;1;1 1 26
1 
#1 
6	% 
 0 -1 0  0  0 0
 1  1 0  0  0 0
 0  0 0  0  0 1
 0  0 0  0 -1 0
 0  0 0 -1  0 0
 0  0 1  0  0 0
1,1,1,1;1;1 1 1
1 
#1 
6	% 
 0 0 -1 -1  0 -1
 0 0 -1  0 -1 -1
 0 0  0 -1 -1 -1
 0 0  1  1  1  1
 1 0  0  0  0  0
 0 1  0  0  0  0
1,1,1;1,1;1 1 3
4 
#1 
6	% 
 0 0 -2 -1  1 0
 0 0 -1  0  0 1
 0 0  3  1 -1 0
 1 0 -1  0  1 0
 1 0  0  0  0 0
 0 1  0  0  0 0
1,1;1,1;1;1 1 23
3 
#2 
6	% 
 1 0  0  0 0  0
 0 1  0  0 0  0
 0 0  1  0 1  0
 0 0 -1  0 0  0
 0 0  0 -1 0 -1
 0 0  0  0 0  1
6	% 
 0 1 0 0 0 0
 1 0 0 0 0 0
 0 0 0 0 1 0
 0 0 0 0 0 1
 0 0 1 0 0 0
 0 0 0 1 0 0
1,1;1,1;1;1 1 16
4 
#1 
6	% 
 0 -1 0 -1 -1 0
 1  0 0  0  0 0
 0  0 0  0  0 1
 0  1 0  0  1 0
 0  0 1  0  0 0
 0 -1 0 -1  0 0
1,1,1;1;1;1 1 2
2 
#1 
6	% 
 0 0 -1  0  0 1
 0 0 -1 -1  1 0
 1 0  0  0  0 0
 0 1  0  0  0 0
 0 0  1  0 -1 0
 0 0 -1 -1  0 0
1,1;1,1;1,1 1 4
2 
#1 
6	% 
  0 -1  0 -1 -1  0
 -1  0 -1  0  0 -1
  1  0  0  0  0  1
  0  1  0  0  1  0
  0 -1  0 -1  0  0
 -1  0 -1  0  0  0
1,1;1;1;1;1 1 11
1 
#1 
6	% 
 1 0 0  0  0 0
 0 1 0  0  0 0
 0 0 0  1  0 0
 0 0 0 -1  1 1
 0 0 1  1 -1 0
 0 0 0  0  1 0
1,1;1;1;1;1 1 46
8 
#2 
6	% 
 0  1 0  0 0 0
 1  0 0  0 0 0
 0 -1 0  0 0 1
 0  1 0 -1 0 0
 0  1 0  0 1 0
 0  1 1  0 0 0
6	% 
 -1 0 -1  1  1 -1
  0 1  0  0  0  0
  1 0  0 -1 -1  1
 -1 0 -1  0  1 -1
 -1 0 -1  1  1  0
 -1 0 -1  1  0 -1
1;1;1;1;1;1 1 30
1 
#1 
6	% 
 1 0 0 0  0  0
 0 1 0 0  0  0
 0 0 0 0 -1  0
 0 0 0 1  0  0
 0 0 1 0  0  0
 0 0 0 0  0 -1
1,1;1;1;1;1 1 48
1 
#1 
6	% 
 0 -1 0 0  0 0
 1  1 0 0  0 0
 0  0 0 0  0 1
 0  0 0 0 -1 0
 0  0 0 1  0 0
 0  0 1 0  0 0
