#41

1;1;1;1;1;1 1 11
1 
#1 
6	% 
 1 0 0 0 0 0
 0 1 0 0 0 0
 0 0 1 0 0 0
 0 0 0 1 0 0
 0 0 0 0 1 0
 0 0 0 0 0 1
1,1,1,1,1,1 1 1
1 
#1 
6	% 
 1 0 0 0 0 0
 0 1 0 0 0 0
 0 0 1 0 0 0
 0 0 0 1 0 0
 0 0 0 0 1 0
 0 0 0 0 0 1
1,1,1,1,1;1 1 2
5 
#2 
6	% 
  0  1  0  0 0  1
 -1  0  0  0 0  0
  0  0  0 -1 0  0
  0  1  1  1 1  2
  0 -1 -1  0 0 -2
  0  1  1  0 1  1
6	% 
  0  0  0 0 -1  0
 -1  0  0 0  0  0
 -1  0  1 0 -1 -1
 -1  0  0 0 -1  1
  1 -1 -1 0  1 -1
 -1  0  1 1 -1  0
1,1,1,1,1;1 1 1
1 
#1 
6	% 
 0  0  0  0 -1  0
 0 -1 -1  0 -1 -1
 0 -1  0 -1 -1 -1
 0  0 -1 -1  0 -1
 0  1  1  1  1  1
 1  0  0  0  0  0
1,1,1,1;1,1 1 2
9 
#4 
6	% 
  0 -1  0  0  0 -1
  0 -1  0 -1  0 -1
  0 -1 -1  0  0 -1
  1  0  0  0  0  0
 -1  1  0  0 -1  1
 -1 -1  0  0  0  0
6	% 
  0 1  0  1 -1  0
 -1 0  0  0  0  0
  0 0 -1  0  0  0
  0 0  0  0 -2 -1
  0 0  0 -1  1  1
  0 0  0  1  0  0
6	% 
 0  0 1  0  0  0
 0 -1 0 -1 -1 -1
 0  0 0  0  0  1
 1  0 0  0  0  0
 0  1 0  0  0  1
 0  0 0 -1  0  0
6	% 
 1  0  0 0 0  0
 0  0  0 0 0  1
 0  0  0 0 1 -1
 0  0 -1 0 0  0
 0  0 -1 1 0  0
 0 -1  0 0 0 -1
1,1,1,1;1,1 1 3
6 
#1 
6	% 
  0  1  1 1 1  2
  1  1  2 1 0  1
  1  0  0 0 0 -1
  0 -1 -1 0 0 -1
  0  0  1 1 0  0
 -1  0  0 0 1  0
1,1,1;1,1,1 1 3
6 
#1 
6	% 
 -1 -1  0  1  1 -2
  0 -1 -1 -1 -1 -2
  0  1  1  1  1  1
  1  0  0 -1 -1  0
  0  1  1  1  0  2
 -1 -1  0  0  0 -2
1,1,1;1,1,1 1 2
4 
#2 
6	% 
  0  0 0  0  1  0
  1  0 0  0  1  1
  0 -1 0 -1  1  0
  0 -1 1  1  0 -1
 -1  1 0  0 -1  0
  1  1 0  0  0  1
6	% 
  0 -1  0 1 -1 -1
  0  0  0 0  1  0
 -1  0  0 0  0  0
  0  0 -1 0  0  0
  1  1  1 0  0  0
  1  0  1 1 -1  0
1,1,1,1;1;1 1 2
5 
#2 
6	% 
 0 -1 0  0 0 -1
 0  0 1  1 1  1
 0 -1 0 -1 0 -1
 1  0 0  0 0  0
 0  1 0  0 0  0
 0 -1 0  0 1 -1
6	% 
 0  0  1  0  0  0
 0  0 -1  0 -1  1
 0 -1 -1  1 -1 -1
 1  0  0  0  0  0
 0  0  1 -1  1  0
 0 -1  0  0  0  0
1,1,1;1,1;1 1 6
2 
#1 
6	% 
 0  0  2  2 -1 -1
 0  1  1  1 -1  0
 0 -1 -2 -3  2  1
 0  0  1  1  0  0
 1  0  0  0  1  1
 0  0  1  1 -1  0
1,1,1;1,1;1 1 7
18 
#3 
6	% 
 0 -2  0  2 1 -1
 0  0 -1  2 0  0
 0  1  2 -5 0  1
 0  0 -1  1 0  0
 1  0  0  0 0  0
 0 -1  0  1 1 -1
6	% 
  0  0 -2 0 -1 -1
  2  0  1 0  1  1
 -3  0  0 0 -1 -1
  1 -1  1 0  1  0
  0 -1  0 1  0 -1
  0  0 -1 0 -1  0
6	% 
 0  1  2  1  0  1
 0  2  2  2  1  3
 0 -4 -5 -4 -2 -6
 1  1  1  1  1  1
 1  0  0  0  0  0
 0  1  1  0  0  1
1,1,1;1,1;1 1 9
6 
#1 
6	% 
  2  1  0  1 -1  0
  1  0 -1  0  0  0
 -2 -1  1 -1  1  0
  1  1  0  0 -1  0
  0  0  0  0  1  0
  0  0  0  0  1 -1
1,1,1,1;1;1 1 5
6 
#1 
6	% 
  1  0  0  0  0  0
  1 -1 -1 -1 -1 -2
  1 -1 -1  0  0 -1
 -2  1  1  1  1  1
  2 -1 -1 -1  0 -2
 -1  0  1  1  0  0
1,1,1,1;1;1 1 6
1 
#1 
6	% 
 0 -1 0 -1 1 0
 1  0 0  0 0 0
 0  0 1  0 0 0
 0  0 0  1 0 0
 0  0 0 -1 0 1
 0  0 0  0 1 0
1,1,1;1,1;1 1 8
6 
#1 
6	% 
 0  1 -1 -1  0  1
 0  2  0 -2  1  3
 0 -3  2  3 -1 -4
 0  1 -1  0 -1  1
 0  1  0 -1  1  1
 1  0  0  0  0  0
1,1,1;1,1;1 1 3
4 
#2 
6	% 
 0  1 -1  1  0  1
 0  0  0  0 -1  0
 0 -1  1 -1  1 -2
 0  1 -1  0  0  1
 0  1  0 -1  0  1
 1  0  0  0  0  0
6	% 
 0  2  0 0 -1  1
 0  1  1 1 -1  0
 0 -2 -1 0  1 -1
 0  1  0 0  0  1
 0  0  0 0 -1  0
 1  0  0 0  0  0
1,1,1;1,1;1 1 5
12 
#3 
6	% 
  2 0  0  0  1  1
  1 0  0  0  0  0
 -2 0  0  0 -2 -1
  1 1  0  0  0  1
  0 0 -1  0  0  0
  0 1  0 -1  0  1
6	% 
 0  1 -1  1  0  1
 0  0  0  0 -1 -1
 0 -1  1 -1  1 -1
 0  1 -1  0  0  1
 1  0  0  0  0  0
 0  1  0 -1  0  1
6	% 
  2 1 0  1 -1 0
  1 0 0  0  0 0
 -2 0 1  0  0 0
  1 1 0  0 -1 1
  0 0 0  0  0 1
  0 1 0 -1  0 1
1,1,1;1,1;1 1 10
12 
#1 
6	% 
 0 0 -2  0 -1  1
 0 0 -1  0 -1  1
 1 0  4  0  3 -3
 0 0 -1  0 -1  0
 0 0  0 -1 -1  0
 0 1  0 -1  0  1
1,1,1,1;1;1 1 4
3 
#1 
6	% 
  1  0  0  0  0  0
  1  0 -1  0 -2  0
 -3  0 -1  0 -1  0
  2  0  1  0  1  1
 -1 -1  0  0  0 -1
 -1  0  0 -1  0  0
1,1,1;1;1;1 1 7
6 
#1 
6	% 
 0 -1 -2  1 0 -1
 1  0  0  0 0  0
 0 -1 -1  0 1  0
 0  1  2 -1 0  0
 0  0  2 -1 0  0
 0 -1 -2  1 1 -1
1,1;1,1;1;1 1 16
6 
#1 
6	% 
 0  1  2 -1  0  1
 1  0  0  0  0  0
 0  0  0  0  1  0
 0 -1 -1  0 -1 -2
 0  0  0  0  0 -1
 0  0  2 -1 -1 -1
1,1,1;1;1;1 1 11
1 
#1 
6	% 
 0  0 1  0 0 0
 0 -1 0 -1 1 0
 1  0 0  0 0 0
 0  0 0  0 0 1
 0  0 0 -1 1 1
 0  0 0 -1 0 1
1,1;1,1;1,1 1 4
6 
#1 
6	% 
  0  1  2 -1  0  1
 -1  0  0  0 -1  1
  1  0  0  0  0 -1
  0 -1 -1  0  0 -1
  0  0  2 -1  0  0
 -1  0  0  0 -1  0
1,1;1,1;1;1 1 12
6 
#1 
6	% 
 1  0 0 0  0  0
 0  0 1 0  0  0
 0  0 0 1 -1 -1
 0 -1 0 0  0  0
 0  0 0 0 -1  0
 0  0 0 0  0  1
1,1;1,1;1;1 1 10
12 
#1 
6	% 
 -3  0 -2  0 0  0
  1  1  0  0 0  1
  2  0  1  0 0  0
  0 -1  1 -1 0 -2
  0  1 -1  1 1  1
  1  0  1 -1 0  0
1,1;1,1;1,1 1 6
6 
#1 
6	% 
 1  0  2  0  0  0
 0 -1  0  0  1  0
 0  0 -1  0  0  0
 0  1 -1  1 -1 -1
 0  1 -1  1 -2  0
 0  0  0 -1  1  1
1,1,1;1;1;1 1 8
6 
#1 
6	% 
 1 0  2  0  1 1
 0 0 -2  0 -1 0
 0 1  1  0  0 1
 0 1  0 -1  0 1
 0 0  2  0  0 1
 0 1 -2  0 -1 0
1,1,1;1;1;1 1 12
3 
#1 
6	% 
 -1  0  0  0  0 0
 -1 -1 -1 -1  1 0
  1  0  0  1 -1 0
 -1 -1  0  0  1 0
  0  0  0  0  1 0
  0  0  0  0  0 1
1,1;1,1;1,1 1 3
3 
#1 
6	% 
 0  0  0  0 -2 -1
 1  1  0 -1  0  1
 0 -1 -1 -1  1  0
 0  0  0  0  1  1
 0 -1  0  0  0 -1
 0  0  0  1 -1 -1
1,1;1,1;1;1 1 15
3 
#1 
6	% 
  0  1 1  1 -1  0
  1  0 0  0  0  0
 -1 -1 0  0  0 -1
  1  0 0 -1  1  1
  0  0 0  0  1  0
  0  0 0  0  0  1
1,1,1;1;1;1 1 3
3 
#1 
6	% 
 0  0  2  0  3  1
 0  0 -3  0 -4 -1
 1  0  0  0  0  0
 0 -1  0  0  0 -1
 0  0  1  0  1  1
 0  0  0 -1  0  0
1,1;1,1;1;1 1 17
6 
#1 
6	% 
 1 0  0 0 0  0
 0 0 -1 0 0  0
 0 0  0 1 0 -1
 0 0  0 0 0 -1
 0 1  0 0 0  0
 0 0  0 0 1  0
1,1;1,1;1;1 1 3
3 
#1 
6	% 
 0  0  0  0  5  2
 0  1  1  1 -1  0
 1  0  0  0  0  0
 0  0  0  0 -3 -1
 0 -1 -1  0  2  0
 0  0 -1 -1  2  1
1,1;1,1;1;1 1 20
6 
#1 
6	% 
 1  0  0  0  0  0
 0  1 -1  1  3  3
 0 -1  1 -1 -2 -3
 0  1  0  0  1  2
 0  1 -1  1  2  4
 0  1 -1  0  1  2
1,1,1;1;1;1 1 4
1 
#1 
6	% 
  1  0  0  0 -1  0
 -1  0  0  0  0  0
  0  0  0  0 -1 -1
  0  0 -1  0  1  1
  0  0  0 -1  1  1
  0 -1  0  0  1  0
1,1;1,1;1;1 1 6
3 
#1 
6	% 
  1  0  0  0  0  0
  0  0  0  0 -3 -2
  2  1 -1  1  0  1
 -2 -1  1 -1  1  0
  1  1  0  0  0  1
  1  0  0  1  0  0
1,1;1;1;1;1 1 17
3 
#1 
6	% 
 0  0 -1  0  0  0
 1  0  0  0  0  0
 0  0  2 -1  0  0
 0 -1 -1  0  0  0
 0  0  0  0 -1  0
 0  0  0  0  0 -1
1,1;1;1;1;1 1 12
6 
#1 
6	% 
 1 0 0 0  0 0
 0 0 0 1  0 0
 0 0 1 0  0 0
 0 0 0 0 -1 0
 0 1 0 0 -1 0
 0 0 0 0  0 1
1,1;1;1;1;1 1 15
2 
#1 
6	% 
 -1 0  0 0 0  0
  0 0 -1 1 0  0
  0 0 -1 0 0  0
  0 1 -1 0 0  0
  0 0  0 0 1  0
  0 0  0 0 0 -1
1,1;1;1;1;1 1 18
3 
#1 
6	% 
 1 0  0 0 0  0
 0 0  1 0 0  0
 0 0 -1 1 0 -1
 0 1 -1 0 0  1
 0 0  0 0 0  1
 0 0  0 0 1  0
1,1;1;1;1;1 1 6
1 
#1 
6	% 
 0  0  0  0 -1  0
 1  0  0  0  0  0
 0  0 -1  0  1  1
 0  0  0 -1  1  1
 0  0  0  0 -1 -1
 0 -1  0  0  1  0
