#21

2-2;2-2;1;1 1 12
1 
#1 
6	% 
 1 0 0 0 0 0
 0 1 0 0 0 0
 0 0 1 0 0 0
 0 0 0 1 0 0
 0 0 0 0 1 0
 0 0 0 0 0 1
1,1,1,1,1,1 1 1
1 
#1 
6	% 
 1 0 0 0 0 0
 0 1 0 0 0 0
 0 0 1 0 0 0
 0 0 0 1 0 0
 0 0 0 0 1 0
 0 0 0 0 0 1
1,1,1,1,1;1 1 2
6 
#1 
6	% 
  1  1 -1  0  1  1
  1  1 -1  1  0  1
  1  1 -1  1  1  1
  1  1 -1  0  0  2
 -1 -2  1 -1 -1 -2
  1  1 -2  1  1  2
1,1,1,1;1,1 1 2
6 
#1 
6	% 
 0  0  0  0 1  0
 0  0  0  0 0  1
 0 -1 -1 -1 0 -1
 1  0  0  0 0  0
 0  1  0  0 0  0
 0  0 -1  0 0  0
1,1,1;1,1,1 1 1
1 
#1 
6	% 
  0 -1 -1  0  0  0
 -1  0 -1  0  0  0
  1  1  1  0  0  0
  0  0  0  0 -1 -1
  0  0  0 -1  0 -1
  0  0  0  1  1  1
1,1,1,1;1,1 1 3
9 
#1 
6	% 
 -2  1 -1  1 -1 -1
 -1  1 -1  2  0  0
  1  0  0  0  0  1
  1 -1  0 -1  0  0
 -1  0 -1  1  0  0
 -1  0  0  0 -1  0
1,1,1;1,1,1 1 3
9 
#1 
6	% 
  1 0 0 0  1 -1
  0 0 0 1  1  1
  0 0 1 0  0 -1
 -1 0 0 0  0  1
  0 1 0 0 -1  0
  1 0 0 0  1  0
2-2;1,1,1,1 1 2
2 
#1 
6	% 
 -1 -1  1 -1 -1  0
 -1 -1  1 -1  0 -1
  1  1 -1  0  1  1
  0  1 -1  1  0  0
 -1  0  1 -1  0  0
  1  1  0  1  0  0
2-2',2-2';1,1 1 3
2 
#1 
6	% 
  0  0 0 0 -1  0
  0  0 0 0  0 -1
  0  0 0 1  0  0
  0  0 1 1  0  1
 -1  0 0 1  1  0
  0 -1 0 0  1  1
2-2;1,1,1;1 1 5
6 
#1 
6	% 
 -1 0 0  0  0  0
 -1 0 1  0  0  0
  1 1 0  0  0  0
  1 0 0  0  0 -1
  1 0 0  0 -1  0
  1 0 0 -1  0  0
1,1,1;1,1;1 1 4
6 
#1 
6	% 
  0  0  0  1 0 1
  0  0  0  1 0 0
  0  0  0 -1 1 0
  0 -1  0  0 0 0
 -1 -1  1  0 0 0
  0 -1 -1  0 0 0
1,1,1;1,1;1 1 7
18 
#1 
6	% 
 -2 -1 1 0  0  0
  0  0 0 0  1 -1
  1  0 0 0 -2  2
  0  0 0 0  1  0
  0  0 0 1  1  1
 -1 -1 0 0  0  0
1,1,1,1;1;1 1 5
9 
#1 
6	% 
  1  0  0  0 -1  0
  0 -1  1 -1 -1 -1
  1 -1  0  0  0  0
 -1  1 -1  1  1  0
  1 -1  1  0 -1 -1
 -1  0 -1  0  0  0
2-2;1,1,1;1 1 4
2 
#1 
6	% 
  0 0 0  0  1  0
  0 0 0  0  1  1
  0 0 0 -1 -1 -1
  0 0 1  0  0  0
  0 1 0  0  0  0
 -1 0 0  0  0  0
2-2;1,1;1,1 1 4
6 
#1 
6	% 
  1  1 -1 0 0 0
 -1  0  1 0 0 0
 -1 -1  0 0 0 0
  0  0  0 0 0 1
  0  0  0 0 1 0
  0  0  0 1 0 0
1,1;1,1;1,1 1 4
9 
#1 
6	% 
 -1 -1  1  0  0  0
  0  0  0 -1 -1 -1
  0  0  0  1  0  1
  1  0 -1  0  0  0
 -1 -1  0  0  0  0
  0  0  0 -1 -1  0
1,1;1,1;1;1 1 8
9 
#1 
6	% 
 -1 -1 1 0  0  0
  0  0 0 1  1  1
  0  0 0 0 -1 -1
  1  1 0 0  0  0
 -1  0 1 0  0  0
  0  0 0 1  1  0
2-2,2-2;1,1 1 3
6 
#1 
6	% 
 0 0  0 0  0 1
 0 0  0 1  0 0
 0 0  0 0 -1 0
 1 0  0 0  0 0
 0 1  0 0  0 0
 0 0 -1 0  0 0
2-2,2-2;1;1 2 5
6 
#1 
6	% 
 -1 -1 -1 -1  0 1
 -1  1  1  1 -1 0
 -1  1 -1  0 -1 1
 -1  0 -1  0  0 1
  0  1  1  1  0 0
  1 -1  0  0  1 0
2-2;2-2;1,1 1 8
1 
#1 
6	% 
 0  0 1 0 0 0
 0 -1 0 0 0 0
 1  0 0 0 0 0
 0  0 0 0 0 1
 0  0 0 0 1 0
 0  0 0 1 0 0
2-2;1,1;1;1 1 11
6 
#1 
6	% 
 -1 -1  1 0 0 0
  1  0 -1 0 0 0
 -1 -1  0 0 0 0
  0  0  0 0 0 1
  0  0  0 0 1 0
  0  0  0 1 0 0
