#48

3;1;1;1 3 3
1 
#1 
6	% 
 1 0 0 0 0 0
 0 1 0 0 0 0
 0 0 1 0 0 0
 0 0 0 1 0 0
 0 0 0 0 1 0
 0 0 0 0 0 1
1,1,1,1,1,1 1 1
1 
#1 
6	% 
 1 0 0 0 0 0
 0 1 0 0 0 0
 0 0 1 0 0 0
 0 0 0 1 0 0
 0 0 0 0 1 0
 0 0 0 0 0 1
2-1;1,1,1,1 1 2
3 
#1 
6	% 
  0  0  0 0 -1  1
  0  0  0 0  0  1
  1  0  1 1  1  2
  0 -1  0 0  0  2
  0  1  1 0  0  0
 -1 -1 -1 0  0 -2
1,1,1,1,1;1 1 2
12 
#3 
6	% 
 -1  0  0 -1 -1 -1
  0  1  0  0  0  0
 -1  0 -1 -1 -1 -1
  0  1  1  0  1 -1
  1 -1  0  1  0  1
 -1  1  0  0  0 -1
6	% 
  0  0 0  1  0 -1
  0  1 0  0  0 -1
  1  1 1  1  1  0
  0  0 0  0  1 -1
 -1 -1 0 -1 -1  1
  0  1 1  1  1 -1
6	% 
 -1  0 -1  0 -1 -1
 -1  0 -1  0 -1  0
 -1  0 -1 -1 -1  0
 -1  0 -1  0  0 -1
  1 -1  1  0  1  0
 -1  0 -2  0 -1  0
1,1,1;1,1,1 1 1
1 
#1 
6	% 
  0 -1 -1  0  0  0
 -1  0 -1  0  0  0
  1  1  1  0  0  0
  0  0  0  0 -1 -1
  0  0  0 -1  0 -1
  0  0  0  1  1  1
1,1,1,1;1,1 1 2
12 
#3 
6	% 
 1  0  1 0 1  0
 0  0  0 0 0 -1
 1  0  1 1 0  1
 0  1  1 0 0  0
 0 -1 -2 0 0  0
 1 -1 -1 0 0  0
6	% 
  1  0  0  0  0  0
  1  0 -1  0  0  0
  0 -1 -1  0 -1  1
  0  0  0 -1 -1 -1
 -1  1  1  1  1  0
  1 -1 -1  1  0  1
6	% 
  0 0 0  0 1  0
 -1 0 1 -1 0 -1
  0 0 0  1 0  0
  0 1 0  0 0  0
  1 0 0  0 0  0
  0 0 1  0 0  0
2-1;1,1,1;1 1 6
9 
#1 
6	% 
 -1 0 -1 -1 -1 -1
  0 0  1  1  1  1
  1 0  1  2  1  2
  1 1  0  0  0  0
 -1 0  0 -1 -1 -1
 -1 0 -1 -1 -1 -2
2-1;1,1,1;1 1 3
3 
#1 
6	% 
  0 0 0  0 -1 -1
  0 0 0 -1  0 -1
  0 0 0  1  1  1
  0 0 1  0  0  0
  1 1 0  0  0  0
 -1 0 0  0  0  0
1,1,1,1;1,1 1 3
27 
#2 
6	% 
  0  1  0  0  0  0
  0  1  0  1  1  1
  0  0 -1  1  0  1
 -1 -1  0 -2 -1 -1
  0  1  1  0  1  1
  1  0  0  0  0 -1
6	% 
  1  0  1  0  0  0
 -1 -1  0 -1 -1 -1
 -1  0  0  0  0 -1
  1  0  0  0  1  1
 -1 -1 -1 -2 -1 -1
  1  1  1  1  0  1
1,1,1;1,1,1 1 3
27 
#2 
6	% 
 -1  0 -1 -1 -1 -1
  0 -1 -1 -1  0  0
  0  1  0  1  0  0
  1  0  2  1  1  0
  1  1  1  1  0  0
 -2  0 -1  0 -1  0
6	% 
  0  1  0  0  0  0
  0  0  0 -1  0  0
  0  0  1  0  0  0
  0 -1 -1  0 -1  0
 -1  0  0  0  0  0
  1  1  0  0  0 -1
2-1;1,1;1,1 1 5
9 
#1 
6	% 
  0 0 0 -1 -1 -1
  0 0 1  0  0  0
  0 0 0  1  0  1
  1 1 0  0  0  0
 -1 0 0  0  0  0
  0 0 0  1  1  0
2-2;1,1,1,1 1 2
4 
#1 
6	% 
 0  0 0  1  0 0
 0  0 0  0  1 0
 0  0 0  1  1 1
 0 -1 0 -1 -1 0
 1  0 0  1  1 0
 1  1 1 -1 -1 0
2-2;1,1,1;1 1 5
12 
#1 
6	% 
  1  1  1  1  1 1
  1  1  1  0  1 0
 -1 -1 -1 -1 -1 0
 -2 -2 -1 -1 -2 0
 -2 -1 -2 -1 -2 0
 -1 -2 -2 -1 -2 0
1,1,1;1,1;1 1 10
72 
#3 
6	% 
  1 0  1 0  0  0
  0 0  0 0 -1  1
 -1 1 -1 0  2 -2
  1 0  0 0  0  0
 -1 0  1 0 -1  0
  0 0  0 1  0  0
6	% 
  0  1 -1  0  0  0
  2  2  0  0  1 -1
 -3 -4  1  0 -2  2
  0  1  0  1  1  1
  1  1  0 -1  0 -1
  0  0  0 -1  0  0
6	% 
  0  0  0  0 -1 -1
 -1 -1  0 -2 -1 -1
  1  1  0  3  3  3
 -1  0 -1  0 -1  0
  0 -1  0 -1  0 -1
  0 -1 -1  0  0  0
1,1,1;1,1;1 1 7
54 
#4 
6	% 
  0 0  0 1  2 0
 -1 0  1 0  0 0
  2 0 -2 0 -1 1
 -1 0  0 0  0 0
  0 1  0 0  0 0
  0 0  0 1  1 0
6	% 
 0 -2 -2 -1 -2 0
 0 -1 -1  0  0 0
 0  3  3  1  1 1
 1  0  0  0  0 0
 1  1  0  0  0 0
 0 -1 -1 -1 -1 0
6	% 
  1  2  1 0  0  0
  2  2  2 0  1 -1
 -4 -5 -4 0 -2  2
  1  1  1 0  1  0
  0  0  0 1  1  1
  1  1  0 0  0  0
6	% 
 -2 -1 -1  0  0  0
 -2  0 -2  0  1 -1
  5  1  4  0 -1  1
 -1  0 -1 -1  0 -1
  0  0  0 -1 -1 -1
 -1 -1 -1  0  0  0
1,1,1,1;1;1 1 5
27 
#2 
6	% 
  0  1  0  0  0  0
 -1  1 -1 -1 -1 -1
  0  1 -1  0  0  0
  1 -1  1  1  1  0
 -1  1 -1  0 -1  0
  1 -1  0  0  0  0
6	% 
 1  1  0  1  1  1
 0  1 -1  1  1  1
 0  1  0  1  1  1
 0 -1  1 -1 -1 -2
 0  1 -1  2  1  2
 0  0  1 -1 -1 -1
1,1,1,1;1;1 1 4
6 
#2 
6	% 
  1 0 0 0  0  0
  0 1 0 0  0  0
 -3 0 1 0 -1  1
  2 0 0 0  1 -1
 -1 0 0 1  0  1
 -1 0 0 0  0  1
6	% 
  0  0  0 -1  1 1
  0  0  0 -1  0 0
  1  0  1  3 -1 0
 -1  0 -1 -2  0 0
  0 -1  0  1  0 0
  0  0  1  1  0 0
1,1,1;1,1;1 1 4
12 
#3 
6	% 
  0 -1 -1  0  0  0
 -1  0 -1  0  0  0
  1  1  1  0  0  0
  0  0  0 -1  0 -1
  0  0  0 -1 -1 -1
  0  0  0 -1  0  0
6	% 
  0  0  0  1 0 1
  0  0  0  1 0 0
  0  0  0 -1 1 0
 -1 -1  0  0 0 0
 -1 -1 -1  0 0 0
 -1  0  1  0 0 0
6	% 
  0  0  0  0 1  1
  0  0  0 -1 0  0
  0  0  0  0 0 -1
 -1  0 -2  0 0  0
 -1  0 -1  0 0  0
  0 -1 -1  0 0  0
1,1,1,1;1;1 1 6
9 
#2 
6	% 
  1 0  1  1  1  1
  1 0  1  1  1  0
  1 0  1  1  0  1
 -1 1 -1 -1 -1 -1
  2 0  1  1  1  1
  0 1  1  0  0  0
6	% 
 0  0 0  0  0 -1
 0  0 0  0 -1  0
 0  0 0 -1  0  0
 0 -1 0  0  0  0
 1  1 0  0  0  0
 0  0 1  0  0  0
1,1,1;1,1;1 1 11
54 
#3 
6	% 
 -1 -2 -1 -2  0  0
 -2 -4 -2 -2 -1 -1
  4  8  4  5  1  1
  0 -1  0 -1  0  0
 -2 -2 -2 -1 -1  0
 -1 -1  0 -1  0  0
6	% 
 -1 0 -1 -2 -2 -2
 -2 0 -2 -3 -2 -4
  5 0  5  7  5  9
  0 1  0  0 -1 -1
 -1 0 -1 -1 -1 -2
  0 0 -1 -1 -1 -1
6	% 
  0  1 -1  2  0  0
  0  1 -1  2  1  1
  0 -3  3 -5 -2 -2
  1  1  0  1  0  0
 -1  0 -1  1  0  1
  0  1  0  1  0  0
2-2;1,1,1;1 1 4
4 
#1 
6	% 
 0  0 0  0  1  0
 0  0 0  0  1  1
 0  0 0 -1 -1 -1
 0  0 1  0  0  0
 0 -1 0  0  0  0
 1  0 0  0  0  0
1,1;1,1;1;1 1 8
27 
#2 
6	% 
  1 1 1 0 0  0
  0 0 0 1 1  1
  0 0 0 0 0 -1
 -1 0 0 0 0  0
  0 0 1 0 0  0
  0 0 0 0 1  0
6	% 
 0  0  0 -1 -1 -1
 1 -1  2  0  0  0
 0  0 -1  0  0  0
 0  0  0  1  1  0
 0  0  0 -1  0 -1
 0 -1  0  0  0  0
1,1,1;1;1;1 1 6
2 
#2 
6	% 
  0 0  0  0 -1 -1
  0 0  0 -1  0 -1
  0 0  0  1  1  1
 -1 0 -1  0  0  0
  1 0  0  0  0  0
  1 1  1  0  0  0
6	% 
  0 -1 -1  0 0 0
 -1  0 -1  0 0 0
  1  1  1  0 0 0
  0  0  0 -1 0 0
  0  0  0  1 0 1
  0  0  0  1 1 0
1,1;1,1;1,1 1 4
27 
#2 
6	% 
 -1 1  2 0 0  0
  0 0  0 1 1  1
  1 0  1 0 0 -1
  0 0 -1 0 0  0
 -1 0  0 0 0  0
  1 0  1 0 1  0
6	% 
  1  1 1  0  0  0
  0  0 0 -1 -1 -1
  0  0 0  1  0  1
 -1 -1 0  0  0  0
  0  1 1  0  0  0
  0  0 0 -1 -1  0
1,1;1,1;1;1 1 20
36 
#3 
6	% 
  0 0  0 1  0 0
  1 0  1 0  0 1
 -1 0 -1 0  0 0
  1 1  1 0  0 0
  1 0  1 0 -1 0
  1 0  0 0  0 0
6	% 
  0 1 0 0  0  0
  0 0 1 0 -2  2
  0 0 0 0  1 -1
  0 0 0 1  0  1
 -1 0 0 0 -2  2
  0 0 0 0  0  1
6	% 
 1  0  1 0  0  0
 0  0 -1 0 -2  2
 0  0  0 0  1 -1
 0  0  0 1  0  1
 0 -1  0 0 -2  2
 0  0  0 0  0  1
1,1,1;1;1;1 1 8
36 
#3 
6	% 
  1 0  1 1  1 1
 -1 0 -1 0 -1 0
  1 1  1 0  0 0
  0 1  1 0  0 0
  1 0  1 1  1 0
  0 1  0 0  0 0
6	% 
  0 1 0  0  0  0
  0 0 1  0  1 -1
  0 0 0 -1 -1  0
  0 0 0 -1  0  0
 -1 0 0  0 -1  1
  0 0 0 -1  0 -1
6	% 
 -1  0 -1  0  0  0
  1  0  0  0  1 -1
  0  0  0 -1 -1  0
  0  0  0 -1 -1 -1
 -1 -1 -1  0 -1  1
  0  0  0 -1  0 -1
1,1,1;1;1;1 1 14
3 
#1 
6	% 
  0  0 0 1  0  1
  0  0 0 0 -1  0
  0  0 0 0  0 -1
  1  0 0 0  0  0
 -1 -1 0 0  0  0
  1  1 1 0  0  0
1,1;1,1;1;1 1 26
27 
#2 
6	% 
  0  0  0 -1 -1 -1
  2  0  2  1  2 -1
  2  0  2 -1  1 -2
 -2 -1 -2  0 -1  1
  1  0  2  0  1 -1
  0 -1 -1  0  0  0
6	% 
 0 0  0 1  0 0
 0 0  0 0  0 1
 0 0  0 0 -1 0
 0 1  1 0  0 0
 0 0 -1 0  0 0
 1 1  1 0  0 0
1,1,1;1;1;1 1 16
27 
#2 
6	% 
  1 0  1  1  1  1
  1 0  1  2  2  1
 -1 0 -1 -1 -2 -1
  1 0  0  1  1  1
  1 1  1  1  1  1
  1 1  0  0  0  0
6	% 
  0  0  0  0  1 -1
 -1 -2 -1 -1  1 -2
  1  2  1  0 -1  2
  0 -1  0  0  1 -1
  0 -1 -1  0  1 -1
  1  0  0  0  0  0
2-1;1,1;1;1 1 15
9 
#1 
6	% 
 0 0  0 1  1 1
 1 0  0 0  0 0
 0 0  0 0 -1 0
 0 1  1 0  0 0
 0 0 -1 0  0 0
 0 0  0 1  1 0
2-1;1,1;1;1 1 12
9 
#1 
6	% 
 0 -1 -1 0  0  0
 0  1  0 0 -1  1
 0  0  0 1  0  1
 0  0  0 1  0  0
 1  1  1 0  1 -1
 0  0  0 1  1  0
3;1,1,1 3 1
1 
#1 
6	% 
  0 -1 0  0  0  0
 -1  0 0  0  0  0
  1  1 1  0  0  0
  0  0 0  0 -1 -1
  0  0 0 -1  0 -1
  0  0 0  1  1  1
2-2;1,1;1,1 1 4
12 
#1 
6	% 
 0 0 0 1 0 0
 0 0 0 0 1 0
 0 0 0 0 0 1
 0 0 1 0 0 0
 0 1 0 0 0 0
 1 0 0 0 0 0
1,1;1,1;1;1 1 29
54 
#2 
6	% 
  1  2  1  1  1 1
  0 -1  0  0 -1 0
  0 -1  0 -1 -1 0
  0  0 -1  0  0 0
 -1 -1 -1  0  0 0
  0  1  1  0  0 0
6	% 
  0  1 -1  1  1 1
  1  0  1  0 -1 0
  1  0  1 -1 -1 0
 -1  0  0  0  0 0
 -1  0 -1  0  0 0
  0 -1  0  0  0 0
1,1;1,1;1,1 1 11
18 
#1 
6	% 
  1  0 -1  1  0  0
 -1 -1  0 -2 -2 -1
 -1 -1  0 -2 -1 -2
  0  1  0  1  1  1
 -1  1  2 -1  1  1
  2  0 -1  2  0  0
1,1;1,1;1;1 1 14
18 
#1 
6	% 
  1  0  1  0 0 0
 -1  0 -1  1 0 1
 -1 -1 -1 -2 0 0
  0  0  0  1 0 0
  0  0 -1 -2 0 0
  1  0  1  1 1 0
2-1;1;1;1;1 1 10
3 
#1 
6	% 
 0 -1 -1 0 0 0
 0  1  0 0 0 0
 0  0  0 1 0 1
 0  0  0 1 0 0
 1  1  1 0 0 0
 0  0  0 1 1 0
1,1;1,1;1,1 1 7
6 
#1 
6	% 
 -1 -1 0  0 0 0
  0  0 0  0 0 1
  0  1 0  2 0 0
  0  0 0 -1 0 0
  1  1 1  2 0 0
  0  0 0  0 1 0
2-2;1,1;1;1 1 9
12 
#1 
6	% 
  0  0  0  1 0 1
  0  0  0 -1 0 0
  0  0  0  1 1 0
  0  0 -1  0 0 0
  0 -1  0  0 0 0
 -1  0  0  0 0 0
2-2;1,1;1;1 1 11
12 
#1 
6	% 
 0 0 0 0 1 -1
 0 0 0 1 0  1
 0 0 0 0 0 -1
 0 0 1 0 0  0
 0 1 0 0 0  0
 1 0 0 0 0  0
3;1,1;1 3 2
3 
#1 
6	% 
  0 0  0 1  1 1
 -1 0  0 0  0 0
  0 0 -1 0  0 0
  0 0  0 0 -1 0
  1 1  1 0  0 0
  0 0  0 1  1 0
1,1;1;1;1;1 1 10
12 
#3 
6	% 
 1 1  1 0 0 0
 0 0 -1 0 0 0
 0 0  0 1 0 1
 0 0  0 1 0 0
 1 0  0 0 0 0
 0 0  0 1 1 0
6	% 
  1 1 0 0 0 0
 -1 0 0 0 0 0
  0 0 0 1 0 1
  0 0 0 1 0 0
  1 1 1 0 0 0
  0 0 0 1 1 0
6	% 
  0  0  0 1  1 1
  0  0  0 0 -1 0
  0  0 -1 0  0 0
 -1  0 -1 0  0 0
  0  0  0 1  1 0
 -1 -1 -1 0  0 0
1,1;1;1;1;1 1 37
27 
#2 
6	% 
 -2 0 -2  0 -1  1
  1 0  1  0  0 -1
  1 0  1 -1  0 -1
 -3 1 -3  0 -2  2
  3 0  4  0  2 -2
  1 1  0  0  0  0
6	% 
  0  0 0 0  1 -1
  0  0 0 0 -1  0
  0  0 0 1  0  1
  1  1 1 0  2 -2
 -1 -1 0 0 -2  2
  1  0 0 0  0  0
1,1;1;1;1;1 1 38
9 
#1 
6	% 
  0  0 0 0 1 -1
  0  0 0 1 0  1
  0  0 0 0 0 -1
 -1 -1 0 0 0  0
  1  1 1 0 0  0
  1  0 0 0 0  0
1,1;1;1;1;1 1 20
9 
#1 
6	% 
  2  2 0  0  1 -1
 -1 -1 1  0 -1  1
 -1 -1 0  0 -1  0
  1  0 1  0  0  0
 -1 -1 0 -1 -1  0
  2  2 1  0  1 -1
1;1;1;1;1;1 1 26
3 
#1 
6	% 
 0  0  0 -1 0 0
 0  0  0  1 0 1
 0  0  0  1 1 0
 0  0  1  0 0 0
 0 -1 -1  0 0 0
 1  1  1  0 0 0
1;1;1;1;1;1 1 13
1 
#1 
6	% 
 -1 -1 0 0 0 0
  0  1 0 0 0 0
  0  0 0 1 0 1
  0  0 0 1 0 0
  1  1 1 0 0 0
  0  0 0 1 1 0
2-2;1;1;1;1 1 9
4 
#1 
6	% 
 0 0 0  1 0 1
 0 0 0 -1 0 0
 0 0 0  1 1 0
 0 0 1  0 0 0
 0 1 0  0 0 0
 1 0 0  0 0 0
