#23

4-3;1,1 1 1
1 
#1 
6	% 
 1 0 0 0 0 0
 0 1 0 0 0 0
 0 0 1 0 0 0
 0 0 0 1 0 0
 0 0 0 0 1 0
 0 0 0 0 0 1
1,1,1,1,1,1 1 1
1 
#1 
6	% 
 1 0 0 0 0 0
 0 1 0 0 0 0
 0 0 1 0 0 0
 0 0 0 1 0 0
 0 0 0 0 1 0
 0 0 0 0 0 1
1,1,1,1;1,1 1 1
1 
#1 
6	% 
  0 -1 -1 -1 0  0
 -1  0 -1 -1 0  0
 -1 -1  0 -1 0  0
  1  1  1  1 0  0
  0  0  0  0 0 -1
  0  0  0  0 1  1
1,1,1,1;1,1 1 3
30 
#2 
6	% 
  0  0  0  0 1 0
  0  0  0  0 0 1
  0 -1  0  0 0 0
  1  1  0  0 0 0
 -1  0  2 -1 0 0
  0  0 -1  1 0 0
6	% 
 0 1  1 -1  1 0
 0 0  0  0  0 1
 1 0  0  0  0 0
 0 0 -1  1 -1 0
 0 1  0  0  1 0
 1 0 -1  0  0 0
2-1;1,1,1;1 1 8
30 
#2 
6	% 
  0  0 0  0 1 -1
  0  0 0  0 0  1
  1  0 0 -1 0  0
 -1  0 1  0 0  0
  1 -1 0  0 0  0
 -1  0 0  0 0  0
6	% 
  0 0  0  0 0 1
  0 0  0  0 1 0
  1 0  0 -1 0 0
  1 0 -1  0 0 0
 -1 1  0  0 0 0
 -1 0  0  0 0 0
1,1,1,1,1;1 1 2
10 
#1 
6	% 
  0  1  1 -1  1 1
  0  0  0  0  1 0
 -1  0  1  0  1 0
  1 -1  0  0  1 0
  0  0 -1  0 -2 0
  0  0  1 -1  2 0
1,1,1;1,1,1 1 2
10 
#1 
6	% 
  0  0  0 -1 0 -1
  0  0  0  1 1  1
 -1 -1  0  1 0  0
  0 -1 -1  1 0  0
  1  1  1 -2 0  0
  1  1  1 -1 0  0
2-2;1,1,1,1 1 2
10 
#1 
6	% 
 0  0 0  0  1  0
 0  0 0  0  1 -1
 1 -1 0  0  1 -1
 0  1 0 -1 -1  1
 0 -1 1  0  1 -1
 0  1 0  0 -1  1
1,1;1,1;1,1 1 5
15 
#1 
6	% 
  0  0 0 0 0 -1
  0  0 0 0 1  1
  1  0 0 0 0  0
 -1 -1 1 0 0  0
  1 -1 0 0 0  0
 -1  1 0 1 0  0
1,1,1;1,1;1 1 2
10 
#1 
6	% 
 -2  1 0  0  0 0
 -2  0 1  1  0 0
  3 -1 0 -1  0 0
  0  0 0  0  1 1
  0  0 0  0 -1 0
 -1  0 0  0  0 0
2-2;1,1;1,1 1 3
10 
#1 
6	% 
 -1 0 1  0 0 0
  0 0 0  0 1 0
  0 0 0  0 0 1
  1 0 0 -1 0 0
 -1 1 0  0 0 0
  1 0 0  0 0 0
4-3';1,1 1 1
6 
#1 
6	% 
  0  1 -1 -1 0 0
 -1  0  1  1 0 0
  1 -1  0 -1 0 0
 -1  1 -1  1 0 0
  0  0  0  0 1 0
  0  0  0  0 0 1
1,1,1;1;1;1 1 19
20 
#2 
6	% 
  0 0  0 0 -1 -1
  0 0  0 0  0 -1
  1 0 -1 0  1  1
 -1 0  0 1 -1 -1
 -1 1  0 0 -1 -1
 -1 0  0 0 -1 -1
6	% 
  0  0  0  0 -1 -1
  0  0  0  0  0 -1
  1  0 -1  0  1  1
  1 -1  0  0 -1 -1
 -1  0  0  0 -1 -1
  1  0  0 -1 -1 -1
2-2;1,1,1;1 1 5
10 
#1 
6	% 
  0  0  0  0  0  1
 -1 -1  1 -1 -1  0
  1  1 -2  1  1  0
  1  1 -1  0  1 -1
  1  0 -1  1  1 -1
  0  1 -1  1  1 -1
1,1;1,1;1;1 1 9
15 
#1 
6	% 
  0  0  0  0  1  0
  0  0  0  0 -1 -1
  1  0 -1  1  0  0
 -1 -1  2 -1  0  0
 -1 -1  1  0  0  0
  1  1 -1  1  0  0
1,1,1,1;1;1 1 5
15 
#1 
6	% 
  0 -1  1 -1 0  1
  0 -1  1 -1 1  1
 -1 -1  2 -1 0  0
  1  2 -2  1 0 -1
 -1 -1  2 -2 0  1
  1  1 -1  1 0  0
2-1;1,1;1;1 1 26
15 
#1 
6	% 
  0  0 0 0 1 0
  0  0 0 0 0 1
 -1  0 0 1 0 0
 -1  0 1 0 0 0
  1 -1 0 0 0 0
  1  0 0 0 0 0
1,1,1;1,1;1 1 9
30 
#1 
6	% 
  0 -1  1  0  0 0
  0  0  0  0  1 1
  0  1 -1  0 -1 0
  1  0  1 -1  0 0
 -1  0  0  0  0 0
  0  0  0 -1  0 0
2-2;1,1,1;1 1 6
10 
#1 
6	% 
  0  0  1  0  0 1
  0  0  1  0 -1 0
  1  0 -1  1  0 0
  0 -1  1  0 -1 0
  0 -1  1 -1  0 0
 -1  0  0  0  1 0
3;1,1,1 1 3
5 
#1 
6	% 
  0 0 0  0 0 1
  0 0 0  0 1 0
 -1 0 1  0 0 0
 -1 1 0  0 0 0
  1 0 0 -1 0 0
  1 0 0  0 0 0
1,1;1;1;1;1 1 48
5 
#1 
6	% 
  0 0 0  0 1 0
  0 0 0  0 0 1
  1 0 0 -1 0 0
 -1 1 0  0 0 0
 -1 0 1  0 0 0
 -1 0 0  0 0 0
2-2;1,1;1;1 1 12
10 
#1 
6	% 
 0  0  0  0 0 -1
 0  0  0  0 1  1
 1 -1  0  0 0  0
 0  1 -1 -1 0  0
 1 -1  0  1 0  0
 0  0  1  0 0  0
3;1,1;1 1 12
5 
#1 
6	% 
 0  0 -1 0 0  0
 0 -1  0 0 0  0
 0  0  0 1 0  0
 0  0  0 0 0 -1
 0  0  0 0 1  1
 1  0  0 0 0  0
