#21

2-2;2-1;1,1 1 4
1 
#1 
6	% 
 1 0 0 0 0 0
 0 1 0 0 0 0
 0 0 1 0 0 0
 0 0 0 1 0 0
 0 0 0 0 1 0
 0 0 0 0 0 1
1,1,1,1,1,1 1 1
1 
#1 
6	% 
 1 0 0 0 0 0
 0 1 0 0 0 0
 0 0 1 0 0 0
 0 0 0 1 0 0
 0 0 0 0 1 0
 0 0 0 0 0 1
2-1;1,1,1,1 1 2
1 
#1 
6	% 
  0  1 0  1  0  1
  0 -1 0  1  0  0
  0  0 0  1  1  1
  1  1 0  1  1  1
 -1  0 1  0  0  0
  1  0 0 -1 -1 -1
1,1,1,1,1;1 1 2
7 
#3 
6	% 
 0  1 0 -1  0  1
 0  0 0  0  0  1
 0  1 0 -1  1  1
 0  0 0 -1  0  1
 0 -1 1  1 -1 -2
 1  2 0 -1  1  2
6	% 
  1  0  0  0  0  0
  0  0  1  0  0  0
  1  0  1 -1  0  0
  0 -1  0 -1 -1 -1
 -1  1 -1  1  0  1
  1 -1  1 -1 -1  0
6	% 
 0  0  1 -1  0  0
 0  1  1  0  1  1
 0  1  0 -1  1  0
 0  1  1  0  0  1
 1 -1 -1  1 -1 -1
 1  2  1 -1  1  1
1,1,1;1,1,1 1 3
3 
#1 
6	% 
 -1 -1 -1  0  0  0
  0  0  0 -1 -1 -1
 -1 -1  0  1  0  1
  1  1  0  0  0  0
  1  0  0  1  1  0
 -1  0  0  0  0  0
1,1,1,1;1,1 1 2
1 
#1 
6	% 
  0 -1 0 0 0 -1
  0  0 0 0 1  0
  0 -1 0 1 0  0
 -1  0 1 0 0  0
  1  2 0 0 0  1
  1 -1 0 0 0 -1
2-1;1,1,1;1 1 6
3 
#1 
6	% 
  0 -1  0 -1 -1 -1
  0  0  1  0  0  0
  0  0  0  1  0  1
 -1 -1 -1  0  0  0
  0  1  1  0  0  0
  0  0  0 -1 -1  0
1,1,1,1;1,1 1 3
12 
#2 
6	% 
 1  1 -1 1  1  1
 0 -1  0 0  0  0
 0  0  1 0  0 -1
 0  0  0 0 -1  0
 0  0  0 0  0  1
 1  1  0 0  1  0
6	% 
 0  0 -1 1  0  0
 0 -2 -1 0 -1 -1
 1  0  0 0  0  0
 0  1  1 0  1  0
 0 -1 -1 0  0 -1
 1  1  0 0  0  0
2-2;1,1,1,1 1 2
1 
#1 
6	% 
  0  1  0  0  0  0
  0  0  1  0  0  0
 -1 -1 -1 -1 -1 -1
  1  0  0  0  1  1
 -1  0  0 -1  0 -1
  1  0  0  1  1  0
1,1,1,1;1;1 1 4
1 
#1 
6	% 
 0  0 0  1  0  0
 0  1 0  1  0  1
 0 -2 0 -1 -1 -1
 0  1 0  0  0  0
 1  0 0  0  0  0
 0  0 1  0  0  0
1,1,1;1,1;1 1 10
6 
#1 
6	% 
  0 -2  0 0 -1 -1
  0 -1  0 0 -1 -1
  0  4  0 1  3  3
  0 -1  0 0 -1  0
  0 -1 -1 0  0 -1
 -1 -1 -1 0  0  0
2-2;1,1,1;1 1 5
4 
#2 
6	% 
 0 -1 0  0  0  0
 0  0 1  0  0  0
 1  1 0  0  0  0
 0  1 0  0  0 -1
 0  1 0  0 -1  0
 0  1 0 -1  0  0
6	% 
  0 -1 -1 -1 -1 -1
 -1  0  0  0  0  0
 -1 -1  0  0  0  0
  0  0  1  0  1  1
  0  0  1  1  0  1
  0  0  1  1  1  0
1,1,1,1;1;1 1 5
12 
#2 
6	% 
 0 1 0  0  1 0
 0 0 0  0  1 0
 0 0 1  0  1 0
 0 0 0 -1 -2 0
 0 0 0  0  2 1
 1 1 0  0 -1 0
6	% 
 1  1  0  1  1  1
 0  2  0  1  1  1
 0  1  0  0  1  0
 0 -2 -1 -1 -1 -1
 0  1 -1  1  1  1
 0 -1  0  0  0 -1
1,1,1;1,1;1 1 7
3 
#1 
6	% 
 0  2 0  2  1  1
 0  1 0  0  0  0
 0 -4 0 -1 -1 -1
 1  1 0  0  0  0
 1  1 1  0  0  0
 0  1 0  1  1  0
2-2;1,1;1,1 1 4
1 
#1 
6	% 
 1  1  1  0  0  0
 0  0 -1  0  0  0
 0 -1 -1  0  0  0
 0 -1  0  0  0 -1
 0 -1  0  0 -1  0
 0 -1  0 -1  0  0
1,1,1;1,1;1 1 11
6 
#1 
6	% 
 0  1 0  0  0  0
 0  0 0 -2 -1 -1
 0 -2 0  3  1  1
 0  1 1  0  0  0
 0  0 0 -1  0 -1
 1  1 0  0  0  0
1,1,1;1;1;1 1 16
3 
#1 
6	% 
 0 0 0 0 -1  0
 0 0 0 1 -1  0
 0 0 0 0  1 -1
 0 0 1 0 -1  0
 1 0 0 0 -1  0
 1 1 1 0  0  0
1,1,1,1;1;1 1 6
1 
#1 
6	% 
  0  0 0 0  1  0
  0  1 0 1  1  1
  0 -1 0 0  0 -1
  0  0 1 0 -1  0
  1  1 0 0  1  0
 -1  0 1 0  0  0
1,1,1;1;1;1 1 8
3 
#1 
6	% 
 0 -2  0 -1 1 -1
 0  2  0  2 0  1
 1 -1  0 -1 0 -1
 1  0 -1  0 0  0
 0 -2  0 -1 0 -2
 1  2  0  1 0  1
2-2;1,1;1;1 1 9
1 
#1 
6	% 
 -1  0 0  0  0  0
  1  1 1  0  0  0
 -1 -1 0  0  0  0
  0 -1 0  0  0 -1
  0 -1 0  0 -1  0
  0 -1 0 -1  0  0
2-2;1,1;1;1 1 17
1 
#1 
6	% 
 1 0 -1  0  0  0
 1 1  0  0  0  0
 0 0  0  0 -1  0
 0 0  1  0  0  0
 0 0  0 -1  0  0
 0 0  0  0  0 -1
