#24

2-1;1;1;1;1 1 44
1 
#1 
6	% 
 1 0 0 0 0 0
 0 1 0 0 0 0
 0 0 1 0 0 0
 0 0 0 1 0 0
 0 0 0 0 1 0
 0 0 0 0 0 1
1,1,1,1,1,1 1 1
1 
#1 
6	% 
 1 0 0 0 0 0
 0 1 0 0 0 0
 0 0 1 0 0 0
 0 0 0 1 0 0
 0 0 0 0 1 0
 0 0 0 0 0 1
2-1;1,1,1,1 1 2
1 
#1 
6	% 
  0  0  0  0 -1  2
  0  0  0  0  0  1
  0  0 -1  2  2 -2
 -1  0  0  1  1  0
  1 -1  0  0  0  0
 -1  0  1 -2 -2  1
1,1,1,1,1;1 1 2
4 
#2 
6	% 
 -1  1 -1  0 -1  0
 -1  1  0 -1 -2  1
 -1  1  0 -2 -3  2
 -1  1 -1  0  0 -1
  1 -2  1  1  2  0
 -2  1  0 -2 -3  1
6	% 
 -1  0  0 -1 -1 -1
 -1  0  0  0  0  0
 -1  0 -1 -1  0 -1
 -1  0 -1  0 -1 -1
  2 -1  2  0  0  2
 -2 -1 -1 -1 -1 -1
1,1,1,1;1,1 1 3
6 
#1 
6	% 
  1  2 -1  2  2 -1
  0  1  0  1  1  0
 -1 -1  0 -1 -1  1
  0 -1  0 -1 -1  1
  0  1  0  1  0  0
  1  1 -1  2  1 -1
1,1,1,1;1,1 1 2
1 
#1 
6	% 
  0 0  0 0 0  1
  0 0  0 1 2 -2
  0 0 -1 0 0  0
 -1 1  0 0 0  0
  1 0  0 0 0  0
  1 0 -1 1 1 -1
2-1;1,1;1,1 1 10
3 
#1 
6	% 
 0 1 -1  1  0  0
 0 0 -2  0 -1  0
 0 0  0  2  0  1
 1 0  0  0  1 -1
 0 0  1  0  1  0
 0 0  0 -1  0 -1
1,1,1;1,1,1 1 4
6 
#1 
6	% 
 -1  1  0  1 0 0
 -1  0  0  1 0 0
  2 -1  0 -1 0 1
 -1  1  1  0 0 0
  1 -2 -1  0 1 0
  0  1  1  0 0 0
1,1,1;1,1,1 1 3
6 
#1 
6	% 
 -1  0 -1 -2  1  2
  0  1  0  0  1 -1
  0 -1  0  0  0  1
  0  0  0  1  0 -1
  0 -1  0  0 -1  0
  0  0 -1  0  1  0
1,1,1,1;1;1 1 4
1 
#1 
6	% 
  0 0  0  0  0  1
  0 0  0 -1 -1  2
  0 0 -1  1  0 -3
  0 0  1 -1 -1  3
 -1 0  0  0  0 -1
  0 1 -1  1  1 -2
1,1,1;1,1;1 1 12
12 
#1 
6	% 
 1 -1  3 -1  1 -3
 0  0  1  0  0 -1
 0  0 -4  1 -1  4
 0  0 -1  1  1 -2
 0  0 -1  0 -1  3
 1  0  1  0  1 -2
1,1,1;1,1;1 1 11
12 
#1 
6	% 
 0 0 -1 -1 -1 -1
 0 0 -2 -2 -1 -1
 0 1  4  5  3  2
 0 0 -1  0 -1  0
 0 0 -1 -1 -1  0
 1 0 -1  0  0 -1
1,1;1,1;1;1 1 36
12 
#1 
6	% 
 1 0 -1 0 0 -1
 0 1 -1 0 1  0
 0 0  0 0 0  1
 0 0  0 1 0  0
 0 0 -1 0 0  0
 0 0  0 0 1  0
1,1;1,1;1,1 1 9
3 
#1 
6	% 
  1 1 -1  1 1 -1
  0 0  0 -1 0  0
  0 0  1  0 0  0
  0 0  1  0 1  0
 -1 0  1  0 0  1
  1 0 -1  1 0  0
1,1,1;1;1;1 1 19
4 
#1 
6	% 
 -1  2 0 1  1 0
 -1  1 0 0  0 0
  1 -1 0 0 -1 0
 -1  1 1 0  0 0
 -1  1 0 0  0 1
 -1  1 0 1  0 0
1,1;1,1;1;1 1 39
12 
#1 
6	% 
 0 1  0 1 0 -1
 1 0 -1 0 1  0
 0 0  0 1 0  0
 0 0  0 0 1  0
 0 0 -1 0 0  0
 0 0  0 0 0  1
1,1;1,1;1;1 1 38
3 
#1 
6	% 
  0 0 -1  1  0  1
  0 0  1  0  1 -1
  0 0  0  0 -1  1
 -1 0  1 -1 -1  1
 -1 0  0  0  0  0
 -1 1  0  0  0  0
1,1,1,1;1;1 1 6
1 
#1 
6	% 
  0 0  0 1  2 -2
  0 0  0 0  0  1
  0 0  0 0  1  0
  0 1  0 0 -1  0
  1 0 -1 1  2 -1
 -1 1  0 0  0  0
1,1;1,1;1;1 1 35
3 
#1 
6	% 
  0 0  0  0 -2  3
  0 1 -1  1  1 -1
  0 0  3 -2  0  0
 -1 0  0  0  0  0
  0 0  0  0 -1  1
  0 0  1 -1  0  0
1,1;1;1;1;1 1 54
8 
#1 
6	% 
 0 1 -1 0  1  0
 1 0  0 1  0 -1
 0 0  0 1  0  0
 0 0  1 0  0  0
 0 0  0 0 -1  0
 0 0  0 0  0  1
1,1;1;1;1;1 1 55
8 
#1 
6	% 
 0 1 -1  0 0 -1
 1 0 -1  0 0 -1
 0 0  0  0 1  0
 0 0  0 -1 0  0
 0 0  1  0 0  0
 0 0  0  0 0 -1
1;1;1;1;1;1 1 48
1 
#1 
6	% 
 0 1 -1  1 1 -1
 1 0  0  0 0  0
 0 0  0  0 0  1
 0 0  0 -1 0  0
 0 0  0  0 1  0
 0 0  1  0 0  0
1,1;1;1;1;1 1 56
1 
#1 
6	% 
 1 -1  0  0 0  0
 0 -1  0  0 0  0
 0  0  0  0 0 -1
 0  0  0  0 1  0
 0  0  0 -1 0  0
 0  0 -1  0 0  0
1;1;1;1;1;1 1 44
1 
#1 
6	% 
  0 1 0  0 1 -1
 -1 0 0  0 0  0
  0 0 0 -1 0  0
  0 0 0  0 0  1
  0 0 0  0 1  0
  0 0 1  0 0  0
