#22

2-2;2-2;1;1 1 16
1 
#1 
6	% 
 1 0 0 0 0 0
 0 1 0 0 0 0
 0 0 1 0 0 0
 0 0 0 1 0 0
 0 0 0 0 1 0
 0 0 0 0 0 1
1,1,1,1,1,1 1 1
1 
#1 
6	% 
 1 0 0 0 0 0
 0 1 0 0 0 0
 0 0 1 0 0 0
 0 0 0 1 0 0
 0 0 0 0 1 0
 0 0 0 0 0 1
1,1,1,1;1,1 1 3
14 
#4 
6	% 
  1  1  0  0  0  0
  0 -1  0  1 -2  0
 -1 -1 -1 -2  1  0
  0  0  0  0  1  0
  0  0  0  1 -1  0
  1  1  1 -1 -1 -1
6	% 
  0 -1 0 -1  0 -1
 -1  0 0 -2  0 -1
  0  1 1  1 -2  0
  1  0 0  1  1  1
 -1  0 0 -2  1 -1
  0 -1 1  1 -2 -1
6	% 
  1 0 0 -1  0  1
  2 1 1  0  1 -1
  0 0 0  0  0 -1
 -1 0 0  0 -1  0
  1 0 1  0  0 -1
  0 0 0 -1  0  0
6	% 
  1 0  1 1  1  1
  2 1  1 0  1  0
  0 0 -1 0  0 -1
 -1 0  0 0 -1  0
  1 0  1 0  0  0
  0 0  0 1  1  0
1,1,1,1,1;1 1 2
2 
#1 
6	% 
  0  0  0  1  0 -1
  0  0  1  0  0 -1
  1 -1  1  1  1  0
  0  0  0  0  1 -1
 -1  0 -1 -1 -1  1
  0 -1  1  1  1 -1
1,1,1,1;1,1 1 1
1 
#1 
6	% 
 0  0 -1 -1  0 -1
 0  0  0 -1 -1 -1
 0  0 -1  0 -1 -1
 0  0  1  1  1  1
 0 -1  0  0  0  0
 1  1  0  0  0  0
1,1,1;1,1,1 1 4
14 
#3 
6	% 
  1  0 -1  1  0  1
  1 -1  0  1 -1  0
 -1  1  1 -1  1  0
  0 -1 -1 -1  0  0
 -1  1  1  0  1 -1
  1 -1  0  0 -1  0
6	% 
 0 0  0  1  1  1
 0 0  0  1  1  0
 1 0  1 -1 -1 -2
 0 0 -1  1  0  2
 0 1  1 -1 -1 -2
 0 0 -1  0  0  2
6	% 
 0 0 -1  1  0 -1
 0 0 -1  0  0 -1
 1 0  1 -1 -1  1
 0 0  0  1  1 -1
 0 1  1 -1 -1  1
 0 0  0  1  1  0
2-2',2-2';1,1 1 1
1 
#1 
6	% 
 0  0  0  1 -1  0
 0  0  0  0 -1  0
 0  0 -1  0 -1  0
 0  0  0 -1  0 -1
 0 -1  0  0  0  0
 1  1  0  0  0  0
1,1;1,1;1,1 1 5
7 
#3 
6	% 
 0 -1  0  0  0 0
 1  1  0  0  0 0
 0  0  1  2 -1 0
 0  0  0  0 -1 0
 0  0 -1  1  1 1
 0  0  0 -1  1 0
6	% 
 0 -1  0  0  0  0
 1  1  0  0  0  0
 0  0 -1  0 -1  2
 0  0  1  0  0 -1
 0  0 -1 -1 -1  1
 0  0  0  0  1  0
6	% 
 1 0 0 0 0 0
 0 1 0 0 0 0
 0 0 0 0 1 0
 0 0 0 0 0 1
 0 0 1 0 0 0
 0 0 0 1 0 0
2-2,2-2;1,1 1 1
1 
#1 
6	% 
 0 0  0 -3  0  2
 0 0 -2 -3  3  2
 0 0  0  2  0 -1
 0 0  1  2 -2 -1
 1 0  0  0  0  0
 0 1  0  0  0  0
1,1,1;1;1;1 1 19
12 
#2 
6	% 
 1 1  0 0  0 0
 0 1  0 0  0 0
 0 0  1 0  0 0
 0 0 -1 0  0 1
 0 0  0 1 -1 0
 0 0  0 0 -1 0
6	% 
 0  1  0 0  0  0
 1  1  0 1  0 -1
 0 -1 -1 0  0  1
 0  1  0 1 -1  0
 0  1  0 0  1  0
 0  1 -1 0  0  0
1,1,1;1,1;1 1 12
28 
#4 
6	% 
 -1 1  0  0 0  0
  0 0  2  0 0 -1
  0 0 -4 -1 2  2
  0 0  1  1 0  0
  0 0 -2 -2 1  0
 -1 0  0  0 0  0
6	% 
 -1  1 0 -2  0 -2
  0  0 0 -1  0  1
  2 -2 0  5  0  2
  0  0 1  0 -1  0
  1 -1 0  2  1  1
  0  1 0 -1  0 -1
6	% 
  1 -1  0 0 0  0
  0  0 -1 1 0  0
 -2  2  0 0 1 -1
  0  0  0 1 1  1
 -1  1  0 0 0 -1
  1  0  0 0 0  0
6	% 
 -1  1  0  0  0  0
  0  0 -1  1  1 -1
  2 -2  2 -1 -2  1
  0  0  0  0  1 -1
  1 -1  1  0 -1  1
 -1  0  0  0  0  0
1,1;1,1;1;1 1 39
36 
#4 
6	% 
  0 1  0 -1  2 0
 -1 0 -2  0  0 1
  0 0  1  0  0 0
  0 0  0  1 -1 0
  0 0 -1  0  0 1
  0 0  0  0 -1 0
6	% 
  0 -1  0 -1  0 0
 -1  0  0  0  0 1
  1  0 -1  0  0 0
  0  1  0  0  1 0
 -1  0 -1  0  0 1
  0  1  0  1 -1 0
6	% 
  2 -1  1 0  1 -1
 -1  2 -1 1 -1  0
  1 -1  1 0  0 -1
 -1  1 -1 0  0  0
 -1  1  0 0 -1  0
 -1  1  0 1 -1  0
6	% 
  2 -1  1  1 -1 -1
 -1  2 -1  0  1  0
  1 -1  1  0  0  0
 -1  1 -1  0  0  1
 -1  1  0  0  1  0
 -1  1  0 -1  1  0
1,1,1,1;1;1 1 3
1 
#1 
6	% 
 0 0 -1 -1  0 -1
 0 0  0 -1 -1 -1
 0 0 -1  0 -1 -1
 0 0  1  1  1  1
 0 1  0  0  0  0
 1 0  0  0  0  0
2-2',2-2';1;1 1 2
1 
#1 
6	% 
 0 0  1 1  0 0
 0 0  0 1 -1 1
 0 0  0 1  0 1
 0 0 -1 1 -1 1
 0 1  0 0  0 0
 1 0  0 0  0 0
2-2,2-2;1,1 2 1
1 
#1 
6	% 
 0  0 -1 1 -1  1
 0  0  0 1  0  1
 0  0  1 1  0  0
 0  0  1 0  1 -1
 0 -1  0 0  0  0
 1  1  0 0  0  0
1,1;1,1;1;1 1 34
7 
#3 
6	% 
 0 0 0 -1 0  0
 0 0 0  1 1  0
 0 1 0  0 0  0
 0 0 1  0 0 -2
 0 0 0  0 0  1
 1 0 0  0 0  0
6	% 
 0 0  1 0 1  1
 0 0 -1 0 0  0
 0 1  0 0 0  0
 0 0  0 0 0 -1
 0 0  1 1 0  1
 1 0  0 0 0  0
6	% 
 0 0 0  1 1  1
 0 0 0 -1 0  0
 0 1 0  0 0  0
 0 0 0  0 0 -1
 0 0 1  1 0  1
 1 0 0  0 0  0
2-2,2-2;1;1 1 2
1 
#1 
6	% 
 0 0  0  2  0 -1
 0 0  1  2 -2 -1
 0 0  0 -3  0  2
 0 0 -2 -3  3  2
 0 1  0  0  0  0
 1 0  0  0  0  0
2-2;2-2;1,1 1 5
1 
#1 
6	% 
 0 -1  0 0  0 0
 1  1  0 0  0 0
 0  0  0 0  0 1
 0  0 -1 0  0 1
 0  0  0 1  0 0
 0  0  0 1 -1 0
2-2,2-2;1;1 2 2
1 
#1 
6	% 
 0 0 -1  1 -1  1
 0 0 -1  0 -1  0
 0 0 -1 -1  0  0
 0 0  0 -1  1 -1
 0 1  0  0  0  0
 1 0  0  0  0  0
1,1;1;1;1;1 1 48
3 
#1 
6	% 
 0 -1 0  0  0  0
 1  1 0  0  0  0
 0  0 0  0 -1  0
 0  0 1  0  0  0
 0  0 0 -1  1  0
 0  0 1  0  0 -1
1;1;1;1;1;1 1 41
3 
#1 
6	% 
 0 1  0  0 0 0
 1 0  0  0 0 0
 0 0  0  0 1 0
 0 0  1  0 0 0
 0 0  0 -1 1 0
 0 0 -1  0 0 1
1,1;1;1;1;1 1 54
24 
#2 
6	% 
  0  1  0  0 0  0
  1  0  0  0 0  0
  1 -1  0  0 1  0
  1 -1  0 -1 1  0
  1 -1  1  0 0 -1
 -1  1 -1  0 0  0
6	% 
 0 1 0 -1  0  1
 1 0 0  1  0 -1
 0 0 1  0  0 -1
 0 0 0  1 -1  0
 0 0 0  0  1  0
 0 0 1  0  0  0
