#48

3;1;1;1 1 13
1 
#1 
6	% 
 1 0 0 0 0 0
 0 1 0 0 0 0
 0 0 1 0 0 0
 0 0 0 1 0 0
 0 0 0 0 1 0
 0 0 0 0 0 1
1,1,1,1,1,1 1 1
1 
#1 
6	% 
 1 0 0 0 0 0
 0 1 0 0 0 0
 0 0 1 0 0 0
 0 0 0 1 0 0
 0 0 0 0 1 0
 0 0 0 0 0 1
1,1,1,1,1;1 1 2
12 
#3 
6	% 
  0 0  0  1  0 -1
  0 0  1  0  0 -1
  1 1  1  1  1  0
  0 0  0  0  1 -1
 -1 0 -1 -1 -1  1
  0 1  1  1  1 -1
6	% 
 0  1 -1 0  0 1
 0  1  0 0  0 0
 0  1 -1 0  0 0
 1  2  1 1 -1 1
 0 -2  0 0  1 0
 0  2  0 1  0 1
6	% 
 1  1 -1  1  0  1
 1  1 -1  1  1  0
 0  1 -1  1  1  1
 0  1 -1  2  0  0
 0 -2  1 -2 -1 -1
 1  1 -2  2  1  1
2-1;1,1,1,1 1 2
3 
#1 
6	% 
  0  0  0 0 -1  1
  0  0  0 0  0  1
  1  1 -1 1  1  2
  0  1 -1 0  0  2
  1 -1  0 0  0  0
 -1  0  0 0  0 -2
1,1,1;1,1,1 1 1
1 
#1 
6	% 
  0 -1 -1  0  0  0
 -1  0 -1  0  0  0
  1  1  1  0  0  0
  0  0  0  0 -1 -1
  0  0  0 -1  0 -1
  0  0  0  1  1  1
1,1,1,1;1,1 1 3
27 
#2 
6	% 
  0  0 0 0 0 -1
  0  0 1 0 0  0
  0  1 0 1 0  2
  1  0 0 0 0  0
  0 -1 0 0 0  0
 -1  0 0 0 1 -1
6	% 
  1  0  0 0  0 1
  1 -1  1 1 -1 0
 -2  1  0 0  0 0
  0  0 -1 0  1 0
  1 -1  0 1  0 1
  1  0  1 0  0 0
1,1,1,1;1,1 1 2
12 
#3 
6	% 
  0  0  0  0 1  0
 -1  1  0 -1 0 -1
  0  0  0  1 0  0
  1  1  1  0 0  0
  0 -1 -1  0 0  0
 -1  0 -1  0 0  0
6	% 
  1  0  0  0  0  0
  1  0 -1  0  0  0
  0 -1 -1 -1  1  1
  0  0  0 -1 -2 -1
 -1  1  1  1  0  0
  1 -1 -1  0  1  1
6	% 
  0  0  0 1  0  0
 -1 -1  1 0 -1 -1
  0  0  0 0  1  0
  0  0 -1 0  0  0
  1  0  1 0  0  0
  0 -1  2 0  0  0
2-1;1,1,1;1 1 6
9 
#1 
6	% 
  0  0 0  0  0  1
  0  1 0  1 -1  1
  0  0 0  1  0  0
  1 -1 0  0  0  0
 -1  0 1 -1  1 -1
  0  0 0  0  1  1
2-1;1,1,1;1 1 3
3 
#1 
6	% 
  0 0  0  0 -1 -1
  0 0  0 -1  0 -1
  0 0  0  1  1  1
 -1 0  1  0  0  0
  0 0 -1  0  0  0
  0 1  0  0  0  0
1,1,1;1,1,1 1 3
27 
#2 
6	% 
  0 0 1  0  0  0
  0 0 0  0  1  0
  0 1 0  0  0  0
  0 0 0  0 -1 -1
 -1 0 0  0  0  0
  0 0 0 -1  0  0
6	% 
  1 -1  0  1 1  1
 -1 -1  1  0 0 -1
  0  0 -1 -1 0 -1
 -1  0  1  0 0  0
  0  0  1  0 1  0
  0 -1  0  0 0  0
2-1;1,1;1,1 1 5
9 
#1 
6	% 
  0  0  0  0 -1  0
 -2 -1  2 -1  1  1
 -1 -1  1 -1  0  0
  0  0 -1  0  0  0
  1  2 -1  1 -1 -1
  1  1 -1  0 -1 -1
2-2;1,1,1,1 1 2
4 
#1 
6	% 
  0  0 0  0  0 -1
  0  0 0  0 -1  0
  0  0 0 -1  0  0
  1 -1 0  1  1  1
 -1  0 1 -1 -1 -1
  1  0 0  1  1  1
1,1,1,1;1;1 1 4
9 
#2 
6	% 
  1  1 -1  1  0  0
  0  0  0  1 -1  0
 -2 -2  2 -3  0 -1
  1  1 -1  2  0  0
 -1  0  1 -1  0  0
 -1  0  0 -1  0  0
6	% 
 0  0 -1  0  1  0
 0  0 -1 -1  0 -1
 0  0  1  1 -1  0
 0  0 -1  0  0  0
 1  0  0  0  0  0
 0 -1  1  0  0  0
1,1,1;1,1;1 1 10
54 
#3 
6	% 
  0 0  2  1  1  1
  0 0  1  1  1  1
  0 0 -4 -4 -3 -3
  0 0  1  0  1  0
  0 1  0  1  0  1
 -1 1  0  0  0  0
6	% 
  0  0  0  1 -1 -1
 -1 -1  1  0  0  0
  2  2 -2 -1  1  2
  0  0  0  1  0  0
  0 -1  1  0  0  0
  1 -1  0  0  0  0
6	% 
  0  0 -2 -1  1 -1
  0  0 -1  0  0  0
  0  0  3  1 -1  2
  0  0 -1 -1  0 -1
  0 -1  0  1  1  1
 -1 -1  1  0  0  0
1,1,1;1,1;1 1 4
12 
#3 
6	% 
  0 0 0  1 0 1
  0 0 0  1 0 0
  0 0 0 -1 1 0
  0 1 1  0 0 0
  0 0 1  0 0 0
 -1 1 0  0 0 0
6	% 
  0 -1 -1  0  0  0
 -1  0 -1  0  0  0
  1  1  1  0  0  0
  0  0  0  0 -1  1
  0  0  0  0  0  1
  0  0  0 -1 -1 -1
6	% 
  0  0 0  1 0 1
  0  0 0  1 0 0
  0  0 0 -1 1 0
  0 -1 1  0 0 0
  0  0 1  0 0 0
 -1 -1 1  0 0 0
1,1,1;1,1;1 1 7
54 
#4 
6	% 
 1 1 0  0  0  0
 0 0 0 -1  1 -1
 0 0 1  2 -2  2
 0 0 0  1  1  0
 0 0 0  2  1  1
 1 0 0  0  0  0
6	% 
 0  2 0 1 -1 1
 0 -1 0 0  0 0
 0  1 0 0  0 1
 1 -1 0 0  0 0
 1 -1 1 0  0 0
 0  1 0 1  0 1
6	% 
  0  0  0 1 -1 -1
 -1 -1  1 0  0  0
  2  2 -2 0  0  1
 -1  0  1 0  0  0
 -1  1  0 0  0  0
  0  0  0 1  0  0
6	% 
  1 -1  1  0  0  0
 -2 -2  2 -1  1 -1
  3  4 -4  2 -2  2
 -1 -1  1  1  1  0
  0  0  0  2  1  1
  1 -1  0  0  0  0
1,1,1,1;1;1 1 5
27 
#2 
6	% 
 1  1 0  1 -1  2
 1  1 1  1 -1  2
 0  0 0  1  0  2
 0 -1 0 -1  1 -2
 1  0 0  1 -1  2
 0  0 0  0  1 -1
6	% 
 0  1 0  0  0  1
 0  0 0  0  0  1
 0  1 0  0 -1  0
 1 -2 0  0  0 -1
 0  1 1  0  0  1
 0 -1 0 -1  0 -1
1,1,1;1,1;1 1 11
72 
#3 
6	% 
  0  0 0  1 -1 -1
  2 -1 0  2 -2 -2
 -3  1 1 -4  4  4
  0 -1 0  0  0 -1
  1  0 0  1 -1 -1
  0  0 0  1  0  0
6	% 
  0 -2  0  1 -1 -1
  1 -1 -1  1 -1 -1
 -2  3  2 -3  3  3
 -1  0 -1  0  0 -1
  2 -2  1  1 -1  0
  0 -1  0  1  0  0
6	% 
  1 -1  1  2  0  0
 -1  1 -1  1 -1 -1
  1 -1  1 -3  2  2
  0 -1  1  1  0  0
 -1  0  0  1 -1  0
  0  0  1  1  0  0
2-2;1,1,1;1 1 5
12 
#1 
6	% 
 0  0  0  0  0 -1
 0  0  0 -1  0  0
 0  0  0  0 -1 -1
 1  0 -1  1 -1  0
 1 -1  0  1 -1  0
 1  0  0  1 -1  0
1,1,1,1;1;1 1 6
6 
#2 
6	% 
  0  1 -1 0  0 0
  1  0  0 0  0 0
  0  1  0 0  0 0
 -1 -1  0 0  0 1
  1  1  0 1  0 0
  0  0  0 0 -1 0
6	% 
 0  0  0  1  0 -1
 0  0  0  1  0  0
 0  0  0  0  1  0
 0  0 -1 -1 -1  0
 1  0  0  1  1  0
 0 -1  0  0  0  0
1,1;1,1;1;1 1 8
27 
#2 
6	% 
  0  0 0 -1 -2 -1
  1 -1 1  0  0  0
 -1  0 0  0  0  0
  0  0 0  1  0  0
  0  0 0  0 -1 -1
  1 -1 0  0  0  0
6	% 
 0  0 0 -1 -2 -1
 0 -1 0  0  0  0
 0  0 1  0  0  0
 0  0 0  1  0  0
 0  0 0  0 -1 -1
 1 -1 0  0  0  0
2-2;1,1,1;1 1 4
4 
#1 
6	% 
  0 0  0 1  0  1
  0 0  0 0 -1  0
  0 0  0 0  0 -1
 -1 1  0 0  0  0
  1 0 -1 0  0  0
 -1 0  0 0  0  0
1,1,1;1;1;1 1 8
27 
#2 
6	% 
 0  0  0 0 0 -1
 0  0  0 0 1  2
 0 -1  0 0 0 -1
 0  0 -1 0 0  0
 0  0  0 1 0 -1
 1  0 -1 0 0  1
6	% 
 0 0 -1 0 0  1
 0 0  0 0 1 -1
 1 0 -1 0 0  1
 1 1 -1 0 0  0
 0 0  0 1 0  2
 1 0  0 0 0 -1
1,1;1,1;1;1 1 29
54 
#2 
6	% 
 -1 -1  1  0  0  0
  0  1 -3 -1  1  1
  1  0 -3 -1  1  1
  0  0  1  0 -1 -1
  1  1  0  1 -1  0
 -1 -1  1  0  1  0
6	% 
  0 0 -3 -1  1  1
  0 1  1 -1  1 -2
 -1 0  2 -1  1 -2
  0 0  0  1  0  1
  0 0  1  1 -1  0
  0 0 -1 -1  0  0
1,1;1,1;1,1 1 11
18 
#1 
6	% 
  1  1 -1  1 -1  1
 -1  0  2 -1 -1 -2
 -1  0 -1 -2  0 -1
  0  0 -2  0  1  1
 -1 -1  1 -1  2 -1
  1  1  1  2 -2  1
1,1,1;1;1;1 1 16
36 
#3 
6	% 
  0 0  1 0  0 0
 -1 0  3 0  0 0
  0 1 -3 0  0 0
  0 0  2 1  0 1
  0 0  2 1 -1 0
  0 0  0 1  0 0
6	% 
  1 0 -1  1 -1 -1
  1 1 -2  2 -2 -2
 -2 0  1 -2  2  2
  1 1 -1  1 -1 -2
  1 1 -1  2 -1 -1
  0 0  0  0  1  0
6	% 
  1  1 -1  1 -1  0
  2  2 -2  1 -2 -1
 -2 -2  2 -2  1  0
  1  2 -1  1 -1  0
  2  1 -1  1 -1  0
  0  0  1  0  0  0
1,1;1,1;1,1 1 4
27 
#2 
6	% 
 0  0 1 0 0 0
 0  0 0 0 0 1
 0  0 0 1 0 0
 1  0 0 0 0 0
 0 -1 0 0 0 0
 0  0 0 0 1 1
6	% 
  0  0 -1 0  0  0
  0  0  0 1  2  1
  1  1 -1 0 -2 -1
  0 -1  1 0  0  0
 -1  0  0 0  0  0
  1  1 -1 1  1  0
1,1,1;1;1;1 1 6
3 
#1 
6	% 
  0  0  0  0 1  1
  0  0  0 -1 0  0
  0  0  0  0 0 -1
 -1 -1  1  0 0  0
  1  0  0  0 0  0
  1  0 -1  0 0  0
1,1;1,1;1;1 1 20
27 
#2 
6	% 
  0  0 0 -2 -1 -1
  2 -2 0  1  0  1
 -1  1 0  0  0  0
  0 -1 1  0  0  0
  2 -2 0  0 -1  0
  1  0 0  0  0  0
6	% 
  0  0  0 -2 -1 -1
 -1 -1  1  1  0  1
  1  1 -1  0  0  0
  0 -1  0  0  0  0
 -1 -1  1  0 -1  0
  0 -1  1  0  0  0
1,1;1,1;1;1 1 26
36 
#3 
6	% 
 -1  0 1  0  0  0
  1 -4 0 -1  1  1
 -1 -3 0 -1  1  1
  0  2 0  0 -1 -1
  0 -2 0 -1  1  0
  0  0 0  0 -1  0
6	% 
 -1 0  1  0  0  0
  0 0 -1 -1  1  1
 -1 1  0 -1  1  1
  0 0  0  0 -1 -1
  0 0  0 -1  1  0
  0 0  0  0 -1  0
6	% 
  0  0  0 -1  0 0
  0  0  0  2  0 1
  0  0  0 -1 -1 0
  0  1 -1  0  0 0
  0 -1  0  0  0 0
 -1  1  0  0  0 0
2-2;1,1;1,1 1 4
12 
#1 
6	% 
 0  0  0 0 -1 0
 0  0  0 1  1 0
 0  0  0 0  2 1
 1  0 -1 0  0 0
 1 -1  0 0  0 0
 1  0  0 0  0 0
1,1,1;1;1;1 1 14
2 
#2 
6	% 
  0 -1 -1  0 0 0
 -1  0 -1  0 0 0
  1  1  1  0 0 0
  0  0  0  0 0 1
  0  0  0  0 1 0
  0  0  0 -1 0 0
6	% 
  0 0  0  0 -1 -1
  0 0  0 -1  0 -1
  0 0  0  1  1  1
  0 0 -1  0  0  0
  0 1  0  0  0  0
 -1 0  0  0  0  0
2-1;1,1;1;1 1 15
9 
#1 
6	% 
  0  0 0 1 -1 2
  0  1 0 0  0 0
  0  0 0 0  1 0
  1 -1 0 0  0 0
 -1  0 1 0  0 0
  0  0 0 1  0 1
2-1;1,1;1;1 1 29
9 
#1 
6	% 
 0  0 -1  0 0  0
 1  0  0  0 0  0
 0 -1  1  0 0  0
 0  0  0 -1 1  0
 0  0  0  1 0  0
 0  0  0 -1 0 -1
3;1,1,1 1 1
1 
#1 
6	% 
 0 0 1  0  0  0
 0 1 0  0  0  0
 1 0 0  0  0  0
 0 0 0  0 -1 -1
 0 0 0 -1  0 -1
 0 0 0  1  1  1
1,1;1,1;1,1 1 12
6 
#1 
6	% 
  0  0  1  0  0 0
  0  0 -1 -1  0 0
  0 -1  0  0  0 0
  0 -1  0  0 -1 0
  1  0  0  0  0 0
 -1  0  0  0  0 1
1,1;1,1;1;1 1 37
18 
#1 
6	% 
 1  0 -1  0 0  0
 0  0  0 -1 0 -1
 0 -1  1  0 0  0
 0  0  0 -1 1  0
 0  0 -1  0 0  0
 0  0  0 -1 0  0
2-1;1;1;1;1 1 26
3 
#1 
6	% 
  0 0  1  0 0  0
 -1 0  0  0 0  0
  0 1 -1  0 0  0
  0 0  0 -1 1  0
  0 0  0  1 0  0
  0 0  0 -1 0 -1
1,1;1;1;1;1 1 37
27 
#2 
6	% 
  0 0  1  0  0  0
  0 1 -1  0  0  0
 -1 0  0  0  0  0
  0 0  3  0  1  0
  0 0 -3  0 -1 -1
  0 0  0 -1  1  0
6	% 
  1  1 -1  2 -2 -2
 -1  0  0 -1  1  1
  0 -1  0 -1  1  1
  2  2 -2  4 -3 -3
 -2 -2  2 -4  4  3
  0  0  0  1  0  1
1,1;1;1;1;1 1 10
9 
#1 
6	% 
 0  0  0 -1 0  0
 0  0  0  1 1  0
 0 -1  0  0 0  0
 0  0 -1  0 0  0
 0  0  0 -2 0 -1
 1  0 -1  0 0  0
1,1;1;1;1;1 1 38
12 
#3 
6	% 
  0 0 1 0  0  0
  0 1 0 0  0  0
 -1 0 0 0  0  0
  0 0 0 0 -1  0
  0 0 0 1  0  0
  0 0 0 0  0 -1
6	% 
 0 0  0 0 0 1
 0 0  0 0 1 0
 0 0  0 1 0 1
 0 0 -1 0 0 0
 1 0  0 0 0 0
 0 1  0 0 0 0
6	% 
 0 -1 0 0  0  0
 0  0 1 0  0  0
 1 -1 0 0  0  0
 0  0 0 0 -1  0
 0  0 0 1  0  0
 0  0 0 0  0 -1
2-2;1,1;1;1 1 11
12 
#1 
6	% 
  0 0 0 1 -1 0
  0 0 0 0  1 1
  0 0 0 1  0 0
 -1 0 1 0  0 0
 -1 1 0 0  0 0
 -1 0 0 0  0 0
2-2;1,1;1;1 1 17
12 
#1 
6	% 
 0  0  0 1 0  1
 0  0  0 0 1  1
 1  0 -1 0 0  0
 0  0  0 0 0 -1
 1  0  0 0 0  0
 1 -1  0 0 0  0
3;1,1;1 1 4
3 
#1 
6	% 
 0 0 0 0 0 1
 0 0 0 0 1 0
 0 0 0 1 0 1
 0 1 0 0 0 0
 1 0 0 0 0 0
 0 0 1 0 0 0
1,1;1;1;1;1 1 50
9 
#1 
6	% 
 0  0  0  1 0 1
 1 -1  0  0 0 0
 0  0  0 -1 1 0
 1  0 -1  0 0 0
 1  0  0  0 0 0
 0  0  0  1 0 0
1;1;1;1;1;1 1 26
3 
#1 
6	% 
 0  1 0 0  0 0
 0 -1 1 0  0 0
 1 -1 0 0  0 0
 0  0 0 0  0 1
 0  0 0 1  0 0
 0  0 0 0 -1 0
1;1;1;1;1;1 1 33
1 
#1 
6	% 
  0 0 0  1 0 1
 -1 1 0  0 0 0
  0 0 0 -1 1 0
 -1 0 1  0 0 0
 -1 0 0  0 0 0
  0 0 0  1 0 0
2-2;1;1;1;1 1 17
4 
#1 
6	% 
  0 0 0 0 -1 -1
  0 0 0 0  0 -1
 -1 1 0 0  0  0
  0 0 0 1  0  1
 -1 0 1 0  0  0
 -1 0 0 0  0  0
