#27

2-1;1,1;1;1 1 31
1 
#1 
6	% 
 1 0 0 0 0 0
 0 1 0 0 0 0
 0 0 1 0 0 0
 0 0 0 1 0 0
 0 0 0 0 1 0
 0 0 0 0 0 1
1,1,1,1,1,1 1 1
1 
#1 
6	% 
 1 0 0 0 0 0
 0 1 0 0 0 0
 0 0 1 0 0 0
 0 0 0 1 0 0
 0 0 0 0 1 0
 0 0 0 0 0 1
2-1;1,1,1,1 1 2
1 
#1 
6	% 
  0  0 0  1  1  1
  0  0 0 -1  1  0
  1  0 0  0  1  1
  1  1 0  1  1  1
  0 -1 1  0  0  0
 -1  1 0  0 -1 -1
1,1,1,1,1;1 1 2
6 
#3 
6	% 
 -1 -1  1 -1 -1 -1
 -2 -1  1 -1 -1 -1
 -1 -1  1  0 -1 -2
 -2 -1  1 -1 -1  0
  2  1 -2  0  2  2
 -2 -2  1 -1 -2 -2
6	% 
 -1 -1  0  1  0  0
 -1  0  0  0  0  0
  0 -1  0  2  0  1
 -1 -1  1  0  0  0
  1  1 -1 -2 -1 -1
 -1 -1  1  1 -1  1
6	% 
 0 0  1 1  0 1
 0 0  1 0  0 0
 1 0  1 0 -1 0
 0 0  0 1 -1 0
 0 1 -1 0  1 0
 0 1  1 1 -1 0
1,1,1,1;1,1 1 2
7 
#4 
6	% 
 0  0 -1 -1 -1  0
 0  0 -1  0  0  1
 0 -1 -1 -2 -1 -1
 1  0  0  0  0  0
 0  1  1  2  1  0
 0 -1 -1 -1 -1  0
6	% 
  1  0 0  1  1  1
  1  0 0  1  0  1
  1  0 0 -1  1  0
  0 -1 1  0  0  0
 -1  1 0  0 -1 -1
  1  1 0  1  1  1
6	% 
  1  1  1  1  0 0
  1  0  1  1  0 0
  1  1  0  1  0 0
  0  0  0  0 -1 1
 -1 -1 -1 -1  1 0
  1  1  1  2  1 0
6	% 
  0  0 1  0 0  1
  0  0 0  1 0  1
 -1  0 0 -2 0 -1
  0 -1 0  0 1  0
  1  1 0  1 0  0
 -1  1 0  0 0  0
2-1;1,1;1,1 1 6
1 
#1 
6	% 
  0  0 0  1 1  1
 -1  0 0 -1 0  0
 -1 -1 0 -1 0  0
  1  0 1  1 0  0
  1  0 0  1 0  1
  1  0 0  0 0 -1
2-1;1,1,1;1 1 7
2 
#1 
6	% 
  1 0 0  0  0  0
  0 0 0 -1  0 -1
  0 1 0  0 -1  0
  0 0 1  1  1  0
  1 0 0 -1  1 -1
 -1 0 0  2  1  1
1,1,1;1,1,1 1 3
2 
#1 
6	% 
  0  1 -1  1  1  1
 -1  0  0  0  0  0
  1  1  0  2  1  1
 -1 -1  0 -2 -1 -2
  1  0  1  0 -1 -1
 -1  0 -1  1  1  2
1,1,1,1;1,1 1 3
4 
#1 
6	% 
  1  0  0  0 0  0
  1  0  0  0 0 -1
  0  0  1  2 0  0
 -1 -1 -1 -1 1  0
  1 -1 -1  0 1  0
  0  1  0 -1 0  0
1,1,1;1,1,1 1 2
4 
#2 
6	% 
 1  0 0  0  0 0
 0  0 0 -1 -1 0
 0 -1 0  0  0 1
 0 -1 1  0  0 0
 0  1 0  0  0 0
 0  1 0  1  0 0
6	% 
 -1  1  0 0  0 0
  0  1  0 1  0 0
  0  0  0 0 -1 1
  0  0 -1 0  1 0
  0 -1  1 0  0 0
  0  1  1 1  0 0
1,1,1,1;1;1 1 4
1 
#1 
6	% 
  1 0  0  2 1  1
  1 0  0  0 0  0
 -1 0  0 -3 0 -1
  0 0  0  1 0  0
  0 1  0  0 0  0
  0 0 -1 -1 0  0
1,1,1;1,1;1 1 9
4 
#1 
6	% 
 0  0  0  1 0  0
 1  0  0  0 0  0
 0  0  0  0 1  0
 0  0  0  0 0 -1
 0  0 -1  0 0  1
 0 -1 -1 -1 0  0
1,1,1;1,1;1 1 7
4 
#2 
6	% 
 0 1 -1  1 0  2
 0 0  0  1 0  2
 0 0  0 -1 1 -3
 1 0  0  1 0  1
 1 0  0  0 0  0
 0 1  0  1 0  1
6	% 
 -4 -1 1 -1  0 0
 -2  0 0  1  0 0
  5  0 0 -2  0 0
 -1  0 0  0 -1 0
  0  0 0  0 -1 1
 -2 -1 0 -1  0 0
1,1,1,1;1;1 1 5
4 
#1 
6	% 
  0 0 0 -1 -1  0
  1 0 0  0 -1  0
 -1 0 1  0 -1  0
  0 0 0  0  1 -1
  0 0 0 -1 -1 -1
  1 1 0  1  1  0
1,1;1,1;1,1 1 8
3 
#2 
6	% 
  0 0  0  1 1  1
  0 1  1  1 0  0
 -1 0  0 -1 0  0
  1 0  1  1 0  0
  1 0  0  1 0  1
  0 0 -1 -1 0 -1
6	% 
  0 0  1  1 1  0
  0 1  0  1 0  1
 -1 0  0 -1 0  0
  1 0  0  1 0  1
  1 0  1  1 0  0
  0 0 -1 -1 0 -1
1,1;1,1;1,1 1 9
2 
#1 
6	% 
  1  0  0  0  0  0
  0  0 -1 -1 -1  0
  0 -1  0  0  1  0
  0 -1  1  0  1 -1
 -1 -1  1  0  1  0
  1  0  0  1  0  1
1,1,1;1,1;1 1 6
16 
#6 
6	% 
 0 -2 0 -1 0  0
 0 -2 0  0 1  1
 0  3 0  1 0 -1
 1 -1 0  0 0  0
 1  0 0  0 0  0
 0 -1 1  0 0  0
6	% 
 0 -2 0 -1 0  0
 0 -1 0  0 0  1
 0  2 1  1 0 -1
 1 -1 0  0 0  0
 1  0 0  0 0  0
 0 -1 0  0 1  0
6	% 
 -2 0 0 -1 0 0
 -1 0 0 -1 0 0
  2 0 1  2 0 0
 -1 0 0  0 0 1
  0 1 0  1 0 1
 -1 0 0  0 1 0
6	% 
 0 0 0 1 0 0
 1 0 0 0 0 0
 0 0 0 0 0 1
 0 1 0 1 0 0
 0 1 1 1 0 0
 0 0 0 1 1 0
6	% 
 -2 0 0 -1 0 0
 -1 0 0 -1 0 0
  2 0 1  2 0 0
 -1 0 0  0 0 1
  0 0 0  1 1 1
 -1 1 0  0 0 0
6	% 
 0 0 0 1 0 0
 1 0 0 0 0 0
 0 0 0 0 1 0
 0 0 1 1 0 0
 0 0 1 1 0 1
 0 1 0 1 0 0
1,1,1,1;1;1 1 6
6 
#3 
6	% 
  1  0 0  0 0  0
  1  0 1  1 0  1
  0  0 0 -1 0 -1
 -1  0 0  0 1  0
  1  1 0  1 0  0
  0 -1 0  0 1  0
6	% 
  1  0 -1 0  0 0
  1  0  0 0  0 0
  0  1  0 0  0 0
 -1 -1  0 0  0 1
  1  1  0 1  1 0
  0  0  0 0 -1 1
6	% 
  1  0 0  0 0  0
  1  0 0  1 1  1
  0  0 0 -1 0 -1
 -1  0 1  0 0  0
  1  1 0  1 0  0
  0 -1 1  0 0  0
1,1,1;1,1;1 1 11
4 
#1 
6	% 
  2  0  0  1 0 0
  2  1 -1 -3 0 0
 -5 -2  2  5 0 0
  1 -1 -1  0 0 1
  1  1  0 -1 0 0
  1  0  0  1 1 0
1,1,1;1;1;1 1 18
4 
#2 
6	% 
 1 0 0  0  0  0
 0 0 0 -1 -1  0
 0 0 0 -1  0  0
 0 1 0  1  0  0
 0 0 1  1  0  0
 0 0 0  0  0 -1
6	% 
 1  0 0  0  0  0
 0  0 1  0  0  0
 0  0 0  1  0  0
 0 -1 0 -1  0  0
 0  0 0 -1 -1  0
 0  0 0 -1  0 -1
1,1;1,1;1;1 1 32
6 
#3 
6	% 
  0  0 0  1 1  1
  1  0 0  0 0  0
  0  0 1  0 0 -1
 -1  0 0 -1 0 -1
 -1  0 1  0 0  0
  0 -1 1  0 0  0
6	% 
  0 1  0  1 0  1
  1 0  0  0 0  0
  0 0  0  0 1 -1
 -1 0  0 -1 0 -1
 -1 0  0  0 1  0
  0 0 -1  0 1  0
6	% 
  0 1  1  1  0 0
  1 0  0  0  0 0
  0 0 -1  0  0 1
 -1 0 -1 -1  0 0
 -1 0  0  0  0 1
  0 0  0  0 -1 1
1,1,1;1;1;1 1 13
2 
#1 
6	% 
  1  0 0 1  1 0
  0  0 0 1  1 0
  1 -1 0 0  1 0
  0  0 1 1  0 1
  1  0 0 1  1 1
 -1  0 0 0 -1 1
1,1;1,1;1;1 1 22
1 
#1 
6	% 
  1  0 0  1 0  0
  0  0 0  1 1  1
  1  0 1  1 0  0
  1 -1 0  0 0  0
 -1  0 0 -1 0 -1
 -1  0 0  0 0  1
1,1;1,1;1;1 1 24
4 
#1 
6	% 
  1  0  0  0  0  0
  0 -2  1 -1 -1  0
  0  1 -2  0  1  0
  0  1 -1  0  1 -1
 -1  1 -1  0  1  0
  1  0  0  1  0  1
1,1,1;1;1;1 1 16
2 
#1 
6	% 
 1  1 -1  3 0 0
 0  2 -1  6 0 0
 0 -1  2 -5 0 0
 0  1 -1  4 0 1
 0  1 -1  4 1 0
 0  0  0  1 1 1
1,1;1;1;1;1 1 42
1 
#1 
6	% 
  1 0 0  0 0 0
  1 0 1  1 0 0
 -1 1 0  0 0 0
  1 0 0  1 1 0
  1 0 0  1 0 1
 -2 0 0 -1 0 0
1,1;1;1;1;1 1 53
1 
#1 
6	% 
 -3 0 0 -2 0 0
  1 1 0  1 0 0
 -1 0 1  0 0 0
 -1 0 0  0 1 0
 -1 0 0  0 0 1
  2 0 0  1 0 0
