#117

3;2-1;1 1 5
1 
#1 
6	% 
 1 0 0 0 0 0
 0 1 0 0 0 0
 0 0 1 0 0 0
 0 0 0 1 0 0
 0 0 0 0 1 0
 0 0 0 0 0 1
1,1,1,1,1,1 1 1
1 
#1 
6	% 
 1 0 0 0 0 0
 0 1 0 0 0 0
 0 0 1 0 0 0
 0 0 0 1 0 0
 0 0 0 0 1 0
 0 0 0 0 0 1
1,1,1,1,1;1 1 2
14 
#5 
6	% 
  0  0 -1 -1  1  0
 -1  0 -1 -1  2  0
 -1 -1 -1 -2  2  1
  0  0  0  0  1 -1
  1  0  1  2 -3  0
 -1  0 -1 -2  2  0
6	% 
 1  1 -1  1  0  1
 1  1 -1  1  1  0
 0  1 -1  1  1  1
 0  1 -1  2  0  0
 0 -2  1 -2 -1 -1
 1  1 -2  2  1  1
6	% 
  1  1  1  0  1  1
  1  1  1  1  0  1
  1  1  1  1  1  1
  1  1  1  0  0  2
 -1 -2 -1 -1 -1 -2
  1  1  2  1  1  2
6	% 
  0  1 1 -1  1 -1
 -1  0 0  0  0  1
  0  0 0 -1  1  0
  0  1 0  1  2 -2
  0 -1 0  0 -2  1
  0  1 0  0  2 -2
6	% 
  1 1 -2 1  1 -1
  0 0  0 0  1  0
  0 0  0 0  1 -1
  1 0 -1 0  0 -1
 -1 0  2 0 -1  1
  1 1 -1 0  1 -2
2-1;1,1,1,1 1 2
4 
#2 
6	% 
  0  0  0  0 -1  1
  0  0  0  0  0  1
  0 -1  1 -1 -1 -1
  1 -1  0 -1 -1  0
 -1  1  1  0  0  0
  1  0 -1  1  1 -1
6	% 
 1 -1  0  1  0 -1
 0 -1 -1  0  0  1
 0  0 -1  1  0  0
 0 -1 -1  1  0  0
 0  0  0  0 -1  1
 0  1  1 -1  0 -1
1,1,1;1,1,1 1 2
1 
#1 
6	% 
  0 0  0  0 -1 -1
  0 0  0 -1  0 -1
 -1 0  0  0  0  1
  0 1 -1  0  0  0
  1 0  1  0  0 -1
  1 0  1  0  0 -2
2-1;1,1,1;1 1 6
24 
#5 
6	% 
 0 -1  1  0 0  0
 0  0  1 -1 0  0
 0  0  0 -1 0  1
 1 -1 -1  0 0  0
 0  1  0  1 0 -1
 0  0  0  1 1 -1
6	% 
  1  0  0  0  0 -1
 -1  1 -1  1 -1  1
 -2  1  0  1  0  1
  0  0  0  0  1  0
  1 -1  1 -1 -1  0
  1  0  1 -1  0 -1
6	% 
  1 1  1  0  0 -2
 -1 0  0 -1 -1  2
 -1 0 -1 -1  0  2
  0 0  0  0  1 -1
  1 0  0  1 -1 -1
  1 1  0  1  0 -2
6	% 
  0 0 0  1 1 -1
  0 0 1 -1 0  0
  0 0 0 -1 0  1
 -1 0 0  0 0  1
  0 1 0  1 0 -1
  0 0 0  1 0  0
6	% 
  1 -1 0  1  0 -1
  0  0 0 -1  1  0
 -1  1 1 -2  0  1
  0  0 0  0 -1  1
  0  0 0  1  1 -1
  1  0 0  2  0 -2
1,1,1,1;1,1 1 3
53 
#8 
6	% 
  0 -1  1 -2 -1  2
  1  0  0  0 -2  1
  1  0 -1  1 -1 -1
 -1  0  1  0  2 -1
  0  1  0  0 -1  1
  0 -1  0 -1 -1  1
6	% 
  0 -1 -1  0  2 -1
 -1  0  0  0  2 -1
  0  0  1  0  0  0
  1  1  0  1 -3  0
 -1  0 -1 -1  1  0
  0 -1  0  0  1  0
6	% 
  0 1 -1  0  0  0
 -1 0  0  0 -2  1
  0 0  1  1  1 -2
  1 0  0 -1  0  1
 -1 0  0 -1 -3  3
  0 0 -1  1  1 -1
6	% 
  0  0  0  0  1 -1
 -1 -1  2 -1  2 -1
  0  0  1 -1  0  0
  1  0 -2  1 -3  2
 -1 -1  1 -1  2 -1
  0  1  0  1  0 -1
6	% 
 -1  0  0  1 1  0
 -2  0  0  1 1  1
  1  0  0 -1 0  0
  2  0 -1 -1 0 -1
 -1 -1  0  1 0  1
 -1  0  0  1 0  1
6	% 
 -1 -1 -1  0 -2  3
  1  0  0 -1 -1  0
  1  1  0  0  1 -1
  0  0  1  1  1 -2
  0 -1  0 -1 -1  1
 -1  0 -1  0 -1  3
6	% 
  0  0  0  0 -1  0
  0  0  0 -1 -1  1
  0  1  0  0  0  0
  1 -1 -1  1  1  1
 -1  0  0 -1 -1  0
  0  1  0  0  0 -1
6	% 
 -1  1  0 -2 -1  2
  0  1 -1 -1 -1  1
  1 -1 -1  1  1 -2
  0 -1  1  1  0 -1
  0  1 -1 -1  0  0
 -1  0  0 -1 -1  1
1,1,1,1;1,1 1 2
6 
#3 
6	% 
 0  0 0 -1  0  1
 0 -1 1 -1 -1 -1
 0  0 0  0  0  1
 1  0 0  0  0 -1
 0  1 0  1  0  0
 0  0 1 -1  0 -1
6	% 
 -1  0 0  0  1 0
  0  0 0 -1  1 0
  0  0 0  1  1 1
  0 -1 1  0  0 0
  0  1 0  0 -1 0
 -1  1 0  0  1 0
6	% 
  1  0  0  0 0 -1
  1  1  1  0 0 -2
  0  0 -1 -1 0  1
  0  0  0  0 1  1
 -1 -1  0  0 0  1
  1  1  0  0 0 -2
2-1;1,1,1;1 1 5
1 
#1 
6	% 
  0  0  0 1 1  1
  0  0  0 1 0  0
  1 -1  0 0 0  0
 -1  1  1 0 0  0
  2 -1 -1 0 0 -1
  1  0 -1 0 0  0
2-1',2-1';1,1 1 3
6 
#1 
6	% 
  1 -1 -1  0  2 -2
 -1  1  0  1 -2  1
  0  0  1  0  1  0
  1  0  0  0  3 -2
 -1  0  1 -1 -2  2
  1 -1  0  0  2 -2
2-1;1,1,1;1 1 7
3 
#1 
6	% 
 0  1 -1  0  0  0
 1  1  1  0  0 -2
 0  0  0 -1  0  1
 0  0  0  1 -1  0
 0  1  0  1  0 -1
 0 -1  0  1  0  0
1,1,1;1,1,1 1 3
33 
#5 
6	% 
 -1  0  0  0 -2  1
  0  1 -1 -2  1  0
  0  0  1  1  0 -1
  1  0  0 -1  1  0
  0 -1  0  1  0  0
 -1  0  0 -1 -2  2
6	% 
  1 -1 -1  0 -3  0
 -2  0  0  2  2 -1
  1  0  0 -1 -1  0
 -2  0  1  1  3  0
  1  0  0 -1  0  0
 -1  0 -1  1 -1  0
6	% 
 1 -1 -1  0 1  0
 0  1 -1  0 0  0
 1 -1  0  0 0  0
 0  0  1 -1 0  0
 0  0  1  0 0 -1
 1 -1  0 -1 0  0
6	% 
  0  1 -1  0  1 1
 -1  0  0  0  0 1
  0  0 -1 -1  1 1
  0 -1  0  0 -1 1
  0 -1  0 -1 -1 1
  0  0 -1  0  1 0
6	% 
  1 -1  0 1  0 -1
  0 -1 -1 0 -1 -1
  1  1  0 0  1  0
 -1  0  0 0  0  0
 -1  1  2 0  1  1
  1 -1 -1 0  0 -1
2-1;1,1;1,1 1 8
6 
#1 
6	% 
  1 -1 -1  0  0  0
 -2  1  1  0  0  1
  0  0  0 -1  0  1
 -1  1  0  0  1  1
  0  0  0  1  1 -1
 -1  0  1  0 -2  1
2-1;1,1;1,1 1 5
12 
#3 
6	% 
 -1 -1 -1  0  0  2
  0  0  0 -1 -1  1
  1  0  1 -1  0 -1
  0  0  0  0  1  0
  0  0  0  1 -1  0
  1  1  0  1  0 -2
6	% 
 0  0  0  0  1  1
 0  0  1 -1  0  0
 0 -1  1 -1 -1  0
 1 -1 -1  0  0  0
 0  1  0  1  0 -1
 0  1 -1  1 -1 -1
6	% 
 -1  1 1  0  0  0
 -2  0 0 -1  1  2
 -1 -1 0 -1  0  2
  0  0 0  0 -1  0
  2  0 0  1  1 -3
  2 -1 0  1  0 -2
2-1',2-1';1;1 1 5
6 
#1 
6	% 
 1 -1 -1  0 1 -2
 0  1  0  0 1  0
 0  0  0 -1 1  0
 0  0  0  0 1  0
 0  0  1  0 1  0
 0  0  0 -1 0  1
1,1,1;1,1,1 1 4
12 
#1 
6	% 
 -1  0  0  0  0  1
 -1  0  0 -1  0  2
  2  0 -1  1  0 -2
 -1  1  1  0  0  0
  2 -2 -1  1  0 -1
 -1  1  1 -1 -1  1
2-1;1,1;1,1 1 10
6 
#1 
6	% 
  0  1  0  0 -1  0
 -3  3  2 -1  0  1
  3  0 -1  1  0 -3
  0 -1  0  0  0  1
  2 -2 -1  1  0 -1
 -2  0  1 -1  0  2
2-2;1,1,1,1 1 2
4 
#1 
6	% 
  2  1  1 -2 -2  0
  0  0 -1  1  1 -1
  1  1  0 -1 -1  0
 -1 -1  0  1  0  1
  1  1  0  0 -1 -1
 -1 -1  0  0  0  1
1,1,1,1;1;1 1 4
6 
#3 
6	% 
  1  0 -1 -1  0  0
  0  0 -1 -1  0  1
 -3 -1  2  1  0  2
  2  0 -2  0  0 -1
 -1  0  1  0  0  1
 -1  0  1  0 -1  1
6	% 
 0  0  0 1 0 -2
 0  0  0 0 0 -1
 0  2 -2 0 1  5
 0 -1  1 0 0 -3
 0  0 -1 0 0  2
 1  0 -1 0 0  1
6	% 
  0  0  0 0 0 -1
  0  0  0 1 0  0
 -1  0  0 0 1  1
  1  0  0 0 0  0
  0 -1  0 0 0  0
  0  0 -1 0 0  0
1,1,1;1,1;1 1 10
138 
#15 
6	% 
 0 -1 -1 0  0  1
 0  0 -2 0  0  1
 0  2  5 1  0 -4
 1 -1 -1 0  0  0
 0  0 -1 0 -1  1
 0  0  0 0 -1  0
6	% 
  2  1  1 0 -2 -1
  2  1  1 0 -3  0
 -5 -3 -3 0  6  2
  1  1  0 1 -1 -1
  1  0  1 0 -1  0
  0  0  0 0  1  0
6	% 
  2 -1 -1  2 0 -2
  2  0  0  2 0 -3
 -5  2  2 -6 0  6
  1  0 -1  1 2 -3
  1  0  0  1 1 -2
  0  0  0  0 1  0
6	% 
 -1 0  2 -2  0  1
 -1 0  2  0  0  0
  3 1 -7  4  0 -2
  0 0  1 -1  0  0
 -1 0  1  0 -1  1
  0 0  0  0 -1  0
6	% 
 -1  0  2  0 -4   4
 -2  2  2  0 -5   5
  4 -3 -5  0 12 -12
  1  0  1  1 -2   0
 -2  1  1 -1 -3   4
  0  0  0  0 -1   0
6	% 
  0  0  0 0 0 1
 -1  0  0 0 0 0
  2  0  0 1 0 0
  0  0  0 0 1 0
  0  0 -1 0 0 0
  1 -1 -1 0 0 0
6	% 
 -2  0  0  3 -2 0
 -1  0  0  2 -2 0
  4  0  0 -8  6 1
 -1  0  0  1 -1 0
  0  0 -1  2 -1 0
  1 -1 -1  0  0 0
6	% 
 0  2 -2  3  2 -1
 0  3 -3  4  2 -1
 0 -7  7 -9 -6  3
 0  1 -1  1  1  0
 1  1 -2  2  1 -1
 1 -1 -1  0  0  0
6	% 
 0  0  0 0 0  1
 0 -1  1 0 0 -1
 0  2 -2 1 0  1
 1  0  0 0 1 -1
 1 -1  0 0 0 -1
 1 -1 -1 0 0  0
6	% 
  0  0  0 -1 0  1
 -1  1 -1  1 0  0
  2 -1  1  0 0 -2
  0  0  0 -1 1  0
 -1  1  0  0 0  0
 -1  1  1  0 0  0
6	% 
  0  0  0  1  0 -1
 -2 -1 -1  2  0  1
  3  1  1 -5  0  1
  0  0  0  1 -1  0
 -1 -1  0  1  1  0
  0 -1  1  0  0  0
6	% 
 -2  0 0   5 -2 -2
 -3  0 0   6 -2 -2
  8  0 0 -16  6  5
 -1  0 0   2 -1 -1
 -2  0 1   4 -1 -1
  0 -1 1   0  0  0
6	% 
  0  0  0 0  0  1
 -1  1  1 0  0  0
  2 -2 -2 1  0 -1
  2  0  0 0  1 -2
 -2  0  1 0 -1  2
  0 -1  1 0  0  0
6	% 
 -3 -1  1  0  1  2
 -3 -1  1  0  0  3
  8  3 -3  0 -2 -6
 -2  0  1  0  2  1
 -1 -1  0 -1 -2  2
  0  0  0 -2  0  1
6	% 
  0 -1 -1  0 -1  2
  2  0  0  0 -3  1
 -3  1  1  0  6 -4
  0  0 -1  0 -2  1
  1  0  0 -1 -1  1
  0  0  0 -2  0  1
1,1,1,1;1;1 1 5
53 
#8 
6	% 
 0  0  1  1 -1  0
 0  0  1  1 -2  1
 1 -1  0  1  0 -1
 0  1 -1 -1  0  0
 0 -1  1  1 -1  0
 1  0 -1 -1  0  0
6	% 
  1  0  0  0 -1  0
  1 -1 -1  0  1 -1
  0 -1  0 -1  1  0
 -1  1  1  1  0  0
  1 -1 -1 -1  1  0
  0  0  1  1 -1  0
6	% 
  1 0  0 0 -2  1
  1 1  1 0 -2  0
  1 0  1 0 -2  0
 -1 0 -1 1  2 -1
  1 0  1 1 -2  0
 -1 0 -1 0  1  0
6	% 
 0  1 -1  0  0  0
 0  1 -1  0  1 -1
 0  1 -1  1  0 -1
 0 -1  2 -1 -1  1
 1  1 -2  1  1 -2
 0 -1  1 -1 -1  1
6	% 
  1 0 0  0 -1 1
  2 0 0  0 -1 0
  0 0 1  0 -1 0
 -2 0 0 -1  1 0
  2 0 0 -1 -1 1
 -1 1 0  0  1 0
6	% 
  0 0  0  1 -1  0
  0 0  0  1 -2  0
 -1 1  1  0 -1  2
  0 0 -1 -1  2 -1
  0 1  0  1 -2  1
 -1 0  0  0  1 -1
6	% 
  1  1  1  0  1  1
  1  1  1  0  2  0
  1  1  1 -1  1  1
 -1 -1 -2  0 -2 -1
  1  2  1  0  2  1
 -1 -1 -1 -1 -1  0
6	% 
 0  0 -1  0 1  0
 0 -1  0 -1 0  1
 0  0  0 -1 0  0
 1  0  0  2 0 -2
 1 -1 -1 -2 0  1
 0  0  0  1 0 -1
1,1,1;1,1;1 1 12
72 
#6 
6	% 
 -4  2  2 -2  3  0
 -4  2  2 -2  4 -1
 10 -5 -5  4 -8  1
 -2  1  2 -1  2 -1
  5 -2 -4  2 -4  1
 -2  1  1 -1  2  0
6	% 
 0  2  0  0 -5   4
 0  1 -1  0 -4   4
 0 -4  2  0 12 -11
 1  0 -1  1 -2   1
 0 -2  1 -1  6  -5
 0  1  0  0 -2   2
6	% 
  2 -1 -1 -4  2  2
  0  0  0  1 -2  0
 -2  1  1  4  0 -3
  0  0  0  1 -1  0
 -1  1  1  2  0 -2
  1 -1  0 -2  1  1
6	% 
 -2  1  1  0  2 -1
  0  0  0  2  1 -2
  2 -1 -1 -2 -2  2
  0  0  0  1  1 -1
  1  0 -1 -1  0  1
 -1  0  0  0  1  0
6	% 
 0  2  0  0  0 -1
 0  0 -2  1  1  0
 0 -3  3 -1 -1  1
 0  0 -1  0  1  0
 1 -2  1  0 -1  0
 0  1  0  0  0  0
6	% 
 -2  1 1  0 -2  1
  0  0 0  0 -1  0
  2 -2 0  0  0 -1
  0  0 0  1  0 -1
  1 -1 0 -1 -1  1
 -1  0 0  0 -1  1
1,1,1;1,1;1 1 7
42 
#7 
6	% 
 0  0  0  2 -3  2
 0  1 -1  2 -2  1
 0 -2  2 -4  3 -1
 1  1  0  1 -1 -1
 1  0  0  0  0 -1
 0  0  0  1 -2  1
6	% 
 -2 0 0 -2  1  2
 -1 0 0 -2  0  2
  3 0 0  4 -2 -3
 -1 1 0 -1  0  1
 -1 1 1  0  0  0
 -1 0 0 -1  0  1
6	% 
 -3  1 -1 0  2  2
 -4  0  0 0  2  3
  8 -1  1 0 -4 -6
 -2  0  0 0  1  2
  0  0  0 1  0  1
 -2  1  0 0  1  1
6	% 
 -2 -1 -1 0 -2  4
 -2  0  0 0 -2  3
  5  0  0 0  4 -7
 -1  0  0 0 -1  1
  0  0  0 1  0  0
 -1 -1  0 0 -1  2
6	% 
 0  0  0 0 -2  1
 0 -1  1 0 -2  1
 0  2 -2 1  5 -3
 1  0  1 0 -1 -1
 1  0  0 0  0 -1
 0  0  0 0 -1  1
6	% 
  0 0 0 0  2 -1
  1 0 0 0  2 -2
  0 0 0 1 -3  1
  0 1 0 0  1 -1
 -1 1 1 0  0  0
  0 0 0 0  1 -1
6	% 
 -2  1  1  0 0  1
 -2  0  2  0 0  1
  5 -1 -4  0 1 -3
 -1  0  1 -1 0  0
  0  0  0 -1 0 -1
 -1  0  0  0 0  1
1,1,1;1,1;1 1 9
8 
#2 
6	% 
 -2 -2 0  0  0  3
 -1 -1 1  0  0  1
  3  2 0  0  0 -4
 -1 -1 0  1  1  0
  0  0 0 -1 -2  2
  0  0 0  0 -1  0
6	% 
  0 0  0  0  0 -1
  0 0  0  1  0  0
  0 0  0 -1 -1  0
  1 0 -1  0  0 -1
 -1 1  1  0  0  0
  0 1  1  0  0 -1
2-2;2-1;1,1 1 4
4 
#1 
6	% 
  0  1 0  1 -1 -1
  0 -1 1 -2  2  1
 -1  1 0  1 -1  0
  0 -1 1 -3  3  1
  0 -1 1 -2  3  1
  0 -1 1 -3  2  2
2-2;1,1,1;1 1 5
20 
#3 
6	% 
 -1 -1  1  0  0  1
 -2  0  1  1 -1  1
  1  1  0 -1  1 -1
  2  1 -1  0  1 -2
  2  1 -1 -1  0 -1
  2  1 -1 -1  1 -2
6	% 
 -1 -1 -1  0  0  2
 -1 -1  0  1 -1  1
  1  0  1 -1  1 -1
  2  1  1 -1  1 -2
  2  1  1 -1  2 -3
  2  1  1 -2  1 -2
6	% 
  0 -1  1  0 0  0
  1  2 -2  0 0 -1
 -1 -1  3  0 0  0
 -1 -2  3 -1 0  1
 -1 -2  3  0 0  1
 -1 -2  3  0 1  0
1,1,1;1,1;1 1 5
3 
#2 
6	% 
  0 0 0 0  0  1
  0 0 0 1  1  2
  0 0 0 0 -1 -2
 -1 1 0 0  0  1
  1 0 0 0  0 -1
 -1 1 1 0  0  0
6	% 
 0 0  0  0 0 -1
 0 0  0  1 1  0
 0 0  0 -1 0  1
 1 1  0  0 0 -2
 1 0  0  0 0 -1
 0 1 -1  0 0  0
1,1,1;1,1;1 1 11
66 
#8 
6	% 
  0  1  1  2 0  0
  0  1  1  2 0 -1
  0 -3 -3 -5 0  0
  1  0  0  1 1 -1
 -1  1  1  1 0  0
  0  1  0  1 0  0
6	% 
 0  2 -2 -2 0  1
 0  1 -1 -2 0  1
 0 -2  3  5 0 -3
 0  1 -1 -1 1  0
 1  0 -1 -1 0  0
 0  1 -1 -1 0  1
6	% 
  0  0  0  0  2 -1
  2 -1 -1  2  2 -3
 -2  1  1 -3 -5  5
  0  0 -1  0  1  0
  1 -1 -1  1  1 -1
  0  0  0  0  1  0
6	% 
  2  0  0 0  2 -3
  2  1  1 0  2 -4
 -5 -2 -2 0 -6 10
  1  0  0 1  1 -2
  1  1  0 0  1 -2
  1  0  0 0  1 -1
6	% 
  0 -2  2 -2 0  1
 -1  0  2 -2 0  1
  1  3 -5  6 0 -3
  2 -1  1 -1 1 -2
  0  0  1 -1 0  0
  0 -1  1 -1 0  1
6	% 
 0 -1  1 -2 -2  1
 0 -2  2 -3 -2  1
 0  4 -4  7  4 -2
 1 -1  0 -1 -1  0
 0 -1  1 -1 -1  0
 0  0  1 -1 -1  0
6	% 
 0 -1  1  2 0 -1
 0  0  0  2 0 -1
 0  2 -2 -5 0  3
 1 -1  0  1 0 -1
 0  0  0  1 1 -1
 0  0  1  1 0 -1
6	% 
  2 -1 -1 0  2  3
  2 -1 -1 0  2  4
 -4  2  2 0 -5 -6
  1  0 -1 1  1  1
  1  0 -1 0  1  2
  1  0  0 0  1  1
2-2;1,1,1;1 1 6
4 
#1 
6	% 
  1 0  0  0  0 -1
  1 1  1  0  0 -2
  0 0  0  0 -1  0
  1 0  1 -1  0 -1
  0 0  0 -1  1  0
 -1 0 -1  0  0  2
1,1;1,1;1;1 1 25
12 
#1 
6	% 
  1  0 -1 0 0 -1
  0  0  0 0 1 -1
 -1 -1  1 0 0  1
  1  0 -1 0 0  0
  1  0 -2 0 0  0
  0  0  0 1 0  0
1,1,1;1,1;1 1 6
3 
#1 
6	% 
 -2 -2 0 0 0  3
 -1 -2 0 0 0  2
  3  3 1 0 0 -5
 -1 -1 0 0 1  1
  0  0 0 1 1 -1
 -1 -1 0 0 0  2
1,1;1,1;1;1 1 24
6 
#1 
6	% 
  0 0  0 -1 1  0
 -1 0  2  0 0  0
  1 1 -1  0 0 -1
  1 0 -1  0 0  0
  1 0 -1  1 0 -1
  0 0  0 -1 0  0
1,1;1,1;1;1 1 10
18 
#2 
6	% 
 -3 -2 -2 0 0  5
  1  1  0 0 0 -1
  2  1  1 0 0 -3
  0  0  0 0 1 -3
  0  0  0 1 0  2
  1  1  0 0 0 -2
6	% 
  3 -2  2  0  0 -3
 -1  1  0  0  0  1
 -1  1 -1  0  0  1
  0  0  0  0 -1  2
  0  0  0 -1  0 -1
 -1  1  0  0  0  0
1,1;1,1;1;1 1 12
9 
#2 
6	% 
  0  0  0 1 -1  0
 -1 -1 -1 0  0  2
  1  0  1 0 -1 -1
 -1 -1  0 0  0  2
  0  0  0 0 -1  1
  0  0  0 0  1  0
6	% 
  0 0 0 1 -1  0
  1 0 0 0  0 -1
  0 0 1 0 -1  0
 -1 1 0 0  0  0
  0 0 0 0 -1  0
  0 0 0 0  1 -1
2-1;1,1;1;1 1 12
12 
#3 
6	% 
 -1  1  1  0 0  0
  1 -2  1 -1 0  0
  0 -1  1 -1 0  1
  0  0  0  0 1  0
  1  1 -2  1 0 -1
  0  1 -1  1 0  0
6	% 
  0  0  0  0 -1 0
  0  0  0  1  0 0
  0  0 -1  1  0 0
 -1  0  0  0  0 1
  0  0  0 -1  0 1
  0 -1  0 -1  0 1
6	% 
  0  0  0  0 -1  0
  1  0  0  1  0 -1
  2 -1  0  1  0 -2
  1 -1 -1  0  0  0
 -1  0  0 -1  0  2
 -1 -1  0 -1  0  2
2-1;1,1;1;1 1 19
6 
#1 
6	% 
 -1  1  1  0 0  0
  2 -1 -1  0 0 -1
  0  0  0 -1 0  1
  1 -1  0  1 1 -2
  0  0  0  1 1 -1
  1  0 -1  1 1 -2
2-1;1,1;1;1 1 22
6 
#1 
6	% 
  1 0  0  0  0 -1
 -1 0  1 -1 -2  3
  1 0 -1  0  1 -2
 -1 0  1  1 -2  2
 -1 0  1  0 -2  2
 -2 1  1  0  0  1
1,1,1;1;1;1 1 8
42 
#7 
6	% 
 1  0  0  0 0 -1
 0  1 -2  1 0  0
 0 -1  1 -1 0  0
 0  0  0  0 1 -1
 1 -2  1 -1 0  0
 0  1 -1  1 0 -1
6	% 
 0  0  0  0 -1  1
 0 -1  1 -1  1  0
 0  1  0  1  0 -1
 1  0  0  0  0 -1
 0  1 -1  1  0  0
 0  0  1 -1  0  0
6	% 
  1 0  0  0 -2 1
 -2 0  0 -1  3 0
  1 1  0  1 -2 0
  0 1 -1  0  0 0
  2 0  0  1 -2 0
 -2 1  0 -1  2 0
6	% 
  1  1 1  0 0 -2
 -1 -1 0 -1 0  2
  1  0 0  1 0 -2
  0  0 0  0 1 -1
  1  0 1  1 0 -2
 -1  0 0 -1 0  1
6	% 
 0  1 -1 0  1  2
 0 -1  1 1 -2 -1
 0  1  0 0  1  0
 1  0  0 0  0 -1
 0  1 -1 1  2  0
 0  0  1 0 -1 -1
6	% 
  0 0  0  1  0  1
 -1 0  0 -1 -1 -1
  0 1  0  1  0  1
  0 1 -1  0  0  0
  1 0  0  1 -1  2
 -1 1  0 -1  0 -1
6	% 
 0  0  1 1 0 -1
 1  1 -1 0 0 -1
 0 -1  0 0 0  1
 0  0  0 0 1  0
 1 -2  0 0 0  0
 0  1  0 0 0  0
1,1;1,1;1,1 1 7
18 
#2 
6	% 
 -1  0  0 0  0  1
  1  0 -1 0 -1  0
  1 -1  0 1 -1 -1
  0  1 -1 0  0  0
  0  0  1 1  1 -1
  0  0 -1 0  0  0
6	% 
 -1  1  1 0  0  0
  1  0 -1 0  0 -1
  1  0 -1 1  1 -2
  1  0  0 0  0 -1
  1 -1  0 1 -1  0
  0  1  0 0  1 -1
1,1;1,1;1;1 1 14
54 
#5 
6	% 
 0  0  0  0 -1  1
 1 -1  0 -1  1 -1
 0  2 -2  3  1 -2
 0 -1  1 -2  0  1
 0  2 -2  3  0 -2
 0 -1  0 -1 -1  2
6	% 
  2  0  0  2  0 -3
 -2  1  0 -1  1  1
 -1 -2  2 -1 -4  5
  0  1 -1  0  2 -2
 -1 -2  2 -1 -3  5
  1  1  0  1  1 -3
6	% 
  0  0  0  0 -1  1
  1 -1  0  1  1 -2
 -2  2  2 -3  1  1
  1 -1 -1  2  0 -1
 -2  2  2 -3  0  1
  0 -1  0  1 -1  1
6	% 
  0  1 -1  0  1 -1
  0 -1  1 -1 -2  2
  0  0  1  0  0  0
  0  0  0  0 -1  0
 -1  0  1  0  0  1
  0  1 -1 -1  1 -1
6	% 
 -1 0 0  0 -1  2
  1 0 0 -1  1 -1
  0 1 0  0  1 -1
  0 0 0  0  1  0
  0 0 1  0  1 -1
 -1 0 0 -1  0  2
1,1,1;1;1;1 1 9
18 
#2 
6	% 
  1  0  0  0  0 -1
  1  0  1 -1 -1  0
  2 -1  0  0  0 -1
  2 -1  0  0 -1 -1
 -2  1  0 -1  1  1
  1 -1 -1  0  0  0
6	% 
  1 0 0  0 -1 0
  1 0 0 -1 -2 1
  2 0 1  0 -2 0
  2 1 0  0 -2 0
 -1 0 0 -1  1 0
  0 0 0  0  1 0
1,1;1,1;1,1 1 6
18 
#2 
6	% 
  3 -2  2  0  0 -3
  0  0 -1 -1 -2  3
 -1  1 -1  0  0  1
  0  0  0  1  1 -2
  0  0  0  1  2 -2
 -1  1  0 -1 -2  3
6	% 
 -3 -2 -2  0  0  5
  1  0  1  1  0 -3
  2  1  1  0  0 -3
  0  0  0 -1 -1  2
  0  0  0 -1 -2  2
  1  1  0  1  2 -3
1,1;1,1;1,1 1 10
24 
#2 
6	% 
  0  2  1 1  1 -2
  1 -1  0 0 -1 -1
 -1  0  0 0 -1  2
  0  1  2 1 -1 -2
 -1  1  1 0 -1  1
  1  0 -1 0  2 -1
6	% 
  1  1 -1  0 0 -1
  0 -1 -1  1 1  0
 -1  0  1 -1 0  1
  1  0 -2  0 0  0
  1  0 -1 -1 0  0
  0  1  1  1 0 -2
1,1,1;1;1;1 1 15
24 
#2 
6	% 
  1 0 -1 -1 -2  2
  0 0  0  1  0 -1
 -1 1  1  0  1 -1
 -1 1  0  1  2 -2
  1 0  0  0 -1  0
  0 0  0 -1 -1  1
6	% 
  1 0 -1 -1  1  0
 -1 0  1  0  0  0
 -1 1  1  0  0  0
 -1 0  1 -1 -1  1
  1 0  0  0  0 -1
  1 0 -1  0  1 -1
1,1;1,1;1;1 1 28
60 
#5 
6	% 
  0  0  0  1  0  0
 -1  1  1  1 -1  0
  0  0  0  1  0 -1
 -1  1  0  0  0  1
  0  0 -1 -1  0  1
  0 -1  0 -1  0  1
6	% 
  1 1 -1  0  0 -1
  1 0 -1  0 -1  0
  1 0 -2  0  0  0
  0 0  0  1  0  0
 -1 0  1  1  0  0
 -1 0  1 -1  0  1
6	% 
  0  0  1 0 1 -1
  0  0 -1 1 0  0
  0  1  0 0 0  0
  1 -1  0 1 0 -1
  1  0  0 0 0 -1
 -1  1  1 0 0  0
6	% 
  0  1  1  1  0 -2
  0  1  0 -1 -1  1
  0  1  1 -1 -1  0
 -1  1  0  1  1 -1
 -1  0  0  0  0  1
  1 -1 -1  0  0  0
6	% 
 -1  0  1 1 0  0
 -1  1  0 0 1  0
 -1  1  0 1 0  0
  0  0  1 0 0  0
  1  0  0 0 0 -1
  1 -1 -1 0 0  0
1,1,1,1;1;1 1 6
4 
#2 
6	% 
  1  0 0  0  0 -1
  1  0 1  0  1 -2
  0  1 0  0 -1  0
 -1 -1 0  0  0  2
  1  1 0 -1  0 -1
  0  0 0  1  0  0
6	% 
  0 -1 1  0  0  0
  0  0 0  1  0  0
  0  0 0  0  1  0
  0  1 0 -1 -1  0
 -1  0 1  1  1  0
  1  0 0  0  0 -1
1,1,1;1;1;1 1 13
3 
#1 
6	% 
  1  0  0  0  0 -1
 -1 -1 -1  0  0  2
  0  0 -1  0  0  1
  0  0  0 -1 -1  1
  0  0 -1 -1  0  1
  0  0  1 -1  0  0
1,1;1,1;1;1 1 13
18 
#2 
6	% 
 -3 -2 -2  0  0  5
 -1  0 -1  1  1  1
 -1 -1  0  0 -1  1
 -1  0 -1 -1  1  2
  1  1  0  0  2 -2
  2  1  1  0  0 -3
6	% 
  3 -2  2  0  0 -3
  0  0  1  1 -1 -1
  1 -1  0  0  2 -1
  0  0  1 -1 -1  0
 -1  1  0  0 -1  0
 -1  1 -1  0  0  1
2-2;1,1;1,1 1 4
12 
#2 
6	% 
  1  1  1  0  0 -2
 -1 -1  0 -1  1  2
 -1  0 -1  1 -1  1
  0  1 -1  1 -1 -1
  0  1 -1  1 -2  0
  0  1 -1  2 -1 -1
6	% 
  1 -1 -1  0  0 0
  0  0  1 -1  1 0
 -1  0  1  1 -1 0
 -1  0  0  2 -1 0
 -1  0  0  1 -2 1
 -1  0  0  1 -1 0
1,1,1;1;1;1 1 16
24 
#5 
6	% 
 0 -1  1  0  0  0
 0 -2  2  0 -1  0
 0  2 -2 -1  1  0
 0 -1  2  1 -1 -1
 1 -2  1  1 -1 -1
 1  0  0  0  0 -1
6	% 
 0 -1  1  0 -1  0
 0 -2  2 -1 -2  0
 0  2 -2 -1  2  1
 0 -1  2  0 -1 -1
 1 -2  1  0 -1 -1
 1  0  0  0  0 -1
6	% 
 0  0  1  1 0 -1
 1 -2  3  3 0 -3
 1  1 -4 -3 0  2
 0 -1  2  2 0 -1
 0 -1  2  2 1 -2
 0  0  0  0 1  0
6	% 
  1  0  0  0 0 -1
  2 -2 -1 -1 0  0
 -2  1  2  1 0  0
  1 -1 -1 -1 0  1
  1 -1 -1 -1 1  0
  0  0  0  0 1  0
6	% 
  0  1 -1  0 0 0
  0  1 -2 -1 0 1
 -1 -1  2  1 0 0
  0  1 -1 -1 0 1
  0  1 -1 -1 1 0
  0  0  0  0 1 0
1,1;1,1;1;1 1 30
6 
#1 
6	% 
 0  0  0  0  1 -1
 0  0  1 -2  0  1
 0  0  0  1 -1  0
 0  0  1 -1  0  1
 1 -1 -1  0  0  0
 1  0  0  0  0 -1
1,1;1,1;1,1 1 4
9 
#2 
6	% 
 -1 -1 -1 0  0  2
  0  0  0 1  0  0
  0 -1  1 0 -1  1
  1  1  0 0  1 -2
 -1  0 -1 0  1  1
  0 -1  1 0 -1  0
6	% 
  0  0 0 1  0  1
 -1  1 1 0  0  0
  2 -1 0 0  1 -2
 -1  0 0 0 -1  1
 -1  0 0 0 -1  2
  1  1 0 0  1 -2
1,1;1,1;1;1 1 26
12 
#3 
6	% 
  0 0  0 1  0  0
  0 1 -1 0  1  0
  0 1 -1 0  1 -1
 -1 0  1 0 -1  1
  0 1  0 0  1 -1
 -1 0  0 0  0  1
6	% 
 1  0  0  0 0 -1
 0 -1  2 -1 0  0
 0 -2  1 -1 0  1
 0  1 -1  1 1 -1
 0 -1  1 -1 0  0
 0  0  0  0 1  0
6	% 
  0 -1 1  0 0  0
  0  1 0  1 0 -1
  1 -1 0  1 0 -1
 -1  0 0 -1 1  1
  1  0 0  1 0 -2
  0  0 0  0 1  0
1,1,1;1;1;1 1 12
1 
#1 
6	% 
  0 0 0  0 1  1
  0 0 0 -1 0  0
 -1 0 1  0 0  0
  0 0 1  0 0  0
  1 0 0  0 0 -1
 -1 1 1  0 0  0
1,1;1,1;1;1 1 21
18 
#2 
6	% 
 0  1 -1  1  1 -2
 0  0  0  0 -2  1
 0 -1  1 -2  2  1
 0  0  1 -1  1  0
 0  1 -1  2 -1 -1
 1 -1  0 -1  1  0
6	% 
  1 0 0  2 -1 -2
  0 0 0 -2  2 -1
 -1 0 0  0 -2  4
 -1 1 0  0 -1  2
  1 0 0  1  1 -3
 -1 0 1  0 -1  2
1,1;1,1;1;1 1 20
18 
#4 
6	% 
  0  0  0  1  0  1
  0 -2  2 -1 -3  1
  0  1 -1  0  2 -1
  0  0  1  0 -1  0
  0 -2  2  1 -3  2
 -1  0  1  0 -1  1
6	% 
  0 0 0 -1  0  0
 -5 0 0  1 -3  7
  3 0 0  0  2 -4
 -2 1 0  0 -1  2
 -5 0 0 -1 -3  6
 -2 0 1  0 -1  2
6	% 
 1  0 0  0  0 -1
 0  0 1 -3  0  1
 0  0 0  2  0 -1
 0  0 0 -1  0  1
 0 -1 0 -3  0  2
 0  0 0 -1 -1  1
6	% 
  0 1 -1  0 0  0
 -7 0  1 -3 0  8
  4 0  0  2 0 -5
 -2 0  0 -1 0  3
 -6 0 -1 -3 0  8
 -2 0  0 -1 1  2
1,1,1;1;1;1 1 4
1 
#1 
6	% 
 0  0  0  0  1  1
 0  0  0 -1 -2 -2
 0  0  0  0  2  1
 1  0  0  0 -2 -2
 1  0 -1  0 -1 -1
 1 -1  0  0 -1 -1
2-2;2-1;1;1 1 9
4 
#1 
6	% 
 -1 1  1  0 0  0
  0 1  0 -1 0  0
  0 0 -1  1 0  0
  0 0  0 -1 1  0
  0 0  0  1 0 -1
  0 0  0  0 1  0
2-1;1,1;1;1 1 21
3 
#1 
6	% 
  0 0 0 1  1 -1
  0 0 1 0  1 -1
 -1 0 0 0  0  1
  0 1 0 0  0  0
  0 0 0 0  1  0
  0 0 0 0 -1  1
2-1;2-1;1,1 1 8
3 
#1 
6	% 
 0  0  0  0 -1  1
 0  1 -1  1  0 -1
 0  2 -1  1  0 -1
 1  0  0  0  0 -1
 0 -1  1 -1  0  0
 1  1 -2  1  0 -1
2-1;2-1;1;1 1 16
3 
#1 
6	% 
  0 0 0  1 -1  0
  0 1 0  1  0 -1
 -1 1 1  0  0  0
 -1 1 0 -1  0  1
  0 0 0  1  0  0
  0 0 0 -2  0  1
2-1,2-1;1;1 1 5
12 
#1 
6	% 
  0 0 0  0 -1  1
  0 0 0  1  0 -1
  0 1 0  0  1 -1
 -1 1 1  0  1  0
  0 0 0 -1  0  0
 -1 1 0  0  0  1
2-1,2-1;1,1 1 3
12 
#1 
6	% 
  0  0  0  0 -1  1
  0 -1  1 -1  0  0
  0 -1  2 -1  0  0
 -1  1  1  0  0  0
  0  1 -1  1  0 -1
 -1 -1  2 -1  0  1
2-1,2-1;1;1 2 9
12 
#1 
6	% 
 0  0  0 -1  1  0
 0 -1  0 -1 -1  1
 1 -1 -1  0  0 -1
 1 -1  0  1  1 -2
 0  0  0 -1  0  1
 0  0  0  2  0 -1
2-1,2-1;1,1 2 4
12 
#1 
6	% 
 -6  3  3  0 -5  8
  3 -3 -3 -1  0 -2
  0  0  1 -1  1  0
 -1  1  1  0  0  1
  3 -3 -3  1  0 -3
 -1  0  1 -1 -1  2
2-1;1,1;1;1 1 17
9 
#2 
6	% 
 2 -1  1  0  0 -2
 0  0 -1 -1  0  1
 0  0  0 -1 -1  1
 1 -1  0  1  0 -1
 0  0  0 -1  0  1
 0  0  0  2  0 -1
6	% 
 -1 -1 -1  0  0  2
  1  0  1 -1  0 -1
  0  0  0 -1 -1  1
 -1 -1  0  1  0  1
  0  0  0 -1  0  1
  0  0  0  2  0 -1
2-1;1,1;1;1 1 30
6 
#1 
6	% 
  1  0 -1  0  0  0
 -1  0  1  0 -1  1
  1 -1  0  1  0 -1
  1  0  0  0  0 -1
 -3  1  2 -1  0  2
 -1  1  1  0  0  0
1,1,1;1;1;1 1 18
1 
#1 
6	% 
  1  0  0  0  0 -1
  0  1 -1  0  0  0
 -2 -2  0  0  0  3
  1  1  0  0  0 -1
  1  1  0 -1  0 -1
  1  1  0  0 -1 -1
1,1;1,1;1;1 1 38
6 
#1 
6	% 
 -1 1  1 0 0  0
  1 0  0 0 0 -1
  0 0 -1 1 0  0
  0 0 -1 0 0  0
  0 0  1 0 0 -1
  0 0  0 0 1 -1
1,1;1,1;1,1 1 9
6 
#1 
6	% 
  0  0  0  0 1  0
 -1  0  2  0 0  0
  1 -1  1  0 0 -1
  0  0  1 -1 0  0
  0  0  0 -1 0  1
  0  0 -1  0 0  0
1,1;1,1;1;1 1 35
6 
#1 
6	% 
 -1  4 -1  1 0 -1
  0 -2  1  0 1  0
  1  3 -2 -1 0 -1
  0 -2  1  0 0  1
  0  2 -1  1 0 -1
  0  2 -1 -1 0  0
2-1;1,1;1;1 1 28
6 
#1 
6	% 
  0 0  0  1  0  0
  1 1 -1  0  0 -1
 -1 0  2  0  0  0
  0 0  0 -1 -1  1
 -1 0  1 -1  0  1
  1 0 -1 -1  0  0
3;1,1,1 1 2
1 
#1 
6	% 
 1 0  0 0  0 -1
 0 1 -1 0  0  0
 0 0  0 0  0  1
 0 0  0 0 -1  1
 0 0  0 1  0  0
 0 0  1 0  0  0
1,1;1,1;1;1 1 29
30 
#3 
6	% 
  0 -2  2  2 0 -1
  0  0 -2 -1 1  1
  0  0 -2 -1 0  2
 -1  1  1  0 0  0
  0  1  0 -1 0  0
  1 -1  0  1 0 -1
6	% 
  0 -1  1 -2  0  1
  3  1  0  1  2 -5
  4  0 -1  1  2 -5
 -2  0  0  0 -1  3
 -2  1 -1  1 -1  2
  0 -1  1 -1  0  0
6	% 
 -1  1  1 -2  0  1
 -3 -1  0  1 -2  4
 -3  0 -1  1 -2  4
  2  0  0  0  1 -3
  3 -1 -1  1  1 -3
 -1  1  1 -1  0  1
1,1;1,1;1,1 1 11
12 
#2 
6	% 
  0  0  0  0  1  0
 -2  1  1 -1 -1  2
 -2  1  1  1 -1  1
  1 -1  0  1  0 -1
  1 -1 -1  0 -1  0
  0  1  0 -1  1  0
6	% 
  1 -1 -1  0  0  1
  0  0  1  0 -2  0
 -1  0  1  0 -2  1
  0  0  0  1  1 -1
 -1  1  1  0  1 -2
  1 -1 -1 -1  0  2
2-1;1;1;1;1 1 21
3 
#1 
6	% 
  0  1 0  1 0 -1
  0 -1 1 -2 0  1
  0  0 0  1 1 -1
  0  0 0 -1 0  1
 -1  1 0  1 0  0
  0  0 0 -2 0  1
2-1;1,1;1;1 1 29
6 
#2 
6	% 
  1 0 0  0 0 -1
 -1 0 1 -1 0  1
 -1 1 0  1 0  0
  0 0 0 -1 1  0
  0 0 0  1 0  0
  0 0 0  0 1 -1
6	% 
  0  0  0  0 1 -1
  0 -1  1 -1 0  1
  0  1 -1  1 0  0
  0  0  1 -1 0  0
 -1  1  0  1 0  0
  1  0  0  0 0 -1
1,1;1,1;1;1 1 31
6 
#1 
6	% 
  1 -2 -1 -1  0  1
  1  1  0  0  1 -2
  0  0 -1  0  0  0
  0  1 -1  0  0  0
 -1  0  0  1 -1  1
 -1  1  0  1 -1  0
1,1,1;1;1;1 1 17
6 
#1 
6	% 
  0 -1 -1 -1  1  1
  0  2  2  3  2 -4
 -1  0  0 -1 -1  2
  0 -1 -2 -2 -1  3
  0  0  1  1  1 -1
  1 -1 -1 -1 -1  1
1,1;1,1;1;1 1 37
18 
#2 
6	% 
  1 0 -1  0  1 -1
  0 0  0  0  1 -1
 -1 0  0  1 -1  1
  0 0  0 -1  1  0
  0 1  0 -1  0  0
  0 0  0 -1  0  0
6	% 
  0 -1 -1 -1  0  2
 -1  1  1  0  0  0
  0  1  1  1  1 -2
  0  0  1  0 -1  0
  0  0  0  0 -1  1
 -1  0  1  0 -1  1
1,1;1,1;1,1 1 12
6 
#1 
6	% 
  0 1 0 0  0  0
  0 0 1 1  0 -1
 -1 0 1 0  0  0
 -1 0 1 0 -1  1
  1 0 0 0  0 -1
 -1 1 1 1 -1  0
2-1;1;1;1;1 1 28
3 
#1 
6	% 
 0  0 -1  0  0  1
 0  0  1  0 -1  0
 0  0  1 -1  0  0
 1 -1 -1  0  0  0
 0  0  1  1  0 -1
 1  0  0  0  0 -1
2-1;1;1;1;1 1 13
3 
#1 
6	% 
 0 0 0  1 -1  0
 0 0 1  1  0 -1
 1 0 0  0  0 -1
 0 1 0 -1  0  0
 0 0 0  1  0  0
 0 0 0 -2  0  1
2-2;1,1;1,1 1 6
8 
#1 
6	% 
  1  0 0 0  0 -1
 -1  1 1 0  0  0
  0 -1 0 1  0  0
  0  0 0 1  0 -1
  0  0 0 0  1  0
  0  1 0 0 -1  0
1,1;1,1;1;1 1 27
6 
#1 
6	% 
  0  0  0 1  0  0
  1  0 -1 0  1 -1
 -3  2  2 0 -2  2
 -2  1  1 0 -1  1
  3 -1 -2 0  2 -3
 -3  1  1 0 -2  3
2-1;1;1;1;1 1 32
1 
#1 
6	% 
 0  0  1  0 0 -1
 0  1 -1 -1 0  1
 1 -1  0  0 0 -1
 0  0  0 -1 0  1
 0  0  0  1 1 -1
 0  0  0  1 0  0
1,1;1;1;1;1 1 37
12 
#3 
6	% 
  0  2 -2  2  0 -1
  0 -1  1 -1 -1  1
  0 -1  1 -1  0  0
  0  3 -4  3  0 -1
  1 -4  3 -3  0  1
 -1  0  0  0  0  1
6	% 
 0 -1  1  0 -2  1
 1  0 -1  0  1 -1
 0  0 -1  0  1  0
 0 -2  2  0 -3  1
 0  2 -2  1  3 -2
 0  0  0 -1  0  0
6	% 
  3 0 0  0  2 -4
 -2 0 1  0 -1  2
 -2 1 0  0 -1  2
  5 0 0  0  3 -6
 -5 0 0 -1 -3  7
  0 0 0  1  0  0
1,1;1;1;1;1 1 31
6 
#1 
6	% 
  0 -1 -1 -1 -1  2
 -1  0  1  0  0  1
 -1 -1 -1 -2  0  3
 -1  2  2  2  0 -2
  0 -3 -2 -3  0  4
  0  2  3  3  0 -4
1,1;1;1;1;1 1 30
6 
#1 
6	% 
 -1  4  2  0  0 -2
  0 -2 -1  0  0  2
 -1 -3 -1  0  0  3
  0  0  0 -1 -1  1
  0  2  1 -1  0 -1
  0 -2 -1 -1  0  2
1,1;1;1;1;1 1 32
12 
#1 
6	% 
 -1  0  1  0  0  1
  1 -1  0  0  1 -1
  0 -1  0 -1  0  1
 -1  1  1  0 -1  1
  1  0  0  0  1 -2
  0  0 -1 -1  0  1
1,1;1;1;1;1 1 29
6 
#1 
6	% 
  0  0  0 -1 -2  2
 -1  0  1 -1 -1  2
  0  0  0  1  1 -2
  0  0 -1 -1 -1  2
  1 -1 -1  0  0  0
 -1  0  0  0  0  1
1,1;1;1;1;1 1 33
6 
#1 
6	% 
  1  1 -2 1  5 -6
  0 -1  1 1 -3  3
  1  0 -1 0  2 -2
  1 -1 -1 0  0  0
 -1  0  0 0  0  1
  1  0 -1 0  1 -2
1,1;1;1;1;1 1 21
9 
#2 
6	% 
 1 0 0  0 0 -1
 1 0 1 -1 0 -1
 0 0 0  1 1 -1
 1 1 0 -1 0 -1
 0 0 0 -1 0  1
 0 0 0 -2 0  1
6	% 
  1 0  0  0 0 -1
  0 0 -1 -1 0  1
  0 0  0  1 1 -1
 -1 1  0 -1 0  1
  0 0  0 -1 0  1
  0 0  0 -2 0  1
1,1;1;1;1;1 1 23
18 
#2 
6	% 
 0  0 0 -1 -1 1
 0 -1 0  0  1 0
 0 -1 1  0  0 0
 1 -1 0  0  0 0
 0  0 0 -1  0 0
 0  0 0  0  1 0
6	% 
 0  0  0 -1 -1 1
 0 -1  0  0  0 1
 1 -1 -1  0  0 0
 0  0 -1  0  1 0
 0  0  0 -1  0 0
 0  0  0  0  1 0
1,1;1;1;1;1 1 13
6 
#1 
6	% 
  0  0  0 -3 -4  5
  0  0  0  2  2 -3
 -1  0  0  0  0  1
  0  0 -1 -1 -1  2
  0  0  0  3  3 -5
  0 -1  0 -1 -1  2
1,1;1;1;1;1 1 20
9 
#2 
6	% 
 0  2 -2  2 0 -1
 0 -1  2 -1 0  0
 0 -1  1 -1 1  0
 1  0  0  0 0 -1
 0 -1  1 -1 0  1
 0  2 -1  1 0 -1
6	% 
 0 0  0  2  0 -1
 1 0 -1 -1  0  0
 0 0  0 -1 -1  1
 0 1 -1  0  0  0
 0 0  0 -1  0  1
 0 1  0  1  0 -1
3;1,1;1 1 5
3 
#2 
6	% 
 -2  1 -1 0 0  2
  2 -1  0 0 0 -2
  1  0  1 0 0 -2
  0  0  0 0 1 -1
  0  0  0 1 0 -1
  0  0  0 0 0 -1
6	% 
 1  1  1 0 0 -2
 0 -1  0 0 0  0
 0  0 -1 0 0  0
 0  0  0 0 1 -1
 0  0  0 1 0 -1
 0  0  0 0 0 -1
2-2;1,1;1;1 1 9
12 
#2 
6	% 
 0  0  1  1 -1 -1
 1 -1 -1  0  0  0
 0  1  0 -1  1  0
 0  0  0 -1  0  1
 0  0  0  0  1  0
 0  0  0 -1  1  0
6	% 
  0 -1 0  1 -1  0
 -1  1 1  0  0  0
  1 -1 0 -1  1  0
  1  0 0 -2  1  0
  1  0 0 -1  2 -1
  1  0 0 -1  1  0
2-2;1,1;1;1 1 13
12 
#2 
6	% 
  1 0  0  0 0 -1
  0 0 -1 -1 1  1
 -1 1  0  0 0  0
  0 0  0 -1 1  0
  0 0  0  1 0 -1
  0 0  0  0 1  0
6	% 
 1 0 0  0 0 -1
 1 0 1 -1 1 -1
 1 1 0  0 0 -2
 0 0 0 -1 1  0
 0 0 0  1 0 -1
 0 0 0  0 1  0
1,1;1;1;1;1 1 43
3 
#2 
6	% 
 2 -1  1 0 0 -2
 0  0 -1 0 0  1
 1 -1  0 0 0  0
 0  0  0 1 0 -1
 0  0  0 0 1 -1
 0  0  0 0 0  1
6	% 
 1 0  0 0 0 -1
 0 1  0 0 0 -1
 0 0 -1 0 0  0
 0 0  0 1 0  0
 0 0  0 0 1  0
 0 0  0 0 0 -1
1,1;1;1;1;1 1 15
3 
#1 
6	% 
 0 0 0 -1 0  0
 0 0 1 -1 0 -1
 1 0 0  0 0 -1
 0 1 0  0 1 -1
 0 0 0 -1 1 -1
 0 0 0  1 1  0
2-2;1,1;1;1 1 16
8 
#1 
6	% 
  1  0  0  0 0 -1
 -1  1  1  0 0  0
 -1  0  1  0 1  0
 -2  1  1  0 1  1
  2 -1 -1  1 0 -2
 -1  1  0 -1 0  1
1,1;1;1;1;1 1 52
6 
#1 
6	% 
  2 -1 -1 0  2 -2
 -6  3  3 0 -8  7
 -1  1  0 0 -1  1
 -4  2  2 0 -5  5
 -4  2  2 1 -5  4
  3 -1 -1 0  4 -4
1,1;1;1;1;1 1 39
3 
#1 
6	% 
  0  0 0 1  0  1
 -1  1 1 0  0  0
  0  0 0 0 -1  0
 -1  1 0 0  0  0
  0 -1 0 0  0  1
  0  0 0 0  1 -1
2-2;1,1;1;1 1 18
8 
#1 
6	% 
 -1  1 1  0  0  0
  1  0 0  0  0 -1
  0  0 0 -1  1  0
  0  0 0 -1  0  1
  1 -1 0  1 -1 -1
 -1  1 0 -1  0  1
1;1;1;1;1;1 1 21
3 
#1 
6	% 
  1 -1 0  0 1 -1
  0  0 0 -1 0  1
 -1  1 1  0 0  0
 -1  1 0  0 0  1
  1  0 0  0 0 -1
  1 -1 0  0 0  0
1,1;1;1;1;1 1 51
2 
#1 
6	% 
  3 -1 -3 0 0 -1
 -3  0  2 0 0  2
  1  0 -1 1 0 -1
  1  0 -1 0 1 -1
  1  0 -1 0 0  0
 -2  0  2 0 0  1
1;1;1;1;1;1 1 34
1 
#1 
6	% 
 -1 1 1 0  0  0
  0 1 0 0  0 -1
 -1 1 0 0  0  0
  0 0 0 0 -1  1
  0 0 0 1 -1  0
  0 0 0 0  1  0
1;1;1;1;1;1 1 15
3 
#1 
6	% 
  0 0  0 -1 0  1
 -1 1  0  0 0  1
  0 1 -1  0 0  0
  0 0  0  0 1  0
  0 1  0  0 0 -1
  0 0  0  0 0 -1
1;1;1;1;1;1 1 28
1 
#1 
6	% 
  1 0 0 0  0 -1
 -1 0 1 0  1  0
 -1 1 0 0  0  0
  0 0 0 0 -1  0
  0 0 0 1  0  0
  0 0 0 0 -1  1
1,1;1;1;1;1 1 50
3 
#1 
6	% 
 0  0 0  0 -1  1
 1  0 0  0  0 -1
 0  0 0 -1  1  0
 0  0 1 -1  0  0
 1 -1 0 -1  0  0
 0  0 0  1  0  0
2-2;1;1;1;1 1 18
4 
#1 
6	% 
 1 -1  0  0  0 -1
 0  0 -1  0  0  1
 1  0  0  0  0 -1
 0  0  0 -1  0  1
 0  0  0  0 -1  0
 0  0  0 -1  1  0
2-2;1,1;1;1 1 17
4 
#1 
6	% 
 1  0  0  0  0 -1
 1 -1  0 -1  1  0
 0 -1  1 -1  2  0
 0  0 -1  1 -1  0
 0 -1  1 -1  1  1
 0 -1  1 -2  1  1
2-2;1;1;1;1 1 10
4 
#1 
6	% 
  0 0 1  0  1 -1
  1 0 0  0  0 -1
 -1 1 0  0  1  0
  0 0 0  0 -1  0
  0 0 0 -1  0  1
  0 0 0  1 -1  0
3;1,1;1 1 9
2 
#1 
6	% 
 -1  0  0  0  0 1
  1 -1 -1  0  0 0
  0  0  0  0  0 1
  0  0  0  0 -1 1
  1 -1  0  0  0 0
  0  0  0 -1  0 1
3;1;1;1 1 14
1 
#1 
6	% 
 1 -1  0 -1 -1  0
 1  0  0  0  0 -1
 0  0 -1  1  1  0
 0  0  0 -1  0  0
 0  0  0  0 -1  0
 0  0  0 -1 -1  1
3;1;1;1 1 6
1 
#1 
6	% 
 -1 1 1 0 0 1
 -1 1 0 0 0 1
  0 1 0 0 0 0
  0 0 0 0 1 0
  0 0 0 1 0 0
  0 0 0 0 0 1
