#13

2-1;1,1;1;1 1 25
1 
#1 
6	% 
 1 0 0 0 0 0
 0 1 0 0 0 0
 0 0 1 0 0 0
 0 0 0 1 0 0
 0 0 0 0 1 0
 0 0 0 0 0 1
1,1,1,1,1,1 1 1
1 
#1 
6	% 
 1 0 0 0 0 0
 0 1 0 0 0 0
 0 0 1 0 0 0
 0 0 0 1 0 0
 0 0 0 0 1 0
 0 0 0 0 0 1
1,1,1,1;1,1 1 3
5 
#3 
6	% 
  2  0 -1 0  0  0
 -1 -1 -4 0 -1  0
 -1 -1  0 0  0 -1
  0  1  2 0  0  0
  0  0 -3 0 -1  0
  1  0  0 1  1  0
6	% 
  2  0 -1  0 0 0
  1  1  4 -1 0 0
 -1 -1  1  0 0 1
 -1  0 -2  1 0 0
  1  1  1  0 0 0
  1  0  1 -1 1 0
6	% 
  1  0  0  0  0  0
 -1  0 -1  1  0 -1
 -1 -1 -1  0  0 -1
  0  0  1 -1 -1  1
  0  1 -1  1  0 -1
  1  0  0  0  1  1
1,1,1,1,1;1 1 2
3 
#2 
6	% 
 0  0 -1 1  0 -1
 1  0 -1 0  0  0
 0 -1 -2 0 -1 -1
 0  0  0 0  0 -1
 0  1  1 0  0  1
 0  0 -2 0 -1 -1
6	% 
  1  0  1 -1  0  1
  0  0  1 -1  0  1
  1  0  2 -1  1  2
  0 -1  0  0 -1  0
 -1  0 -1  1  0 -2
  1  0  2 -1  0  2
2-1;1,1;1,1 1 9
1 
#1 
6	% 
 1 0  0 0  0  0
 0 1  1 1  1  1
 0 0 -1 0  0 -1
 0 1  0 0  0  0
 0 0 -1 0 -1  0
 0 0  0 1  0  0
2-1;1,1,1;1 1 8
1 
#1 
6	% 
  0  0 -1 0 0  0
 -1  0 -3 0 0  0
  1  0  2 0 1  0
  1  0  1 0 0 -1
 -1  0 -2 1 0  0
 -1 -1 -1 0 0  0
1,1,1;1,1,1 1 3
3 
#2 
6	% 
 -1 -1  0 -1 -1 -1
  0 -1 -1  1  1 -1
  0  1  1 -1 -1  0
  1  0  0  1  1  0
  0  1  1  0 -1  1
 -1 -1  0  0  0 -1
6	% 
  0  1 -2 0  0 1
 -1  0  0 0  0 0
  1  0 -3 0 -1 0
 -1 -1  1 0  0 0
  1  0  2 1  0 0
 -1  0  0 0  0 1
1,1;1,1;1;1 1 36
3 
#2 
6	% 
  1  0  0 0 0 0
  0  0 -1 0 0 0
 -1  0  1 0 0 1
 -1 -1  0 0 0 0
  1  0  1 0 1 0
 -1  0  0 1 0 0
6	% 
 1  1  0 -1 1 -1
 0  0  1  0 0  0
 0 -1  2  0 0  0
 0  0 -1  0 0  1
 0  0  2  0 1  0
 0  0  1  1 0  0
1,1,1;1;1;1 1 19
1 
#1 
6	% 
  1 0  3  0 0 0
  0 0 -1  0 0 0
 -1 0 -1  0 0 1
  1 1  1  0 0 0
  1 0  2  0 1 0
  1 0  2 -1 0 0
1,1,1;1;1;1 1 9
1 
#1 
6	% 
  1 0  0  0  0  0
  1 1  0  0  0  1
  1 1  0  1  1  0
  1 1 -1  1  1  0
 -1 0  0 -1 -1  0
  0 0 -1  1  0 -1
1,1,1;1,1;1 1 10
5 
#3 
6	% 
 0 -1 0 -1 -1 -1
 0  1 0  0  1  0
 1 -1 0  1 -1  1
 0 -1 0  0  0 -1
 0  1 0  0  0  0
 0  0 1  0  0  0
6	% 
 0  2 0  1  2  1
 0  1 0  0  1  0
 1 -4 0 -1 -4 -1
 0  1 1  1  1  0
 0  0 0  0  1  0
 0 -1 1  0  1  0
6	% 
 -2 -1  2 -1  1  1
 -6 -2  3 -1  1  2
 11  4 -7  3 -3 -4
 -1  0  1 -1  0  1
 -3 -1  2  0  1  1
  0  0  1  0  0  0
1,1,1,1;1;1 1 5
3 
#2 
6	% 
  1  0  0  0  0  0
  1 -1 -1 -1 -1 -1
  0  0  0  0 -1  0
 -1  1 -1  1  1  0
  1 -1  0  0 -1 -1
  0  1 -1  0  0  0
6	% 
 1  0  0 0  0  0
 0 -1 -1 1 -1 -1
 0  0  0 0  1 -1
 0  0  0 0  0  1
 0  0 -1 0  0 -1
 0 -1  1 0  0  1
1,1;1;1;1;1 1 47
1 
#1 
6	% 
 1 0  0 0  0 0
 0 1  0 0  0 0
 0 0  1 0  0 1
 0 0 -1 1  0 0
 0 0  0 0 -1 0
 0 0 -1 0  0 0
