#87

3;1;1;1 3 2
1 
#1 
6	% 
 1 0 0 0 0 0
 0 1 0 0 0 0
 0 0 1 0 0 0
 0 0 0 1 0 0
 0 0 0 0 1 0
 0 0 0 0 0 1
1,1,1,1,1,1 1 1
1 
#1 
6	% 
 1 0 0 0 0 0
 0 1 0 0 0 0
 0 0 1 0 0 0
 0 0 0 1 0 0
 0 0 0 0 1 0
 0 0 0 0 0 1
1,1,1,1,1;1 1 2
11 
#3 
6	% 
  0  0 -1  0 0  0
 -1  0  0  0 0  0
 -1  0 -1  0 0  1
 -1  0 -1  1 0  0
  1 -1  1 -1 0 -1
 -1  0 -1  1 1  1
6	% 
  1  0  0  0  0  0
  0  0  1  0  0  0
  0 -1  0 -1 -1 -1
  1  0  1  0 -1  0
 -1  1 -1  1  1  0
  1 -1  1  0 -1 -1
6	% 
 -1 -1  0 -1 -1 -1
 -2 -1  0 -1 -1 -1
 -1 -1  0 -1 -1 -2
 -1  1 -1 -1  0 -1
  2  0  0  1  1  2
 -2 -1 -1 -1 -1 -2
1,1,1,1,1;1 1 1
1 
#1 
6	% 
 0  0  0  0 -1  0
 0 -1 -1  0 -1 -1
 0 -1  0 -1 -1 -1
 0  0 -1 -1  0 -1
 0  1  1  1  1  1
 1  0  0  0  0  0
2-1;1,1,1,1 1 2
3 
#1 
6	% 
 0  0  0  0  0  1
 1  0  0  0  0  0
 0 -1  0 -1 -1 -1
 0  0  1  0  0  0
 0  0 -1  0 -1  0
 0  1  1  0  1  0
1,1,1;1,1,1 1 1
1 
#1 
6	% 
  0  0 1  0  1  0
  0 -1 0  0  0  0
  0  0 0  0 -1  0
  0  0 0 -1  0 -1
 -1  0 0  0  0 -1
  1  0 0  1  0  1
1,1,1,1;1,1 1 3
18 
#2 
6	% 
  0  0  1 -1  0 -1
  1  1  2  0  1  0
  1  1  0  0  0  1
  0 -1 -1  0  0  0
  0  0  1  0  1  0
 -1  0  0 -1 -1  0
6	% 
  1  0  0  0  0  0
  1 -1  2  0  1  0
  0  0  1 -1  0  0
 -1  0 -1  0 -1 -1
  1  0  1  1  1  0
  0  1  0  0  0  1
1,1,1,1;1,1 1 2
20 
#5 
6	% 
 0  0  0 1  0  0
 0  0  0 0  0  1
 0 -1 -1 0 -1 -1
 1  0  0 0  0  0
 0  1  0 0  0  0
 0  0  0 0 -1  0
6	% 
  0  0 0 -1 0  0
 -1 -1 0 -1 1 -1
  0  0 0 -1 0  1
  0  0 1  0 0  0
  1  1 0  1 0  0
 -1  0 0 -1 1  0
6	% 
 0  1  0 0 0  0
 0  1  1 1 1  1
 0  0  1 0 0  0
 1  0  0 0 0  0
 0 -1 -1 0 0 -1
 0  1  1 1 0  0
6	% 
 1  1 0  1  1 0
 0  1 0  1  1 1
 0  0 0  1  0 0
 0 -1 1  0  2 0
 0  0 0 -1 -1 0
 0  1 0  1  0 0
6	% 
 0 1 -2 -1 -1 1
 0 0  0 -1  0 1
 0 0  0 -1  0 0
 1 0  0  0  0 0
 0 0  2  2  1 0
 0 1 -1 -2 -1 0
1,1,1,1;1,1 1 1
1 
#1 
6	% 
  0 -1 -1 0 -1  0
 -1  0 -1 0 -1  0
 -1 -1  0 0 -1  0
  1  1  1 0  1  0
  0  0  0 0  0 -1
  0  0  0 1  0  1
2-1;1,1,1;1 1 6
6 
#1 
6	% 
  1  1  0 1  1  1
 -1 -1  0 0  0  0
 -1 -1  0 0 -1 -1
  0  0 -1 0 -1  0
  1  0  0 0  1  0
  1  1  0 1  1  0
2-1;1,1,1;1 1 2
3 
#1 
6	% 
 0  1  0 1  1 0
 0  1  0 0  1 1
 1  0  0 0  0 0
 0  0 -1 0  0 0
 0  0  1 0  1 0
 0 -1 -1 0 -1 0
2-1;1,1,1;1 1 3
3 
#1 
6	% 
  0  0 0 -1 0 -1
 -1  0 0  0 0 -1
  1  0 0  1 0  1
  0  0 0  0 1  0
  0  1 1  0 0  0
  0 -1 0  0 0  0
1,1,1;1,1,1 1 2
9 
#2 
6	% 
  0  0  0  0 0  1
  0 -1  0 -1 1 -1
 -1  0  0  0 0  0
  0  0 -1  0 0  0
  1  1  1  0 0  0
  1  0  1  0 1  0
6	% 
  0  0 -1 0 -1  0
  1  1  0 0 -1  0
  0 -1  0 0 -1 -1
  0  1  0 1  1  1
 -1  0  0 0  1  0
  1  1  0 0  0  0
1,1,1;1,1,1 1 3
18 
#2 
6	% 
 -1 0  0 -1 0  1
  0 0 -1  1 0  1
  0 1  1 -1 0  0
  1 0  0  1 0  0
  0 0  1  0 1 -1
 -1 0  0  0 0  1
6	% 
  0  1 1  1  0 -1
 -1 -1 0  0 -1  0
  0  1 0  0 -1 -1
  0  0 0  0  1  0
  0 -1 0 -1  1  0
  0  1 0  0  0  0
2-1;1,1;1,1 1 2
3 
#1 
6	% 
 1  1  0 0  1  0
 0  0  0 0  0 -1
 0  0  0 1  0  1
 0  0 -1 0  0  0
 0  0  1 0  1  0
 0 -1 -1 0 -1  0
2-1;1,1;1,1 1 5
6 
#1 
6	% 
 -1  0 0 -1 0  1
  0  0 0  0 1  0
  1  0 0  0 0 -1
  0  1 1  0 0  0
  0 -1 0  0 0  0
  1  0 0  1 0  0
2-2;1,1,1,1 1 2
4 
#1 
6	% 
  1 0  0  0 0 0
  0 0  0  1 0 0
  1 0  0  1 0 1
 -1 0 -1 -1 0 0
  1 1  0  1 0 0
 -1 1  1 -1 1 0
1,1,1,1;1;1 1 6
9 
#2 
6	% 
  0 0 0 0 0  1
  1 0 0 0 0  0
  1 1 0 1 1  1
 -1 0 1 0 0 -1
  1 1 0 0 0  1
  0 0 1 0 1  0
6	% 
  1 0  0  0 0  0
  1 0  0  0 0 -1
  1 0  0 -1 0  0
 -2 0 -1  0 0  0
  2 1  1  0 0  0
  0 0  0  0 1  0
1,1,1,1;1;1 1 2
11 
#3 
6	% 
 0  0 1 0 0 0
 0  0 0 1 0 0
 0  0 0 0 0 1
 1  0 0 0 0 0
 0  0 0 0 1 0
 0 -1 0 0 0 0
6	% 
 0  1  0 0  0  0
 0  1  0 0 -1  0
 0  1  1 1  1  1
 1  0  0 0  0  0
 0 -1 -1 0  0 -1
 0  1  1 1  0  0
6	% 
 0 -1  0 -1 -1  1
 0 -1 -1 -2  0 -1
 0  0  0  0  0  1
 1  0  0  0  0  0
 0  1  0  1  0  0
 0 -1 -1 -1 -1  0
1,1,1;1,1;1 1 6
18 
#3 
6	% 
 0 -1 0  0 -1 0
 0  0 0  1  0 0
 0  1 0 -1  1 1
 1  0 1  0  0 0
 1  0 0  0  0 0
 0 -1 0  0  0 0
6	% 
  0  1  2  2  1 0
  0  1  2  1  1 0
  0 -1 -2 -2 -1 1
 -1  0  1  1  0 0
 -1 -1  0  0 -1 0
  0  0  1  1  1 0
6	% 
 0  1  2  2  1 0
 0  1  2  1  1 0
 0 -1 -2 -2 -1 1
 0  1  1  1  0 0
 1  1  0  0 -1 0
 0  1  1  1  1 0
1,1,1;1,1;1 1 7
54 
#6 
6	% 
 0  1  2  0  1  0
 0  2  2  1  2  1
 0 -4 -5 -2 -4 -2
 1  1  1  1  1  0
 1  0  0  0  0  0
 0  1  1  0  0  0
6	% 
 0 -2  0 -1 -2 -1
 0 -4 -1 -2 -3 -2
 0  7  2  3  5  3
 0 -2  0 -1 -1 -1
 1  0  2  0  2  0
 0 -1  0  0 -1 -1
6	% 
 0 -2 -2 -1  0 -1
 0 -1 -1  0  0  0
 1  2  2  0  0  0
 0 -2  0  0 -1  0
 0 -2  1  0 -1  0
 0 -1 -1 -1  0  0
6	% 
 0  0 -2 -1 0 -1
 0  1 -1  0 0  0
 0 -2  1  0 0  0
 1  1  0  0 1  0
 1  0  0  0 0  0
 0  0 -1 -1 0  0
6	% 
  0  0  0  1  0  1
  2  1  1  2  2  2
 -3 -2 -2 -4 -4 -4
  1  2  1  1  1  1
  0  2  1  0  0  0
  0  0  0  1  0  0
6	% 
 0  1 -1  0  0  0
 0  0 -2 -1 -2 -1
 0 -1  4  2  3  2
 1  0 -1  0 -1 -1
 1  0  0  0  0  0
 0  1  0  0  0  0
1,1,1;1,1;1 1 11
36 
#3 
6	% 
 -2 -1 -2  0 -1  0
  0  0  0  1  0 -1
  3  1  2 -2  1  2
 -1 -2 -1 -1 -2 -1
  0  1  0  1  1  0
 -1 -1 -1  0  0  0
6	% 
  2  1  0  0  1  0
  0  1  0 -1  1  1
 -1 -3  0  2 -3 -2
  1  0 -1 -1  0 -1
  0  1  1  0  1  1
  1  0  0  0  1  0
6	% 
  0 -1 -2 -2 -1 -2
  2  0  0 -1  0 -1
 -3  1  2  4  1  4
  0  1 -1  0 -2 -2
  1 -1  0 -1  1  0
  0  0 -1 -1  0 -1
1,1,1;1,1;1 1 4
11 
#3 
6	% 
  0  0  0  1  0  0
 -1  0  0  0  0 -1
  1  0  0 -1  0  0
  0 -1 -1  0  0  0
  0 -1 -1  0 -1  0
  0 -1  0  0  1  0
6	% 
  0  1 0  0 1  0
  0  1 0  0 0  0
  0 -1 1  0 0  0
  0  0 0 -1 0  0
 -1  0 0 -1 0 -1
  0  0 0 -1 0  1
6	% 
  0  0  0 -1 0 -1
 -1  0  0  0 0 -1
  1  0  0  1 0  1
  0  1 -1  0 1  0
  0  2 -1  0 1  0
  0 -1 -1  0 0  0
1,1,1;1,1;1 1 2
9 
#2 
6	% 
 -2 -1 0  0 -1 0
 -2  0 1  0  0 0
  3  1 0  0  1 0
  0  0 0  1  0 1
  0  0 0 -1  0 0
 -1  0 0  0 -1 0
6	% 
  2  1 -1 0  0 0
  2  0  1 0  1 0
 -3 -1  0 0 -1 0
  0  0  0 1  0 0
  0  0  0 0  0 1
  1  1  0 0  0 0
1,1,1,1;1;1 1 5
18 
#2 
6	% 
 1 0 0  0  0  0
 0 0 1  0  0  0
 0 0 0  0  0 -1
 0 1 0  0  0  0
 0 0 0  0 -1  0
 0 0 0 -1  0  0
6	% 
  1  0  0 0 0  0
  2  1  0 0 1  0
  1 -1  0 0 0  0
 -2  0  0 1 0  0
  2  0  0 0 0 -1
 -1  0 -1 0 0  0
1,1,1;1,1;1 1 9
18 
#2 
6	% 
 0 0 -1  0 -1 0
 1 0  0  0  0 0
 0 0  0  0  1 0
 0 1  0  1  0 1
 0 0  0 -1  0 0
 0 0  0 -1  0 1
6	% 
 0  1 -1  0 0 0
 1  0  0  0 0 0
 0  0  1  0 1 0
 0  2  1  1 0 1
 0 -1 -1 -1 0 0
 0  0  0 -1 0 1
2-2;1,1,1;1 1 5
8 
#1 
6	% 
  1  0 0  0  0 0
  1  0 0  0  0 1
 -1  0 0 -1  0 0
 -1  0 0  0 -1 0
 -1 -1 0  0  0 0
 -1  1 1  0  1 0
1,1,1,1;1;1 1 3
1 
#1 
6	% 
  0 -1 -1 0 -1 0
 -1  0 -1 0 -1 0
 -1 -1  0 0 -1 0
  1  1  1 0  1 0
  0  0  0 0  0 1
  0  0  0 1  0 0
1,1,1;1,1;1 1 3
9 
#2 
6	% 
 0 -1  0  0  1 0
 0  0  0  1  0 1
 0  1  0 -1 -1 0
 0  0  0  0  1 0
 0  0 -1  0  0 0
 1  0  0  0  0 0
6	% 
 0 -1 -1  0 0 0
 0  1  1  1 0 1
 0  0  0 -1 0 0
 0  1 -1  0 1 0
 0  2 -1  0 1 0
 1  0  0  0 0 0
1,1,1;1,1;1 1 8
18 
#2 
6	% 
 0  2  2  1  2 -1
 0  1  0  1  1 -1
 0 -4 -3 -3 -4  3
 0  1  1  1  1  0
 0  1  0  0  0 -1
 1  0  0  0  0  0
6	% 
 0 0  2  1 -2 -1
 0 0  1  0 -1  0
 0 1 -4 -1  5  1
 0 0  1  1 -1  0
 0 0  1  0  0  0
 1 0  0  0  0  0
2-2;1,1,1;1 1 3
4 
#1 
6	% 
 0  1  1  1  1  1
 0  0  0  0  0 -1
 1  0  0  0  0  0
 0 -1 -1 -1  0  0
 0  1  0  1  1  0
 0  0 -1 -1 -1  0
1,1,1;1,1;1 1 1
1 
#1 
6	% 
 0 1  0 0  1 0
 0 0 -1 0  0 0
 0 0  0 0 -1 0
 0 0  0 1  0 0
 0 0  0 0  0 1
 1 0  0 0  0 0
1,1;1,1;1;1 1 2
9 
#2 
6	% 
 0 1  1 0  1 0
 0 0  0 1  0 0
 0 0  0 0  0 1
 1 0  0 0  0 0
 0 0 -1 0 -1 0
 0 1  1 0  0 0
6	% 
 0 1 0 0 1  0
 0 0 0 0 0 -1
 0 0 0 1 0  1
 1 0 0 0 0  0
 0 0 1 0 0  0
 0 0 0 0 1  0
2-2;1,1,1;1 1 4
4 
#1 
6	% 
 1 0  0  0 0  1
 0 0  0 -1 0  0
 0 0  0  0 0 -1
 0 0  0  0 1  0
 0 0 -1  0 0  0
 0 1  0  0 0  0
1,1;1,1;1;1 1 8
18 
#2 
6	% 
  0  1 1  0 1  0
 -1  0 0 -1 0  1
  1  0 0  0 0 -1
  0 -1 0  0 0  0
  0  0 0  0 1  0
 -1  0 0 -1 0  0
6	% 
 -1  0 0 -1 0 1
  0  1 0  0 1 0
  0 -1 0  0 0 0
  1  0 0  1 0 0
 -1  0 0  0 0 1
  0  1 1  0 1 0
1,1,1;1;1;1 1 16
18 
#2 
6	% 
 1  0 0 0 0  0
 0  0 0 1 0  0
 0  0 0 0 0 -1
 0 -1 0 0 0  0
 0  0 1 0 0  0
 0  0 1 0 1  0
6	% 
 1  0  0  0  0 0
 0 -1 -2 -1 -1 0
 0  1  2  0  1 1
 0  0 -1  0  0 0
 0 -1 -1  0  0 0
 0  0  0  0  1 0
1,1,1;1;1;1 1 7
18 
#2 
6	% 
 0 -1 -1 -1 -1 -1
 1  0  0  0  0  0
 0 -1 -1  0  0  0
 0  1  1  0  1  1
 0  0  1  0  1  0
 0 -1 -1 -1 -1  0
6	% 
 0  1 1  0  0 0
 1  0 0  0  0 0
 0  1 0  0  1 1
 0 -1 0  0  0 0
 0 -1 0 -1 -1 0
 0  1 1  0  1 0
1,1;1,1;1;1 1 24
36 
#3 
6	% 
 1  1  2  0  1  0
 0 -2  0 -1 -2 -2
 0  2  0  2  2  1
 0  2  0  1  1  1
 0  1 -1  1  1  1
 0  0  1  0  1  0
6	% 
  1  0  0  0  0  0
  0  1  2  2  1  1
  0 -1 -2 -1 -1 -2
  0  0 -1 -1 -1 -1
 -1 -1 -1 -1 -1 -1
  1  0  0  0  1  0
6	% 
 1  1  2  0  1  0
 0  2  0  2 -2 -1
 0 -2  0 -1  2  2
 0 -2  0 -1  1  1
 0 -2 -1 -1  1  1
 0  1  1  0  1  0
1,1;1,1;1,1 1 9
18 
#2 
6	% 
  1  0  0  0  0  0
  0  0  0 -1 -1  0
  0 -1  0  0  0 -1
  0 -1  0  0  0  0
 -1 -1 -1  0  0  0
  1  1  1  0  1  0
6	% 
  1  0  0  0  0  0
  0 -1  0  0  1 -1
  0  1  0 -1 -1  0
  0  2  1 -1 -1  1
 -1  1  0 -1 -2  1
  1  0 -1  0  0  0
1,1;1,1;1,1 1 4
18 
#2 
6	% 
  0  1 1  0 1  0
 -1  0 0 -1 0 -1
  1  0 0  0 0  1
  0 -1 0  0 0  0
  0  0 0  0 1  0
 -1  0 0 -1 0  0
6	% 
 -1  0  0 -1 0  1
  0  0  1  0 1  0
  0  1  2  1 0  1
  1 -1 -1  0 0 -1
 -1 -1 -1 -1 0  0
  0  2  1  1 0  1
1,1,1;1;1;1 1 10
9 
#2 
6	% 
 -1 -1 -1 0 -1  0
  0  0  1 0  0  0
  1  0  0 0  1  0
  0  0  0 0  0 -1
  0  0  0 1  0  0
 -1 -1  0 0  0  0
6	% 
 -1  0 -1 0 -1  0
  0 -1  2 0  1  0
  1  0 -1 0  0  0
  0  0  0 0  0 -1
  0  0  0 1  0  0
 -1 -1  0 0  0  0
1,1,1;1;1;1 1 11
9 
#2 
6	% 
 0  0 0  0  0 -1
 0 -1 0 -1 -1 -1
 1  0 0  0  0  0
 0  1 1  0  0  0
 0  0 1 -1  0 -1
 0  0 0 -1 -1 -1
6	% 
 0  0  0 0  0 1
 0  0  0 1  0 0
 1  0  0 0  0 0
 0 -1  0 0  0 0
 0 -1 -1 0 -1 0
 0 -1 -1 0  0 0
1,1;1,1;1;1 1 33
18 
#2 
6	% 
 1 0  0  0  0  0
 0 0  0 -1  0  0
 0 0  0  0  0 -1
 0 1  0  0  0  0
 0 0 -1 -1 -1 -1
 0 0  1  1  0  1
6	% 
 1  0  0  0  0  0
 0 -1 -1  0  0 -1
 0  0  1  1  1  0
 0  0  1  0  0  0
 0 -2  0  1  1 -1
 0  1 -1 -1 -2  1
1,1;1,1;1,1 1 2
9 
#2 
6	% 
 -1 -1 0 0 1 0
  0  0 0 1 0 0
  0  0 0 0 0 1
  0  0 1 0 0 0
  1  1 0 0 0 0
 -1  0 0 0 1 0
6	% 
 -1 0 -1 0 -1  0
  0 0  0 0  0 -1
  0 0  0 1  0  1
  0 1 -1 0  2  0
  1 0  1 0  0  0
 -1 0  0 0 -1  0
1,1,1,1;1;1 1 4
3 
#1 
6	% 
 0  0 0  1  0 0
 1  0 0  0  0 0
 0 -1 0 -3 -1 1
 0  1 0  2  1 0
 0  0 1 -1  0 0
 0  0 0 -1 -1 0
1,1,1;1,1;1 1 5
6 
#1 
6	% 
 0 -1 0  0 -1  0
 0  0 0  1  0  0
 0  0 0 -1  0 -1
 1  0 1  0  0  0
 1  0 0  0  0  0
 0  1 1  0  0  0
1,1,1;1,1;1 1 10
12 
#1 
6	% 
  0  0 -2 -1 -2  1
  2  0 -1  0 -1  0
 -3  0  4  1  4 -1
  0  1 -1  0  0  1
  1 -1 -1  0 -1  0
  0 -1 -1  0  0  0
1,1,1;1;1;1 1 14
3 
#1 
6	% 
 1  0  0  0 0  1
 0  0  0 -1 0  0
 0  0  0  0 0 -1
 0  1  0  0 0  0
 0 -1 -1  0 0  0
 0  1  1  0 1  0
1,1;1,1;1;1 1 26
18 
#2 
6	% 
 1 0 0  0  0  0
 0 0 0  0  0 -1
 0 0 0 -1  0  0
 0 0 1  0  1  0
 0 0 0  0 -1  0
 0 1 1  0  1  0
6	% 
 1 0 0  0 0  0
 0 0 0  0 0 -1
 0 0 0 -1 0  0
 0 0 1  0 0  0
 0 1 0  0 0  0
 0 0 1  0 1  0
1,1;1,1;1;1 1 11
9 
#2 
6	% 
 1  0  0  0 0  0
 0  0  0 -1 0  0
 0  0  0  0 0 -1
 0  1  0  0 0  0
 0 -1 -1  0 0  0
 0  1  1  0 1  0
6	% 
 1 1  0  0  1  0
 0 0  0 -1  0 -1
 0 0  0  1  0  0
 0 0  0  0 -1  0
 0 0 -1  0  0  0
 0 1  1  0  0  0
1,1;1,1;1;1 1 19
9 
#2 
6	% 
 -1  0 -1 0 -1 0
  0 -1 -1 0  0 0
  1  1  1 0  1 0
  0  0  0 0  0 1
 -1  1  0 0  0 0
  0  0  0 1  0 0
6	% 
 -1 -1 -1 0 -2 0
  0 -2 -1 0  0 0
  1  1  1 0  1 0
  0  0  0 0  0 1
 -1  0  0 0 -1 0
  0  0  0 1  0 0
2-2;1,1;1,1 1 3
4 
#1 
6	% 
 1 0 0 0  0  0
 0 0 0 0  0 -1
 0 0 0 1  0  1
 0 0 0 0 -1  0
 0 1 0 0  0  0
 0 1 1 0  1  0
1,1,1;1;1;1 1 5
1 
#1 
6	% 
 0 1  0 0  1 0
 0 0 -1 0  0 0
 0 0  0 0 -1 0
 1 0  0 0  0 0
 0 0  0 0  0 1
 0 0  0 1  0 0
1,1;1,1;1;1 1 16
18 
#2 
6	% 
 0  1  1  0  1 0
 1  0  0  0  0 0
 0 -1  0 -1  1 0
 0  1 -1  1 -2 1
 0  1  0  0 -1 1
 0  2  1  1 -1 1
6	% 
 0 1 -1 0  2  0
 1 0  0 0  0  0
 0 0 -1 0 -1 -1
 0 0  1 0  0  0
 0 0  1 1  1  0
 0 0  0 0  1  0
2-2;1,1;1,1 1 4
8 
#1 
6	% 
  1 0 0  1 0 -1
 -1 0 0 -1 0  0
 -1 0 0  0 0  1
  0 0 0  1 1  1
  0 0 1  1 0  1
  0 1 0  1 0  1
2-1;1,1;1;1 1 15
6 
#1 
6	% 
 -1  0 0 -1 0 -1
  0  0 0  0 1  0
  1  0 0  0 0  1
  0  1 1  0 0  0
  0 -1 0  0 0  0
 -1  0 0 -1 0  0
2-1;1,1;1;1 1 10
6 
#1 
6	% 
 1 0  0  0  0 0
 0 0  1  0  0 0
 0 0  0  0  0 1
 0 0 -1  0 -1 0
 0 1  1  0  1 0
 0 0  0 -1  0 0
2-1;1,1;1;1 1 11
3 
#1 
6	% 
 1  1 0 0 1 0
 0  0 0 0 1 0
 0  1 1 0 0 0
 0  0 0 0 0 1
 0 -1 0 0 0 0
 0  0 0 1 0 0
2-1;1,1;1;1 1 3
3 
#1 
6	% 
 0  0 0 1 0 0
 0  0 0 0 0 1
 1  0 0 0 0 0
 0  0 0 0 1 0
 0  1 1 0 0 0
 0 -1 0 0 0 0
1,1,1;1;1;1 1 6
1 
#1 
6	% 
  0  0 0 -1  0 -1
 -1  0 0  0  0 -1
  1  0 0  1  0  1
  0 -1 0  0 -1  0
  0  1 0  0  0  0
  0  1 1  0  1  0
1,1,1;1;1;1 1 3
3 
#1 
6	% 
 0  0 0  1  0  0
 0  0 0 -1  0 -1
 1  0 0  0  0  0
 0  1 1  0  1  0
 0 -1 0  0 -1  0
 0  1 0  0  0  0
1,1;1,1;1;1 1 20
6 
#1 
6	% 
 1  0 0  0  0  0
 0 -2 0  0 -2 -1
 0  1 0  0  1  0
 0  0 1  0  0  0
 0 -2 0 -1 -2  0
 0  0 0  0 -1  0
1,1;1,1;1;1 1 5
3 
#1 
6	% 
 1  2  0 0  2 0
 0  0  0 1  0 0
 0  0  0 0  0 1
 0 -1  0 0 -1 0
 0  0 -1 0  0 0
 0  0  0 0  1 0
1,1,1;1;1;1 1 8
6 
#1 
6	% 
  1  0  0  0  0  0
 -1  1  0  0  1 -1
  1 -1 -1  0 -1  0
  0  0 -1  0 -1  0
  1 -1  0 -1 -1  0
 -1  0 -1  0  0  0
3;1,1,1 3 1
1 
#1 
6	% 
  0  0 0  0 -1  0
  0 -1 0  0  0  0
  0  1 1  0  1  0
  0  0 0 -1  0 -1
 -1  0 0  0  0 -1
  1  0 0  1  0  1
1,1;1,1;1;1 1 10
12 
#1 
6	% 
 1  0  2 0  2  0
 0 -1 -1 0 -1  0
 0  0 -1 0 -1  0
 0  0  0 0  0 -1
 0  0  0 1  0  0
 0  0 -1 0  0  0
1,1;1,1;1,1 1 6
6 
#1 
6	% 
 1  0  2  0  2 0
 0  0 -1  0  0 0
 0  0 -1  0 -1 0
 0  0  0  0  0 1
 0  0  0 -1  0 0
 0 -1 -1  0 -1 0
1,1;1,1;1;1 1 17
6 
#1 
6	% 
 1  0  0 0  0  0
 0  0 -1 0 -1  0
 0 -1  0 0  0  0
 0  1  0 0  1 -1
 0  0  1 0  0  0
 0  1  0 1  1  0
2-1;1;1;1;1 1 9
3 
#1 
6	% 
 1  0 0 0 0 0
 0  0 0 0 1 0
 0  0 0 0 0 1
 0  1 1 0 0 0
 0 -1 0 0 0 0
 0  0 0 1 0 0
1,1;1;1;1;1 1 26
3 
#1 
6	% 
 0 0 0  1 0 1
 0 0 0 -1 0 0
 1 0 0  0 0 0
 0 1 0  0 0 0
 0 1 1  0 1 0
 0 1 1  0 0 0
1,1;1;1;1;1 1 35
18 
#2 
6	% 
 1 0 0 0 0 0
 0 0 0 0 0 1
 0 0 0 1 0 0
 0 1 1 0 0 0
 0 1 1 0 1 0
 0 1 0 0 0 0
6	% 
 1  0  0  0  0  0
 0  1  2  1  1  2
 0 -1 -2 -2 -1 -1
 0  1  0  0  0  0
 0  1  1  1  0  1
 0  1  1  1  1  1
1,1;1;1;1;1 1 9
9 
#2 
6	% 
 0 1  1 0  1 0
 1 0  0 0  0 0
 0 0  0 0  0 1
 0 0 -1 0 -1 0
 0 0  0 1  0 0
 0 1  1 0  0 0
6	% 
 0 1 0 0 1 0
 1 0 0 0 0 0
 0 0 0 0 0 1
 0 0 1 0 0 0
 0 0 0 1 0 0
 0 0 0 0 1 0
1,1;1;1;1;1 1 38
6 
#1 
6	% 
 -1 0  0 -1  0  1
  1 0  0  0  0 -1
 -1 0  0 -1  0  0
  0 0 -1  0 -1  0
  0 1  1  0  1  0
  0 0  0  0  1  0
1,1;1;1;1;1 1 40
9 
#2 
6	% 
 1 0 0 0 0 0
 0 0 0 0 0 1
 0 0 0 1 0 0
 1 0 1 0 1 0
 1 1 1 0 1 0
 0 0 0 0 1 0
6	% 
 1 1 0 0 1 0
 0 0 0 0 0 1
 0 0 0 1 0 0
 0 1 1 0 1 0
 0 1 0 0 0 0
 0 1 1 0 0 0
1,1;1;1;1;1 1 12
6 
#1 
6	% 
 1 0 0 0 0  0
 0 0 1 0 0  0
 0 0 1 0 1  0
 0 0 0 0 0 -1
 0 1 1 0 1  0
 0 0 0 1 0  0
1,1;1;1;1;1 1 10
2 
#1 
6	% 
 -1  0  0 -1  0 -1
  1  0  0  0  0  1
  0 -1  0  0  0  0
  0 -1  0  0 -1  0
 -1  0  0 -1  0  0
  0 -1 -1  0 -1  0
1,1;1;1;1;1 1 16
3 
#1 
6	% 
 -1 -1 -1 0  0 0
  2  1  1 0  0 0
  0  0  0 0  0 1
 -1  0 -1 0  0 0
  0  0  0 1  0 0
 -1 -1 -1 0 -1 0
2-2;1,1;1;1 1 8
4 
#1 
6	% 
 1  0  0 0 0 0
 0  0  0 0 0 1
 0  0  0 1 0 0
 0  0 -1 0 0 0
 0 -1  0 0 0 0
 0  1  1 0 1 0
3;1,1;1 3 2
2 
#1 
6	% 
 -1  0 0 -1  0 -1
  0  0 0  0 -1  0
  0 -1 0  0  0  0
  1  0 0  0  0  1
  0  1 1  0  1  0
 -1  0 0 -1  0  0
2-2;1,1;1;1 1 7
8 
#1 
6	% 
 1  0  0  0  0  0
 0  0  0  0  0  1
 0  0  0 -1  0  0
 0  0  0 -1  1 -1
 0  1  0 -1  0 -1
 0 -1 -1 -1 -1 -1
2-2;1,1;1;1 1 11
8 
#1 
6	% 
 -1  0 0 -1  0 -1
  1  0 0  0  0  1
 -1  0 0 -1  0  0
  0  0 0  0 -1  0
  0 -1 0  0  0  0
  0  1 1  0  1  0
2-2;1,1;1;1 1 6
4 
#1 
6	% 
 0 0  0  1 0 1
 0 0  0 -1 0 0
 1 0  0  0 0 0
 0 0  0  0 1 0
 0 0 -1  0 0 0
 0 1  0  0 0 0
3;1,1;1 3 1
1 
#1 
6	% 
 0  0 0 0 -1  0
 0 -1 0 0  0  0
 0  1 1 0  1  0
 0  0 0 0  0 -1
 0  0 0 1  0  1
 1  0 0 0  0  0
1,1;1;1;1;1 1 5
1 
#1 
6	% 
 0  0  0 1  0 0
 0  0  0 0  0 1
 1  0  0 0  0 0
 0 -1  0 0  0 0
 0  1  0 0  1 0
 0 -1 -1 0 -1 0
1;1;1;1;1;1 1 24
3 
#1 
6	% 
 1  0  0 0  0 0
 0  0  0 0  0 1
 0  0  0 1  0 0
 0 -1  0 0  0 0
 0 -1 -1 0  0 0
 0 -1 -1 0 -1 0
1;1;1;1;1;1 1 8
1 
#1 
6	% 
 1  0  0 0  0 0
 0  0  0 0  0 1
 0 -1  0 0  0 0
 0 -1  0 0 -1 0
 0  0  0 1  0 0
 0 -1 -1 0 -1 0
2-2;1;1;1;1 1 7
4 
#1 
6	% 
 1  0 0 0  0 0
 0  0 0 0  0 1
 0  0 0 1  0 0
 0  0 0 0 -1 0
 0 -1 0 0  0 0
 0  1 1 0  1 0
