#25

1,1;1;1;1;1 1 29
1 
#1 
6	% 
 1 0 0 0 0 0
 0 1 0 0 0 0
 0 0 1 0 0 0
 0 0 0 1 0 0
 0 0 0 0 1 0
 0 0 0 0 0 1
1,1,1,1,1,1 1 1
1 
#1 
6	% 
 1 0 0 0 0 0
 0 1 0 0 0 0
 0 0 1 0 0 0
 0 0 0 1 0 0
 0 0 0 0 1 0
 0 0 0 0 0 1
1,1,1,1;1,1 1 3
6 
#4 
6	% 
  0  1  0 -1 1  0
 -1 -1 -1  1 0 -2
  0 -1  0  0 0  0
  0  1  1  0 0  1
 -1  0  0  1 0 -2
  0  0  0 -1 0  1
6	% 
  0  0  0 1  0  0
  1  1 -1 0  0 -1
  0  1 -1 0  1  0
  0 -1  1 0 -1  1
  1  1  0 0  0  0
 -1 -1  0 0 -1  0
6	% 
  0 1  1  1 -1 -2
  1 1  2  1  0 -1
  1 0  0  0  0  1
  0 0 -1 -1  0  1
  0 1  1  0  0  0
 -1 0  0  0 -1  0
6	% 
  0 -1  0 -1  0  0
 -1 -1  1 -1 -2 -1
 -1  0 -1  1 -1  0
  1  1  0  1  1  1
  0 -1  1 -1 -1 -1
 -1 -1 -1  0  0  0
1,1,1,1,1;1 1 2
4 
#3 
6	% 
  0 -1 -1 -2 -1  0
 -1 -1 -1 -1 -1  0
  0  0 -1 -1 -1 -1
  0 -1  0 -2 -1  0
  0  1  1  2  1  1
  0 -1 -1 -2 -2  0
6	% 
  0  0  0  1  0 -1
  0  1  0  0  0 -1
  1  1 -1  1  1  0
  0  0  0  0  1 -1
 -1 -1  0 -1 -1  1
  0  1 -1  1  1 -1
6	% 
  0  0  0 0  0 -1
 -1  0  0 0  0  0
 -1  0  1 0 -1 -1
 -1  0  0 0  1 -1
  1 -1 -1 0 -1  1
 -1  0  1 1  0 -1
1,1,1;1,1,1 1 4
2 
#1 
6	% 
 0 0 0 -1 -1 -1
 0 0 0  0  0 -1
 1 0 0  0  1  1
 0 1 0  0 -1 -2
 0 0 1  0  1  1
 0 0 0  0 -1  0
1,1,1;1,1,1 1 2
1 
#1 
6	% 
  0 -1  0 1 -1 -1
  0  0  0 0  0  1
 -1  0  0 0  0  0
  0  0 -1 0  0  0
  1  1  1 0  0  0
  1  0  1 1  0 -1
1,1,1;1,1,1 1 3
1 
#1 
6	% 
 -1 -1  1 -1  0  1
  0  0  0  0  0  1
  0  0  1  0  1  0
  0  1 -1  0  0 -1
  1  0  0  0  1  0
 -1 -1  0  0 -1  0
1,1,1,1;1,1 1 2
1 
#1 
6	% 
  0 1  0  1  0 -1
 -1 0  0  0  0  0
  0 0 -1  0  0  0
  0 0  0  0  2  1
  0 0  0 -1  0  0
  0 0  0  1 -1 -1
1,1;1,1;1,1 1 10
2 
#1 
6	% 
 0  1 -1 1 0 -1
 0  0  0 0 0  1
 0 -1  0 0 0  1
 1  1  0 1 0 -1
 0  0  0 1 0  0
 0  0  0 0 1  0
1,1,1;1,1;1 1 10
1 
#1 
6	% 
 -1  0 -1 0 -2 -2
  0  0  0 0 -1 -1
  1  0  1 0  4  3
  0  1 -1 1 -1 -2
  0 -1  0 0 -1  0
  0 -1  0 1 -1  0
1,1,1;1,1;1 1 9
3 
#2 
6	% 
  0 -1  0  1 0 1
  0  0  0  0 1 0
  0  1  0 -1 0 0
  0  0  0  1 0 0
  0  0 -1  0 0 0
 -1  0 -1  0 0 0
6	% 
  2  1  0  1  0 -1
  1  0 -1  0  0  0
 -2 -1  1 -1  0  1
  1  1  0  0  0 -1
  0 -1  0  1  0  2
  0  0  0  0 -1  1
1,1,1;1,1;1 1 12
8 
#4 
6	% 
  0  0  0  0 -1  1
 -1 -1 -1  1  0 -1
  2  1  2 -1  2 -1
  0  0 -1  1  0 -1
  1  0  1 -1  1  0
  0  0  0  0  0  1
6	% 
 0  0  0  0 -1 -1
 0 -1  0 -1 -1  0
 1  1 -1  1  3  2
 0 -1  0  0 -1  0
 1  1  0  0  2  1
 0  0  0  0 -1  0
6	% 
 -1  0  1  0 -2  2
 -2 -1  2 -1 -2  3
  4  1 -4  1  5 -6
 -1  0  1 -1 -1  1
  2  0 -2  1  2 -3
  0  0  1  0 -1  1
6	% 
  0 -1  0 -1 -1  2
 -2 -2  2 -2  1  1
  3  4 -3  4  0 -4
 -1 -1  1 -1  1  1
  2  2 -1  2  0 -2
  0  0  0 -1  0  1
1,1;1,1;1,1 1 6
1 
#1 
6	% 
  0  0  0  0  3  2
  1  0  0 -1  0  0
  0  0  0  0 -1 -1
 -1  1  0  1  0 -1
  0 -1 -1 -1  0  1
  0  1  1  0  0 -1
1,1,1;1,1;1 1 11
2 
#1 
6	% 
  2 0 -2  2 -1 -1
  1 0 -1  0  0  0
 -3 1  3 -1  1  0
  1 0 -1  1 -1 -1
  1 0  0  0  1  1
  1 0 -1  1  0 -1
1,1,1,1;1;1 1 5
5 
#3 
6	% 
  0  1  0  0  0 -1
 -1  1  1 -1 -1 -2
 -1  1  1  0  0 -2
  1 -2 -2  1  1  3
 -2  2  1 -1 -1 -3
  1 -1 -1  0  1  1
6	% 
  1  0 0  0 0  0
  1 -1 1 -1 0  1
  0  0 0 -1 0  0
 -1  1 0  1 1 -1
  1 -1 0 -1 0  0
  0  1 0  0 1  0
6	% 
  0  0  0  0 -1  0
  1  1 -1  1  0  1
  0  1  0  0  0  1
 -1 -1  0 -1  1 -2
  0  1 -1  1 -1  2
  0  0  0 -1  1 -1
1,1,1,1;1;1 1 6
1 
#1 
6	% 
 0 -1 0 -1 0 1
 1  0 0  0 0 0
 0  0 1  0 0 0
 0  0 0  1 0 0
 0  0 0 -1 1 0
 0  0 0  0 0 1
1,1,1;1,1;1 1 7
1 
#1 
6	% 
 -1  0  1 0  0  0
  0 -2  0 0 -1  1
  1  3 -1 1  1 -2
  0 -1  0 0 -1  0
  0  0  0 0  1  0
 -1  0  0 0  0  0
1,1,1;1,1;1 1 5
1 
#1 
6	% 
  2 1 0  1 0 -1
  1 0 0  0 0  0
 -2 0 1  0 0  0
  1 1 0  0 1 -1
  0 0 0  0 1  0
  0 1 0 -1 1  0
1,1;1,1;1;1 1 28
2 
#1 
6	% 
 0 -1 1  0  1  2
 0  0 0 -1  1  1
 1  1 0  0  2  1
 0 -1 0  0  0  0
 0  0 0  0  0 -1
 0  0 0  0 -1  0
1,1;1,1;1;1 1 25
2 
#1 
6	% 
  0 -1  0  0 1  2
  0  1 -1  1 0 -1
  0  0  0  0 0 -1
  0  0  0  1 1  1
  0  0  0  0 1  0
 -1 -1  0 -1 0  1
1,1;1,1;1;1 1 30
1 
#1 
6	% 
  0 -1 -1 -1 0  1
  0  1  1  0 0 -1
 -1  1  0  1 0 -1
  1  0  0 -1 0  0
  0  0  0  0 1  0
  0  0  0  0 0 -1
1,1;1,1;1;1 1 10
1 
#1 
6	% 
  0  0  0  0  3  2
  0  0  0 -1  0  0
  0  0  0  0 -1 -1
  0  1 -1  1  0 -1
 -1 -1  0 -1  0  1
  0  1  0  0  0 -1
1,1,1;1;1;1 1 15
2 
#1 
6	% 
  0  0  0 1  0 0
  0  0  0 0 -1 0
  0  0 -1 0  0 0
  0 -1  0 0 -1 0
 -1  0  0 0  0 0
  0  0  0 0  0 1
1,1,1;1;1;1 1 16
1 
#1 
6	% 
 0 -1 0 -1  0  1
 1 -3 0 -1 -1  2
 0  3 1  1  1 -2
 0 -2 0 -1 -1  1
 0 -2 0 -1  0  1
 0  0 0  0  0 -1
1,1,1;1;1;1 1 12
1 
#1 
6	% 
 -1  0  0  0 0  0
 -1 -1 -1 -1 0  1
  1  0  0  1 0 -1
 -1 -1  0  0 0  1
  0  0  0  0 0  1
  0  0  0  0 1  0
