#7

2-2;1,1;1,1 1 4
1 
#1 
6	% 
 1 0 0 0 0 0
 0 1 0 0 0 0
 0 0 1 0 0 0
 0 0 0 1 0 0
 0 0 0 0 1 0
 0 0 0 0 0 1
1,1,1,1,1,1 1 1
1 
#1 
6	% 
 1 0 0 0 0 0
 0 1 0 0 0 0
 0 0 1 0 0 0
 0 0 0 1 0 0
 0 0 0 0 1 0
 0 0 0 0 0 1
1,1,1,1,1;1 1 2
3 
#1 
6	% 
  1  0  0  0  0  0
  0  0  1  0  0  0
  1  0  1 -1  0  0
  0 -1  0 -1 -1 -1
 -1  1 -1  1  0  1
  1 -1  1 -1 -1  0
1,1,1,1;1,1 1 2
1 
#1 
6	% 
 0  0 0  0 1  0
 0  0 0  0 0  1
 0 -1 1 -1 0 -1
 1  0 0  0 0  0
 0  1 0  0 0  0
 0  0 1  0 0  0
1,1,1;1,1,1 1 3
3 
#1 
6	% 
  0  1 -1 1 0  0
 -1  0  0 0 0  0
  1  1  0 0 0 -1
 -1 -1  0 0 0  0
  1  0  1 0 1  0
 -1  0 -1 0 0  0
2-2;1,1,1,1 1 2
1 
#1 
6	% 
  0  1  0  0  0  0
  0  0  1  0  0  0
 -1 -1 -1 -1 -1 -1
  1  0  0  0  1  1
 -1  0  0 -1  0 -1
  1  0  0  1  1  0
1,1,1;1,1;1 1 7
3 
#1 
6	% 
 0  0  0 0 1 1
 0 -1  1 0 0 0
 0  2 -2 1 0 0
 1  0  1 0 0 0
 1  0  0 0 0 0
 0  0  0 0 1 0
