#10

1,1;1,1;1;1 1 9
1 
#1 
6	% 
 1 0 0 0 0 0
 0 1 0 0 0 0
 0 0 1 0 0 0
 0 0 0 1 0 0
 0 0 0 0 1 0
 0 0 0 0 0 1
1,1,1,1,1,1 1 1
1 
#1 
6	% 
 1 0 0 0 0 0
 0 1 0 0 0 0
 0 0 1 0 0 0
 0 0 0 1 0 0
 0 0 0 0 1 0
 0 0 0 0 0 1
1,1,1,1;1,1 1 3
2 
#2 
6	% 
  1 0  1 1  1  1
  2 1  1 0  1  0
  0 0 -1 0  0 -1
 -1 0  0 0 -1  0
  1 0  1 0  0  0
  0 0  0 1  1  0
6	% 
  1 0  0 0  0 0
  2 1  1 0 -1 0
  0 0  1 0  0 1
 -1 0 -1 0  0 0
  1 0  0 0 -1 0
  0 0  0 1  1 0
1,1,1,1;1,1 1 1
1 
#1 
6	% 
 0  0 -1 -1  0 -1
 0  0  0 -1 -1 -1
 0  0 -1  0 -1 -1
 0  0  1  1  1  1
 0 -1  0  0  0  0
 1  1  0  0  0  0
1,1,1,1,1;1 1 2
2 
#1 
6	% 
  0 0 0  1  0  0
  1 0 0  0  0  0
  0 0 0  0  0  1
  1 1 1  1 -1  1
 -1 0 0 -1  1 -1
  1 0 1  1  0  1
1,1,1;1,1,1 1 2
2 
#1 
6	% 
  0  1  0  0  0  0
  1  1  0  1  0  1
  0  0 -1 -1 -1  1
  0  0  0  0  1  0
 -1 -1  1  0  0 -1
  1  1  1  1  0  0
1,1;1,1;1,1 1 5
1 
#1 
6	% 
 1 0 0 0 0 0
 0 1 0 0 0 0
 0 0 0 0 1 0
 0 0 0 0 0 1
 0 0 1 0 0 0
 0 0 0 1 0 0
1,1,1;1,1;1 1 9
2 
#1 
6	% 
  2  2  0  1  0  1
  1  1  0  0  0  0
 -2 -3  0 -1  0 -1
  1  1  0  0  0  1
  0  0  0  1 -1 -1
  0  0 -1  0 -1  0
1,1,1;1,1;1 1 2
2 
#1 
6	% 
 0 0 -1 0  1  0
 0 0  0 1  0  1
 0 0  1 0 -1 -1
 1 0  0 0  0  0
 0 1  0 0  0  0
 0 0  0 0  1  0
1,1,1,1;1;1 1 5
1 
#1 
6	% 
  0  1  1  1 -1 -1
  1  0  1  1 -1 -1
  1  1  1  0 -1 -1
 -1 -1 -1 -1  2  1
  1  1  2  1 -1 -1
 -1 -1 -1 -1  1  0
