#80

4-2;2-2 2 1
1 
#1 
6	% 
 1 0 0 0 0 0
 0 1 0 0 0 0
 0 0 1 0 0 0
 0 0 0 1 0 0
 0 0 0 0 1 0
 0 0 0 0 0 1
1,1,1,1,1,1 1 1
1 
#1 
6	% 
 1 0 0 0 0 0
 0 1 0 0 0 0
 0 0 1 0 0 0
 0 0 0 1 0 0
 0 0 0 0 1 0
 0 0 0 0 0 1
1,1,1,1;1,1 1 3
66 
#6 
6	% 
 0 0  0 -1 1  0
 0 0  0 -2 0 -1
 1 0  0  0 0  0
 0 1  0  1 0  1
 0 1  0 -2 0 -1
 1 0 -1  0 0  0
6	% 
  0  0  0  0 -1  0
  0  0  0  0 -1 -1
 -1 -1  0  0  0 -1
  1  0 -1  0  1  0
 -1  0  0  0 -1  0
  1  1 -1 -1  0  1
6	% 
 -1 -1 -1 -1  0 -1
  0  0  0 -1  0  0
  1  0  1  0 -1  1
  0  0  0  1  1 -1
  0  0  0 -1  1  0
 -1 -1  0  0 -1  0
6	% 
  0  0  0  1  0  0
 -1 -1 -1 -1 -2  1
  0 -1  0  0  0 -1
  1  1  0  0  1  0
 -1  0 -1  0 -1  1
  0  0  1  0  0 -1
6	% 
  0  0  0  0  0 -1
  0  0  0  1 -1 -1
  0  1  0  0  0  0
  1 -1 -1  1  1  1
 -1  0  0  0 -1 -1
  0  1  0 -1  0  0
6	% 
  0  0  0  0 -1  1
  0 -1 -1  1 -1  0
  1  0 -1  1  0 -1
 -1  1  1 -2  1  0
 -1  0  0 -1 -1  0
  1 -1  0  1  0  1
1,1,1,1,1;1 1 2
12 
#3 
6	% 
  1  1  1  0  1  1
  1  1  1  1  0  1
  1  1  1  1  1  1
  1  1  1  0  0  2
 -1 -2 -1 -1 -1 -2
  1  1  2  1  1  2
6	% 
  0  0  1 1  0 1
  0 -1  0 0  0 0
 -1 -1  1 0  0 0
  0  0  1 0  0 1
  0  1 -1 0 -1 0
  0 -1  1 0 -1 1
6	% 
 0  1  0 -1  0  0
 0  1  0  0  0  0
 0  1 -1 -1  0  0
 1  2  1  1  2 -1
 0 -2  0  0 -1  0
 0  2  0  0  1 -1
1,1,1,1;1,1 1 1
1 
#1 
6	% 
  0 -1 -1 -1 0  0
 -1  0 -1 -1 0  0
 -1 -1  0 -1 0  0
  1  1  1  1 0  0
  0  0  0  0 0 -1
  0  0  0  0 1  1
2-1;1,1,1;1 1 8
18 
#2 
6	% 
  0  0 0  0 -1  0
  0  0 0  0 -1 -1
  1 -1 0  0  1  0
 -1  1 1 -1  1  0
  1  0 0  0 -1  0
 -1  0 1  0 -1  0
6	% 
  0  0  0 0  0 -1
  0  0  0 0 -1  0
  1 -1  0 0  1  1
  1 -1 -1 1  1  1
 -1  0  0 0 -1 -1
 -1  0  1 0 -1 -1
1,1,1;1,1,1 1 4
90 
#4 
6	% 
 -1  1  1  0 -1  1
  0  1  0  0 -1  1
  1 -1  0  0  2 -1
 -1  1  0 -1 -1  0
  1 -1 -1  1  2 -1
  0  1  0 -1 -1  0
6	% 
 0 -1  0  0  0 -1
 0 -1 -1  1  1 -2
 1  2 -1 -1  0  2
 0 -1  0  1  0 -1
 1  2  0 -1  0  2
 0 -1  1  0 -1 -1
6	% 
  0 -1  0  0 -1  1
  1 -1  1  1  0  1
  0  1 -2  0  0  0
  0 -1  0  1 -1  0
  0  1 -2  1  0  0
 -1  0  2 -2  0 -1
6	% 
 -1  1  0 -2  0 -1
 -1  1  0 -1 -1  0
  2 -1  0  2  1  0
 -1  0  1 -2  0  1
  2 -1 -2  3  1 -1
 -1  0  1 -1 -1  1
1,1,1;1,1,1 1 2
6 
#1 
6	% 
  1 1  1  1 0 0
  0 0  0 -1 0 0
  0 0  0  0 0 1
  0 0  0  0 1 0
 -1 0 -1  0 0 0
  1 1  0  0 0 0
2-1;1,1;1,1 1 11
54 
#2 
6	% 
  0  0  0 0  1 0
  0  0  0 0 -1 1
 -1  0  1 0  0 0
  1  0  0 0  0 0
  1 -1 -1 1  0 0
  1 -1  0 0  0 0
6	% 
  0 0 0  0 -1  1
  0 0 0  0 -1  0
  1 0 0  0  0 -1
 -1 1 0  0  0  1
 -1 0 1  0  0  1
 -1 1 1 -1  0  1
2-2',2-2';1,1 1 1
2 
#1 
6	% 
 -1  0 0 0 0  0
 -1  0 1 0 0  0
 -1 -1 1 1 0  0
  0  0 1 1 0  0
  0  0 0 0 0 -1
  0  0 0 0 1  1
2-2;1,1,1,1 1 1
1 
#1 
6	% 
  0  0  0  0 0 1
  0  0  0  0 1 0
  0 -1 -1 -1 0 0
 -1  0 -1 -1 0 0
 -1 -1  0 -1 0 0
  1  1  1  1 0 0
2-2;1,1,1,1 1 2
2 
#1 
6	% 
  0  0  0  0  0  1
 -1  1  1  0 -1 -1
  0  1  1 -1  0  0
  0 -1 -1  0  1  0
 -1  1  2 -1 -1  0
  1 -2 -1  1  1  0
2-2',2-2',2-2' 1 1
4 
#1 
6	% 
  0  1 -1 -1 1  0
 -1  0  0 -1 1 -1
  0  0 -1 -1 0  0
 -1 -1  0  0 0  0
 -1  0 -1 -1 0  0
 -2 -1  1  0 0  0
2-2',2-2';1,1 1 2
4 
#1 
6	% 
  0 -1 -1  1  0  0
 -1  0  1 -1 -1  0
 -1  1  0 -1 -1  1
  0 -1  0  1  1 -1
  1  0  0  0  1  0
  0  0 -1  1  0  1
1,1,1;1;1;1 1 19
36 
#3 
6	% 
  0 0 0  0 0  1
  0 0 0  0 1  1
 -1 1 1 -1 0 -1
 -1 1 0  0 0  1
  1 0 0  0 0  1
 -1 0 1  0 0  1
6	% 
  0  0  0  0 0  1
  0  0  2 -1 1  1
  1 -1 -1  1 0 -1
  1 -1  0  0 0  1
 -1  0  1  0 0  1
  1  0  0  0 0  1
6	% 
  0  0  0 0 -1 -1
  0  0  0 0 -1  0
  1 -1 -1 1  1  1
 -1  0  0 0 -1 -1
 -1  1  0 0 -1 -1
 -1  0  1 0 -1 -1
1,1;1,1;1;1 1 39
324 
#7 
6	% 
  0  0  2 -1  0 -1
  0  0 -2  1 -1  1
  1  0  1 -1  1 -1
 -1  1 -1  0  0  1
  1  0 -2  1 -1  1
  1 -1 -2  1  0  1
6	% 
  0  0 0  0 -1  0
  0  0 0  0  1 -1
 -1  0 1  0 -1  1
  1 -1 0  0  1  0
 -1  0 0  0  1 -1
 -1  1 1 -1  1  0
6	% 
  0 -3  1  1 -1  1
  0  3  1 -2  1  0
  1 -3 -1  2 -1  0
 -1  3  0 -1  1 -1
  1  2  0 -1  1  0
  1  2 -1 -1  1 -1
6	% 
 -2  1  2 -1 -1  1
  2 -1  0  0  1  0
 -1  0 -2  1  0 -1
  1 -1 -3  2  0 -1
  1 -1  2 -1  0  1
  1  0 -3  1  0 -1
6	% 
  2 -1 -1  1  3 -1
 -2  1  1  0 -3  2
  1  0 -1  0  2 -1
 -1  0  0  0 -2  1
 -1  1  0  0 -2  1
 -1  1  1 -1 -2  1
6	% 
  2 -2 -1 1 -1  4
 -2  0  1 0 -1 -3
  1 -1 -1 1  0  2
 -1  0  0 0  0 -2
 -1  1  0 0  0 -2
 -1  0  1 0  0 -2
6	% 
  2 -1 -1 2 -1  4
 -2  1  1 1 -1 -3
  1 -1 -1 1  0  2
 -1  0  1 0  0 -2
 -1  0  0 0  0 -2
 -1  1  0 0  0 -2
2-2;1,1;1,1 1 5
15 
#2 
6	% 
  0  0  0  0  0 1
  0  0  0  0 -1 1
 -1 -2  1  1  0 0
  1  1 -1 -1  0 0
 -1 -2  0  1  0 0
  1  1  0  0  0 0
6	% 
  0  0 0  0 -1 1
  0  0 0  0 -1 0
 -1  0 1 -2  0 0
  0 -1 0  1  0 0
 -1  1 0 -2  0 0
  0  1 0  0  0 0
1,1;1,1;1,1 1 5
15 
#2 
6	% 
  0  0  0  0  1 1
  0  0  0  0 -1 0
 -1 -2  1  1  0 0
  1  1 -1 -1  0 0
 -1 -2  0  1  0 0
  1  1  0  0  0 0
6	% 
  0  0  0  0 1 0
  0  0  0  0 0 1
  0  0  1 -1 0 0
  1 -1 -1  2 0 0
  0  0  1  0 0 0
 -1  0  0 -1 0 0
1,1,1;1,1;1 1 12
288 
#10 
6	% 
  0 0 -2 -2 -1  2
  0 0 -1  1  0  0
  0 0  5  2  2 -4
 -1 1  0  0  0  0
  1 0  2  1  1 -2
  0 0 -1 -1 -1  1
6	% 
 0 0  2  2 0 1
 0 0  0  1 0 0
 0 0 -1 -2 0 0
 0 1  0  0 0 0
 1 0 -1 -1 0 0
 0 0  1  1 1 0
6	% 
  2 -1 -1  0  0 0
  2 -1 -1 -1  0 0
 -6  3  3 -1 -1 2
  1  0  0 -1  1 0
 -3  1  1  0 -2 1
  1 -1  0  0  0 0
6	% 
  2 -1 -1  0 0  4
  0  0  0 -2 0  1
 -2  1  1  3 0 -6
  0  0  0 -1 1  0
 -1  1  1  1 0 -3
  1 -1  0  0 0  2
6	% 
 0  2 -2  0 0 -3
 0  0 -2  1 0 -2
 0 -3  5 -1 0  6
 0  0 -1  0 0 -1
 1 -2  2  1 0  3
 0  1 -1  0 1 -2
6	% 
 0  0  0 0  0 1
 0  0  0 1  0 0
 2 -1 -1 1  0 2
 0 -1  0 1  0 0
 1  0  0 0  0 1
 0  0  0 0 -1 1
6	% 
  0  0 -4  2 0 -5
  2 -1 -2  1 0 -4
 -2  1  8 -4 0 12
  1 -1 -1  0 0 -2
 -1  0  4 -2 0  6
  0  0 -2  1 1 -3
6	% 
  0  0  0 0 -2 1
  2  0 -1 0  0 0
 -4 -2  2 1  0 0
  1  0 -1 0  0 0
 -2 -1  2 1  0 0
  0  0  0 0 -1 1
6	% 
  0 -4  0  2 2 -1
  0 -1  1  0 0  0
  0  3 -1 -1 0  0
 -1  0  1 -1 0  0
  1  1 -1  0 0  0
  0 -2  0  1 1 -1
6	% 
  0  0  0  2  2 -1
 -2  1  1  0  0  0
  2 -1 -1 -5 -4  2
 -1  0  1  0  0  0
  1 -1 -1 -2 -2  1
  0  0  0  1  1 -1
2-2;2-2;1,1 1 5
6 
#1 
6	% 
  0  0  0  0 0 -1
  0  0  0  0 1  1
  0  1  0 -1 0  0
  1  0 -1  0 0  0
  0 -1  0  0 0  0
 -1  0  0  0 0  0
2-2',2-2';2-2 1 3
24 
#2 
6	% 
 0 0  0 -1  0 1
 0 0 -1  0 -1 1
 0 1  0 -1  0 0
 1 0 -1  0  0 0
 0 1  0  0  0 0
 1 0  0  0  0 0
6	% 
  2  0 -1  0  0 1
  2 -2 -1  1 -1 1
  1  0  0  0  0 0
  1 -1  0  0  0 0
 -1  0  1  0  0 0
 -1  1  1 -1  0 0
2-2,2-2;1,1 1 1
2 
#1 
6	% 
 -8 -5  0  0 0 0
 -8 -5  8  5 0 0
  5  3  0  0 0 0
  5  3 -5 -3 0 0
  0  0  0  0 1 0
  0  0  0  0 0 1
1,1,1;1,1;1 1 9
54 
#3 
6	% 
  0 -1 -1  1  0 0
  0  0  0  0  1 1
  0  1  1 -1 -1 0
 -1  0  0 -1  0 0
  1 -1  0  1  0 0
  0 -1  1  0  0 0
6	% 
 -2  1 1 -1  0 0
 -1  1 0  1  0 0
  2 -2 0 -1  0 0
 -1  1 1 -1  0 1
  0  0 0  0 -1 0
  0  0 0  0 -2 1
6	% 
  2  1  1  0 0 0
  2  1  1  1 0 0
 -3 -2 -2 -1 0 0
  1  1  0  0 0 0
  0  0  0  0 1 0
  0  0  0  0 0 1
2-2;1,1,1;1 1 2
6 
#1 
6	% 
 -1  0  0 1 0 0
 -1 -1 -1 0 0 0
  1  0  1 0 0 0
  0  0  0 0 0 1
  0  0  0 0 1 0
 -1 -1  0 0 0 0
1,1,1,1;1;1 1 5
45 
#3 
6	% 
  0  0 0  0 -1  0
  0  0 0  1 -1 -1
 -1  0 1 -1 -1 -1
  1  0 0  0  2  1
 -1  1 1 -1 -2 -1
  1 -1 0  1  1  1
6	% 
  1 0  0  0  0  0
  1 0  0 -1  0  0
  1 0 -1  0  0  0
 -2 0  0  0 -1  1
  2 0  0  0  0 -1
 -1 1  0  0  0  0
6	% 
  1  1  1  1  0  1
  1  1  1  2  0  0
  1  1  1  1 -1  1
 -1 -1 -2 -2  0 -1
  1  2  1  2  0  1
 -1 -1 -1 -1 -1  0
2-2;1,1,1;1 1 5
18 
#3 
6	% 
  0 0  0  0  1  0
  1 0 -1  1  0  1
 -1 1  0 -1  0 -1
 -1 0  0 -1 -1 -1
 -2 1  1 -1 -1 -1
 -1 1  1 -2 -1 -1
6	% 
  1 0 -1  1  0 0
  0 0  0  0 -1 1
  0 0  0  0 -1 0
  0 0  0 -1  0 1
 -1 0  0  0  0 1
 -1 1  1 -1  0 1
6	% 
  1  0 -1  1  0 0
 -1  0  1 -1 -1 1
  1  0 -1  1  1 0
 -1  0  1  0  0 0
  0  0  1 -1  0 0
  0 -1  0  0  0 0
2-2',2-2';1;1 1 4
12 
#1 
6	% 
 -1  1  1 0  1 -1
 -1  0  0 1  0 -1
  0 -1  0 1 -1  0
 -1  0  0 0 -1  0
  1 -1 -1 1 -1  1
  0  1  0 0  1 -1
1,1,1;1,1;1 1 2
6 
#1 
6	% 
  2  1  1 0 0  0
  1  0  0 0 0  0
 -3 -1 -1 1 0  0
  0  0  0 0 0 -1
  0  0  0 0 1  1
  1  1  0 0 0  0
2-2',2-2';1;1 1 2
6 
#1 
6	% 
 -1 0 0 0  0  0
 -1 0 1 0  0  0
 -1 0 1 1  0  0
  0 1 1 0  0  0
  0 0 0 0 -1  0
  0 0 0 0  1 -1
1,1,1,1;1;1 1 3
3 
#1 
6	% 
  0 -1 -1 -1  0  0
 -1  0 -1 -1  0  0
 -1 -1  0 -1  0  0
  1  1  1  1  0  0
  0  0  0  0 -1  0
  0  0  0  0  1 -1
1,1;1,1;1;1 1 34
45 
#2 
6	% 
  1 -1  0  1 0 0
 -1  0  0 -1 0 0
  0  0  0  0 0 1
 -1  1  1 -2 0 0
  1  0 -1  1 0 0
  0  0  0  0 1 0
6	% 
  0  0  1  0 0 0
 -1  0 -1  0 0 0
  0  0  0  0 0 1
  1 -1  1 -1 0 0
  0  0 -1  1 0 0
  0  0  0  0 1 0
1,1,1;1;1;1 1 10
18 
#1 
6	% 
 -1  0  1  1 0  0
  1  1 -2 -1 0  0
  0 -1  0  1 0  0
  0  0  0  0 0 -1
  0  0  0  0 1  0
  0  0 -1  0 0  0
2-2',2-2';2-2 1 1
2 
#1 
6	% 
  0  0 1 1  0 0
 -1 -1 1 1  0 0
  0  0 0 1  0 0
  0 -1 0 1  0 0
  0  0 0 0  0 1
  0  0 0 0 -1 1
2-2;2-2;1,1 1 3
2 
#1 
6	% 
 -1  0  1 -1  0 0
  0  0  0  0 -1 1
  0  0  0  0  0 1
 -1  0  1  0  0 0
  0  0 -1  1  0 0
  0 -1  0  0  0 0
2-2;1,1;1,1 1 3
2 
#1 
6	% 
 -1  0  1 -1 0  0
  0  0  0  0 0 -1
  0  0  0  0 1  1
 -1  0  1  0 0  0
  0  0 -1  1 0  0
  0 -1  0  0 0  0
2-1;1,1;1;1 1 26
9 
#1 
6	% 
  0 0  0  0  1 1
  0 0  0  0 -1 0
 -1 1  0  0  0 0
 -1 1  1 -1  0 0
  1 0  0  0  0 0
  1 0 -1  0  0 0
2-1;1,1;1;1 1 32
108 
#4 
6	% 
  0  0  0 0  1 -1
  0  0  0 0  0  1
  1 -1 -1 1  1 -2
  1 -1  0 0 -1  2
  1  0 -1 0 -1  2
 -1  0  0 0 -1  2
6	% 
  0  0  0 0 -1  1
  0  0  0 0 -1  0
  1 -1 -1 1  0  1
  1 -1  0 0  0 -1
  1  0 -1 0  0 -1
 -1  0  0 0  0 -1
6	% 
  0  0  0  0 -1  1
  0  0  0  0  1  0
 -1  1  1 -1 -2  1
  1 -1  0  0  2 -1
  1  0 -1  0  2 -1
  1  0  0  0  2 -1
6	% 
  0  0  0 0 -1  0
  0  0  0 0 -1  1
  1 -1 -1 1  0  1
 -1  1  0 0  0 -1
 -1  0  1 0  0 -1
 -1  0  0 0  0 -1
2-2;2-1;1;1 1 11
9 
#1 
6	% 
  0 0  0  0 0 1
  0 0  0  0 1 0
 -1 1  0  0 0 0
 -1 1  1 -1 0 0
  1 0  0  0 0 0
  1 0 -1  0 0 0
4-2;1,1 2 1
1 
#1 
6	% 
 0 1  0 -1 0  0
 1 0 -1  0 0  0
 0 1  0  0 0  0
 1 0  0  0 0  0
 0 0  0  0 0 -1
 0 0  0  0 1  1
2-2;2-2;1;1 1 16
18 
#1 
6	% 
  0  0 0 0 -1  0
  0  0 0 0  1 -1
 -1  0 1 0  0  0
  0 -1 0 0  0  0
 -1  0 0 0  0  0
  0 -1 0 1  0  0
2-2,2-2;1;1 1 2
6 
#1 
6	% 
  0  0 -1  1  0 0
  1 -1 -1  1  0 0
  0  0  2 -1  0 0
 -2  1  2 -1  0 0
  0  0  0  0  1 0
  0  0  0  0 -1 1
2-2,2-2,2-2 1 1
12 
#1 
6	% 
  0  0  1 0  0  0
 -1  0  1 0  0  0
  0  0  1 1  0  0
 -1 -1  1 1  0  0
  0  0 -1 0  0 -1
  1  0 -1 0 -1  0
1,1,1;1;1;1 1 15
54 
#2 
6	% 
  1  0 0  1  0  2
 -1  0 1 -1  0 -2
  0  0 0  0 -1  0
 -1  1 1 -2  0 -2
  0  0 0  0 -1  1
  1 -1 0  1  0  2
6	% 
 -1 1  1 -1  0 0
  0 0  0 -1 -1 1
  1 0 -1  0  0 0
  1 0  0  0  0 0
 -1 1  0  0  0 0
  0 0  0  1  1 0
1,1;1,1;1;1 1 25
108 
#2 
6	% 
  1 -1 -1  2  0 0
 -1  1  0 -2  0 0
  0  1  1 -1 -1 1
 -1  0  0 -1  0 0
  0 -1 -1  1 -1 0
  1  0 -1  2  0 0
6	% 
  1  0 -1  2 0  0
 -1  0  0 -2 0  0
  0  0  0  0 1 -1
 -1  1  0 -2 0  0
  0  0  0  0 0  1
  1 -1 -1  3 0  0
1,1;1,1;1,1 1 10
54 
#1 
6	% 
  0  0  0  0 1  0
  1 -1 -1  2 0 -1
 -1  1  0 -2 0  0
  0  0  0  0 1 -1
 -1  0  1 -2 0  0
  1  0  0  1 0  1
2-2;1,1;1,1 1 6
36 
#2 
6	% 
  0  0 0  0 -1 1
  0  0 0  0 -1 0
  0  1 0  0  0 0
  1  0 0  0  0 0
 -1  1 1 -1  0 0
  0 -1 0  1  0 0
6	% 
 -1  1  0 -1 -1  2
  1  0 -1  1  1  1
  1 -1 -1  1  1  0
  1 -1 -1  2  2 -1
 -1  0  0 -1 -2  1
  1  0  0  0  1 -1
2-2,2-2;1,1 2 2
12 
#1 
6	% 
 -1 -2 -2  3  0 0
  0  0  0  0 -1 1
  0  0  0  0 -1 0
  0  0  1 -1  0 0
  0 -1  0  1  0 0
  1  0  0  0  0 0
1,1;1,1;1;1 1 9
9 
#1 
6	% 
  0  0  0  0  1 1
  0  0  0  0 -1 0
  1 -1 -1  2  0 0
 -1  0  1 -2  0 0
 -1  0  0 -1  0 0
  1 -1  0  2  0 0
2-2;1,1,1;1 1 6
6 
#1 
6	% 
  0  0 0  0  1  0
  0  0 0  0  0  1
  1  0 0  0  0  0
  0  1 0 -1  1  1
 -1  1 1 -1  0  0
  0 -1 0  0 -1 -1
2-2;2-2;1;1 1 7
6 
#1 
6	% 
  0  0 0  0 -1 1
  0  0 0  0 -1 0
  0  1 0 -1  0 0
  1  0 0  0  0 0
 -1  1 1 -1  0 0
  0 -1 0  0  0 0
2-1;1;1;1;1 1 35
27 
#1 
6	% 
  0  0  0 0 -1  0
  0  0  0 0  1 -1
 -1  0  1 0  0  0
  1 -1 -1 1  0  0
  1  0  0 0  0  0
  1 -1  0 0  0  0
4-2;1;1 2 2
3 
#1 
6	% 
 0 0 0 0 -1  0
 0 0 0 0  1 -1
 0 1 0 0  0  0
 0 0 0 1  0  0
 1 0 0 0  0  0
 0 0 1 0  0  0
2-2,2-2,2-2 2 1
84 
#3 
6	% 
  0  0 1  1  0 0
 -1 -1 1  1  0 0
  0  0 0 -1  0 0
  0  1 0 -1  0 0
  0  0 0  0  0 1
  0  0 0  0 -1 1
6	% 
  0 0 1  0 0  0
  0 0 1 -1 0  0
  0 0 0  0 1  0
  0 0 0  0 1 -1
 -1 0 0  1 0  0
 -1 1 1  0 0  0
6	% 
  0 1 1 -1  0 -1
 -1 1 1  0 -1  0
  0 0 0  0  0  1
  0 0 0  0  1  0
  0 0 0 -1  0  0
  0 0 1 -1  0  0
2-2,2-2;1,1 1 2
12 
#1 
6	% 
  0 -1 -1  1  0  0
 -1  0  1 -1 -2  2
 -1  1  0 -1 -2  0
 -1 -1  1  0 -1  2
  1 -1  1  0  1  1
  1 -1 -1  2  2 -1
2-2,2-2;1,1 2 1
6 
#1 
6	% 
  1 -2 -1  1 0  0
 -1 -1  0  1 0  0
  1  0  0 -1 0  0
  1 -1 -1  0 0  0
  0  0  0  0 0 -1
  0  0  0  0 1  1
2-2,2-2;1;1 2 2
18 
#1 
6	% 
 -2  0  1 0  0  0
  0 -2  0 1  0  0
  1 -2 -1 1  0  0
  2 -1 -1 0  0  0
  0  0  0 0 -1  0
  0  0  0 0  1 -1
2-2,2-2;1;1 2 4
36 
#1 
6	% 
  0  0  0  0  0  1
  0  0  0  0 -1  1
  0  0 -1  0 -1  0
  1 -1 -1  1 -1  0
  0  0  0 -1  0 -1
 -1  0  1  0  0  1
2-2,2-2;1;1 1 4
36 
#1 
6	% 
  0 0 0  0 0 1
  0 0 0  0 1 0
  0 1 0 -1 0 0
  1 0 0  0 0 0
  0 0 0 -1 0 0
 -1 0 1  0 0 0
2-2;2-2;2-2 1 2
1 
#1 
6	% 
  0  0 0  0  0 1
  0  0 0  0 -1 1
 -1  1 0  0  0 0
  1 -1 0  1  0 0
 -1  1 1 -1  0 0
  1  0 0  0  0 0
2-2;2-2;1,1 1 2
1 
#1 
6	% 
  0  0 0  0 0 -1
  0  0 0  0 1  1
 -1  1 0  0 0  0
  1 -1 0  1 0  0
 -1  1 1 -1 0  0
  1  0 0  0 0  0
2-2',2-2';2-2 1 2
4 
#1 
6	% 
  0  0  0 0  0 1
  0  0  0 0 -1 1
 -1  1  0 0  1 0
  1 -1  0 1  0 0
 -1  0  0 0  0 1
  1 -1 -1 1 -1 1
2-2;1;1;1;1 1 20
9 
#1 
6	% 
  0  0  0  0  0 1
  0  0  0  0 -1 1
 -1  1  1 -1  0 0
  1  0 -1  0  0 0
 -1  0  0  0  0 0
  1 -1  0  0  0 0
1,1;1;1;1;1 1 48
9 
#1 
6	% 
  0  0  0 0  1 1
  0  0  0 0 -1 0
  1 -1 -1 1  0 0
 -1  1  0 0  0 0
 -1  0  0 0  0 0
 -1  0  1 0  0 0
1,1;1;1;1;1 1 54
216 
#6 
6	% 
  0  0 0  0 0  1
  0  0 0  0 1 -1
 -1  1 1 -1 0  0
  1 -1 0  0 0  0
 -1  0 0  0 0  0
 -1  0 1  0 0  0
6	% 
  0  0  0 0 1  0
  0  0  0 0 1 -1
  1 -1 -1 1 0  0
 -1  0  1 0 0  0
  1  0  0 0 0  0
  1 -1  0 0 0  0
6	% 
  0  0 -2  1 0  1
  0  0  2 -1 1 -1
 -1  1  1 -1 0  0
  1 -1  0  0 0  0
 -1  0  1  0 0  0
 -1  0  0  0 0  0
6	% 
  0  0  2 -1 1  0
  0  0 -2  1 1 -1
  1 -1 -1  1 0  0
 -1  1  0  0 0  0
  1  0 -1  0 0  0
  1  0  0  0 0  0
6	% 
  0  0  0 0 -1  0
  0  0  0 0 -1  1
  1 -1 -1 1  0  2
  1  0  0 0  0  2
  1  0 -1 0  0  2
 -1  1  0 0  0 -2
6	% 
  0  0  0 0  1 0
  0  0  0 0 -1 1
  1 -1 -1 1  0 0
  1  0  0 0  0 0
  1  0 -1 0  0 0
 -1  1  0 0  0 0
1;1;1;1;1;1 1 41
27 
#1 
6	% 
  0  0 0  0  0 -1
  0  0 0  0 -1  1
 -1  0 0  0  0  0
 -1  0 1  0  0  0
 -1  1 1 -1  0  0
  1 -1 0  0  0  0
2-2,2-2;2-2 1 3
72 
#2 
6	% 
 0  0  0 0  0 1
 0  0  0 0 -1 1
 1 -1 -1 1  0 0
 1  0 -1 0  0 0
 1 -1  0 0  0 0
 1  0  0 0  0 0
6	% 
  0  0  0 0  0 1
  0  0  0 0 -1 1
  0  0  1 0  0 0
 -1  0  1 0  0 0
  0  0 -1 1  0 0
  1 -1 -1 1  0 0
2-2,2-2;2-2 2 3
72 
#2 
6	% 
 0  0  0 0  0 1
 0  0  0 0 -1 1
 0 -1  0 1  0 0
 1 -1 -1 1  0 0
 0 -1  0 0  0 0
 1 -1  0 0  0 0
6	% 
  0  0 0  0  0 1
  0  0 0  0 -1 1
  0  1 0 -1  0 0
 -1  1 1 -1  0 0
  0 -1 0  0  0 0
  1 -1 0  0  0 0
2-2;2-2;2-2 1 4
6 
#1 
6	% 
  0  0  0 0  0 1
  0  0  0 0 -1 1
 -1  0  0 0  0 0
 -1  1  0 0  0 0
  1  0 -1 0  0 0
  1 -1 -1 1  0 0
2-2,2-2;2-2 1 1
2 
#1 
6	% 
  0  0 1 0  0 0
 -1  0 1 0  0 0
  0  0 0 1  0 0
  0 -1 0 1  0 0
  0  0 0 0  0 1
  0  0 0 0 -1 1
2-2;1,1;1;1 1 14
9 
#1 
6	% 
  0  0  0  0 -1 1
  0  0  0  0  0 1
  1 -1 -1  2  0 0
 -1  0  1 -2  0 0
 -1  0  0 -1  0 0
  1 -1  0  2  0 0
2-2;1,1;1;1 1 12
6 
#1 
6	% 
  0 0 0  0 1 0
  0 0 0  0 0 1
  0 0 1 -1 0 0
  1 0 0  0 0 0
  0 0 0 -1 0 0
 -1 1 0  0 0 0
1,1;1;1;1;1 1 28
27 
#1 
6	% 
  1 0  0  1 0  0
 -1 1  0 -2 0  0
  0 0  0  0 1 -1
 -1 1  1 -2 0  0
  0 0  0  0 0  1
  1 0 -1  2 0  0
2-2;1,1;1;1 1 16
36 
#2 
6	% 
 -1  1  0 -1 -1  2
  1  0 -1  1  1 -2
  1  0  0  0  0 -1
  2 -1 -1  1  1 -2
 -1  1  1 -2 -1  2
  0  0  0  1  1 -1
6	% 
  1  0 -1  1  0  1
 -1  1  0 -1  0 -1
  0  0  0 -1 -1  0
 -1  1  1 -2  0 -1
  2 -1 -1  1  0  1
 -1  0  0  0  1 -1
2-2;1,1;1;1 1 18
36 
#2 
6	% 
  0  0  0  0 -1  1
  0  0  0  0 -1  0
  0  0  0 -1  0  0
 -1  0  0  0  0  0
  1  0 -1  1  0  1
  0 -1  0  0  0 -1
6	% 
  0  0  0  0 -1  1
  0  0  0  0  1  0
  0  0  0 -1  0  0
 -1  0  0  0  0  0
  1  0 -1  1  2 -1
  0 -1  0  0 -2  1
2-2;1,1;1;1 1 8
6 
#1 
6	% 
 -1  0 1 -1  0 0
  0  0 0  0 -1 1
  0  0 0  0  1 0
 -1  0 1  0  0 0
  0  0 1 -1  0 0
  0 -1 0  0  0 0
2-2;2-2;1;1 1 6
3 
#1 
6	% 
 0  0  0  0 -1  0
 0  0  0  0  1 -1
 0  0 -1  0  0  0
 0 -1  0  1  0  0
 1  0 -1  0  0  0
 0  0  1 -1  0  0
2-2;1;1;1;1 1 14
18 
#1 
6	% 
  0 0  0  0 0 1
  0 0  0  0 1 0
  1 0  0  0 0 0
  0 0  1  0 0 0
 -1 1  1 -1 0 0
  0 0 -1  1 0 0
2-2,2-2;2-2 2 1
6 
#1 
6	% 
  0 1 0  0  0 0
  0 1 0 -1  0 0
 -1 0 0  1  0 0
 -1 1 1  0  0 0
  0 0 0  0  0 1
  0 0 0  0 -1 1
2-2,2-2;2-2 2 2
12 
#1 
6	% 
 -2  1  1 -2  0 1
 -1 -1  2 -1 -1 1
 -1  1  1 -1  0 0
  1 -1 -1  0  0 0
 -1  0  1  0  0 0
  1 -1  0  0  0 0
2-2,2-2;2-2 1 2
12 
#1 
6	% 
  0 -2  2  0  0 1
 -2  0  2 -2 -1 1
 -1  1  1 -1  0 0
  1 -1 -1  0  0 0
 -1  1  0  0  0 0
  1  0 -1  0  0 0
