#104

2-1;2-1;1;1 1 3
1 
#1 
6	% 
 1 0 0 0 0 0
 0 1 0 0 0 0
 0 0 1 0 0 0
 0 0 0 1 0 0
 0 0 0 0 1 0
 0 0 0 0 0 1
1,1,1,1,1,1 1 1
1 
#1 
6	% 
 1 0 0 0 0 0
 0 1 0 0 0 0
 0 0 1 0 0 0
 0 0 0 1 0 0
 0 0 0 0 1 0
 0 0 0 0 0 1
2-1;1,1,1,1 1 2
1 
#1 
6	% 
 0 -1  1  0  0  0
 0  0  1  0  0  0
 1  1  2  1  0 -1
 0  0  2  0 -1 -1
 0  0  0  1  1  1
 0  0 -2 -1 -1  0
1,1,1,1,1;1 1 2
7 
#4 
6	% 
  0  1  0  0  0  0
  0  0  1  0  0  0
 -1  1  1  0  1  0
 -1  0  0 -1 -1  1
  1 -1 -1  0  0 -1
 -1  1  1 -1 -1  0
6	% 
  1  0  0  0  0  0
  0  0  1  0  0  0
  0 -1  0 -1 -1 -1
  1  0  1  0 -1  0
 -1  1 -1  1  1  0
  1 -1  1  0 -1 -1
6	% 
  1 -1 1  1  0  1
  0 -1 0  0  0  0
  0 -2 0  1  0  0
  1 -1 0  2  0  1
 -1  2 0 -2 -1 -1
  1 -2 0  1 -1  0
6	% 
  0  0  0  1  0 -1
  0  0  1  0  0 -1
  1 -1  1  1  1  0
  0  0  0  0  1 -1
 -1  0 -1 -1 -1  1
  0 -1  1  1  1 -1
2-1;1,1,1,1 1 1
1 
#1 
6	% 
 1 0  0  0  0  0
 0 1  0  0  0  0
 0 0  0 -1 -1 -1
 0 0 -1  0 -1 -1
 0 0 -1 -1  0 -1
 0 0  1  1  1  1
1,1,1,1,1;1 1 1
3 
#2 
6	% 
  0 0  0  0 -1  0
 -1 0 -1  0 -1 -1
 -1 0  0 -1 -1 -1
  0 0 -1 -1  0 -1
  1 0  1  1  1  1
  0 1  0  0  0  0
6	% 
  0  0 0  0 -1  0
 -1  0 0 -1 -1 -1
 -1 -1 0  0 -1 -1
  0 -1 0 -1  0 -1
  1  1 0  1  1  1
  0  0 1  0  0  0
1,1,1,1;1,1 1 2
22 
#10 
6	% 
  1  0  0  0 0 0
  1  0 -1  0 0 0
  0 -1 -1 -1 0 1
  0  0  0  0 1 0
 -1  1  1  1 0 0
  1 -1 -1  0 0 1
6	% 
  1 0  0 0  0 0
  1 0 -1 0  1 0
  1 0  0 0 -1 0
  0 1  0 0  0 0
 -1 0  1 1  1 0
  1 0 -1 0  0 1
6	% 
  1  1  1  0  1 0
  1  0  1  0  1 0
  1  1  0  0  1 0
  0  0  0 -1  0 1
 -1 -1 -1  1 -1 0
  1  1  1  1  2 0
6	% 
  1  0  0  0  0  0
  1 -1  0  0  1  0
  0 -1  0 -1 -1  1
  0  0 -1 -1 -1 -1
 -1  1  1  1  1  0
  1 -1  1  0  0  1
6	% 
  0 0  1  0 0  0
  1 0  0  0 0  0
  1 0  1  1 1  1
  0 1  0  1 0 -1
 -1 0 -1 -1 0  0
  1 0  1  0 0  1
6	% 
  0  1 0  0 0  0
  1  0 0  0 0  0
  1  1 0  1 1  1
  0  0 1  1 0 -1
 -1 -1 0 -1 0  0
  1  1 0  0 0  1
6	% 
  1 0  1  1  0  1
  0 0  1  1  0  1
  1 0  1  0  0  1
  0 1  0  1  2  1
 -1 0 -1 -2 -1 -2
  1 0  1  1 -1  1
6	% 
  1  1  1  1  0  1
  1  0  1  1  0  1
  1  1  0  1  0  1
  0  0  0  0 -1 -1
 -1 -1 -1 -1  1 -1
  1  1  1  2  1  2
6	% 
  1  1  0  1  0  1
  1  1  0  0  0  1
  1  0  0  2  0  1
  0  0 -1 -1 -2 -1
 -1 -1  1 -1  1 -1
  1  1  1  2  1  2
6	% 
  0  0  0  0 1  0
 -1  1  0 -1 0 -1
  0  0  0  1 0  0
  1  1  1  0 0  0
  0 -1 -1  0 0  0
 -1  0 -1  0 0  0
2-1',2-1';1,1 1 2
2 
#1 
6	% 
  0 1 0  0 -1  0
 -1 0 0 -1 -1 -1
  0 0 1  1  0 -1
  0 0 0  0 -1 -1
  0 0 0  1  1  1
  0 0 0 -1 -1  0
2-1;1,1,1;1 1 2
3 
#2 
6	% 
 1 0 1  1  0 -1
 0 0 1  1  0 -1
 0 1 0  0  0  0
 0 0 0  0 -1 -1
 0 0 0  1  1  1
 0 0 0 -1 -1  0
6	% 
 1 1 0  1  0 -1
 0 1 0  1  0 -1
 0 0 1  0  0  0
 0 0 0  0 -1 -1
 0 0 0  1  1  1
 0 0 0 -1 -1  0
2-1;1,1,1;1 1 3
1 
#1 
6	% 
  0 -1 -1 0 0 0
 -1  0 -1 0 0 0
  1  1  1 0 0 0
  0  0  0 1 0 0
  0  0  0 0 1 0
  0  0  0 0 0 1
2-1;1,1,1;1 1 4
5 
#3 
6	% 
 1 0  0  0  0  0
 0 1  0  0  0  0
 0 0  0  0  1  0
 0 0 -1  0  1  0
 0 0  1  0  0 -1
 0 0 -1 -1 -1  0
6	% 
 1 0  0  0 0 0
 0 1  0  0 0 0
 0 0  0  0 1 0
 0 0 -1  0 1 0
 0 0  1  0 0 1
 0 0 -1 -1 0 0
6	% 
 1 0  0  0  0  0
 0 1  0  0  0  0
 0 0 -1 -1  0 -1
 0 0 -1 -2  0 -1
 0 0  1  0 -1  0
 0 0 -1 -1 -1 -1
1,1,1,1;1,1 1 1
3 
#2 
6	% 
 0  0 -1 -1  0 -1
 0  0  0 -1 -1 -1
 0  0 -1  0 -1 -1
 0  0  1  1  1  1
 0 -1  0  0  0  0
 1  1  0  0  0  0
6	% 
  0 0  0 -1 -1 -1
 -1 0  0  0 -1 -1
 -1 0  0 -1  0 -1
  1 0  0  1  1  1
  0 0 -1  0  0  0
  0 1  1  0  0  0
2-1;1,1,1;1 1 1
1 
#1 
6	% 
 0 1 0 0  0  0
 1 0 0 0  0  0
 0 0 0 1  0  1
 0 0 0 0 -1  0
 0 0 0 0  0 -1
 0 0 1 0  0  0
2-1;1,1;1,1 1 3
5 
#3 
6	% 
 1 0  0  0 0 0
 0 1  0  0 0 0
 0 0 -1 -1 0 1
 0 0  0  0 1 0
 0 0  1  1 0 0
 0 0 -1  0 0 1
6	% 
 1 0  0  0  0 0
 0 1  0  0  0 0
 0 0 -1  0 -1 0
 0 0  0 -1  0 1
 0 0  1  1  1 0
 0 0 -1  1  0 0
6	% 
 1 0  0  0 0  0
 0 1  0  0 0  0
 0 0 -1 -1 0 -1
 0 0  0 -1 1  2
 0 0  1  1 0  0
 0 0 -1  0 0 -1
1,1,1;1,1,1 1 2
15 
#6 
6	% 
 -1  0  0  0  0  0
  0  0 -1  0  0  0
  0  0  0  0 -1  0
  0  1  0  1  1  1
  1 -1  1  0  0 -1
 -1 -1 -1 -1  0  0
6	% 
  0  1  0  0  0  0
  1  1  0  1  0 -1
  0  0 -1 -1 -1 -1
  0  0  0  0  1  0
 -1 -1  1  0  0  1
  1  1  1  1  0  0
6	% 
  1 -1  0  0  0  0
  1  0  0  1  1  1
  0  0 -1  0  1  0
  0  0 -1 -1 -1  1
 -1  0  1  0  0 -1
  1  0  1  1  1  0
6	% 
 -1  0  0  0  0  0
  0  0 -1  0  0  0
  0  0  0  1  0 -1
  0  1  0  1  1  1
  1 -1  1 -1  0  0
 -1 -1 -1 -1 -1  0
6	% 
  0  1  0  0  0  0
  1  1  0  1  2  1
  0  0 -1  1  0  0
  0  0 -1 -1  0 -1
 -1 -1  1  0 -1  0
  1  1  1  1  1  1
6	% 
  0  0 0  0  1  1
  0 -1 0  0 -1 -1
 -1  0 0  0  0  0
  1  0 1  1  0  1
  0  1 0  0  0 -1
  0 -1 0 -1  0  0
1,1,1;1,1,1 1 1
1 
#1 
6	% 
  0 -1 -1  0  0  0
 -1  0 -1  0  0  0
  1  1  1  0  0  0
  0  0  0  0 -1 -1
  0  0  0 -1  0 -1
  0  0  0  1  1  1
2-1;1,1;1,1 1 2
3 
#2 
6	% 
 0  0 1  1  0 -1
 0 -1 0  0  0  0
 1  1 0  0  0  0
 0  0 0  0 -1 -1
 0  0 0  1  1  1
 0  0 0 -1 -1  0
6	% 
 0 1  0  1  0 -1
 0 0 -1  0  0  0
 1 0  1  0  0  0
 0 0  0  0 -1 -1
 0 0  0  1  1  1
 0 0  0 -1 -1  0
2-1;1,1,1;1 1 6
2 
#1 
6	% 
  0  0  1 0 0 0
  1 -1  0 1 0 0
  1  0 -1 0 0 0
  0  0  0 0 1 0
 -1  1  0 0 0 1
  0  1  1 0 0 0
2-1',2-1';1;1 1 2
2 
#1 
6	% 
  0  1 0  0 -1  0
 -1  0 0 -1 -1 -1
  0  0 1  0  0  0
  0  1 0  1  0  0
  1 -1 0  0  1  0
  0  1 0  0  0  1
1,1,1,1;1,1 1 3
10 
#3 
6	% 
 -1  1 1  0 -1  0
  1 -1 0  1  2 -1
  0 -1 0  0  0  0
  0  0 0 -1 -1  0
  0  0 0  0  0 -1
 -1  0 0  0  0  0
6	% 
 0 0 -1 0 0  0
 0 0  0 1 1  1
 1 0  1 0 0  0
 0 0  0 0 0 -1
 0 0  0 1 0  0
 0 1 -1 0 0  0
6	% 
 -1  1 -1 -2  0 -1
  0  0  0 -1  0 -2
  0 -1  0  0 -1 -1
  0  0  1  1  1  2
  0  0 -1  0  1 -1
 -1  0  0 -1 -1  0
1,1,1;1,1,1 1 3
10 
#3 
6	% 
  1 -1 1 0  0 0
  1  1 0 0 -1 0
  0 -1 0 1  1 0
  0  1 0 0  0 0
 -1  0 0 0  1 1
  1  0 0 0  0 0
6	% 
  1  1  0  1  1 1
  0  0 -1  0  0 0
  1  0  1  0 -1 0
 -1 -1  0 -1  0 0
  0 -1  1  0 -1 0
  1  1  0  1  1 0
6	% 
  0  0  0  1 1  0
  0  0  1  2 0  2
 -1  0 -1 -1 0 -2
  1  0  1  1 0  1
  0  1 -1 -2 0 -1
  0 -1  1  1 0  1
2-1;1,1;1,1 1 5
2 
#1 
6	% 
  1 -1  1 0 0 0
  1  1  0 1 0 0
  0  1 -1 0 0 0
  0  0  0 0 1 0
 -1 -1  0 0 0 1
 -1  0 -1 0 0 0
1,1,1,1;1;1 1 2
17 
#7 
6	% 
 0  0  1  0 -1  0
 0 -1  1  0  0  0
 0 -1  1 -1 -2  1
 1  0  0  0  0  0
 0  1 -1  0  1 -1
 0 -1  1 -1 -2  0
6	% 
  0  1 0  0 -1  0
 -1  1 0  0  0  0
 -1  1 0 -1 -2  1
  0  0 1  0  0  0
  1 -1 0  0  1 -1
 -1  1 0 -1 -2  0
6	% 
  0 0  0 0 -1 -1
  1 0  1 1 -1 -2
  0 0  1 0  1  1
  0 1  0 0  0  0
 -1 0 -1 0  0  1
  1 0  1 1  0  0
6	% 
  1 0  0 0  0  0
  1 0  0 0 -1  0
  1 0  1 1  1  1
  0 1  0 0  0  0
 -1 0 -1 0  0 -1
  1 0  1 1  0  0
6	% 
  1  0 0 0  0  0
  1  0 0 0 -1  0
  1  1 0 1  1  1
  0  0 1 0  0  0
 -1 -1 0 0  0 -1
  1  1 0 1  0  0
6	% 
  0  0 0 0 -1 -1
  1  1 0 1 -1 -2
  0  1 0 0  1  1
  0  0 1 0  0  0
 -1 -1 0 0  0  1
  1  1 0 1  0  0
6	% 
  0  0 0 1 0 0
  0  0 0 0 1 0
  0  0 0 0 0 1
  0  0 1 0 0 0
  0 -1 0 0 0 0
 -1  0 0 0 0 0
1,1,1;1,1;1 1 5
18 
#6 
6	% 
 0  0  0 -1 0 1
 0  1  0  0 0 0
 0 -1 -1  0 0 0
 1  0  0  0 1 1
 1  0  0  0 0 0
 0  0  0  1 1 1
6	% 
 0  2  2 0  1 0
 0  1  1 0  0 0
 0 -3 -2 0 -1 0
 1  1  1 1  1 0
 1  0  0 0  0 0
 0  0  0 1  1 1
6	% 
  2  2 0 0  1  0
  1  1 0 0  0  0
 -2 -3 0 0 -1  0
  1  1 1 1  1  0
  0  0 1 1  0 -1
  0  0 0 1  1  1
6	% 
 0 0  0 -1  0  1
 1 0  0  0  0  0
 0 1  0  2  0 -2
 0 0  0  0  0  1
 0 0 -1  0 -1  0
 0 0  0  1  1  1
6	% 
 0  2  2  1  1  1
 0  1  1  0  0  0
 0 -3 -2 -1 -1 -1
 1  1  1  1  1  0
 1  0  0  0  0  0
 0  0  0  1  0 -1
6	% 
  0  2 0 0  1  0
 -1  1 0 0  0  0
  1 -2 0 0 -1  0
  0  1 1 1  1  0
  0  0 1 0  0  0
  0  0 0 1  0 -1
1,1,1,1;1;1 1 4
3 
#2 
6	% 
  1 0 0  0 0  0
  0 1 0  0 0  0
 -3 0 1 -1 0  1
  2 0 0  1 0 -1
 -1 0 0  0 1  1
 -1 0 0  0 0  1
6	% 
  1 -1 1  0  0  0
  1  0 0  0  0  0
 -1  3 0  0  1  0
  0 -2 0  0 -1  0
  0  1 0 -1  0  0
  0  1 0  0  0 -1
1,1,1;1,1;1 1 2
15 
#6 
6	% 
  2 0 0  1 1 -1
  1 0 0  0 0  0
 -3 0 0 -1 0  1
  0 1 0  0 0  0
  0 0 1  0 0  0
  1 0 0  1 1  0
6	% 
 0 0  2  1  1 -1
 0 0  1  0  0  0
 0 0 -2 -1 -2  1
 1 0  0  0  0  0
 0 1  0  0  0  0
 0 0  1  1  1  0
6	% 
  2 0 0  1  0  1
  1 0 0  0 -1  0
 -2 0 0 -1  1 -1
  0 1 0  0  0  0
  0 0 1  0  0  0
  1 0 0  1  0  0
6	% 
 0 0  2  1  0  1
 0 0  1  0 -1  0
 0 0 -2 -1  1 -1
 1 0  0  0  0  0
 0 1  0  0  0  0
 0 0  1  1  0  0
6	% 
  0 0 0 -1 0 -1
  1 0 0  0 0  0
 -1 0 0  2 0  1
  0 1 0  0 0  0
  0 0 1  0 0  0
  0 0 0  0 1  0
6	% 
 0 0 0 -1 0 -1
 0 0 1  0 0  0
 0 0 0  0 0  1
 1 0 0  0 0  0
 0 1 0  0 0  0
 0 0 0  0 1  0
1,1,1;1,1;1 1 4
7 
#4 
6	% 
  0 -1 -1  0  0  0
 -1  0 -1  0  0  0
  1  1  1  0  0  0
  0  0  0  0  1 -1
  0  0  0  0  1  0
  0  0  0 -1 -1 -1
6	% 
  0 -1 -1  0  0  0
 -1  0 -1  0  0  0
  1  1  1  0  0  0
  0  0  0 -1 -1  0
  0  0  0 -1 -1 -1
  0  0  0 -1  0  1
6	% 
  0 -1 -1  0  0  0
 -1  0 -1  0  0  0
  1  1  1  0  0  0
  0  0  0 -2 -1 -1
  0  0  0 -2  0 -1
  0  0  0 -1 -2 -1
6	% 
  0  0  0  1 0 1
  0  0  0  1 0 0
  0  0  0 -1 1 0
 -1  0 -1  0 0 0
 -1  1 -1  0 0 0
 -1 -1  0  0 0 0
1,1,1,1;1;1 1 5
10 
#3 
6	% 
 1 -1 0  1  2 -1
 1 -1 1  1  2 -1
 0  0 0  1  2  0
 0  1 0 -1 -2  1
 1  0 0  1  2 -1
 0  0 0  0 -1  1
6	% 
  0  0  1  0 -1  0
 -1  1  0 -1 -1 -1
 -1  0  1  0  0  0
  1 -1 -1  1  1  0
 -1  1  1  0 -1 -1
  0 -1 -1  0  0  0
6	% 
  1 -1  1  2 0  0
  1 -1  2  2 0 -1
  1 -1  1  3 1  0
 -1  2 -2 -3 0  0
  2 -1  2  3 0  0
 -1  1 -1 -2 1  1
1,1,1;1,1;1 1 10
12 
#3 
6	% 
  1 -1 0  2  0 -2
  2 -2 0  3  0 -3
 -4  4 1 -7  0  7
  1  0 0  1  0 -1
  1 -1 0  1  0 -2
  0  0 0 -1 -1 -1
6	% 
 -1  1 -2  0  0  0
 -1  1 -2  0 -1  0
  3 -3  5  0  3  0
 -1  0 -1 -1  0  1
  0  1 -1  0 -1 -1
  0  0  0 -1 -1 -1
6	% 
 -1  1 0  0  0  0
  0  0 0  1  1  1
  1 -1 1 -1 -1 -1
  0  1 0  0  0  0
  0  0 0  0  1  1
  0  0 0 -1  0  1
1,1,1;1,1;1 1 7
30 
#9 
6	% 
  2  2 0  1 1 -1
  1  1 0  0 0  0
 -3 -3 0 -1 0  1
  0  1 0  0 0  0
  0  0 1  0 0  0
  1  1 0  1 1  0
6	% 
  0  0 0 -1 -2 -1
  1  1 0  0  0  0
 -1 -1 0  1  1  1
  0  1 0  0  0  0
  0  0 1  0  0  0
  0  0 0  0 -1 -1
6	% 
 -1 1 -2  0  0  0
  0 0 -2  1  0 -1
  0 0  3 -2  0  2
  0 0 -1  0 -1 -1
  0 0  0  0 -1  0
 -1 0 -1  0  0  0
6	% 
  0  0 0 -1 0  1
  1  1 0  2 0  0
 -2 -2 0 -3 0 -2
  0  1 0  1 0  0
  0  0 1  0 0  0
  0  0 0  0 1  1
6	% 
 1 -1 0 0  2 0
 0  0 0 0 -1 0
 0  0 1 0  1 0
 0  0 0 0  0 1
 0  0 0 1  1 1
 1  0 0 0  1 0
6	% 
 1 -1 0  0  0  0
 0  0 0 -1 -1  1
 0  0 0  2  3 -2
 0  0 0  0  0  1
 0  0 1  1  1  1
 1  0 0  0  0  0
6	% 
 1 -1  0  0 0  0
 0  0  0 -1 0 -1
 0  0  0  2 1  2
 0  0 -1 -1 0  0
 0  0 -1 -1 0  1
 1  0  0  0 0  0
6	% 
  1 -1  0  0 0  0
  0  0  0 -1 0  1
 -1  1  0  1 1  0
  0  0 -1 -1 0  0
  0  0 -1 -1 0 -1
  1  0  0  0 0  0
6	% 
 -1 1  0  0  0  0
  0 0  2  1  2  1
  0 0 -3 -2 -4 -2
  0 0  1 -1  1  0
  0 0  0 -1  0  0
 -1 0  0  0  0  0
1,1,1;1,1;1 1 3
45 
#15 
6	% 
 0 0 -2 -2 -1 0
 0 0 -1 -1  0 1
 0 0  3  2  1 0
 1 0 -1 -1  0 0
 1 0  0  0  0 0
 0 1  0  0  0 0
6	% 
  2 0  2  1 0 -1
  1 0  1  0 0  0
 -2 0 -3 -1 0  1
  1 0  1  1 1  0
  0 0  0  0 1  0
  0 1  0  0 0  0
6	% 
 0 0 0 -1 0 -1
 0 0 1  0 0  0
 0 0 0  0 0  1
 1 0 0  0 1  0
 1 0 0  0 0  0
 0 1 0  0 0  0
6	% 
  2 0  0  1  1 -1
  1 0  0  0  0  0
 -3 0  0 -1  0  1
  1 0  0  0  0 -1
  0 0 -1 -1 -1 -1
  0 1  0  0  0  0
6	% 
 0 0  2  1  0  1
 0 0  1  0 -1  0
 0 0 -2 -1  1 -1
 1 0  1  1  0  0
 1 0  0  0  0  0
 0 1  0  0  0  0
6	% 
  2 0  0  1 0 -1
  1 0  0  0 0  0
 -2 0  0 -1 1  2
  1 0  0  0 0 -1
  0 0 -1 -1 0 -1
  0 1  0  0 0  0
6	% 
  2 0 0  1  0  1
  1 0 0  0 -1  0
 -2 0 0 -1  1 -1
  1 0 1  1  0  0
  0 0 1  1  0 -1
  0 1 0  0  0  0
6	% 
 0 0 -2  0 -1  0
 1 0 -1  0  0  0
 0 0  3  0  1  0
 0 0 -1  0 -1 -1
 0 0  0 -1 -1 -1
 0 1  0  0  0  0
6	% 
  2 0  2  1  2  1
  1 0  1  0  0  0
 -2 0 -3 -1 -2 -1
  1 0  1  2  1  1
  0 0  0  1  0  0
  0 1  0  0  0  0
6	% 
 0 -2 0 -2 -1 0
 0 -1 0 -1  0 1
 0  3 0  2  1 0
 1 -1 0 -1  0 0
 1  0 0  0  0 0
 0  0 1  0  0 0
6	% 
  2  2 0  1 0 -1
  1  1 0  0 0  0
 -2 -3 0 -1 0  1
  1  1 0  1 1  0
  0  0 0  0 1  0
  0  0 1  0 0  0
6	% 
 0  0 0 -1 0 -1
 0  1 0  0 0  0
 0 -1 0  2 0  1
 1  0 0  0 1  0
 1  0 0  0 0  0
 0  0 1  0 0  0
6	% 
 0 -2 0 -1 0 -1
 0 -1 0  0 1  0
 0  3 0  1 0  1
 1 -1 0  0 0 -1
 1  0 0  0 0  0
 0  0 1  0 0  0
6	% 
  0  2 0  0  1  0
 -1  1 0  0  0  0
  1 -2 0  0 -1  0
  0  1 0  0  0 -1
  0  0 0 -1 -1 -1
  0  0 1  0  0  0
6	% 
  2  2 0  1  2  1
  1  1 0  0  0  0
 -2 -3 0 -1 -2 -1
  1  1 0  2  1  1
  0  0 0  1  0  0
  0  0 1  0  0  0
1,1,1,1;1;1 1 1
3 
#2 
6	% 
 0 0 -1 -1  0 -1
 0 0 -1  0 -1 -1
 0 0  0 -1 -1 -1
 0 0  1  1  1  1
 1 0  0  0  0  0
 0 1  0  0  0  0
6	% 
  0 0 0 -1 -1 -1
 -1 0 0  0 -1 -1
 -1 0 0 -1  0 -1
  1 0 0  1  1  1
  0 1 0  0  0  0
  0 0 1  0  0  0
1,1,1;1,1;1 1 1
3 
#2 
6	% 
 0 0  0  1 0 1
 0 0  0  1 0 0
 0 0  0 -1 1 0
 0 0 -1  0 0 0
 1 0  1  0 0 0
 0 1  0  0 0 0
6	% 
 0  0 0  1 0 1
 0  0 0  1 0 0
 0  0 0 -1 1 0
 0 -1 0  0 0 0
 1  1 0  0 0 0
 0  0 1  0 0 0
1,1,1;1,1;1 1 6
18 
#6 
6	% 
 0  2 0  1 0  1
 0  1 0  0 0  0
 0 -3 1 -1 0 -1
 1  1 0  1 1  1
 1  0 0  0 0  0
 0  1 0  1 0  0
6	% 
  2  2  0  1  2  1
  1  1  0  0  0  0
 -2 -3  0 -1 -2 -1
  1  1 -1  0  1  0
  0  0 -1 -1  0 -1
  1  1  0  1  1  0
6	% 
  0  0 0 -1 0 -1
  0  1 0  0 0  0
  0 -1 1  1 0  1
 -1  0 0 -1 0  0
 -1  0 0 -1 0  1
  0  0 0  0 1  0
6	% 
  0  0 0 -1 0  1
  0  1 0  0 0  0
  0 -1 1  1 0 -1
 -1  0 0 -1 0  0
 -1  0 0 -1 0 -1
  0  0 0  0 1  1
6	% 
 0  2 0  1 0 -1
 0  1 0  0 0  0
 1 -3 0 -1 0  1
 0  1 0  0 0 -1
 0  0 1  1 0  1
 0  1 0  1 1  0
6	% 
 0  2 0  1 0  1
 0  1 0  0 0  0
 1 -3 0 -1 0 -1
 0  1 1  1 0  0
 0  0 1  0 0  0
 0  1 0  1 1  1
1,1,1,1;1;1 1 6
3 
#2 
6	% 
  1  0  0 0  0 0
  0  1  0 0  0 0
  0  0  1 0  0 0
 -1 -1 -1 0 -1 0
  1  1  1 0  1 1
  0  0  0 1  0 0
6	% 
 0 -1 0 -1  0 1
 1  0 0  0  0 0
 0  0 1  0  0 0
 0  0 0  1  0 0
 0  0 0  0  1 1
 0  0 0  0 -1 0
1,1,1;1,1;1 1 11
12 
#3 
6	% 
  0  0 -2 -1 0 -1
  1 -1 -2 -2 0 -2
 -1  1  5  4 0  4
  1  1 -1  0 1  0
  0 -1 -1 -1 0 -1
  0  0 -1  0 0 -1
6	% 
  2 -2  4  1 0  1
  1 -1  2  1 0  1
 -3  3 -7 -3 0 -3
  1 -1  2  1 0  0
  1  0  1  0 0  1
  1 -1  2  1 1  1
6	% 
  0  0 0 -1 0  1
  1 -1 0 -1 0  1
 -1  1 1  3 0 -3
  0  0 0 -1 0  0
  1  0 0  0 0  1
  0  0 0  0 1  1
1,1,1;1,1;1 1 8
10 
#3 
6	% 
 1 -1 0 0 -1 -2
 0  0 0 0 -1 -2
 0  0 0 1  3  5
 1  0 0 0  0 -1
 0  0 0 0 -1 -1
 0  0 1 0  0  0
6	% 
  0  0 0  1 0  1
  1 -1 0  0 0  2
 -2  2 0 -1 0 -6
  0  0 0  1 1  1
  1  0 0  0 0  1
  0  0 1  0 0  0
6	% 
  0  0 0 -1 0 -1
 -1  1 0 -1 0 -1
  1 -1 0  3 1  3
  1  1 0  0 0 -1
 -1  0 0 -1 0  0
  0  0 1  0 0  0
1,1,1;1;1;1 1 3
9 
#4 
6	% 
 0  1  0  0 0 0
 0 -1 -1  0 0 0
 1  0  0  0 0 0
 0  0  0  1 1 0
 0  0  0 -1 0 1
 0  0  0  1 0 0
6	% 
 1 0 0  0 0  0
 0 1 0  2 0 -2
 0 0 1  0 0  0
 0 0 0  1 1  0
 0 0 0 -1 0  1
 0 0 0  1 0  0
6	% 
 1 0 -1  0  0  0
 0 0  3  0  1  0
 0 1  0  0  0  0
 0 0  1 -1  0  0
 0 0 -2  0 -1  0
 0 0  1  0  0 -1
6	% 
 -1  1 0 0  0 0
  1 -2 0 0 -1 0
  0  0 1 0  0 0
  0 -1 0 1  0 0
  0  2 0 0  1 0
  0 -1 0 0  0 1
1,1,1;1;1;1 1 11
9 
#4 
6	% 
 0 1  0  0 0 0
 0 0 -1 -1 0 1
 1 0  0  0 0 0
 0 0  0  1 1 1
 0 0  0  0 0 1
 0 0  0  0 1 1
6	% 
 1  0 0  0  0  0
 0 -1 0 -1  0  1
 0  0 1  0  0  0
 0  0 0 -1 -1 -1
 1 -1 0 -1  0  0
 1 -1 0 -1 -1  0
6	% 
 1 0 0 0 0 0
 0 0 1 0 0 0
 0 1 0 0 0 0
 0 0 0 0 0 1
 1 0 1 1 1 1
 1 0 1 0 1 1
6	% 
 1 0 0  0  0  0
 0 1 0  0  0  0
 0 0 1  0  0  0
 0 0 0  0  0 -1
 0 0 0 -1 -1 -1
 0 0 0  0 -1 -1
1,1;1,1;1,1 1 2
15 
#6 
6	% 
 -1 0  0 -1 0 1
  0 0 -1  0 0 0
  0 1  1  0 0 0
  0 0  0  0 1 0
  1 0  0  1 0 0
 -1 0  0  0 0 1
6	% 
 0  0 -1 -1 0 1
 0 -1  0  0 0 0
 1  1  0  0 0 0
 0  0  0  0 1 0
 0  0  1  1 0 0
 0  0 -1  0 0 1
6	% 
 0 -1  0 -1 -1 -1
 0  0 -1  0  0  0
 1  0  1  0  0  0
 0  0  0  0  1  0
 0  1  0  1  1  0
 0 -1  0  0  0 -1
6	% 
 0  0 -1  0 -1 0
 0 -1  0  0  0 0
 1  1  0  0  0 0
 0  0  0 -1  0 1
 0  0  1  1  1 0
 0  0 -1  1  0 0
6	% 
 0  0 -1 -1 -2 -1
 0 -1  0  0  0  0
 1  1  0  0  0  0
 0  0  0  1  0  0
 0  0  1  1  1  1
 0  0 -1  0 -1  0
6	% 
 -1 0  0 -1 -2 -1
  0 0 -1  0  0  0
  0 1  1  0  0  0
  0 0  0  1  0  0
  1 0  0  1  1  1
 -1 0  0  0 -1  0
1,1;1,1;1;1 1 5
9 
#4 
6	% 
 1 0 0  2  0 -2
 0 1 0  0  0  0
 0 0 1  0  0  0
 0 0 0 -1  0  1
 0 0 0  0 -1 -1
 0 0 0  0  0 -1
6	% 
 0 0 1  2  0 -2
 1 0 0  0  0  0
 0 1 0  0  0  0
 0 0 0 -1  0  1
 0 0 0  0 -1 -1
 0 0 0  0  0 -1
6	% 
 1 0 0  0  2  0
 0 1 0  0  0  0
 0 0 1  0  0  0
 0 0 0  0 -1  0
 0 0 0 -1  0  0
 0 0 0  0  0 -1
6	% 
 0 0 1  0  2  0
 1 0 0  0  0  0
 0 1 0  0  0  0
 0 0 0  0 -1  0
 0 0 0 -1  0  0
 0 0 0  0  0 -1
1,1;1,1;1;1 1 11
9 
#4 
6	% 
  1 0  0 0  0  0
  0 0 -1 0  0  0
  0 1  1 0  0  0
 -1 0  0 0  0  1
  1 0  0 0 -1 -1
  0 0  0 1  1  1
6	% 
 0  0 1  0  0  0
 0 -1 0  0  0  0
 1  1 0  0  0  0
 0  0 0  0  0 -1
 0  0 0  0  1  1
 0  0 0 -1 -1 -1
6	% 
 0  1  0 0  0 0
 0  0 -1 0  0 0
 1  0  1 0  0 0
 0 -1  0 0 -1 0
 0  1  0 0  1 1
 0  0  0 1  0 0
6	% 
 0  0 1  0  0  0
 0 -1 0  0  0  0
 1  1 0  0  0  0
 0  0 0  0  1  0
 0  0 0  0 -1 -1
 0  0 0 -1  0  0
1,1,1;1;1;1 1 6
1 
#1 
6	% 
  0 -1 -1 0  0 0
 -1  0 -1 0  0 0
  1  1  1 0  0 0
  0  0  0 0 -1 0
  0  0  0 0  1 1
  0  0  0 1  1 0
1,1,1;1;1;1 1 14
1 
#1 
6	% 
  0 -1 -1 0  0  0
 -1  0 -1 0  0  0
  1  1  1 0  0  0
  0  0  0 0  0  1
  0  0  0 0 -1 -1
  0  0  0 1  1  1
1,1,1;1;1;1 1 8
6 
#2 
6	% 
 0 0 -1  0 0  0
 0 1  1 -1 0  1
 0 0 -1  1 1  0
 0 0  0  0 1  0
 1 0 -1  1 0 -1
 0 0  1  0 1  1
6	% 
 -1  1 -1 0 -2  0
  2 -1  2 0  2  0
 -1  1 -1 1 -1  0
  0  0  0 1  0 -1
 -1  2 -2 0 -2  0
  1 -1  1 1  2  0
1,1,1;1;1;1 1 16
6 
#2 
6	% 
  1 -1  1  1 0 -1
  1 -2  2  2 0 -2
 -2  1 -2 -2 0  2
  1 -1  1  2 0 -1
  1 -1  1  2 1 -1
  0  0  0  1 1  1
6	% 
  1 -1  1  1 0  1
  1 -2  2  2 0  2
 -2  1 -2 -2 0 -2
  1 -1  1  2 0  1
  1 -1  1  2 1  2
  0  0  0  1 1  0
1,1;1,1;1,1 1 4
10 
#3 
6	% 
 1 -1  1 0  0  0
 0  0  0 1  1  1
 0  0  0 0 -1 -1
 0  1 -1 0  0  0
 1  0  1 0  0  0
 0  0  0 1  1  0
6	% 
 0  0  0 1 1  1
 1 -1  1 0 0  0
 0  1 -1 0 1  0
 0  0  0 0 0 -1
 0  0  0 0 1  1
 1  0  1 0 1  0
6	% 
 1 -1  1 0  0  0
 0  0  0 1 -1 -2
 0  0  0 0  1  2
 0  1 -1 0  0  0
 1  0  1 0  0  0
 0  0  0 1 -1 -1
1,1;1,1;1;1 1 20
6 
#2 
6	% 
  0  0 1  0 0  0
  0 -1 0 -2 0  2
  0  0 0  1 0 -1
  0  0 0  0 1  1
 -1  0 0 -2 0  2
  0  0 0  0 0  1
6	% 
  0  0 1 0  0 0
  0 -1 0 0  0 0
  0  0 0 0 -1 0
  0  0 0 1  1 0
 -1  0 0 0  0 0
  0  0 0 0  1 1
1,1;1,1;1;1 1 26
6 
#2 
6	% 
  0  0 1  0  0  0
 -1 -2 0 -2  0  2
 -2 -1 0 -2  0  2
  1  1 0  1 -1 -2
 -1 -1 0 -2  0  1
  0  0 0  0 -1  0
6	% 
  0  0 1  0  0  0
 -1 -2 0 -2  0 -2
 -2 -1 0 -2  0 -2
  1  1 0  1 -1  1
 -1 -1 0 -2  0 -1
  0  0 0  0 -1 -1
2-1;2-1;1,1 1 3
1 
#1 
6	% 
 1 0 0  0  0  0
 0 1 0  0  0  0
 0 0 1  1  0 -1
 0 0 0  0 -1 -1
 0 0 0  1  1  1
 0 0 0 -1 -1  0
2-1,2-1;1;1 1 2
4 
#1 
6	% 
 -1  0 0  0 -1  0
  0 -1 0 -1 -1 -1
  0  0 1  0  0  0
 -1  1 0  1  0  0
  2  0 0  0  1  0
 -1  1 0  0  0  1
2-1,2-1;1,1 1 2
4 
#1 
6	% 
 -1  0 0  0 -1  0
  0 -1 0 -1 -1 -1
  0  0 1  1  0 -1
 -1  1 0  1  0  0
  2  0 0  0  1  0
 -1  1 0  0  0  1
2-1,2-1;1;1 2 2
4 
#1 
6	% 
 -1  0 0 -1  0 -1
  0 -1 0  1  2  1
  0  0 1  0  0  0
  0  1 0 -1 -1  0
  1 -1 0  1  1  1
  0  1 0  0 -1 -1
2-1,2-1;1,1 2 2
4 
#1 
6	% 
 -1  0 0 -1  0 -1
  0 -1 0  1  2  1
  0  0 1  1  0 -1
  0  1 0  0 -1 -1
  1 -1 0  1  1  1
  0  1 0 -1 -1  0
2-1;1,1;1;1 1 2
3 
#2 
6	% 
 0 0 1  1  0 -1
 1 0 0  0  0  0
 0 1 0  0  0  0
 0 0 0  0 -1 -1
 0 0 0  1  1  1
 0 0 0 -1 -1  0
6	% 
 1 0 0  1  0 -1
 0 1 0  0  0  0
 0 0 1  0  0  0
 0 0 0  0 -1 -1
 0 0 0  1  1  1
 0 0 0 -1 -1  0
2-1;1,1;1;1 1 3
3 
#2 
6	% 
 0 0 -1 0 0 0
 1 0  1 0 0 0
 0 1  0 0 0 0
 0 0  0 1 0 0
 0 0  0 0 1 0
 0 0  0 0 0 1
6	% 
 0 -1 0 0 0 0
 1  1 0 0 0 0
 0  0 1 0 0 0
 0  0 0 1 0 0
 0  0 0 0 1 0
 0  0 0 0 0 1
2-1;1,1;1;1 1 15
2 
#1 
6	% 
 1 -1 1 0 0 0
 0  0 0 1 0 0
 0  1 0 0 0 0
 0  0 0 0 1 0
 0  0 0 0 0 1
 1  0 0 0 0 0
2-1;1,1;1;1 1 10
2 
#1 
6	% 
  0  0 1  0  0  0
 -1  1 0  0  1  1
  0  1 0  0  0  0
  0  0 0 -1 -1 -1
  1 -1 0  1  1  0
  1  0 0  0  0  0
2-1;1,1;1;1 1 4
5 
#3 
6	% 
 0 1 0 0  0  0
 1 0 0 0  0  0
 0 0 0 1  2 -1
 0 0 1 0  0  0
 0 0 0 0 -1  1
 0 0 0 1  2  0
6	% 
 0 1 0 0  0  0
 1 0 0 0  0  0
 0 0 0 1  1  1
 0 0 1 0  0  0
 0 0 0 0 -1 -1
 0 0 0 1  1  0
6	% 
 0 1 0 0  0  0
 1 0 0 0  0  0
 0 0 0 1 -1 -2
 0 0 1 0  0  0
 0 0 0 0  1  2
 0 0 0 1 -1 -1
2-1;1,1;1;1 1 8
3 
#2 
6	% 
 0 1 0  0  0  0
 1 0 0  0  0  0
 0 0 1  0  2  0
 0 0 0  0 -1  0
 0 0 0  0  0 -1
 0 0 0 -1  0  0
6	% 
 0 1 0  0  0  0
 1 0 0  0  0  0
 0 0 1  2  0 -2
 0 0 0 -1  0  1
 0 0 0  0  0 -1
 0 0 0  0 -1 -1
1,1,1;1;1;1 1 2
15 
#6 
6	% 
 0 0 -1  0  1  0
 0 0 -1 -1 -1  1
 1 0  0  0  0  0
 0 1  0  0  0  0
 0 0  1  0  0 -1
 0 0 -1 -1 -1  0
6	% 
 -1 0 0  0  1  0
 -1 0 0 -1 -1  1
  0 1 0  0  0  0
  0 0 1  0  0  0
  1 0 0  0  0 -1
 -1 0 0 -1 -1  0
6	% 
 0 0  0  0 1  1
 0 0 -1 -1 0  1
 1 0  0  0 0  0
 0 1  0  0 0  0
 0 0  1  0 0 -1
 0 0 -1 -1 0  0
6	% 
 0 0 -1 -1 -1 -1
 0 0  0  0  1  0
 1 0  0  0  0  0
 0 1  0  0  0  0
 0 0  1  0  0  1
 0 0 -1 -1  0  0
6	% 
 -1 0 0 -1 -1 -1
  0 0 0  0  1  0
  0 1 0  0  0  0
  0 0 1  0  0  0
  1 0 0  0  0  1
 -1 0 0 -1  0  0
6	% 
  0 0 0  0 1  1
 -1 0 0 -1 0  1
  0 1 0  0 0  0
  0 0 1  0 0  0
  1 0 0  0 0 -1
 -1 0 0 -1 0  0
1,1;1,1;1;1 1 3
18 
#5 
6	% 
 1 0 0 0  2  0
 0 0 1 0  0  0
 0 1 0 0  0  0
 0 0 0 0 -1  0
 0 0 0 0  0 -1
 0 0 0 1  1  0
6	% 
 1 0 0  2 0 -2
 0 0 1  0 0  0
 0 1 0  0 0  0
 0 0 0 -1 0  1
 0 0 0  0 0 -1
 0 0 0  1 1  0
6	% 
 1 0 0 0  2  0
 0 1 0 0  0  0
 0 0 1 0  0  0
 0 0 0 0 -1  0
 0 0 0 0  0 -1
 0 0 0 1  1  0
6	% 
 1 0 0 0  2 0
 0 0 1 0  0 0
 0 1 0 0  0 0
 0 0 0 0 -1 0
 0 0 0 0  1 1
 0 0 0 1  1 0
6	% 
 1 0 0 0  2 0
 0 1 0 0  0 0
 0 0 1 0  0 0
 0 0 0 0 -1 0
 0 0 0 0  1 1
 0 0 0 1  1 0
1,1;1,1;1,1 1 3
6 
#2 
6	% 
 1 0  0 0  2 0
 0 1  0 0  0 0
 0 0 -1 0  0 0
 0 0  0 0 -1 0
 0 0 -1 0  1 1
 0 0  1 1  1 0
6	% 
 1 0  0  2 0 -2
 0 1  0  0 0  0
 0 0 -1  0 0  0
 0 0  0 -1 0  1
 0 0 -1  1 0  0
 0 0  1  1 1  0
1,1;1,1;1;1 1 2
15 
#6 
6	% 
 0 0  0 1  2 -1
 0 0 -1 0  0  0
 1 0  1 0  0  0
 0 1  0 0  0  0
 0 0  0 0 -1  1
 0 0  0 1  2  0
6	% 
 0  0 0 1  2 -1
 0 -1 0 0  0  0
 1  1 0 0  0  0
 0  0 1 0  0  0
 0  0 0 0 -1  1
 0  0 0 1  2  0
6	% 
 0 0  0 1  1  1
 0 0 -1 0  0  0
 1 0  1 0  0  0
 0 1  0 0  0  0
 0 0  0 0 -1 -1
 0 0  0 1  1  0
6	% 
 0  0 0 1  1  1
 0 -1 0 0  0  0
 1  1 0 0  0  0
 0  0 1 0  0  0
 0  0 0 0 -1 -1
 0  0 0 1  1  0
6	% 
 0 0  0 1 1 0
 0 0 -1 0 0 0
 0 1  1 0 0 0
 1 0  0 0 0 0
 0 0  0 0 0 1
 0 0  0 1 0 0
6	% 
 0  0 0 1 1 0
 0 -1 0 0 0 0
 1  1 0 0 0 0
 0  0 1 0 0 0
 0  0 0 0 0 1
 0  0 0 1 0 0
1,1,1;1;1;1 1 7
10 
#3 
6	% 
  0  0 0 0 1 0
  0  0 1 0 0 0
  0 -1 0 0 0 0
 -1  1 0 0 0 1
 -1  0 0 0 0 0
  1 -1 0 1 1 0
6	% 
  1 -1 0 1 1  1
  0  0 1 0 0  0
  0 -1 0 0 0  0
 -1  1 0 0 0 -1
 -1  0 0 0 0  0
  1 -1 0 1 0  0
6	% 
 1 -1 0  2 0  1
 0  0 1  0 0  0
 0  0 0  1 1  0
 0  1 0 -1 0 -1
 0  0 0  0 1  1
 1  0 0  1 0  1
1,1;1,1;1;1 1 17
6 
#2 
6	% 
 0  0 1  0  0  0
 0  0 0  0 -1  0
 0  0 0 -1  0  0
 0 -1 0  1  0 -1
 0  0 0  0  1  1
 1  0 0  1  0 -1
6	% 
 0  0 1 0  0 0
 0  0 0 0 -1 0
 0  0 0 0  1 1
 0 -1 0 0  0 0
 0  0 0 1  1 0
 1  0 0 0  0 0
1,1;1,1;1,1 1 6
6 
#2 
6	% 
  0 0 1 -1 -1 -1
  0 0 0  1  0  0
  0 0 0  1  1  1
  0 1 0 -1  1  1
 -1 0 0 -1 -1  1
  0 0 0  1  1  0
6	% 
  0 0 1  2  0 -2
  0 0 0 -1 -1  0
  0 0 0 -1  0  1
  0 1 0  0  1  0
 -1 0 0  0 -1  0
  0 0 0 -1  0  0
1,1;1,1;1;1 1 7
15 
#6 
6	% 
 0 0 -1  0 -1 0
 0 0  0 -1  0 1
 1 0  0  0  0 0
 0 1  0  0  0 0
 0 0  1  1  1 0
 0 0 -1  1  0 0
6	% 
 0 0 -1 -1 -2 -1
 0 0  0  1  0  0
 1 0  0  0  0  0
 0 1  0  0  0  0
 0 0  1  1  1  1
 0 0 -1  0 -1  0
6	% 
 0 0 -1 -1 0 1
 0 0  0  0 1 0
 1 0  0  0 0 0
 0 1  0  0 0 0
 0 0  1  1 0 0
 0 0 -1  0 0 1
6	% 
 -1 0 0  0 -1 0
  0 0 0 -1  0 1
  0 1 0  0  0 0
  0 0 1  0  0 0
  1 0 0  1  1 0
 -1 0 0  1  0 0
6	% 
 -1 0 0 -1 -2 -1
  0 0 0  1  0  0
  0 1 0  0  0  0
  0 0 1  0  0  0
  1 0 0  1  1  1
 -1 0 0  0 -1  0
6	% 
 -1 0 0 -1 0 1
  0 0 0  0 1 0
  0 1 0  0 0 0
  0 0 1  0 0 0
  1 0 0  1 0 0
 -1 0 0  0 0 1
1,1,1;1;1;1 1 1
1 
#1 
6	% 
 0 0 0  0 1  1
 0 0 0 -1 0  0
 0 0 0  0 0 -1
 1 0 0  0 0  0
 0 1 0  0 0  0
 0 0 1  0 0  0
1,1;1,1;1;1 1 19
5 
#3 
6	% 
 0 0 -1  0 -1 0
 0 0  0 -1  0 1
 0 0  1  1  1 0
 0 1  0  0  0 0
 0 0 -1  1  0 0
 1 0  0  0  0 0
6	% 
 0 0 -1 -1 -2 -1
 0 0  0  1  0  0
 0 0  1  1  1  1
 0 1  0  0  0  0
 0 0 -1  0 -1  0
 1 0  0  0  0  0
6	% 
 0 0 -1 -1 0 1
 0 0  0  0 1 0
 0 0  1  1 0 0
 0 1  0  0 0 0
 0 0 -1  0 0 1
 1 0  0  0 0 0
1,1,1;1;1;1 1 5
1 
#1 
6	% 
 0 0 0  0 1  1
 0 0 0 -1 0  0
 0 0 0  0 0 -1
 0 0 1  0 0  0
 0 1 0  0 0  0
 1 0 0  0 0  0
1,1,1;1;1;1 1 10
5 
#3 
6	% 
 0  0 -1 -1 -2  1
 0  0  0  0  1  0
 0  0  1  0  0 -1
 0 -1  0  0  0  0
 1  0  0  0  0  0
 0  0 -1 -1 -1  0
6	% 
 0  0  0  0 1  1
 0  0 -1 -1 0  1
 0  0  1  0 0 -1
 0 -1  0  0 0  0
 1  0  0  0 0  0
 0  0 -1 -1 0  0
6	% 
 0  0 -1 -1 -1 -1
 0  0  0  0  1  0
 0  0  1  0  0  1
 0 -1  0  0  0  0
 1  0  0  0  0  0
 0  0 -1 -1  0  0
1,1,1,1;1;1 1 3
1 
#1 
6	% 
 0 0 -1 -1  0 -1
 0 0  0 -1 -1 -1
 0 0 -1  0 -1 -1
 0 0  1  1  1  1
 0 1  0  0  0  0
 1 0  0  0  0  0
1,1,1;1,1;1 1 9
10 
#3 
6	% 
  0  0 0  2  1 0
  0  0 1  2  1 0
  0  0 0 -3 -1 1
  0  0 0  1  0 0
  0 -1 0  0  2 0
 -1 -1 0  0  0 0
6	% 
 0  0 0 -1 0 -1
 0  0 1  0 0  0
 0  0 0  0 0  1
 1 -1 0  0 1  0
 0  1 0  0 0  0
 1  1 0  0 0  0
6	% 
  0  0 -2 -1 0 -1
  0  0 -1  0 1  0
  0  0  3  1 0  1
  0  0 -1  0 0 -1
  0 -1  0  0 0  0
 -1 -1  0  0 0  0
2-1;1,1;1;1 1 20
3 
#2 
6	% 
 0 1  0 0  0 0
 1 0  0 0  0 0
 0 0  1 0  0 0
 0 0 -1 0 -1 0
 0 0  1 0  1 1
 0 0  0 1  0 0
6	% 
 0 1 0  0  0  0
 1 0 0  0  0  0
 0 0 1  1  0 -1
 0 0 0 -1  0  0
 0 0 0  0 -1 -1
 0 0 0  0  1  0
1,1;1,1;1;1 1 18
18 
#5 
6	% 
 0 0 1  1  0 1
 1 0 0  0  0 0
 0 1 0  0  0 0
 0 0 0 -1 -1 0
 0 0 0  0  0 1
 0 0 0  0  1 0
6	% 
 0 -1 0 -1  0 -1
 1  0 0  0  0  0
 0  0 1  0  0  0
 0  0 0 -1 -1  0
 0 -1 0 -1  0  0
 0  1 0  1  1  1
6	% 
 0 0 1  1  0 -1
 0 1 0  0  0  0
 1 0 0  0  0  0
 0 0 0 -1 -1 -1
 0 0 0  0  0 -1
 0 0 0  0  1  1
6	% 
 -1  0 0 -1  0  1
  0  1 0  0  0  0
  0  0 1  0  0  0
  0  1 0  0  1  0
 -1  0 0 -1  0  0
  1 -1 0  0 -1 -1
6	% 
 0 1  0  1  0 -1
 0 0  1  0  0  0
 1 0  0  0  0  0
 0 0  1  0  1  0
 0 0  0  0  0 -1
 0 0 -1 -1 -1  0
1,1;1,1;1,1 1 8
6 
#2 
6	% 
 1 0 0 0  0  0
 0 1 0 1  0 -1
 0 0 1 0  0  0
 0 0 0 1  0  0
 0 0 0 0 -1  0
 0 0 0 0  1  1
6	% 
 1  0 0  0  0  0
 0 -1 0 -1  0 -1
 0  0 1  0  0  0
 0 -1 0  0  0 -1
 0  0 0  0 -1 -1
 0  1 0  1  1  1
1,1;1,1;1;1 1 33
6 
#2 
6	% 
  0  0 1  0  0  0
  0 -1 0 -1 -1 -1
 -1  0 0  0 -1  0
 -1  1 0  2  0  1
  0  0 0  0 -1 -1
  1 -1 0 -1  1 -1
6	% 
  0  0 1  0  0  0
  0 -1 0  0  0  1
  1  0 0  1  0  0
  0  0 0 -1 -1  0
  1 -1 0  1 -1  1
 -1  1 0 -1  0 -2
1,1;1,1;1,1 1 9
6 
#2 
6	% 
  0 0 1  1  0 -1
 -1 0 0  1  0  1
  0 1 0  1  0  1
  0 0 0  0 -1  0
  0 0 0 -1 -1  0
  0 0 0  0  0 -1
6	% 
  0  0 1  0  0  0
  0  1 0  0  0 -2
 -1  0 0 -2  0  0
 -1 -1 0 -2  0  1
 -1 -1 0 -1  1  2
  0  0 0  0 -1  0
2-1;1;1;1;1 1 5
1 
#1 
6	% 
 1 0 0 0  0 0
 0 1 0 0  0 0
 0 0 1 0  0 0
 0 0 0 0  1 1
 0 0 0 0 -1 0
 0 0 0 1  1 0
2-1;1;1;1;1 1 16
1 
#1 
6	% 
 1 0 0 0  0  0
 0 1 0 0  0  0
 0 0 1 0  0  0
 0 0 0 0 -1 -1
 0 0 0 1  1  1
 0 0 0 0  0 -1
1,1;1,1;1;1 1 8
10 
#3 
6	% 
  1 -1 1 0  0  0
  0  0 0 1  1  1
  0  0 0 0 -1 -1
 -1  0 0 0  0  0
  0 -1 0 0  0  0
  0  0 0 1  1  0
6	% 
  1 -1 1 0  0  0
  0  0 0 1  2 -1
  0  0 0 0 -1  1
 -1  0 0 0  0  0
  0 -1 0 0  0  0
  0  0 0 1  2  0
6	% 
  1 -1 1 0  0  0
  0  0 0 1 -1 -2
  0  0 0 0  1  2
 -1  0 0 0  0  0
  0 -1 0 0  0  0
  0  0 0 1 -1 -1
1,1;1,1;1;1 1 10
12 
#3 
6	% 
 0 0 1  0  2  0
 0 0 0 -1 -1  0
 0 0 0  0 -1  0
 0 1 0  0  0  0
 1 0 0  0  0  0
 0 0 0  0 -1 -1
6	% 
  0  0 -3  0 -2  0
  0  0  1  0  0 -1
  0  0  2  0  1  0
  0 -1  0  1  1  1
 -1  0  0 -1 -1 -1
  0  0  1  1  1  0
6	% 
  0  0 -3 -2 0  2
  0  0  1  1 1  0
  0  0  2  1 0 -1
  0 -1  0  0 0  0
 -1  0  0  0 0  0
  0  0  1  0 0 -1
1,1;1,1;1;1 1 16
10 
#3 
6	% 
 0 0 0  1  1 1
 0 0 1  0  0 0
 0 1 0  0  0 0
 0 0 0 -1 -1 0
 1 0 0  0  0 0
 0 0 0  0  1 1
6	% 
 0 0 0  1  2 -1
 0 0 1  0  0  0
 0 1 0  0  0  0
 0 0 0 -1 -2  0
 1 0 0  0  0  0
 0 0 0  0  1 -1
6	% 
 0 0 0  2  0  1
 0 0 1  0  0  0
 0 1 0  0  0  0
 0 0 0 -2 -1 -1
 1 0 0  0  0  0
 0 0 0  1 -1  0
1,1;1,1;1;1 1 24
12 
#3 
6	% 
  0  0 1  1  2 1
 -1  0 0  0  0 0
  0 -1 0  0  0 0
  0  0 0 -1  0 0
  0  0 0 -1 -1 0
  0  0 0  1  1 1
6	% 
 0 0  1  0  0  0
 1 0  0  1  2  1
 0 1  0 -1 -2 -1
 0 0  0 -1 -1  0
 0 0 -1 -1 -1 -1
 0 0  1  1  0  0
6	% 
  0  0 -1 -1  0  1
 -1 -2  0 -1 -2 -1
  2  1  0  1  2  1
  1  1  0  0  1  0
  1  1  1  1  1  0
  0  0 -1  0  0  1
2-1;1;1;1;1 1 2
1 
#1 
6	% 
 1 0 0 0 0 0
 0 1 0 0 0 0
 0 0 1 0 0 0
 0 0 0 1 0 0
 0 0 0 0 1 0
 0 0 0 0 0 1
2-1;1;1;1;1 1 9
1 
#1 
6	% 
 0 0 1 0 0 0
 0 0 0 1 0 0
 0 1 0 0 0 0
 0 0 0 0 1 0
 0 0 0 0 0 1
 1 0 0 0 0 0
2-1;1,1;1;1 1 11
1 
#1 
6	% 
 0 0 1  0 0  0
 0 0 0 -1 0  0
 0 0 0  1 1  1
 0 1 0  0 0  0
 0 0 0  0 0 -1
 1 0 0  0 0  0
1,1;1;1;1;1 1 4
9 
#4 
6	% 
 0 0 1  2  0 -2
 1 0 0  0  0  0
 0 1 0  0  0  0
 0 0 0 -1  0  1
 0 0 0  0 -1 -1
 0 0 0  0  0 -1
6	% 
 0 1 0  2  0 -2
 1 0 0  0  0  0
 0 0 1  0  0  0
 0 0 0 -1  0  1
 0 0 0  0 -1 -1
 0 0 0  0  0 -1
6	% 
 1 0 0  0  2  0
 0 1 0  0  0  0
 0 0 1  0  0  0
 0 0 0  0 -1  0
 0 0 0 -1  0  0
 0 0 0  0  0 -1
6	% 
 0 0 1  0  2  0
 1 0 0  0  0  0
 0 1 0  0  0  0
 0 0 0  0 -1  0
 0 0 0 -1  0  0
 0 0 0  0  0 -1
1,1;1;1;1;1 1 5
3 
#2 
6	% 
 0 1 0 0  0 0
 0 0 1 0  0 0
 1 0 0 0  0 0
 0 0 0 0  1 1
 0 0 0 0 -1 0
 0 0 0 1  1 0
6	% 
 0 -1 0 0  0 0
 1  1 0 0  0 0
 0  0 1 0  0 0
 0  0 0 0  1 1
 0  0 0 0 -1 0
 0  0 0 1  1 0
1,1;1;1;1;1 1 2
5 
#3 
6	% 
 0 0 0 1 2 -1
 1 0 0 0 0  0
 0 1 0 0 0  0
 0 0 1 0 0  0
 0 0 0 0 0  1
 0 0 0 1 1  0
6	% 
 0 0 0 2 0 1
 1 0 0 0 0 0
 0 1 0 0 0 0
 0 0 1 0 0 0
 0 0 0 0 1 0
 0 0 0 1 1 1
6	% 
 0 0 0 1 1  1
 1 0 0 0 0  0
 0 1 0 0 0  0
 0 0 1 0 0  0
 0 0 0 0 0 -1
 0 0 0 1 0  0
1,1;1;1;1;1 1 9
5 
#3 
6	% 
 0 0 0 1  2 -1
 0 0 1 0  0  0
 0 1 0 0  0  0
 0 0 0 0 -1  1
 1 0 0 0  0  0
 0 0 0 1  2  0
6	% 
 0 0 0 1 1  1
 0 0 1 0 0  0
 0 1 0 0 0  0
 0 0 0 0 0 -1
 1 0 0 0 0  0
 0 0 0 1 0  0
6	% 
 0 0 0 1 1 0
 0 0 1 0 0 0
 0 1 0 0 0 0
 0 0 0 0 0 1
 1 0 0 0 0 0
 0 0 0 1 0 0
1,1;1;1;1;1 1 16
3 
#2 
6	% 
 0 0 1 0 0 0
 0 0 0 0 1 0
 0 1 0 0 0 0
 0 0 0 0 0 1
 1 0 0 0 0 0
 0 0 0 1 0 0
6	% 
 0 0 1 0 0  0
 0 0 0 1 0 -1
 0 1 0 0 0  0
 0 0 0 0 0  1
 1 0 0 0 0  0
 0 0 0 0 1  1
1,1;1;1;1;1 1 12
6 
#2 
6	% 
 0 0 1  0  0 0
 0 0 0 -1 -1 0
 0 0 0 -1  0 1
 0 1 0  0 -1 0
 0 0 0 -1  0 0
 1 0 0  0  1 0
6	% 
 0 0 1 0 0 0
 0 0 0 0 1 1
 0 0 0 0 1 0
 0 1 0 0 0 0
 0 0 0 1 1 0
 1 0 0 0 0 0
1,1;1;1;1;1 1 10
2 
#1 
6	% 
 1 -1 1 0 0 0
 0  1 0 0 0 0
 0  0 0 0 1 1
 0  0 0 0 1 0
 1  0 0 0 0 0
 0  0 0 1 1 0
1,1;1;1;1;1 1 24
9 
#4 
6	% 
 0 0 1 0  0 0
 1 0 0 0  0 0
 0 1 0 0  0 0
 0 0 0 0 -1 0
 0 0 0 1  1 0
 0 0 0 0  0 1
6	% 
 1 0 0 0  0 0
 0 1 0 0  0 0
 0 0 1 0  0 0
 0 0 0 0 -1 0
 0 0 0 1  1 0
 0 0 0 0  0 1
6	% 
 0 0 -1 -1  0 -1
 1 0  0  0  0  0
 0 1  0  0  0  0
 0 0  0 -1 -1  0
 0 0  1  1  1  1
 0 0 -1 -1  0  0
6	% 
 1 0 0  0  0  0
 0 1 0  0  0  0
 0 0 1  0  0  0
 0 0 0 -1  0  0
 0 0 0  1  1  0
 0 0 0 -1 -1 -1
1,1;1;1;1;1 1 26
3 
#2 
6	% 
 0 0 -1 0 0 0
 1 0  1 0 0 0
 0 1  0 0 0 0
 0 0  0 0 0 1
 0 0  0 1 1 1
 0 0  0 0 1 1
6	% 
 0 -1 0 0 0 0
 1  1 0 0 0 0
 0  0 1 0 0 0
 0  0 0 0 0 1
 0  0 0 1 1 1
 0  0 0 0 1 1
1,1;1;1;1;1 1 38
2 
#1 
6	% 
 1 -1 1  0  0 0
 0  1 0  0  0 0
 1  0 0  0  0 0
 0  0 0 -1 -1 0
 0  0 0  1  1 1
 0  0 0  1  0 0
1,1;1;1;1;1 1 40
3 
#2 
6	% 
 0 0 1  0  0  0
 0 1 0  0  0  0
 1 0 0  0  0  0
 0 0 0  0 -1 -1
 0 0 0 -1 -1 -1
 0 0 0  0  0 -1
6	% 
 0 0 -1 -1 0 1
 0 1  0  0 0 0
 1 0  0  0 0 0
 0 0 -1  0 1 1
 0 0 -1 -1 0 0
 0 0  0  0 1 0
1,1;1;1;1;1 1 35
6 
#2 
6	% 
 0 0 1  0  0  0
 0 1 0 -1 -2 -1
 1 0 0  1  2  1
 0 0 0  0  0 -1
 0 0 0  0 -1 -1
 0 0 0 -1 -1 -1
6	% 
  0  0 1  0 0  0
  1 -2 0  2 0 -2
 -2  1 0 -2 0  2
  0  0 0  1 1  1
  1 -1 0  2 1 -1
  1 -1 0  2 0 -1
1;1;1;1;1;1 1 3
1 
#1 
6	% 
 1 0 0 0  0 0
 0 1 0 0  0 0
 0 0 1 0  0 0
 0 0 0 0  1 1
 0 0 0 0 -1 0
 0 0 0 1  1 0
1;1;1;1;1;1 1 17
1 
#1 
6	% 
 1 0 0  0  0  0
 0 1 0  0  0  0
 0 0 1  0  0  0
 0 0 0  0  0  1
 0 0 0 -1 -1 -1
 0 0 0  0  1  1
1;1;1;1;1;1 1 8
1 
#1 
6	% 
 0 0 1 0 0 0
 0 1 0 0 0 0
 0 0 0 0 1 1
 0 0 0 0 1 0
 1 0 0 0 0 0
 0 0 0 1 1 0
1;1;1;1;1;1 1 24
1 
#1 
6	% 
 0 0 1  0  0  0
 0 1 0  0  0  0
 1 0 0  0  0  0
 0 0 0  0  0 -1
 0 0 0  0 -1 -1
 0 0 0 -1 -1 -1
