#94

2-2;2-1;2-1 1 1
1 
#1 
6	% 
 1 0 0 0 0 0
 0 1 0 0 0 0
 0 0 1 0 0 0
 0 0 0 1 0 0
 0 0 0 0 1 0
 0 0 0 0 0 1
1,1,1,1,1,1 1 1
1 
#1 
6	% 
 1 0 0 0 0 0
 0 1 0 0 0 0
 0 0 1 0 0 0
 0 0 0 1 0 0
 0 0 0 0 1 0
 0 0 0 0 0 1
1,1,1,1,1;1 1 1
4 
#1 
6	% 
  0 0  0  0 -1  0
 -1 0 -1  0 -1 -1
 -1 0  0 -1 -1 -1
  0 0 -1 -1  0 -1
  1 0  1  1  1  1
  0 1  0  0  0  0
2-1;1,1,1,1 1 1
2 
#1 
6	% 
 1 0  0  0  0  0
 0 1  0  0  0  0
 0 0  0 -1 -1 -1
 0 0 -1  0 -1 -1
 0 0 -1 -1  0 -1
 0 0  1  1  1  1
1,1,1,1,1;1 1 2
10 
#3 
6	% 
  0  0  1 1  0 1
  0 -1  0 0  0 0
 -1 -1  1 0  0 0
  0  0  1 0  0 1
  0  1 -1 0 -1 0
  0 -1  1 0 -1 1
6	% 
  0 0  0  1  0 -1
  0 0  1  0  0 -1
  1 1  1  1  1  0
  0 0  0  0  1 -1
 -1 0 -1 -1 -1  1
  0 1  1  1  1 -1
6	% 
 0  1  0 -1  0  0
 0  1  0  0  0  0
 0  1 -1 -1  0  0
 1  2  1  1  2 -1
 0 -2  0  0 -1  0
 0  2  0  0  1 -1
1,1,1,1;1,1 1 1
7 
#3 
6	% 
  0 -1 -1 -1 0  0
 -1  0 -1 -1 0  0
 -1 -1  0 -1 0  0
  1  1  1  1 0  0
  0  0  0  0 0 -1
  0  0  0  0 1  1
6	% 
  0 0 -1  0 -1 -1
 -1 0  0  0 -1 -1
 -1 0 -1  0  0 -1
  1 0  1  0  1  1
  0 0  0 -1  0  0
  0 1  0  1  0  0
6	% 
 0  0 -1 -1  0 -1
 0  0  0 -1 -1 -1
 0  0 -1  0 -1 -1
 0  0  1  1  1  1
 0 -1  0  0  0  0
 1  1  0  0  0  0
2-1;1,1,1;1 1 1
4 
#1 
6	% 
 0 0 0 1  0  0
 0 0 1 0  0  0
 1 0 0 0  0  1
 0 0 0 0 -1  0
 0 0 0 0  0 -1
 0 1 0 0  0  0
1,1,1,1;1,1 1 2
32 
#3 
6	% 
  0 0 1  0  0  1
 -1 0 0  0  0  0
  0 0 0 -1  0  0
  0 1 0  0  2 -1
  0 0 0  0 -1  0
  0 0 0  0 -1  1
6	% 
 0  0 0 0 1 0
 0  0 0 0 0 1
 0  0 1 0 0 0
 0  0 0 1 0 0
 1  0 0 0 0 0
 0 -1 0 0 0 0
6	% 
  0  0  0  1  0  0
  1  0  0  0  0  0
  0  0  1  0  0  0
  0 -1  0  0  0 -1
 -1  1 -1 -1 -1  1
  1  1  1  1  1  0
1,1,1;1,1,1 1 1
4 
#1 
6	% 
  0  0 -1 -1  0  0
 -1  0  0 -1  0  0
  1  0  1  1  0  0
  0  0  0  0 -1 -1
  0 -1  0  0  0 -1
  0  1  0  0  1  1
2-1',2-1';1,1 1 1
2 
#1 
6	% 
  1 0  1 -1 0  0
  0 1  1  1 0  0
  0 1  0  1 0  0
 -1 0 -1  0 0  0
  0 0  0  0 0 -1
  0 0  0  0 1  1
2-1;1,1,1;1 1 4
16 
#3 
6	% 
 1 0 0  0  0 0
 0 1 0  0  0 0
 0 0 1  0  0 1
 0 0 0 -1  0 0
 0 0 0  0 -1 0
 0 0 0  0 -1 1
6	% 
  0  0 1 0 0  0
  0  0 0 1 0  0
  0  0 0 0 1  0
 -1 -1 0 0 0 -1
  0  1 0 0 0  0
 -1  0 0 0 0  0
6	% 
 1 0  0  0  0 0
 0 1  0  0  0 0
 0 0 -1 -1 -2 1
 0 0 -2 -1 -2 1
 0 0  1  1  1 0
 0 0 -1 -1 -1 1
2-1;1,1;1,1 1 1
2 
#1 
6	% 
 0 1 0  0 0  0
 1 0 0  0 0  0
 0 0 0 -1 0  0
 0 0 1  1 0  0
 0 0 0  0 0 -1
 0 0 0  0 1  1
1,1,1,1;1,1 1 3
28 
#3 
6	% 
  0  0  1 -1  0  1
 -1 -1  0 -1  0 -1
  0  0  0  0  1 -1
  0  1 -1  1 -1  1
 -1  0  1 -1 -1  0
  0  0  0  0  1  0
6	% 
  0  0  0  0  0 -1
 -1 -1 -1 -1 -1 -1
  0  1  0  0  0  0
  1  0  1  0  0  1
  0 -1  0 -1  0 -1
 -1  0  0  0  0  0
6	% 
  0  0 1 -1  0  0
  1  1 0 -1  0  0
  1  0 0  1  1  0
 -1  0 0  1  0 -1
  0  1 0 -1  0 -1
  0 -1 0 -1 -1  1
1,1,1;1,1,1 1 2
22 
#3 
6	% 
  0  0 -1 1  0  0
  0  0  1 0  0  0
 -1  1  0 0 -1 -1
  0  0  0 0 -1  0
  1  0  0 0  1  0
  0 -1  0 0  1  0
6	% 
  0  0 -1  0  0 -1
 -1  0  0  0  0 -1
  0  0  0 -1  0  0
  0 -1  0 -1 -2  1
  0  1  0  1  1  0
  0  1  0  1  1 -1
6	% 
  0  1 0 0  0  0
  1  1 0 0  2 -1
  0  0 0 1  0  1
  0  0 1 0  0  1
 -1 -1 0 0 -1  0
  1  1 0 0  1 -1
2-1;1,1;1,1 1 3
12 
#1 
6	% 
 0  0 1 0  0  0
 0  0 0 1  0  0
 1  0 0 0  0  1
 0 -1 0 0 -2  1
 0  1 0 0  1 -1
 0  1 0 0  1  0
2-1',2-1';1;1 1 3
6 
#1 
6	% 
  1 0  1 -1  0  0
  0 1  1  1  0  0
  0 1  0  1  0  0
 -1 0 -1  0  0  0
  0 0  0  0 -1  0
  0 0  0  0  1 -1
1,1,1;1,1,1 1 3
24 
#1 
6	% 
  0  0  0  1  0  0
 -1 -1 -1  0  0 -1
  1  0  1  1  1 -1
 -1  1  0 -1 -1  1
  0  1  1 -1 -1  0
  1 -1  0  1  1  0
2-1;1,1;1,1 1 7
12 
#1 
6	% 
  0  0 0 1  0  0
  0  0 1 0  0  0
  0  1 0 0 -1  1
  0 -1 0 0  0 -1
  1  0 0 0  1  0
 -1  0 0 0  0 -1
1,1,1;1,1,1 1 4
12 
#1 
6	% 
  1 -1  0 1  1  0
  1 -1  0 0  1 -1
 -1  2  0 0 -2  1
  1 -1 -1 0  1 -1
 -2  1  0 0 -2  1
  1 -1  0 0  1  0
2-2;1,1,1,1 1 1
1 
#1 
6	% 
  0  0  0  0 0 1
  0  0  0  0 1 0
  0 -1 -1 -1 0 0
 -1  0 -1 -1 0 0
 -1 -1  0 -1 0 0
  1  1  1  1 0 0
1,1,1,1;1;1 1 1
6 
#2 
6	% 
 0 0 -1 -1  0 -1
 0 0 -1  0 -1 -1
 0 0  0 -1 -1 -1
 0 0  1  1  1  1
 1 0  0  0  0  0
 0 1  0  0  0  0
6	% 
  0 0 0 -1 -1 -1
 -1 0 0  0 -1 -1
 -1 0 0 -1  0 -1
  1 0 0  1  1  1
  0 1 0  0  0  0
  0 0 1  0  0  0
1,1,1;1,1;1 1 3
80 
#5 
6	% 
 0 0 0 0 -1 0
 0 0 1 0  0 0
 0 0 0 1  2 0
 0 0 0 0 -1 1
 1 0 0 0  0 0
 0 1 0 0  0 0
6	% 
 0 0  2  2  2 -1
 0 0  1  1  0  0
 0 0 -2 -3 -2  1
 0 0  1  1  1 -1
 1 0  0  0  0  0
 0 1  0  0  0  0
6	% 
 0 0  0  0 -1  2
 0 0  0 -1 -1  2
 1 0  0  1  2 -4
 0 0  0  0 -1  1
 0 0 -1  0 -1  0
 0 1  0  0  0  0
6	% 
 0 0 0 0 0 -1
 1 0 0 0 0  0
 0 0 0 1 0  2
 0 0 1 0 1 -1
 0 0 1 0 0  0
 0 1 0 0 0  0
6	% 
 0 0  1  1 0  0
 0 0  1  1 0  1
 0 0 -1 -1 1 -1
 1 0  1  0 0  0
 1 0  0  0 0  0
 0 1  0  0 0  0
2-2;1,1,1;1 1 1
4 
#1 
6	% 
  0 0  0  0  0 1
  0 0  0  0 -1 1
  0 0 -1 -1  0 0
 -1 0  0 -1  0 0
  1 0  1  1  0 0
  0 1  0  0  0 0
1,1,1;1,1;1 1 1
16 
#3 
6	% 
 0 0 0  0 -1 -1
 0 0 0  0 -1  0
 1 0 0  0  1  1
 0 0 0 -1  0  0
 0 0 1  1  0  0
 0 1 0  0  0  0
6	% 
 0 0  0  0 1  1
 0 0 -1  0 0  0
 0 0  0  0 0 -1
 0 0  0 -1 0  0
 1 0  0  1 0  0
 0 1  0  0 0  0
6	% 
 1 0  0  1 0 0
 0 0 -1  0 0 0
 0 0  0 -1 0 0
 0 0  0  0 1 0
 0 0  0  0 0 1
 0 1  0  0 0 0
1,1,1;1,1;1 1 8
48 
#2 
6	% 
 0 0 -1  1  0  0
 0 0 -1  1 -1  2
 1 0  3 -3  2 -4
 0 0  0  1  1  0
 0 0 -1  0 -2  1
 0 1  0  0  0  0
6	% 
 0 0 -1  1 0 -3
 0 0 -1  1 0 -2
 1 0  3 -3 0  6
 0 0  0  1 1 -2
 0 0 -1  0 0 -1
 0 1  0  0 0  0
1,1,1,1;1;1 1 2
32 
#3 
6	% 
  0 0  0  0 -1  0
  0 0  0  0 -1  1
 -1 0 -1  1 -1 -1
  0 1  0  0  0  0
  1 0  0 -1  1  0
 -1 0 -1  0 -1  0
6	% 
  0 0  0 1  0  0
 -1 0 -1 0 -1  2
  0 0  1 0  0  0
  0 1  0 0  0  0
  0 0  0 0  0 -1
  0 0  0 0 -1  1
6	% 
 0 0 1  0  0 1
 1 0 0  1  0 1
 0 0 0 -1  0 0
 0 1 0  0  0 0
 0 0 0  0 -1 0
 0 0 0  0 -1 1
2-2;2-1;1,1 1 1
2 
#1 
6	% 
 0 1 0  0  0 0
 1 0 0  0  0 0
 0 0 0  0  0 1
 0 0 0  0 -1 1
 0 0 0 -1  0 0
 0 0 1  1  0 0
1,1,1;1,1;1 1 4
32 
#3 
6	% 
 0  1 0 1  0 0
 0  1 0 0  0 0
 0 -1 1 0  0 0
 1  0 0 0 -1 1
 1  0 0 0  0 1
 0  0 0 0 -2 1
6	% 
  0 0  0 0 1  1
  0 0 -1 0 0  0
  0 0  0 0 0 -1
  0 1  0 1 0  0
  0 0  0 1 0  0
 -1 1  0 0 0  0
6	% 
 0  0 -1 -1 0 0
 0  0 -1  0 0 0
 1  0  1  1 0 0
 0  0  0  0 1 0
 0 -1  0  0 0 0
 0  0  0  0 0 1
1,1,1;1,1;1 1 2
44 
#6 
6	% 
 0  0  0 0 0 -1
 0  1  0 0 0  0
 0 -1 -1 0 0  0
 1  0  0 0 0  0
 0  0  0 1 0  0
 0  0  0 0 1 -1
6	% 
 0 0  0 0 0 -1
 1 0  0 0 0  0
 0 1  0 0 0  2
 0 0  1 1 0  0
 0 0 -1 0 0  0
 0 0  0 0 1 -1
6	% 
  2  2  1 -1 0  0
  1  1  0  0 0  0
 -2 -3 -1  1 0  0
  0  0  0  0 0 -1
  0  0  0  0 1  1
  1  1  1  0 0  0
6	% 
  1  1 0 0  0  0
  1  1 0 0  1  0
 -2 -2 0 0 -1 -1
  0  0 1 0  0  0
  0  0 0 1  0  0
  1  0 0 0  0  0
6	% 
 0 0  0 0 -1  2
 1 0  1 0  0  0
 0 0 -1 0  1 -2
 0 1  0 0  0  0
 0 0  0 1  0  0
 0 0  0 0 -1  1
6	% 
 0 0 0  0 -1  2
 0 0 1  1  0  0
 0 0 0 -1  1 -2
 1 0 0  0  0  0
 0 1 0  0  0  0
 0 0 0  0 -1  1
1,1,1;1,1;1 1 7
96 
#4 
6	% 
 0  0  0  0 0  1
 0  2  1  1 0  2
 0 -3 -2 -2 0 -5
 1  1  1  0 0  1
 1  0  0  0 0  0
 0  0  0  0 1  0
6	% 
 -1 -1 0 0  0  0
  0  0 0 0  1 -2
  1  1 0 1 -1  2
  0  0 0 0  1 -1
  0  0 1 0  1  0
 -1  0 0 0  0  0
6	% 
 1 1 0 0 0  2
 0 0 0 0 0 -1
 0 0 0 1 0  0
 0 0 1 0 1 -1
 0 0 1 0 0  0
 1 0 0 0 0  1
6	% 
 0 -2 -2 -2 -2 1
 0  0 -1 -1  0 0
 0  1  2  2  0 0
 1  0  0 -1  0 0
 1  0  0  0  0 0
 0 -1 -1 -1 -1 1
1,1,1;1,1;1 1 9
56 
#5 
6	% 
 0  2  1 -1  0 0
 0  1  0  0  0 0
 1 -3 -1  1  0 0
 0  1  1  0  0 2
 0  0  0  0 -1 0
 0  0  0  0 -2 1
6	% 
  0  0 0 0 -1 0
  0  0 1 0  0 0
  0  0 0 1  2 0
 -1 -1 0 0 -1 1
  0  1 0 0  0 0
 -1  1 0 0  0 0
6	% 
  0 0  0  2  2 -1
  0 0  1  2  2 -1
  0 0 -1 -3 -4  2
  0 0  0  1  1 -1
  0 1  0  0  0  2
 -1 1  0  0  0  0
6	% 
 0  0  1  1 0 0
 0  0  1  1 1 0
 0  0 -1 -1 0 1
 1  1  1  0 0 0
 0 -1  0  0 0 0
 1 -1  0  0 0 0
6	% 
  2  2  1 -1 0 0
  1  1  0  0 0 0
 -2 -3 -1  1 0 0
  1  1  1  0 0 0
  0  0  0  0 1 0
  0  0  0  0 0 1
1,1,1,1;1;1 1 5
28 
#3 
6	% 
 1  1  1 -1  0  1
 0  1  1 -1  0  2
 0  0  1  0  0  1
 0 -1 -1  1 -1 -1
 0  1  1 -1 -1  2
 0  0  0  1  0 -1
6	% 
  0  0  0 0  0  1
 -1 -1 -1 1 -1  0
 -1  0  0 0 -1  1
  1  1  1 0  1 -1
 -1 -1  0 1 -1  1
  0  1  0 0  1 -1
6	% 
 0  0  1  0  0  0
 0  0  1 -1  0  0
 0 -1  1  0  0  0
 0  0 -2  0 -1  1
 0  0  2  0  0 -1
 1  0 -1  0  0  0
1,1,1,1;1;1 1 3
5 
#2 
6	% 
  0 -1 -1 -1  0  0
 -1  0 -1 -1  0  0
 -1 -1  0 -1  0  0
  1  1  1  1  0  0
  0  0  0  0 -1  0
  0  0  0  0  1 -1
6	% 
 0 0 -1 -1  0 -1
 0 0  0 -1 -1 -1
 0 0 -1  0 -1 -1
 0 0  1  1  1  1
 0 1  0  0  0  0
 1 0  0  0  0  0
1,1,1;1,1;1 1 12
72 
#4 
6	% 
 0  0  0  0 0 -1
 0  0 -1 -1 0 -2
 1 -1  1  1 0  4
 1  1  0 -1 0 -1
 0 -1  0  1 0  2
 0  0  0  0 1 -1
6	% 
 -1 -1  0  0  0 0
  0  0  1 -1  0 0
  0  0 -1  1 -1 2
  0  0  0 -1 -1 0
  0  0  0  1  0 1
 -1  0  0  0  0 0
6	% 
 1 1 0  0  0  0
 0 0 0  0  0  1
 0 0 1 -1  0 -1
 0 0 0  0 -1  1
 0 0 1  0  1 -1
 1 0 0  0  0  0
6	% 
  2 -2  0  0  2 -1
  1 -1 -1 -1  0  0
 -4  4  1  1 -4  2
  1  0  0 -1  0  0
 -2  2  0  1 -2  1
  1 -1  0  0  1 -1
1,1,1;1;1;1 1 5
16 
#2 
6	% 
 0 1  0  1 0 0
 0 0 -1  0 0 0
 0 0  0 -1 0 0
 1 0  0  0 0 0
 0 0  0  0 0 1
 0 0  0  0 1 0
6	% 
 0 0 0  0 1  1
 0 0 0 -1 0  0
 0 0 0  0 0 -1
 0 0 1  0 0  0
 0 1 0  0 0  0
 1 0 0  0 0  0
1,1;1,1;1;1 1 4
11 
#3 
6	% 
 0  1 1  0 0 0
 0 -1 0  0 0 0
 0  0 0 -1 0 0
 1  0 0  1 0 0
 0  0 0  0 0 1
 0  0 0  0 1 0
6	% 
 0 -1 0  0 0 0
 1  1 0  0 0 0
 0  0 0 -1 0 0
 0  0 1  1 0 0
 0  0 0  0 0 1
 0  0 0  0 1 0
6	% 
 0 0  1 1  0  0
 0 0 -1 0  0  0
 0 0  0 0  1  0
 0 0  0 0 -1 -1
 0 1  0 0  0  0
 1 0  0 0  0  0
1,1;1,1;1,1 1 1
3 
#2 
6	% 
 0  1 1  0 0  0
 0 -1 0  0 0  0
 0  0 0 -1 0  0
 1  0 0  1 0  0
 0  0 0  0 0 -1
 0  0 0  0 1  1
6	% 
 0 -1 0  0 0  0
 1  1 0  0 0  0
 0  0 0 -1 0  0
 0  0 1  1 0  0
 0  0 0  0 0 -1
 0  0 0  0 1  1
1,1;1,1;1;1 1 19
24 
#2 
6	% 
 -1  0 -1  1 0 0
  0 -1 -1 -1 0 0
  1  1  1  0 0 0
  0  0  0  0 0 1
 -1  1  0  1 0 0
  0  0  0  0 1 0
6	% 
 0 0 1 0  1 -2
 0 0 0 1  1  0
 0 0 0 0 -1  1
 0 1 0 0  0  0
 0 0 0 0  0 -1
 1 0 0 0  0  0
1,1;1,1;1,1 1 2
40 
#3 
6	% 
 -1  0 -1  1 0 0
  0  0  0  0 1 0
  0  0  0  0 0 1
  0 -1 -1 -1 0 0
  1  1  1  0 0 0
 -1  1  0  1 0 0
6	% 
 1 0 0  0  1 -2
 0 0 0 -1  0  0
 0 1 0  1  0  0
 0 0 1  0  1  0
 0 0 0  0 -1  1
 0 0 0  0  0 -1
6	% 
 1  0 0  0  0  1
 0  0 0 -1  0  0
 0  0 1  1  0  0
 0 -1 0  0 -2  1
 0  1 0  0  1 -1
 0  1 0  0  1  0
1,1,1;1;1;1 1 10
28 
#4 
6	% 
  0 -1  0  0 0  0
 -1 -1 -1  1 0  0
  1  1  0 -1 0  0
  0  0  0  0 0 -1
  0  0  0  0 1  0
 -1 -1 -1  0 0  0
6	% 
 0  0  0  0 0 1
 0  0  0  0 1 0
 0  0  0 -1 0 0
 0 -1  0  0 0 0
 1  0  0  0 0 0
 0  0 -1  0 0 0
6	% 
 0  0 0 -1 0  0
 0  0 1  1 1 -2
 0  0 0  0 0  1
 0 -1 0  0 0  0
 1  0 0  0 0  0
 0  0 0  0 1 -1
6	% 
 0  0 0 1  0 1
 0  0 1 0  0 1
 0  0 0 0 -1 0
 0 -1 0 0  0 0
 1  0 0 0  0 0
 0  0 0 0 -1 1
1,1;1,1;1;1 1 34
18 
#2 
6	% 
  1  0  0 -1 0 0
 -1  0  0  0 0 0
  0  0  0  0 0 1
  0  1  0  0 0 0
  0 -1 -1  0 0 0
  0  0  0  0 1 0
6	% 
 0 0  1  0  1 -1
 0 0 -1  0 -1  0
 0 1  0  0  0  0
 0 0  0  1 -1  0
 0 0  0 -1  0  1
 1 0  0  0  0  0
1,1;1,1;1,1 1 5
14 
#2 
6	% 
  0  0  0 0 0 -1
  0  0  0 0 1  1
  0  0  0 1 0  0
 -1  0  0 0 0  0
  0  0 -1 0 0  0
  0 -1  0 0 0  0
6	% 
 0 -1  0  0  0  0
 1  1  0  0  0  0
 0  0  1  1  1 -1
 0  0  0 -1 -1  0
 0  0  1  1  0 -1
 0  0 -1  0  1  0
2-2;1,1,1;1 1 2
4 
#1 
6	% 
  0 0 0 1 0 0
  0 0 1 0 0 0
  0 1 0 0 0 0
  0 0 0 0 0 1
  0 0 0 0 1 0
 -1 0 0 0 0 0
1,1,1;1;1;1 1 1
4 
#1 
6	% 
 0 0 -1 0  0 -1
 0 0  0 0 -1 -1
 0 0  1 0  1  1
 1 0  0 0  0  0
 0 1  0 0  0  0
 0 0  0 1  0  0
1,1;1,1;1;1 1 7
36 
#2 
6	% 
 1 0 0 0  1 -2
 0 0 1 0  1  0
 0 1 0 0  0  0
 0 0 0 1  0  0
 0 0 0 0 -1  1
 0 0 0 0  0 -1
6	% 
 0 0 1 0  1 -2
 0 0 0 1  1  0
 1 0 0 0  0  0
 0 1 0 0  0  0
 0 0 0 0 -1  1
 0 0 0 0  0 -1
2-2;1,1;1,1 1 1
3 
#2 
6	% 
 0 0  0  0  0 1
 0 0  0  0 -1 1
 0 0 -1  0  0 0
 1 0  1  0  0 0
 0 0  0 -1  0 0
 0 1  0  1  0 0
6	% 
 0  0 0  0  0 1
 0  0 0  0 -1 1
 0 -1 0  0  0 0
 1  1 0  0  0 0
 0  0 0 -1  0 0
 0  0 1  1  0 0
1,1;1,1;1;1 1 1
6 
#2 
6	% 
 0 0 -1 0  0 0
 1 0  1 0  0 0
 0 0  0 0  1 1
 0 0  0 0 -1 0
 0 1  0 0  0 0
 0 0  0 1  0 0
6	% 
 0 0  1 1  0 0
 0 0 -1 0  0 0
 0 0  0 0  1 1
 0 0  0 0 -1 0
 1 0  0 0  0 0
 0 1  0 0  0 0
1,1,1;1;1;1 1 2
40 
#5 
6	% 
 0 0 -1 0 0  0
 1 0  1 0 1 -2
 0 1  0 0 0  0
 0 0  0 1 0  0
 0 0  0 0 0  1
 0 0  0 0 1 -1
6	% 
 0 0 1 0  0 1
 1 0 0 0  0 1
 0 1 0 0  0 0
 0 0 0 1  0 0
 0 0 0 0 -1 0
 0 0 0 0 -1 1
6	% 
 0 0 0 1  0 1
 0 0 1 0  0 1
 1 0 0 0  0 0
 0 1 0 0  0 0
 0 0 0 0 -1 0
 0 0 0 0 -1 1
6	% 
 0 0  0  0 0 1
 0 0  0  0 1 0
 1 0  0  0 0 0
 0 1  0  0 0 0
 0 0  0 -1 0 0
 0 0 -1  0 0 0
6	% 
 0 0 0 -1 0  0
 0 0 1  1 1 -2
 1 0 0  0 0  0
 0 1 0  0 0  0
 0 0 0  0 0  1
 0 0 0  0 1 -1
2-1;1,1;1;1 1 1
2 
#1 
6	% 
 0 0 0 1  0 0
 0 0 1 0  0 0
 0 0 0 0  1 1
 0 0 0 0 -1 0
 1 0 0 0  0 0
 0 1 0 0  0 0
2-1;1,1;1;1 1 4
24 
#2 
6	% 
 0 0 0 1 0  0
 0 0 1 0 0  0
 1 0 0 0 1 -2
 0 1 0 0 0  0
 0 0 0 0 0  1
 0 0 0 0 1 -1
6	% 
 0 0 0 1  0 0
 0 0 1 0  0 0
 1 0 0 0  0 1
 0 1 0 0  0 0
 0 0 0 0 -1 0
 0 0 0 0 -1 1
2-2;2-1;1;1 1 1
2 
#1 
6	% 
 0 0 0 1  0 0
 0 0 1 0  0 0
 0 0 0 0  0 1
 0 0 0 0 -1 1
 1 0 0 0  0 0
 0 1 0 0  0 0
1,1;1,1;1;1 1 2
80 
#5 
6	% 
 1 0 0 0  0 1
 0 0 1 0  0 0
 0 0 0 1  0 0
 0 1 0 0  0 0
 0 0 0 0 -1 0
 0 0 0 0 -1 1
6	% 
 0 0 1  0  0 1
 0 0 0 -1  0 0
 1 0 0  1  0 0
 0 1 0  0  0 0
 0 0 0  0 -1 0
 0 0 0  0 -1 1
6	% 
 0 -1 0 0 -1  2
 0  0 1 0  0  0
 0  0 0 1  0  0
 1  0 0 0  0  0
 0  1 0 0  0 -1
 0 -1 0 0 -1  1
6	% 
 0 1 0  0 1 -2
 0 0 0 -1 0  0
 1 0 0  1 0  0
 0 0 1  0 0  0
 0 0 0  0 0  1
 0 0 0  0 1 -1
6	% 
 -1 0 -1  1  0 0
  0 0  0  0  1 1
  0 0  0  0 -1 0
  0 1  0  0  0 0
  1 0  0 -1  0 0
 -1 0 -1  0  0 0
1,1;1,1;1;1 1 16
96 
#4 
6	% 
 -1 0 -1  1 0  0
  0 1  0  0 0  0
  0 0  0  0 1  0
  1 0  0 -1 0 -1
  0 0  0  0 1 -1
 -1 0 -1  0 0 -1
6	% 
 0  0  1 0 0  0
 0  0  0 1 0  0
 0 -1  0 0 0  0
 1  1 -1 0 0 -1
 1  0  0 0 0  0
 1  1  1 0 1 -1
6	% 
  0  0 1 0  0  0
  0  0 0 1  0  0
  1  0 0 0  0  2
 -1 -1 0 0  1 -4
  0 -1 0 0  0 -2
 -1 -1 0 0 -1 -3
6	% 
  0  0 0 1  0  0
  0  0 1 0  0  0
 -1  1 0 0 -1  1
  1  0 0 0  0  0
  1 -1 0 0  0 -1
  0 -1 0 0  0  0
1,1;1,1;1,1 1 4
48 
#2 
6	% 
  0 -1  0  0 -2  1
 -1  0 -1  1  0  0
  1  0  0 -1  0 -1
  0  1  0  0  1  0
  0 -1  0  0 -1  1
 -1  0 -1  0  0 -1
6	% 
  1 -1  0  1  0 0
  0  0 -1  0 -1 0
  0  0  1  0  0 1
 -1  0  0 -1  0 0
  0 -1  0  1  0 0
  0  0 -1  0 -1 1
1,1,1;1;1;1 1 7
48 
#2 
6	% 
 -1 0 -1  1  0 -2
  0 1  0  0  0  0
  0 0  0  0 -1  0
  1 0  0 -1  0  1
  0 0  0  0 -1  1
 -1 0 -1  0  0 -1
6	% 
  1  1 1 0 1 -2
  0  0 0 1 0  0
  0  1 0 0 0  0
 -1 -1 0 0 0  1
 -1  0 0 0 0  0
  1  1 0 0 1 -1
1,1;1,1;1;1 1 8
48 
#2 
6	% 
 -1 0 -1 1 0  0
  0 1  0 0 1 -2
  0 0  0 0 0  1
  1 0  1 0 0  0
 -1 0  0 1 0  0
  0 0  0 0 1 -1
6	% 
 -1 0 -1 1  0 0
  0 1  0 0  0 1
  0 0  0 0 -1 0
  1 0  1 0  0 0
 -1 0  0 1  0 0
  0 0  0 0 -1 1
1,1;1,1;1;1 1 23
12 
#1 
6	% 
 1 0  0  0  0  0
 0 1  0  0  0  0
 0 0  1  1  1 -1
 0 0  0 -1 -1  0
 0 0  1  1  0 -1
 0 0 -1  0  1  0
2-2;2-1',2-1' 1 1
2 
#1 
6	% 
  1 0  1 -1  0 0
  0 1  1  1  0 0
  0 1  0  1  0 0
 -1 0 -1  0  0 0
  0 0  0  0  0 1
  0 0  0  0 -1 1
2-1;2-1;1,1 1 1
1 
#1 
6	% 
 0 1 0 0 0  0
 1 0 0 0 0  0
 0 0 0 1 0  0
 0 0 1 0 0  0
 0 0 0 0 0 -1
 0 0 0 0 1  1
2-1,2-1;1;1 1 3
12 
#1 
6	% 
  0 0  0 -1 0 0
  0 0 -1  0 0 0
 -1 0  0  1 0 0
  0 1  1  0 0 0
  0 0  0  0 0 1
  0 0  0  0 1 0
2-1,2-1;1,1 1 1
4 
#1 
6	% 
  0 0  0 -1 0  0
  0 0 -1  0 0  0
 -1 0  0  1 0  0
  0 1  1  0 0  0
  0 0  0  0 0 -1
  0 0  0  0 1  1
2-1;2-1;1;1 1 5
3 
#1 
6	% 
 1 0 0 0 0 0
 0 1 0 0 0 0
 0 0 0 1 0 0
 0 0 1 0 0 0
 0 0 0 0 0 1
 0 0 0 0 1 0
2-1,2-1;1;1 2 4
12 
#1 
6	% 
  0 -1  1 -1 0 0
 -1  0 -1 -1 0 0
  0  0  0  1 0 0
  0  0  1  0 0 0
  0  0  0  0 0 1
  0  0  0  0 1 0
2-1,2-1;1,1 2 1
4 
#1 
6	% 
  0 -1  1 -1 0  0
 -1  0 -1 -1 0  0
  0  0  0  1 0  0
  0  0  1  0 0  0
  0  0  0  0 0 -1
  0  0  0  0 1  1
2-1;1,1;1;1 1 6
8 
#2 
6	% 
 1 0 0  0  0  0
 0 1 0  0  0  0
 0 0 0 -1  0  0
 0 0 1  1  0  0
 0 0 0  0 -1  0
 0 0 0  0  1 -1
6	% 
 1 0 0 0  0  0
 0 1 0 0  0  0
 0 0 0 0  1  0
 0 0 0 0 -1 -1
 0 0 0 1  0  0
 0 0 1 0  0  0
2-1;1,1;1;1 1 18
24 
#2 
6	% 
 0 1  0  0  0  0
 1 0  0  0  0  0
 0 0  0  0 -1  0
 0 0  0 -1  0  2
 0 0  0  0 -1  1
 0 0 -1  0  0 -2
6	% 
  0  0 0 1 0  0
  0  0 1 0 0  0
  0  1 0 0 0  0
 -1 -1 0 0 0  1
 -1  0 0 0 0  0
  1  1 0 0 1 -1
2-1;1;1;1;1 1 14
6 
#1 
6	% 
 0 1 0 0 0 0
 1 0 0 0 0 0
 0 0 0 1 0 0
 0 0 0 0 0 1
 0 0 1 0 0 0
 0 0 0 0 1 0
2-1;1;1;1;1 1 3
6 
#1 
6	% 
 1 0 0 0 0 0
 0 1 0 0 0 0
 0 0 1 0 0 0
 0 0 0 1 0 0
 0 0 0 0 0 1
 0 0 0 0 1 0
2-2;1,1;1,1 1 2
4 
#1 
6	% 
 0  0 1 0 0 0
 0  0 0 1 0 0
 1  0 0 0 0 0
 0  0 0 0 0 1
 0  0 0 0 1 0
 0 -1 0 0 0 0
2-2;2-1;1;1 1 3
2 
#1 
6	% 
 0 0 1 0  0 0
 0 0 0 1  0 0
 0 0 0 0  0 1
 0 0 0 0 -1 1
 0 1 0 0  0 0
 1 0 0 0  0 0
1,1;1,1;1;1 1 9
28 
#3 
6	% 
  0 0  1  0  0  0
  0 0 -1 -1  0  0
  0 0  0  0 -1  0
  0 1  0  0  0  2
  0 0  0  0 -1  1
 -1 0  0  0  0 -2
6	% 
 0 0 0 1 0  0
 0 0 1 0 0  0
 0 1 0 0 0  0
 0 0 0 0 0  1
 1 0 0 0 0  0
 0 0 0 0 1 -1
6	% 
  0 0  0  0 0 -1
  0 0  0  0 1  1
  0 1  0  0 0  0
  0 0  0 -1 0  0
 -1 0  0  0 0  0
  0 0 -1  0 0  0
1,1;1,1;1;1 1 25
72 
#3 
6	% 
  1  1  0 -1 0 -2
  0  0  0  0 1  0
 -2 -1 -1  1 0  0
  1  1  1  0 0  2
  1  2  1 -1 0  0
  0  0  0  0 1 -1
6	% 
 0 1  0  0 0  0
 0 0  0  0 0  1
 0 0  0 -1 0  0
 1 0  0  0 0  0
 0 0 -1  0 0  0
 0 0  0  0 1 -1
6	% 
  1 -1  0  0  1  0
  0  0  0 -1  0  1
 -2  1  0  0 -2  1
  1 -1  0  0  1 -1
  1 -2  0  0  2 -1
  0  0 -1  0  0 -1
1,1,1;1;1;1 1 15
24 
#2 
6	% 
  0 0 -1  1 -1 -2
  0 1  1 -1  0  2
  0 0  1  0  0  1
  0 0  1 -1 -1  3
  0 0  0  1  0 -1
 -1 0 -1  1  0 -2
6	% 
 -1 -1  0  1 0  0
  0  0 -1 -1 0  1
  0  1  0  0 0  0
  1  1 -1  0 0  0
 -1  0  0  0 0  0
  0  0  1  1 1 -1
1,1;1,1;1,1 1 10
24 
#1 
6	% 
 0 -1  0  0  2 -1
 0  0 -1  0  0 -1
 0  0  1  1 -1  2
 1  0  0  0  2 -1
 0  0  1  1  1  1
 0  0  0 -1  0 -1
2-2;1,1;1,1 1 5
2 
#1 
6	% 
 0 0 0 0  0 1
 0 0 0 0 -1 1
 0 1 0 0  0 0
 0 0 1 0  0 0
 1 0 0 0  0 0
 0 0 0 1  0 0
2-2;1,1;1;1 1 1
6 
#2 
6	% 
 0 0 0 0  0 1
 0 0 0 0 -1 1
 0 0 1 0  0 0
 0 0 0 1  0 0
 1 0 0 0  0 0
 0 1 0 0  0 0
6	% 
 0 0 0  0  0 1
 0 0 0  0 -1 1
 0 0 0 -1  0 0
 1 0 0  1  0 0
 0 1 0  0  0 0
 0 0 1  0  0 0
1,1;1;1;1;1 1 11
24 
#2 
6	% 
 1 0 0 0  0 0
 0 1 0 0  0 0
 0 0 0 0  0 1
 0 0 0 1 -2 0
 0 0 1 0  2 0
 0 0 0 0 -1 1
6	% 
 1 0  0  0  0  0
 0 1  0  0  0  0
 0 0  0 -1  0  0
 0 0 -1  1 -1  0
 0 0  1 -1  1 -1
 0 0 -1  0  0  0
1,1;1;1;1;1 1 2
24 
#2 
6	% 
 0 0 0 1 1  0
 1 0 0 0 0  0
 0 1 0 0 0  0
 0 0 1 0 0  0
 0 0 0 0 0 -1
 0 0 0 0 1 -1
6	% 
 0 0 0 -1 -2 1
 1 0 0  0  0 0
 0 1 0  0  0 0
 0 0 1  0  0 0
 0 0 0  1  1 0
 0 0 0 -1 -1 1
1,1;1;1;1;1 1 3
20 
#3 
6	% 
 0 0  1 1  0  0
 0 0 -1 0  0  0
 1 0  0 0  0  0
 0 1  0 0  0  0
 0 0  0 0  0 -1
 0 0  0 0 -1  1
6	% 
 0 0 0 0 1  1
 0 0 0 0 0 -1
 1 0 0 0 0  0
 0 1 0 0 0  0
 0 0 0 1 0  0
 0 0 1 0 0  0
6	% 
 0 0 0 -1  0  0
 1 0 0  1  0  0
 0 1 0  0  0  0
 0 0 1  0  0  0
 0 0 0  0  0 -1
 0 0 0  0 -1  1
2-2;1,1;1;1 1 2
8 
#1 
6	% 
 -1 0 -1  1 0 0
  0 1  0  0 0 0
  1 0  0 -1 0 0
  0 0  0  0 0 1
  0 0  0  0 1 0
 -1 0 -1  0 0 0
1,1;1;1;1;1 1 9
48 
#3 
6	% 
 1 0 0 0 1 -2
 0 1 0 0 0  0
 0 0 0 1 0  0
 0 0 0 0 0  1
 0 0 1 0 0  0
 0 0 0 0 1 -1
6	% 
 1 0 0 0  0 1
 0 1 0 0  0 0
 0 0 0 1  0 0
 0 0 0 0 -1 0
 0 0 1 0  0 0
 0 0 0 0 -1 1
6	% 
 -1 0 -1  1  0  0
  0 1  0  0  0  0
  0 0  0  0  0 -1
  1 0  0 -1  0  0
  0 0  0  0 -1  1
 -1 0 -1  0  0  0
1,1;1;1;1;1 1 1
1 
#1 
6	% 
 0 0 0 0 1 0
 0 0 0 0 0 1
 1 0 0 0 0 0
 0 1 0 0 0 0
 0 0 1 0 0 0
 0 0 0 1 0 0
1,1;1;1;1;1 1 25
7 
#2 
6	% 
 0 -1 0  0  0  0
 1  1 0  0  0  0
 0  0 0  0 -1  0
 0  0 0 -1  0  0
 0  0 1  0  0  0
 0  0 0  0  1 -1
6	% 
 0  0 0 0 1  1
 0  0 0 0 0 -1
 0  0 0 1 0  0
 0 -1 0 0 0  0
 1  0 0 0 0  0
 0  0 1 0 0  0
1,1;1;1;1;1 1 28
36 
#3 
6	% 
 0 0 0 0 -1  1
 0 1 0 0  0 -2
 0 0 0 1  0  0
 0 0 0 0 -1  0
 0 0 1 0  0  0
 1 0 0 0  0  2
6	% 
  1  0 0 0  0  0
 -1  1 0 1  0  0
  0  0 0 0 -1  0
  0  1 0 0  0  0
  0  0 0 0  1 -1
  1 -1 1 0  0  0
6	% 
  1  0 0 0 0  0
 -1 -1 0 0 0  1
  0  0 0 1 0  0
  0 -1 0 0 0  0
  0  0 1 0 0  0
  1  1 0 0 1 -1
1;1;1;1;1;1 1 2
3 
#1 
6	% 
 1 0 0 0 0 0
 0 1 0 0 0 0
 0 0 1 0 0 0
 0 0 0 1 0 0
 0 0 0 0 0 1
 0 0 0 0 1 0
1;1;1;1;1;1 1 7
6 
#1 
6	% 
 1 0 0 0 0 0
 0 1 0 0 0 0
 0 0 0 1 0 0
 0 0 0 0 0 1
 0 0 1 0 0 0
 0 0 0 0 1 0
1;1;1;1;1;1 1 18
3 
#1 
6	% 
 0 1 0 0 0 0
 0 0 0 0 0 1
 0 0 0 1 0 0
 1 0 0 0 0 0
 0 0 1 0 0 0
 0 0 0 0 1 0
2-2;1,1;1;1 1 3
2 
#1 
6	% 
 0 0  1 1 0 0
 0 0 -1 0 0 0
 0 0  0 0 0 1
 0 0  0 0 1 0
 0 1  0 0 0 0
 1 0  0 0 0 0
2-2;1,1;1;1 1 14
4 
#1 
6	% 
  0 0  0  0 0 1
  0 0  0  0 1 0
  0 1  0  0 0 0
  0 0  0 -1 0 0
 -1 0  0  0 0 0
  0 0 -1  0 0 0
2-2;1;1;1;1 1 1
1 
#1 
6	% 
 0 0 0 0  0 1
 0 0 0 0 -1 1
 1 0 0 0  0 0
 0 1 0 0  0 0
 0 0 1 0  0 0
 0 0 0 1  0 0
2-2;2-1,2-1 1 1
4 
#1 
6	% 
 0 1  0 -1  0 0
 1 0  1  0  0 0
 0 0  0  1  0 0
 0 0 -1  0  0 0
 0 0  0  0  0 1
 0 0  0  0 -1 1
2-2;1;1;1;1 1 2
2 
#1 
6	% 
 1 0 0 0 0 0
 0 1 0 0 0 0
 0 0 0 1 0 0
 0 0 0 0 0 1
 0 0 0 0 1 0
 0 0 1 0 0 0
2-2;1;1;1;1 1 11
1 
#1 
6	% 
 0 0 0 0  0 1
 0 0 0 0 -1 1
 0 1 0 0  0 0
 0 0 0 1  0 0
 1 0 0 0  0 0
 0 0 1 0  0 0
2-2;2-1,2-1 2 1
4 
#1 
6	% 
 0 1 -1  1  0 0
 1 0  1  1  0 0
 0 0  0 -1  0 0
 0 0 -1  0  0 0
 0 0  0  0  0 1
 0 0  0  0 -1 1
