#24

2-1;2-1;1;1 1 20
1 
#1 
6	% 
 1 0 0 0 0 0
 0 1 0 0 0 0
 0 0 1 0 0 0
 0 0 0 1 0 0
 0 0 0 0 1 0
 0 0 0 0 0 1
1,1,1,1,1,1 1 1
1 
#1 
6	% 
 1 0 0 0 0 0
 0 1 0 0 0 0
 0 0 1 0 0 0
 0 0 0 1 0 0
 0 0 0 0 1 0
 0 0 0 0 0 1
1,1,1,1;1,1 1 3
5 
#3 
6	% 
  1  0  0 -1  0 -1
 -1 -1 -1  1 -1 -1
  0  0  0  1  0  0
  0  0  1 -1  0  1
 -1 -1  0  0  0 -1
  1  0  0  0  0  0
6	% 
  1 1  1  1  1  0
  0 0  0  0  0 -1
 -1 0 -1  0  0  0
  1 0  0  0 -1  0
  0 0  0 -1  1 -1
  0 1  0  1  0  1
6	% 
  1  0  0 1  0  0
 -2  1 -1 0  0  1
 -1  0 -1 0  0  0
  1 -1  1 0  1  0
 -1  1 -1 0  1  1
  1  0  1 0 -1 -1
1,1,1,1,1;1 1 2
4 
#1 
6	% 
  1  1  1  0  1  1
  1  1  1  1  0  1
  1  1  1  1  1  1
  1  1  1  0  0  2
 -1 -2 -1 -1 -1 -2
  1  1  2  1  1  2
2-1',2-1';1;1 1 7
2 
#1 
6	% 
  0  1 1  0 -1  0
 -1  0 0  1  0  1
  0  0 0 -1  0  0
  0 -1 0  0  0  0
  0 -1 0  0  1  0
  0  0 0 -1  0 -1
1,1,1;1,1,1 1 3
4 
#1 
6	% 
 -1 0 0 -1 0  0
  0 0 0  0 1 -1
 -1 0 1  0 0  2
  1 0 0  0 0 -1
  1 1 0  0 0  1
 -1 0 0  0 0  0
2-1;1,1;1,1 1 11
4 
#1 
6	% 
  0 0 0  0  0 1
  0 0 0  0  1 0
  0 0 1  0  0 0
 -1 0 0  0  0 1
  0 0 0 -1  0 0
  0 1 0  0 -1 0
1,1,1,1;1,1 1 2
2 
#1 
6	% 
  0 0 1 0  0  1
  0 0 0 0 -1  0
  0 1 0 0  1  1
 -1 0 0 1  0  1
  1 0 0 0  0 -1
  1 0 0 0  0  0
1,1,1;1,1,1 1 4
4 
#1 
6	% 
  1  1  1 -1  0 -1
  1  1  1  0  0 -1
 -1 -1 -2  1  0  2
  1  1  1 -1 -1 -2
 -2 -1 -1  1  0  3
  1  0  1 -1  0 -2
1,1,1;1;1;1 1 8
4 
#1 
6	% 
 0 -1 -1 0 -1 -2
 0  2  1 0  2  2
 1 -1 -1 0 -1 -2
 1  0  0 1  0  0
 0 -1 -2 0 -2 -2
 1  1  1 0  1  1
1,1,1;1,1;1 1 10
12 
#3 
6	% 
  0 -1 -1 0 0 -2
  0  0  0 0 0 -1
  0  1  1 0 1  3
  0  0 -1 0 0 -1
  0  0  0 1 0  0
 -1  0  0 1 0  1
6	% 
  0  0  0 -2  0 -1
 -2  1  1  0 -1  1
  3 -1 -1  3  1  0
  0  0  0 -1  1  0
 -1  0  1  0 -1  0
  0 -1  1  0  0  0
6	% 
 -1  0  0  1  0 -2
 -1  0  0  1 -1 -2
  3  0  0 -3  2  5
 -1 -1 -1  0  1 -1
  0  0  1  1 -1 -1
  0 -1  1  0  0  0
1,1;1,1;1;1 1 14
4 
#2 
6	% 
 -1  0 0  1  0  1
  1  0 1 -1 -1 -1
  0  0 0 -1  1  0
  0  0 0  0 -1  0
  1  0 0  0  1  0
 -1 -1 0  1  0  1
6	% 
  0  0 0  0  1  0
  1  0 0  0  0  0
 -2 -1 0  2  0  2
  1  0 0 -1  0 -1
 -2  0 1  2 -1  2
  1  0 0  0  0 -1
1,1,1,1;1;1 1 5
4 
#2 
6	% 
  0  0 0  0 -1  0
  0  0 0  0 -1  1
  0  0 1  0 -1  1
  0  0 0 -1  2 -1
 -1  0 0  0 -2  1
  0 -1 0  0  1 -1
6	% 
  0  0  0  0 -1  0
 -1 -1 -1 -1 -1 -2
 -1  0  0  0  0  0
  1  1  0  1  1  1
 -1  0 -1 -1 -1 -1
  0  0  0  1  0  1
1,1;1,1;1,1 1 7
2 
#2 
6	% 
  0  0  0  0 -1  0
  0  0 -1  1  1  1
  1  1  0 -1  0 -1
 -1 -1 -1  1  1  1
  1  0  1 -1  0 -1
  0  0 -1  1  0  0
6	% 
  0  0 0  0 -1 -1
  0  0 0  1  0  1
  2  0 1 -1  0 -1
 -1  0 0  1  0  1
  1 -1 0 -2  1 -1
  0  0 0  1  0  0
1,1;1,1;1;1 1 39
6 
#2 
6	% 
  1 0  0 -1 -1 -4
  0 1  1  0  2  1
  0 0 -1  0 -1 -1
 -1 0  0  0  1  2
  0 1  0  0  1  1
  0 0  0  1  1  2
6	% 
 -1  0 -2  1  1  1
  2  1  1  0 -1 -1
 -1 -1 -1  0  1  0
  1  0  1 -1 -1 -1
  1  1  1  0 -1 -1
  1  0  1 -1  0 -1
1,1,1;1,1;1 1 7
4 
#1 
6	% 
  0 -1 -1 0  0 -2
  0  0  0 0  2 -1
  0  0  0 0 -3  1
 -1  0  0 0  1  0
 -1  0  0 1  0  1
  0 -1  0 0  0 -1
1,1,1,1;1;1 1 4
2 
#1 
6	% 
  0 0  0  1  0 1
 -1 0  0  0  0 0
  1 0  0 -1  2 0
  0 0  0  0 -1 0
  0 1  0  0  0 0
  0 0 -1  0  1 0
2-1,2-1;1;1 1 7
2 
#1 
6	% 
 0  1 1  0 -1  0
 1  0 0 -1  0 -1
 0  0 0  1  0  0
 0 -1 0  0  1  0
 0 -1 0  0  0  0
 0  0 0  1  0  1
2-1,2-1;1;1 1 8
2 
#1 
6	% 
  2  2  1  0 -1 -1
  1  0 -1 -1  1 -1
  0  0 -1 -1  0  0
 -1 -1 -1 -1  0  0
  0  0  1  1  0  1
  0  0  0  0  1  0
1,1;1,1;1;1 1 20
2 
#1 
6	% 
 1 0  0  1  0 0
 0 0  0 -1 -1 0
 0 0  0  0  1 0
 0 1  0  0 -1 0
 0 0  0  1 -1 1
 0 0 -1  0  0 0
2-1;1;1;1;1 1 41
2 
#1 
6	% 
 0 0 1 0 -1  0
 0 0 0 0  0 -1
 0 1 0 0 -1  0
 0 0 0 1  0  1
 0 0 0 0  1  0
 1 0 0 0  0 -1
1,1;1,1;1,1 1 4
1 
#1 
6	% 
  0 1  1 0 -1  0
  1 0  0 1  0  0
 -1 0  0 0  1  1
  0 0 -1 0 -1 -1
  0 0  1 0 -2 -1
  1 0  0 0  1  0
1,1;1;1;1;1 1 20
1 
#1 
6	% 
  0 0 0 0 -2 -1
  0 1 0 0  1  1
  0 0 0 1  1  1
  0 1 1 0 -1  0
 -1 0 0 0  1  1
  0 1 0 0 -2 -1
1;1;1;1;1;1 1 43
1 
#1 
6	% 
  1  0  0  0  0 -1
  0 -1 -1  0  1  0
  0  0  1  0 -1  0
  0  0 -1  0  0  0
  0  0  0 -1  0 -1
 -1  0  0  1  0  1
