#35

3;1,1;1 3 2
1 
#1 
6	% 
 1 0 0 0 0 0
 0 1 0 0 0 0
 0 0 1 0 0 0
 0 0 0 1 0 0
 0 0 0 0 1 0
 0 0 0 0 0 1
1,1,1,1,1,1 1 1
1 
#1 
6	% 
 1 0 0 0 0 0
 0 1 0 0 0 0
 0 0 1 0 0 0
 0 0 0 1 0 0
 0 0 0 0 1 0
 0 0 0 0 0 1
1,1,1,1,1;1 1 2
10 
#3 
6	% 
  0  0 -1  0 0  0
 -1  0  0  0 0  0
 -1  0 -1  0 0  1
 -1  0 -1  1 0  0
  1 -1  1 -1 0 -1
 -1  0 -1  1 1  1
6	% 
  1  0  0  0  0 0
  0  0  1  0  0 0
  0 -1  0 -1 -1 1
  1  0  1  0 -1 0
 -1  1 -1  1  1 0
  1 -1  1  0 -1 1
6	% 
 -1 -1  0 -1 -1 -1
 -2 -1  0 -1 -1 -1
 -1 -1  0 -1 -1 -2
 -1  1 -1 -1  0 -1
  2  0  0  1  1  2
 -2 -1 -1 -1 -1 -2
1,1,1,1;1,1 1 2
10 
#3 
6	% 
 0  1  0 0 0  0
 0  1  1 1 1  1
 0  0  1 0 0  0
 1  0  0 0 0  0
 0 -1 -1 0 0 -1
 0  1  1 1 0  0
6	% 
  0  0 0 -1 0  0
 -1 -1 0 -1 1 -1
  0  0 0 -1 0  1
  0  0 1  0 0  0
  1  1 0  1 0  0
 -1  0 0 -1 1  0
6	% 
 1  1 0  1  1 0
 0  1 0  1  1 1
 0  0 0  1  0 0
 0 -1 1  0  2 0
 0  0 0 -1 -1 0
 0  1 0  1  0 0
2-1;1,1,1,1 1 2
3 
#1 
6	% 
 0  0  0  0  0  1
 1  0  0  0  0  0
 0 -1  0 -1 -1 -1
 0  0  1  0  0  0
 0  0 -1  0 -1  0
 0  1  1  0  1  0
1,1,1;1,1,1 1 1
1 
#1 
6	% 
  0  0 1  0  1  0
  0 -1 0  0  0  0
  0  0 0  0 -1  0
  0  0 0 -1  0 -1
 -1  0 0  0  0 -1
  1  0 0  1  0  1
1,1,1;1,1,1 1 3
9 
#2 
6	% 
 -1 0  0 -1 0  1
  0 0 -1  1 0  1
  0 1  1 -1 0  0
  1 0  0  1 0  0
  0 0  1  0 1 -1
 -1 0  0  0 0  1
6	% 
  0  0 -1 -1 -1 -1
 -1 -1 -1  0  0  0
  0  0  1  0  1  1
  0  0  1  0  0  0
  0  0 -1 -1 -1  0
  0  1  0  0  0  0
1,1,1,1;1,1 1 3
9 
#2 
6	% 
  0  0  1 -1  0  1
  1  1  2  0  1  0
  1  1  0  0  0 -1
  0 -1 -1  0  0  0
  0  0  1  0  1  0
 -1  0  0 -1 -1  0
6	% 
  1  0  0  0  0  0
  1 -1  2  0  1  0
  0  0  1 -1  0  0
 -1  0 -1  0 -1  1
  1  0  1  1  1  0
  0  1  0  0  0 -1
2-1;1,1;1,1 1 5
3 
#1 
6	% 
 -1  0 0 -1 0  1
  0  0 0  0 1  0
  1  0 0  0 0 -1
  0  1 1  0 0  0
  0 -1 0  0 0  0
  1  0 0  1 0  0
2-1;1,1,1;1 1 6
3 
#1 
6	% 
  1  1  0 1  1 -1
 -1 -1  0 0  0  0
 -1 -1  0 0 -1  1
  0  0 -1 0 -1  0
  1  0  0 0  1  0
  1  1  0 1  1  0
2-1;1,1,1;1 1 3
3 
#1 
6	% 
  0  0 0 -1 0 -1
 -1  0 0  0 0 -1
  1  0 0  1 0  1
  0  0 0  0 1  0
  0  1 1  0 0  0
  0 -1 0  0 0  0
2-2;1,1,1,1 1 2
4 
#1 
6	% 
  1 0  0  0 0 0
  0 0  0  1 0 0
  1 0  0  1 0 1
 -1 0 -1 -1 0 0
  1 1  0  1 0 0
 -1 1  1 -1 1 0
1,1,1,1;1;1 1 6
9 
#2 
6	% 
  0 0 0 0 0  1
  1 0 0 0 0  0
  1 1 0 1 1  1
 -1 0 1 0 0 -1
  1 1 0 0 0  1
  0 0 1 0 1  0
6	% 
  1 0  0  0 0  0
  1 0  0  0 0 -1
  1 0  0 -1 0  0
 -2 0 -1  0 0  0
  2 1  1  0 0  0
  0 0  0  0 1  0
1,1,1;1,1;1 1 7
18 
#4 
6	% 
 0  1  2  0  1  0
 0  2  2  1  2  1
 0 -4 -5 -2 -4 -2
 1  1  1  1  1  0
 1  0  0  0  0  0
 0  1  1  0  0  0
6	% 
 0  2 1  0  1  0
 0  2 0  1  2  1
 0 -3 0 -1 -3 -1
 1  1 0  1  1  0
 1  0 0  0  0  0
 0  1 1  0  1  0
6	% 
 -2 0 -2 -1 -2 1
  0 0 -1  0 -1 0
  1 0  2  0  2 0
  0 0  0  0 -1 0
  0 1  0  0  1 0
 -1 0 -1 -1 -1 0
6	% 
  0  0  0 -1  0 1
  2  1  1  0  2 0
 -3 -2 -2  0 -4 0
  1  2  1  0  1 0
  0  2  1  0  0 0
  0  0  0 -1  0 0
1,1,1;1,1;1 1 11
18 
#3 
6	% 
 -2 -1 -2  0 -1  0
  0  0  0  1  0 -1
  3  1  2 -2  1  2
 -1 -2 -1 -1 -2 -1
  0  1  0  1  1  0
 -1 -1 -1  0  0  0
6	% 
  2  1  0  0  1  0
  0  1  0 -1  1  1
 -1 -3  0  2 -3 -2
  1  0 -1 -1  0 -1
  0  1  1  0  1  1
  1  0  0  0  1  0
6	% 
  4  1  0  0 -1  0
  2  2  0 -1 -2  1
 -7 -5  0  2  5 -2
  2  0 -1 -1 -1 -1
  1  2  2  1  0  2
  2  1  0  0  0  0
1,1,1;1,1;1 1 4
10 
#3 
6	% 
  0  0  0  1  0  0
 -1  0  0  0  0 -1
  1  0  0 -1  0  0
  0 -1 -1  0  0  0
  0 -1 -1  0 -1  0
  0 -1  0  0  1  0
6	% 
  0  1 0  0 1  0
  0  1 0  0 0  0
  0 -1 1  0 0  0
  0  0 0 -1 0  0
 -1  0 0 -1 0  1
  0  0 0 -1 0 -1
6	% 
  0  0  0 -1 0 -1
 -1  0  0  0 0 -1
  1  0  0  1 0  1
  0  1 -1  0 1  0
  0  2 -1  0 1  0
  0 -1 -1  0 0  0
1,1,1,1;1;1 1 5
9 
#2 
6	% 
 1 0 0  0  0  0
 0 0 1  0  0  0
 0 0 0  0  0 -1
 0 1 0  0  0  0
 0 0 0  0 -1  0
 0 0 0 -1  0  0
6	% 
  1  0  0 0 0 0
  2  1  0 0 1 0
  1 -1  0 0 0 0
 -2  0  0 1 0 0
  2  0  0 0 0 1
 -1  0 -1 0 0 0
1,1;1,1;1,1 1 4
9 
#2 
6	% 
  0  1  1  0 1  0
 -1  0  0 -1 0  1
  1  0  0  0 0 -1
  0 -1 -1  0 0  0
  0  0  1  0 1  0
 -1  0  0 -1 0  0
6	% 
 -1  0  0 -1 0  1
  0  0  1  0 1  0
  0  1  2  1 0  1
  1 -1 -1  0 0 -1
 -1 -1 -1 -1 0  0
  0  2  1  1 0  1
2-2;1,1;1,1 1 4
4 
#1 
6	% 
  1 0 0  1 0 -1
 -1 0 0 -1 0  0
 -1 0 0  0 0  1
  0 0 0  1 1  1
  0 0 1  1 0  1
  0 1 0  1 0  1
2-2;1,1,1;1 1 5
4 
#1 
6	% 
 -1  0  0 0  0 0
 -1  0  0 0  0 1
  1  0  0 1  0 0
  1  0  0 0  1 0
  1  1  0 0  0 0
  1 -1 -1 0 -1 0
1,1;1,1;1;1 1 8
9 
#2 
6	% 
  0  1 1  0 1  0
 -1  0 0 -1 0  1
  1  0 0  0 0 -1
  0 -1 0  0 0  0
  0  0 0  0 1  0
 -1  0 0 -1 0  0
6	% 
 -1  0 0 -1 0 1
  0  1 0  0 1 0
  0 -1 0  0 0 0
  1  0 0  1 0 0
 -1  0 0  0 0 1
  0  1 1  0 1 0
2-2;1,1,1;1 1 4
4 
#1 
6	% 
 1 0  0  0 0  1
 0 0  0 -1 0  0
 0 0  0  0 0 -1
 0 0  0  0 1  0
 0 0 -1  0 0  0
 0 1  0  0 0  0
1,1;1,1;1;1 1 26
9 
#2 
6	% 
 1 0 0  0 0  0
 0 0 0  0 0 -1
 0 0 0 -1 0  0
 0 0 1  0 0  0
 0 1 0  0 0  0
 0 0 1  0 1  0
6	% 
 1  0  0  0  0  0
 0 -1 -2  0 -1 -1
 0 -1 -2 -1 -1  0
 0  0  1  0  1  0
 0 -1 -1  0 -1  0
 0  0  0  0  1  0
1,1,1;1;1;1 1 16
9 
#2 
6	% 
 1  0 0 0 0 0
 0  0 0 1 0 0
 0  0 0 0 0 1
 0 -1 0 0 0 0
 0  0 1 0 0 0
 0  0 1 0 1 0
6	% 
 1  0  0  0  0  0
 0 -1 -2 -1 -1  0
 0  1  2  0  1 -1
 0  0 -1  0  0  0
 0 -1 -1  0  0  0
 0  0  0  0  1  0
1,1,1,1;1;1 1 4
3 
#1 
6	% 
 0  0 0  1  0 0
 1  0 0  0  0 0
 0 -1 0 -3 -1 1
 0  1 0  2  1 0
 0  0 1 -1  0 0
 0  0 0 -1 -1 0
1,1,1;1,1;1 1 10
6 
#1 
6	% 
  0  0 -2 -1 -2  1
  2  0 -1  0 -1  0
 -3  0  4  1  4 -1
  0  1 -1  0  0  1
  1 -1 -1  0 -1  0
  0 -1 -1  0  0  0
1,1,1;1;1;1 1 14
3 
#1 
6	% 
 1  0  0  0 0  1
 0  0  0 -1 0  0
 0  0  0  0 0 -1
 0  1  0  0 0  0
 0 -1 -1  0 0  0
 0  1  1  0 1  0
2-1;1,1;1;1 1 15
3 
#1 
6	% 
 -1  0 0 -1 0  1
  0  0 0  0 1  0
  1  0 0  0 0 -1
  0  1 1  0 0  0
  0 -1 0  0 0  0
 -1  0 0 -1 0  0
1,1,1;1;1;1 1 6
1 
#1 
6	% 
  0  0 0 -1  0 -1
 -1  0 0  0  0 -1
  1  0 0  1  0  1
  0 -1 0  0 -1  0
  0  1 0  0  0  0
  0  1 1  0  1  0
1,1;1,1;1;1 1 20
3 
#1 
6	% 
 1  0 0  0  0  0
 0 -2 0  0 -2 -1
 0  1 0  0  1  0
 0  0 1  0  0  0
 0 -2 0 -1 -2  0
 0  0 0  0 -1  0
1,1,1;1;1;1 1 8
3 
#1 
6	% 
  1  0  0  0  0  0
 -1  1  0  0  1 -1
  1 -1 -1  0 -1  0
  0  0 -1  0 -1  0
  1 -1  0 -1 -1  0
 -1  0 -1  0  0  0
3;1,1,1 3 1
1 
#1 
6	% 
  0  0 0  0 -1  0
  0 -1 0  0  0  0
  0  1 1  0  1  0
  0  0 0 -1  0 -1
 -1  0 0  0  0 -1
  1  0 0  1  0  1
1,1;1;1;1;1 1 38
3 
#1 
6	% 
 -1 0  0 -1  0  1
  1 0  0  0  0 -1
 -1 0  0 -1  0  0
  0 0 -1  0 -1  0
  0 1  1  0  1  0
  0 0  0  0  1  0
2-2;1,1;1;1 1 11
4 
#1 
6	% 
 -1 0 0 -1 0  1
  1 0 0  0 0 -1
 -1 0 0 -1 0  0
  0 0 0  0 1  0
  0 0 1  0 0  0
  0 1 0  0 0  0
1,1;1;1;1;1 1 10
1 
#1 
6	% 
 -1  0  0 -1  0  1
  1  0  0  0  0 -1
  0 -1  0  0  0  0
  0 -1  0  0 -1  0
 -1  0  0 -1  0  0
  0 -1 -1  0 -1  0
