#41

2-2;2-2;1;1 1 4
1 
#1 
6	% 
 1 0 0 0 0 0
 0 1 0 0 0 0
 0 0 1 0 0 0
 0 0 0 1 0 0
 0 0 0 0 1 0
 0 0 0 0 0 1
1,1,1,1,1,1 1 1
1 
#1 
6	% 
 1 0 0 0 0 0
 0 1 0 0 0 0
 0 0 1 0 0 0
 0 0 0 1 0 0
 0 0 0 0 1 0
 0 0 0 0 0 1
1,1,1,1,1;1 1 2
6 
#1 
6	% 
  1  0  0  0  0  0
  0  0  1  0  0  0
  1  0  1 -1  0  0
  0 -1  0 -1 -1  1
 -1  1 -1  1  0 -1
  1 -1  1 -1 -1  0
1,1,1,1,1;1 1 1
2 
#1 
6	% 
  0 0  0  0 -1  0
 -1 0 -1  0 -1 -1
 -1 0  0 -1 -1 -1
  0 0 -1 -1  0 -1
  1 0  1  1  1  1
  0 1  0  0  0  0
1,1,1,1;1,1 1 1
1 
#1 
6	% 
 0  0 -1 -1  0 -1
 0  0  0 -1 -1 -1
 0  0 -1  0 -1 -1
 0  0  1  1  1  1
 0 -1  0  0  0  0
 1  1  0  0  0  0
1,1,1;1,1,1 1 2
6 
#1 
6	% 
 -1  1  0  0 0 0
  0  1  0  1 0 0
  0  0 -1 -1 0 1
  0  0 -1  0 1 0
  0 -1  1  0 0 0
  0  1  1  1 0 0
1,1,1,1;1,1 1 2
12 
#1 
6	% 
  0 0  1  0  0  0
 -1 0  1  0  0  0
  0 0  1 -1  0  0
  0 1  0  0  1  1
  1 0 -1  1  0 -1
 -1 0  1 -1 -1  0
1,1,1,1;1,1 1 3
18 
#2 
6	% 
  0 1  0  0  0  0
 -1 0  0  1  0  0
  0 0  1  2  1  0
  0 0 -1 -2 -1  1
  0 0 -1 -1 -1  1
  0 0  1  0  0 -1
6	% 
  0  1  0  0  0  0
 -1  0  0  1  1 -1
 -1 -1 -1  0  0  0
  1  0  0 -1 -1  0
 -1  0  0  0  0 -1
  1  1  1  1  0  0
1,1,1;1,1,1 1 3
18 
#1 
6	% 
 -1  0  0  1  0  0
  0  1  2  2  1 -1
  0 -1 -1  0  0  1
  0  1  1  0  0  0
  0 -1 -1 -2 -1  0
  0  1  1  1  0  0
2-2;1,1,1,1 1 2
2 
#1 
6	% 
  1 0  1  3 -1 1
  1 0  0  0  0 0
  1 1  0  0  0 0
 -1 0 -1 -2  0 0
  1 0  0  1  0 1
 -1 0  0 -1  1 0
2-2',2-2';1,1 1 1
2 
#1 
6	% 
 0  0 -1 1 1 -1
 0  0  0 1 0  0
 0  0  0 1 1  0
 0  0  1 1 0  0
 0 -1  0 0 0  0
 1  1  0 0 0  0
1,1,1;1,1;1 1 7
36 
#1 
6	% 
 0  2  2  2 1 -1
 0  4  2  1 0  0
 0 -7 -4 -2 0  0
 1  2  1  1 0  0
 1  0  0  0 0  0
 0  1  1  1 1  0
2-2;1,1,1;1 1 5
6 
#1 
6	% 
  1  0  0  0  0  0
  2  1  1  1  0 -1
 -2 -1 -1 -1 -1  0
 -3 -1 -2 -1  0  0
 -3 -1 -1 -2 -1  1
 -3 -1 -1 -1 -1  1
1,1,1,1;1;1 1 2
12 
#1 
6	% 
 0  1  0  0  0  0
 0  0 -1 -1 -1  1
 0  1  0 -1  0  0
 1  0  0  0  0  0
 0 -1  1  1  0 -1
 0  1 -1 -1 -1  0
1,1,1;1,1;1 1 9
18 
#1 
6	% 
  0  2  0  1 0 0
 -1  1  0  0 0 0
  1 -2  0 -1 0 0
  0  1  1  1 0 0
  0  0 -1 -1 0 1
  0  0  0  0 1 1
1,1,1;1,1;1 1 2
6 
#1 
6	% 
 0 0  2  2  1 -1
 0 0  1  1  0  0
 0 0 -3 -2 -1  1
 1 0  0  0  0  0
 0 1  0  0  0  0
 0 0  1  1  1  0
1,1,1,1;1;1 1 5
9 
#1 
6	% 
  1  1  1  1  1 -1
  1  2  1  1  1 -1
  0  1  1  1  2 -1
 -1 -2 -2 -1 -1  1
  1  2  1  2  2 -2
  0 -1 -1 -1 -1  2
2-2;1,1,1;1 1 3
4 
#1 
6	% 
  1 0  0  0  0  0
  1 0  1  1  1  0
  0 1  0  0  0  0
 -1 0 -2 -1 -1  0
  1 0  1  2  2 -1
 -1 0 -2 -2 -1  0
1,1,1;1,1;1 1 8
36 
#2 
6	% 
 0 0 -1 -1  1 -2
 0 0 -1 -1  1 -1
 1 0  3  3 -3  4
 0 0  0  0  1 -1
 0 0 -2 -1  0 -1
 0 1  0  0  0  0
6	% 
 0 0  1  0 -1  1
 0 0  0  0 -1 -1
 1 0 -1  0  3  1
 0 0  1  1  0  0
 0 0 -1 -1 -1  0
 0 1  0  0  0  0
1,1,1;1,1;1 1 3
12 
#1 
6	% 
 0 0 -1 0  1  1
 0 0  0 1  0 -1
 0 0  2 0 -1 -1
 1 0  0 0  0  1
 1 0  0 0  0  0
 0 1  0 0  0  0
2-2',2-2';1;1 1 1
2 
#1 
6	% 
 0 0 0 -1 -1 1
 0 0 0  0  0 1
 0 0 1  0 -1 1
 0 0 0  1  0 0
 1 0 0  0  0 0
 0 1 0  0  0 0
1,1,1,1;1;1 1 1
1 
#1 
6	% 
 0 0 -1 -1  0 -1
 0 0 -1  0 -1 -1
 0 0  0 -1 -1 -1
 0 0  1  1  1  1
 1 0  0  0  0  0
 0 1  0  0  0  0
2-2;1,1;1,1 1 3
2 
#1 
6	% 
 0  0 -1 -1 -1 0
 0 -1  0  0  0 0
 1  1  0  0  0 0
 0  0  2  1  1 0
 0  0 -1 -2 -2 1
 0  0  2  2  1 0
1,1;1,1;1;1 1 23
9 
#1 
6	% 
 1 0  0  0  0  0
 0 1  0  0  0  0
 0 0 -1  0  1 -2
 0 0  1  0 -1  1
 0 0  0 -1  1  0
 0 0  0  1  0  0
1,1,1;1;1;1 1 2
6 
#1 
6	% 
 0 0 -1 -1 -1  0
 0 0  0  0 -1  2
 1 0  0  0  0  0
 0 1  0  0  0  0
 0 0  0  1  1 -1
 0 0 -1  0  0  0
1,1;1,1;1,1 1 5
9 
#1 
6	% 
 0 -1  0  0  0  0
 1  1  0  0  0  0
 0  0 -1  0  1 -2
 0  0  1  0 -1  1
 0  0  0 -1  1  0
 0  0  0  1  0  0
2-2;1,1,1;1 1 6
6 
#1 
6	% 
  1  0  0  0  0  0
  0 -1  0  0  0  0
  0  0  1  0 -1  0
  1  0  0  1  0 -1
  0  0  0  1  1 -1
 -1  0 -1 -1  0  0
1,1;1,1;1;1 1 16
36 
#1 
6	% 
 0 -1 0 -1 0  0
 1  0 0  0 0  0
 0  0 1  1 0 -1
 0  1 0  0 0  1
 0  0 0  0 1  1
 0 -1 0 -1 0  1
1,1;1,1;1;1 1 9
9 
#1 
6	% 
 0 -1 0 0 0  0
 1  1 0 0 0  0
 0  0 0 0 1  1
 0  0 0 1 0 -1
 0  0 1 1 0 -1
 0  0 0 0 0  1
2-2;1,1;1,1 1 4
12 
#1 
6	% 
  0 1  0  0 0  0
 -1 0 -1 -1 0  1
  1 0  1  1 1  0
  1 0  0  1 1 -1
  1 0  1  0 0  0
  1 0  1  1 0  0
1,1;1,1;1,1 1 4
18 
#1 
6	% 
  0 -1  0  0 -1 -1
 -1  0  0 -1  0  0
  1  0  1  2  1 -1
  0  1 -1 -1  0  1
  0 -1 -1 -1 -1  0
 -1  0  1  1  1 -1
1,1,1;1;1;1 1 7
18 
#1 
6	% 
  1 0 1  1  1 -1
  0 1 0  0  0  0
 -1 0 0  0  1  0
  0 0 0 -1 -1  1
  1 0 0  0  0  1
  0 0 1  0  0  0
2-2,2-2;1,1 2 1
6 
#1 
6	% 
 0  0 -1  3 1 -2
 0  0 -2  2 3 -3
 0  0 -2  1 4 -3
 0  0  0 -3 1  1
 0 -1  0  0 0  0
 1  1  0  0 0  0
2-2,2-2;1;1 2 1
6 
#1 
6	% 
 0 0 0  3 -1 -1
 0 0 2 -1 -4  3
 0 0 2 -2 -3  3
 0 0 1 -3 -1  2
 1 0 0  0  0  0
 0 1 0  0  0  0
2-2;2-2;1,1 1 2
1 
#1 
6	% 
 0 -1  0  0  0 0
 1  1  0  0  0 0
 0  0  1  1  0 0
 0  0 -1 -1 -1 0
 0  0  1  0  0 1
 0  0  0 -1 -1 0
2-2;1,1;1;1 1 7
12 
#1 
6	% 
 1  0  0  0  0  0
 0  1  1  1  0 -1
 0 -1 -1 -1 -1  0
 0 -1 -2 -1  0  0
 0 -1 -1 -2 -1  1
 0 -1 -1 -1 -1  1
1,1;1;1;1;1 1 11
9 
#1 
6	% 
 1 0  0  0  0  0
 0 1  0  0  0  0
 0 0 -1 -1  0  1
 0 0  1  2  1 -1
 0 0 -1 -1 -1  1
 0 0  1  1  1  0
2-2;1,1;1;1 1 12
6 
#1 
6	% 
 1 0 0  0  0  0
 0 1 0  0  0  0
 0 0 1  0  0  1
 0 0 0 -1 -1  1
 0 0 1  1  0  0
 0 0 0  0  0 -1
2-2;1,1;1;1 1 10
12 
#1 
6	% 
  1 0  0  0  1 1
  0 1  0  0  0 0
  0 0  1  0  0 0
  1 0  0 -1  0 1
  0 0 -1 -1  0 0
 -1 0  0  0 -1 0
2-2;1,1;1;1 1 5
2 
#1 
6	% 
 0 0 1  1  1 0
 1 0 0  0  0 0
 0 1 0  0  0 0
 0 0 1  0  0 0
 0 0 0 -1 -1 1
 0 0 1  1  0 0
2-2;1;1;1;1 1 6
6 
#1 
6	% 
 1 0  0 0 0 0
 0 1  0 0 0 0
 0 0  0 1 1 0
 0 0  1 0 0 0
 0 0  1 0 0 1
 0 0 -1 0 1 0
