#39

3;2-1;1 1 9
1 
#1 
6	% 
 1 0 0 0 0 0
 0 1 0 0 0 0
 0 0 1 0 0 0
 0 0 0 1 0 0
 0 0 0 0 1 0
 0 0 0 0 0 1
1,1,1,1,1,1 1 1
1 
#1 
6	% 
 1 0 0 0 0 0
 0 1 0 0 0 0
 0 0 1 0 0 0
 0 0 0 1 0 0
 0 0 0 0 1 0
 0 0 0 0 0 1
2-1;1,1,1;1 1 8
16 
#5 
6	% 
  0 0  1 -1  2  1
  0 0  1 -1  2  2
 -1 0 -1  1 -2 -1
  0 1 -1  0 -1 -1
  0 1  1 -1  1  2
 -1 0  0 -1  1  1
6	% 
  1  1  1 -1  0  1
 -2  0 -1  0 -1  0
  0 -1  0  1  0  0
  0 -1  0  0  1 -1
  0  1  1 -1  0  1
  0  1  0 -1  0  1
6	% 
  0  0 0  1  0  0
 -1  1 1  2 -2  2
  1  0 0 -1  1  0
  0 -1 0 -1  1 -1
  0  1 1  0  0  1
 -1  0 0  1 -1  1
6	% 
  0  0  0 -1  1  0
  0  0  1  1  2  1
 -1  0 -1  1 -2  0
  0 -1  0  1 -1 -1
  0 -1  0  0  1  0
 -1  0  0 -1  1  0
6	% 
  1  1  0 -1  1  0
 -2  0 -1  0 -1  0
  0 -1  0  1  0 -1
  0 -1  1  0  0  0
  0  1  0 -1  1  0
  0  1  0 -1  0  0
1,1,1,1,1;1 1 2
8 
#2 
6	% 
 0 -1  1  0  2  1
 0  0  1  1  1  1
 0  0  2  1  2  2
 0 -1  2  0  2  1
 1  1 -2 -1 -2 -2
 1 -1  3  1  3  2
6	% 
 0  1 0 -1 -1  1
 1  0 0  0  0  0
 0  1 1 -1 -2  2
 0  1 0  0 -1  1
 0 -1 0  1  2 -1
 0  1 0 -1 -2  2
2-1',2-1';1,1 1 3
6 
#1 
6	% 
  1 1  0  0  0  2
 -1 0  0 -2  1 -1
  0 0  0  2 -1  0
  0 0 -1  1 -1  0
 -1 0  1  0  0  0
  0 0  0  2 -1  1
1,1,1,1;1,1 1 3
27 
#6 
6	% 
  0  0  0 -1  1  0
  0  0  1 -1 -1  0
 -1 -2  0  1 -1 -1
  0  1 -1  0  0  0
  0  1  1 -1  0  1
 -1 -2 -1  1  0 -1
6	% 
  0  0  0  0 -1 1
  1 -1 -1  2 -2 0
  1  0  0  0  1 0
 -1  0  1  0  0 0
  0 -1  0  2 -2 1
  0  1  0 -1  0 0
6	% 
  0  1  0  0  1  0
  0  1 -1  1  0  0
  1  0  0  0  1  0
 -1 -1  0 -1 -1 -1
 -1  1 -1  1  0 -1
  1  0  1  0  0  1
6	% 
 -1 1  1  1 -2  2
  0 0  1  2 -1  1
  1 0  0  0  1 -1
  0 0 -1 -1  0 -1
  0 0  0  2 -1  0
 -1 0  0  0 -1  0
6	% 
 1 -1 1 0 -2  2
 1 -1 1 0 -1  1
 0  1 0 0  1 -1
 0  1 0 0  1  0
 0 -1 1 0 -1  1
 0 -1 0 1 -2  1
6	% 
  0  0  0  1 -1  0
  1 -1 -1  2 -1 -2
  1  0  0  0  1  0
 -1  0  1 -2  1  0
  0 -1  0  1  0 -2
  0  1  0  0 -1  1
2-1;1,1;1,1 1 11
12 
#2 
6	% 
  0  0 -1 -1  0 -1
  0  0 -1 -1  2 -2
  0 -1  0  1 -1  0
 -1  0  0  0  0  0
  1  0  1  0  1  0
  0 -1  0  0  1 -1
6	% 
 -1 1 0  0 -1 1
  1 1 0 -1  1 0
 -1 0 0  0 -1 1
  1 0 0  0  0 0
  1 0 1 -1  1 0
  1 0 0  0  1 0
1,1,1;1,1,1 1 4
24 
#3 
6	% 
 -1 -1 -1  1  0 -1
 -1  0 -1  0  0 -2
  2  1  1  0  2  1
 -1 -1  0  0 -1  0
  2  1  1 -1  0  2
 -1  0  0  0 -1 -1
6	% 
  1 -1  0  2 -1  0
  1 -1  0  1  0  0
 -2  1  0 -1 -1  0
  1 -1 -1  1  0 -1
 -1  2  0 -2  0  2
  1 -1  0  1  0 -1
6	% 
  0 -1 -1  0  1 -1
  1 -1  0  1  1  0
  0  2  2 -1 -1  2
  0 -1 -1  0  1 -2
  0  2  1  0 -2  3
 -1 -1 -1  1  0 -2
2-2;1,1,1,1 1 2
4 
#1 
6	% 
  1  1 1  0 0  1
  1  0 0  1 0  0
  1  1 0 -1 1  0
 -1 -1 0  0 0 -1
  1  1 0  0 1  0
 -1 -1 0  0 0  0
2-1;1,1;1;1 1 32
24 
#4 
6	% 
 0  0 -1  1 -3 -2
 0  0  1 -1  2  3
 1  0 -1  2 -4 -4
 0  1  2 -2  4  5
 0 -1  2 -1  4  4
 1  0  2 -2  5  4
6	% 
 -1  1 -1  0  0 0
 -1 -1  0  0 -1 0
  0  1  0  0  1 0
  0 -1  1  0 -1 0
  0 -1  1  0 -1 1
  0 -1  1 -1  0 0
6	% 
 0  0  0  1 -1  2
 0  0 -1  0  0 -2
 1  0  1  1  0  3
 0  1 -1 -1  1 -3
 0 -1 -1  0  1 -4
 1  0  0 -1  1 -3
6	% 
  1 -1 0  0  1 -1
 -1 -1 0  1 -1  0
  1  0 0 -1  1  0
 -1  0 1  0 -1  1
 -1  0 0  1 -2  1
 -1  0 0  1 -1  1
2-2;2-1;1;1 1 13
4 
#1 
6	% 
 0 1  0 -1 0 1
 1 0  1 -1 1 0
 0 0  0  1 0 0
 0 0  1 -2 1 0
 0 0  1 -1 0 1
 0 0 -1  1 0 0
2-1;1,1;1;1 1 35
24 
#6 
6	% 
  0 -1  0  1 -1  1
  1  0  1 -1  3 -2
 -1 -1  0  0  1 -2
  0  0 -1  1 -3  2
  0  0  0  0  1 -2
  0  0  0  0  1 -1
6	% 
 -1  0  0  1 -1 1
  0  1  0 -1  1 0
  0  0 -1  0  0 0
  1 -1  1  0  0 0
  0  0  0 -1  0 0
 -1  1  0  0 -1 1
6	% 
  1 -2  0  1  1 -1
  0  1  0 -1  1  0
 -1  1 -1  0 -1  1
  0  0  1  0 -1  1
 -1  1  0  0 -1  1
  1 -1  0  1  1 -1
6	% 
  1  0  0 -3  1 -1
  1  0  1  0  1  0
  0  0  0  3 -1  0
 -2  0 -1  0 -1  0
 -1 -1  0  3 -1  0
  1 -1  0 -2  1 -1
6	% 
 -1  0  0 -1  0  0
  0  1  1  0 -1  2
  0  0  1  0  0  0
  1 -1 -1  0  2 -2
  0  0  0  1  0  0
 -1  1  0  0 -1  1
6	% 
  0 -1 -1  3 -2 -1
 -1  0 -1  0  0  0
  1 -1  1 -1  2  0
  0  0  1 -1  0  0
  0  0  1 -2  1  1
  0  0 -1  2 -2  0
1,1,1;1,1;1 1 12
72 
#8 
6	% 
 0 -2 -1  0  1 -2
 0  0  3  1 -1  3
 0  2 -3 -1  0 -2
 0  0  2  0  0  1
 0  1 -2  0 -1  0
 1 -1  0  0  1 -1
6	% 
 0  2 -1  0  3  0
 0  2 -2  1  3 -1
 0 -4  3 -1 -5  1
 0  1 -2  0  2 -1
 0 -2  3  0 -3  1
 1  1  0  0  2  0
6	% 
  0 0 -1  0  1  0
  0 0  2  1  2  1
  0 0 -1 -1 -2 -1
  0 1  2 -1  1  2
  0 0 -1  0 -1 -1
 -1 0 -1  0  0  0
6	% 
 0  0  0 -2 -2  1
 0  0  1 -2 -3  2
 0  0 -2  7  8 -5
 1  0  1 -1 -1  1
 0 -1 -1  4  4 -3
 0  0  0 -1 -1  0
6	% 
 0 -2  0 -2  0 -1
 0 -2  1 -4 -1  0
 0  6 -1  9  1  2
 1 -1  1 -2  0  0
 0  3 -1  5  0  1
 0 -1  0 -1  0  0
6	% 
  2  2  2 -2  2  1
  0  2  3 -4  3  1
 -2 -4 -6  7 -6 -2
  0  1  2 -1  1  1
 -1 -2 -3  3 -3 -1
  1  1  1 -1  1  1
6	% 
  0  0 0  0 -2  1
  1  1 1 -1  2  0
 -1 -1 0  0  1 -1
  0  1 1  0  0  1
 -1  0 0  0  0  0
  0  0 0  0 -1  1
6	% 
  0  0  0  2 -2  1
 -1  1 -1  1 -2  1
  1 -1  0 -2  3 -2
  0  1  0  0 -1  1
  0 -1 -1  0  2 -2
  0  0  0  1 -1  1
2-2;1,1,1;1 1 5
8 
#1 
6	% 
 0 -1  0 0 0 -1
 1 -2  1 0 0 -2
 1  2  0 0 1  2
 0  3  0 0 0  4
 0  3 -1 1 0  3
 0  3  0 0 1  3
1,1,1,1;1;1 1 5
16 
#3 
6	% 
 0 0  1  0  0 0
 0 0  1  1 -1 0
 1 0  1  0  0 0
 0 1 -1  0  1 1
 0 1  1 -1 -1 0
 1 0  0  0  1 0
6	% 
  0  1  0  1 -1  1
  0  0  0  1  0  1
 -1  0  0  1 -1  1
  0 -1 -1 -2  1 -2
  0  1  1  2 -2  3
 -1  0 -1 -1  0 -1
6	% 
  0 0  0  1  0 0
 -1 1 -1  1  0 0
 -1 0 -1  2 -1 0
  1 0  1 -2  0 1
 -1 0 -1  2  0 0
  1 0  0 -1  0 0
2-1,2-1;1,1 2 4
12 
#1 
6	% 
 0 0  0  0  0 -1
 0 0 -1 -1  0  0
 1 0 -1 -2  1 -1
 1 1  0  0  0  1
 0 0  0  2 -1  1
 0 1 -1 -3  1  0
2-1;2-1;1,1 1 10
3 
#1 
6	% 
  0  1  0  2 -1 0
  0  0  0 -3  1 0
 -1 -1  0  0  0 0
  0  0  1  2  0 1
 -1  1 -1  0 -1 0
  0  1  0  2 -1 1
2-1,2-1;1;1 3 7
12 
#1 
6	% 
  0 1 1 -2  1  1
 -1 0 0 -1  1 -2
  0 1 2 -2  1  2
  1 0 0  1  0  1
  0 0 1  0 -1  1
  0 0 0  1  0  0
1,1,1;1;1;1 1 15
12 
#2 
6	% 
 1 0  2  1 -1 0
 0 1 -1 -1  1 0
 0 0  0 -1  1 0
 1 0 -1 -1  2 0
 0 0  1  0  0 0
 0 1  1  0 -1 1
6	% 
 1  1 1  1 0  1
 0 -1 0 -2 1 -1
 0 -1 0 -1 0  0
 1 -1 0 -1 1 -1
 0  1 0  1 0  1
 0  1 1  1 0  1
1,1;1,1;1;1 1 31
24 
#4 
6	% 
  1 0  0  0  0 -2
 -1 0  0 -1  0  2
 -1 1 -1  0 -1 -1
 -2 0 -1  0 -1  0
  0 0 -1  1  0 -2
 -1 1 -1  0  0  0
6	% 
 0  4  3 -6  4  2
 0 -4 -4  5 -3 -3
 1  3  3 -4  3  1
 0  0  0  0  0 -1
 0  3  3 -4  2  2
 1  0  1  0  0  0
6	% 
 -1  0 -1  0 0  0
  0 -1  0  1 0 -1
  0  0 -1  0 0 -1
  0  0  0  0 0 -1
  1  1  0 -1 1  0
  1  1  0  0 0  0
6	% 
  2 -1  1 -1  2 -1
 -2  1 -2 -1 -1  0
  1 -1  0  1  0  0
  0  0 -1  1 -1  0
  1 -1  1  1  0  0
  0  0  0  1 -1  1
2-2;1,1;1,1 1 6
12 
#2 
6	% 
 -1 -1 -1  0  0 -1
 -1 -1  0  1 -1  0
  0  1  0  1 -1  1
  0  0  1  2 -2  2
  0  0 -2 -1  1 -2
  0 -1  1  1  0  0
6	% 
 -1  1  1 -1  2  0
  1 -1  0  2 -3  1
  0 -1  0  1 -2  0
  1 -1  0  1 -3  1
 -1  1  1 -2  3 -1
  1  0 -1  1 -1  0
1,1;1,1;1,1 1 11
21 
#4 
6	% 
  0  0 -2 -1  1 -1
 -1 -2  1  1  1  0
 -1 -2  0  2 -3 -1
  1  1  0  0 -2  0
  1  1  3  1 -1  2
  0  0 -2 -2  4 -1
6	% 
  0  0  1 -1  2 -2
 -1  0  1  0 -1  3
  0  1  0 -2  1  2
  1  1 -1 -1  1 -1
  0  0 -2  2 -4  3
 -1 -1  2  0  2 -3
6	% 
  0  0  0 -1  0  0
  1 -2 -1  3 -1  1
 -1 -2 -2  3 -2 -3
 -1  1  0 -1  0 -2
  0  1  0  0  1  0
  1  0  1 -1  0  3
6	% 
  0  0 -2  3 -3 -2
  0  1  2 -3  2  1
 -1  0  1 -2  2  0
 -1 -1 -2  2  0 -1
  0  0  2 -3  3  3
  1  1 -1  2 -4 -1
1,1;1,1;1;1 1 39
48 
#6 
6	% 
  0  0 -1  2 -2  1
  0  0  1  0  1 -1
  0 -1 -1  1 -1  0
 -1  0  0 -1  1 -1
  0 -1  1  0  1 -1
  1  0  1 -1  2 -1
6	% 
  0 0 1 -1  0  2
  0 0 0  0 -1  2
  1 0 0  1  0 -1
 -1 0 0  0  0 -1
  0 1 1 -1  0  2
  0 1 0 -1  1 -1
6	% 
 -1 -1  0  2 -1  0
 -1  1  1  0 -2  2
  0 -1 -1  1  0 -1
  0  1  0 -1  0  0
  0  1  0  0 -1  1
  0  1  0 -1  0  1
6	% 
 -1 -1  1 -1 -1  0
 -1  1 -1  0  1 -1
  0 -1  1  0 -1  1
  0  1 -1  0  1  0
  0  1  0  0  1  0
  0  1 -1  1  0  0
6	% 
  1  1 0  0  1  0
 -1 -1 0  0  0 -1
  0  1 0  0  0  1
 -1  0 0  0 -1  0
  0 -1 1  0  0  0
 -1  0 0 -1  0  0
6	% 
  1  1 -1 -1  1 -4
 -1 -1 -2  0  0  2
  0  1  1  0  0 -1
  0 -1  1  1  0  2
 -1  0 -2  0  0  1
 -1  0  1  0 -1  3
1,1,1;1;1;1 1 19
20 
#6 
6	% 
  0  0 0  0  1  0
  0  0 0 -1  1  0
  0 -1 0  0 -1 -1
 -1  0 0  0  1  0
  1  0 1  0  2  0
  0 -1 0  1  1  0
6	% 
  0 0  0  0  0 -1
  0 0  1 -1  2  1
  0 1  0 -1  1  1
  1 0  0  0  0 -1
 -1 0 -1  0 -1 -1
  0 1  0  0 -1  0
6	% 
 1 -1  0  1 0 0
 0  0 -1  1 0 0
 0  1  1 -1 0 1
 0 -1  0  1 0 0
 1  0  0  1 0 0
 1  0  0  0 1 0
6	% 
  2 0  0 -1  2 -1
  1 1  0 -1  1  0
 -1 0  0  1 -2  1
  1 0  0 -1  1  0
  1 0  0 -1  1 -1
  1 0 -1  0  1 -1
6	% 
  2 0  2 -1  0  1
  1 1  1 -1  0  1
 -1 0 -2  1  0 -1
  1 0  1 -1  0  0
  1 0  1 -1  0  1
  1 0  1  0 -1  1
6	% 
  1 1  1  0  0 1
  1 1  1  1  0 1
 -1 0 -1 -1  0 0
  1 0  1  1  0 1
  0 1  1  0  0 1
  0 1  0  1 -1 1
2-1;1;1;1;1 1 37
6 
#2 
6	% 
  1  0  0 0 0  0
  0  0  0 1 0  0
  0  1 -1 0 0  0
 -1 -1 -1 0 0 -1
 -1  0 -1 0 0 -1
  1  0  1 0 1  0
6	% 
  1 0 1  0  1 0
  0 0 0 -1  0 0
  1 0 1  0  0 1
  0 0 0  1 -1 0
  0 1 0  0 -1 1
 -1 0 0 -1  0 0
3;1,1,1 1 3
1 
#1 
6	% 
  2 0 0 -1  2 -1
  1 1 1  0  0  1
  1 0 0  0  1 -1
  1 0 1 -1  1  0
 -1 0 0  0  0  0
 -1 0 0  0 -1  0
2-1;1;1;1;1 1 45
4 
#2 
6	% 
 0 1  0  0 0  0
 1 0  0  0 0  0
 0 0  0 -1 0  0
 0 0 -1  0 0  0
 0 0  1 -1 1  0
 0 0 -1  1 0 -1
6	% 
  0 -1 0  1  0  0
 -1  0 0 -1  0  0
 -1  1 0 -1 -1  1
  0  0 0 -1  0  0
  1  1 1  0  0  1
  0 -2 0  1  0 -1
2-1;2-1;1;1 1 29
3 
#1 
6	% 
  1  0  0  0  0  0
  1  0  0  0  1 -1
 -1 -1  0  1 -1  0
  0  0  1 -1  1  0
  1  1  0  0  0  0
 -1  0 -1  0 -1  0
1,1;1;1;1;1 1 54
32 
#5 
6	% 
 -1 -1 -1  1 -1 -1
 -1  1  0 -1  0  1
  0  1  0 -1  1  0
  0  1  0  0  0  1
  0  1  1 -1  0  1
  0 -1  0  1  0 -1
6	% 
 1  1  0 -1  1 0
 1 -1  1  1  0 0
 0 -1  1  1 -1 1
 0 -1  0  2 -1 0
 0 -1  1  1 -1 0
 0  1 -1 -1  0 0
6	% 
  0  0 -1  1 -2  1
  0  0  1 -1  2  0
  0 -1  2 -1  3 -1
 -1  0  1 -2  3 -1
  1  0  2 -2  4 -1
  0 -1 -2  2 -3  0
6	% 
  0  0  0 -1  1 0
  0  0  0  1 -1 1
 -1  0 -1  1 -1 0
  0  1  0  0 -1 1
  0 -1  0  1 -1 0
 -1  0  0 -1  0 0
6	% 
  1  1 -1  1 -1  1
 -1 -1  1 -1  1  0
  0 -1  0  0  1 -1
 -1  0  0 -1  0  0
  0 -1  1  0  0  0
  1  0  0  0  0  0
1,1;1;1;1;1 1 34
3 
#1 
6	% 
 0 1 -1  0  0  0
 0 0  2 -1  0  2
 1 0 -1  1  0 -1
 1 0  2 -1  1  1
 0 1 -3  1 -1 -2
 0 0 -2  1 -1 -1
3;1,1;1 1 11
2 
#1 
6	% 
 -1  1  0  0 -1  1
  1  1  1  0  0  1
  0  1  1  0  0  1
  0  1  1  0 -1  2
  0 -1  0 -1  1 -1
  0 -1 -1  0  1 -1
2-2;1,1;1;1 1 16
4 
#1 
6	% 
 -1  0 -1  0  0 0
 -1  0  0  0 -1 0
  0 -1  1  0  0 0
  0  0  1  0  0 0
  0  0  0 -1  1 0
  0  1  0  0 -1 1
3;1,1;1 1 15
3 
#2 
6	% 
  0  0 -1 1  0  0
  0  0 -1 1 -1  0
  0  0 -1 1  0 -1
 -1 -1 -2 2 -1 -1
  0 -1 -1 1  0 -1
  0  0 -2 1  0 -1
6	% 
  0  0 1 -1  0  0
  0  0 0  0 -1  0
  0  0 0  0  0 -1
 -1 -1 1  1 -2  0
  0 -1 1  1 -1  0
  1 -1 1  0  0 -1
1;1;1;1;1;1 1 45
4 
#2 
6	% 
 0 1 0 -1 0  1
 1 0 0  0 0  0
 0 0 1  0 0  0
 0 0 0 -1 0  0
 0 0 0  1 0 -1
 0 0 0 -1 1  0
6	% 
  0  1  0  0  0  0
 -1  0  0  0 -1  0
  1 -1  0  1  0  0
  0  0  1  0  0  0
  0 -2 -1  1  0 -1
  1  1  1 -1  1  0
2-2;1;1;1;1 1 22
4 
#1 
6	% 
  0 0  1  0 0 1
  0 1  1 -1 0 1
 -1 0 -1  0 0 0
  0 1  0  0 0 1
  0 0 -1  0 0 0
  1 0  1  0 1 0
1,1;1;1;1;1 1 57
15 
#5 
6	% 
 1  1  0  0 0  0
 0 -1  0  1 0 -1
 0  0 -1  0 0 -1
 0  0  1 -1 1  1
 0  0  0  0 0 -1
 0  0 -1  1 0 -1
6	% 
  1  1  0  0 -1  0
  0  1 -1  0 -1  0
  2  0  1  0  1  0
 -2 -2 -1  1 -1 -1
  1  1  0  0  0  1
  1  1  0 -1  1  0
6	% 
  0  0 -2 -1  1  0
  1  0  3  0  0  1
 -1 -1  0  0  0  0
  0  0 -1  1 -1 -1
  0  0  1 -1  0  1
  1 -1  1  0  1  0
6	% 
  0  0  0 -1  0  0
  1  0  0  0  1 -1
 -1 -1 -1  0  0 -1
  0  0  1  1 -1  1
  0  0  0 -1  1 -1
  0  0 -1  0  0 -1
6	% 
  1 -1  1  1  0  0
  1  0  0 -1  2 -1
  1 -1  0  1  0 -1
 -2  2 -1 -1 -1  1
  1 -1  0  1  1 -1
  1 -1  1  0  1 -1
3;1;1;1 1 20
1 
#1 
6	% 
 1 0  0  0  0 0
 0 1 -1  0 -1 0
 0 0  1  0  0 1
 0 0 -1  0 -1 0
 0 0  1 -1  1 0
 0 0  0  0  1 0
3;1;1;1 1 23
1 
#1 
6	% 
  1  0 0 0  1 -1
  0  0 1 0  0  0
  0  1 0 0  0  0
 -1  0 0 0 -1  0
  0  0 0 0  1 -1
  0 -1 0 1  0 -1
1;1;1;1;1;1 1 47
1 
#1 
6	% 
  0 -1  0  1 0 -1
  1  1  0  0 1  0
  0  0 -1  1 0 -1
 -1  0  0 -1 0  0
  0 -1  0  0 0 -1
  0 -1  0  0 0  0
