#23

4-3;1;1 1 5
1 
#1 
6	% 
 1 0 0 0 0 0
 0 1 0 0 0 0
 0 0 1 0 0 0
 0 0 0 1 0 0
 0 0 0 0 1 0
 0 0 0 0 0 1
1,1,1,1,1,1 1 1
1 
#1 
6	% 
 1 0 0 0 0 0
 0 1 0 0 0 0
 0 0 1 0 0 0
 0 0 0 1 0 0
 0 0 0 0 1 0
 0 0 0 0 0 1
1,1,1,1,1;1 1 2
11 
#2 
6	% 
  0  1 0  2  1  1
  0  1 0  1  0  0
  0  1 0  2 -1  0
  0  2 1  2  2  1
 -1 -2 0 -2  0 -1
 -1  3 1  3  1  0
6	% 
  1  0  0  0  0  0
  0  0  1  0  0  0
  0 -1  0 -1 -1 -1
  1  0  1  0  0 -1
 -1  1 -1  1  0  1
  1 -1  1  0 -1 -1
2-1;1,1;1,1 1 11
15 
#1 
6	% 
 -1 1  1  1  1 0
  1 0  0  0  0 1
  0 0 -1  0  0 0
  0 0  0 -1  0 0
  0 0  0  0 -1 0
  0 0  0  0  0 1
1,1,1,1;1,1 1 3
25 
#2 
6	% 
  0 1  0  0  0  0
  1 0  0 -1  0  0
  1 0  1  1  0  0
 -1 0 -1  0  0  0
  1 0  0 -1  1  1
 -1 0  0  1 -1 -2
6	% 
  0  0 -1 -1 -1  0
  0  0  0  0  0  1
  1 -1 -1  0 -1  1
 -1  1  1  0  2 -1
 -1  0  0 -1  1  0
  1  0  0  0 -1  0
2-1;1,1,1;1 1 8
15 
#1 
6	% 
 1  0  0  0 0 1
 0 -1  0  0 0 0
 0  1  0  0 0 1
 0  1  0  0 1 0
 0 -1  0 -1 0 0
 0 -1 -1  0 0 0
1,1,1;1,1,1 1 4
15 
#1 
6	% 
 -1  1  0 1  2  0
 -1  1  0 0  2  0
  2 -2  0 0 -3  0
 -1  0 -1 0  1 -1
  2  0  1 0 -2  0
 -1  0 -1 0  1  0
2-2;1,1,1,1 1 2
10 
#1 
6	% 
  0  1  0  0  0  0
  0  0  1  0  0  0
 -1 -1 -1 -1 -1 -2
  1  0  0  0  1  2
 -1  0  0 -1  0 -2
  1  0  0  1  1  1
1,1,1;1,1;1 1 12
45 
#2 
6	% 
 0 -1 -1 -1 -1 -1
 0 -1 -1 -2 -1 -1
 0  2  1  2  1  2
 0  0  0 -1 -1 -1
 0  0  0  1  1  2
 1 -1 -1 -1 -1  0
6	% 
  0  0  0 -1 -1  0
  0 -1  0 -1 -1  0
  0  1 -1  1  1 -1
  1 -1  0 -1 -1  0
 -1  1 -1  1  1  0
  0  0  0  0 -1  0
2-2;1,1,1;1 1 5
20 
#2 
6	% 
  0 1 0 0 0  0
 -1 0 0 0 0 -1
 -1 1 1 1 1  0
  0 0 0 1 1  1
  0 0 1 0 1  1
  0 0 1 1 0  1
6	% 
  1 0 0  0 0  1
  1 0 0  0 1  1
 -1 0 0 -1 0 -1
 -1 0 0  0 0  0
 -1 0 1  0 0 -1
 -1 1 0  0 0 -1
4-3';1;1 1 4
6 
#1 
6	% 
  0  0  1  0  0  0
 -1  0  0  1  0  0
  0 -1 -1  0 -1  0
  0  1  0  0  0  0
 -1  0  0  0  0 -1
  1  0  0 -1  0  1
1,1,1,1;1;1 1 5
25 
#2 
6	% 
 0  0  0 -1  0  0
 0 -2  0 -1 -3 -2
 1 -1  0 -2 -1  0
 0  2  0  2  2  1
 0 -1  0 -2 -2 -2
 1  0 -1  1  0  1
6	% 
 -1  0  0 -1 -1 -1
 -1  1  0 -1 -1 -1
  0  1  0 -1  0  0
  1 -1 -1  1  1  1
 -1  1  0 -1 -1  0
  0 -1  0  0  1  0
2-1;1,1;1;1 1 32
15 
#1 
6	% 
 1  0  0  0  0  1
 1 -1 -1 -1 -1  0
 0  0  1  0  0  0
 0  0  0  0 -1  0
 0  0  0 -1  0  0
 0  0  0  0  0 -1
1,1,1;1;1;1 1 19
5 
#1 
6	% 
  1 0 0 0 0  1
  0 1 0 0 0  0
 -1 0 0 0 0 -2
  1 0 0 1 0  1
  1 0 0 0 1  1
  1 0 1 0 0  1
1,1,1;1;1;1 1 15
15 
#1 
6	% 
  0  3  3  2  4  2
 -1 -1 -2 -1 -2 -2
  0 -1 -1  0 -1 -1
  0 -3 -4 -2 -3 -2
  0  1  1  1  1  0
 -1  2  3  2  3  1
1,1;1,1;1;1 1 39
15 
#1 
6	% 
 -1  0 -1  2 -1  1
  1 -1  1 -2  1 -1
 -1  1 -1  2  0  1
  1  0  1 -1  1 -1
  1 -1  0 -2  1 -1
  1  0  1 -2  1  0
4-3';1,1 1 2
6 
#1 
6	% 
 -2 -1 -1 -1 -1 -3
 -1  0  0  0 -1 -2
 -1  0  0 -1  0 -2
  1  0  1  1  0  1
 -1 -1 -1  0  0 -1
  1  1  0  0  1  1
2-2;1,1;1,1 1 6
10 
#1 
6	% 
 -1  0  0  0  0 -1
 -1  1  1  1  1  0
  0  1  1  0  1  0
  0  1  2  1  1  1
  0 -1 -1 -1 -1 -2
  0  1  0  1  0  1
3;1,1,1 1 3
5 
#1 
6	% 
  1  0  0  0  0  1
 -1 -1 -1 -1 -1 -2
  0 -1  0 -1 -1 -1
  0 -1 -1  0 -1 -1
  0  1  1  1  0  1
  0  1  1  1  1  0
1,1;1;1;1;1 1 54
5 
#1 
6	% 
 -1  1  1  1  1  0
 -1  0  0  0  0 -1
  0 -1  0 -1 -1 -1
  0  0 -1 -1 -1 -1
  0 -1 -1 -1 -1  0
  0  1  1  1  0  1
2-2;1,1;1;1 1 16
10 
#1 
6	% 
 -1  1  1  1  1  0
 -1  0  0  0  0 -1
  0 -2 -1 -1 -2 -1
  0 -3 -3 -3 -3 -2
  0  2  3  3  3  3
  0 -1 -2 -1 -1 -2
3;1,1;1 1 11
5 
#1 
6	% 
 -1  0  0  0  0 -1
  1 -1 -1 -1 -1  0
  0  0 -1 -1 -1 -1
  0 -1  0 -1 -1 -1
  0  1  1  0  1  1
  0  1  1  1  0  1
4-3;1,1 1 2
1 
#1 
6	% 
 1 0  0  0  0 1
 0 0  0  0  0 1
 0 0  0  0 -1 0
 0 0  0 -1  0 0
 0 0 -1  0  0 0
 0 1  0  0  0 0
