#70

2-2;2-1;1;1 1 3
1 
#1 
6	% 
 1 0 0 0 0 0
 0 1 0 0 0 0
 0 0 1 0 0 0
 0 0 0 1 0 0
 0 0 0 0 1 0
 0 0 0 0 0 1
1,1,1,1,1,1 1 1
1 
#1 
6	% 
 1 0 0 0 0 0
 0 1 0 0 0 0
 0 0 1 0 0 0
 0 0 0 1 0 0
 0 0 0 0 1 0
 0 0 0 0 0 1
2-1;1,1,1,1 1 1
1 
#1 
6	% 
 1 0  0  0  0  0
 0 1  0  0  0  0
 0 0  0 -1 -1 -1
 0 0 -1  0 -1 -1
 0 0 -1 -1  0 -1
 0 0  1  1  1  1
1,1,1,1,1;1 1 1
2 
#1 
6	% 
  0 0  0  0 -1  0
 -1 0 -1  0 -1 -1
 -1 0  0 -1 -1 -1
  0 0 -1 -1  0 -1
  1 0  1  1  1  1
  0 1  0  0  0  0
1,1,1,1,1;1 1 2
10 
#4 
6	% 
  0  0  0  1  1 1
  0 -1  0  0  0 0
  0  0  0 -1  1 0
 -1 -1  0  0  1 0
  0  1 -1  1 -1 0
  0 -1 -1  0  1 0
6	% 
  1  0  0  0  0  0
  0  0  1  0  0  0
  1  0  1 -1  0  0
  0 -1  0 -1 -1 -1
 -1  1 -1  1  0  1
  1 -1  1 -1 -1  0
6	% 
  0  0  0  1  0 -1
  0  0  1  0  0 -1
  1 -1  1  1  1  0
  0  0  0  0  1 -1
 -1  0 -1 -1 -1  1
  0 -1  1  1  1 -1
6	% 
  1 0  0  0  0 -1
  1 0  0  0  0  0
  1 0  0  0 -1 -1
  2 1  2 -1  1  1
 -2 0 -1  0  0  0
  2 0  1 -1  0  0
1,1,1,1;1,1 1 1
3 
#3 
6	% 
  0 -1 0  0 -1 -1
 -1  0 0  0 -1 -1
 -1 -1 0  0  0 -1
  1  1 0  0  1  1
  0  0 0 -1  0  0
  0  0 1  1  0  0
6	% 
 0  0 -1 -1  0 -1
 0  0  0 -1 -1 -1
 0  0 -1  0 -1 -1
 0  0  1  1  1  1
 0 -1  0  0  0  0
 1  1  0  0  0  0
6	% 
  0 -1 -1 -1 0  0
 -1  0 -1 -1 0  0
 -1 -1  0 -1 0  0
  1  1  1  1 0  0
  0  0  0  0 0 -1
  0  0  0  0 1  1
2-1;1,1,1;1 1 4
8 
#3 
6	% 
 1 0  0 0 0 0
 0 1  0 0 0 0
 0 0  0 1 1 1
 0 0  0 2 0 1
 0 0 -1 0 0 0
 0 0 -1 1 0 0
6	% 
 1 0  0  0  0  0
 0 1  0  0  0  0
 0 0 -1 -1 -1 -1
 0 0 -2 -1 -1 -1
 0 0  1  1  0  1
 0 0 -1 -1 -1  0
6	% 
 1 0  0 0 0  0
 0 1  0 0 0  0
 0 0  0 0 1  0
 0 0 -2 1 0 -1
 0 0  1 0 0  0
 0 0 -1 1 0  0
2-1;1,1;1,1 1 1
1 
#1 
6	% 
 0 1 0  0 0  0
 1 0 0  0 0  0
 0 0 0 -1 0  0
 0 0 1  1 0  0
 0 0 0  0 0 -1
 0 0 0  0 1  1
1,1,1,1;1,1 1 2
16 
#3 
6	% 
 -1  0  0  1  0  0
 -1  0  0  0 -1 -1
 -1  0  0  0  1  0
  0 -1 -2  1  0  0
  1  1  1 -1  0  0
 -1  1  1  0  0  0
6	% 
  0 0  1  0  0  0
 -1 0  1  0  0  0
  0 0  1 -1  0  0
  0 1  0  0  1 -1
  1 0 -1  1  0  1
 -1 0  1 -1 -1  0
6	% 
  1  0  0  0 0  0
  1  0  0  0 0 -1
  2  0  2 -1 1  1
  0  1  0  0 0  0
 -2 -1 -1  0 0  0
  2 -1  1 -1 0  0
1,1,1;1,1,1 1 1
2 
#1 
6	% 
  0  0 1  1  0  0
  0 -1 0  0  0  0
  0  0 0 -1  0  0
  0  0 0  0 -1 -1
 -1  0 0  0  0 -1
  1  0 0  0  1  1
1,1,1,1;1,1 1 3
28 
#5 
6	% 
 0  1  0 -1  0  0
 1  1  0  1  1  1
 0  0 -1  1 -1  1
 0 -1  1 -1  0 -1
 0  1  1  0  1  0
 0  0 -1  0 -1  1
6	% 
  1 -1  0  1  1 0
  1 -1  0  1  1 1
  1  1  1  0  0 0
 -1  0 -1  0 -1 0
  0 -1 -1  1  1 0
  1  1  1 -1  0 0
6	% 
  1 -1  0 1  0 0
 -1  1 -1 0  0 0
  0  1  0 0  0 0
  0 -1  1 0  0 1
 -1  0 -1 0 -1 0
  1  0  0 0  0 0
6	% 
  1  0  0  0  0  0
  2  1  2 -1  1  1
 -1  0  0  1  1  0
 -1 -1 -1 -1 -1  0
  1  1  1 -2  0  1
  1  0  0  1  0 -1
6	% 
  1 -1  0  0 -1  0
 -1  1 -2  1 -1 -1
  0  1  0  0  0  0
  0 -1  1 -1  1  0
 -1  0 -1  0 -1  0
  1  0  0  0  0  0
1,1,1;1,1,1 1 2
10 
#4 
6	% 
 -1  1  0  0  0  0
  0  1  0  0  1  1
  0  0  0 -1  0  0
  0  0 -1 -1 -1  1
  0 -1  1  1  0 -1
  0  1  1  1  1  0
6	% 
  0  1  0  0 0  0
  1  1  2 -1 0  0
  0  0  0 -1 0 -1
  0  0  0  1 1  1
 -1 -1 -1  0 0  0
  1  1  1 -1 0  0
6	% 
  0  0 -1 1  0  0
  0  0  1 0  0  0
 -1  1  0 0 -1 -1
  0  0  0 0 -1  0
  1  0  0 0  1  0
  0 -1  0 0  1  0
6	% 
  1  0 0  1  0  0
 -1 -1 0 -1  0  0
  0  0 0  0 -1  0
  0  0 0  0  0 -1
  0  0 1 -1  1  1
  0  0 1  0  1  1
2-1;1,1;1,1 1 7
6 
#1 
6	% 
 0 1  0  0  0  0
 1 0  0  0  0  0
 0 0  1 -1  1 -1
 0 0 -1  1  0  1
 0 0  1  0  1 -1
 0 0 -1  0 -1  0
1,1,1;1,1,1 1 3
12 
#1 
6	% 
 -1  0  0  1  0  0
  0 -1  0  0  1 -1
  0  0  0  1  0  1
  1 -1 -1  0  0  0
  0  0  0 -1 -1  0
 -1 -1 -1  1  0  0
1,1,1;1,1,1 1 4
12 
#1 
6	% 
  1  1  1 -1 0  0
  0  1  1  0 0  0
 -1 -1 -1  0 0 -1
  1  1  1  0 0  0
 -1 -1 -1  1 1  0
  1  0  1 -1 0  0
2-2;1,1,1,1 1 1
1 
#1 
6	% 
  0  0 0 1  0  0
  0  0 1 0  0  0
  0 -1 0 0 -1 -1
 -1  0 0 0 -1 -1
 -1 -1 0 0  0 -1
  1  1 0 0  1  1
2-2;2-1;1,1 1 1
1 
#1 
6	% 
 0 1  0 0 0  0
 1 0  0 0 0  0
 0 0  0 1 0  0
 0 0 -1 1 0  0
 0 0  0 0 0 -1
 0 0  0 0 1  1
1,1,1,1;1;1 1 1
1 
#1 
6	% 
 0 0 -1 -1  0 -1
 0 0 -1  0 -1 -1
 0 0  0 -1 -1 -1
 0 0  1  1  1  1
 1 0  0  0  0  0
 0 1  0  0  0  0
1,1,1;1,1;1 1 3
16 
#3 
6	% 
 0 0 1 0 0 0
 0 0 0 0 1 0
 0 0 0 0 0 1
 0 0 0 1 0 0
 1 0 0 0 0 0
 0 1 0 0 0 0
6	% 
 0 0  2 0  1  1
 0 0  1 0  0  0
 0 0 -3 1 -1 -1
 1 0  1 0  1  0
 1 0  0 0  0  0
 0 1  0 0  0  0
6	% 
 0 0 -2  1  0 0
 0 0  0  0  1 1
 0 0  2 -1 -1 0
 0 0 -1  0  0 0
 1 0  0  0  0 0
 0 1  0  0  0 0
1,1,1;1,1;1 1 8
24 
#2 
6	% 
  2 0 -1  2  2 -2
  2 0 -1  2  1 -1
 -5 0  3 -6 -4  4
  1 0 -1  1  1 -1
  1 0 -1  1  0 -1
  0 1  0  0  0  0
6	% 
  2 0  0  0  1 -1
  2 0  0  1  1 -1
 -5 0  0 -3 -3  3
  1 0  0  0  0 -1
  1 0 -1  1  0 -1
  0 1  0  0  0  0
1,1,1;1,1;1 1 1
4 
#2 
6	% 
 0 0 0  0 -1 -1
 0 0 0  0 -1  0
 1 0 0  0  1  1
 0 0 0 -1  0  0
 0 0 1  1  0  0
 0 1 0  0  0  0
6	% 
 1 0  0  1 0 0
 0 0 -1  0 0 0
 0 0  0 -1 0 0
 0 0  0  0 1 0
 0 0  0  0 0 1
 0 1  0  0 0 0
1,1,1,1;1;1 1 2
16 
#3 
6	% 
  0 0  0  0  0 1
 -1 0 -1  2 -1 0
  0 0  0  0  1 0
  0 1  0  0  0 0
  0 0  0 -1  0 0
  0 0 -1  1  0 0
6	% 
 -1 0  0  1 0  0
  0 0  0  1 1  1
 -1 0  0 -1 0 -1
  0 1  0  0 0  0
  1 0 -1  0 0  0
 -1 0 -1  1 0  0
6	% 
  1 0  0  0  0  0
  1 0  0 -1  0  0
  0 0 -1 -1 -1  1
  0 1  0  0  0  0
 -1 0  1  1  0 -1
  1 0 -1 -1 -1  0
2-2;1,1,1;1 1 1
2 
#1 
6	% 
  0 0  0 1  0  0
  0 0 -1 1  0  0
  0 0  0 0 -1 -1
 -1 0  0 0  0 -1
  1 0  0 0  1  1
  0 1  0 0  0  0
1,1,1;1,1;1 1 7
48 
#4 
6	% 
 0  0 0  1  0  0
 0  2 0  2  1  1
 0 -3 0 -5 -2 -2
 1  1 0  1  1  0
 1  0 0  0  0  0
 0  0 1  0  0  0
6	% 
 0 0  2 0 1 1
 0 0  1 0 0 0
 0 1 -2 0 0 0
 0 0  0 1 0 0
 1 0  0 0 0 0
 0 0  1 0 1 0
6	% 
 0 0  0  0 1 1
 0 0 -1  2 0 0
 1 0  2 -4 0 0
 0 0  0  1 0 0
 0 1  1  0 0 0
 0 0  0  0 1 0
6	% 
 0  0 1 -2  0  0
 0  0 0  0 -1 -1
 1  0 0  0  2  2
 0 -1 0  0 -1  0
 0 -1 0  0 -1  1
 0  0 1 -1  0  0
1,1,1;1,1;1 1 4
16 
#3 
6	% 
 1 0  0 0  0  1
 0 0  0 0 -1  0
 0 0  0 0  0 -1
 0 1 -1 1  0  0
 0 1  0 1  0  0
 0 0 -2 1  0  0
6	% 
  0  1 0 1  0  0
  0  1 0 0  0  0
  0 -1 1 0  0  0
  0  0 0 0 -1  0
 -1  0 0 0 -1 -1
  0  0 0 0 -1  1
6	% 
 0  0 0 0  1 0
 0  0 0 0  1 1
 1  0 0 0 -1 0
 0  0 1 0  0 0
 0 -1 0 0  0 0
 0  0 0 1  0 0
1,1,1;1,1;1 1 2
20 
#8 
6	% 
 0 0 0  1  0  0
 0 0 0  0  1  0
 0 0 0 -2 -1 -1
 1 0 0  0  0  0
 0 1 0  0  0  0
 0 0 1  0  0  0
6	% 
 0 0 0 -1 0 0
 1 0 0  0 0 0
 0 1 0  2 0 0
 0 0 0  0 0 1
 0 0 0  0 1 0
 0 0 1 -1 0 0
6	% 
 0 0  2  2  1  1
 0 0  1  1  0  0
 0 0 -2 -3 -1 -1
 1 0  0  0  0  0
 0 1  0  0  0  0
 0 0  1  1  1  0
6	% 
  2  2 0 0  1  1
  1  1 0 0  0  0
 -2 -3 0 0 -1 -1
  0  0 1 0  0  0
  0  0 0 1  0  0
  1  1 0 0  1  0
6	% 
 -1  1 0 0 0  0
  0  0 0 0 1  1
  1 -1 0 0 0 -1
  0  0 1 0 0  0
  0  0 0 1 0  0
  0  1 0 0 0  0
6	% 
 0 0  1  1 0 0
 0 0  1  1 1 0
 0 0 -1 -1 0 1
 1 0  0  0 0 0
 0 1  0  0 0 0
 0 0  1  0 0 0
6	% 
 -1  1 0  0 0  0
  0  0 1  1 0  0
  1 -1 0 -1 0  0
  0  0 0  0 0 -1
  0  0 0  0 1  1
  0  1 0  0 0  0
6	% 
  2  2  2 -1  0 0
  1  1  0  0  0 0
 -2 -3 -2  1  0 0
  0  0  0  0  1 1
  0  0  0  0 -1 0
  1  1  1 -1  0 0
1,1,1;1,1;1 1 9
56 
#10 
6	% 
  2  2  0 0  1 -1
  1  1  0 0  0  0
 -2 -3  0 0 -1  1
  1  1  0 2  1  0
  0  0 -1 0  0  0
  0  0 -2 1  0  0
6	% 
  1  1 0  0 0 0
  1  1 0  0 1 0
 -1 -1 0  0 0 1
  1  0 0  1 0 0
  0  0 1  0 0 0
  0  0 2 -1 0 0
6	% 
 0  0 -1  2  0 0
 1  1  0  0  0 0
 0 -1  1 -2  0 0
 0  0 -1  1  0 0
 0  0  1  0  0 1
 0  0  0  0 -1 1
6	% 
 0 0 0 -1  0 0
 1 0 0  0  0 0
 0 1 0  2  0 0
 0 0 1 -1  1 1
 0 0 0  0 -1 0
 0 0 0  0 -1 1
6	% 
 -1  1  0 0 0  0
  0  0  1 1 0  0
  1 -1 -1 0 0  0
  0  1  0 0 0  0
 -1 -1  0 0 0 -1
  0  0  0 0 1 -1
6	% 
 0 0  1 0  0  0
 0 0  0 0  1  0
 0 0 -2 0 -1 -1
 0 0  0 1  0  0
 0 1  0 0  0  0
 1 1  0 0  0  0
6	% 
  0  0  2  2  1  1
  0  0  1  1  0  0
  0  0 -3 -2 -1 -1
  0  0  1  1  1  0
  0 -1  0  0  0  0
 -1 -1  0  0  0  0
6	% 
  0  0 -2  1 -2 -2
  0  0  0  0 -1 -1
  0  0  2 -1  3  2
  0  0 -1  0 -1 -1
  0 -1  0  2  0  0
 -1 -1  0  0  0  0
6	% 
  2  2 0 0  1  1
  1  1 0 0  0  0
 -2 -3 0 0 -1 -1
  1  1 0 0  0  1
  0  0 1 0  1 -1
  0  0 0 1  0  0
6	% 
  1  1 0 0  0  0
  1  1 0 0  1  0
 -2 -2 0 0 -1 -1
  1  0 0 0  0  0
  0  0 1 0  0  0
  0  0 0 1  0  0
1,1,1,1;1;1 1 3
5 
#3 
6	% 
  0 -1  0  0 -1 -1
 -1  0  0  0 -1 -1
 -1 -1  0  0  0 -1
  1  1  0  0  1  1
  0  0 -1  0  0  0
  0  0  1 -1  0  0
6	% 
  0 -1 -1 -1 0 0
 -1  0 -1 -1 0 0
 -1 -1  0 -1 0 0
  1  1  1  1 0 0
  0  0  0  0 0 1
  0  0  0  0 1 0
6	% 
 0 0 -1 -1  0 -1
 0 0  0 -1 -1 -1
 0 0 -1  0 -1 -1
 0 0  1  1  1  1
 0 1  0  0  0  0
 1 0  0  0  0  0
1,1,1,1;1;1 1 5
28 
#5 
6	% 
 1  1  0  1  1 -1
 0  1  0  2  1 -1
 0  0  0  1  1  0
 0 -1 -1 -1 -1  1
 0  1 -1  2  1 -1
 0  0  0 -1  0  1
6	% 
  1 -1  0  2  0  1
  1 -1  0  1  1  1
  1  0  0  1  0  1
 -1  1 -1 -1 -1 -1
  1 -1 -1  2  1  1
  0  1  0 -1  0 -1
6	% 
  1  0  0  0 0  0
  1 -1  0  0 0  0
  1  0  0  0 0 -1
 -2  0 -1  1 0  0
  2  0  0 -1 0  0
 -1  0  0  0 1  0
6	% 
  0  0  0  1  0  0
 -1  1 -1  0 -1 -1
 -1  0 -1  1  0  0
  1 -1  1 -1  1  0
 -1  1 -1  1  0 -1
  0 -1  1 -1  0  0
6	% 
 0 0  0  0  1  0
 0 0  0  0  1 -1
 0 1  0  0  1  0
 0 0 -1  1 -2  0
 0 0  0 -1  2  0
 1 0  0  0 -1  0
1,1,1;1,1;1 1 12
72 
#6 
6	% 
  2 -2 0  3  0  0
  2 -2 0  2 -1 -1
 -5  5 0 -6  2  2
  1 -1 0  1 -1  0
 -2  3 0 -3  2  0
  1 -1 1  1  0  0
6	% 
  0  0 -2 0  1  1
  1 -1 -1 0  2  2
 -1  1  4 0 -4 -4
  0 -1 -1 1  1  1
  0  1  2 0 -2 -2
  0  0 -1 0  1  0
6	% 
  2  2  0  0  1  1
  1  1 -1  2  0  0
 -4 -4  1 -2 -2 -2
  1  0  0  1  0  0
 -2 -2  0 -1 -1 -1
  1  1  0  0  1  0
6	% 
 -1 1  0  0  0  0
  0 0  1 -2 -1  1
  0 0 -2  4  1 -1
  0 0 -1 -1 -1  0
  0 0  0  2  1  0
 -1 0  0  0  0  0
6	% 
 -1  1  0 -2  0  0
 -2  2  0 -4 -1  1
  4 -4  0  9  1 -1
 -1  1  0 -2 -1  0
  2 -2 -1  5  0 -1
 -1  0  0 -1  0  0
6	% 
  2 -2  2 -1  0  0
  1 -1  0  0 -1 -1
 -4  4 -4  2  1  1
  1  0  0  0  0 -1
 -2  2 -2  1  0  1
  1 -1  1 -1  0  0
2-2;1,1,1;1 1 2
4 
#2 
6	% 
  0 -1 0 0  0  0
 -1 -1 0 0 -1 -1
  1  1 0 0  0  1
  0  0 0 1  0  0
  0  0 1 0  0  0
 -1 -1 0 0 -1  0
6	% 
  0  0 0 0 0 1
  0  0 0 0 1 0
  0 -1 0 0 0 0
  0  0 0 1 0 0
  0  0 1 0 0 0
 -1  0 0 0 0 0
1,1,1;1;1;1 1 5
8 
#2 
6	% 
 0  0 0 0  1  0
 0 -1 0 0  0 -1
 0  1 0 0 -1  0
 1  0 0 0  0  0
 0  0 0 1  0  0
 0  0 1 0  0  0
6	% 
 1 0  0  1 0 0
 0 0 -1  0 0 0
 0 0  0 -1 0 0
 0 1  0  0 0 0
 0 0  0  0 0 1
 0 0  0  0 1 0
1,1;1,1;1;1 1 19
12 
#2 
6	% 
 -1  0 0 0 -1  1
  0 -1 0 0 -1 -1
  1  1 0 0  1  0
  0  0 0 1  0  0
 -1  1 0 0  0  1
  0  0 1 0  0  0
6	% 
 1 0  1 -2 0 0
 0 1  1  0 0 0
 0 0 -1  1 0 0
 0 0  0  0 0 1
 0 0  0 -1 0 0
 0 0  0  0 1 0
1,1;1,1;1,1 1 2
8 
#2 
6	% 
 -1  0 0  0 -1  1
  0  0 0 -1  0  0
  0  0 1  1  0  0
  0 -1 0  0 -1 -1
  1  1 0  0  1  0
 -1  1 0  0  0  1
6	% 
 1  0  0  1 0  0
 0  0  0  0 0 -1
 0  0  0  0 1  1
 0 -1 -2  1 0  0
 0  1  1 -1 0  0
 0  1  1  0 0  0
1,1;1,1;1;1 1 4
5 
#3 
6	% 
 0 -1 0 0  0  0
 1  1 0 0  0  0
 0  0 0 0  1  0
 0  0 0 0 -1 -1
 0  0 0 1  0  0
 0  0 1 0  0  0
6	% 
 0 0  1 1  0  0
 0 0 -1 0  0  0
 0 0  0 0  1  0
 0 0  0 0 -1 -1
 0 1  0 0  0  0
 1 0  0 0  0  0
6	% 
 0 -1 0  0 0 0
 1  1 0  0 0 0
 0  0 0 -1 0 0
 0  0 1  1 0 0
 0  0 0  0 0 1
 0  0 0  0 1 0
1,1;1,1;1,1 1 1
1 
#1 
6	% 
 0 -1 0  0 0  0
 1  1 0  0 0  0
 0  0 0 -1 0  0
 0  0 1  1 0  0
 0  0 0  0 0 -1
 0  0 0  0 1  1
1,1,1;1;1;1 1 10
28 
#8 
6	% 
  0 -1 0  0  0  0
 -1 -1 0  0 -1  1
  1  1 0  0  0 -1
  0  0 0 -1  0  0
  0  0 1  0  0  0
 -1 -1 0  0 -1  0
6	% 
  0  0 0  0 0 1
  0  0 0  0 1 0
  0 -1 0  0 0 0
  0  0 0 -1 0 0
  0  0 1  0 0 0
 -1  0 0  0 0 0
6	% 
 0  0  0  0 0 1
 0  0  0  0 1 0
 0  0  0 -1 0 0
 0 -1  0  0 0 0
 1  0  0  0 0 0
 0  0 -1  0 0 0
6	% 
 0  0  0 0 0 1
 0  0  0 0 1 0
 0  0  0 1 0 0
 0 -1  0 0 0 0
 1  0  0 0 0 0
 0  0 -1 0 0 0
6	% 
 0  0  0 -1  0  0
 0  0 -1 -1 -1  1
 0  0  1  1  0 -1
 0 -1  0  0  0  0
 1  0  0  0  0  0
 0  0 -1 -1 -1  0
6	% 
 0 1  0 1 0  0
 1 0  0 1 0  0
 0 0 -1 0 0  0
 0 0  0 0 0 -1
 0 0  0 0 1  0
 0 0 -1 1 0  0
6	% 
 0 -1 0  0 0  0
 1  1 1 -2 0  0
 0  0 0  1 0  0
 0  0 0  0 0 -1
 0  0 0  0 1  0
 0  0 1 -1 0  0
6	% 
  0  0 0 1 0  0
  0  0 1 0 0  0
  0 -1 0 0 0  0
  0  0 0 0 0 -1
  0  0 0 0 1  0
 -1  0 0 0 0  0
1,1;1,1;1;1 1 34
18 
#3 
6	% 
  1  0 0 0  0 -1
 -1  0 0 0  0  0
  0  0 0 1  0  0
  0  1 0 0  0  0
  0 -1 0 0 -1  0
  0  0 1 0  0  0
6	% 
 0 0  0 -1 0 1
 0 0 -1  0 0 0
 0 1  0  0 0 0
 0 0  0  1 0 0
 0 0  1  0 1 0
 1 0  0  0 0 0
6	% 
  1  0  1 -1 0 0
 -1  0 -1  0 0 0
  0  0  0  0 0 1
  0  1 -1  0 0 0
  0 -1  0  1 0 0
  0  0  0  0 1 0
1,1;1,1;1,1 1 5
14 
#3 
6	% 
  0  0 0 -1  0 0
  0  0 1  1  0 0
  0  0 0  0  0 1
 -1  0 0  0  0 0
  0  0 0  0 -1 0
  0 -1 0  0  0 0
6	% 
 0 -1  0  0  0 0
 1  1  0  0  0 0
 0  0  0  0  0 1
 0  0 -1  0  0 0
 0  0  0  0 -1 0
 0  0  0 -1  0 0
6	% 
  0  0  0  0 0 1
  0  0  0  0 1 0
  1  1  0 -1 0 0
  0 -1  1  0 0 0
  1  1  1 -1 0 0
 -1  0 -1  0 0 0
2-2;1,1;1,1 1 1
1 
#1 
6	% 
 0  0  0 1 0  0
 0  0 -1 1 0  0
 0 -1  0 0 0  0
 1  1  0 0 0  0
 0  0  0 0 0 -1
 0  0  0 0 1  1
1,1,1;1;1;1 1 2
8 
#3 
6	% 
 0 0  0  0 0 1
 0 0  0  0 1 0
 1 0  0  0 0 0
 0 1  0  0 0 0
 0 0  0 -1 0 0
 0 0 -1  0 0 0
6	% 
 0 0  0 0 0 1
 0 0  0 0 1 0
 1 0  0 0 0 0
 0 1  0 0 0 0
 0 0  0 1 0 0
 0 0 -1 0 0 0
6	% 
 0 0  0 -1  0  0
 0 0 -1 -1 -1  1
 1 0  0  0  0  0
 0 1  0  0  0  0
 0 0  1  1  0 -1
 0 0 -1 -1 -1  0
1,1;1,1;1;1 1 23
6 
#1 
6	% 
 1 0  0  0  0 0
 0 1  0  0  0 0
 0 0  0  0  0 1
 0 0 -1  0  0 0
 0 0  0  0 -1 0
 0 0  0 -1  0 0
1,1;1,1;1;1 1 1
1 
#1 
6	% 
 0 0  1 1  0 0
 0 0 -1 0  0 0
 0 0  0 0  1 1
 0 0  0 0 -1 0
 1 0  0 0  0 0
 0 1  0 0  0 0
2-1;1,1;1;1 1 6
4 
#2 
6	% 
 1 0  0  0 0 0
 0 1  0  0 0 0
 0 0  0  0 1 0
 0 0  0  0 0 1
 0 0 -1  0 0 0
 0 0  1 -1 0 0
6	% 
 1 0 0  0 0 0
 0 1 0  0 0 0
 0 0 0 -1 0 0
 0 0 1  1 0 0
 0 0 0  0 0 1
 0 0 0  0 1 0
2-1;1,1;1;1 1 18
12 
#2 
6	% 
 0 1  0  0  0  0
 1 0  0  0  0  0
 0 0 -1  0  0  0
 0 0  0  2  0 -1
 0 0 -1  1  0  0
 0 0  0 -2 -1  0
6	% 
 0 1  0 0  0  0
 1 0  0 0  0  0
 0 0  0 0 -1  0
 0 0  0 1  1  1
 0 0  0 0  0  1
 0 0 -1 0 -1 -1
2-1;1;1;1;1 1 14
3 
#1 
6	% 
 0 1 0 0 0 0
 1 0 0 0 0 0
 0 0 0 1 0 0
 0 0 0 0 0 1
 0 0 1 0 0 0
 0 0 0 0 1 0
1,1;1,1;1;1 1 16
48 
#4 
6	% 
 -1 0 0  0 -1  1
  0 1 0  0  0  0
  0 0 1  0  0  0
  1 0 0 -2  0 -1
  0 0 1 -1  0  0
 -1 0 0 -2 -1  0
6	% 
 1 0  1 -2 0  0
 0 1  0  0 0  0
 0 0  1  0 1  0
 0 0 -1  1 0  0
 0 0 -1  0 0 -1
 0 0  0 -1 0  0
6	% 
 1 0 0  1 0  0
 0 1 0  0 0  0
 0 0 0  0 1  0
 0 0 1 -1 0  0
 0 0 0  0 0 -1
 0 0 1  0 0  0
6	% 
 0 -1 0  0 -1 -1
 1  0 0  0  0  0
 0  0 0 -1  0  0
 0  1 1  1  1  0
 0  0 1  0  0  0
 0 -1 1  1  0 -1
1,1;1,1;1,1 1 4
24 
#2 
6	% 
  0 -1 -2  1  0  0
 -1  0  0  0 -1  1
  1  0  0 -2  0 -1
  0  1  1  0  0  0
  0 -1 -1  1  0  0
 -1  0  0 -2 -1  0
6	% 
 0 -1  0 0 -1  1
 1  0  0 1  0  0
 0  0 -1 0 -1 -1
 0  1  0 0  1  0
 0 -1  0 0  0  1
 0  0 -1 1 -1 -1
1,1;1,1;1;1 1 2
16 
#3 
6	% 
 1 0  0 1 0 0
 0 0  0 0 1 0
 0 0  0 0 0 1
 0 1  0 0 0 0
 0 0 -1 0 0 0
 0 0 -1 1 0 0
6	% 
 -1 0 0 0 -1 -1
  0 0 1 0  0  0
  0 0 0 1  0  0
  0 1 0 0  0  0
  1 0 0 0  0  1
 -1 0 0 0 -1  0
6	% 
 0 -1 -1  2 0 0
 0  0  0  0 1 0
 0  0  0  0 0 1
 1  0  0  0 0 0
 0  1  0 -1 0 0
 0 -1 -1  1 0 0
1,1,1;1;1;1 1 7
24 
#2 
6	% 
 1 0 0  1 1 -1
 0 1 0  0 0  0
 0 0 1 -1 0  0
 0 0 0 -1 0  1
 0 0 1  0 0  0
 0 0 0  1 1  0
6	% 
 1 0 1 -2  1  1
 0 1 0  0  0  0
 0 0 0  0  0  1
 0 0 0  1 -1 -1
 0 0 0  0 -1  0
 0 0 1 -1  1  1
2-2;1,1;1,1 1 2
2 
#1 
6	% 
 -1  0 0 0 -1 -1
  0 -1 0 0 -1  1
  1  1 0 0  1  0
  0  0 0 1  0  0
  0  0 1 0  0  0
 -1  1 0 0  0 -1
1,1;1,1;1;1 1 8
24 
#2 
6	% 
 -1 0 0  0 -1 1
  0 1 1 -2  0 0
  0 0 0  1  0 0
  1 0 0  0  1 0
 -1 0 0  0  0 1
  0 0 1 -1  0 0
6	% 
 -1 0  0 0 -1 1
  0 1  0 1  0 0
  0 0 -1 0  0 0
  1 0  0 0  1 0
 -1 0  0 0  0 1
  0 0 -1 1  0 0
1,1;1,1;1;1 1 9
28 
#5 
6	% 
 0 -1  0  0  0 0
 1  1  0  0  0 0
 0  0 -1  0  0 0
 0  0  0  1  0 1
 0  0 -1  1  0 0
 0  0  0 -1 -1 0
6	% 
 0 -1  0 0  0  0
 1  1  0 0  0  0
 0  0  0 1  0  0
 0  0  0 0  0 -1
 0  0 -1 0  0  0
 0  0  0 0 -1  0
6	% 
  0  0  1 1  0  0
  0  0 -1 0  0  0
  0  0  0 0 -1  0
  0 -1  0 0  1  1
  0  0  0 0  0  1
 -1  0  0 0 -1 -1
6	% 
  0  0  0 0  1 1
  0  0  0 0 -1 0
  0  1  0 0  0 0
  1 -1  1 0  0 0
  1  0  0 0  0 0
 -1  1 -1 1  0 0
6	% 
  0  0  0  0  1  0
  0  0  0  0 -1 -1
  0  0 -1  0  0  0
  0 -1  0  2  0  0
  0  0 -1  1  0  0
 -1  0  0 -2  0  0
1,1,1;1;1;1 1 15
24 
#2 
6	% 
 -1  1 -1 -2  0 0
  1 -1  0  2  0 1
  0 -1  0  1  0 0
  1 -1 -1  3  0 0
 -1  0  0 -1  0 0
 -1  1  0 -2 -1 0
6	% 
 -1  1 0  0  0  1
  0  0 0  1 -1 -1
  0 -1 0  0  0  0
  1 -1 0  0 -1  0
 -1  0 0  0  0  0
  0  0 1 -1  1  1
1,1;1,1;1;1 1 25
72 
#6 
6	% 
  0 -1  0  1  0 0
  1  1  0  0  0 1
 -1  1 -1 -2  0 0
  1  0  0  1  0 0
  1 -1 -1  3  0 0
 -1 -1  0  0 -1 0
6	% 
  0  0 -1  1 -1  0
  0 -1  0  0  1  1
  0  0  0 -1  0  0
  0  0 -1  1  0  1
  0  0 -1  0  0  0
 -1  0  0  0 -1 -1
6	% 
  0  0 0  0 -1  0
  0 -1 0  0  1  1
  0  0 0 -1  0  0
  0  0 0  0  0  1
  0  0 1  0  0  0
 -1  0 0  0 -1 -1
6	% 
  0  0 -1  1  0  0
  0 -1  2 -1  0  0
  0  0  0  1  0 -1
  0  0  1  0  0  0
  0  0  0 -1 -1  0
 -1  0 -2  1  0  0
6	% 
  0  0 -1  0 -1 -1
  0  0  0  0  1  0
  0 -1  0  2  0  0
  0  0  1 -1  1  1
 -1  0  0 -2  0  0
  0  0  0  0  0 -1
6	% 
  0  1 0  0  0  0
  1 -1 0  0  0 -1
 -1 -1 0  1  0  0
  1  0 0  0  0  0
  1  1 1 -1  0  0
 -1  1 0  0 -1  0
1,1;1,1;1,1 1 10
24 
#2 
6	% 
 0 0 1  0 0 0
 0 1 0 -1 0 0
 0 0 0  0 1 0
 0 0 1 -1 0 0
 0 0 0  0 0 1
 1 0 0  1 0 0
6	% 
  0 1  0 0 -1 1
  0 0  1 0  0 0
  0 0  0 0  1 0
 -1 0  0 0 -1 1
  0 0  0 0  0 1
  0 0 -1 1  0 0
2-2;1,1;1,1 1 5
2 
#1 
6	% 
  0  0  0 1  0 0
  0  0 -1 1  0 0
  0  0  0 0  0 1
 -1  0  0 0  0 0
  0  0  0 0 -1 0
  0 -1  0 0  0 0
2-2;1,1;1;1 1 1
1 
#1 
6	% 
 0 0  0 1 0 0
 0 0 -1 1 0 0
 0 0  0 0 1 0
 0 0  0 0 0 1
 1 0  0 0 0 0
 0 1  0 0 0 0
1,1;1;1;1;1 1 3
4 
#2 
6	% 
 0 0  0  0 0 -1
 0 0  0  0 1  1
 1 0  0  0 0  0
 0 1  0  0 0  0
 0 0  0 -1 0  0
 0 0 -1  1 0  0
6	% 
 0 0  1 1 0 0
 0 0 -1 0 0 0
 1 0  0 0 0 0
 0 1  0 0 0 0
 0 0  0 0 0 1
 0 0  0 0 1 0
1,1;1;1;1;1 1 11
12 
#2 
6	% 
 1 0  0 0 0 0
 0 1  0 0 0 0
 0 0  0 1 0 0
 0 0 -2 0 0 1
 0 0  2 0 1 0
 0 0 -1 1 0 0
6	% 
 1 0 0  0  0  0
 0 1 0  0  0  0
 0 0 0  0  1  0
 0 0 0 -1 -1 -1
 0 0 1  0  1  1
 0 0 0  0  0 -1
2-2;1,1;1;1 1 2
4 
#1 
6	% 
 -1 0 0 0 -1  1
  0 1 0 0  0  0
  1 0 0 0  0 -1
  0 0 0 1  0  0
  0 0 1 0  0  0
 -1 0 0 0 -1  0
1,1;1;1;1;1 1 9
24 
#3 
6	% 
 -1 0  0  0 -1  1
  0 1  0  0  0  0
  0 0  0 -1  0  0
  1 0  0  0  0 -1
  0 0 -1  1  0  0
 -1 0  0  0 -1  0
6	% 
 1 0 1 -2 0 0
 0 1 0  0 0 0
 0 0 0  0 0 1
 0 0 0  1 0 0
 0 0 0  0 1 0
 0 0 1 -1 0 0
6	% 
 1 0  0 1 0 0
 0 1  0 0 0 0
 0 0  0 0 0 1
 0 0 -1 0 0 0
 0 0  0 0 1 0
 0 0 -1 1 0 0
1,1;1;1;1;1 1 25
7 
#3 
6	% 
 0  0  0  0  1  0
 0  0  0  0 -1 -1
 0  0 -1  0  0  0
 0 -1  0  0  0  0
 1  0  0  0  0  0
 0  0  1 -1  0  0
6	% 
 0 -1 0  0 0 0
 1  1 0  0 0 0
 0  0 0  0 0 1
 0  0 1  0 0 0
 0  0 1 -1 0 0
 0  0 0  0 1 0
6	% 
 0  0  1 1 0 0
 0  0 -1 0 0 0
 0  0  0 0 0 1
 0 -1  0 0 0 0
 1  0  0 0 0 0
 0  0  0 0 1 0
1,1;1;1;1;1 1 28
36 
#5 
6	% 
 0 0 -1  1 0 0
 0 0  0 -2 0 1
 0 1  0  0 0 0
 0 0 -1  0 0 0
 1 0  0  0 0 0
 0 0  0  2 1 0
6	% 
  1  0  0  0 0 0
 -1  1  0  0 0 1
  0  0 -1  0 0 0
  0  1  0  0 0 0
  0  0  1 -1 0 0
  1 -1  0  0 1 0
6	% 
 0 0 -1  1 0 0
 0 1  0 -2 0 0
 0 0  0  0 0 1
 0 0 -1  0 0 0
 0 0  0  0 1 0
 1 0  0  2 0 0
6	% 
 0 0  0 0  0 -1
 0 0  0 1  1  1
 0 1  0 0  0  0
 0 0  0 0  1  0
 1 0  0 0  0  0
 0 0 -1 0 -1 -1
6	% 
 -1  0 0  0 0 0
  0  0 0  1 0 0
  0  0 0  0 0 1
  0 -1 0  0 0 0
  0  0 0  0 1 0
  0  0 1 -1 0 0
2-2;1,1;1;1 1 3
2 
#2 
6	% 
 0 -1 0 0 0 0
 1  1 0 0 0 0
 0  0 0 1 0 0
 0  0 1 0 0 0
 0  0 0 0 0 1
 0  0 0 0 1 0
6	% 
 0 0 0 0  1 1
 0 0 0 0 -1 0
 0 0 0 1  0 0
 0 0 1 0  0 0
 0 1 0 0  0 0
 1 0 0 0  0 0
2-2;1,1;1;1 1 14
4 
#1 
6	% 
  0  0 0 1  0  0
  0  0 1 0  0  0
  0  0 0 0 -1  0
  0 -1 0 0  1  1
  0  0 0 0  0  1
 -1  0 0 0 -1 -1
1;1;1;1;1;1 1 7
3 
#1 
6	% 
 1 0 0 0 0 0
 0 1 0 0 0 0
 0 0 0 1 0 0
 0 0 0 0 0 1
 0 0 1 0 0 0
 0 0 0 0 1 0
1;1;1;1;1;1 1 18
3 
#1 
6	% 
 0 1 0 0 0 0
 0 0 0 0 0 1
 0 0 0 1 0 0
 1 0 0 0 0 0
 0 0 1 0 0 0
 0 0 0 0 1 0
2-2;1;1;1;1 1 2
1 
#1 
6	% 
 1 0 0 0 0 0
 0 1 0 0 0 0
 0 0 0 0 0 1
 0 0 0 1 0 0
 0 0 1 0 0 0
 0 0 0 0 1 0
2-2;1;1;1;1 1 11
1 
#1 
6	% 
 0 0  0 1 0 0
 0 0 -1 1 0 0
 0 1  0 0 0 0
 0 0  0 0 0 1
 1 0  0 0 0 0
 0 0  0 0 1 0
