#56

3;1;1;1 1 1
1 
#1 
6	% 
 1 0 0 0 0 0
 0 1 0 0 0 0
 0 0 1 0 0 0
 0 0 0 1 0 0
 0 0 0 0 1 0
 0 0 0 0 0 1
1,1,1,1,1,1 1 1
1 
#1 
6	% 
 1 0 0 0 0 0
 0 1 0 0 0 0
 0 0 1 0 0 0
 0 0 0 1 0 0
 0 0 0 0 1 0
 0 0 0 0 0 1
1,1,1,1,1;1 1 2
9 
#2 
6	% 
  0 0  0  1  0 -1
  0 0  1  0  0 -1
  1 1  1  1  1  0
  0 0  0  0  1 -1
 -1 0 -1 -1 -1  1
  0 1  1  1  1 -1
6	% 
 0 -1 0 -1  0  1
 0  0 0  0  0  1
 0 -1 0 -1  1  1
 0  0 0 -1  0  1
 0  1 1  1 -1 -2
 1 -2 0 -1  1  2
1,1,1,1,1;1 1 1
3 
#1 
6	% 
  0  0  0 0 -1  0
 -1  0 -1 0 -1 -1
 -1 -1  0 0 -1 -1
  0 -1 -1 0  0 -1
  1  1  1 0  1  1
  0  0  0 1  0  0
2-1;1,1,1,1 1 2
3 
#1 
6	% 
  0  0  0 0 -1  1
  0  0  0 0  0  1
  1  1 -1 1  1  2
  0  1 -1 0  0  2
  1 -1  0 0  0  0
 -1  0  0 0  0 -2
2-1;1,1,1;1 1 3
3 
#1 
6	% 
  0 0  0  0 -1 -1
  0 0  0 -1  0 -1
  0 0  0  1  1  1
 -1 0  1  0  0  0
  0 0 -1  0  0  0
  0 1  0  0  0  0
1,1,1,1;1,1 1 2
36 
#4 
6	% 
 0  0 0 0 1 0
 0  0 0 0 0 1
 0  0 1 0 0 0
 0  0 0 1 0 0
 1  0 0 0 0 0
 0 -1 0 0 0 0
6	% 
  0 0  0 1  0  0
  0 0  0 0  1  0
 -1 1  1 0 -1 -1
 -1 0  0 0  0  0
  2 0 -1 0  0  0
  1 1  0 0  0  0
6	% 
  0  0 0 0  0 1
  0  1 0 0  0 0
 -1 -1 1 0 -1 0
  0  0 0 1  0 0
  1  0 0 0  0 0
  0 -1 1 0  0 0
6	% 
  0  0  0  0 1  0
 -1  1  0 -1 0 -1
  0  0  0  1 0  0
  1  1  1  0 0  0
  0 -1 -1  0 0  0
 -1  0 -1  0 0  0
1,1,1,1;1,1 1 1
3 
#1 
6	% 
  0 -1 -1 0  0 -1
 -1  0 -1 0  0 -1
 -1 -1  0 0  0 -1
  1  1  1 0  0  1
  0  0  0 0 -1  0
  0  0  0 1  1  0
2-1;1,1,1;1 1 2
9 
#1 
6	% 
  1  1 -1 0 1 1
  1  1 -1 0 1 0
  0  0  0 1 0 0
  0  1 -1 0 0 0
  1 -1  0 0 0 0
 -1  0  0 0 0 0
2-1;1,1;1,1 1 2
9 
#1 
6	% 
  1  1 -1 1 0  0
  0  0  0 0 0 -1
  0  0  0 0 1  1
  0  1 -1 0 0  0
  1 -1  0 0 0  0
 -1  0  0 0 0  0
1,1,1;1,1,1 1 1
1 
#1 
6	% 
  0 -1 -1  0  0  0
 -1  0 -1  0  0  0
  1  1  1  0  0  0
  0  0  0  0 -1 -1
  0  0  0 -1  0 -1
  0  0  0  1  1  1
1,1,1;1,1,1 1 2
27 
#2 
6	% 
  0  0 0  0  0 1
  0  0 1  0  0 0
 -1  1 0 -1 -1 0
  0  0 0 -1  0 0
  1  0 0  1  0 0
  0 -1 0  1  0 0
6	% 
  0 0  0  0  0 -1
  0 0  0  0 -1  0
  1 0  0  0  0  0
  1 0  0 -1  0  0
 -1 1  0  1  0  0
  0 0 -1  1  0  0
2-2;1,1,1,1 1 2
4 
#1 
6	% 
  0  0 0  0  0 -1
  0  0 0  0 -1  0
  0  0 0 -1  0  0
  1 -1 0  1  1  1
 -1  0 1 -1 -1 -1
  1  0 0  1  1  1
1,1,1,1;1;1 1 4
9 
#2 
6	% 
  1  1 -1  1  0  0
  0  0  0  1 -1  0
 -2 -2  2 -3  0 -1
  1  1 -1  2  0  0
 -1  0  1 -1  0  0
 -1  0  0 -1  0  0
6	% 
 0  0 -1  0  1  0
 0  0 -1 -1  0 -1
 0  0  1  1 -1  0
 0  0 -1  0  0  0
 1  0  0  0  0  0
 0 -1  1  0  0  0
1,1,1;1,1;1 1 5
54 
#3 
6	% 
 0  0  1  0  0 0
 0  0  0  1  0 0
 0  0 -2 -1 -1 0
 1  0  0  0  0 0
 1  1 -1  0  0 1
 1 -1  0  0  0 0
6	% 
 -1 -1  1 0 0  0
  0  0  0 0 1  1
  1  1 -1 0 0 -1
  0 -1  0 0 0  0
  0  0  1 1 0  0
  1 -1  0 0 0  0
6	% 
 0 0 -1  0 0  0
 0 0  0  0 1  1
 0 0  0  0 0 -1
 1 0 -1  0 0  0
 0 0  0 -1 0  0
 1 1 -1  0 0  0
1,1,1;1,1;1 1 4
9 
#2 
6	% 
  0 0 0  1 0 1
  0 0 0  1 0 0
  0 0 0 -1 1 0
  0 1 1  0 0 0
  0 0 1  0 0 0
 -1 1 0  0 0 0
6	% 
  0 0  0  1 0 1
  0 0  0  1 0 0
  0 0  0 -1 1 0
  0 1 -1  0 0 0
  0 1  0  0 0 0
 -1 1 -1  0 0 0
1,1,1;1,1;1 1 2
27 
#2 
6	% 
  1  1  0  0 0  0
  1  1  1  0 0  0
 -2 -2 -1  0 0 -1
  0  0  0  1 1  0
  0  0  0 -1 0  0
  1  0  0  0 0  0
6	% 
 -1 -1  1  0 0 0
  0  0  0  0 0 1
  1  0 -1  0 0 0
  0  0  0  1 1 0
  0  0  0 -1 0 0
  0 -1  1  0 0 0
1,1,1,1;1;1 1 2
27 
#2 
6	% 
  0 0 1 0 0 0
  0 0 0 0 1 0
  0 0 0 0 0 1
  0 0 0 1 0 0
  0 1 0 0 0 0
 -1 0 0 0 0 0
6	% 
  1  2 -1 0 0  0
  1  1 -1 0 1  1
  0  1  0 0 0 -1
  0  0  0 1 0  0
 -1 -1  0 0 0  0
  0  2 -1 0 0  0
1,1,1;1,1;1 1 3
81 
#4 
6	% 
 0 -1 0 0  0 0
 0  0 0 0  1 1
 0  2 0 0 -1 0
 1 -1 0 0  0 0
 1 -1 1 0  0 0
 0  0 0 1  0 0
6	% 
 -2  1  0 0 0 0
 -2  1  0 0 0 1
  3 -1 -1 0 0 0
 -1  0  0 0 0 0
  0  1  0 0 1 0
  0  0  0 1 0 0
6	% 
 -1 -1  1 0 0  0
  0  0  0 0 1  1
  1  1 -1 0 0 -1
  0 -1  0 0 0  0
  1 -1  0 0 0  0
  0  0  0 1 0  0
6	% 
 -1 -1  1 0  0 0
  0  0  0 0  0 1
  1  0 -1 0  0 0
  0 -1  1 0  0 0
  0  0  0 0 -1 0
  0  0  0 1  0 0
2-2;1,1,1;1 1 3
12 
#1 
6	% 
  0  0 0 0  0 -1
  0  0 0 0 -1  0
  0  0 0 1  0  0
  1 -1 0 0  1  1
 -1  0 1 0 -1 -1
  1  0 0 0  1  1
1,1,1;1,1;1 1 1
3 
#1 
6	% 
  0 -1 -1 0 0 0
 -1  0 -1 0 0 0
  1  1  1 0 0 0
  0  0  0 0 1 0
  0  0  0 0 0 1
  0  0  0 1 0 0
1,1,1,1;1;1 1 1
3 
#1 
6	% 
  0 -1 -1 0 0 -1
 -1  0 -1 0 0 -1
 -1 -1  0 0 0 -1
  1  1  1 0 0  1
  0  0  0 1 0  0
  0  0  0 0 1  0
3;1,1,1 1 1
1 
#1 
6	% 
 0 0 1  0  0  0
 0 1 0  0  0  0
 1 0 0  0  0  0
 0 0 0  0 -1 -1
 0 0 0 -1  0 -1
 0 0 0  1  1  1
2-1;1,1;1;1 1 3
9 
#1 
6	% 
  0 0  0 0 1 0
  0 0  0 0 0 1
  0 0  0 1 0 0
 -1 0  1 0 0 0
  0 0 -1 0 0 0
  0 1  0 0 0 0
1,1,1;1;1;1 1 3
27 
#2 
6	% 
  1  1 -1 0 1 0
 -1 -1  1 0 0 1
  0  0  0 1 0 0
  0 -1  0 0 0 0
  1  1 -1 0 0 0
  0 -1  1 0 0 0
6	% 
 0  0  0 0 1  1
 0  0  0 0 0 -1
 0  0  0 1 0  0
 1  0  0 0 0  0
 0  0 -1 0 0  0
 0 -1  1 0 0  0
1,1;1,1;1;1 1 3
54 
#2 
6	% 
 0 0 -5 0 -3  0
 0 0  0 0  0 -1
 0 0  0 1  0  0
 0 0  3 0  2  0
 0 1 -2 0 -1  1
 1 0 -2 0 -1  1
6	% 
  0  0 -5 0  0 -3
  1 -1  0 0  1  0
  0  0  0 1  0  0
  0  0  3 0  0  2
 -1  0 -1 0 -1 -1
  0  1 -2 0 -1 -1
1,1;1,1;1,1 1 3
18 
#1 
6	% 
  0 0 -5  0 -3  0
  0 0  0  0  0 -1
 -1 1  0 -1  0  0
  0 0  3  0  2  0
  0 1 -2  0 -1  1
  1 0 -2  0 -1  1
1,1;1,1;1;1 1 2
27 
#2 
6	% 
  0 0 1 0  0  0
  0 0 0 0  1  0
  0 0 0 0 -1 -1
  0 0 0 1  0  0
  0 1 0 0  0  0
 -1 0 0 0  0  0
6	% 
 0 -1 0 0 0 0
 0  0 0 0 1 0
 0  0 0 0 0 1
 0  0 0 1 0 0
 0  0 1 0 0 0
 1 -1 0 0 0 0
1,1,1;1;1;1 1 2
27 
#2 
6	% 
  0 0 0 0 0 1
  0 0 1 0 0 0
  0 0 0 1 0 0
  0 0 0 0 1 0
  0 1 0 0 0 0
 -1 0 0 0 0 0
6	% 
  0  1  0 0 0 1
  0 -1  0 0 0 0
  0  0  0 1 0 0
  0  0  0 0 1 0
  0  0 -1 0 0 0
 -1  1  0 0 0 0
1,1;1,1;1,1 1 2
27 
#2 
6	% 
 0  0 1 0 0 0
 0  0 0 0 1 0
 0  0 0 0 0 1
 0  0 0 1 0 0
 1  0 0 0 0 0
 0 -1 0 0 0 0
6	% 
 -2 -1  1 0 0 0
  0  0  0 1 0 0
  0  0  0 0 1 0
  1 -1 -1 0 0 1
  0  1  0 0 0 0
 -1  0  1 0 0 0
1,1,1,1;1;1 1 6
3 
#1 
6	% 
 0  0 0  1  0  0
 0  0 0  0  1  0
 0  0 0  0  0  1
 0 -1 1 -1 -1 -1
 0  1 0  1  1  1
 1 -1 0  0  0  0
1,1,1;1,1;1 1 6
18 
#1 
6	% 
 -1  1  1 0  0  0
  0  0  0 1  1  0
  1 -1 -1 0 -1  0
 -1  0  1 0  0 -1
 -1 -1  1 0  0 -1
  0  0  1 0  0  0
1,1,1;1;1;1 1 14
1 
#1 
6	% 
  0 0  0  0 -1 -1
  0 0  0 -1  0 -1
  0 0  0  1  1  1
  0 0 -1  0  0  0
  0 1  0  0  0  0
 -1 0  0  0  0  0
1,1;1,1;1;1 1 11
9 
#1 
6	% 
 0  0 0 0  0  1
 0  0 0 0 -1  0
 0  0 0 1  1  0
 0  0 1 0  0 -1
 0 -1 0 0  0  1
 1  0 0 0  0  0
1,1,1;1;1;1 1 11
9 
#1 
6	% 
  0 0  0 0 1 0
  0 0  0 0 0 1
  0 0  0 1 0 0
  0 1 -1 0 0 0
  0 1  0 0 0 0
 -1 1  0 0 0 0
1,1,1;1;1;1 1 6
3 
#1 
6	% 
  0 0 0  0  1  0
  0 0 0  0  1  1
  0 0 0 -1 -1 -1
  1 0 0  0  0  0
 -1 0 1  0  0  0
 -1 1 0  0  0  0
1,1;1,1;1;1 1 5
27 
#2 
6	% 
  2 -2 -2 0 0 1
  0  0  0 1 0 0
  0  0  0 0 1 0
 -1  1  1 0 0 0
  0  0 -1 0 0 0
  0 -1  0 0 0 0
6	% 
 0  0  3 0  0 1
 0  0  0 0 -1 0
 0  0  0 1  1 0
 0  0 -1 0  0 0
 1  0  0 0  0 0
 0 -1  1 0  0 0
1,1;1,1;1;1 1 7
27 
#2 
6	% 
  0  2 0 0 0 1
 -1  0 1 0 0 0
  0  0 0 1 0 0
  0  0 0 0 1 0
  1 -1 0 0 0 0
  1  0 0 0 0 0
6	% 
  0  0  0 0 0 1
 -1  0  1 0 0 0
  0  0  0 1 0 0
  0  0  0 0 1 0
  1 -1  0 0 0 0
  0  0 -1 0 0 0
2-2;1,1;1,1 1 3
12 
#1 
6	% 
  0  0 0 0  0 1
  0  0 0 0 -1 0
  0  0 0 1  1 0
  1 -1 0 0  0 0
 -1  0 1 0  0 0
  1  0 0 0  0 0
1,1,1;1;1;1 1 1
1 
#1 
6	% 
  0 -1 -1 0 0 0
 -1  0 -1 0 0 0
  1  1  1 0 0 0
  0  0  0 1 0 0
  0  0  0 0 1 0
  0  0  0 0 0 1
2-1;1,1;1;1 1 2
9 
#1 
6	% 
  1  1 -1 0 0 1
  0  0  0 1 0 0
  0  0  0 0 1 0
  0  1 -1 0 0 0
  1 -1  0 0 0 0
 -1  0  0 0 0 0
2-1;1;1;1;1 1 2
3 
#1 
6	% 
  0 0  0 1 0 0
  0 0  0 0 1 0
  0 0  0 0 0 1
 -1 0  1 0 0 0
  0 0 -1 0 0 0
  0 1  0 0 0 0
2-2;1,1,1;1 1 4
4 
#1 
6	% 
  0 0  0 1  0  1
  0 0  0 0 -1  0
  0 0  0 0  0 -1
 -1 1  0 0  0  0
  1 0 -1 0  0  0
 -1 0  0 0  0  0
1,1;1,1;1;1 1 18
18 
#1 
6	% 
  1 1 -1 0  0 1
  0 0  0 0  1 0
  0 0  0 1  0 0
  0 0 -1 0  1 0
  0 1 -1 0  0 0
 -1 0  1 0 -1 0
1,1;1,1;1,1 1 8
6 
#1 
6	% 
  0  0  0  0 1  0
  0  0  0  0 0  1
 -1  1 -1 -1 0  0
  1  0  0  1 0  1
  0  0  1  1 0  0
  0 -1  0  0 0 -1
1,1;1;1;1;1 1 5
9 
#1 
6	% 
  0 0  0  1  0 0
  0 0  0 -1 -1 0
  0 0  0  0  0 1
  0 1  0  0  0 0
  0 0 -1  0  0 0
 -1 0  1  0  0 0
1,1;1;1;1;1 1 4
27 
#2 
6	% 
 0  0  3 0 1 0
 0  0  0 1 0 0
 0  0  0 0 0 1
 0  0 -1 0 0 0
 1  0  0 0 0 0
 0 -1  1 0 0 0
6	% 
 -1 -1  1 0 0 1
  0  0  0 1 0 0
  0  0  0 0 1 0
  1  1 -1 0 0 0
  0 -1  0 0 0 0
  0 -1  1 0 0 0
1,1;1;1;1;1 1 2
9 
#2 
6	% 
  0 0 1 0 0 0
  0 0 0 0 0 1
  0 0 0 1 0 0
  0 0 0 0 1 0
  0 1 0 0 0 0
 -1 0 0 0 0 0
6	% 
 0 -1 0 0 0 0
 0  0 0 1 0 0
 0  0 0 0 1 0
 0  0 0 0 0 1
 0  0 1 0 0 0
 1 -1 0 0 0 0
2-2;1,1;1;1 1 6
12 
#1 
6	% 
  0 0  0 0  1  0
  0 0  0 0 -1 -1
  0 0  0 1  0  0
 -1 1  0 0  0  0
  1 0 -1 0  0  0
 -1 0  0 0  0  0
2-2;1,1;1;1 1 5
12 
#1 
6	% 
  0  0 0 0 0 1
  0  0 0 1 0 0
  0  0 0 0 1 0
  1 -1 0 0 0 0
 -1  0 1 0 0 0
  1  0 0 0 0 0
3;1,1;1 1 1
3 
#1 
6	% 
 0 0 1 0 0  0
 0 1 0 0 0  0
 1 0 0 0 0  0
 0 0 0 0 0 -1
 0 0 0 0 1  1
 0 0 0 1 0  0
1,1;1;1;1;1 1 26
3 
#1 
6	% 
 0 0 0 0 1 0
 0 0 0 0 0 1
 0 0 0 1 0 0
 0 0 1 0 0 0
 1 0 0 0 0 0
 0 1 0 0 0 0
1,1;1;1;1;1 1 24
9 
#1 
6	% 
 -1 -1  1 0 0 -1
  0  0  0 1 0  0
  0  0  0 0 1  0
  0  0 -1 0 0  0
  1  0  0 0 0  1
  0 -1  0 0 0 -1
1;1;1;1;1;1 1 3
3 
#1 
6	% 
  0 0  0 0 1 0
  0 0  0 1 0 0
  0 0  0 0 0 1
  0 1  0 0 0 0
  0 0 -1 0 0 0
 -1 0  1 0 0 0
1;1;1;1;1;1 1 17
1 
#1 
6	% 
  0 0 0 1 0 0
  0 0 0 0 1 0
  0 0 0 0 0 1
 -1 0 1 0 0 0
  1 0 0 0 0 0
 -1 1 0 0 0 0
2-2;1;1;1;1 1 5
4 
#1 
6	% 
  0 0  0 0 0 1
  0 0  0 1 0 0
  0 0  0 0 1 0
 -1 1  0 0 0 0
  1 0 -1 0 0 0
 -1 0  0 0 0 0
