#33

2-2;1;1;1;1 1 19
1 
#1 
6	% 
 1 0 0 0 0 0
 0 1 0 0 0 0
 0 0 1 0 0 0
 0 0 0 1 0 0
 0 0 0 0 1 0
 0 0 0 0 0 1
1,1,1,1,1,1 1 1
1 
#1 
6	% 
 1 0 0 0 0 0
 0 1 0 0 0 0
 0 0 1 0 0 0
 0 0 0 1 0 0
 0 0 0 0 1 0
 0 0 0 0 0 1
1,1,1,1,1;1 1 2
10 
#3 
6	% 
 0 -1  1  0 -1  0
 0  0  1  1  0  1
 0 -1  0  1 -1  0
 0  0  1  0  0  1
 1  0 -1 -1  1 -1
 1 -1  1  1 -1  1
6	% 
  0 -1 -1 -1  0 -1
 -1 -1 -1 -1  0 -1
  0 -1 -1 -1  1 -2
 -1 -1 -1 -2  1 -1
  1  1  1  2 -1  2
 -1 -1 -2 -2  1 -2
6	% 
 -2  1 -1 -1 -1 -1
 -2  1 -1 -1 -1  0
 -2  1 -2 -1 -1 -1
 -2  1 -1  0 -1 -1
  3 -1  2  1  2  1
 -3  2 -2 -1 -2 -1
1,1,1,1;1,1 1 1
1 
#1 
6	% 
 0  0 -1 -1  0 -1
 0  0  0 -1 -1 -1
 0  0 -1  0 -1 -1
 0  0  1  1  1  1
 0 -1  0  0  0  0
 1  1  0  0  0  0
1,1,1,1;1,1 1 3
24 
#2 
6	% 
  0  0  0 1 -2  1
  0  1  0 0 -1  1
  1  0  1 0  1  0
 -1 -1 -1 0  1 -1
 -1  2 -1 0 -1  1
  1 -1  0 0 -1  0
6	% 
  0  0 1  1 0 1
  2 -1 1  1 1 0
  1  0 0  0 0 0
 -1  1 0 -1 0 0
  1  0 1  1 0 0
 -1  1 0  0 0 0
1,1,1,1;1,1 1 2
6 
#1 
6	% 
  1  1  1 0  1 1
  0  1  0 0  0 0
  1  1  1 0  2 0
  0  0  2 1  0 0
 -1 -1 -1 0 -1 0
  1  1  0 0  1 0
1,1,1;1,1,1 1 2
4 
#1 
6	% 
 -1  1 0  0  0 0
  0  1 1  0  0 0
  0  0 0  0 -1 1
  0  0 0 -1  1 0
  0 -1 0  1  0 0
  0  1 1  1  0 0
1,1,1;1,1,1 1 3
18 
#1 
6	% 
  0  0 -1  0 -1 -1
  0  0 -1 -1  0  0
 -1 -1  1  0  0 -1
  0  1  0  0  0  1
 -1  2  2  0  0  1
  0 -1 -1  0  0 -1
2-2;1,1,1,1 1 1
1 
#1 
6	% 
 0 1  0  0  0  0
 1 0  0  0  0  0
 0 0  0 -1 -1 -1
 0 0 -1  0 -1 -1
 0 0 -1 -1  0 -1
 0 0  1  1  1  1
1,1,1,1;1;1 1 3
3 
#1 
6	% 
  0  0 -1  0 -1 -1
  0  0 -1 -1  0 -1
  0  0  0 -1 -1 -1
  0  0  1  1  1  1
 -1  0  0  0  0  0
  1 -1  0  0  0  0
1,1,1;1,1;1 1 9
24 
#2 
6	% 
  0 0  1  0  0 0
  0 0  0  1  0 0
  0 0 -2 -1 -1 0
  0 2  1  0  0 1
 -1 0  0  0  0 0
 -2 1  0  0  0 0
6	% 
  0  0  1 0  0  2
  0  0  2 1  1  2
  0  0 -2 0 -1 -3
  0  0  0 0  0  1
 -1  0 -1 0  0  0
  0 -1  0 0  0  0
1,1,1;1,1;1 1 7
36 
#2 
6	% 
 0 -1  0 0 0  0
 0 -2 -1 0 0 -2
 0  4  2 0 1  3
 0 -1  0 0 0 -1
 0  0  2 1 0  0
 1 -1  0 0 0  0
6	% 
 2 -1  0 0 0  0
 0  0 -1 0 0 -2
 0  0  2 0 1  3
 0  0  0 0 0 -1
 0  0  2 1 0  0
 1 -1  0 0 0  0
1,1,1,1;1;1 1 5
24 
#2 
6	% 
  0  1  1 1  0  1
  0  1  1 0  1  1
  0  1  1 0  0  1
 -1 -1 -1 0 -1 -1
 -1  2  1 0  1  1
  0 -1  0 0  0 -1
6	% 
  2 -1  1  1  0  1
  2 -1  0  0 -1  1
  2 -1  0  1 -1  1
 -3  2 -1 -1  1 -2
  3 -1  1  1 -1  2
 -2  1 -1 -1  1 -1
1,1,1;1,1;1 1 11
72 
#2 
6	% 
  0 -2 -1 -2  0 0
  0 -1 -1 -2  0 0
  0  4  3  5  0 1
  0 -1 -1 -1 -1 0
 -1  0 -1 -1 -1 0
  0 -1  0 -1  0 0
6	% 
  0  0  1  0  2 0
  2 -1  2  2  2 0
 -2  1 -4 -3 -5 0
  0  0  1  0  1 1
  1  0  1  1  1 0
  0  0  1  0  1 0
1,1,1;1,1;1 1 2
4 
#1 
6	% 
 0 0 -1 -2 0  0
 0 0  0 -1 0  1
 0 0  1  2 1 -1
 1 0  0  0 0  0
 0 1  0  0 0  0
 0 0  0 -1 0  0
1,1,1;1,1;1 1 6
12 
#1 
6	% 
  2  2  1 0  2 0
  1  1  0 0  0 0
 -2 -3 -1 0 -2 0
  1  1  1 1  1 0
  0  0  1 1  0 1
  1  1  1 0  1 0
1,1,1,1;1;1 1 6
6 
#1 
6	% 
  1  0 0  0 0  0
  0  1 0  0 0  0
  1  1 1  1 1  0
 -1 -1 0 -1 0  0
  1  1 0  1 0 -1
  0  0 1  0 0  1
2-2;1,1,1;1 1 2
4 
#1 
6	% 
 0 0  0  0 -1 1
 0 0  0 -1  1 0
 0 0  0  1  0 0
 0 1  0  0  0 0
 1 0  0  0  0 0
 0 0 -1 -1  0 0
1,1,1;1;1;1 1 10
12 
#1 
6	% 
 0  0  1  0 1  0
 0  0  1 -1 0  0
 0  0 -1  1 0 -1
 1  0  0  0 0  0
 1 -1  0  0 0  0
 0  0  0 -1 0 -1
1,1;1,1;1;1 1 19
9 
#1 
6	% 
  0  0 2 1  0 0
  0  0 0 0 -1 1
  0  0 0 0  1 0
 -1  0 0 0  0 0
  0  0 1 0  1 0
  1 -1 0 0  0 0
1,1;1,1;1,1 1 2
3 
#1 
6	% 
 0  0 2 1  0 0
 0 -1 0 0  0 0
 1  1 0 0  0 0
 0  0 0 0 -1 1
 0  0 0 0  1 0
 0  0 1 0  1 0
1,1;1,1;1;1 1 24
72 
#2 
6	% 
 0  0  0 -1  0 1
 1  3  1  0  2 0
 1 -4 -1  0 -2 0
 0 -2  0  0 -1 0
 0 -2  0  1 -1 0
 0  0 -1 -1  0 0
6	% 
  0  0  0 -1  0 1
  1 -1  2  0  0 0
 -1  0 -2  0  0 0
  0  0 -1  0 -1 0
  0  0  0  1  0 0
  0  0  0 -1  1 0
1,1,1;1;1;1 1 16
36 
#2 
6	% 
 0 -1 -1 -1 -1 0
 1 -2 -2 -3 -1 0
 1  1  2  3  1 0
 0 -1 -1 -2 -1 0
 0 -1 -1 -2 -1 1
 0  0  1  0  0 1
6	% 
  2 -1  1 0  1  1
  3 -2  2 0  1  3
 -3  1 -2 0 -1 -3
  2 -1  2 0  1  2
  2 -1  2 1  1  2
  0  0  1 1  0  0
1,1;1,1;1,1 1 9
36 
#1 
6	% 
 0  0 1  1  0 1
 1 -1 1  0 -1 0
 1  0 2  0  1 0
 0  0 1  0  1 0
 0  0 0 -1  1 0
 0  0 0  1  0 0
1,1;1,1;1;1 1 38
36 
#1 
6	% 
 -1  0 -1 0 -2  0
 -1  1 -1 0 -2  0
  0 -1  0 0  1 -1
  0  0  0 0  1  0
  0  0 -1 0 -1  0
  0  0  0 1  0  0
1,1;1,1;1;1 1 11
6 
#1 
6	% 
 0  0 1  0  1 1
 0 -1 0  0  0 0
 1  1 0  0  0 0
 0  0 0  0 -1 0
 0  0 0 -1  1 0
 0  0 1  1  0 0
1,1,1;1;1;1 1 18
4 
#1 
6	% 
  1  0  0  0  0  0
  0  1  0  0  0  0
 -2 -2 -1  0 -2  0
  1  1  0 -1  1  0
  1  1  1  0  1  0
  1  1  0  0  1 -1
2-2;1,1;1,1 1 2
3 
#1 
6	% 
 0 0 2 1  0 0
 0 0 0 0 -1 1
 0 0 0 0  1 0
 0 1 0 0  0 0
 1 0 0 0  0 0
 0 0 1 0  1 0
1,1;1;1;1;1 1 40
18 
#1 
6	% 
  0  0 -2 -1 0  0
 -1  0  0  0 0  0
  1 -1  0  0 0  0
  0  0 -1 -1 1  0
  0  0 -2 -1 0 -1
  0  0  0  0 1 -1
1,1;1;1;1;1 1 51
24 
#2 
6	% 
 1  4  1 0  2 0
 1 -5 -1 0 -2 0
 0  2  1 1  1 0
 0  2  1 0  1 0
 0  2  1 0  1 1
 0 -4 -1 0 -2 0
6	% 
 -1  0  1  2 0 0
  1 -1 -1 -2 0 0
  0  0  1  1 0 0
  0  0  1  1 1 0
  0  0  1  1 0 1
  0  0 -1 -2 0 0
2-2;1,1;1;1 1 15
6 
#1 
6	% 
  0 0 1  1  0 1
  0 1 0  0  0 0
 -1 1 0  0  0 0
  0 0 0 -1  0 0
  0 0 0  1 -1 0
  0 0 1  0  1 0
1,1;1;1;1;1 1 45
1 
#1 
6	% 
 0 -1  0  0  0  0
 1  1  0  0  0  0
 0  0  1  0  0  0
 0  0 -1 -1  0  0
 0  0 -1  0 -1  0
 0  0 -1  0  0 -1
1;1;1;1;1;1 1 35
3 
#1 
6	% 
 -1  0 0 0 0 0
  1 -1 0 0 0 0
  0  0 0 1 0 0
  0  0 0 0 1 0
  0  0 0 0 0 1
  0  0 1 0 0 0
