#82

3;3 3 1
1 
#1 
6	% 
 1 0 0 0 0 0
 0 1 0 0 0 0
 0 0 1 0 0 0
 0 0 0 1 0 0
 0 0 0 0 1 0
 0 0 0 0 0 1
1,1,1,1,1,1 1 1
1 
#1 
6	% 
 1 0 0 0 0 0
 0 1 0 0 0 0
 0 0 1 0 0 0
 0 0 0 1 0 0
 0 0 0 0 1 0
 0 0 0 0 0 1
1,1,1,1,1;1 1 2
18 
#4 
6	% 
  0 0  0  1  0 -1
  0 0  1  0  0 -1
  1 1  1  1  1  0
  0 0  0  0  1 -1
 -1 0 -1 -1 -1  1
  0 1  1  1  1 -1
6	% 
  1 -1 1  1  0  1
  0 -1 0  0  0  0
  0 -2 0  1  0  0
  1 -1 0  2  0  1
 -1  2 0 -2 -1 -1
  1 -2 0  1 -1  0
6	% 
 0 -1 0 -1  0  1
 0  0 0  0  0  1
 0 -1 0 -1  1  1
 0  0 0 -1  0  1
 0  1 1  1 -1 -2
 1 -2 0 -1  1  2
6	% 
  1 0  0 0 0  0
  1 0  1 0 0  0
  1 0  1 1 0  1
  1 1  2 0 1 -1
 -1 0 -2 0 0  1
  1 0  2 0 1  0
2-1;1,1,1,1 1 2
6 
#2 
6	% 
 0 -1  1  0  0  0
 0  0  1  0  0  0
 1  1  2  1  0  1
 0  0  2  0 -1  0
 0  0  0  0  1  1
 0  0 -2 -1 -1 -1
6	% 
  0  0  0 0 -1  1
  0  0  0 0  0  1
  1  1 -1 1  1  2
  0  1 -1 0  0  2
  1 -1  0 0  0  0
 -1  0  0 0  0 -2
2-1;1,1,1;1 1 3
6 
#2 
6	% 
  0 0  0  0 -1 -1
  0 0  0 -1  0 -1
  0 0  0  1  1  1
 -1 0  1  0  0  0
  0 0 -1  0  0  0
  0 1  0  0  0  0
6	% 
  0 -1 -1  0 0 0
 -1  0 -1  0 0 0
  1  1  1  0 0 0
  0  0  0  0 0 1
  0  0  0  1 1 0
  0  0  0 -1 0 0
2-1;1,1,1;1 1 6
54 
#4 
6	% 
 -1 -1 -1 -1  0 -1
  1  1  0  0  0  1
  2  1  1  1  0  1
  0  0  0  0 -1 -1
 -1 -1  0 -1  0  0
 -1 -2 -1 -1  0 -1
6	% 
  1  1 -1 1 0  2
 -1  0  0 0 0 -1
 -1 -1  1 0 1 -2
  0  0  1 0 0  0
  0  1 -1 0 0  1
  1  1 -1 1 1  3
6	% 
  0 -1  0  0 0 0
  1  1 -1  0 0 1
  1  0  0  0 0 0
  0  0  0  1 1 0
 -1 -1  1 -1 0 0
  0 -1  1  0 0 0
6	% 
  0  0  0  0  1 1
  0 -1  1 -1 -1 0
 -1 -1  1 -1 -2 0
  0  0 -1  0  0 0
  1  0  0  1  1 0
  1  1 -1  2  2 1
1,1,1,1;1,1 1 2
18 
#4 
6	% 
  0 0  0 1  0  0
  0 0  0 0  1  0
 -1 1  1 0 -1 -1
 -1 0  0 0  0  0
  2 0 -1 0  0  0
  1 1  0 0  0  0
6	% 
  1  1  1  1  0  1
  1  0  1  1  0  1
  1  1  0  1  0  1
  0  0  0  0 -1 -1
 -1 -1 -1 -1  1 -1
  1  1  1  2  1  2
6	% 
  0  0  0  0 1  0
 -1  1  0 -1 0 -1
  0  0  0  1 0  0
  1  1  1  0 0  0
  0 -1 -1  0 0  0
 -1  0 -1  0 0  0
6	% 
  0  0  1 0  0 0
  0  1  0 0  0 0
  1  1  2 1  2 1
  0  0  0 1  0 0
 -1 -1 -1 0 -1 0
  1  1  1 1  1 1
2-1;1,1;1,1 1 5
54 
#4 
6	% 
 0 0 1  0 0 0
 0 0 0  0 0 1
 0 1 0  0 0 0
 0 0 0  1 1 0
 0 0 0 -1 0 0
 1 0 0  0 0 0
6	% 
  0  0  0  2  0  1
  1  0  0  0  0  0
  1  1 -1  0  1  0
  0  0 -1  0  0  0
  0 -1  1  0  0  0
 -1 -1  1 -1 -1 -1
6	% 
 -2  1 -1  0 0 0
  0  0  0  0 0 1
  1  0  1  0 0 0
  0  0  0  1 1 0
  0  0  0 -1 0 0
  2 -1  0  0 0 0
6	% 
  0  0  0  0 -1 -1
  0  1 -1  1  0  1
  1  1 -1  2  1  2
  0  0  1  0  0  0
 -1  0  0 -1  0 -1
 -1 -1  1 -1  1 -1
1,1,1,1;1,1 1 3
81 
#4 
6	% 
 -1 -1 -1 -1  0  0
  0  0 -1  1  0  1
  1  0  0  0 -1  0
 -1  1  1  0  1 -1
 -1  1 -1  1  1  2
  0 -1  0 -1 -1 -1
6	% 
  0  0 -1  1  1  0
  0  0  0  1  1  0
  1  0  1  0  1  1
 -1  0  0 -1 -2 -2
  0  1  0  1 -1 -1
  0 -1 -1  0  1  1
6	% 
  0 -1 0  0 0 1
 -1  0 1  2 0 0
  0  1 0  1 1 0
  1  0 0 -1 0 0
  0 -1 1  1 0 0
  0 -1 0  0 1 1
6	% 
  0  1 -1  0  1  1
 -1  0  0  0  0  0
  0  0  1  1  0  0
  1 -1  0 -1 -1 -2
  0  0 -1 -1  1  0
 -1  1  0  0  0  1
2-1',2-1';1,1 1 3
18 
#1 
6	% 
 -1  1 -1  0 -1 -1
  1  1  0  1  1  1
  0 -1  1 -1  0  0
  1 -1  0 -1 -1  0
 -1 -1  2  0  1  0
  0 -1  0 -1 -1 -1
2-1',2-1';1;1 1 5
18 
#1 
6	% 
  1 -1  0  0 0 0
 -1  0  0  0 0 0
  0  0  0  0 1 0
  0  0  0  0 1 1
  0  1 -1  0 0 0
  0  0  0 -1 0 0
1,1,1;1,1,1 1 1
1 
#1 
6	% 
  0 -1 -1  0  0  0
 -1  0 -1  0  0  0
  1  1  1  0  0  0
  0  0  0  0 -1 -1
  0  0  0 -1  0 -1
  0  0  0  1  1  1
1,1,1;1,1,1 1 3
81 
#4 
6	% 
  0  0 1  1  0  1
  1 -1 0  0  1  1
 -1  1 0 -1 -1 -1
  1  0 0  1  1  0
 -1  1 0  0 -1  0
  0 -1 0  1  1  0
6	% 
  1 -1 -1 -1 0 -2
  0  1 -1  0 0  0
  0 -1  0 -1 0  0
  1  1  0  1 1  1
 -1  0  1  1 0  0
  2  0 -1  0 1  0
6	% 
  0  0  0  0 1  1
 -1  0  1 -2 0 -2
  0  1 -1  1 0  2
  0 -1  1 -1 0 -1
  1  0  0  2 0  1
 -1  0  0 -1 0 -1
6	% 
  1 -1 0  0  0 -3
  1  1 1  1  2  1
  0 -1 0  0 -1 -1
 -1  0 0  0  0  1
 -1  0 0 -1 -1  0
  0 -1 0  0  0 -1
2-2;1,1,1,1 1 2
8 
#2 
6	% 
  0  0 0  0  0 -1
  0  0 0  0 -1  0
  0  0 0 -1  0  0
  1 -1 0  1  1  1
 -1  0 1 -1 -1 -1
  1  0 0  1  1  1
6	% 
 1 0 0 0  0 0
 0 1 0 0  0 0
 0 0 1 0  0 0
 0 0 0 0 -1 0
 0 0 0 1  0 0
 0 0 0 1  1 1
2-2',2-2';1,1 1 3
32 
#1 
6	% 
  0 -1  1 0 -1 0
  0  0 -1 1  1 1
  0 -1  0 1  0 0
 -1  0  1 0  0 0
 -1  0  0 0  0 0
 -1  1  0 0  0 0
2-2;1,1,1;1 1 5
72 
#4 
6	% 
  1  1  1  0 0  0
  0  1  0  0 0  0
 -1  0  0  0 0  0
 -1 -1 -1  0 0 -1
 -1 -1 -1 -1 0  0
 -1 -1 -1  1 1  1
6	% 
 0  0  0 -1  0  0
 0  0  0 -1 -1 -1
 0  0  0  0 -1  0
 1  0 -1  2  0  1
 1 -1  0  2  0  1
 1  0  0  2  0  1
6	% 
 0 -1 0  0  0  0
 0  0 1  0  0  0
 1 -1 0  0  0  0
 0  0 0  0  0  1
 0  0 0  1  0  0
 0  0 0 -1 -1 -1
6	% 
  0 0 0  1 0  1
  0 0 0  0 0  1
  0 0 0  0 1  0
 -1 1 0 -1 0 -1
 -1 0 1 -1 0 -1
 -1 0 0 -1 0 -1
1,1,1;1,1;1 1 7
162 
#8 
6	% 
 -1 -1 -2  0 0  0
  0  0 -2  1 0  1
  0  0  3 -2 0 -2
  0  0 -1  0 1  2
  0  0  0  0 1  1
 -1  0 -1  0 0  0
6	% 
  1  1  0  0  0  0
  2  2  2  1  1  2
 -4 -4 -3 -2 -2 -4
  1  1  1  2  1  1
  0  0  0  2  1  0
  1  0  0  0  0  0
6	% 
 0  0 0 1 0  1
 0 -1 0 0 0  0
 0  1 0 0 0 -1
 1 -1 0 0 0  0
 1 -1 1 0 0  0
 0  0 0 1 1  1
6	% 
  0  0  0  1  0 -1
  1  1 -1  2  0  0
 -2 -2  2 -4  0 -1
  1  0  0  1  0  0
  0  0 -1  0  0  0
  0  0  0  0 -1 -1
6	% 
  1  1 -1  2  2 0
  2  2 -2  3  3 0
 -4 -5  4 -6 -6 0
  1  1 -1  1  2 0
  0  0  0 -1  2 1
  0  1 -1  1  1 0
6	% 
 -1  1 1  0  0  0
  0  2 0  1  1  2
  0 -5 0 -2 -2 -4
  0  1 0 -1  0  1
  0  0 0 -1  0  0
 -1  1 0  0  0  0
6	% 
  0  0  0 -1  1  0
  1 -1 -1  0  2  2
 -2  2  2  0 -3 -3
  1 -1  0  0  1  1
 -1  0  0  0  0  0
  0  0  0 -1  0  0
6	% 
 0  2 0  2 1  1
 0 -1 0  0 0  0
 0  1 0 -1 0 -1
 1 -1 0  0 0  0
 1 -1 1  0 0  0
 0  1 0  1 1  1
1,1,1,1;1;1 1 4
12 
#3 
6	% 
  1  1 -1  1  0  0
  0  0  0  1 -1  0
 -2 -2  2 -3  0 -1
  1  1 -1  2  0  0
 -1  0  1 -1  0  0
 -1  0  0 -1  0  0
6	% 
 0  0 -1  0  1  0
 0  0 -1 -1  0 -1
 0  0  1  1 -1  0
 0  0 -1  0  0  0
 1  0  0  0  0  0
 0 -1  1  0  0  0
6	% 
 -1  1 1  0  0  0
 -1  0 0  0  0  0
  3 -1 0  1  0  1
 -2  0 0 -1  0 -1
  1  0 0  0 -1  0
  1  0 0  0  0  1
1,1,1;1,1;1 1 10
216 
#8 
6	% 
  0 0 -2 -2 -1 -1
  0 0 -3 -2 -1 -1
  0 0  7  5  3  2
  1 1 -2 -1  0  0
 -1 0 -1 -1 -1 -1
 -1 1  0  0  0  0
6	% 
  0  0  0  0 -1  1
  1  1 -1  0  1  1
 -2 -2  2  0 -2 -3
  0  0  1  1  0  1
  0  1 -2 -1  0  0
 -1  1  0  0  0  0
6	% 
 0  0 -2 -1 -1 0
 0  0 -1  0  0 0
 0  0  4  3  2 0
 1  1 -2  0  0 1
 0 -1  0  0  0 0
 1 -1  0  0  0 0
6	% 
  0  0  0  1  1  2
  1  1 -1  1  3  4
 -1 -1  1 -2 -5 -7
  0  0  1  2  2  1
  0  1 -1  0  1  2
 -1  1  0  0  0  0
6	% 
  0  2  0  0  1 -1
  0  1  0 -2  2 -4
  0 -4  0  3 -4  7
  0  1  0  0  0 -1
  0  1 -1 -1  2 -1
 -1  1 -1  0  0  0
6	% 
  0  0  0  0 -1  1
 -1  0  1  0 -3  1
  1  0 -1  0  4 -3
  0 -1  0 -1 -1  0
 -1  1  0  1 -1  1
 -1  1 -1  0  0  0
6	% 
 0 -1  2  2  2  0
 0 -2  4  3  3  0
 1  4 -9 -7 -7  0
 0 -1  1  1  1  0
 0  0  2  2  1  0
 0  0  0  0 -1 -1
6	% 
  1 -1  1  0  0  0
  2 -2  4  1  1  0
 -4  4 -7 -1 -1  0
  1  0  0  0  0  0
  1 -1  2  1  0  0
  0  0  0  0 -1 -1
1,1,1,1;1;1 1 5
81 
#4 
6	% 
  1  1  1  0  1  1
  1  1  1  0  2  1
  1  1  1 -1  1  0
 -1 -2 -2  0 -2 -1
  2  1  2  0  2  1
 -1 -1 -1 -1 -2 -1
6	% 
  0  0 -1  0  0  0
 -1 -1 -1 -1  0 -1
 -1  0 -1  0 -1 -1
  1  1  2  1  1  1
 -1 -1 -2  0  0 -1
  0  1  1  0  1  1
6	% 
  0 -1 0 -1  0 -1
 -1  0 1 -3  0 -2
  0  0 0 -1 -1 -1
  1  0 0  2  0  2
  0 -1 1 -2  0 -2
  0  0 0  0 -1  0
6	% 
  0 -1  0  0  0  0
 -1 -2  1 -1  0 -1
 -1 -1  0  0 -1 -1
  1  3 -1  1  1  1
 -1 -3  1  0  0 -1
  0  2 -1  0  1  1
1,1,1;1,1;1 1 4
18 
#4 
6	% 
  0 0 0  1 0 1
  0 0 0  1 0 0
  0 0 0 -1 1 0
  0 1 1  0 0 0
  0 0 1  0 0 0
 -1 1 0  0 0 0
6	% 
  0 -1 -1  0  0  0
 -1  0 -1  0  0  0
  1  1  1  0  0  0
  0  0  0 -2 -1 -1
  0  0  0 -2  0 -1
  0  0  0 -1 -2 -1
6	% 
  0 0  0  1 0 1
  0 0  0  1 0 0
  0 0  0 -1 1 0
  0 1 -1  0 0 0
  0 1  0  0 0 0
 -1 1 -1  0 0 0
6	% 
  0 -1 -1  0  0  0
 -1  0 -1  0  0  0
  1  1  1  0  0  0
  0  0  0  0  0 -1
  0  0  0  0 -1 -1
  0  0  0 -1  0 -1
2-2;2-1;1,1 1 4
24 
#2 
6	% 
 0  0  0  0 0  1
 0  0  0 -1 0 -1
 0  0  0  1 1  1
 1  0  0 -1 0 -1
 1 -1  0 -1 0 -1
 1  0 -1 -1 0 -1
6	% 
  0  1 0  0  2  0
 -1 -1 1  0 -4  0
  1  0 0  0  2  0
 -1 -1 1 -1 -5 -1
 -1 -1 1  0 -4  1
 -1 -1 1  1 -4  0
3;1,1,1 1 1
1 
#1 
6	% 
 0 0 1  0  0  0
 0 1 0  0  0  0
 1 0 0  0  0  0
 0 0 0  0 -1 -1
 0 0 0 -1  0 -1
 0 0 0  1  1  1
2-2;2-1;1;1 1 7
24 
#2 
6	% 
 -1 0  1 0 0 0
  1 1 -1 0 0 0
 -1 0  0 0 0 0
  0 0  0 0 0 1
  0 0  0 0 1 0
  0 0  0 1 0 0
6	% 
  0 0 0  0 0  1
  0 0 0 -1 0 -1
  0 0 0  1 1  1
 -1 1 0  0 0  0
 -1 0 1  0 0  0
 -1 0 0  0 0  0
2-1;1,1;1;1 1 15
54 
#4 
6	% 
  0  0 0 -1  2 1
  1  0 0  0  0 0
  0  0 0  0 -1 0
 -1  1 0  0  0 0
  0 -1 1  0  0 0
  0  0 0 -1  0 0
6	% 
  0 0  0 1 1  1
 -1 0  1 0 0  0
  0 0  0 0 0 -1
  0 0 -1 0 0  0
  0 1  0 0 0  0
  0 0  0 1 0  0
6	% 
  1 -1 1  0 0 0
  0  0 0  0 0 1
 -1  0 0  0 0 0
  0  0 0  1 1 0
  0  0 0 -1 0 0
  1 -1 0  0 0 0
6	% 
 -1  1 -2  0 0 0
  0  0  0  0 0 1
  0 -1  1  0 0 0
  0  0  0  1 1 0
  0  0  0 -1 0 0
 -1  0  0  0 0 0
3;1,1,1 3 1
1 
#1 
6	% 
  0  0  0  0 -1 0
  0  0  0 -1  0 0
  0  0  0  1  1 1
  0 -1 -1  0  0 0
 -1  0 -1  0  0 0
  1  1  1  0  0 0
1,1,1,1;1;1 1 6
12 
#3 
6	% 
 0 -1 0 -1  0 -1
 1  0 0  0  0  0
 0  0 1  0  0  0
 0  0 0  1  0  0
 0  0 0  0  1  0
 0  0 0  0 -1 -1
6	% 
 0 -1 0 -1  0 1
 1  0 0  0  0 0
 0  0 1  0  0 0
 0  0 0  1  0 0
 0  0 0  0  1 1
 0  0 0  0 -1 0
6	% 
  0 0  0 1 0 0
  0 0  0 0 1 0
  0 0  0 0 0 1
  0 0 -1 0 0 0
  0 1  0 0 0 0
 -1 0  0 0 0 0
1,1,1;1,1;1 1 11
216 
#8 
6	% 
  0  0 0  1 0 -1
  2 -1 0  3 0 -3
 -3  1 1 -6 0  6
  0  1 0  2 0  1
  1  0 0  2 0 -1
  0  0 0  1 1  0
6	% 
  0  0 0  1 0  1
 -2  1 0  0 0  0
  3 -2 1 -1 0 -1
  0  1 0  1 0  0
 -1  1 0  0 0  0
  0  0 0  1 1  1
6	% 
 -2  2 -2 -1 0  1
 -1  1 -3  0 0  0
  4 -4  7  1 0 -1
 -1  1 -1 -1 0  0
  0  1 -2  1 0  1
 -1  1 -1  0 1  1
6	% 
  0  2  0  1 0  1
 -1  1  1  2 0  2
  2 -5 -2 -5 0 -5
  0  1  0  0 0  1
  0  0  1  2 0  0
  0  1  0  1 1  1
6	% 
 -1  1  1  0 0  0
 -1  1  1  1 0 -1
  3 -3 -3 -1 1  2
  0  1  0  1 0  1
 -1  0  1  0 0 -1
  0  0  1  0 0  0
6	% 
 -1 -1  1  0 -2 -2
 -1 -1  1  0 -1 -3
  2  2 -2  0  3  6
 -1  0  1  0 -1 -1
 -1  0  1 -1 -1 -2
  0 -1  1  0 -1 -1
6	% 
  0  0 0 -1 0  1
  1  1 0  0 0  0
 -1 -1 1  1 0 -1
  0  0 0  0 1  1
  1  0 0  0 0  0
  0  0 0  0 0  1
6	% 
 -2 -2  2 0 -3  3
 -1 -1  1 0 -2  2
  4  3 -4 0  7 -7
 -1 -1  1 1 -1  2
 -1  0  0 0 -1  1
 -1 -1  1 0 -1  2
2-1;1,1;1;1 1 12
36 
#3 
6	% 
  0  0  0 -1 -1 0
 -1 -1  1  0  1 0
  0 -1  0  0  0 0
  1 -1  0  0  0 0
  1  1 -1  1  1 1
  1  0 -1  0  0 0
6	% 
 0 0  0 -1 -1 0
 0 0 -1  0  1 0
 1 0  0  0  0 0
 1 1 -1  0  0 0
 0 0  1  1  1 1
 1 0 -1  0  0 0
6	% 
  0  0  1  0 0  0
 -2 -1  1 -1 0 -1
 -1 -1  1  0 1  0
  0  0  0  1 1  0
  1  2 -2  1 0  1
  1  1 -1  1 1  1
1,1;1,1;1,1 1 4
81 
#4 
6	% 
  0 0  0  1  0 1
 -2 1 -1  0  0 0
  1 0  1 -1 -1 0
  0 0  0  0  1 0
  0 0  0  1  0 0
 -2 1  0 -1 -1 0
6	% 
 -2  1 -1  0 0 0
  0  0  0  2 1 0
  0  0  0 -1 0 1
  2 -1  0  0 0 0
 -1  0 -1  0 0 0
  0  0  0  2 1 1
6	% 
 0  0 1  0 0 0
 0  0 0  2 0 1
 0  0 0 -1 1 0
 1  0 0  0 0 0
 0 -1 0  0 0 0
 0  0 0  2 1 1
6	% 
  0  0 0  1 1  0
  1 -1 1  0 0  0
 -1  0 0  0 0  0
  0  0 0 -1 0  0
  0  0 0  0 0 -1
  1 -1 0  0 0  0
2-2;1,1;1,1 1 4
72 
#4 
6	% 
 -2 -1  1  0  0  0
  1  0 -1  0  0  0
  0  1  0  0  0  0
 -1  1  1  0  0  1
 -1  1  1  1  0  0
 -1  1  1 -1 -1 -1
6	% 
 0  0  0  1 1 0
 0  0  0  0 0 1
 0  0  0 -1 0 0
 1  0 -1  0 0 0
 1 -1  0  0 0 0
 1  0  0  0 0 0
6	% 
 0 0 1  0  0  0
 0 1 0  0  0  0
 1 0 0  0  0  0
 0 0 0  0  0  1
 0 0 0  1  0  0
 0 0 0 -1 -1 -1
6	% 
 0  0  0  2  0  1
 0  0  0 -1  1  0
 0  0  0 -2 -1 -1
 1  0 -1  0  0  0
 1 -1  0  0  0  0
 1  0  0  0  0  0
1,1,1;1;1;1 1 14
4 
#2 
6	% 
  0 0  0  0 -1 -1
  0 0  0 -1  0 -1
  0 0  0  1  1  1
  0 0 -1  0  0  0
  0 1  0  0  0  0
 -1 0  0  0  0  0
6	% 
  0 -1 -1 0  0  0
 -1  0 -1 0  0  0
  1  1  1 0  0  0
  0  0  0 0  0  1
  0  0  0 0 -1 -1
  0  0  0 1  1  1
1,1;1,1;1;1 1 26
108 
#6 
6	% 
  0  0  0 -1  0 -1
  1 -1 -1  1  2  2
  1 -1 -1 -1  1  1
 -1  0  1  0 -1 -1
  0  0 -1  0  1  1
  0 -1  1  0  0  0
6	% 
  0  0  0  1  0  0
 -2  2  2 -1 -1 -3
 -2  2  2 -2 -2 -3
  1 -2 -1  1  1  2
 -2  2  1 -1 -1 -2
  0 -1  1  0  0  0
6	% 
 -1  0 1  0  0  0
  1 -4 0 -1  0 -1
 -1 -3 0 -1  0 -1
  0  2 0  0 -1  0
  0 -2 0 -1  0  0
  0  0 0  0 -1 -1
6	% 
 -1  0  1  0  0  0
 -1  1 -2 -2  0 -2
 -2  2 -1 -2  0 -2
  1 -1  1  1 -1  1
 -1  1 -1 -2  0 -1
  0  0  0  0 -1 -1
6	% 
  1  1  1  0  0 0
  1 -2 -1  1  2 1
  2 -1  1  1  2 1
 -1  1  0 -1 -1 0
  1 -1  0  1  1 1
  0  0  0 -1  0 0
6	% 
 -2 -1  1  0  0  0
  2 -1 -2  2  0 -2
  1 -2 -1  2  0 -2
 -1  1  1 -2 -1  1
  1 -1 -1  1  0 -2
  0  0  0  0 -1  0
1,1,1;1;1;1 1 16
108 
#6 
6	% 
  0  0  0 0 0  1
  1 -1 -1 1 1  4
 -1  1  1 1 0 -3
  1 -1  0 0 0  2
  1  0 -1 0 0  2
  1  0  0 0 0  0
6	% 
  0  0  0 0  1  1
  1 -1 -1 1  3  3
 -1  1  1 0 -2 -3
  1 -1  0 0  2  2
  1  0 -1 0  2  2
  1  0  0 0  0  0
6	% 
  1  1  1  1 0  1
  1  2  2  2 0  2
 -2 -1 -2 -2 0 -2
  1  1  1  2 0  1
  1  1  1  2 1  2
  0  0  0  1 1  0
6	% 
  1  1  1  1 0 -1
  1  2  2  2 0 -2
 -2 -1 -2 -2 0  2
  1  1  1  2 0 -1
  1  1  1  2 1 -1
  0  0  0  1 1  1
6	% 
  0 -1  0 0 0 0
 -1 -3  0 0 0 0
  0  4 -1 0 0 0
  0 -2  0 1 0 0
  0 -2  0 1 1 1
  0  0  0 1 1 0
6	% 
  0 -1  0  0 0  0
 -1 -4  2 -1 0  1
  2  3 -1  1 0 -1
 -1 -2  1  0 1  1
 -1 -2  1  0 0  1
  0  0  0  1 1  1
1,1;1,1;1;1 1 20
108 
#6 
6	% 
  0  0  0 -1  0 -1
 -1  1  1  1 -2 -2
  1 -1 -1  0  2  2
 -1  1  0  0 -1 -1
 -1  1  1 -1 -3 -3
 -1  0  1  0 -1 -1
6	% 
  0  0  0  1  0  0
  1 -1 -1  0  0 -1
 -1  1  1  0  0  0
  0  0 -1  0  0  0
  1 -1 -1 -1 -1 -1
  0 -1  0  0  0  0
6	% 
 -1  0 1  0 0  0
  1  2 0  1 0  1
  0 -2 0 -1 0 -1
  0  1 0  1 1  1
 -1  3 0  1 0  1
  0  1 0  1 0  0
6	% 
  0 -1  0  0 0  0
  0  2 -1  1 0  1
  0  0  0 -1 0 -1
  0  0  0  1 1  1
 -1 -1  0  1 0  1
  0  0  0  1 0  0
6	% 
 0  0  0  0 -1 -1
 0  0  1  0  1  0
 0  0 -1  0  0  0
 1  0  0  0  0  0
 0  0  1 -1 -1 -1
 0 -1  1  0  0  0
6	% 
  0  0 0  1  0  0
  1 -1 0  0  0 -1
 -1  1 0  0  0  0
  0 -1 1  0  0  0
  1 -1 0 -1 -1 -1
  1  0 0  0  0  0
1,1,1;1;1;1 1 8
108 
#6 
6	% 
 -1  1  1 0 -1 -2
  1 -1 -1 1  2  2
 -1  1  0 0 -1 -1
  0  1 -1 0  0  0
 -1  1  1 1 -1 -1
  0  0 -1 0  1  1
6	% 
  0 0  0 -1  0 -1
  0 0  0  0  0  1
 -1 1  0  0 -1 -1
  0 1 -1  0  0  0
  0 0  0 -1 -1 -1
  0 0 -1  0  1  1
6	% 
 0 0  0 1 0 0
 0 0 -1 0 1 0
 1 0  0 0 0 0
 1 1 -1 0 0 0
 0 0  1 1 1 1
 1 0 -1 0 0 0
6	% 
 -1  0  1  0 0  0
  1  0 -2  1 0  1
 -1  0  1  0 1  0
  0  0  0  1 1  0
 -1 -1  2 -1 0 -1
  1  0 -1  1 1  1
6	% 
 1 -1  0  1 0  1
 0  1 -2 -1 0 -1
 0  0  1  1 1  1
 0  0  0  0 1  1
 1  0  1  1 0  1
 0  0 -1  0 1  0
6	% 
  0  0 0  0 1  1
  1 -1 0  1 0 -2
 -1  0 1 -1 0  1
  0  0 1  0 0  0
 -1  1 0 -2 0  1
  0 -1 1  1 0 -1
1,1,1;1;1;1 1 6
4 
#2 
6	% 
  0 0 0  0  1  0
  0 0 0  0  1  1
  0 0 0 -1 -1 -1
  1 0 0  0  0  0
 -1 0 1  0  0  0
 -1 1 0  0  0  0
6	% 
  0 -1 -1  0 0  0
 -1  0 -1  0 0  0
  1  1  1  0 0  0
  0  0  0 -1 0 -1
  0  0  0  1 0  0
  0  0  0  1 1  1
2-1;1;1;1;1 1 10
12 
#2 
6	% 
 0  0  0 -1 -1 0
 0  0  0  0  1 0
 0 -1  0  0  0 0
 0  0 -1  0  0 0
 0  0  0  1  1 1
 1  0 -1  0  0 0
6	% 
  0 0  1 0 0 0
  0 1 -1 0 0 0
  0 0  0 1 0 0
  0 0  0 1 0 1
 -1 0  0 0 0 0
  0 0  0 1 1 1
2-2,2-2;1,1 1 3
96 
#1 
6	% 
  0  0 0  0 -1  0
  0  0 0  0  0 -1
  0  0 0 -1 -1 -1
  0  0 1  0  0  1
  0 -1 1 -1 -1 -1
 -1  0 1  0  1  0
1,1;1,1;1,1 1 11
60 
#3 
6	% 
  0 0  1  1  0 -1
  0 1 -1 -1 -2  0
 -1 0  0 -2 -2 -1
  0 0  0  0  1  0
  0 0 -2 -1  1  2
  0 0  2  2  0 -1
6	% 
  0  0 -1 -2  0 -2
 -1  0  1 -1 -2  1
  0  1  0  1 -2 -1
  1  1 -1  2  1 -1
  0  0  2  4  1  4
 -1 -1 -1 -5  0 -2
6	% 
 -1 -1  1  0 -1 -1
 -1  2 -2 -1  0  0
 -1  2 -2  0  0  1
  0  0  1  1  0  1
  2  1 -1  0  2  2
 -1 -2  1 -1 -2 -3
1,1;1,1;1;1 1 29
180 
#6 
6	% 
 -1 -1  1 -1  0 -1
  0  1  2  2  0 -1
  1  0  2  2  0 -1
  0  0 -1 -1 -1  0
  1  1 -2  1  0  2
 -1 -1  1 -1  1 -1
6	% 
  1  1 -1  1  0 -1
 -1  0  0 -2  0 -1
  0 -1  0 -2  0 -1
  0  0  0  0 -1  0
 -1 -1  1  0  0  1
  1  1 -1  1  1  0
6	% 
  0 0 -1  0  0  0
  0 1  0 -1 -2 -1
 -1 0  1 -1 -2 -1
  0 0  0  1  1  0
  0 0  1  1  1  1
  0 0 -1 -1  0  0
6	% 
 0 0  3  2  1  1
 0 1 -2 -1  1 -2
 1 0 -2 -1  1 -2
 0 0  0  0 -1  0
 0 0 -1 -1 -1  0
 0 0  1  1  1  1
6	% 
 -1 -1  1 -1  0 -1
 -3  4 -4  0 -3 -2
 -3  4 -4  1 -2 -2
  2 -2  1  0  1  1
  1 -2  2  0  1  1
  0  1  0  0  0  0
6	% 
 -3  0 0 -1 -2 -1
  1  0 1 -1  1  2
  2 -1 0 -1  1  2
  0  0 0  1  0  0
  1  0 0  1  1  0
 -1  0 0 -1 -1 -1
1,1;1,1;1;1 1 8
81 
#4 
6	% 
 0  0 1  0 0 0
 0  0 0  2 0 1
 0  0 0 -1 1 0
 1  0 0  0 0 0
 0 -1 0  0 0 0
 0  0 0  2 1 1
6	% 
  0  0 0  1  1  0
  1 -1 1  0  0  0
 -1  0 0  0  0  0
  0  0 0 -1 -1 -1
  0  0 0  1  0  0
  1 -1 0  0  0  0
6	% 
 -1 1 -2 0  0  0
  0 0  0 1 -2 -1
  0 0  0 0  2  1
  1 0  0 0  0  0
  0 1 -1 0  0  0
  0 0  0 1 -1 -1
6	% 
 0  0 0  1 1 1
 0 -1 0  0 0 0
 0  0 1  0 0 0
 0  0 0 -1 0 0
 0  0 0  0 0 1
 1 -1 0  0 0 0
2-1;2-1;1,1 1 8
9 
#1 
6	% 
  0 0  1 0 0 0
  0 1 -1 0 0 0
  1 1 -1 0 0 1
  0 0  0 0 1 1
 -1 0  0 0 0 0
  1 1 -1 1 1 1
2-1,2-1;1,1 2 4
36 
#1 
6	% 
  0 0  1 0 0 0
  0 1 -1 0 0 0
  1 1 -1 1 1 1
  0 0  0 1 1 0
 -1 0  0 0 0 0
  1 1 -1 1 0 0
2-1,2-1;1;1 2 7
36 
#1 
6	% 
 0 0  1 -1 -1 0
 0 0 -1  0  1 0
 0 1  0  0  0 0
 0 0  1  0  0 0
 0 0 -1  1  1 1
 1 0  0  0  0 0
2-1;2-1;1;1 1 14
9 
#1 
6	% 
  0 0  1 0 0 0
  0 1 -1 0 0 0
  0 0  0 0 0 1
  0 0  0 0 1 1
 -1 0  0 0 0 0
  0 0  0 1 1 1
2-1,2-1;1;1 1 5
36 
#1 
6	% 
  0 0  1  0  0  0
 -1 0  0  0  0  0
  0 0  0  0  0 -1
  0 0  0  0 -1 -1
  0 1 -1  0  0  0
  0 0  0 -1 -1 -1
2-1,2-1;1,1 1 3
36 
#1 
6	% 
  0  0  0  0  1  1
  1  1 -1  0 -1  0
  0  1  0  1  0  0
  0  0  1  1  1  0
 -1 -1  1 -1 -1 -1
  1  0  0  1  1  1
2-2;1,1,1;1 1 4
8 
#2 
6	% 
  0 -1 -1 0  0 0
 -1  0 -1 0  0 0
  1  1  1 0  0 0
  0  0  0 0  0 1
  0  0  0 0 -1 0
  0  0  0 1  0 0
6	% 
  0 0  0 1  0  1
  0 0  0 0 -1  0
  0 0  0 0  0 -1
 -1 1  0 0  0  0
  1 0 -1 0  0  0
 -1 0  0 0  0  0
2-2;2-2;1;1 1 12
16 
#1 
6	% 
  0 0 0  0 0 1
  0 0 0  0 1 0
  0 0 0 -1 0 0
 -1 1 0  0 0 0
 -1 0 1  0 0 0
 -1 0 0  0 0 0
2-1;1,1;1;1 1 29
36 
#3 
6	% 
  1 -1 0  0 0  0
  0  1 0  1 0 -1
 -1  0 1 -1 0  1
  0  0 0  1 1  0
  0  0 0 -1 0  0
  0  0 0  1 1  1
6	% 
 -1  1  0  0 0  0
  0 -1  0 -1 0 -1
  1  0 -1  1 0  1
  0  0  0  0 1  0
  0  0  0  0 0  1
  0  0  0  1 1  0
6	% 
  0  0  0  1  1  0
 -1 -1  1 -1 -1 -1
  1  1 -1  0 -1  0
  0 -1  1  0  0  0
  0  1  0  0  0  0
  1 -1  0  0  0  0
2-1;1;1;1;1 1 26
12 
#2 
6	% 
  1 -1 0 0  0  0
  0  1 0 0  0  0
 -1  0 1 0  0  0
  0  0 0 0 -1 -1
  0  0 0 1  1  1
  0  0 0 0  0 -1
6	% 
  0 0 0 -1 -1 0
  0 0 0  1  1 1
  0 0 0  0  1 0
 -1 0 1  0  0 0
  1 0 0  0  0 0
 -1 1 0  0  0 0
1,1;1,1;1;1 1 14
54 
#2 
6	% 
  0  0 -2 -1 0 -1
 -1  0  2  1 0  1
  2 -2  1  1 1  1
 -1  1  0  0 0  0
  2 -2  1  1 0  0
 -1  0 -1 -1 0 -1
6	% 
 -1 -1  1  0  0  0
  1  1 -1  0  0  1
  0  1  0  0 -2 -2
  0  0  0  0  1  1
  0  1 -1  0 -2 -2
 -1 -1  1 -1  0  0
1,1;1,1;1,1 1 7
18 
#1 
6	% 
 0 0  0 0 -1 -1
 0 1 -1 0  0  0
 0 0  2 0  1  0
 0 0 -1 0  0  0
 0 0  2 1  1  1
 1 0 -1 0  0  0
1,1;1,1;1,1 1 12
18 
#1 
6	% 
 0 -1 1  0 1 0
 1  0 0  0 0 0
 0  1 0  0 0 1
 0  1 0 -1 0 1
 1 -1 0  1 1 0
 0  0 1 -1 0 1
1,1;1,1;1;1 1 37
54 
#2 
6	% 
 0 0 0 0 1  1
 1 0 0 0 0  0
 0 0 0 0 0 -1
 0 1 0 1 0  1
 0 0 0 1 1  1
 0 0 1 1 0  1
6	% 
 -2  2  2 -2  0  1
 -1  2  1 -1  0  1
  3 -3 -1  2  1 -1
 -2  2  1 -1  0  1
 -1  1 -1 -1 -1 -1
  0  1 -1  0  0  0
2-2,2-2;1;1 2 5
96 
#1 
6	% 
 -1  1 -1 -1  1  0
  1 -1 -1  2  1  1
 -1 -1  1  1  2  1
 -1  0  0  0  1  0
  1 -1  0  1  0  0
  0  1  0 -1 -1 -1
2-2;2-2;1,1 1 8
16 
#1 
6	% 
 0  0  0 -1 -1 -1
 0  0  0  1  0  0
 0  0  0  0  0 -1
 1  0 -1  0  1  0
 1 -1  0  0  1  0
 1  0  0  0  1  0
3;2-2;1 3 3
4 
#1 
6	% 
  0 0 0  0  0  1
  0 0 0  1  0  0
  0 0 0 -1 -1 -1
 -1 0 0  0  0  0
 -2 1 0  0  0  0
 -1 0 1  0  0  0
3,3 3 1
24 
#1 
6	% 
 0 0 1  0 0  0
 0 1 0  0 0  0
 1 0 0  0 0  0
 0 0 0 -1 0  0
 0 0 0  1 1  1
 0 0 0  0 0 -1
3;2-2;1 1 3
4 
#1 
6	% 
 0 1 0  0 0 0
 1 0 0  0 0 0
 0 0 1  0 0 0
 0 0 0  1 1 1
 0 0 0  1 0 1
 0 0 0 -1 0 0
3;1,1;1 3 2
9 
#2 
6	% 
  0 0 1  0  0 0
  0 0 0  0 -1 0
  0 0 0 -1  0 0
  0 1 0  0  0 0
  0 0 0  1  1 1
 -1 0 0  0  0 0
6	% 
 0 0 -1  0  0 0
 0 0  0  0 -1 0
 0 0  0 -1  0 0
 0 1  0  0  0 0
 0 0  0  1  1 1
 1 0 -1  0  0 0
2-2;1,1;1;1 1 9
48 
#3 
6	% 
  0  1  0  0  0  0
  0  0 -1  0  0  0
 -1  0  1  0  0  0
 -1 -1  1  0  0  1
 -1 -1  1  1  0  0
 -1 -1  1 -1 -1 -1
6	% 
 -1 0  0  0  0  0
  1 1 -1  0  0  0
 -1 0  1  0  0  0
  0 0 -1  0  0  1
  0 0 -1  1  0  0
  0 0 -1 -1 -1 -1
6	% 
 0  0  0  0 -1  0
 0  0  0  0  1  1
 0  0  0 -1 -1 -1
 1 -1  0  0  0  0
 1  0 -1  0  0  0
 1  0  0  0  0  0
2-2;1,1;1;1 1 11
72 
#4 
6	% 
  0 0 1  0 0  0
  0 1 0  0 0  0
 -1 0 0  0 0  0
  0 0 0  0 0 -1
  0 0 0 -1 0  0
  0 0 0  1 1  1
6	% 
  0 0 0 -1 0 0
  0 0 0  2 1 1
  0 0 0 -1 1 0
 -1 0 1  0 0 0
 -1 1 0  0 0 0
 -1 0 0  0 0 0
6	% 
 0 -1 0 0 0 0
 0  0 1 0 0 0
 1 -1 0 0 0 0
 0  0 0 0 0 1
 0  0 0 0 1 0
 0  0 0 1 0 0
6	% 
  0 0 0 0 1 1
  0 0 0 1 0 0
  0 0 0 0 0 1
 -1 0 1 0 0 0
 -1 1 0 0 0 0
 -1 0 0 0 0 0
1,1;1;1;1;1 1 10
36 
#4 
6	% 
  0 0 1 0 0 0
  0 1 0 0 0 0
  0 0 0 1 0 0
  0 0 0 1 0 1
 -1 0 0 0 0 0
  0 0 0 1 1 1
6	% 
 0  0  0 1 0 1
 0  0  0 0 1 0
 0 -1  0 0 0 0
 0  0 -1 0 0 0
 0  0  0 0 0 1
 1  0 -1 0 0 0
6	% 
 0  0  0 0 -1 0
 0  0  0 1  2 1
 0 -1  0 0  0 0
 0  0 -1 0  0 0
 0  0  0 1 -1 0
 1  0 -1 0  0 0
6	% 
 -1 -2  1 0 0 0
  0  1 -1 0 0 0
  0  0  0 1 0 0
  0  0  0 1 0 1
 -1  0  0 0 0 0
  0  0  0 1 1 1
1,1;1;1;1;1 1 20
27 
#2 
6	% 
 0  0 -1 0 0 0
 0  0  0 0 1 0
 0 -1  1 0 0 0
 0  0  0 0 1 1
 1  0  0 0 0 0
 0  0  0 1 1 1
6	% 
  1  1 -1 0 0 0
 -1 -1  1 0 1 0
 -1  0  0 0 0 0
  0  0  0 0 1 1
  0 -1  0 0 0 0
  1  1 -1 1 1 1
1,1;1;1;1;1 1 37
90 
#5 
6	% 
  0 0  1 0  0  0
  0 1 -1 0  0  0
 -1 0  0 0  0  0
  0 0  3 1  0  0
  0 0 -3 0  1  0
  0 0  0 0 -1 -1
6	% 
 -1 -1  1 -2  0 -2
  0  1 -1  1  0  1
  0  1  0  1  0  1
 -2 -2  2 -4  0 -3
  2  2 -2  3 -1  3
  0  0  0  0  1  1
6	% 
  0 0  1  0  0 0
  0 1 -1  0  0 0
 -1 0  0  0  0 0
  0 0  3  0  1 0
  0 0 -3 -1 -1 0
  0 0  0  1  1 1
6	% 
 -1 -1  1  0  0  0
  0  1 -1  0  0  0
  0  1  0  0  0  0
 -1 -1  1 -1  0 -1
  1  1 -1  0  0  1
  0  0  0 -1 -1 -1
6	% 
  2 -2 -2  1  1 0
 -1  1  1 -1  0 0
 -1  1  1  0  0 1
  4 -3 -4  2  2 0
 -4  4  3 -2 -2 0
  1  0  0  0  0 0
1,1;1;1;1;1 1 38
36 
#4 
6	% 
  0 0 1  0  0 0
  0 1 0  0  0 0
 -1 0 0  0  0 0
  0 0 0 -1 -1 0
  0 0 0  1  1 1
  0 0 0  1  0 0
6	% 
 0 0  0 2 0 1
 0 0  0 0 1 0
 0 0  0 1 1 1
 0 0 -1 0 0 0
 0 1  0 0 0 0
 1 0  0 0 0 0
6	% 
 0 0 -1  0  0 0
 0 1  0  0  0 0
 1 0 -1  0  0 0
 0 0  0 -1 -1 0
 0 0  0  1  1 1
 0 0  0  1  0 0
6	% 
  0 0 0 -1  2 1
  0 0 0  0 -1 0
  0 0 0 -1  0 0
 -1 0 0  0  0 0
  0 1 0  0  0 0
  0 0 1  0  0 0
3;2-1;1 1 4
3 
#1 
6	% 
 0 0 0 -1 -1 0
 0 0 0  0  1 0
 0 0 0  1  1 1
 0 0 1  0  0 0
 0 1 0  0  0 0
 1 0 0  0  0 0
3;2-1;1 3 2
3 
#1 
6	% 
  0 0  0  0 -1 0
  0 0  0 -1  0 0
  0 0  0  1  1 1
  0 0  1  0  0 0
  0 1 -1  0  0 0
 -1 0  0  0  0 0
3;1,1;1 1 4
9 
#2 
6	% 
 0 0 0 1 1  1
 0 0 0 0 0 -1
 0 0 0 1 0  0
 0 0 1 0 0  0
 0 1 0 0 0  0
 1 0 0 0 0  0
6	% 
 0 0 0 -1  2 1
 0 0 0  0 -1 0
 0 0 0 -1  0 0
 1 0 0  0  0 0
 0 0 1  0  0 0
 0 1 0  0  0 0
2-2;1,1;1;1 1 17
48 
#3 
6	% 
 0  0  0 0 1 1
 0  0  0 0 1 0
 1 -1  0 0 0 0
 0  0  0 1 0 0
 1  0  0 0 0 0
 1  0 -1 0 0 0
6	% 
 0  0  0 0 1 0
 0  0  0 0 1 1
 1 -1  0 0 0 0
 0  0  0 1 0 0
 1  0  0 0 0 0
 1  0 -1 0 0 0
6	% 
  1  0 0  0  0  0
  0  0 1  0 -1  0
 -1  1 1  1 -2  0
  0 -1 0  0  1  0
 -1  1 1 -1 -3 -1
 -1  1 1  0 -2  1
1,1;1;1;1;1 1 50
27 
#2 
6	% 
  0  0 -1  0 0  0
  0  0  0  1 1  1
 -1  0  1 -1 0  1
 -1 -1  1 -1 0  2
 -1 -1  1 -1 1  2
  0  1 -1  1 0 -1
6	% 
  0  0  0  0 -1 -1
  1 -1  0  0  0  0
 -1 -1  1 -1  1 -1
  0 -1  1 -1  0 -1
  0 -1  0 -1  0 -1
  1  1 -1  2  0  1
1;1;1;1;1;1 1 33
3 
#1 
6	% 
 -1  0 0 0  0  0
  0  0 0 1  0  0
  0  0 1 0  0  0
  0  0 0 0  0 -1
  0  0 0 0 -1 -1
  0 -1 0 0  0  0
1;1;1;1;1;1 1 26
10 
#2 
6	% 
 0  0  0 -1 0 -1
 0  0  0  1 0  0
 0  0  0  1 1  1
 0  0 -1  0 0  0
 1  0  0  0 0  0
 0 -1  0  0 0  0
6	% 
  1 0 0 0  0  0
 -1 0 1 0  0  0
 -1 1 0 0  0  0
  0 0 0 0  1  0
  0 0 0 0 -1 -1
  0 0 0 1  1  1
1;1;1;1;1;1 1 13
3 
#1 
6	% 
 0  0  0 0 -1 -1
 0  0  0 0  1  0
 1  0 -1 0  0  0
 1  0  0 0  0  0
 0  0  0 1  1  1
 1 -1  0 0  0  0
2-2;1;1;1;1 1 17
16 
#2 
6	% 
  0 -1 1  0 0  0
  0 -1 0  0 0  0
  0  0 0  0 0 -1
 -1  1 0  0 0  0
  0  0 0 -1 0  0
  0  0 0  1 1  1
6	% 
  0 0 0  0  1  0
  0 0 0  0  0 -1
 -1 0 1  0  0  0
  0 0 0 -1 -1  0
 -1 1 0  0  0  0
 -1 0 0  0  0  0
2-2;1;1;1;1 1 9
16 
#2 
6	% 
 -1 0 1  0 0  0
  1 0 0  0 0  0
 -1 1 0  0 0  0
  0 0 0  0 0 -1
  0 0 0 -1 0  0
  0 0 0  1 1  1
6	% 
  0 0 0  0 -1  0
  0 0 0  0  1  1
  0 0 0 -1 -1 -1
 -1 1 0  0  0  0
 -1 0 1  0  0  0
 -1 0 0  0  0  0
3;1;1;1 3 3
3 
#1 
6	% 
  0  0  0  0  0 -1
  0  0  0  0 -1  0
  0  0  0 -1  0  0
 -1 -1  1  0  0  0
  1  0  0  0  0  0
  1  0 -1  0  0  0
3;1;1;1 1 13
3 
#1 
6	% 
 0 0 1 0 0  0
 0 1 0 0 0  0
 1 0 0 0 0  0
 0 0 0 0 1  1
 0 0 0 1 1  1
 0 0 0 0 0 -1
3;1;1;1 3 4
1 
#1 
6	% 
 0  0 0 1 0 0
 0  0 0 0 1 0
 0  0 0 0 0 1
 0 -1 1 0 0 0
 0  1 0 0 0 0
 1 -1 0 0 0 0
3;1;1;1 1 5
1 
#1 
6	% 
 0 0 0 -1 0 -1
 0 0 0  1 0  0
 0 0 0  1 1  1
 0 0 1  0 0  0
 0 1 0  0 0  0
 1 0 0  0 0  0
