#81

2-1;2-1;1;1 1 8
1 
#1 
6	% 
 1 0 0 0 0 0
 0 1 0 0 0 0
 0 0 1 0 0 0
 0 0 0 1 0 0
 0 0 0 0 1 0
 0 0 0 0 0 1
1,1,1,1,1,1 1 1
1 
#1 
6	% 
 1 0 0 0 0 0
 0 1 0 0 0 0
 0 0 1 0 0 0
 0 0 0 1 0 0
 0 0 0 0 1 0
 0 0 0 0 0 1
2-1;1,1,1,1 1 2
2 
#1 
6	% 
  0  0  0  0  0  1
  0  0  0  1  0  0
  0  1 -1  1 -1  1
  0  1  0  1 -1  1
 -1 -1  0  0  0  0
  0  0  0 -1  1 -1
1,1,1,1,1;1 1 2
10 
#3 
6	% 
  1  1 -1  1 -1  0
  0  1 -1  0 -1  0
  1  1 -1  0 -1  0
  1  1 -1  1 -1  1
 -2 -2  1 -1  2 -1
  1  1 -1  1 -2  1
6	% 
  1  0  0  0  0  0
  0  0  1  0  0  0
  0 -1  0 -1 -1 -1
  1  0  1  0 -1  0
 -1  1 -1  1  1  0
  1 -1  1  0 -1 -1
6	% 
 0  0  1 -1  0  0
 0  1  1  0  1  1
 0  1  0 -1  1  0
 0  1  1  0  0  1
 1 -1 -1  1 -1 -1
 1  2  1 -1  1  1
1,1,1,1;1,1 1 2
10 
#3 
6	% 
  0 -1 1 -1  1 -1
  0  0 0  0  0 -1
  0  0 0 -1  0  0
  1  0 0  0  0  0
 -1  0 0  1 -1  1
 -1 -1 0 -1  1 -1
6	% 
  0  0 0 1  0  0
  0  0 0 0  0  1
 -2 -1 1 0  1 -1
  1  1 0 0  0  0
  1  1 0 0 -1  0
  0  0 1 0  0  0
6	% 
  0 -1  0 -1 0 -1
  0 -2 -1 -1 0 -2
  0 -1  1  0 0  0
 -1 -1  0  0 1  0
  1  2  0  1 0  1
  1 -1  0 -1 0 -1
2-1',2-1';1,1 1 1
2 
#1 
6	% 
  2 -1  1 0 -1  0
  4  2  1 0  1  0
  0  1  0 0  1  0
 -3 -1 -1 0  0  0
  0  0  0 0  0 -1
  0  0  0 1  0  1
2-1;1,1,1;1 1 5
4 
#1 
6	% 
 0 1 -1 1 -1 1
 0 1 -1 0 -1 1
 0 0  0 0  1 0
 1 0  0 0  0 0
 0 1  0 0  0 0
 0 0  1 0  0 0
2-1;1,1,1;1 1 6
4 
#1 
6	% 
  0  1 -1 1 -1  1
  1  0  1 0  0  0
  0 -1  1 0  1 -1
 -1  0  0 0  0  0
  1  1 -1 0  0  0
  0  1 -1 1 -1  0
1,1,1,1;1,1 1 3
24 
#3 
6	% 
  0 -1  1  0  1  0
  0  0 -1  1  1  1
  1  1  0  1  0  0
 -1  0  0 -1 -1  0
  0 -1  0  0  1  1
  1  1  0  0  0 -1
6	% 
 0  1  0  0  0 -1
 0 -1 -1 -1 -1 -1
 1  0  0  0  0  0
 0  0  1  1  0  1
 0  0  0 -1 -1 -1
 1  1  0  0  0  0
6	% 
 0  0 1  0 -1  0
 0 -2 0 -1 -1 -1
 1  0 0  0  0  0
 0  1 0  1  1  0
 0 -1 0  0 -1 -1
 1  1 0  0  0  0
1,1,1,1;1,1 1 1
1 
#1 
6	% 
  0 -1 -1 0 -1  0
 -1  0 -1 0 -1  0
 -1 -1  0 0 -1  0
  1  1  1 0  1  0
  0  0  0 0  0 -1
  0  0  0 1  0  1
2-1;1,1;1,1 1 2
2 
#1 
6	% 
 -1 -1  0 0  0  0
  0  0  0 0  0 -1
  0  0  0 1  0  1
 -1  0 -1 0  0  0
  0  0  1 0 -1  0
  1  1 -1 0  0  0
1,1,1;1,1,1 1 2
8 
#2 
6	% 
  0  1  0 0  0  0
  1  1  1 0 -1  0
  0  0  0 0  0 -1
  0  1 -1 1 -1  1
 -1 -1  0 0  1  0
  1  0  1 0  0  0
6	% 
  0 -1  0 0 -1  0
  1 -1  0 0  0  0
  0  0  0 0  0 -1
  0  1 -2 1  0  1
 -1  0  1 0  0  0
  1 -1  1 0  0  0
1,1,1;1,1,1 1 3
10 
#3 
6	% 
 -1  1  0  0  0  0
  0  1 -1  0 -1  0
  0  1  0  0  0 -1
  1 -1  0  1  1  1
  0 -1  0 -1  0  0
 -1  0  0  1  1  1
6	% 
 -2 -2  1 0 -1 0
 -2 -1  1 0  1 0
  0  0  0 0 -1 0
  1  1  0 1  1 0
  1  1 -1 0  0 0
 -2 -2  1 0  0 1
6	% 
  0 -2 -1 -1  0 -1
 -1 -1  0  1  1 -1
  0  0  0 -1 -1  1
 -1  0  1  1  1  0
  0  1  0 -1 -1  1
 -1 -2 -1  0  1 -1
2-1;1,1,1;1 1 7
4 
#1 
6	% 
  0 -1 0  1 0  0
  0  1 0  1 0  1
 -1 -1 1  0 0  0
  1  0 0  0 1  0
  1  1 0  1 0  1
  1  0 0 -1 0 -1
2-1',2-1';1;1 1 3
2 
#1 
6	% 
  2 -1  1 0 -1 0
  4  2  1 0  1 0
  0  1  0 0  1 0
 -3 -1 -1 0  0 0
  0  0  0 0  0 1
  0  0  0 1  0 0
2-1;1,1;1,1 1 8
4 
#1 
6	% 
 1 0 0  0 0  0
 0 1 0  0 0  0
 0 0 0 -1 0  0
 0 0 0 -1 1  0
 0 0 0  0 0  1
 0 0 1  0 0 -1
2-1;1,1;1,1 1 10
4 
#1 
6	% 
  1  0 0  0 1  0
  2  5 0  1 0  2
  2 -3 0 -2 0 -1
 -1 -1 1  0 0  0
 -1 -3 0 -1 0 -1
 -1  2 0  1 0  1
1,1,1;1,1,1 1 4
8 
#1 
6	% 
  0 -1 -1 0  0  0
 -1 -1 -1 0  1  0
  1  1  1 0 -1 -1
  0  1  0 0  1  0
  1  0  1 1 -1  0
 -1  0 -1 0  1  0
1,1,1;1,1;1 1 5
12 
#2 
6	% 
  0 -1  1 0  1  0
  0  0  0 1  0  1
  0  1 -1 0 -1 -1
  1  0  1 0  0  0
 -1  0  0 0  0  0
  1  1  0 0  0  0
6	% 
 -1 0 0 0  0 0
  0 0 0 0  0 1
  1 0 0 1  0 0
  0 0 1 0  0 0
  0 0 1 0 -1 0
  1 1 0 0  0 0
1,1,1,1;1;1 1 4
6 
#2 
6	% 
 0  0  1  1 -1 1
 0  0  0  1  0 0
 0  1 -3 -2  1 0
 0 -1  2  0  0 0
 0  1 -1  0  0 0
 1  1 -1  0  0 0
6	% 
 -1  0  0  0  0  0
  1  0  0 -1  0 -1
 -1  0 -1  1  1  0
  1  0  1  0 -1  0
  0  0  0  0  1  0
 -1 -1  0  0  1  0
1,1,1;1,1;1 1 10
24 
#2 
6	% 
 -2  0  0 -1  0  1
 -3  0 -1 -1  1  1
  7  0  2  3 -2 -3
 -1  0  0  0  0  1
 -2 -1  0 -1  1  0
 -1 -1  0  0  0  0
6	% 
 0  0 -2 -1  2 -1
 0  1 -2  0  0  0
 0 -2  5  1 -1  1
 0  0 -1  0  1 -1
 1  1 -1  0  0  0
 1  1  0  0  0  0
1,1,1;1,1;1 1 9
32 
#4 
6	% 
  0 -1  0 -2  2  0
  0 -1  0 -1  2  0
  0  1  0  2 -2 -1
  1 -1  1 -1  1  0
 -2  0 -1  0  0  0
 -1 -1  0  0  0  0
6	% 
 0  2  1  0  1 0
 0  1  0  0  0 0
 1 -3 -1  0 -1 0
 0  1  1  1  0 1
 0  0  0 -1  0 0
 0  0  0 -1  0 1
6	% 
 0 1 0  0 0  0
 1 0 0  0 0  0
 0 0 1  0 0  0
 0 0 0 -1 1 -1
 0 0 0  0 0  1
 0 0 0 -1 0  1
6	% 
  0  0 -1 0  1  0
  0  0  0 1  0  1
  0  0  1 0 -1 -1
  0  1  0 0  1  0
 -1  0  0 0  0  0
 -2 -1  0 0  0  0
1,1,1;1,1;1 1 12
48 
#3 
6	% 
 1 -1  2  0  0  0
 0  0  0  1  0 -1
 0  1 -2 -1  0  1
 0  0  0  1  0  0
 0  1 -1  0 -1  1
 1  0  1  0  0  0
6	% 
 0  2 -2 -1  2 -1
 0  1 -3 -2  3 -2
 0 -4  7  4 -7  4
 0  0 -1 -1  2 -1
 1 -1  3  2 -4  2
 0  1 -1  0  1 -1
6	% 
 0  1 0  0 0  0
 0  2 1  1 1 -1
 0 -2 0 -1 0  1
 0  1 1  0 0 -1
 0 -1 0  0 0  1
 1  1 0  0 0  0
1,1,1,1;1;1 1 5
24 
#3 
6	% 
  0  0  0  1 0  0
  0  0  0  1 0 -1
 -1  0 -1  1 0  0
  0 -1  1 -2 1  0
  0  0 -1  2 1  0
  0 -1  1 -1 0  0
6	% 
 -1  0  0  0  0  0
  0  1 -1  1 -1 -1
  0  1 -1  0  0  0
  1 -1  1 -1  1  0
 -1  1 -1  0 -1 -1
  1  0  1  0  0  0
6	% 
 1  0  0  0 0 0
 1  0 -1  0 0 0
 0  1  0  0 0 1
 0 -1  1  0 1 0
 0  0 -1  0 1 0
 0 -1  0 -1 0 0
1,1,1;1,1;1 1 2
8 
#2 
6	% 
  1  1 -2 0  0 0
  1  0 -1 0  1 0
 -1 -1  3 0 -1 0
  0  0  0 1  0 0
  0  0  0 0  0 1
  1  1 -1 0  0 0
6	% 
 0 1 0  0 0 0
 0 0 1  0 0 0
 0 0 0  0 1 0
 0 0 0  1 0 1
 0 0 0 -1 0 0
 1 1 0  0 0 0
1,1,1;1,1;1 1 7
20 
#3 
6	% 
 0  2 0 1 0 1
 0  1 0 0 0 0
 1 -2 0 0 0 0
 0  0 1 0 0 0
 0 -1 1 0 1 0
 0  1 0 1 0 0
6	% 
  0  0 0 1 0 1
  0 -1 0 0 0 0
  0  2 0 0 1 0
 -1 -1 0 0 0 0
 -1 -1 1 0 0 0
  0  0 0 1 0 0
6	% 
 -4 -2 -2 -1 -2 -1
 -1  0 -1  0 -1  0
  3  1  2  0  2  0
 -1  0  0  0 -1  0
 -1  0  0  0  0  0
 -2 -1 -1 -1 -1  0
1,1,1,1;1;1 1 3
1 
#1 
6	% 
  0 -1 -1 0 -1 0
 -1  0 -1 0 -1 0
 -1 -1  0 0 -1 0
  1  1  1 0  1 0
  0  0  0 0  0 1
  0  0  0 1  0 0
1,1;1,1;1,1 1 6
12 
#2 
6	% 
 1  2 0  0 0 0
 0 -1 1  0 0 0
 0 -1 0  0 0 0
 0  0 0  0 0 1
 0  0 0 -1 0 0
 0 -1 0  0 1 0
6	% 
  3  3  2 0 -2 0
  0  0 -1 0  0 0
 -1 -1 -1 0  1 0
 -1  0  0 0  0 1
  1  0  0 1  0 0
 -1  0 -1 0  0 0
1,1;1,1;1,1 1 2
5 
#3 
6	% 
 1  1  0 0 0  0
 0  0  0 0 0 -1
 0  0  0 1 0  1
 0  0 -1 0 1  0
 0 -1  1 0 0  0
 0  0  1 0 0  0
6	% 
 2 1 -1 0 -1  0
 0 0  0 0  0 -1
 0 0  0 1  0  1
 1 1  0 0  0  0
 0 0  1 0  0  0
 1 1  0 0 -1  0
6	% 
 -1 -1 1 0 0  0
  0  0 0 0 0 -1
  0  0 0 1 0  1
  0  1 0 0 1  0
  1  1 0 0 0  0
 -1  0 0 0 0  0
1,1,1;1,1;1 1 6
12 
#2 
6	% 
 0  1 -2  2 0  2
 0  0  0  1 0  1
 0 -1  2 -2 0 -3
 0  1 -1  1 0  1
 1  1  0  0 0  0
 0  0 -1  1 1  1
6	% 
 0  1 0  2 -2  2
 0  0 0  1  0  1
 0 -1 0 -2  2 -3
 0  1 0  1 -1  1
 0  2 1  0  0  0
 1  1 0  1 -1  1
1,1;1,1;1,1 1 9
12 
#2 
6	% 
 1  0  0  0  0  0
 0  0  1  0 -1 -1
 0 -1  1 -1  1  0
 0 -1  1 -1  1  1
 0  0  0 -1  1  1
 0  0 -1  0  0  0
6	% 
  0 -1 -1  0  0 0
  0  0  0 -1  0 0
  0  0  0  0  0 1
  1  1  0  1 -1 1
  0  2  1  1 -1 1
 -1 -2 -1  0  0 0
1,1,1;1;1;1 1 12
4 
#1 
6	% 
  0  0 0  0 0  1
  0  0 0 -1 0  1
 -1 -1 0  0 1 -1
  0  0 1  0 0  1
  1  1 0  0 0  0
 -1  0 0  0 0  0
1,1;1,1;1;1 1 30
4 
#1 
6	% 
 0 0  0 -1  0  0
 0 1 -1  1  0 -1
 0 0  0  0  0  1
 0 1  0  1 -1 -1
 1 0  0  0  0  0
 1 1  0  0  0  0
1,1;1,1;1;1 1 11
6 
#2 
6	% 
  0 -1 1  0  1  0
  0  0 0 -1  0  0
  0  0 0  0  0 -1
  0  1 0  0 -1  0
 -1 -1 0  0  1  0
  1  1 0  0  0  0
6	% 
 0 2  0  0 1  0
 0 0  0 -1 0  0
 0 0  0  0 0 -1
 1 0  0  0 0  0
 0 1 -1  0 0  0
 1 0  1  0 0  0
1,1,1;1;1;1 1 16
12 
#2 
6	% 
 0  1 -1  1 -1 -1
 0  2 -3  2 -1 -1
 0 -2  3 -1  1  2
 0  2 -2  1 -1 -1
 1  2 -2  1 -1 -1
 1  1  0  0  0  0
6	% 
 0  0  1 0 0  0
 0  0  2 1 0  0
 0  0 -2 0 0 -1
 1  0  1 0 0  0
 0 -1  1 0 1  0
 1  0  0 0 1  0
1,1,1,1;1;1 1 6
6 
#2 
6	% 
  0  1 -1  1 -1  1
  0  0  0  1  0  0
  0  0  0  0  0  1
  0 -1  0 -1  1 -1
  1  1  0  1 -1  1
 -1 -1  0  0  0  0
6	% 
  0  0 0  1  0  0
  0  1 1  1  0  1
  0 -1 0  0  0 -1
  0  0 0 -1 -1  0
  1  1 0  1  0  0
 -1  0 0  0 -1  0
1,1,1;1;1;1 1 18
4 
#1 
6	% 
 0  0  0 1  0 0
 0  0  0 0  0 1
 0  1 -2 0  0 0
 0 -1  1 0  0 0
 1  0  1 0  0 0
 0  0  1 0 -1 0
1,1;1,1;1;1 1 38
12 
#2 
6	% 
 0 -1  0 -2  2  1
 0 -1  0 -1  2  2
 0  1 -1  1 -1 -1
 1  1  0  1 -1 -1
 1  0  0 -1  1  1
 1  1  0  0  0  0
6	% 
 0 -1 -1 -2 0 -1
 0  2 -1 -1 0 -2
 0 -1  1  1 0  1
 1  0  1  1 0  1
 1  1 -1 -1 0 -1
 1  0  0  0 1  0
1,1,1;1;1;1 1 4
4 
#1 
6	% 
  0  0 -1 -1  1 -1
  0  0  2  1 -2  2
  0  0 -1  0  1 -2
 -1 -1  1  0 -1  2
  0 -1  1  0  0  1
 -1 -1  1  0  0  1
1,1;1,1;1;1 1 21
12 
#2 
6	% 
  0  0  1  0 -1 -1
  0 -1  1 -2  1  2
  0  1 -2  2  0 -2
  0  1 -1  1  0 -1
  0  0  1 -1 -1  0
 -1  0 -1  1  0 -1
6	% 
 -2  0  0  0  0  1
  0 -1  1 -2  1 -2
  1  1 -1  2 -1  2
  1  1  0  1 -1  1
 -2  0  0 -1  0  0
  1  1 -1  1  0  1
1,1;1,1;1;1 1 5
6 
#2 
6	% 
 0 -2  3  0 1 0
 0  0  0  1 0 1
 0  0  0 -1 0 0
 0  1 -2  0 0 0
 0 -1  1  0 0 0
 1  0  1  0 0 0
6	% 
  0 -1  1 0  1 0
  0  0  0 1  0 0
  0  0  0 0  0 1
  1  1 -1 0 -1 0
 -1 -1  0 0  1 0
 -1 -1  1 0  0 0
1,1,1;1;1;1 1 8
12 
#2 
6	% 
  0 -1 1 -1  1  1
  0  1 0  2 -2 -1
  0  0 0 -1  1  1
 -1  0 0  0  0  0
  0 -1 0 -1  2  2
  0  1 0  1 -1 -1
6	% 
  2  1 -1  1 -1 -1
 -1 -1  1 -2  1  1
  0  0 -1  1  0 -1
  0  0 -1  0  1  0
  1  1 -1  1 -1 -2
 -1 -1  0 -1  1  1
1,1,1;1;1;1 1 13
4 
#1 
6	% 
 0 0  0  1  0  0
 0 0  0  0  0  1
 0 1 -1  1  0  1
 1 1  0  0 -1  0
 0 1 -1  1 -1  1
 0 0  1 -1 -1 -1
1,1;1,1;1;1 1 35
4 
#1 
6	% 
 0  0 -2 -2  2  1
 1  0  1  0  0  0
 0  2 -2  1 -2 -2
 0 -1  1  0  0  0
 0  0 -1 -1  1  1
 0  1 -1  1 -1 -1
1,1,1;1,1;1 1 11
24 
#2 
6	% 
 0  1  0  0 0  0
 0  0 -2 -1 0  1
 0 -2  3  1 0 -1
 0  0  0  0 1  0
 0  0 -1  0 0  1
 1  1  0  0 0  0
6	% 
 0 -1 0  0  2  0
 0  0 0 -1  0 -1
 0  0 1  2 -1  2
 0  0 0  0  1  0
 0 -1 0 -1  0  0
 1  0 0  0  1  0
2-1;2-1;1,1 1 2
1 
#1 
6	% 
 0  0  0 0 0 -1
 0  0  0 1 0  1
 1  1 -1 0 0  0
 0 -1  1 0 1  0
 0  1 -2 0 0  0
 0  0 -1 0 0  0
2-1,2-1;1;1 2 4
4 
#1 
6	% 
  0  1 0 0 -1 0
 -1 -1 1 0  0 0
  1  0 0 0  0 0
  1  1 0 0  0 0
  0  0 0 0  0 1
  0  0 0 1  0 0
2-1,2-1;1,1 2 1
4 
#1 
6	% 
  0  1 0 0 -1  0
 -1 -1 1 0  0  0
  1  0 0 0  0  0
  1  1 0 0  0  0
  0  0 0 0  0 -1
  0  0 0 1  0  1
2-1,2-1;1;1 3 3
4 
#1 
6	% 
  1  0  0 0 -1 0
  2  1  1 0  0 0
 -2 -1  0 0  1 0
 -1 -1 -1 0  0 0
  0  0  0 0  0 1
  0  0  0 1  0 0
2-1,2-1;1,1 3 1
4 
#1 
6	% 
 -2  0  0 0  1  0
  3  2  1 0  0  0
  3  1  0 0 -1  0
 -2 -2 -1 0  0  0
  0  0  0 0  0 -1
  0  0  0 1  0  1
2-1;1,1;1;1 1 7
2 
#1 
6	% 
 0 0 0 1  0 0
 0 0 0 0  0 1
 1 0 0 0  0 0
 0 1 0 0  0 0
 0 1 0 0 -1 0
 0 0 1 0  0 0
2-1;1,1;1;1 1 19
8 
#1 
6	% 
 -1  0  0 0  0  0
  0 -1  0 0  0  0
  0  0  0 0  0  1
  0  0 -1 1  0 -1
  0  0  0 1  0  0
  0  0  0 1 -1 -1
2-1;1,1;1;1 1 11
2 
#1 
6	% 
  0 0 1 0 -1 0
  1 1 0 0 -1 0
 -1 0 0 0  0 0
  0 0 0 0  0 1
  1 0 0 0  1 0
  0 0 0 1  0 0
2-1;1,1;1;1 1 28
8 
#1 
6	% 
 0  0  0 0  1  0
 0 -1  2 0  0 -1
 0  1 -2 1  0  0
 1  1  0 0 -1  0
 0  1 -1 0 -1  0
 0  0  1 0 -1  0
1,1;1,1;1;1 1 10
24 
#2 
6	% 
 -3 0 -2 0  2  0
  1 0  1 0  0  0
  1 0  1 0 -1  0
  0 0  0 0  0 -1
  0 0  0 1  0  0
  1 1  0 0 -1  0
6	% 
  0 -2  3  0 1 0
  0  0 -1  0 0 0
  0  1 -2  0 0 0
  1  0  0  0 0 1
 -1  0  0 -1 0 0
 -1  0 -1  0 0 0
1,1;1,1;1;1 1 25
32 
#2 
6	% 
  1  0  1 1 -1  1
 -2  0 -1 0  0  0
  0  0  0 0  0 -1
 -1  1 -1 1 -1  1
  0  0  0 1  0  0
  1 -1  1 0  0  0
6	% 
  0  2  0  1 -1 -1
  0  0  0  0  0  1
 -1 -3 -1  0  1  0
  0  1  1 -1  0  1
 -1  2  1  0 -1  0
  0  0  0  1  0  0
1,1;1,1;1,1 1 10
16 
#1 
6	% 
  1  1  0  0  0 -1
  1  0  1  1 -1  1
 -2  0 -1  0  0  0
  1  1  0  1  0  0
 -1  1 -1  0  0  0
  1 -1  1 -1  1 -1
1,1,1;1;1;1 1 15
16 
#1 
6	% 
  0 -1  1 0  0  0
 -1  1 -1 0 -1  0
 -1  0  0 0  0 -1
 -1  0 -1 0  0  0
  1  0  0 1  0  0
  1  0  1 0 -1  0
1,1,1;1;1;1 1 10
8 
#2 
6	% 
  1  0  0 0 0  0
  0  0 -1 0 1  0
 -1 -1  1 0 0  0
  0  0  0 0 0 -1
  0  0  0 1 0  0
  0  0 -1 0 0  0
6	% 
  0 1 1 0  0  0
 -1 1 0 0  0  0
  1 0 0 0 -1  0
  0 0 0 0  0 -1
  0 0 0 1  0  0
 -1 1 0 0 -1  0
1,1;1,1;1;1 1 19
5 
#3 
6	% 
 1  1  0 0 0 0
 0  0 -1 0 1 0
 0 -1  1 0 0 0
 0  0  0 0 0 1
 0  0  1 0 0 0
 0  0  0 1 0 0
6	% 
 -1 -1 1 0 0 0
  0  1 0 0 1 0
  1  1 0 0 0 0
  0  0 0 0 0 1
 -1  0 0 0 0 0
  0  0 0 1 0 0
6	% 
 -2 -1 -1 0 -1 0
 -1  0  0 0  0 0
  1  1  1 0  0 0
  0  0  0 0  0 1
 -2 -1  0 0 -1 0
  0  0  0 1  0 0
1,1;1,1;1;1 1 34
4 
#1 
6	% 
 -1 -1  0 0  1 0
  0  1  0 0 -1 0
  0  0  0 0  0 1
  0  0  1 0  0 0
  1  1 -1 0  0 0
  0  0  0 1  0 0
1,1;1,1;1,1 1 5
4 
#1 
6	% 
 0  0  0  1  0 1
 0  0  0 -1  0 0
 1  1 -1  0 -1 0
 0 -1  1  0  0 0
 1  2 -1  0 -1 0
 0  0  0  0  1 0
2-1;1;1;1;1 1 25
2 
#1 
6	% 
 -1 -1 1 0 0 0
  0  0 0 0 0 1
  0  0 0 1 0 0
  1  0 0 0 1 0
  1  0 0 0 0 0
  1  1 0 0 0 0
2-1;1,1;1;1 1 16
2 
#1 
6	% 
  0  0 0 0 0 -1
  0  0 0 1 0  1
 -1 -1 1 0 0  0
  1  0 0 0 1  0
  1  0 0 0 0  0
  1  1 0 0 0  0
2-1;1;1;1;1 1 15
2 
#1 
6	% 
  0 -1  1 0 1 0
  0  1 -2 0 0 0
  0  0  0 0 0 1
 -1  0 -1 0 0 0
  0  0  0 1 0 0
  0  0 -1 0 0 0
1,1;1,1;1;1 1 9
8 
#1 
6	% 
 0  0  0 1  0  1
 0  0  0 0  0 -1
 1  0  0 0  0  0
 0  2  0 0 -1  0
 1  1  0 0  0  0
 0 -1 -1 0  0  0
1,1;1,1;1;1 1 24
24 
#2 
6	% 
 1  0  0  0  0  0
 0 -1  2 -1  0 -2
 0  1 -2  2  0  1
 0  1 -1  1 -1  1
 0  1 -1  1  0  1
 0 -1  0  0  1  0
6	% 
  0 -1 -1  0  0  0
  0 -1  0 -1  2 -2
  0  1  0  2 -2  1
 -1  0  0  1 -1  1
  0  2  1  1 -1  1
  1 -1 -1  0  0  0
1,1;1,1;1;1 1 28
16 
#1 
6	% 
  0  0  0  0 0 1
  0  0  0  0 1 0
  0  0  0 -1 0 0
 -1  0 -1  0 0 0
 -1 -1  0  0 0 0
  1  0  0  0 0 0
1,1;1;1;1;1 1 7
1 
#1 
6	% 
  0 0 0  1 0 1
  0 0 0 -1 0 0
 -1 0 0  0 0 0
  2 1 0  0 0 0
  1 0 0  0 1 0
  1 0 1  0 0 0
1,1;1;1;1;1 1 13
8 
#1 
6	% 
 0 -2  2 -4  2  3
 0  1 -1  2 -1 -2
 1  0  0  0  0  0
 0 -1  1 -1  0  1
 0  2 -2  3 -2 -4
 0 -1  0 -1  1  1
1,1;1;1;1;1 1 16
6 
#2 
6	% 
 -1  0  0 0 0 0
 -1  0 -1 0 1 0
  0  0  0 0 0 1
  0 -1  1 0 0 0
  0  0  0 1 0 0
  1  0  1 0 0 0
6	% 
 0  0 -1 0 1 0
 0 -1  2 0 0 0
 0  0  0 0 0 1
 1  1 -1 0 0 0
 0  0  0 1 0 0
 0  0 -1 0 0 0
1,1;1;1;1;1 1 30
8 
#1 
6	% 
 0 -1  2 -1  0 0
 0  1 -1  0  0 0
 0  1 -2  0  0 1
 1  1  0  0 -1 0
 0  0  1  0 -1 0
 0  1 -1  0 -1 0
1,1;1;1;1;1 1 27
2 
#1 
6	% 
 0 0  0  1  0 1
 0 0  0 -1  0 0
 1 1  0  0 -1 0
 0 1 -1  0  0 0
 0 0 -1  0  1 0
 0 1 -1  0 -1 0
1,1;1;1;1;1 1 29
8 
#1 
6	% 
 -1 0  0 0  0 1
  1 0  0 0  1 0
  1 0  0 1  0 0
  0 0 -1 0  0 0
  0 1 -1 0 -1 0
  0 0 -1 0  1 0
1,1;1;1;1;1 1 28
8 
#1 
6	% 
  1 -1  1 0 1 0
 -2  0 -1 0 0 0
  0  0  0 0 0 1
 -1  0 -1 0 1 0
  0  0  0 1 0 0
  1 -1  1 0 0 0
1,1;1;1;1;1 1 40
6 
#2 
6	% 
 -1 -1 0 0  0 0
  0  0 0 0  0 1
  0  0 0 1  0 0
 -1 -1 1 0  0 0
 -1  0 0 0 -1 0
  0  0 1 0 -1 0
6	% 
 0 2 1 0 0 0
 0 0 0 0 0 1
 0 0 0 1 0 0
 0 0 0 0 1 0
 1 1 0 0 0 0
 1 0 0 0 1 0
1,1;1;1;1;1 1 51
8 
#1 
6	% 
 0 -4 0 -2 0 -3
 0  4 0  3 0  2
 1 -1 0 -1 0 -1
 0 -2 1 -1 0 -1
 0 -2 0 -1 1 -1
 0  3 0  2 0  2
1;1;1;1;1;1 1 19
2 
#1 
6	% 
  0  0  0 0 0 1
 -1 -1  0 0 1 0
  0  0  0 1 0 0
  0  0 -1 0 0 0
  1  0  0 0 0 0
 -1 -1  0 0 0 0
1;1;1;1;1;1 1 9
1 
#1 
6	% 
 0 0 0 0 0 1
 1 0 0 0 0 0
 1 1 0 0 0 0
 0 0 0 0 1 0
 0 0 0 1 0 0
 0 0 1 0 0 0
1;1;1;1;1;1 1 35
1 
#1 
6	% 
  0  0 0 0 0 1
  0  0 0 1 0 0
 -1  0 0 0 0 0
 -1 -1 1 0 0 0
 -1 -1 0 0 1 0
  2  1 0 0 0 0
1,1;1;1;1;1 1 45
1 
#1 
6	% 
  0  0 0 0 0 -1
  0  0 0 1 0  1
 -2 -1 0 0 0  0
  1  1 0 0 0  0
  1  0 1 0 0  0
  1  0 0 0 1  0
