#15

2-1,2-1;1;1 3 2
1 
#1 
6	% 
 1 0 0 0 0 0
 0 1 0 0 0 0
 0 0 1 0 0 0
 0 0 0 1 0 0
 0 0 0 0 1 0
 0 0 0 0 0 1
1,1,1,1,1,1 1 1
1 
#1 
6	% 
 1 0 0 0 0 0
 0 1 0 0 0 0
 0 0 1 0 0 0
 0 0 0 1 0 0
 0 0 0 0 1 0
 0 0 0 0 0 1
2-1',2-1';1,1 1 2
1 
#1 
6	% 
 0 0  0  0 -1  0
 0 1  0  0  1  0
 1 0  0  0  0  0
 0 0  1 -1  1  0
 0 0 -1  1 -1  1
 0 0  1  0  1 -1
1,1,1,1;1,1 1 3
4 
#1 
6	% 
  1  0  0  1 1  0
 -1  0  1  0 1  0
 -1  1 -1  0 0  1
  0 -1  1 -1 0 -1
  0 -1  2 -1 1 -1
  1  1 -1  1 0  0
1,1,1,1,1;1 1 2
1 
#1 
6	% 
  1  0  0  0  0  0
  0  0  1  0  0  0
  0 -1  0 -1 -1 -1
  1  0  1  0 -1  0
 -1  1 -1  1  1  0
  1 -1  1  0 -1 -1
1,1,1,1,1;1 1 1
1 
#1 
6	% 
 0  0  0  0 -1  0
 0 -1 -1  0 -1 -1
 0 -1  0 -1 -1 -1
 0  0 -1 -1  0 -1
 0  1  1  1  1  1
 1  0  0  0  0  0
1,1,1,1;1,1 1 2
1 
#1 
6	% 
 0  1  0 0 0  0
 0  1  1 1 1  1
 0  0  1 0 0  0
 1  0  0 0 0  0
 0 -1 -1 0 0 -1
 0  1  1 1 0  0
2-1',2-1';1;1 1 2
1 
#1 
6	% 
 0 0 -1  0 -2  0
 0 1 -1  1  0  1
 1 0  0  0  0  0
 0 0  0 -1  0  0
 0 0  1  0  1  0
 0 0  0  0  0 -1
1,1,1;1,1,1 1 3
4 
#1 
6	% 
  1  0 -1  0 -1  0
  0  1  1 -2  2 -1
  0 -1  0  0 -2  0
 -1  1  0  0  1  0
  0 -1  0  1  0  1
  1  1 -1  0  0  0
2-1,2-1;1,1 3 2
1 
#1 
6	% 
 1  0  0  1  0 -1
 0 -1 -2  2 -2  2
 0 -1 -1  2 -2  2
 0  0  0  1  0  0
 0  1  0 -1  1 -1
 0  0  0  0  0  1
1,1;1,1;1,1 1 9
2 
#1 
6	% 
  1  0  0 0  0  0
  0  0  0 0 -1  0
  0  0 -1 1  0  1
  0 -1 -1 1 -1  1
 -1  0 -1 0  0  1
  1  1  0 0  1 -1
1,1,1;1,1;1 1 8
4 
#1 
6	% 
 0  0  1  0  1  0
 0  0  0 -1 -2 -1
 0  0 -1  2  2  1
 0  1 -1  1  0  1
 0 -1  2 -2  0 -2
 1  0  0  0  0  0
1,1,1;1,1;1 1 11
4 
#1 
6	% 
 0 0  0 -1 -2 -1
 0 0 -1 -1 -3 -1
 1 0  1  3  7  3
 0 1  0 -1  0 -1
 0 0  0 -1 -1 -1
 0 0  0  0 -1 -1
1,1,1,1;1;1 1 2
1 
#1 
6	% 
 0  1  0 0  0  0
 0  1  0 0 -1  0
 0  1  1 1  1  1
 1  0  0 0  0  0
 0 -1 -1 0  0 -1
 0  1  1 1  0  0
1,1;1,1;1;1 1 33
2 
#1 
6	% 
 1  0  0  0  0  0
 0  0  1 -1  0 -1
 0  0  0  0  1  0
 0  0  0  0  1  1
 0 -1  1 -1  0  0
 0  1 -1  0 -1  0
