#42

3;1,1;1 1 9
1 
#1 
6	% 
 1 0 0 0 0 0
 0 1 0 0 0 0
 0 0 1 0 0 0
 0 0 0 1 0 0
 0 0 0 0 1 0
 0 0 0 0 0 1
1,1,1,1,1,1 1 1
1 
#1 
6	% 
 1 0 0 0 0 0
 0 1 0 0 0 0
 0 0 1 0 0 0
 0 0 0 1 0 0
 0 0 0 0 1 0
 0 0 0 0 0 1
1,1,1,1,1;1 1 2
10 
#3 
6	% 
  1  0  0 -1  1  0
  1  0  0  0  0  0
  0 -1 -1 -2  0  2
  1  0  1 -1  1 -1
 -1  1  0  2 -1  0
  1 -1  0 -2  1  1
6	% 
  0  0  0  1  0 -1
  0  0  1  0  0 -1
  1 -1  1  1  1  0
  0  0  0  0  1 -1
 -1  0 -1 -1 -1  1
  0 -1  1  1  1 -1
6	% 
 1 -1 0  0  0  0
 0 -1 0  0  0  0
 0 -1 0 -1  1  0
 0 -1 0  0 -1  1
 0  2 1  0  0 -1
 0 -2 0  0  0  1
1,1,1,1;1,1 1 3
16 
#4 
6	% 
  1  1  0 1  0  1
  1  1  1 0  0  1
  1 -1  1 0 -1  0
 -1  0 -1 0  1 -1
  0  1  0 0  1  1
  1 -1  0 0 -1  0
6	% 
  1 -1 -1 1 -1  1
  0  0 -1 0  0  1
  0  1  0 0  0  0
  0 -1  1 0  1 -2
 -1  0 -1 0 -1  1
  1  0  0 0  0  0
6	% 
  1 -1  0  0  0  0
  0 -1  0  0  0  2
 -1  0  1  1  1 -3
  0  1 -2 -1  0  1
  0 -1 -2 -1  0  4
  1  0  2  1 -1 -1
6	% 
  0  0 -1  0 1  1
 -1  1  0 -1 0  1
  0  1  2 -1 0 -1
  0 -1 -2  1 0  0
 -1  0 -1 -1 0  0
  1  0  0  1 0  1
2-1;1,1,1,1 1 2
3 
#1 
6	% 
  0  1  0  1 -1 0
  0  1  0  0  0 0
  1  1  1 -1 -1 0
  1  1  1  0 -1 0
  0  0 -1  0  0 1
 -1 -1  0  0  1 0
1,1,1;1,1,1 1 2
1 
#1 
6	% 
  0  1  0  0  0 0
 -1 -1 -1  0  2 0
  0  0  1  0  0 1
  0  0  1 -1  0 0
  0  0  0  1 -1 0
  0  0 -1  1  1 0
1,1,1;1,1,1 1 4
6 
#1 
6	% 
  1  1  0  1  0 -1
  0  1 -1  1  0  0
 -1 -1  1 -2  1 -1
  1  1  0  1  0  0
 -1 -1  2 -2 -1  0
  1  0 -1  1  0  1
2-1;1,1;1,1 1 10
3 
#1 
6	% 
  0  0  0  1  0 -1
  2 -1 -2  2  2  0
 -1  2  0  2 -2  0
  0  0  1 -1  0  0
 -1  1  1 -1 -1  0
  1 -1  0 -1  1  0
2-1;1,1,1;1 1 6
3 
#1 
6	% 
 0 0 0 -1  1  0
 0 0 0  1  0 -1
 1 0 0  1 -1  0
 0 0 0  0  0  1
 0 0 1 -1  0 -1
 0 1 0 -1  1  0
1,1,1,1;1,1 1 2
3 
#1 
6	% 
 -1 -1 -1 1  1 0
  0 -1  0 0  0 0
 -1 -1 -1 0  2 0
  0  0  2 0  0 1
  1  1  0 0 -1 0
 -1 -1 -1 0  1 0
2-1;1,1,1;1 1 7
3 
#1 
6	% 
  1  0  0  0  0  0
  0  1  0  0  0  0
  0  0  1 -1  0  0
  0  0  0  1  0 -1
  1  1  0  1 -1  0
 -1 -1 -1  1  1  0
1,1,1;1,1,1 1 3
3 
#1 
6	% 
  1  1 -1  1  0 1
  0  0  0  0 -1 0
  0  1  0  0  0 0
 -1 -1  1 -1  0 0
 -1  0  0  0  0 0
  1  1  0  1  0 0
2-2;1,1,1,1 1 2
4 
#1 
6	% 
  2  1  2 -1 -1 -1
  1  0  0  0  0  0
  1  1  0  0  0  0
 -2 -1 -1  0  1  1
  2  1  1 -1 -1  0
 -2 -1 -1  0  1  0
1,1,1,1;1;1 1 4
3 
#1 
6	% 
  1 1  0  1 -1  0
  1 0  0  0  0  0
 -2 0  1 -3  1  0
  0 0 -1  2  0  0
  0 0  1 -1  0  0
  0 0  1 -1  0 -1
1,1,1,1;1;1 1 5
15 
#3 
6	% 
 0  1  0 0  0  0
 1  1 -2 0  0  2
 0  0 -2 0 -1  2
 0 -1  2 1  1 -3
 0  1 -3 1 -1  3
 0  0  2 0  1 -3
6	% 
  0  0  1  0  0 -1
 -1  1  1 -1 -1  0
  0  1  1  0  0 -1
  1 -1 -2  1  0  2
 -1  1  2 -1  0 -1
  1  0 -1  0  0  1
6	% 
 0 0 0  1 -1  0
 0 0 0  1  0 -1
 0 1 0  1 -1  0
 0 0 0 -1  1  1
 0 0 1  1 -1 -1
 1 0 0 -1  1  0
1,1,1;1,1;1 1 9
7 
#2 
6	% 
 0  0 -1  0  2  0
 1  1  0  0  0  0
 0 -1  1  0 -2  0
 0  0  1  1  1 -2
 0  0 -2 -1  0  2
 0  0  0  0  0 -1
6	% 
 0 0  1  0 0  0
 0 0  0  1 0  0
 0 0 -2 -1 0 -1
 0 0  0  0 1  0
 0 1  0  0 0  0
 1 1  0  0 0  0
1,1,1;1,1;1 1 12
24 
#4 
6	% 
  2 -2 0 0  2 -1
  2 -2 1 0  2 -2
 -5  5 0 0 -4  2
  2  0 0 1  1 -1
 -3  2 0 0 -2  1
  1 -1 0 0  1 -1
6	% 
  2  2  2  2  0 -3
  2  2  1  2  0 -2
 -5 -5 -5 -6  0  8
  2  0  1  1 -1 -1
 -3 -2 -3 -3  1  4
  1  1  1  1  0 -1
6	% 
 1 -1  0  0  0 0
 0  0 -1  0  2 0
 0  0  1  1 -4 1
 0  0 -2 -1  1 1
 0  0  1  1 -2 0
 1  0  0  0  0 0
6	% 
 0  0  1 0 -2  2
 0  0  1 0 -2  3
 1 -1 -2 0  4 -6
 0  0  0 0 -1  2
 1  0  0 0  2 -4
 0  0  0 1 -1  1
1,1,1;1,1;1 1 10
6 
#1 
6	% 
 -1  1  0 -2  2  0
 -2  2  1 -2  0  0
  4 -4 -1  5 -3  0
  0  1  0 -1  1  0
 -1  1  1 -1  0 -1
  0  0  0  0  0 -1
1,1;1,1;1,1 1 9
3 
#1 
6	% 
  0  0 -1  1 0 1
 -1  0 -1  0 0 0
  0 -1 -1  0 0 0
  1 -1 -1  0 1 0
  1 -1  0 -1 1 0
  0  0  0  1 0 0
1,1;1,1;1,1 1 10
6 
#1 
6	% 
  0  1  1  0 -2 0
 -1 -1 -1  0  0 1
  0  0 -1  0  1 0
 -1  0  1  0 -2 0
  0  0  0  0 -1 0
  1  1  0 -1  0 0
2-2;1,1;1,1 1 6
4 
#1 
6	% 
  0  1  0 0  0  0
 -1  0  0 0  0  0
 -1 -1  0 1 -1  0
 -2 -2  0 1  0 -1
  2  2  0 0  0  1
 -1 -1 -1 0  1  0
1,1,1;1,1;1 1 11
9 
#2 
6	% 
  2  2  1 0  0 -2
  3  3  1 0  0 -2
 -6 -6 -3 1  0  5
  1  1  1 0 -1 -1
  2  1  0 0  1 -1
  1  1  0 0  0 -1
6	% 
  0  0  1  0 -2 0
 -1  1  1  0 -2 0
  1 -1 -3  0  5 1
  0  0  0  1 -1 0
  0  1  1 -1 -1 0
  0  0  0  0 -1 0
2-2;1,1,1;1 1 5
4 
#1 
6	% 
 0  0 0 -1  1  1
 0  1 0  0  0  0
 1  0 0  0  0  0
 1 -1 0  0 -1  0
 1 -1 1  0 -1 -1
 1 -1 0  1 -1  0
1,1,1;1,1;1 1 7
3 
#1 
6	% 
 1 -1  2 0 0 0
 0  0 -1 0 0 0
 0  0  1 0 1 0
 0  0 -1 0 0 1
 0  0 -1 1 0 1
 1  0  1 0 0 0
2-2;1,1,1;1 1 6
4 
#1 
6	% 
  1  0  0  0  0  0
  0  1  0  0  0  0
  0  0 -1  0  0  1
  1  1  1 -1 -1  0
  0  0  1 -1  0 -1
 -1 -1  0  0  1  0
1,1,1;1,1;1 1 6
3 
#1 
6	% 
 0  0 -1 0  2 0
 1  1  0 0  0 0
 0 -1  1 0 -2 0
 0  0 -1 1  1 0
 0  0 -1 1  0 1
 0  0 -1 0  1 0
1,1;1,1;1;1 1 25
6 
#1 
6	% 
  1 -1 -1 1 -1  1
 -2  1 -1 0  2  0
  0  0  1 0  0 -1
 -1  1 -2 1  1  1
  0  0 -1 1  0  1
  1 -2  1 0 -2  0
1,1;1,1;1;1 1 24
3 
#1 
6	% 
  0  0  1 1  0  0
 -1  2 -1 0  2  0
  2 -1  1 0 -2  0
  1 -1  1 0 -1 -1
  1 -1  1 0 -1  0
  0  0 -1 0  0  1
1,1;1,1;1;1 1 35
3 
#1 
6	% 
 0 1  2 -2 -2 0
 0 0 -1  1  0 1
 1 0  0 -2  2 0
 0 0 -1  1  0 0
 0 0  1 -1 -1 0
 0 0  0 -1  1 0
1,1;1,1;1;1 1 28
6 
#1 
6	% 
  0 1  1  0 -2  0
  0 0  1  0 -1 -1
 -1 0  1  0 -2  0
  0 0 -1  1  0  0
  0 0 -1  1  1  0
  0 0  0 -1  1  0
1,1,1;1;1;1 1 8
3 
#1 
6	% 
 -1  1 -1 1  1 0
  2 -1  1 0 -2 0
 -1  1  0 0  1 0
  0  0  0 0  0 1
 -1  2 -1 0  2 0
  1 -1  1 0 -1 0
1,1,1;1;1;1 1 15
6 
#1 
6	% 
 -1  1 -2 0 -1  3
  1 -1  1 1  1 -2
  0 -1  0 0  0  0
  1 -1  2 0  1 -2
 -1  0  0 0  0  0
 -1  1 -2 1 -1  2
1,1,1,1;1;1 1 6
3 
#1 
6	% 
  1  1  1 -1 -1  0
  1  0  0  0  0  0
  0  1  0  0  0  0
 -1 -1 -1  0  1  0
  1  1  1  0 -1 -1
  0  0 -1  0  0  1
1,1,1;1;1;1 1 13
3 
#1 
6	% 
 1 0 0  0  0  0
 0 1 0  0  0  0
 0 0 0  0  1  0
 0 0 1 -1  0 -1
 0 0 0 -1  1  0
 0 0 1 -1 -1  0
2-1;1,1;1;1 1 28
3 
#1 
6	% 
  0  0  0  1  0  0
  2 -1  1  0 -2  0
 -1  2 -1  0  2  0
  0  0  1 -1  0 -1
 -1  1  0 -1  1  0
  1 -1  1 -1 -1  0
1,1,1;1;1;1 1 18
1 
#1 
6	% 
 1 0  0  0  0  0
 0 1  0  0  0  0
 0 0  1  0 -2  0
 0 0  0 -1  1  0
 0 0 -1  0  1  0
 0 0  0  0  1 -1
1,1;1,1;1;1 1 38
3 
#1 
6	% 
 0 1  0  1 -1 0
 1 0 -1  1  1 0
 0 0  1 -1 -1 0
 0 0  1 -1  0 0
 0 0  0  1  0 0
 0 0  0  0  0 1
1,1,1;1;1;1 1 16
3 
#1 
6	% 
  1 -1  1 -1 -1 0
  2 -1  2 -3 -1 0
 -1  2 -2  3  1 0
  1 -1  1 -2 -1 0
  1 -1  1 -2 -1 1
  0  0 -1  0  0 1
3;1,1,1 1 2
1 
#1 
6	% 
  1  0 0  0 0  0
  0  1 0  0 0  0
  0  0 1  0 0  0
  0  0 1 -1 0  0
  0  0 1  0 0 -1
 -1 -1 0  0 1  0
1,1;1;1;1;1 1 30
3 
#1 
6	% 
 -1  0 -1  0  2  0
  0  0  1  0 -1  0
  0 -1  1  0 -2  0
  0  0  1 -1  0 -1
  0  0  0 -1  1  0
  0  0  1 -1 -1  0
1,1;1;1;1;1 1 51
1 
#1 
6	% 
  0 -1 -1 0  2 0
 -1  0  1 0 -2 0
  0  0 -1 1  1 0
  0  0 -1 0  1 0
  0  0 -1 0  1 1
  0  0  1 0 -2 0
2-2;1,1;1;1 1 18
4 
#1 
6	% 
  0  1 0  0  0  0
  1  0 0  0  0  0
  0  0 0  1  0 -1
  0  0 0  0  0 -1
  1 -1 1 -1 -1  1
 -1  1 0  0  1 -1
