#19

4-2';1;1 1 1
1 
#1 
6	% 
 1 0 0 0 0 0
 0 1 0 0 0 0
 0 0 1 0 0 0
 0 0 0 1 0 0
 0 0 0 0 1 0
 0 0 0 0 0 1
1,1,1,1,1,1 1 1
1 
#1 
6	% 
 1 0 0 0 0 0
 0 1 0 0 0 0
 0 0 1 0 0 0
 0 0 0 1 0 0
 0 0 0 0 1 0
 0 0 0 0 0 1
1,1,1,1;1,1 1 3
12 
#1 
6	% 
  0  0  0  0 1 -1
  0  0  0 -1 1  0
  0  2 -1  0 0  0
  1 -2  1  1 0  1
 -1 -1  1 -2 0 -1
  0  2 -1  1 0  0
1,1,1,1,1;1 1 1
2 
#1 
6	% 
  0  0  0 -1 0  0
 -1  0 -1 -1 0 -1
 -1 -1  0 -1 0 -1
  0 -1 -1  0 0 -1
  1  1  1  1 0  1
  0  0  0  0 1  0
2-1',2-1';1,1 1 1
1 
#1 
6	% 
  1  1  0 -1 0  0
  0  1  1  1 0  0
 -1  0  0  1 0  0
  0 -1 -1  0 0  0
  0  0  0  0 0 -1
  0  0  0  0 1  1
1,1,1;1,1,1 1 3
12 
#1 
6	% 
  2 -1  0 1  0  1
  0  0  0 0 -1  0
  0  0 -1 0  0  0
 -1  0  0 0  0 -1
  0  0 -1 1  0  0
  1 -1  0 0  0  1
1,1,1,1;1,1 1 1
1 
#1 
6	% 
  0 -1 -1 -1 0  0
 -1  0 -1 -1 0  0
 -1 -1  0 -1 0  0
  1  1  1  1 0  0
  0  0  0  0 0 -1
  0  0  0  0 1  1
2-1',2-1';1;1 1 1
1 
#1 
6	% 
  1  1  0 -1 0 0
  0  1  1  1 0 0
 -1  0  0  1 0 0
  0 -1 -1  0 0 0
  0  0  0  0 1 0
  0  0  0  0 0 1
2-2',2-2';1,1 1 1
1 
#1 
6	% 
 0 0  0 1 0  0
 0 0 -1 1 0  0
 1 0  0 1 0  0
 0 1 -1 1 0  0
 0 0  0 0 0 -1
 0 0  0 0 1  1
1,1;1,1;1,1 1 5
6 
#1 
6	% 
  0  0  0  0 0 -1
  0  0  0  0 1  1
  1  0  0  1 0  0
 -1 -1 -1 -1 0  0
  1 -1  0  1 0  0
 -1  2  1 -2 0  0
1,1,1;1,1;1 1 8
24 
#1 
6	% 
  0  0 0 -1 0  0
  2 -1 0  0 0  2
 -2  1 0  2 0 -3
  0  0 1 -1 0  0
  1  0 0  0 0  1
  0  0 0  0 1  0
2-2,2-2;1,1 2 1
2 
#1 
6	% 
  0 1 0  0 0  0
 -1 1 0  0 0  0
  0 0 0 -1 0  0
  0 0 1 -1 0  0
  0 0 0  0 0 -1
  0 0 0  0 1  1
2-2',2-2';1;1 1 1
1 
#1 
6	% 
 -1 0 0  0 0 0
 -1 1 0  0 0 0
  0 0 1  0 0 0
  0 0 1 -1 0 0
  0 0 0  0 1 0
  0 0 0  0 0 1
1,1,1,1;1;1 1 1
1 
#1 
6	% 
  0 -1 -1 -1 0 0
 -1  0 -1 -1 0 0
 -1 -1  0 -1 0 0
  1  1  1  1 0 0
  0  0  0  0 1 0
  0  0  0  0 0 1
2-1,2-1;1;1 3 1
3 
#1 
6	% 
  0  2  1  0 0 0
 -1  0  0  2 0 0
  0 -2 -1  1 0 0
  1 -1  0 -2 0 0
  0  0  0  0 1 0
  0  0  0  0 0 1
2-1,2-1;1,1 3 1
3 
#1 
6	% 
  0 -1 -1  0 0  0
 -1  0  0  1 0  0
 -1  1  0  1 0  0
  0  1  1 -1 0  0
  0  0  0  0 0 -1
  0  0  0  0 1  1
4-2';1,1 1 1
1 
#1 
6	% 
 0 -1  0 0 0  0
 1 -1  0 0 0  0
 0  0  0 1 0  0
 0  0 -1 1 0  0
 0  0  0 0 0 -1
 0  0  0 0 1  1
1,1;1,1;1;1 1 23
6 
#1 
6	% 
  0  0  0  0 1 0
  0  0  0  0 0 1
  1  0  0  1 0 0
 -1 -1 -1 -1 0 0
  1 -1  0  1 0 0
 -1  2  1 -2 0 0
2-2,2-2;1;1 2 1
2 
#1 
6	% 
  0 0 1  0 0 0
  0 0 1 -1 0 0
 -1 0 0  0 0 0
 -1 1 0  0 0 0
  0 0 0  0 1 0
  0 0 0  0 0 1
