#87

2-1;2-1;2-1 1 1
1 
#1 
6	% 
 1 0 0 0 0 0
 0 1 0 0 0 0
 0 0 1 0 0 0
 0 0 0 1 0 0
 0 0 0 0 1 0
 0 0 0 0 0 1
1,1,1,1,1,1 1 1
1 
#1 
6	% 
 1 0 0 0 0 0
 0 1 0 0 0 0
 0 0 1 0 0 0
 0 0 0 1 0 0
 0 0 0 0 1 0
 0 0 0 0 0 1
1,1,1,1,1;1 1 1
6 
#1 
6	% 
  0 0  0  0 -1  0
 -1 0 -1  0 -1 -1
 -1 0  0 -1 -1 -1
  0 0 -1 -1  0 -1
  1 0  1  1  1  1
  0 1  0  0  0  0
2-1;1,1,1,1 1 1
3 
#1 
6	% 
 1 0  0  0  0  0
 0 1  0  0  0  0
 0 0  0 -1 -1 -1
 0 0 -1  0 -1 -1
 0 0 -1 -1  0 -1
 0 0  1  1  1  1
1,1,1,1,1;1 1 2
6 
#1 
6	% 
  0 0  0  1  0 -1
  0 0  1  0  0 -1
  1 1  1  1  1  0
  0 0  0  0  1 -1
 -1 0 -1 -1 -1  1
  0 1  1  1  1 -1
1,1,1,1;1,1 1 1
15 
#2 
6	% 
  0 0 -1  0 -1 -1
 -1 0  0  0 -1 -1
 -1 0 -1  0  0 -1
  1 0  1  0  1  1
  0 0  0 -1  0  0
  0 1  0  1  0  0
6	% 
 0  0 -1 -1  0 -1
 0  0  0 -1 -1 -1
 0  0 -1  0 -1 -1
 0  0  1  1  1  1
 0 -1  0  0  0  0
 1  1  0  0  0  0
2-1;1,1,1;1 1 1
12 
#1 
6	% 
 0 0 0 1  0  0
 0 0 1 0  0  0
 1 0 0 0  0  1
 0 0 0 0 -1  0
 0 0 0 0  0 -1
 0 1 0 0  0  0
2-1',2-1';1,1 1 1
6 
#1 
6	% 
  1 0  1 -1 0  0
  0 1  1  1 0  0
  0 1  0  1 0  0
 -1 0 -1  0 0  0
  0 0  0  0 0 -1
  0 0  0  0 1  1
1,1,1,1;1,1 1 2
24 
#1 
6	% 
 0  0 0 0 1 0
 0  0 0 0 0 1
 0  0 1 0 0 0
 0  0 0 1 0 0
 1  0 0 0 0 0
 0 -1 0 0 0 0
2-1;1,1,1;1 1 4
12 
#1 
6	% 
  0  0 1 0 0  0
  0  0 0 1 0  0
  0  0 0 0 1  0
 -1 -1 0 0 0 -1
  0  1 0 0 0  0
 -1  0 0 0 0  0
1,1,1;1,1,1 1 1
10 
#2 
6	% 
  0  0 -1  0 -1  0
 -1  0  0  0 -1  0
  1  0  1  0  1  0
  0  0  0 -1  0 -1
  0 -1  0  0  0 -1
  0  1  0  1  0  1
6	% 
  0  0 1  1  0  0
  0 -1 0  0  0  0
  0  0 0 -1  0  0
  0  0 0  0 -1 -1
 -1  0 0  0  0 -1
  1  0 0  0  1  1
2-1;1,1;1,1 1 1
9 
#2 
6	% 
 0 0  0  0 0 1
 0 0  0  0 1 0
 0 0 -1  0 0 0
 1 0  1  0 0 0
 0 0  0 -1 0 0
 0 1  0  1 0 0
6	% 
 0  0 0 1 0  0
 0  0 1 0 0  0
 0 -1 0 0 0  0
 1  1 0 0 0  0
 0  0 0 0 0 -1
 0  0 0 0 1  1
2-1',2-1';1;1 1 1
6 
#1 
6	% 
 0 0  1 0  1 -1
 0 0  0 1  1  1
 0 0  0 1  0  1
 0 0 -1 0 -1  0
 1 0  0 0  0  0
 0 1  0 0  0  0
2-1',2-1',2-1' 1 1
4 
#1 
6	% 
  0 0 -1  0  0 1
  0 0  0 -1 -1 0
  0 1  0 -1  0 0
 -1 0  1  0  0 0
  0 0  1  0  0 0
  0 0  0  1  0 0
1,1,1,1;1,1 1 3
12 
#1 
6	% 
  0  0  0  0  0 -1
 -1 -1 -1 -1 -1 -1
  0  1  0  0  0  0
  1  0  1  0  0  1
  0 -1  0 -1  0 -1
 -1  0  0  0  0  0
1,1,1;1,1,1 1 2
18 
#2 
6	% 
  0  0 -1  0 1  0
  0  0  1  0 0  0
 -1  1  0 -1 0 -1
  0  0  0 -1 0  0
  1  0  0  1 0  0
  0 -1  0  1 0  0
6	% 
  0  0  0  0 0 1
  0  0  0  0 1 0
 -1  1 -1 -1 0 0
  0  0 -1  0 0 0
  1  0  1  0 0 0
  0 -1  1  0 0 0
2-1;1,1;1,1 1 3
12 
#1 
6	% 
 0  0 0 0 1 0
 0  0 0 0 0 1
 0  0 1 0 0 0
 0  0 0 1 0 0
 1  0 0 0 0 0
 0 -1 0 0 0 0
2-1',2-1';1;1 1 3
6 
#1 
6	% 
 0 0  0 -1 -1 -1
 0 0 -1  0 -1  1
 0 0 -1  0  0  1
 0 0  0  1  1  0
 0 1  0  0  0  0
 1 0  0  0  0  0
1,1,1;1,1,1 1 3
12 
#1 
6	% 
  0  0 -1  1  0 -1
 -1 -1 -1 -1 -1  0
  1  0  0  1  1  0
 -1  0  1 -1  0  1
  0  1  1  0  1  0
  0 -1 -1  1  0 -1
2-1;1,1;1,1 1 7
6 
#1 
6	% 
 0 0 0 0 0 1
 0 0 0 0 1 0
 0 1 0 0 0 0
 0 0 1 0 0 0
 1 0 0 0 0 0
 0 0 0 1 0 0
1,1,1;1,1,1 1 4
4 
#1 
6	% 
 0 0 0 1  1  1
 0 0 0 0  0  1
 1 0 0 0 -1 -1
 0 0 1 0  1  1
 0 1 0 0 -1 -1
 0 0 0 0  1  0
1,1,1,1;1;1 1 1
15 
#2 
6	% 
 0 0 -1 -1  0 -1
 0 0 -1  0 -1 -1
 0 0  0 -1 -1 -1
 0 0  1  1  1  1
 1 0  0  0  0  0
 0 1  0  0  0  0
6	% 
  0 0 0 -1 -1 -1
 -1 0 0  0 -1 -1
 -1 0 0 -1  0 -1
  1 0 0  1  1  1
  0 1 0  0  0  0
  0 0 1  0  0  0
1,1,1;1,1;1 1 1
60 
#3 
6	% 
 0 0  0 1  1  0
 0 0 -1 0  0  0
 0 0  0 0 -1  0
 0 0  0 0  0 -1
 1 0  0 0  0  1
 0 1  0 0  0  0
6	% 
 1 0  0  1 0 0
 0 0 -1  0 0 0
 0 0  0 -1 0 0
 0 0  0  0 1 0
 0 0  0  0 0 1
 0 1  0  0 0 0
6	% 
 1 0 0  0  0  1
 0 0 0 -1  0  0
 0 0 0  0  0 -1
 0 0 0  0 -1  0
 0 0 1  0  1  0
 0 1 0  0  0  0
1,1,1;1,1;1 1 3
72 
#2 
6	% 
 0 0  2 0  1  1
 0 0  1 0  0  0
 0 0 -3 1 -1 -1
 1 0  1 0  1  0
 1 0  0 0  0  0
 0 1  0 0  0  0
6	% 
  2 0 0  2  1 -1
  2 0 0  1  1 -1
 -3 0 0 -3 -2  2
  1 0 1  1  1  0
  0 0 1  0  1  1
  0 1 0  0  0  0
1,1,1;1,1;1 1 8
24 
#1 
6	% 
  0 0  0  0 -1  1
 -2 0 -1  1 -1  1
  3 0  1 -1  3 -3
  0 0  0  0 -1  0
 -1 0  0  1  0  1
  0 1  0  0  0  0
1,1,1,1;1;1 1 2
24 
#1 
6	% 
  0 0  0  0 -1  0
  0 0  0  0 -1  1
 -1 0 -1  1 -1 -1
  0 1  0  0  0  0
  1 0  0 -1  1  0
 -1 0 -1  0 -1  0
2-1',2-1';2-1 1 1
6 
#1 
6	% 
 0 0 -1 0 -1  1
 0 0  0 1  1  1
 0 0  0 1  1  0
 0 0  1 0  0 -1
 0 1  0 0  0  0
 1 0  0 0  0  0
1,1,1,1;1;1 1 3
3 
#1 
6	% 
 0 0 -1 -1  0 -1
 0 0  0 -1 -1 -1
 0 0 -1  0 -1 -1
 0 0  1  1  1  1
 0 1  0  0  0  0
 1 0  0  0  0  0
1,1,1;1,1;1 1 2
36 
#2 
6	% 
  1  1 0 0  0  0
  1  1 0 0  1  0
 -2 -2 0 0 -1 -1
  0  0 1 0  0  0
  0  0 0 1  0  0
  1  0 0 0  0  0
6	% 
  1  1  0  0 0  0
  1  1  0  1 0  0
 -2 -2  0 -1 0 -1
  0  0  1  0 1  0
  0  0 -1  0 0  0
  1  0  0  0 0  0
1,1,1;1,1;1 1 4
24 
#1 
6	% 
  0 0  0 1  1 0
  0 0 -1 0  0 0
  0 0  0 0 -1 0
  0 1  0 0  0 1
  0 0  0 0  0 1
 -1 1  0 0  0 0
1,1,1;1,1;1 1 9
24 
#1 
6	% 
  0 0  2  2  1  1
  0 0  1  1  0  0
  0 0 -3 -2 -1 -1
  0 0  1  1  1  0
  0 1  0  0  0  0
 -1 1  0  0  0  0
1,1,1;1,1;1 1 7
48 
#1 
6	% 
  1  1 0  2  0  0
  2  2 0  2  1 -1
 -4 -4 0 -5 -2  2
  1  1 0  1  1  0
  0  0 1  0  1  1
  1  0 0  1  0  0
1,1,1;1,1;1 1 12
24 
#1 
6	% 
  1  1  0 0 0  0
  0  0 -1 1 0  0
 -2 -2  0 0 1 -1
  0  0  0 1 1  1
 -1 -1  0 0 0 -1
  1  0  0 0 0  0
1,1,1,1;1;1 1 5
12 
#1 
6	% 
  0  0  0 0  0  1
 -1 -1 -1 1 -1  0
 -1  0  0 0 -1  1
  1  1  1 0  1 -1
 -1 -1  0 1 -1  1
  0  1  0 0  1 -1
1,1,1;1;1;1 1 1
20 
#2 
6	% 
 0 0 -1 0  0 -1
 0 0  0 0 -1 -1
 0 0  1 0  1  1
 1 0  0 0  0  0
 0 1  0 0  0  0
 0 0  0 1  0  0
6	% 
 1 0  0 0 0  1
 0 0 -1 0 0  0
 0 0  0 0 0 -1
 0 1  0 0 0  0
 0 0  0 1 0  0
 0 0  0 0 1  0
1,1;1,1;1;1 1 1
45 
#4 
6	% 
 0 0 0 0 -1  0
 0 0 1 0  1  0
 0 0 0 0  0 -1
 1 0 0 0  0  1
 0 1 0 0  0  0
 0 0 0 1  0  0
6	% 
 0 0 -1 0  0 0
 1 0  1 0  0 0
 0 0  0 0  1 1
 0 0  0 0 -1 0
 0 1  0 0  0 0
 0 0  0 1  0 0
6	% 
 0 0  1 0 0 1
 0 0 -1 0 0 0
 0 0  0 1 0 0
 0 0  0 0 1 0
 1 0  0 0 0 0
 0 1  0 0 0 0
6	% 
 0 0  1 1  0 0
 0 0 -1 0  0 0
 0 0  0 0  1 1
 0 0  0 0 -1 0
 1 0  0 0  0 0
 0 1  0 0  0 0
1,1;1,1;1,1 1 1
15 
#3 
6	% 
 0  1 0  0 0  0
 0 -1 0 -1 0  0
 0  0 1  0 0  0
 0  0 0  0 1  0
 0  0 0  0 0 -1
 1  0 0  0 0  1
6	% 
 0 0 -1  0 0  0
 1 0  1  0 0  0
 0 0  0 -1 0  0
 0 1  0  1 0  0
 0 0  0  0 0 -1
 0 0  0  0 1  1
6	% 
 0 -1 0  0 0  0
 1  1 0  0 0  0
 0  0 0 -1 0  0
 0  0 1  1 0  0
 0  0 0  0 0 -1
 0  0 0  0 1  1
1,1;1,1;1;1 1 7
36 
#2 
6	% 
 -1 0  0 0 -1  1
  0 0 -1 0 -1 -1
  0 1  0 0  0  0
  0 0  0 1  0  0
  1 0  1 0  1  0
 -1 0  1 0  0  1
6	% 
 0 0 0  0 0 1
 0 0 0  0 1 0
 1 0 0  0 0 0
 0 1 0  0 0 0
 0 0 1  0 0 0
 0 0 0 -1 0 0
1,1;1,1;1,1 1 2
36 
#2 
6	% 
 -1 0  0  0 -1  1
  0 0  0 -1  0  0
  0 1  0  1  0  0
  0 0 -1  0 -1 -1
  1 0  1  0  1  0
 -1 0  1  0  0  1
6	% 
 0  0 0  0 0 1
 0 -1 0  0 0 0
 1  1 0  0 0 0
 0  0 0  0 1 0
 0  0 1  0 0 0
 0  0 0 -1 0 0
1,1,1;1;1;1 1 2
36 
#2 
6	% 
  0 0 -1 0  0  0
 -1 0 -1 0 -1  1
  0 1  0 0  0  0
  0 0  0 1  0  0
  1 0  1 0  0 -1
 -1 0 -1 0 -1  0
6	% 
 0 0  0  0 0 1
 0 0  0  0 1 0
 1 0  0  0 0 0
 0 1  0  0 0 0
 0 0  0 -1 0 0
 0 0 -1  0 0 0
2-1;1,1;1;1 1 1
18 
#2 
6	% 
 0 0 0 1  0 0
 0 0 1 0  0 0
 0 0 0 0  1 1
 0 0 0 0 -1 0
 1 0 0 0  0 0
 0 1 0 0  0 0
6	% 
 0 0 0 1 0  0
 0 0 1 0 0  0
 0 0 0 0 0 -1
 1 0 0 0 0  1
 0 1 0 0 0  0
 0 0 0 0 1  0
2-1;1,1;1;1 1 4
24 
#1 
6	% 
  0 0 0 1  0  0
  0 0 1 0  0  0
 -1 0 0 0 -1  1
  0 1 0 0  0  0
  1 0 0 0  0 -1
 -1 0 0 0 -1  0
1,1;1,1;1;1 1 23
6 
#1 
6	% 
 1 0  0  0  0 0
 0 1  0  0  0 0
 0 0  0  0  0 1
 0 0 -1  0  0 0
 0 0  0  0 -1 0
 0 0  0 -1  0 0
1,1;1,1;1,1 1 5
6 
#1 
6	% 
 0 -1  0  0  0 0
 1  1  0  0  0 0
 0  0  0  0  0 1
 0  0 -1  0  0 0
 0  0  0  0 -1 0
 0  0  0 -1  0 0
1,1,1;1;1;1 1 10
12 
#1 
6	% 
 0  0  0  0 0 1
 0  0  0  0 1 0
 0  0  0 -1 0 0
 0 -1  0  0 0 0
 1  0  0  0 0 0
 0  0 -1  0 0 0
1,1;1,1;1;1 1 19
12 
#1 
6	% 
 0 0 0  0 0 1
 0 0 0  0 1 0
 0 0 1  0 0 0
 0 1 0  0 0 0
 0 0 0 -1 0 0
 1 0 0  0 0 0
1,1;1,1;1;1 1 34
6 
#1 
6	% 
 0 0  0 -1 0 1
 0 0 -1  0 0 0
 0 1  0  0 0 0
 0 0  0  1 0 0
 0 0  1  0 1 0
 1 0  0  0 0 0
1,1,1;1;1;1 1 5
12 
#1 
6	% 
 0 0 0  0 1  1
 0 0 0 -1 0  0
 0 0 0  0 0 -1
 0 0 1  0 0  0
 0 1 0  0 0  0
 1 0 0  0 0  0
1,1;1,1;1;1 1 4
9 
#2 
6	% 
 0 0  1 0 0  0
 0 0 -1 0 0 -1
 0 0  0 1 0  0
 0 0  0 0 1  0
 0 1  0 0 0  0
 1 0  0 0 0  0
6	% 
 0 0  1 1  0  0
 0 0 -1 0  0  0
 0 0  0 0  1  0
 0 0  0 0 -1 -1
 0 1  0 0  0  0
 1 0  0 0  0  0
2-1;2-1;1,1 1 1
3 
#1 
6	% 
 0 1 0 0 0  0
 1 0 0 0 0  0
 0 0 0 1 0  0
 0 0 1 0 0  0
 0 0 0 0 0 -1
 0 0 0 0 1  1
2-1,2-1;2-1 1 1
12 
#1 
6	% 
 0 0 -1  0 0 0
 0 0  0  1 0 0
 0 1  1  0 0 0
 1 0  0 -1 0 0
 0 0  0  0 0 1
 0 0  0  0 1 0
2-1,2-1;1;1 1 3
12 
#1 
6	% 
  0 0  0 -1 0 0
  0 0 -1  0 0 0
 -1 0  0  1 0 0
  0 1  1  0 0 0
  0 0  0  0 0 1
  0 0  0  0 1 0
2-1,2-1;1;1 1 1
12 
#1 
6	% 
  0 0  0 -1 0 0
  0 0 -1  0 0 0
 -1 0  0  1 0 0
  0 1  1  0 0 0
  0 0  0  0 1 0
  0 0  0  0 0 1
2-1,2-1;1,1 1 1
12 
#1 
6	% 
  0 0  0 -1 0  0
  0 0 -1  0 0  0
 -1 0  0  1 0  0
  0 1  1  0 0  0
  0 0  0  0 0 -1
  0 0  0  0 1  1
2-1;2-1;1;1 1 5
3 
#1 
6	% 
 1 0 0 0 0 0
 0 1 0 0 0 0
 0 0 0 1 0 0
 0 0 1 0 0 0
 0 0 0 0 0 1
 0 0 0 0 1 0
2-1;2-1;1;1 1 1
3 
#1 
6	% 
 0 1 0 0 0 0
 1 0 0 0 0 0
 0 0 0 1 0 0
 0 0 1 0 0 0
 0 0 0 0 1 0
 0 0 0 0 0 1
2-1,2-1;2-1 2 1
12 
#1 
6	% 
 0 1 -1  1 0 0
 1 0  1  1 0 0
 0 0  0 -1 0 0
 0 0 -1  0 0 0
 0 0  0  0 0 1
 0 0  0  0 1 0
2-1,2-1;1;1 2 4
12 
#1 
6	% 
  0 -1  1 -1 0 0
 -1  0 -1 -1 0 0
  0  0  0  1 0 0
  0  0  1  0 0 0
  0  0  0  0 0 1
  0  0  0  0 1 0
2-1,2-1;1;1 2 1
12 
#1 
6	% 
  0 -1  1 -1 0 0
 -1  0 -1 -1 0 0
  0  0  0  1 0 0
  0  0  1  0 0 0
  0  0  0  0 1 0
  0  0  0  0 0 1
2-1,2-1;1,1 2 1
12 
#1 
6	% 
  0 -1  1 -1 0  0
 -1  0 -1 -1 0  0
  0  0  0  1 0  0
  0  0  1  0 0  0
  0  0  0  0 0 -1
  0  0  0  0 1  1
1,1;1,1;1;1 1 2
72 
#2 
6	% 
  0 0 0 0  0 1
  0 0 0 0 -1 0
  0 0 1 0  1 0
  0 0 0 1  0 0
  0 1 0 0  0 0
 -1 0 0 0  0 0
6	% 
  0 0 1 0  0  0
  0 0 0 0  1  0
  0 0 0 0 -1 -1
  0 0 0 1  0  0
  0 1 0 0  0  0
 -1 0 0 0  0  0
1,1;1,1;1;1 1 16
48 
#1 
6	% 
 0  0 1 0  0 0
 0  0 0 1  0 0
 0 -1 0 0  0 0
 0  0 0 0  0 1
 1  0 0 0  0 0
 0  0 0 0 -1 0
1,1;1,1;1,1 1 4
24 
#1 
6	% 
 1 -1 0  1 0  0
 0  0 1  0 1  1
 0  0 0  0 0 -1
 0  1 0 -1 0  0
 1  0 0  1 0  0
 0  0 0  0 1  0
1,1,1;1;1;1 1 7
24 
#1 
6	% 
 -1 -1 -1 0 -1  1
  0  0  0 1  0  0
 -1  0 -1 0  0  0
  1  1  1 0  0 -1
  0  1  1 0  0  0
 -1 -1 -1 0 -1  0
2-1;1,1;1;1 1 6
6 
#1 
6	% 
 0 0 1 0  0  0
 0 0 0 1  0  0
 0 0 0 0  1  0
 0 0 0 0 -1 -1
 0 1 0 0  0  0
 1 0 0 0  0  0
2-1;1,1;1;1 1 18
12 
#1 
6	% 
  0 0 0 1  0  0
  0 0 1 0  0  0
  0 1 0 0  0  0
  0 0 0 0  0 -1
 -1 0 0 0  0  0
  0 0 0 0 -1  0
2-1,2-1,2-1 1 1
16 
#1 
6	% 
  0  0  0  1  0  1
  0  0 -1  0 -1  0
  0 -1  0  0  0  1
 -1  0  0  0 -1  0
  0  1  0 -1  0 -1
  1  0  1  0  1  0
2-1;1;1;1;1 1 1
3 
#1 
6	% 
 0 0 0 0 0 1
 0 0 0 0 1 0
 1 0 0 0 0 0
 0 1 0 0 0 0
 0 0 1 0 0 0
 0 0 0 1 0 0
1,1;1,1;1;1 1 8
24 
#1 
6	% 
  0 -1 -1 1  0  0
 -1  0  0 0 -1  1
  1  0  0 0  0 -1
  0  1  1 0  0  0
  0 -1  0 1  0  0
 -1  0  0 0 -1  0
2-1;1;1;1;1 1 3
6 
#1 
6	% 
 0 0 1 0 0 0
 0 0 0 1 0 0
 1 0 0 0 0 0
 0 1 0 0 0 0
 0 0 0 0 0 1
 0 0 0 0 1 0
2-1;1;1;1;1 1 14
3 
#1 
6	% 
 0 0 0 1 0 0
 0 0 1 0 0 0
 0 1 0 0 0 0
 0 0 0 0 0 1
 1 0 0 0 0 0
 0 0 0 0 1 0
2-1,2-1,2-1 2 1
48 
#1 
6	% 
 -1 0  0 -1  0  0
  0 1 -1  0  0  0
  0 0  0 -1  1 -1
  0 0 -1  0 -1 -1
  0 0  1  1  0  1
  0 0  1 -1  1  0
1,1;1,1;1;1 1 25
24 
#1 
6	% 
  0 0 0  0 -1  0
  0 1 0  0  1 -1
  0 0 0 -1  0  0
  0 0 0  0  0 -1
  0 0 1  0  0  0
 -1 0 0  0 -1  1
1,1;1,1;1,1 1 10
8 
#1 
6	% 
 0 -1 1 -1  0  0
 0  0 0  0 -1  0
 0  0 0  1  1  1
 1  0 1 -1  0  0
 0  0 1  0  1  1
 0  0 0  0  0 -1
1,1;1,1;1;1 1 9
12 
#1 
6	% 
  0 0  0  0 0 -1
  0 0  0  0 1  1
  0 0 -1  0 0  0
  0 1  1  1 0  0
  0 0  0  1 0  0
 -1 0 -1 -1 0  0
1,1,1;1;1;1 1 15
8 
#1 
6	% 
 -1 -1  0 1  0  0
  1  1  0 0  0 -1
  0  1  0 0  0  0
  1  1 -1 0  0  0
 -1  0  0 0  0  0
 -1 -1  0 0 -1  0
1,1;1;1;1;1 1 1
15 
#2 
6	% 
 0 0  1 1 0 0
 0 0 -1 0 0 0
 1 0  0 0 0 0
 0 1  0 0 0 0
 0 0  0 0 1 0
 0 0  0 0 0 1
6	% 
 0 0 0 0 -1 0
 0 0 0 1  1 0
 1 0 0 0  0 0
 0 1 0 0  0 0
 0 0 1 0  0 0
 0 0 0 0  0 1
1,1;1;1;1;1 1 2
24 
#1 
6	% 
 0 0 1 -1 1 0
 1 0 0  0 0 0
 0 1 0  0 0 0
 0 0 0  0 0 1
 0 0 0  1 0 0
 0 0 1  0 0 0
1,1;1;1;1;1 1 3
18 
#2 
6	% 
 0 0  1 1 0 0
 0 0 -1 0 0 0
 1 0  0 0 0 0
 0 1  0 0 0 0
 0 0  0 0 0 1
 0 0  0 0 1 0
6	% 
 0 0 0 -1 0 0
 1 0 0  1 0 0
 0 1 0  0 0 0
 0 0 1  0 0 0
 0 0 0  0 0 1
 0 0 0  0 1 0
1,1;1;1;1;1 1 11
12 
#1 
6	% 
 1 0 0 0  0  0
 0 1 0 0  0  0
 0 0 0 0  1  0
 0 0 0 1 -1 -1
 0 0 1 0  1  1
 0 0 0 0  0 -1
1,1;1;1;1;1 1 9
24 
#1 
6	% 
 -1 0 -1  1 0 0
  0 1  0  0 0 0
  0 0  0  0 0 1
  1 0  0 -1 0 0
  0 0  0  0 1 0
 -1 0 -1  0 0 0
1,1;1;1;1;1 1 25
3 
#1 
6	% 
 0  0 0 0 1  1
 0  0 0 0 0 -1
 0  0 0 1 0  0
 0 -1 0 0 0  0
 1  0 0 0 0  0
 0  0 1 0 0  0
1,1;1;1;1;1 1 28
12 
#1 
6	% 
 -1 0 0 0 0 0
  0 0 0 0 0 1
  0 0 0 1 0 0
  0 1 0 0 0 0
  0 0 1 0 0 0
  0 0 0 0 1 0
1;1;1;1;1;1 1 1
1 
#1 
6	% 
 1 0 0 0 0 0
 0 1 0 0 0 0
 0 0 1 0 0 0
 0 0 0 1 0 0
 0 0 0 0 1 0
 0 0 0 0 0 1
1;1;1;1;1;1 1 2
3 
#1 
6	% 
 1 0 0 0 0 0
 0 1 0 0 0 0
 0 0 1 0 0 0
 0 0 0 1 0 0
 0 0 0 0 0 1
 0 0 0 0 1 0
1;1;1;1;1;1 1 7
3 
#1 
6	% 
 1 0 0 0 0 0
 0 1 0 0 0 0
 0 0 0 1 0 0
 0 0 0 0 0 1
 0 0 1 0 0 0
 0 0 0 0 1 0
1;1;1;1;1;1 1 18
1 
#1 
6	% 
 0 1 0 0 0 0
 0 0 0 0 0 1
 0 0 0 1 0 0
 1 0 0 0 0 0
 0 0 1 0 0 0
 0 0 0 0 1 0
