#70

2-1;1;1;1;1 1 28
1 
#1 
6	% 
 1 0 0 0 0 0
 0 1 0 0 0 0
 0 0 1 0 0 0
 0 0 0 1 0 0
 0 0 0 0 1 0
 0 0 0 0 0 1
1,1,1,1,1,1 1 1
1 
#1 
6	% 
 1 0 0 0 0 0
 0 1 0 0 0 0
 0 0 1 0 0 0
 0 0 0 1 0 0
 0 0 0 0 1 0
 0 0 0 0 0 1
2-1;1,1,1,1 1 2
1 
#1 
6	% 
  0 0 -3 -1 -2 -1
  0 0  0 -1  0  0
  0 0 -2  0 -1  0
 -1 0 -3 -1 -2  0
  1 1  0  0  0  0
 -1 0  2  1  1  0
1,1,1,1,1;1 1 2
8 
#5 
6	% 
  1  1  2  0  1  1
  1  1  2  1  1  0
  1  1  1  1  0  1
  1  1  2  0  0  0
 -2 -1 -3 -1 -1 -1
  1  2  2  1  0  1
6	% 
  0  0  0  1  0  0
  1  0  0  0  0  0
  0 -1 -1  0 -1 -1
  1  0  0  1  0 -1
 -1  1  1 -1  0  1
  1 -1  0  1 -1 -1
6	% 
  1 -1  0  0  1  1
  0 -1  0  0  0  1
  1 -1  1  1  1  1
  0  0 -1  0  1  0
 -1  1  0 -1 -1 -1
  1 -1  0  0  1  2
6	% 
  0 -1  1 -1  0  0
  0 -1  1  0  0  0
  1 -1  0  1  2 -3
  0 -1  1 -1  0  1
 -1  2 -1  0 -1  1
  1 -2  2  1  2 -2
6	% 
 0 -1  1  0  2  1
 0  0  1  1  1  1
 0  0  2  1  2  2
 0 -1  2  0  2  1
 1  1 -2 -1 -2 -2
 1 -1  3  1  3  2
1,1,1,1;1,1 1 2
4 
#3 
6	% 
 0  0 3  0 2 0
 0  0 1  1 1 1
 0  0 0 -1 0 0
 1  1 0  0 0 0
 0 -1 0  0 0 0
 0 -1 1  0 1 0
6	% 
  0 -1 -1 -1  0  1
 -1 -1 -1 -1 -1  1
  0  0 -1  0  1  0
  0  0  0 -1  0  2
  1  1  1  1  0 -1
 -1 -1 -1  0  0  0
6	% 
  0 1 1 0  1  0
  0 0 0 0  0 -1
  0 0 1 1  1  1
  1 0 0 0  1  0
 -1 0 0 0 -2  0
 -1 0 1 0 -1  0
2-1;1,1,1;1 1 7
1 
#1 
6	% 
 0 0  0  1 0  0
 0 0  0  1 0  1
 1 0  1  0 0  0
 0 1 -1  0 0  0
 0 0  0  1 1  1
 0 0 -1 -1 0 -1
2-1;1,1,1;1 1 6
3 
#2 
6	% 
 0  0 -1 -1 -2  2
 0  1 -1  0  0  0
 0  0  0  1  1 -1
 1 -1  1  0  1  0
 0  1  0  0 -1  0
 0  0  0  0 -1  0
6	% 
  0  0  1 -1 -1  2
  0 -1  0  1  1 -1
  0  0  0  2  1 -2
 -1  1 -1  0 -1  0
  0 -1  1 -1  0  1
  0  0  1 -1  0  1
1,1,1,1;1,1 1 3
19 
#8 
6	% 
  0  0  1  0  1 -1
 -1 -1 -1 -1 -1 -1
  1 -1  0  0  1  0
  0  1  0  0  0  1
 -1  0 -1  0 -1 -1
  1 -1  1  0  2  0
6	% 
  0  0 -1 -1 -1  1
  0  0 -1  0  0  1
  1  0  1  2  1 -3
 -1  0  1 -1 -1  1
  0  1 -2 -2  0  2
  0 -1  0  2  0 -1
6	% 
  0 0 1  0 -1  1
  0 0 0  1  0 -1
  0 1 0  1  0 -1
  0 0 0 -1  1  0
  0 0 1  2  0 -1
 -1 0 0  0  0  0
6	% 
  1  0  0  0  0  1
  1 -1 -1 -1 -1  3
 -1  0  0  1  0 -1
  0  1  1  0  0 -1
  0 -1  0 -1 -1  2
  1  0  0  0  0  0
6	% 
 -1 -1  0 -1  0  0
 -1 -1  0  1  0  1
  1  0  0  1  0 -1
  1  1  0  0  1 -1
 -1 -1  0  1  1  0
 -1  0 -1 -2 -1  2
6	% 
  1  0 1 0  0  0
 -2 -1 0 0 -1  0
 -1 -1 1 0  1 -1
  1  1 0 0  1  0
 -1 -1 1 0  0  0
  1  1 1 1  1  0
6	% 
  0  1  3  3  0 -1
  0  1  0  1  0  0
 -1  0 -2  0  0 -1
  1 -1  1 -1  1  0
  1  1  0  0  0  1
 -1  0  1  2 -1 -1
6	% 
  0  1  0  0 -1 0
  0  1 -1 -1  0 0
  1  0  0  0  1 0
 -1 -1  0  1 -1 0
 -1  1 -2 -2 -1 1
  1  0  1  0  0 0
1,1,1;1,1,1 1 2
1 
#1 
6	% 
 -1 -1  0  0 0  0
  0  1 -1  0 0  0
  0  0  0 -1 0  0
  0  0  0 -1 0 -1
  1  0  1  1 1  1
 -1  0  0  1 0  1
1,1,1;1,1,1 1 3
11 
#5 
6	% 
  0  0  0  0 -1  1
 -1 -1  0  1  0 -1
  0  1 -1 -1 -1  2
  0  0  1  0  1 -1
  0  1  0 -1  0  0
  0  0 -1 -1 -1  2
6	% 
  0  0  1  0 -1  1
 -1 -1  0  0  0  0
  1  1  1  1  0  0
 -1  0 -1 -1  0  0
  1  1  0  0  1 -1
 -1  0  0  1 -1  0
6	% 
  0  0  1  1 1 -1
 -1 -1  0  0 0 -1
  0  1  1  2 0 -1
  0  0 -1 -1 0  1
  1  0 -1  0 0  1
  0  0  1  0 0  0
6	% 
  0 1 1  2  1 -1
 -1 0 0  1 -1 -1
  0 0 1  1  0  0
  0 0 0 -1  0  0
  0 0 0 -1 -1  0
  0 0 0  0  0  1
6	% 
  1  0  1  0 0  0
  0  0  0 -1 0  0
  1 -1 -1  0 1  0
 -1  0  0  0 0  0
 -1 -1  2  2 0 -2
  1  0  0 -1 0  1
2-1;1,1;1,1 1 10
2 
#1 
6	% 
 0 1  0  0  0 -1
 0 0  3 -1  1 -2
 0 0  1  2  3 -5
 1 0  0  0  0  1
 0 0 -1  1  0  0
 0 0  0 -1 -1  2
2-1;1,1;1,1 1 5
1 
#1 
6	% 
 0  0  0 -1  0  2
 0  1  0  1  1 -1
 0  0  1  2  2 -2
 1 -1  1  0  1  0
 0  1 -1 -1 -2  1
 0  0 -1 -1 -2  1
1,1,1;1,1,1 1 4
4 
#1 
6	% 
 0  0 -1  0 -1  1
 1  0 -1  2  1 -1
 0  0  0 -2 -1  2
 0  0  1  1  1 -2
 0  0  1 -1  0  1
 0 -1  0  2  2 -3
1,1,1,1;1;1 1 4
1 
#1 
6	% 
  0 0  6 1  4  1
  0 0  3 0  2  0
  0 0 -8 0 -5 -1
  0 0  5 0  3  0
 -1 0 -3 0 -2  0
  0 1 -3 0 -2  0
1,1,1;1,1;1 1 10
12 
#5 
6	% 
  0 0  2  1  2 -3
  0 0  3  2  3 -4
  0 0 -6 -4 -7  9
  0 0  1  1  1 -2
  0 1  1  1  1 -2
 -1 1 -1  0 -1  0
6	% 
  0  0  0  1  0 -1
  1  1  0 -1  0  1
 -1 -1  0  1  0  0
  0  0  0  0 -1  0
  0  1 -1 -1 -1  1
 -1  1 -1  0 -1  0
6	% 
  0 0 -1 1  1 -1
  0 0 -1 0  1  0
  0 0  3 0 -3  1
  0 0 -1 0  0  0
  0 1  0 1  1 -1
 -1 1 -1 0 -1  0
6	% 
  1  1 0 -3  0  3
  1  1 0 -2  0  2
 -2 -2 0  6  0 -5
  1  0 0 -2  0  2
  0  1 0 -1 -1  1
  0  0 1  0 -1  0
6	% 
  1  1 0  0  0  0
  1  1 0 -1  0  1
 -2 -2 0  2  0 -1
  1  0 0  0  1  0
  0  1 1  0 -1  0
  0  0 1  1  1 -1
1,1,1;1,1;1 1 12
24 
#6 
6	% 
 1 1  1  0 -1  0
 0 0  1 -1 -1  1
 0 0 -2  1  2 -1
 0 0  0 -1 -1  1
 0 0 -2  0  0  1
 1 0  1  0  0  0
6	% 
 -1 -1 -1  0 -1  0
 -2 -2 -3 -1 -3  1
  4  4  6  1  6 -1
 -1 -1 -1 -1 -2  0
  2  2  3  0  3 -1
 -1  0 -1  0 -1  0
6	% 
  0  0 1  0 1 -2
  1 -1 0 -1 0  1
 -3  3 0  4 0 -2
  1  0 0  0 0  0
 -2  1 0  1 0  0
  0  0 1  0 0 -1
6	% 
 -2 -2  0 -1  0 -1
 -2 -2 -1 -1  1 -1
  5  5  1  2 -1  2
 -1 -1  0  0  1 -1
  3  2  0  0 -1  2
 -1 -1  0  0  0 -1
6	% 
 -2  2  0  1  0 -3
 -2  2 -1  0 -1 -2
  5 -5  1 -2  1  6
 -1  1  0  0 -1 -1
  3 -2  0 -1  1  3
 -1  1  0  1  0 -2
6	% 
 0  0  1 -1 -1 -1
 0  0  0 -1  0 -1
 1 -1 -2  3  4  3
 0  0  0 -1  0  0
 1  0 -1  2  2  1
 0  0  0 -1 -1  0
1,1,1,1;1;1 1 5
19 
#8 
6	% 
  0  0 0 -1 0  1
 -1 -1 0 -1 0  2
 -1 -1 0  0 1  0
  2  1 1  2 0 -2
 -1 -2 0 -2 1  2
  1  1 1  1 0 -1
6	% 
  1  1  0  1  0  1
  0  0 -1  0 -1  1
  1  0  0  1  0  1
 -1 -1  0 -1  1 -2
  1  1 -1  1  0  2
  0 -1  1 -1  1 -1
6	% 
  0  0 -2  0 -1 0
 -1 -1 -2 -1 -1 1
 -1  0 -2  0 -2 0
  1  1  3  1  2 0
 -1 -1 -3  0 -2 1
  0  1  1  0  1 0
6	% 
  1  0 0  0  0  1
  1 -1 0 -1  0  1
  1 -1 0 -1 -1  2
 -1  1 0  0  0 -1
  1 -1 0 -1  0  2
 -1  1 1  1  0 -2
6	% 
 0  0  0  0  0 -1
 1  1  0  0  0 -1
 0  1 -1  1  0 -1
 0 -1  0 -1  0  2
 0  1 -1  0 -1 -1
 0 -1  0 -1  1  1
6	% 
 1 0  0 0  1  0
 0 1 -1 0  0  0
 0 0  0 0  1 -1
 0 0  1 1 -1  0
 0 0 -1 0  1 -1
 0 0  1 1  0  0
6	% 
 -1  0  1 0  0 -2
 -1  0  0 0  0 -1
  0 -1  1 0  1 -1
  1  0 -1 0 -1  2
 -1  0  1 1  1 -3
  0 -1  0 0  0  1
6	% 
  0 0  0  1  0  0
 -1 0  0  1 -1  1
  0 0  0  3  1 -2
  1 1  0 -2  0  0
 -1 1 -1  2 -1  0
  0 0  1 -2  0  1
1,1,1;1,1;1 1 9
4 
#2 
6	% 
  0 0 -1  0 -1  0
  0 0 -1  1 -1  0
  0 0  1 -1  1 -1
  0 0 -1  0  0  0
  0 1  0  0 -1  0
 -1 1 -1  0 -1  0
6	% 
  2  0  1  0  1  0
  1  0  1  0  0  0
 -3 -1 -1  0 -1  0
  1  0 -2 -2 -2  3
  0  0  2  1  2 -2
  0  0  0 -1  0  1
1,1,1;1,1;1 1 7
14 
#7 
6	% 
 -1 -1 -1  0  1  0
  0  0  0  1  2 -1
  0  0 -1 -3 -5  3
  0  0  0  0  1  0
  0  0  0 -1  0  2
 -1  0 -1  0  0  0
6	% 
  2 0  1  0  1  0
  2 0  0 -1  0  1
 -5 1 -1  2 -1 -2
  1 0  0 -1  0  1
  0 0  0 -1  0  2
  1 0  1  0  0  0
6	% 
  0 0 -2 -1 -2  3
  0 0 -1  0 -1  2
  0 0  2  0  1 -3
 -1 0 -1  0 -1  1
 -1 1 -1  0 -1  0
  0 0 -1  0 -1  1
6	% 
 -2  0  0  1  0 -1
 -2  0  1  2  1 -2
  5  0 -3 -5 -3  6
 -1 -1  1  1  1 -1
  0 -1  1  0  0  0
 -1  0  0  0  0  0
6	% 
  0 0 -1  1  1 -3
  0 0 -1  0  1 -2
  0 0  2 -2 -2  5
 -1 0 -1  0  0 -1
 -1 1 -1  0 -1  0
  0 0 -1  0  0 -1
6	% 
  0 -2  1 -1  1 -1
  0 -2  1 -2  1  0
  0  4 -2  3 -2  0
 -1 -1  0 -1  0  0
 -1  0  0  0 -1  0
  0 -1  0 -1  0  0
6	% 
 0 0 -1  0  1  0
 0 0  0 -1 -2  1
 0 1  1  3  4 -3
 0 0  0 -1 -1  1
 0 0  0 -1  0  2
 1 0  0  0  1  0
1,1,1;1,1;1 1 11
46 
#15 
6	% 
 0 -2  1  2  1 -4
 0 -2  1  1  1 -3
 0  6 -3 -6 -3 11
 1 -1  1  1  1 -2
 0 -1  0  0  0 -1
 0 -1  1  1  0 -2
6	% 
 -2 0  1  2  1 -2
 -2 0  0  1  0 -1
  5 0 -1 -3 -1  4
 -1 1  0  0  0  0
 -1 0  0  0  0  0
 -1 0  1  1  0 -1
6	% 
  2 0  1  0  1  0
  2 0  1  1  1  1
 -5 1 -3 -1 -3 -1
  1 0  1  0  1  0
  1 0 -1  0 -1  1
  1 0  1  0  0  0
6	% 
  2 0  0 -1  0  1
  2 0  1  0  1  0
 -5 1 -1  2 -1 -2
  1 0  0  0  0  1
  1 0  1  0  0  0
  1 0  0  0  0  0
6	% 
  0 0  0 -1  0 -1
 -2 0 -1 -1 -1 -1
  3 1  1  3  1  3
  0 0  0 -1 -1  0
 -1 0 -1 -1 -1  0
  0 0  0  0  0 -1
6	% 
  2 0  0 -1  0  1
  2 0 -1 -1  1  1
 -5 0  2  3 -1 -3
  1 0  0 -1  0  0
  1 1 -1  0  0  1
  1 0  0  0  0  0
6	% 
 0 -2  2 -1  0 -1
 0 -2  1 -1  1 -1
 0  5 -3  2 -2  2
 1 -1  2  0  1 -1
 0 -1  1  0  1 -1
 0 -1  1  0  0 -1
6	% 
  0  0 -2 -1 0  1
  1 -1 -2 -2 0  2
 -1  1  5  4 1 -4
  1  1 -1  0 0  1
  0 -1 -1 -1 0  1
  0  0 -1  0 0  0
6	% 
 -2  0 -1 -1 -1 -1
 -4 -2 -1 -2 -1 -2
  9  3  3  4  3  4
 -1  0 -1  0  0 -1
 -2 -1 -1 -1  0 -1
 -1  0 -1 -1 -1  0
6	% 
  0 0  1 -1 -1 -1
 -2 0  0 -1 -2 -1
  3 0 -1  3  4  3
  0 1  0 -1 -1  0
 -1 0  0  0 -1 -1
  0 0  0 -1 -1  0
6	% 
 0 0  1  0  1 -2
 0 0  2  1  2 -3
 0 0 -4 -2 -5  7
 0 1  0  1  0 -2
 0 0  1  1  1 -2
 1 0  1  0  1 -1
6	% 
 0 -2  1 -2  1  0
 0 -2  1 -1  1 -1
 0  6 -3  4 -3  1
 0 -1  0 -1  1  0
 0 -1  0  0  2 -1
 1 -1  1 -1  1  0
6	% 
 0 0 -1  2  1 -2
 0 0 -1  1  1 -1
 0 1  2 -3 -3  3
 0 0 -2  0 -1  1
 0 0  0  1  1 -1
 1 0  0  1  1 -1
6	% 
 0 -2 -1  0 -1  0
 0 -2 -2 -1 -2  1
 0  5  4  1  4 -1
 0 -1 -1  0  0  0
 0 -1 -1  0 -1  1
 1 -1  0  0  0  0
6	% 
 0 0 -1  0  1 -2
 0 0 -1 -1  1 -1
 0 0  3  0 -3  5
 0 1  0  1  1 -2
 0 0  0  0  1 -1
 1 0  0  0  1 -1
1,1,1,1;1;1 1 6
4 
#3 
6	% 
 0  0  0  1  0 -1
 1  0  0  0  0  0
 0  0  0  1  0  0
 0  0  1 -1  0  1
 0  1 -1  1 -1 -1
 0 -1  1  0  0  0
6	% 
  0  1  1 1 0 -1
  1  1  0 0 0  0
  1  1  1 1 1 -1
 -1 -1 -1 0 0  0
  1  1  1 1 0  0
  0  0  0 0 0 -1
6	% 
 0  0  1  1  1  1
 0  0  3  0  2  1
 0  0  3  1  2  1
 1  0 -3 -1 -2 -1
 0 -1  4  1  3  1
 1  1  0  0  0  0
1,1,1;1,1;1 1 6
3 
#2 
6	% 
  0 0 -1 0 -1 0
  0 0 -1 1 -1 0
  0 0  2 0  2 1
 -1 0 -1 0 -1 0
 -1 1 -1 0 -1 0
  0 0  0 0 -1 0
6	% 
 0 0 -1 0 -1 0
 0 0 -1 1 -1 0
 0 0  2 0  2 1
 0 1 -1 0 -1 0
 0 1  0 0 -1 0
 1 0  0 0  0 0
1,1,1;1,1;1 1 5
1 
#1 
6	% 
 0 0  1  0 -1 0
 1 0  0  0  1 0
 0 1 -3  0  2 0
 0 0  0  0 -1 0
 0 0  0  1  0 0
 0 0 -1 -1 -1 1
1,1;1,1;1;1 1 38
6 
#2 
6	% 
 0 0 -2  1 -1  2
 0 0  1  2  2  1
 0 0  0 -1 -1 -1
 1 0  1 -1  0 -1
 1 0  0  1  1  1
 1 1  0  0  0  0
6	% 
  0 0  1  2  1 -1
  0 0  1  1  1  0
  0 1 -1 -2 -1  1
 -1 0 -1 -1 -1  0
 -1 0  0  1  0  0
 -1 0  0  0 -1  0
1,1,1;1;1;1 1 18
1 
#1 
6	% 
  0 0  0  1  0 0
  0 0  0  1  0 1
  0 0  1 -2  1 0
 -1 0 -1  1 -1 0
  0 1 -1  1 -1 0
  0 0 -1  1  0 0
1,1,1;1;1;1 1 16
14 
#7 
6	% 
 0 0  1 0 -1  1
 0 0  3 0 -2  3
 0 0 -2 1  3 -4
 1 0  2 0 -1  2
 0 1  1 0 -2  2
 1 1  0 0  0  0
6	% 
 0 0  3  1  2 -1
 0 0  4  1  2 -2
 0 0 -4 -2 -2  1
 1 0  3  1  2 -1
 0 1  2  1  1 -1
 1 1  0  0  0  0
6	% 
  0  0 -1 -1 -1  1
 -2 -1 -5 -4 -4  4
  1  2  4  4  3 -4
 -1 -1 -3 -2 -2  2
 -1 -1 -3 -2 -2  3
  0  0  0  1  0  0
6	% 
  1 -1 0 -1  0  1
  2 -3 1 -2  0  2
 -2  3 0  2 -1 -2
  1 -2 0 -1  0  2
  1 -2 0 -1  0  1
  0  0 0  1  0  0
6	% 
 -1 0  2  2  2 -3
 -3 0  4  4  4 -6
  3 0 -4 -5 -4  7
 -2 0  3  3  2 -4
 -2 1  2  3  2 -4
  0 1  0  0 -1  0
6	% 
 0  0 0  0 0 -1
 0 -1 1 -1 1 -2
 0  1 0  2 0  1
 0 -1 1 -1 0 -1
 1 -1 1 -1 1 -1
 1  0 1  0 0  0
6	% 
 1 0  0  0  1  0
 0 1  0  1  1 -1
 0 1 -1 -1 -2  1
 0 0  0  1  1  0
 0 0  0  1  1 -1
 0 0  0  1  0  0
1,1;1,1;1;1 1 26
6 
#4 
6	% 
  0 0  0  0  0  1
  0 0  2  3  3 -4
  0 0  2  2  3 -1
  0 1 -2 -2 -3  2
 -1 0  1  2  2 -2
  1 1  0  0  0  0
6	% 
 1  1  0  0  0  0
 0 -1  2  2  3 -2
 0  1  1  2  2 -2
 0  0 -1 -1 -2  2
 0  0  1  1  2 -1
 0  0  0  1  0  0
6	% 
  0 -1  1  0  0  0
  1  1 -3 -3 -3  3
  1 -1 -2 -3 -2  3
 -1  0  2  2  2 -3
  1  0 -2 -3 -2  3
  0  0  0  0  0 -1
6	% 
  0  0  0 -1  0  2
  1  0 -3 -3 -3  3
  1  0 -3 -4 -3  4
 -1 -1  3  3  3 -3
  1  0 -3 -3 -2  3
  0 -1  1  0  0  0
1,1;1,1;1,1 1 9
6 
#2 
6	% 
 1 -1  1  0  1 0
 0  0 -1 -1 -1 0
 0  0 -1  0 -1 1
 0  0 -1  1  0 1
 0  1 -1  1  0 1
 0 -1  1  0  1 0
6	% 
 1  0  0  0  1 0
 0 -1 -1 -1 -1 0
 0  1 -2  0 -2 1
 0  1 -1  0 -1 0
 0  1  0  0 -1 0
 0  0  0  0  1 0
1,1;1,1;1,1 1 4
3 
#2 
6	% 
 -1 1 -1  0 -1  0
  0 0  0 -1  0  2
  0 0  1  2  2 -2
  1 0  0 -1 -1  1
 -1 0 -1 -1 -2  1
  0 0  1  1  2 -1
6	% 
  0  0  0  0  0  1
  0  1  0  0 -1  0
 -1 -1 -1 -1 -1  1
  1  0  1  1  1 -2
  1  0  1  0  1  1
 -1  1 -2 -1 -2  1
1,1;1,1;1;1 1 35
2 
#1 
6	% 
 0  0  0  0 -1 1
 0 -1  0  0  0 0
 0  0 -1 -1  0 0
 1  0  0  0  0 0
 0  0  1  0  0 0
 0  0  0  0  1 0
1,1,1;1;1;1 1 13
1 
#1 
6	% 
  0 0  0  1  0  0
  0 0 -1  0 -1 -1
 -1 0 -1  1 -1  0
  0 1  0  0 -1  0
  0 0  0  1 -1  0
  0 0  1 -1  0  0
1,1,1;1;1;1 1 8
3 
#2 
6	% 
 0 0  0 -1  0  0
 0 0  0 -1 -1  2
 1 0  0  0  1 -1
 1 1  0  0  0  0
 0 0 -1  0  0 -1
 1 0  1  0  0  1
6	% 
 0 0  3  1  2 -1
 0 0 -4 -2 -2  1
 1 0  3  1  2 -1
 1 1  0  0  0  0
 0 0  4  1  2 -2
 1 0 -2 -1 -1  1
1,1;1,1;1;1 1 20
1 
#1 
6	% 
 0  0  0  0  0  1
 0  0  2  4  5 -5
 0  0 -1 -2 -3  2
 1  0  1  1  2 -1
 0  0  2  3  5 -2
 0 -1  1  1  2 -1
2-1;1,1;1;1 1 28
2 
#1 
6	% 
 1 0  1  0  0  0
 0 0  2  0  2 -1
 0 0 -2 -1 -2  0
 0 1 -1  0  0  0
 0 0 -1  0  0  0
 0 0  0  0  1  0
2-1;1,1;1;1 1 17
1 
#1 
6	% 
 0 0  0 1  0  0
 0 0  0 0  1 -1
 0 1 -1 0  0  0
 0 0  1 1  0  0
 1 0  0 0  1  0
 0 0  1 0 -1  0
2-1;1,1;1;1 1 30
2 
#1 
6	% 
 1 0 0  0 0  1
 0 1 0  0 0 -1
 0 0 1  1 0  0
 0 0 0  0 0  1
 0 0 0 -1 1 -2
 0 0 0 -1 0  0
2-1;1,1;1;1 1 29
1 
#1 
6	% 
 -1 1 -1  0 -1  0
  1 0  0 -1 -1  1
  1 0  1  1  2 -1
  0 0  0  0 -1  1
  0 0  0  1  1 -1
  0 0  0  0  0  1
1,1;1,1;1,1 1 6
2 
#1 
6	% 
  0  0  0 -1  0  4
  1  0  0  1  2 -2
  0  0  0  1  0 -3
 -1  0 -1 -1 -2  1
  0  1  1  1  0 -1
  0 -1 -1  0  1 -1
1,1;1,1;1,1 1 10
8 
#2 
6	% 
 0 0  0  0  1  0
 0 0 -2 -1 -2  0
 0 1  0  1 -1  1
 0 0 -1  0  0  0
 1 0  0  1  1  1
 0 0  2  0  2 -1
6	% 
 -1 -1 -1  0  0  1
  0  0  1  0 -1 -1
  1  0  1  1  1 -1
 -1 -1  0 -1 -1  0
  0 -1  0  0  0  0
  0  0 -1  1  1  0
1,1;1,1;1;1 1 13
2 
#1 
6	% 
  0  0  0  1  0  0
 -1  0 -1  0 -1  0
  1  1  2  2  1 -2
  0 -1  0  0  0  0
 -1 -1 -1 -2 -2  2
  0  0  0 -1  0  1
1,1,1;1;1;1 1 15
8 
#2 
6	% 
 0  0 -2 -1 -1  2
 0  0  1  0  1 -1
 0 -1  1  0  1 -1
 0  0  1  1  2 -2
 1  0  0  0  0  1
 0  0 -1 -1 -1  2
6	% 
  0 0  0  1  1  0
  0 0  0 -1  0  0
  0 1  0  0 -1  0
  0 0  1  0  0 -1
 -1 0 -1  0  0  0
  0 0  0  0  0  1
1,1;1,1;1;1 1 28
20 
#5 
6	% 
  1  1 -2  0 -2 1
  0 -1  0  0  0 0
 -1 -1 -2 -1 -2 0
  1  0  1  0  0 0
  0  0  1  0  0 0
  0  0  0  0  1 0
6	% 
 0  0 -1  0 0  1
 0 -1  0  0 0  1
 0  0  0  1 1  0
 1  0  1  1 1 -1
 0  0  0  0 0 -1
 0  0  0 -1 0  0
6	% 
  1 0  1 -1  0 -1
  0 1  0  0 -1 -1
 -1 0  0 -1 -1 -1
  1 0  0  0  0  0
  0 0 -1  0  0  1
  0 0  0  1  1  0
6	% 
 -2 -1  1  0 0 -2
 -1 -1  0  0 1 -1
 -1 -2 -1 -2 0  0
  0  0  1  1 0 -1
  1  1  0  1 0  0
  1  1  0  0 0  1
6	% 
 -2 -1 0 -1 -1 -1
 -1 -1 1  0  0 -1
 -1 -2 0 -1  1 -1
  0  0 0  0  1  0
  1  1 0  0  0  1
  1  1 0  1  0  0
1,1,1;1;1;1 1 9
2 
#1 
6	% 
  0  0  0  1 0  0
  0  0 -1  0 0  1
  0 -1  1  1 1  0
 -1  0  0  1 0  0
  0  0 -1 -1 0  0
  0  0  1  1 1 -1
1,1;1,1;1;1 1 29
4 
#1 
6	% 
  0  0 -1 -2 -3  2
 -2 -1  0  0  1 -2
 -1 -2  1  0  2 -2
  1  1  0  0  0  1
  1  1  1  2  2 -1
  0  0 -1 -1 -2  1
1,1;1,1;1,1 1 11
2 
#1 
6	% 
 -1 -1  0 -1  0 -1
  0  1 -2 -1  0  2
  0  1  1  0 -1  1
  0  0  2  1 -1 -1
  1  1  0  2  0  1
 -1 -1 -2 -2  1 -1
1,1;1,1;1;1 1 25
4 
#1 
6	% 
  0 0 -2 -1 -1  2
  0 0  2  2  2 -3
  0 1  1  0 -2  0
  0 0  1  1  2 -2
 -1 0 -2  0  1  0
  0 0 -2 -1 -2  2
1,1;1,1;1;1 1 10
2 
#1 
6	% 
 0  0  0 -1  0  2
 0  0 -1  0  0  0
 0  0  0  1  0 -1
 0 -1  0  0  1  0
 1  0  1  0  0  0
 0  0  0  0 -1  0
1,1;1,1;1;1 1 24
6 
#2 
6	% 
  1 1  0  0  0  0
  0 0 -4 -4 -4  3
  0 0  4  5  4 -4
  0 0  3  4  4 -3
 -1 0  3  4  3 -3
  1 0  1  0  0  0
6	% 
  1  0  1  0  0  0
  0  0 -5 -1 -5  2
  0  0  5  2  5 -1
  0 -1  4  1  4 -1
 -1  0  3  1  3 -1
  1  1  0  0  0  0
1,1,1;1;1;1 1 17
6 
#2 
6	% 
 -1 1 -1  0 -1  0
  1 0  1 -1  0 -1
  0 0  0  0  0  1
 -1 0 -1  0 -1  1
  0 0  1  0  0 -1
  0 0  0  1  0  0
6	% 
 -1  0  0  0 -1  0
  4  0  2  1  2  0
 -1  1 -1  0 -1  0
 -3  0 -2 -1 -2  0
  1  0  1  1  1 -1
 -1 -1  0  0  0  0
1,1;1,1;1,1 1 12
6 
#2 
6	% 
  0 -1  0 -1  1  1
  0  1  0  1 -1  0
  1  0  1  1  0 -1
  0  0  0  0 -1  0
 -1 -1  0  0  0  0
  0  1 -1  0 -1  1
6	% 
  0 -1 1  0  0 0
  0  0 0 -1 -1 1
  1  0 0  0  1 0
  0  0 0 -1 -1 0
 -1 -1 0  0  0 0
  0  0 0 -1  0 0
1,1;1,1;1;1 1 37
18 
#5 
6	% 
  1  0 -1 -2 -1  2
  1  0 -1 -2 -2  2
 -1  0  1  1  1 -2
  1 -1 -1 -2 -1  2
  0  0  0  0  0  1
  0 -1  1  0  0  0
6	% 
  0  1 0 0 -1  0
  0  1 0 1  0 -1
 -1 -1 0 0  0  0
  1  1 0 1  0  0
  1  0 1 0  0  0
  1  0 1 1  1  0
6	% 
 1  1  0 0 0  0
 0  1  0 1 0 -1
 0 -1  1 0 0  0
 0  1 -1 1 0  0
 1  0  0 0 1  0
 0  0  0 1 1  0
6	% 
  0  0  0 -1 -1  0
 -1  0 -1  0  0  0
  0  0  0  1  1 -1
  0 -1  0 -1  1  1
  0  0  0 -1  0  0
 -1 -1  0 -1  0  1
6	% 
  1 0  1  0  1  0
  1 1  1  1  1 -1
 -1 0 -1  0 -1  1
  1 0  1  1  2 -1
  0 0  0 -1  0  0
  0 1 -1  0  0  0
1,1;1,1;1;1 1 12
3 
#2 
6	% 
  1 1  0 0 0  0
  0 0  0 0 0  1
  1 0  1 1 1 -1
  0 0  0 0 1  0
  1 0  0 0 1  0
 -1 0 -1 0 0  0
6	% 
  1  0 1 0 0  0
  0  0 0 0 0  1
  1  0 1 1 1 -1
  0 -1 1 0 1  0
  1 -1 1 0 1  0
 -1 -1 0 0 0  0
1,1;1,1;1;1 1 31
2 
#1 
6	% 
 0 1  0  1  0 0
 1 0  0 -1  0 0
 0 0 -1  0  0 1
 0 0 -1 -1 -1 1
 0 0  0  1  0 0
 0 0 -1  0  0 0
1,1,1;1;1;1 1 12
1 
#1 
6	% 
 -1  1  0 0 -2  0
 -1  2 -1 0 -2  0
  1 -1  1 0  2 -1
 -1  1  0 1 -1 -1
  0  0  0 1  0  0
  0  0  0 0  0 -1
1,1;1,1;1;1 1 27
6 
#2 
6	% 
 1 -1  1  0 1  0
 0  0  1  0 0 -1
 0  0 -1  2 1  1
 0 -1  0  1 1  1
 0 -1  2 -1 0 -2
 0  0 -1  1 1  2
6	% 
 1  0  0  0  1  0
 0  0  0 -1  0  0
 0  1 -1  1 -1  2
 0  1 -1  1  0  1
 0 -1  0 -2  1 -1
 0  1  0  2  0  1
1,1;1,1;1;1 1 30
2 
#1 
6	% 
  0 -1  0 0 1  0
  0  1  0 1 0 -1
 -1  0 -1 0 0  0
  1  0  0 0 0  0
  0  0  0 0 0  1
  0  0  0 1 0  0
1,1;1;1;1;1 1 30
2 
#1 
6	% 
  0 0 -2 -1 -2  2
 -1 0  1  1  1 -2
  0 0  2  2  2 -3
  0 1  0  0 -1  0
  0 0 -1 -1 -2  2
  0 0  2  1  1 -2
1,1;1;1;1;1 1 31
2 
#1 
6	% 
  0 1 -1  0  0  0
 -1 0 -1  0 -1  0
  0 0 -1  0  1 -1
  0 0  1  1 -1  0
  0 0 -2 -1  1  0
  0 0  1  0 -2  1
1,1;1;1;1;1 1 37
1 
#1 
6	% 
  0 0  1  2  3 -2
  0 1 -1 -1 -2  1
 -1 0 -1 -1 -2  1
  0 0  2  3  5 -3
  0 0 -2 -3 -5  4
  0 0  0 -1  0  0
1,1;1;1;1;1 1 21
1 
#1 
6	% 
 0  0  0 1 0 0
 0  0 -1 0 0 1
 0 -1  1 0 0 0
 0  0  0 1 1 0
 1  0  0 0 1 0
 0  0 -1 0 1 0
1,1;1;1;1;1 1 32
4 
#1 
6	% 
  0 -1  1  0 1  0
  1  0  1  1 1 -1
  0  0  0  0 1 -1
 -1 -1  0  0 0  1
  1  1  0  1 0  0
  0  0 -1 -1 0  0
1,1;1;1;1;1 1 29
2 
#1 
6	% 
  0 1  0 0 -1  0
  0 0  0 1  1  0
 -1 0 -1 0  0  0
  0 0 -1 0  0  0
  0 0  0 0  0 -1
  0 0  0 1  0  0
1,1;1;1;1;1 1 33
2 
#1 
6	% 
 -4 -3 -6 -6 -6  5
  2  3  3  4  4 -4
 -1 -1 -2 -2 -1  1
  0  0  0 -1  0  0
  0  0  0  0  0  1
 -1 -1 -1 -2 -2  1
1,1;1;1;1;1 1 52
6 
#2 
6	% 
 0  0  0  1  0 -1
 0 -2  1 -5  1  5
 0  0  0  0  0  1
 1 -1  1 -3  1  3
 0 -1  1 -3  0  3
 0  1 -1  2 -1 -2
6	% 
 0 0  0  1  0  1
 0 0 -1 -5  1 -5
 0 0  0  0  0 -1
 1 0  0 -3  1 -3
 0 1 -1 -3  0 -3
 0 0  0  2 -1  3
1,1;1;1;1;1 1 43
1 
#1 
6	% 
  0 0  0  1  0 0
 -1 0 -1 -1 -1 0
 -1 0 -1  0 -1 1
  1 1  0  0  0 0
  1 0  1  0  0 0
 -2 0 -1  0 -1 0
1,1;1;1;1;1 1 50
3 
#2 
6	% 
  0  0  0 -1  0  0
  0 -1  1  0  0  0
 -1  0  2  3  2 -2
 -1  0  2  2  1 -2
 -1 -1  2  2  2 -2
  1  0 -2 -3 -2  3
6	% 
  0  0  0  0  0 -1
 -1 -1  0  0  0  0
  0  0  1  2  2 -1
 -1  0  0  1  1 -1
  0 -1  1  1  2 -1
  0  0 -1 -1 -2  1
1,1;1;1;1;1 1 51
2 
#1 
6	% 
 0 0 -4 -2 -4  5
 0 0  4  3  4 -6
 1 0 -1 -1 -1  2
 0 1 -2 -1 -2  2
 0 0 -1 -1 -2  2
 0 0  3  2  3 -4
1,1;1;1;1;1 1 39
3 
#2 
6	% 
 -1 1 -1 0 -1 0
  0 0  0 1  0 0
  1 0  0 0  1 0
  1 0  0 0  0 1
 -1 0  0 0  0 0
  1 0  1 0  0 0
6	% 
 -1  0 0 0 -1 0
  0  0 0 1  0 0
  1 -1 1 0  1 0
  1  0 0 0  0 1
 -1  0 0 0  0 0
  1  1 0 0  0 0
1;1;1;1;1;1 1 34
1 
#1 
6	% 
  0 0  0 0 0 1
 -1 0  0 1 0 0
 -1 0  0 0 0 0
  1 0  0 0 1 0
  0 1 -1 0 0 0
  1 0  1 0 0 0
1;1;1;1;1;1 1 21
1 
#1 
6	% 
  0 1 -1 -1 -1 0
 -1 0  0  0 -1 0
  0 0  0  0  0 1
  0 0  1  1  0 0
  0 0  0 -1  0 0
  0 0  0 -1 -1 0
