#68

2-1;2-1;1;1 1 17
1 
#1 
6	% 
 1 0 0 0 0 0
 0 1 0 0 0 0
 0 0 1 0 0 0
 0 0 0 1 0 0
 0 0 0 0 1 0
 0 0 0 0 0 1
1,1,1,1,1,1 1 1
1 
#1 
6	% 
 1 0 0 0 0 0
 0 1 0 0 0 0
 0 0 1 0 0 0
 0 0 0 1 0 0
 0 0 0 0 1 0
 0 0 0 0 0 1
2-1;1,1,1,1 1 2
2 
#1 
6	% 
 0  0 0  0  0 -1
 0  0 0  0 -1  0
 0 -1 1 -1 -1 -1
 0 -1 0 -1 -1 -1
 1  1 0  0  0  0
 0  0 0  1  1  1
1,1,1,1,1;1 1 2
10 
#3 
6	% 
  0  0  0  0 -1  0
  1  0  0  0  0  1
  0  0 -1 -1 -1  0
  1  1 -1  1  0  1
 -1 -1  1  0  1 -1
  0  0 -1  0 -1  1
6	% 
  1  0  0  0  0  0
  0  0  1  0  0  0
  1  0  1 -1  0  0
  0 -1  0 -1 -1 -1
 -1  1 -1  1  0  1
  1 -1  1 -1 -1  0
6	% 
 0  0  1 -1  0  0
 0  1  1  0  1  1
 0  1  0 -1  1  0
 0  1  1  0  0  1
 1 -1 -1  1 -1 -1
 1  2  1 -1  1  1
1,1,1,1;1,1 1 2
7 
#3 
6	% 
  0 -1 1 -1 -1 -1
  0  0 0  0 -1  0
  0 -1 0 -2 -1 -1
  1  0 0  0  0  0
 -1  0 0  1  1  1
 -1 -1 0 -1 -1 -1
6	% 
  1  0  0 0 -1  0
  0  0  0 0 -1  1
  2  1 -1 1  1  1
 -1 -1  0 0  0  0
 -1  0  1 0  0 -1
  2  1  0 1 -1  0
6	% 
  1  1  1 1 -1 -1
  0  1  0 0  0  0
  1  1  2 0 -1 -1
  0  0  0 0  2  3
 -1 -1 -1 0  0  0
  1  1  1 0 -1 -1
2-1',2-1';1,1 1 2
2 
#1 
6	% 
 -2  0 -1 -1  1 1
 -2 -1 -1  1  0 0
  0  0  0  0  2 1
 -2  0 -1  0  2 1
  3  1  1 -1  0 0
 -2  0 -1  0 -1 0
2-1;1,1,1;1 1 5
4 
#1 
6	% 
 0 -1  1 -1 -1 -2
 0 -1  1 -1  0 -1
 0  0  0  1  0  0
 1  1  0  0  0  0
 0 -1  0  0  0  0
 0  0 -1  0  1  1
2-1;1,1,1;1 1 6
8 
#2 
6	% 
  0  1 -1 1 1  1
  1  0  1 0 0  0
  0 -1  2 0 0 -1
 -1  0  0 0 0  0
  1  1 -1 0 0  0
  0  1 -2 0 1  0
6	% 
 0  2 0  0 -1 -2
 0 -2 0 -1  0  0
 1 -1 0  0  1  2
 0  0 1  1 -1 -1
 0  1 0 -1  1  1
 1  2 0  0 -1 -2
1,1,1,1;1,1 1 3
28 
#4 
6	% 
  1 0 1  1  1  1
  1 0 0  0  0  0
  0 0 0 -1  0 -1
 -1 0 0  0 -1  0
  1 0 0  0  0  1
  1 1 0  1  1  0
6	% 
 0 -1 0 0 -1 -1
 0 -1 0 0  0 -1
 1  0 0 0  0  0
 0  1 1 0  0  1
 0 -1 0 1 -1 -2
 1  1 0 0  0  0
6	% 
 0  0 -1 1  0  0
 0 -2 -1 0 -1 -1
 1  0  0 0  0  0
 0  1  1 0  1  0
 0 -1 -1 0  0 -1
 1  1  0 0  0  0
6	% 
  0  0 1  0 1 1
  0  2 1  0 0 1
 -1  0 0  0 0 0
  1 -1 0 -1 0 0
  1  1 0 -1 1 1
 -1 -1 0  0 0 0
2-1;1,1;1,1 1 4
2 
#1 
6	% 
  0  0  0 0  2  3
 -1 -1  0 0  0  0
 -1  0 -1 0  0  0
  0  0  1 1 -1 -1
  0  1 -2 0  1  1
  1  1 -1 0  0  0
1,1,1;1,1,1 1 2
4 
#1 
6	% 
  0 -1  0  0  0  0
  1  2  1  1 -1 -1
  0  1 -1  1  1  2
  0  0  0  0 -1 -1
 -1 -1  0 -1  0  0
  1  0  1  0 -1 -1
1,1,1;1,1,1 1 3
14 
#4 
6	% 
 -1  1 0  0  0  0
  0 -1 1 -1  0  0
 -1  0 0  1  0  1
  1 -1 0 -1 -1 -1
  1  1 0  1  1  0
 -1  0 0 -1 -1 -1
6	% 
 -1  0  0  0  1  1
 -2 -2  1  1  0 -2
  1  1 -1 -1  1  2
  1  0  0  1 -1 -1
  1  1 -1 -1  0  1
 -2 -1  1  0  0  0
6	% 
 -1  1  0 -2  1  1
  0 -1  2  0 -2  1
  0  1 -1  0  1 -1
  1 -1  1  1 -1  1
  0  0 -1  0  1 -1
 -1  0  1 -1  0  2
6	% 
  0  0 1  0 0  0
  1  0 0 -1 0  1
 -1  0 0  0 0  0
  0  0 0  0 1  0
 -1 -1 0  0 0  0
  0  0 0  0 0 -1
2-1',2-1';1;1 1 6
2 
#1 
6	% 
  2  0  1  1 -1 -1
 -2 -1 -1  1  0  0
  1  1  0 -1  0  1
 -2  0 -1  0  1  0
  0  0  0  0  0 -1
  0  0  0  0  1  0
2-1;1,1;1,1 1 8
4 
#1 
6	% 
 1  1  0  0  0  0
 0 -1  0  0  0  0
 0  0 -1 -1  1  2
 0  0  0  1  1  0
 0  0  1  1  0 -1
 0 -1  1  0 -1 -2
2-1;1,1;1,1 1 10
4 
#1 
6	% 
  0 -1 0 1 -1 -1
  1 -2 0 0 -2  0
 -1 -3 0 0  0 -2
  0  1 1 0  0  0
 -1  1 0 0  1  0
  1  2 0 0  0  1
1,1,1;1,1,1 1 4
8 
#1 
6	% 
 -1 -1 0 0 -1  0
  0 -1 0 0 -1  0
  1  1 1 0  0 -2
 -1  0 0 0  0  1
  1  0 0 1  1 -1
  0  1 0 0  0  1
1,1,1;1,1;1 1 5
16 
#3 
6	% 
  0  1 -1  1 1  1
  0  0  0  0 0 -1
  0 -1  1 -1 0  0
  1  1  0  1 0  0
 -1  0  0  0 0  0
  1  1  0  0 0  0
6	% 
  1 0 0 0  1  1
  0 0 0 0  2  1
 -1 0 0 0 -2 -1
  1 0 1 0  0  0
  0 0 1 1 -1 -1
  1 1 0 0  0  0
6	% 
 -1 -1  2 0 -1 -1
  0 -1  2 0 -1 -1
  2  2 -3 1  1  1
  0  0  1 0  0  0
  0  0  0 0  2  1
  1  1  0 0  0  0
1,1,1,1;1;1 1 4
6 
#2 
6	% 
 0  0  1  1  1 1
 0  0 -1 -1  0 0
 0  1 -2  0 -1 0
 0 -1  2  0  0 0
 0  1 -1  0  0 0
 1  1 -1  0  0 0
6	% 
  1  0  2  2 1  1
 -1  0  0  0 0  0
 -1  0 -2 -2 0 -1
  1  0  1  1 0  0
  0  0  0 -1 0  0
 -1 -1  0 -1 0  0
1,1,1;1,1;1 1 10
32 
#3 
6	% 
  2 0  0  0 -1  1
  3 0  1  1 -1 -1
 -6 0 -1 -1  2  0
  1 0  0  0  0  1
  2 1  0  1  0  0
  1 1  0  0  0  0
6	% 
 0  0  0 0 -1 -1
 0  1 -2 0  0  0
 0 -2  5 1  1  1
 0  0  0 0  0 -1
 1  1 -1 0  0  0
 1  1  0 0  0  0
6	% 
  0  1 0  2 1  1
  0  1 0  2 0  2
  0 -2 0 -4 0 -3
 -2  0 1  1 0  0
  0  0 0  1 0  1
 -1 -1 0  0 0  0
1,1,1;1,1;1 1 12
48 
#3 
6	% 
 -1 -1  2 0  0 -2
  2 -1  2 0 -1 -1
  0  2 -4 0  1  3
  1  0  1 1  0  0
  0  1 -2 0  0  1
 -1 -1  1 0  0 -1
6	% 
  0  2 0 0 1 1
  0  1 0 0 0 0
  0 -2 1 1 0 0
  1  1 0 0 0 0
 -1 -2 1 0 0 0
  0  1 0 0 0 1
6	% 
  0 -1  0  0  0  0
  0 -2 -1  1 -1  1
  0  4  2 -2  1 -1
  0 -1  0  1  0  1
  0  2  1 -1  0 -1
 -1 -1  0  0  0  0
1,1,1,1;1;1 1 5
28 
#4 
6	% 
 0  0  0  0  1  0
 1  0  0  0  2  2
 0  0 -1 -1  2  2
 0  0  1  0 -3 -2
 1  1 -1  0  3  2
 0 -1  1 -1 -1 -1
6	% 
 -1 0 1  1 -1 -1
  0 0 1  1 -1 -1
  0 0 0  0 -1  0
  1 0 0 -1  1  0
  0 1 0  1 -1  0
  0 0 0  0  0 -1
6	% 
  0  0  1 0  0  0
 -1 -1  1 0 -1 -1
  0 -1  0 0 -1  0
  0  2 -1 1  0  0
  0 -1  1 1 -1 -1
  0  1  0 0  0  1
6	% 
  0 -1 -1 0 -1 -1
  0 -1 -1 0 -2 -1
  0  0 -1 1 -1 -1
 -1  1  1 0  2  1
 -1 -2 -1 0 -2 -1
  0  1  1 1  0  0
1,1,1;1,1;1 1 9
16 
#2 
6	% 
  2  2  1 -1  0 0
  1  1  0  0  0 0
 -2 -3 -1  1  0 0
  1  1  1  0  1 1
  0  0  0  0 -1 0
  0  0  0  0 -1 1
6	% 
  0  0  1  1 0 0
  0  0  1  1 1 0
  0  0 -1 -1 0 1
  0  1  1  0 0 0
 -1  0  0  0 0 0
 -2 -1  0  0 0 0
1,1,1;1,1;1 1 7
20 
#4 
6	% 
 0 -2  0 0 -1 -1
 0 -1  0 0 -1 -1
 1  2  0 0  2  2
 0  0 -1 0  0  0
 0  1 -1 1  0  0
 0 -1  0 0  0 -1
6	% 
  0 0  0  0  1  1
 -1 0 -1  1 -1 -1
  3 1  2 -2  1  1
 -1 0  0  1 -1 -1
  1 0  0  0  0  0
  0 0  0  0  1  0
6	% 
 0 -1  2 0 -3 -1
 0 -1  2 0 -2  0
 0  2 -4 0  5  0
 0 -1  1 0 -1  0
 1  0  0 0  0  0
 0  0  1 1 -2 -1
6	% 
 0 1  0 0  0  0
 0 0 -2 0  1  1
 0 0  3 1 -2 -2
 0 0 -1 0  2  3
 0 0  0 0  1  2
 1 1  0 0  0  0
1,1,1,1;1;1 1 6
3 
#2 
6	% 
  0  0  1 -1  0  0
  1  0  0  0  0  0
  0  1  0  0  0  0
 -1 -1 -1  0  0  0
  1  1  1  0 -1  0
  0  0  0  0  0 -1
6	% 
  0  0  0  0 -1  0
  0  0  0  0  0 -1
  0 -1  1 -1 -1 -1
  0  0 -1  0  1  1
  1  0  1  0 -1 -1
 -1 -1  0  0  0  0
1,1,1;1,1;1 1 11
48 
#5 
6	% 
 0  2 -2  0  1  1
 0  3 -2  0  1  1
 1 -7  6  0 -3 -3
 0  1 -1  0  0  0
 0  1 -1 -1  0  0
 0  1 -1  0  1  0
6	% 
 0 -2  0 0 -1 -1
 0 -3  0 0 -1 -1
 0  7  0 1  3  3
 1 -1  1 0 -1 -1
 0 -1 -1 0  0  0
 0 -1  0 0  0 -1
6	% 
 0  1 0  0  0  0
 0 -1 0  0 -1 -1
 0  1 1  0  2  2
 0  1 0  1  0 -1
 0 -1 0 -1  0  0
 1  1 0  0  0  0
6	% 
 0  1 0  2  2   4
 0  1 0  2  1   3
 0 -3 0 -6 -3 -10
 0  1 0  1  1   2
 0  0 1  1  0   1
 1  1 0  1  1   2
6	% 
 0  1 0  2  0  0
 0  1 0  2  1  1
 0 -3 1 -5 -1 -1
 0  1 0  1  0  0
 0  1 0  1  1  0
 1  1 0  1  0  0
1,1;1,1;1,1 1 6
16 
#3 
6	% 
 1  2 0  0  0 0
 0 -1 1  0  0 0
 0 -1 0  0  0 0
 0  0 0  0  0 1
 0  0 0  0 -1 0
 0 -1 0 -1  0 0
6	% 
 -3 -3 -2 -2  2  2
  0  1  0  1  0  0
  1  1  1  1 -1 -1
  1 -1  1 -1 -1 -2
  1  1 -1  1  2  1
  0  0  1  0 -1 -1
6	% 
  0  0  0  0 0 1
  0 -1  0 -1 1 1
  0  0  0  0 1 1
  1  1 -1  1 0 0
 -1 -2  1 -1 0 0
  0  0 -1  0 1 1
1,1;1,1;1,1 1 3
3 
#2 
6	% 
 0  0 0  0 -5 -8
 0  0 1  1 -1 -1
 1  1 0  0  0  0
 0  0 0  0  3  5
 0  0 0 -1 -1 -2
 0 -1 0 -1 -1 -2
6	% 
  5  5  2  2 -2 -2
  0  0  0  0  2  1
 -1  0  0  0  0  0
 -3 -3 -1 -1  1  1
  2  2  0  1 -2 -1
  1  1  1  0 -2 -1
1,1;1,1;1,1 1 9
6 
#2 
6	% 
 1  0  0  0 0  0
 0  0 -1 -1 1  1
 0  1 -1  1 0  0
 0  1 -1  1 0 -1
 0  1  0  1 0 -1
 0 -1  1  0 0  0
6	% 
  0  0  0  0  2  3
  0 -2  1 -1  0  0
  0  1  1  1 -1 -1
  1  1  1  1 -1 -1
  0  1  0  1 -1 -1
 -1  0 -1  0  1  1
1,1,1;1;1;1 1 12
8 
#2 
6	% 
  0  0  0  0  0 1
  0  0 -1 -1 -1 0
  1  1  0  1  0 0
  0  0 -1  0  0 0
 -1 -1  0  0  0 0
  1  0  0  0  0 0
6	% 
 0 -1  2 0 -1 -1
 0  0  1 1 -1 -1
 1  1 -1 0  1  0
 0  0  1 0 -1 -1
 0  0  0 0 -1  0
 0  0  0 0  0 -1
1,1;1,1;1;1 1 30
8 
#2 
6	% 
 0 0  0 0 -1  0
 0 1 -1 0  1 -1
 0 0  0 0  0  1
 0 1  0 1  1 -1
 1 0  0 0  0  0
 1 1  0 0  0  0
6	% 
 -1 -2  1 -1  0  0
  0  2  0  1 -1 -1
  1  1 -1  1  0  0
  0  1  1  0 -1 -1
  0  0  0  0  0  1
  0  0  0  0 -1  0
1,1;1,1;1;1 1 15
5 
#3 
6	% 
  0 0  0 0  2  3
  0 0  1 1 -1 -1
 -1 0 -1 0  0  0
  1 0  1 0 -1 -1
  1 0  0 0  0  0
  1 1  0 0  0  0
6	% 
 1  1  0 0  0  0
 0  1 -1 1  0  0
 0 -1  1 0  0  0
 0  0 -1 0  0  0
 0  0  0 0  0 -1
 0  0  0 0 -1  0
6	% 
 -2 -1 -1  1  0  0
 -2  0 -1 -1  1  1
  2  1  1  0 -1 -1
  1  1  0 -1  1  1
  0  0  0  0  0  1
  0  0  0  0  1  0
1,1,1;1;1;1 1 16
12 
#3 
6	% 
 0 -1  1 -1  0 0
 0 -2  1 -3  2 1
 0  2 -1  3 -1 0
 1 -1  1 -2  1 0
 0 -1  1 -2  1 0
 1  1  0  0  0 0
6	% 
 0 0  0 0  1  0
 0 1 -1 1  2 -1
 0 0  1 1 -3  0
 1 1 -1 0  2  0
 0 1 -1 0  2  0
 1 1  0 0  0  0
6	% 
 1  1  0  0  0 0
 0  2 -1 -1  1 1
 0 -3  1 -1  0 0
 0  2 -1  0  0 0
 0  2 -1  0  0 1
 0  0  0  0 -1 0
1,1;1,1;1;1 1 38
6 
#2 
6	% 
 0  0 -1 -1  2  0
 0 -1  1 -1  1 -1
 0  1 -1  1 -1  0
 1  1  0  1 -1  0
 1  0  0 -1  1  0
 1  1  0  0  0  0
6	% 
  1 -2 0 -2  1  1
 -1 -3 0 -2  1  1
  1  1 1  1 -1 -1
  0  1 0  1  0  0
  0 -1 0 -1  1  1
  0  0 0  0  0  1
1,1,1;1;1;1 1 4
4 
#1 
6	% 
  0  0  1  1  1 1
  0  0 -1 -1 -1 0
  0  0  1  1  0 0
 -1 -1 -1 -1  0 0
  0 -1  0 -1  0 0
 -1 -1  0 -1  0 0
1,1;1,1;1;1 1 21
12 
#2 
6	% 
 0  0 -1 -1  0 -1
 0 -1  1 -1 -2  2
 0  1  0  2  2 -2
 0  1  0  1  1 -1
 0  0 -1 -1 -1  0
 1  1  0  1  1 -1
6	% 
  1 -1  1 -1 -1 -2
 -1  0  0  0 -1  1
  1  1 -1  1  3  1
  1  1  0  1  1  0
 -1 -1  1 -1 -2 -1
  0  0  0  1  1  0
1,1;1,1;1;1 1 6
6 
#2 
6	% 
  0  0  1 1 -1 -1
  0  0  0 0  0 -1
  0 -1  2 0  0  0
  0  1 -2 0  1  1
 -1 -1  1 0  0  0
  0 -1  1 0  0  0
6	% 
  2  1 -1  1 0  0
  0  0  0  0 0 -1
  1  1 -1  1 1  1
 -1 -1  1 -1 0  0
  0  0  0  1 0  0
  0  0 -1  0 1  1
1,1,1;1;1;1 1 8
16 
#3 
6	% 
 0  1 -1  1  0  0
 0 -1  1 -1 -1  0
 0  0  0  1  0 -1
 1  0  0  0  0  0
 0  1 -1  1  0 -1
 0 -1  0 -1  0  1
6	% 
  0 -1  2 0 -1 -2
  0  1 -1 1  1  0
  0  0  1 0 -1 -1
 -1  0  0 0  0  0
  0  0  1 1 -2 -1
  0  1 -1 0  1  1
6	% 
 -2 -1  1 -1 -1  1
  3  1 -1  1  1  0
 -1  0  1  0 -1  0
  1  1  0  0  0  0
 -3 -1  1 -1  0  1
  2  1  0  1  0 -1
1,1;1,1;1;1 1 35
4 
#1 
6	% 
  0  2 -2  2  1 -4
 -1 -1  1  0  0  0
  0  0 -2 -2 -2  3
  0 -1  1  0  0  0
  0  1 -1  1  1 -2
  0  0 -1 -1 -1  2
2-1;2-1;1,1 1 4
1 
#1 
6	% 
  0  0  0  0 -1 0
  0  1 -2  0  1 1
 -1  0 -2  0  1 1
  0  0 -1  0 -1 0
  0 -1  1 -1  0 0
  0  0 -1  0  2 1
2-1,2-1;1;1 1 6
4 
#1 
6	% 
 -1 -1 0  0 0 0
  1  0 0  0 0 0
  0  0 0 -1 0 0
  1  0 1  0 0 0
  0  0 0  0 1 0
  0  0 0  0 0 1
2-1,2-1;1,1 1 2
4 
#1 
6	% 
  1 1  0  0  0  0
  1 0  0  0  0  0
  0 0  0  0 -2 -3
  0 0  0 -1 -1 -2
 -1 0 -1  1  0  0
  0 0  0 -1  2  3
2-1,2-1;1;1 2 10
4 
#1 
6	% 
 -1 0 0 0 0 0
  2 1 0 0 0 0
  5 1 0 1 0 0
  3 3 1 0 0 0
  0 0 0 0 0 1
  0 0 0 0 1 0
2-1,2-1;1,1 2 3
4 
#1 
6	% 
  0  0  0  0 -1  0
 -6 -3 -2 -2  2  2
 -6 -5 -5  1  2  2
  2  0 -1  2 -2 -1
  3  2  2  0 -1 -1
  2  0 -1  2  1  0
2-1;1,1;1;1 1 9
2 
#1 
6	% 
  0  0  0  0  2  1
  0 -1  0  0  0  0
  0 -1  0  0 -3 -1
 -1  0  0  0  0  0
  0 -1  0 -1 -1  0
  0  0 -1  0 -1  0
2-1;1,1;1;1 1 19
8 
#1 
6	% 
 1  1  0  0  0  0
 0 -1  0  0  0  0
 0  1 -1  1  2 -1
 0 -2  1 -2 -2  3
 0 -1  1 -1 -1  2
 0 -2  2 -1 -3  2
2-1;1,1;1;1 1 23
4 
#2 
6	% 
 0 -1  3 1 -2 -2
 0 -1  1 0  0  0
 1  1 -1 0  0  0
 0  0  1 0  0  0
 0  0  0 0  0  1
 0  0  0 0  1  0
6	% 
  0  0  0 0  3  4
 -1 -1  1 0  0  0
  1  1  0 1 -1 -1
 -1  0 -1 0  1  1
 -1  0  0 0  0  0
 -1 -1  0 0  0  0
2-1;1,1;1;1 1 30
8 
#1 
6	% 
 0 0  1 0  0 -1
 1 1 -1 0  0  1
 0 0  0 0  0  1
 0 0  1 1 -1 -1
 0 1 -2 0  0  1
 0 1 -1 1  0  0
1,1;1,1;1;1 1 10
32 
#3 
6	% 
  0 -2 1 -3  1  1
 -1  0 0  1 -1 -1
  0  1 0  2 -1 -1
 -1  0 0  0 -1  0
  1  0 0  0  0  1
  0  0 0  1  0  0
6	% 
 -3 0 -2 -2  2  2
  1 0  1  0 -1 -1
  1 0  1  1 -1 -1
  0 0  0  0  0 -1
  0 0  0  0  1  0
  1 1  0  1  0  0
6	% 
  0  0  0  0  3  4
  0 -1  0 -1  0  0
  0  0  0  0 -1 -1
 -1  1  1  1 -1 -1
 -1 -2 -1 -1  1  1
  0  0  1  0 -1 -1
1,1,1;1;1;1 1 15
16 
#1 
6	% 
 -4 -1  1  0 -2 -2
  2  0 -1 -1  2  2
  1  0  0  0  0  1
  3  0 -1  0  2  2
 -1  0  0  0 -1  0
 -2 -1  1 -1 -1 -1
1,1;1,1;1;1 1 28
32 
#2 
6	% 
  1  2  0  3  2  2
  1  1 -1  2  2  2
 -1  1  0  3  2  2
  2  1 -1  0  0  1
  0 -1  0 -2 -2 -1
  0 -1  0 -2 -1 -2
6	% 
  0  0  0  1  0 1
  0  0  0 -1  0 0
  0 -1  0 -1 -1 0
 -1  0 -1  0  0 0
 -1 -1  0  0  0 0
  1  0  0  0  0 0
1,1;1,1;1,1 1 10
16 
#1 
6	% 
  1  1  0  0  1  0
 -3 -2  1  0 -1  0
  2  1 -1  1  1  1
 -1 -1  0  0  0  1
  2  0 -1 -1  0  0
  0  1  1  0  0 -1
2-1;1;1;1;1 1 31
2 
#1 
6	% 
 -1  0 0 1  0  0
 -1 -1 1 0  0  0
  1  0 0 0  0  0
  0  0 0 0  0 -1
 -1 -1 0 0  0  0
  0  0 0 0 -1  0
2-1;1;1;1;1 1 19
2 
#1 
6	% 
  0  1 -1 1  0  0
  0 -1  2 0 -1 -1
 -1 -1  1 0  0  0
  0  0  1 0  0 -1
  0  0  0 0  0 -1
  0  0  0 0  1  0
1,1;1,1;1;1 1 25
16 
#1 
6	% 
  0 -1  1  0 -1  0
  0  1 -1  1  0 -1
 -1  1 -1 -1  1  1
  0  0  0  1  0 -1
 -1 -2  1  1 -1 -1
  0 -1  1 -1 -1  0
1,1;1,1;1;1 1 27
12 
#2 
6	% 
 -1 -1  0  0  0  0
  0  0  0  0  0  1
  0  1 -1  1 -1 -1
 -1  0 -1  0  0  0
 -1 -1  1  0  0  1
  0  0 -1 -1  0  0
6	% 
  0  0  0  0 -2 -3
  0  2 -1  1  0  0
 -1 -3  0 -2  1  1
  0 -1  0 -1 -1 -2
  0  3 -1  2 -2 -3
  1 -2  0 -2  1  1
1,1;1,1;1;1 1 37
24 
#2 
6	% 
 -1  0  0  0  0  0
  0 -1  0 -1  0  1
  0 -1  1  0  1  1
  0  0 -1  0 -1  0
 -1  0 -1  0 -1 -1
  0  0 -1 -1  0  0
6	% 
  0 0 -1 0  0  1
 -1 0  0 0  0  0
  0 0  1 0 -1 -1
  0 1  0 1  1  1
  0 0  0 0  0  1
 -1 0  0 1  1  1
1,1,1;1;1;1 1 17
8 
#1 
6	% 
 0 -1 -1  0 -1 -1
 1  3  1  0  2  2
 0 -1  0 -1  0  0
 0 -2 -1  0 -2 -1
 1  1  0  0  1  0
 0  0  0  1 -1 -1
1,1;1,1;1,1 1 12
8 
#1 
6	% 
  0  1  1  0 -1 0
 -1 -2 -1  0  0 1
  0 -1 -1  0  1 1
  0 -2 -1 -1  0 0
  0  0  0  0 -1 0
 -1 -1  0 -1 -1 0
1,1;1;1;1;1 1 8
1 
#1 
6	% 
 0 0  0 0  2  1
 0 0  0 0 -1 -1
 1 1  0 0  1  1
 0 1  0 0  1  1
 0 1  0 1  0  0
 0 1 -1 0  1  1
1,1;1;1;1;1 1 13
8 
#1 
6	% 
  0 -2  2 -2 -2  3
  0  1 -1  1  1 -1
 -1 -1  0  0  0  0
 -1 -1  0 -1  0  1
  0  2 -2  2  3 -2
  0 -1  0 -1  0  1
1,1;1;1;1;1 1 18
8 
#3 
6	% 
 -1  0  0  0  0  0
 -1  0 -1 -1  1  1
  0 -1  1  0  0 -1
  1  0  1  0 -1 -1
  0  0  0  0 -1  0
  0  0  0  0  0 -1
6	% 
  0  1 -1 1  0  0
  0 -1  2 0 -1 -1
 -1  0 -1 0  0  1
  0  0 -1 0  1  1
  0  0  0 0  1  0
  0  0  0 0  0  1
6	% 
 0 0  0  0  2  1
 0 0  0  0 -1 -1
 1 1  0  1  0  0
 0 1 -1  0  1  1
 0 0 -1 -1  1  1
 0 1 -1  1  0  0
1,1;1;1;1;1 1 31
8 
#1 
6	% 
 1  1 -1 0  1  1
 0  1  0 1 -1  0
 0  2 -3 1  2  2
 0 -1  3 1 -3 -3
 0  2 -4 0  3  4
 0 -2  4 0 -4 -3
1,1;1;1;1;1 1 29
16 
#2 
6	% 
  1 0  0  0 1 0
  0 0  0 -1 0 1
 -1 0  0  0 0 1
 -1 0 -1  0 0 1
  0 1 -1  1 0 0
  0 0 -1 -1 1 1
6	% 
  2  0 -1 -1  1  1
  2  1 -1  0  0  1
 -2 -1  1 -1  0  0
  1  0 -1  0  0  0
  0  0  0  0  0 -1
  0  0  0  0 -1  0
1,1;1;1;1;1 1 41
3 
#2 
6	% 
 1 -1  0  0  0  0
 0  0  0  0  0 -1
 0 -1  0 -1  1  0
 0  1 -1  1  0  0
 0 -1  0 -1  0  0
 0  0  1  1 -1 -1
6	% 
  0  0  0  0  4  7
 -1  0  0  0  0  0
  0  0  0 -1  2  3
  0  0  1  1 -1 -1
 -1 -1  0 -1  2  3
  0  1 -1  1  0  0
1,1;1;1;1;1 1 52
12 
#2 
6	% 
 -2 -1 0 0 -2 -2
  8  4 0 0  7  7
  1  0 0 0  1  1
  5  2 1 0  4  4
  5  3 0 1  4  4
 -4 -2 0 0 -4 -3
6	% 
  0  1  0 0  0  0
  0 -1 -2 0  1  1
 -1 -1  0 0  0  0
  0 -1 -1 0  1  1
  0 -1 -1 0  0  1
  0  1  1 1 -1 -1
1;1;1;1;1;1 1 20
2 
#1 
6	% 
  1 1 0 1 0 -1
  0 0 1 0 0  0
  0 0 0 0 1  0
  0 0 0 0 0  1
 -1 0 0 0 0  0
  1 1 0 0 0  0
1;1;1;1;1;1 1 12
1 
#1 
6	% 
 1 1  0 0 -1  0
 1 0  0 0  0  0
 0 0  0 1  0  0
 0 0 -1 0  1  1
 0 0  0 0  1  0
 0 0  0 0  0 -1
1;1;1;1;1;1 1 36
1 
#1 
6	% 
  0  1 0  0  0  0
  0 -1 0 -2  1  1
 -1 -1 0  0  0  0
  0 -1 0 -1  0  0
  0 -1 0 -1  1  0
  0  0 1  1 -1 -1
