#38

3;1;1;1 1 19
1 
#1 
6	% 
 1 0 0 0 0 0
 0 1 0 0 0 0
 0 0 1 0 0 0
 0 0 0 1 0 0
 0 0 0 0 1 0
 0 0 0 0 0 1
1,1,1,1,1,1 1 1
1 
#1 
6	% 
 1 0 0 0 0 0
 0 1 0 0 0 0
 0 0 1 0 0 0
 0 0 0 1 0 0
 0 0 0 0 1 0
 0 0 0 0 0 1
1,1,1,1,1;1 1 2
8 
#2 
6	% 
  0  0  0  1  0 -1
  0  0  1  0  0 -1
  1 -1  1  1  1  0
  0  0  0  0  1 -1
 -1  0 -1 -1 -1  1
  0 -1  1  1  1 -1
6	% 
 -1 -1  0  1  0  0
 -1 -1  0  0  0  0
 -1  0 -1  1  0  0
 -2 -1  0  1  1 -1
  2  1  0 -1 -1  0
 -2 -1 -1  1  1 -1
2-1;1,1,1;1 1 8
6 
#2 
6	% 
 1 0  1  1  0  0
 0 1  0  0 -1 -1
 0 0  0 -1  0  0
 0 0 -1  0  0  0
 0 0  0  0  0 -1
 0 0  0  0 -1  0
6	% 
 -1 -1  0  0  0  0
  0 -1  0  1  0  1
  1  1  0 -1  0  0
  1  1  0  0  0 -1
 -1 -1 -1  0  0  0
 -1 -1  0  0 -1  0
1,1,1,1;1,1 1 2
1 
#1 
6	% 
 0  0 1 1  1  2
 0  0 1 2  2  2
 0  0 0 0 -1 -1
 1  1 0 0  0  0
 0 -1 0 0  0  0
 0 -1 1 1  1  1
2-1;1,1;1,1 1 11
6 
#1 
6	% 
 -1  0 -1  0 -1 0
  0 -1  0  1  0 1
  0  1  0 -1  0 0
  1  0  1  1  1 0
  1  0  1  0  0 0
  0 -1  1  1  0 1
1,1,1,1;1,1 1 3
18 
#3 
6	% 
  0  0  1  2 1 -1
 -1  1  0  1 0 -2
  0  1 -1 -1 0 -1
  0 -1  1  0 0  2
 -1  0  1  0 0  0
  1  0  0  1 0  0
6	% 
  1  1  0  0  0  0
 -2 -1  0  0 -1 -1
 -1 -1 -1  0 -1 -1
  1  1  0  0  1  1
 -1 -1  1  1  0  0
  1  1 -1 -1  0 -1
6	% 
  1 0  1 1  1  1
  2 1  1 0  1  0
  0 0 -1 0  0 -1
 -1 0  0 0 -1  0
  1 0  1 0  0  0
  0 0  0 1  1  0
1,1,1;1,1,1 1 3
6 
#1 
6	% 
  0  0  1  2  1 -1
 -1 -1  0  0  0  0
  1  1  1  1  0  0
 -1  0 -1 -2 -1  0
  1  1  0 -1  0  1
 -1  0  0  1  0 -1
1,1,1;1,1,1 1 4
6 
#1 
6	% 
 0  0 -1  0 -1  0
 0 -1  0  1  1  2
 0  0  1  0  1 -1
 0  0  0  1  0  1
 0  0  1 -1  0 -1
 1  0 -1  0  0  1
2-2;1,1,1,1 1 2
4 
#1 
6	% 
  1  0  0  1  0  0
  2  0  1  2  0  0
  2 -1 -1  2  1  1
 -2  1  0 -3 -1 -1
  2 -1  0  2  1  0
 -2  1  0 -2  0 -1
1,1,1;1,1;1 1 12
24 
#3 
6	% 
 -1  1 -2  0  0 -2
 -2  2 -2 -1 -1 -2
  4 -4  5  1  1  5
 -1  1 -1  0 -1 -1
  2 -2  3  0  1  2
  0  1 -1  0  0 -1
6	% 
 -1  1  0  0 -2 -2
 -2  2 -1 -1 -2 -2
  4 -4  1  1  5  5
 -1  1  0 -1 -1 -1
  2 -2  0  1  3  2
  0  1  0  0 -1 -1
6	% 
 0  0 -1 0  0 1
 0  0  0 1 -1 0
 1 -1  2 0  2 0
 0  0  0 0 -1 0
 1  0  1 1  2 0
 0  0  0 0  0 1
1,1,1,1;1;1 1 5
15 
#2 
6	% 
  0 0  0  0  1 1
 -1 1 -1 -1  1 0
  0 0 -1  0  1 0
  1 0  1  1 -2 0
  0 1 -1 -1  2 0
  0 0  0  1 -1 0
6	% 
 1  1 0  0  0  0
 0  1 0  0 -1 -1
 0  0 0  0 -1  0
 0 -1 1  0  1  1
 0  1 0  0 -1  0
 0  0 0 -1  0  0
2-2;1,1,1;1 1 5
8 
#1 
6	% 
 0  0  0  0 1  0
 0  1  0  0 0 -1
 1  0  0  0 0  1
 1 -1  0  0 0  3
 1 -1 -1  0 0  2
 1 -1  0 -1 0  2
1,1,1;1,1;1 1 10
12 
#1 
6	% 
  0  0 -1 -2 -2  1
  0  0 -1 -3 -3  1
  0  0  3  8  7 -3
  0  0 -1 -1 -1  0
  0 -1  0 -1 -1  1
 -1 -1  0  0  0  0
1,1,1,1;1;1 1 4
1 
#1 
6	% 
  0 0  1  1  1  2
  0 0  1  2  2  2
  0 0 -2 -3 -2 -5
  0 0  1  1  1  3
 -1 0 -1 -1 -1 -2
  0 1 -1 -1 -1 -2
3;1,1,1 1 3
1 
#1 
6	% 
  1 1 -1 -1  1  1
 -1 0  0  0 -1 -1
  0 0  0  0  1  0
  0 0  0  0  0  1
  0 0  0  1  0  0
  0 0  1  0  0  0
2-1;1,1;1;1 1 34
3 
#1 
6	% 
  1 1  0  0  0  0
  0 0  0  0  0  1
  0 0  0  0 -1  0
 -1 0 -1 -1 -1 -1
  0 0 -1  0  0  0
 -1 0 -1  0 -1 -1
2-1;1,1;1;1 1 32
12 
#2 
6	% 
  1 -2  2  2  1  1
 -2  1 -2 -2 -1 -1
  2 -2  3  3  2  1
 -2  2 -2 -3 -1 -1
 -2  2 -3 -3 -1 -2
 -2  2 -3 -2 -1 -1
6	% 
 -1  0 0 -1 0 -1
  0 -1 0  1 0  1
 -1  1 0 -1 0 -2
  1 -1 1  2 0  2
  1 -1 0  2 0  1
  1 -1 0  2 1  2
1,1,1;1,1;1 1 11
6 
#1 
6	% 
  2 0  1  0  0  1
  0 0  0 -1 -1  0
 -3 1 -2  1  1 -2
  1 0  0 -1  1  1
  0 0  0  0 -1  0
  1 0  1  0  0  1
1,1,1;1,1;1 1 7
6 
#1 
6	% 
  0 0  1  2  4 -1
  0 0  1  1  3 -1
  0 0 -2 -3 -6  2
 -1 0  0  0  1 -1
 -1 1 -1 -1 -1 -1
  0 0  1  1  2  0
1,1;1,1;1,1 1 9
3 
#1 
6	% 
 1 -1  1 1  1 1
 0  0  2 1  1 1
 0  0  1 1  1 2
 0  0  0 1  0 1
 0  1 -1 0 -1 0
 0 -1  0 0  0 0
2-2;1,1;1,1 1 4
4 
#1 
6	% 
  1 -1  1  1  1  1
 -1  0  0  0 -1  0
 -1  0 -1 -1  0 -1
  0  0  0 -1  0  0
  0  0 -1  0  0  0
  0  0  0  0  1  0
1,1,1;1;1;1 1 8
6 
#1 
6	% 
  0  0  0 -1  0  0
  0  0  0  2  2 -1
 -1  0 -1 -2 -2  0
 -1 -1  0  0  0  0
  0  0 -1 -2 -2  0
 -1  0  0  1  1 -1
1,1;1,1;1;1 1 35
3 
#1 
6	% 
  0 0 -1 -1  0  1
  0 1  0  0  0  0
  0 0  1  0 -1 -1
 -1 0  0  0  0  0
  0 0 -1 -1  0  0
  0 0  0  0 -1 -1
2-1;1;1;1;1 1 38
3 
#1 
6	% 
  0 1 -1 0  0  0
 -1 0 -1 0 -1  0
  0 0  0 1  0  0
  0 0  0 0  1  0
  0 0  1 0  0  0
  0 0  0 0  0 -1
1,1,1;1;1;1 1 15
6 
#1 
6	% 
  1 -1  2  2 0  1
  0  1 -1 -1 0  0
 -1  1 -1 -1 0 -1
 -1  1 -1 -2 0  0
  1 -1  1  2 1  1
  1  0  1  1 0  0
1,1;1,1;1,1 1 10
6 
#1 
6	% 
 -1 1 -1  0 -1 -1
  0 0  0  0  0 -1
  1 0  2  0  0  2
 -1 1 -1 -1  0 -1
  0 1  1  0  0  1
  0 0 -1  0  0  0
1,1;1,1;1;1 1 28
12 
#1 
6	% 
  1  0  0 -1  2  1
  0 -1  0 -1  1  1
 -1  0 -1 -2  1  0
  1  0  1  0  0  1
  0  0  1  1 -1  0
  0  0  0  1 -1 -1
1,1,1;1;1;1 1 19
4 
#2 
6	% 
 0 -1 0  0  1  1
 1 -1 1  1  1  1
 0  1 0 -1 -1 -1
 0 -1 0  0  1  0
 0 -1 0  0  0  1
 0 -1 1  0  1  1
6	% 
 -1 0 -1  0 -1  0
 -1 1 -1 -1 -1 -1
  1 0  1  0  0  0
 -1 0 -1 -1 -1  0
 -1 0 -1  0 -1 -1
 -1 0  0  0 -1  0
1,1;1,1;1;1 1 27
3 
#1 
6	% 
 1 1 0 0  0  0
 0 0 0 0  0  1
 0 0 1 0 -1 -1
 1 0 1 1  0  0
 1 0 0 0  1  2
 0 0 1 1  0 -1
1,1;1,1;1;1 1 39
12 
#2 
6	% 
 -2 -1 -1  0 -1  0
  1  2  0 -1  0 -1
 -1 -1 -1  0  0  0
  1  1  0 -1  0  0
  1  1  0  0  0 -1
  1  1  0  0  1  0
6	% 
  0 1  0 -1  0 -1
 -1 0 -1  0 -1  0
  0 0  0  0  1  0
  0 0  0  1  0  0
  0 0 -1  0  0  0
  0 0  0  0  0  1
1,1;1;1;1;1 1 54
8 
#2 
6	% 
  0  1  0 0 0 0
  1  0  0 0 0 0
  1 -1  0 0 0 1
  1 -1  0 1 0 0
  1 -1  0 0 1 0
 -1  1 -1 0 0 0
6	% 
 -1  0 0 0 -1 -1
  0 -1 0 0  1  1
  1 -1 0 0  1  2
  1 -1 1 0  2  2
  1 -1 0 1  2  2
 -1  1 0 0 -2 -1
1,1;1;1;1;1 1 31
3 
#1 
6	% 
  0 1  0  0 -1 -1
 -1 0  0 -1  0 -1
  0 0  1  1  0 -1
  0 0 -1 -1  1  0
  0 0  2  1 -1 -1
  0 0 -1 -2  1  1
3;1,1;1 1 11
2 
#1 
6	% 
 -1  0 0 0 -1 -1
  0  1 0 0 -1 -1
 -1  1 0 0 -2 -1
 -1  1 0 0 -1 -2
  1 -1 0 1  2  2
  1 -1 1 0  2  2
2-2;1,1;1;1 1 9
4 
#1 
6	% 
  1 0  0  0  0  1
 -1 1 -1 -1 -1 -1
  1 0  1  1  1  0
  0 0  0  1  0  0
  0 0  1  0  0  0
  0 0  0  0  0 -1
3;1,1;1 1 14
1 
#1 
6	% 
  0 0  0  0  1 -1
  0 0  0 -1  0 -1
  0 0 -1  0  0 -1
 -1 0 -1 -1  0 -2
 -1 1 -1 -1 -1 -1
  0 0  0  0  0 -1
1,1;1;1;1;1 1 56
1 
#1 
6	% 
 1 -1 1  1 1 1
 0 -1 1  1 1 1
 0  0 0  0 1 0
 0  0 0  0 0 1
 0  0 0 -1 0 0
 0  0 1  0 0 0
1;1;1;1;1;1 1 44
1 
#1 
6	% 
  0 1 -1 -1  0 0
 -1 0  0  0  0 0
  0 0  0 -1  0 0
  0 0  0  0 -1 0
  0 0  0  0  0 1
  0 0 -1  0  0 0
