#30

2-1;1;1;1;1 1 34
1 
#1 
6	% 
 1 0 0 0 0 0
 0 1 0 0 0 0
 0 0 1 0 0 0
 0 0 0 1 0 0
 0 0 0 0 1 0
 0 0 0 0 0 1
1,1,1,1,1,1 1 1
1 
#1 
6	% 
 1 0 0 0 0 0
 0 1 0 0 0 0
 0 0 1 0 0 0
 0 0 0 1 0 0
 0 0 0 0 1 0
 0 0 0 0 0 1
1,1,1,1;1,1 1 3
11 
#6 
6	% 
  1  1 -1 -1  0 0
  1  1 -1 -1 -1 1
 -1  0  0  0  0 1
 -1 -1  0  1  1 0
  0  0 -1 -1 -1 1
 -1  0  0 -1 -1 0
6	% 
  0  0 0  1  2  1
  0  1 1  1  0  1
  1  0 0  0  0 -1
 -1 -1 0 -1 -1  0
  0  1 0  0  1  1
  1  0 0  1  1  0
6	% 
  0  0 0  0  1  0
 -1  1 1 -1  0  0
  0  1 1  0 -1 -1
  0 -1 0  0  0  0
 -1  0 1  0  0  0
  1  0 0  0  1  0
6	% 
  0  1  0 -1  0 -1
  0 -1  0  0  1  1
  0 -1  0  0  0  0
  0  0 -1  1  0  2
 -1 -1  0  0  1  0
  0  1  0 -1 -1 -1
6	% 
  0 -1 -1  0  1 -1
  1 -1 -1  1  1  0
  1  1  0  0 -1  0
 -1  0  1  0  1  2
  0 -1  0  2  1  0
  0  0 -1 -1  0 -1
6	% 
 -1 -1  1 -1 -1 -1
 -1  2  0  1  1  3
  0  1 -1  0  1  1
  1 -1  0  0 -1 -2
 -1  1  0  1  0  2
  0 -1  1 -1  0 -2
1,1,1,1,1;1 1 2
4 
#3 
6	% 
  0  1  0 0 1 -2
  0  1  0 1 0 -2
  0  1  0 0 0 -2
  0  2  0 0 0 -3
  0 -2 -1 0 0  4
 -1  1  0 0 0 -3
6	% 
  1  1  1  1  0  1
  1  1  1  1  1  0
  0  1  1  1  1  1
  0  1  1  2  0  0
 -1 -2 -1 -2 -1 -1
  0  1  2  2  1  1
6	% 
  1 -1 -1 0  2 1
  0 -1 -1 0  1 0
  1 -2 -1 1  2 1
  1 -1  0 0  2 1
 -1  2  1 0 -2 0
  1 -2 -1 1  3 1
2-1;1,1,1;1 1 8
2 
#1 
6	% 
  1  1 -1 0  2 0
  0  0  0 0  1 0
 -1 -1  0 0 -1 1
  0 -1  0 1 -1 0
  1  0 -1 0  2 0
  0  0 -1 0  1 0
1,1,1;1,1,1 1 3
6 
#3 
6	% 
  1  1 -1  0  0  0
  0  0  0  1  2 -1
  0  1 -1 -2 -3  0
 -1 -1  0  0  0  1
  0 -1  1 -1 -2 -1
  1  1  0  0  0  0
6	% 
  1  1 -1  0  0  2
 -1  0  0  0  0  1
  1  0 -1  0  0  0
 -2 -1  1  0 -1 -1
  0 -1  0  0  0 -1
  0  1 -1 -1  0  2
6	% 
  1 0 0 1  0 -1
  0 0 0 1  2  1
  1 1 0 0  0  0
 -1 0 0 0  0  1
 -1 0 1 0 -1  0
  1 0 0 1  1  0
2-1;1,1;1,1 1 9
2 
#1 
6	% 
 -1 -1 1 -2  2  2
  0  0 0 -1 -4 -1
  0  1 0  1 -1 -1
  1  1 0  1 -2 -2
  0  0 1 -1  2  1
 -1  0 1 -2  0  1
1,1,1;1,1,1 1 4
2 
#1 
6	% 
  0  0 -1  1  1  2
  0  1 -1  0  0  0
  0 -1  2 -1  0  0
  0  0 -1  1  1  1
 -1  0  3 -1 -2 -4
  1  0 -2  1  1  2
1,1,1;1;1;1 1 17
1 
#1 
6	% 
  0  0  0  0  0  1
  0  0 -1 -1  1  1
  0  0  0  0 -1 -1
 -1  0  1  0 -1  0
  0 -1 -1  0  1  1
  0  0  0  1  0  0
1,1,1;1;1;1 1 9
1 
#1 
6	% 
  0  0  0 2 3  0
  1  0  0 1 1 -1
  0  0 -1 2 3  0
 -1 -1  0 2 3  0
  1  0  0 0 0  0
 -1 -1 -1 0 0  1
1,1,1,1;1;1 1 5
6 
#4 
6	% 
  1  1 -1  1  2 -1
  0  0  0  0  1  0
  1  0 -1  1  2 -1
 -2 -2  1 -1 -3  1
  1  1 -2  1  3  0
  0 -1  0  0 -1  1
6	% 
  0  0  0 0 0 -1
  0 -1  0 0 1 -1
  0  0  1 0 0 -2
  1  2 -1 0 0  2
 -1 -2  1 1 1 -1
  1  1  0 0 0  1
6	% 
  0  0  0  1  0 -1
  0  0  0  0  1 -1
  0 -1 -1  1  1  1
 -1  0  1 -1 -1  0
  0 -1  0  1  1  0
 -1  0  0 -1 -1  0
6	% 
  0  0 0 0  0 -1
  1  0 0 1  0 -1
 -1  0 1 0 -1 -2
  0  0 0 0  1  3
  0  0 0 1  0 -2
  0 -1 0 0  1  2
1,1;1,1;1;1 1 31
1 
#1 
6	% 
 0 0 -1 1 2  3
 1 1  0 2 1  0
 1 0  0 0 1  0
 1 1  1 0 0 -1
 0 0  0 0 1  1
 1 0  0 1 1  0
1,1;1,1;1;1 1 36
12 
#4 
6	% 
  0  0 0  2  1  1
 -1 -1 1 -2  2 -2
  0  0 1  0  1 -1
  0  1 0  1 -1  1
 -1  0 1 -2  0 -1
 -1 -1 0  0  1  0
6	% 
  0  0 0  0 -1  0
 -1 -1 1  0  0  0
 -1  0 1 -1 -1  0
  1  1 0  0 -1 -1
 -1  0 1  0  0  0
 -1 -1 0  0 -1  0
6	% 
 -1 -1  1 -1 1 -1
 -1  0  0  1 1  2
  0  0 -1  1 0  1
  1  0 -1  0 0  0
 -1 -1  0  0 1  1
  0  1  0  0 0  1
6	% 
 1 -1  1  1  1 -1
 0 -1 -1 -2 -2 -2
 0  0 -1 -2 -1 -1
 0  1  0  1  1  2
 0 -1  0 -1 -1 -1
 0  0 -1 -1 -2 -1
1,1,1;1;1;1 1 19
4 
#2 
6	% 
 1  1 -1 -1  2 -1
 0  0  0  0  1  0
 0 -1  0  1 -1  1
 1  0 -1  0  2 -1
 1  1  0 -1  2 -1
 0  0 -1 -1  2  0
6	% 
  1  2 0  0 0 0
  0  1 1  1 1 1
 -1 -1 0 -1 0 0
  1  1 0  0 1 0
  0  1 0  0 0 0
  0  1 0  0 0 1
1,1,1;1,1;1 1 11
8 
#4 
6	% 
  2  2 -2  1 -1  1
  1  1 -1  0  0  1
 -4 -4  4 -1  1 -4
  0  1 -1  0 -1  1
  0  0 -1  0  0  1
  1  1 -1  1  0  1
6	% 
  1  1 -1  0  0  1
  2  2 -2  1 -1  1
 -4 -4  4 -2  2 -3
  1  0 -1  0  0  0
  1  1 -1  0 -1  0
  1  1  0  0  0  0
6	% 
  2  0 0  1  1 -1
  0 -2 0  1  1  0
 -3  3 1 -3 -3  1
  1  0 0  0  1 -2
  0 -1 0  1  0  1
  1  0 0  0  0 -1
6	% 
  2  0  0 -1  3  1
  2  1 -1 -1  2  1
 -5 -2  2  3 -6 -3
  1 -1 -1 -2  4 -1
  1  1  0  0  0  1
  1  0  0  0  2  1
1,1,1;1,1;1 1 10
8 
#4 
6	% 
  0  0 0  1 1  1
  0  0 0  1 1  0
  0  0 0 -1 0 -1
 -1  0 0  0 0  1
  1  0 1  1 1 -1
 -1 -1 1  0 0  0
6	% 
 0 0 0 -1 -1 -2
 0 0 0 -1 -1 -1
 0 0 0  4  5  4
 0 1 0 -1 -1 -1
 0 1 1 -1 -1 -1
 1 1 1  0  0 -1
6	% 
  0  0 0  3  1  1
 -1  0 0  4  1  2
  2  0 0 -9 -2 -4
  0  0 0  2  0  1
 -1  0 1  1  1  0
 -1 -1 1  0  0  0
6	% 
 -2  0  0 -1 -1  1
 -1  1  1  0  0  1
  4 -1 -1  1  1 -3
 -1  0  0  0 -1  2
 -1  0  1  0  0  0
 -1 -1  1  0  0  0
1,1;1,1;1,1 1 11
3 
#2 
6	% 
  3 -1 -1  2  2 -1
 -2  0  1 -2  0  0
 -2  0  1  0 -2  1
  0  0  0  1 -2  0
 -4  1  1 -3 -3  1
  4 -1 -1  1  4 -2
6	% 
  1  1 -1  2  2  2
 -2  0  1  1 -5  0
  1  0  1  0 -1  1
  2  0  0 -1  3  0
 -1 -1  1 -2 -1 -2
 -1  1 -1  2 -1  1
1,1,1;1,1;1 1 12
8 
#4 
6	% 
 1 -1 -1 0 0 -1
 0  2  0 0 0  1
 0 -2  0 1 1  0
 0  1  0 0 0  1
 0 -1  0 1 0 -1
 1  0  0 0 0 -1
6	% 
 -1  1  1 -2 0 -5
 -1  1  1 -2 0 -4
  3 -3 -3  5 1 11
 -1  0  1 -1 0 -2
  2 -1 -2  3 1  6
  0  1  1 -1 0 -3
6	% 
 -3 -3 -3 -2  2 -8
 -3 -3 -3 -2  2 -9
  7  7  7  5 -5 20
 -1 -2 -2 -2  0 -6
  3  4  4  4 -1 12
 -2 -2 -1 -1  1 -4
6	% 
  0  0  0  1 -1  1
  1 -1 -1  2  0  6
 -1  1  1 -4  2 -9
  1  0 -1  1  0  3
 -1  0  2 -2  1 -5
  0  0  0  0 -1  0
2-1;1,1;1;1 1 33
2 
#1 
6	% 
 1 1 -1  0 0  0
 1 0 -1  0 1  0
 0 0  1  0 0  0
 1 1  0  0 0 -1
 1 1 -1 -1 0 -1
 0 1  0 -1 0  0
2-1;1,1;1;1 1 25
2 
#1 
6	% 
  0  0  0  0 -1 0
 -1  0  1 -1 -1 0
 -1 -1  1  0  0 0
 -1 -1  0  0  1 1
  1  0 -1  0  0 0
  1  1  0  0  1 0
2-1;1,1;1;1 1 35
1 
#1 
6	% 
  2  1 -2  2  3  2
  0  0  1 -1  0 -1
 -1 -2  0 -1 -1 -1
  0  0  0  1 -1  0
 -1 -1  1 -1 -2 -1
  1  1 -1  1  2  2
1,1;1,1;1;1 1 28
4 
#2 
6	% 
  0 0 -1 -1  1 -2
  0 1  3 -1  0 -3
  0 0  1 -1  1 -3
 -1 0 -2 -1 -1  1
  0 0  0  0 -1  1
  0 0  0  1  0  2
6	% 
  1 -2 -1 0 1 -2
  1  0 -1 0 0 -1
  2 -1 -2 1 0  0
  0  0  1 0 0 -1
  0  1  1 0 0  0
 -1  0  0 0 0  1
1,1;1,1;1;1 1 29
3 
#2 
6	% 
  0 0 0  0  0 -1
  2 0 1  1  1 -1
  3 1 0  1  1 -1
 -1 0 0 -1 -1  0
 -1 0 0 -1  0  2
  0 0 0  1  0 -1
6	% 
 -3 0 0  1 -4 -1
  1 0 1  1  0  2
  2 1 0  1  0  2
  0 0 0 -1  0 -1
  2 0 0 -1  3  0
 -2 0 0  1 -2  0
1,1;1,1;1,1 1 10
2 
#1 
6	% 
  0 0  1  1 -1  0
  0 1  1  0  0  0
  0 0  0 -1  0 -1
  0 0 -1  1 -1  1
  0 0  0  0 -1  0
 -1 0  0  0  0  1
1,1,1;1;1;1 1 15
2 
#1 
6	% 
 1 0  0 -1  2  2
 0 1  0  1 -2 -2
 0 0  0  1  0  0
 0 1  1  1 -2 -3
 0 0  0  0  1  1
 1 0 -1 -1  2  2
1,1;1;1;1;1 1 32
1 
#1 
6	% 
 0  0 -1 0 0  1
 0  0 -1 0 0  0
 0 -1 -1 0 0  0
 0  0  0 0 1  0
 0  0  0 1 0  1
 1  0  0 0 0 -1
1,1;1;1;1;1 1 55
4 
#2 
6	% 
 -1 -1  1  1 -1 1
 -1 -1  1  1  0 1
  0  1  0 -1  0 0
 -1 -1  0  0  0 1
  1  0 -1  0  1 0
  0  0  1  0  0 0
6	% 
  3  1 -1 1 1 -1
  2  1 -1 1 1  0
 -1 -1  0 0 0  0
  1  0 -1 0 1  0
 -1 -1  0 0 0  1
  1  0 -1 1 0  0
1;1;1;1;1;1 1 40
1 
#1 
6	% 
 0  0  0 0  1  1
 0  0 -1 0  0  1
 1  1  1 0  0 -2
 0  1  1 0 -1 -1
 0  0  0 0  0  1
 0 -1 -1 1  0  1
1,1;1;1;1;1 1 47
4 
#2 
6	% 
  0 0  0 -1  0  0
 -1 0  1  1  0  0
  0 0  1 -2  0 -1
  0 0 -1 -2  0  0
 -1 0  1 -2 -1  0
  1 1 -1  0  0  0
6	% 
 -1  0  0 1 1  2
  0 -1  0 0 0 -1
 -1  0  1 0 0  0
  0  0 -1 0 1  1
 -1 -1  0 1 0  1
  1  1 -1 0 0  0
1,1;1;1;1;1 1 57
1 
#1 
6	% 
  0 -1 -1  0  0  0
 -1 -1  0 -1  0  0
  1 -1 -1  1  1  0
  0  2  2 -1 -1 -1
  0 -1 -1  0  1  1
  0 -1 -1  0  1  0
