#45

1;1;1;1;1;1 1 8
1 
#1 
6	% 
 1 0 0 0 0 0
 0 1 0 0 0 0
 0 0 1 0 0 0
 0 0 0 1 0 0
 0 0 0 0 1 0
 0 0 0 0 0 1
1,1,1,1,1,1 1 1
1 
#1 
6	% 
 1 0 0 0 0 0
 0 1 0 0 0 0
 0 0 1 0 0 0
 0 0 0 1 0 0
 0 0 0 0 1 0
 0 0 0 0 0 1
1,1,1,1,1;1 1 2
5 
#2 
6	% 
  0  0 -1  0 0  0
 -1  0  0  0 0  0
 -1  0 -1  0 0  1
 -1  0 -1  1 0  0
  1 -1  1 -1 0 -1
 -1  0 -1  1 1  1
6	% 
  0 0 0  1  0  0
  1 0 0  0  0  0
  0 0 0  0  1  0
  1 1 1  1  1  1
 -1 0 0 -1 -1 -1
  1 0 1  1  1  0
1,1,1,1,1;1 1 1
1 
#1 
6	% 
 0  0  0  0 -1  0
 0 -1 -1  0 -1 -1
 0 -1  0 -1 -1 -1
 0  0 -1 -1  0 -1
 0  1  1  1  1  1
 1  0  0  0  0  0
1,1,1,1;1,1 1 2
8 
#3 
6	% 
 0  0  0 1  0  0
 0  0  0 0  0  1
 0 -1 -1 0 -1 -1
 1  0  0 0  0  0
 0  1  0 0  0  0
 0  0  0 0 -1  0
6	% 
 0  0  0 -1  0  0
 0 -1 -1 -1 -1 -1
 0 -1  0  0  0  0
 1  0  0  0  0  0
 0  1  1  1  0  0
 0 -1  0 -1  0 -1
6	% 
  0  1  0  0 0  0
  1  0  0  0 0  0
  1  1  1 -1 1  1
  0  0  1  2 0 -1
 -1 -1 -1 -1 0  0
  1  1  0 -2 0  1
1,1,1,1;1,1 1 3
6 
#1 
6	% 
 1  0 1 1  0  1
 1  1 1 0  1  1
 0  0 0 0  1  0
 0  0 0 0 -1 -1
 0  1 1 0  0  0
 0 -1 0 0  0  0
1,1,1,1;1,1 1 1
1 
#1 
6	% 
  0 0 -1 -1  0 -1
 -1 0  0 -1  0 -1
 -1 0 -1  0  0 -1
  1 0  1  1  0  1
  0 0  0  0 -1  0
  0 1  0  0  1  0
1,1,1;1,1,1 1 3
6 
#1 
6	% 
  1  1  1 0 -1 -1
  0 -1  0 1 -1  0
  1  1  1 0  1  0
 -1 -1 -1 0  0  0
 -1  1  0 0  1  1
  1  0  0 0 -1 -1
1,1,1;1,1,1 1 1
1 
#1 
6	% 
  0 -1  0  0 -1  0
 -1  0  0  0 -1  0
  1  1  0  0  1  0
  0  0  0 -1  0 -1
  0  0 -1  0  0 -1
  0  0  1  1  0  1
1,1,1;1,1,1 1 2
3 
#1 
6	% 
  0 -1 -1  0 -1 1
  0 -1  0  0  0 0
 -1  0  0  0  0 0
  0  0  0 -1  0 0
  1  1  1  1  0 0
  1 -1  0  1  0 1
1,1,1,1;1;1 1 2
5 
#2 
6	% 
 0  0 1 0 0 0
 0  0 0 1 0 0
 0  0 0 0 0 1
 1  0 0 0 0 0
 0  0 0 0 1 0
 0 -1 0 0 0 0
6	% 
 0 1  0 0 0 0
 0 0  0 1 0 0
 0 0  0 0 1 0
 1 0  0 0 0 0
 0 0  0 0 0 1
 0 0 -1 0 0 0
1,1,1;1,1;1 1 7
18 
#3 
6	% 
 0 -1  0  0 -1 0
 0  0 -2  1  0 0
 0  0  3 -2  0 1
 0  0 -1  0  0 0
 1  0  0  0  0 0
 0 -1  0  0  0 0
6	% 
  2  1 0  2  1 0
  0  0 0  1  0 0
 -1 -1 0 -4 -1 0
  0  0 0  0  0 1
  0  0 1 -1  0 1
  1  1 0  1  0 0
6	% 
 0  0 1  2  0 1
 0 -1 0  0 -1 0
 0  2 0 -1  2 0
 1  0 0  0 -1 0
 1  0 0  0  0 0
 0  0 1  1  0 0
1,1,1;1,1;1 1 9
6 
#1 
6	% 
 -2  0 -1 0 0 -1
 -1  0  0 1 0  0
  3  0  1 0 0  1
 -1  0 -1 0 0  0
  0  0  1 0 1 -1
  0 -1  0 0 1  0
1,1,1,1;1;1 1 3
1 
#1 
6	% 
  0 0 -1 -1 0 -1
 -1 0  0 -1 0 -1
 -1 0 -1  0 0 -1
  1 0  1  1 0  1
  0 0  0  0 1  0
  0 1  0  0 0  0
1,1,1;1,1;1 1 4
5 
#2 
6	% 
  0  0  1 0  0 1
  0  0  1 0  0 0
  0  0 -1 1  0 0
  0 -1  0 0  0 0
 -1 -1  0 0 -1 0
  0 -1  0 0  1 0
6	% 
  0 -1  0  0 -1  0
 -1  0  0  0 -1  0
  1  1  0  0  1  0
  0  0 -1 -1  0  0
  0  0 -1 -1  0 -1
  0  0 -1  0  0  1
1,1,1,1;1;1 1 5
6 
#1 
6	% 
 -1  0  0 1  0  0
 -1 -1 -1 0 -1 -1
 -1  0 -1 0  0  0
  2  1  1 0  0  1
 -2  0 -1 0 -1 -1
  1  0  0 0  0  1
1,1,1;1,1;1 1 8
6 
#1 
6	% 
 0 -2 0 -1  2  2
 0 -3 0 -2  3  4
 0  7 1  3 -7 -7
 0 -1 0 -1  1  1
 0 -1 0 -1  2  2
 1  0 0  0  0  0
1,1,1;1,1;1 1 1
1 
#1 
6	% 
 0 0  0 1  0  1
 0 0 -1 0  0  0
 0 0  0 0  0 -1
 0 0  0 0 -1  0
 0 1  0 0  1  0
 1 0  0 0  0  0
1,1,1;1,1;1 1 3
3 
#1 
6	% 
 0 0 0  1 0 0
 0 1 0  0 0 0
 0 0 0  0 1 0
 0 0 1  0 0 0
 0 0 1 -1 0 1
 1 0 0  0 0 0
1,1,1;1,1;1 1 5
6 
#1 
6	% 
 0 -2 -1  1 0 -1
 0 -1  0  0 1  0
 0  3  1 -1 0  1
 0 -1  0  0 0 -1
 1  0  0  0 0  0
 0  0  1  0 0 -1
1,1,1;1,1;1 1 2
3 
#1 
6	% 
 -2 0 -1 0 0 -1
 -1 0  0 1 0  0
  3 0  1 0 0  1
  0 1  0 0 0  0
  0 0  0 0 1  0
 -1 0  0 0 0 -1
1,1,1;1,1;1 1 10
12 
#1 
6	% 
 0 -1 0 -2  1  0
 0 -1 0 -3  1  0
 1  3 0  7 -3  0
 0  0 0 -1  1  0
 0 -1 0 -1  0 -1
 0  0 1  0  0 -1
1,1,1,1;1;1 1 4
3 
#1 
6	% 
 0 1  0 0 0  0
 1 0  0 0 0  0
 0 0  0 0 1  0
 0 0  0 1 0  0
 0 0 -1 0 0  0
 0 0  0 0 0 -1
1,1,1;1;1;1 1 5
1 
#1 
6	% 
 0 0  0  1 0  0
 0 0  0  1 0  1
 0 0 -1 -1 0 -1
 1 0  0  0 0  0
 0 0  0  0 1  0
 0 1  0  0 0  0
1,1;1,1;1;1 1 16
6 
#1 
6	% 
 0 0 1 -1  0  1
 1 0 0  0  0  0
 0 1 0  1  0  0
 0 0 0  0  0 -1
 0 0 0 -1 -1  0
 0 0 0 -1  0  1
1,1,1;1;1;1 1 7
6 
#1 
6	% 
 0 -1 -1 -1 -1 -1
 1  0  0  0  0  0
 0 -1  0 -1  0  0
 0  1  0  1  1  1
 0  0  0  1  1  0
 0 -1 -1 -1 -1  0
1,1;1,1;1,1 1 4
6 
#1 
6	% 
  0  0  1 -1  0 1
 -1 -1  0  0  1 0
  1  0  0 -2 -1 0
  0  0 -1  1  0 0
  0  0  1  0  0 0
 -1 -1  0 -2  0 0
1,1;1,1;1;1 1 10
12 
#1 
6	% 
 1  0  0  2 0  0
 0  0  0  0 0 -1
 0  0  0 -1 0  0
 0  0  1 -1 1  1
 0 -1 -1  1 0 -1
 0  0  1 -1 0  0
1,1;1,1;1,1 1 6
6 
#1 
6	% 
 1  0 0  2  0 0
 0  0 1 -1  0 0
 0  0 0 -1  0 0
 0  0 0  0 -1 0
 0 -1 0  0  0 0
 0  0 0 -1  0 1
1,1,1;1;1;1 1 10
3 
#1 
6	% 
 -1 0 -1 -1  0 -1
  0 0  0  1  0  0
  1 0  0  0  0  1
  0 0  0  0 -1  0
  0 1  0  0  0  0
 -1 0 -1  0  0  0
1,1;1,1;1;1 1 8
6 
#1 
6	% 
 -1 -1 0 0 -1  0
  0  0 1 1  0  1
  0  0 0 0  0 -1
  1  1 0 0  0  0
 -1  0 0 0 -1  0
  0  0 1 0  0  0
1,1,1;1;1;1 1 8
6 
#1 
6	% 
  1 0 0 -1  0  0
 -1 0 0  0 -1  0
  0 0 1 -1  0  0
  0 0 1  0  0 -1
  1 1 0  0  0  0
  0 0 1  0  0  0
1,1;1,1;1;1 1 19
3 
#1 
6	% 
 1 0  0  1 0 0
 0 0 -1  0 0 1
 0 0  1 -1 0 0
 0 0  0  0 1 0
 0 0  1  0 0 0
 0 1  0  0 0 0
1,1;1,1;1,1 1 2
3 
#1 
6	% 
 1 0  0  1  0 0
 0 0  0  0 -1 0
 0 1  0  0  1 0
 0 0 -1  0  0 1
 0 0  1 -1  0 0
 0 0  1  0  0 0
1,1;1,1;1;1 1 17
6 
#1 
6	% 
 1 0 0  0  0 0
 0 0 0 -1  0 0
 0 0 0  0  0 1
 0 0 0  0 -1 0
 0 0 1  0  0 0
 0 1 0  0  0 0
1,1;1,1;1;1 1 2
3 
#1 
6	% 
 0 0 1 1 0  1
 0 1 0 0 0  0
 0 0 0 0 1  0
 1 0 0 0 0  0
 0 0 0 0 0 -1
 0 0 1 0 0  0
1,1,1;1;1;1 1 3
3 
#1 
6	% 
 0 1  0 0 0  0
 0 0  0 0 1  0
 1 0  0 0 0  0
 0 0 -1 0 0  0
 0 0  0 1 0  0
 0 0  0 0 0 -1
1,1;1,1;1;1 1 5
3 
#1 
6	% 
 -3 0 -2  2 0 -2
  0 1  0  0 0  0
  0 0  0  0 1  0
  2 0  1 -1 0  1
 -1 0  0  0 0 -1
 -1 0 -1  0 0  0
1,1;1,1;1;1 1 20
6 
#1 
6	% 
 1  0  0  0  0  0
 0  0  1 -1 -1  1
 0  0 -1  1  0 -1
 0  0  1 -1  0  0
 0 -1  1 -1  0  1
 0  0  1  0  0  0
1,1,1;1;1;1 1 6
1 
#1 
6	% 
  0 -1 0  0 -1 0
 -1  0 0  0 -1 0
  1  1 0  0  1 0
  0  0 0  1  0 0
  0  0 0 -1  0 1
  0  0 1 -1  0 0
1,1;1;1;1;1 1 12
6 
#1 
6	% 
 1 0  0  0  0  0
 0 0 -1  1  0  0
 0 0  0  1  0  0
 0 1  1 -1  0  1
 0 0  0  0  0  1
 0 0 -1  1 -1 -1
1,1;1;1;1;1 1 9
3 
#1 
6	% 
 0 0 1 -1 0  1
 1 0 0  0 0  0
 0 0 0  0 1  0
 0 0 0  0 0 -1
 0 1 0  0 0  0
 0 0 0 -1 0  1
1,1;1;1;1;1 1 16
3 
#1 
6	% 
 1 0  0  1 0  0
 0 0  0 -1 0  0
 0 0  0  0 1  0
 0 0  0  1 0 -1
 0 1  0  0 0  0
 0 0 -1  1 0  0
1,1;1;1;1;1 1 10
2 
#1 
6	% 
 -1 -1  0 0 -1  0
  1  0  0 0  1  0
  0  0  0 1  0 -1
  0  0  0 1  0  0
 -1 -1  0 0  0  0
  0  0 -1 1  0  0
1,1;1;1;1;1 1 5
1 
#1 
6	% 
 0 1 0  0 0 0
 0 0 0  0 1 0
 1 0 0  0 0 0
 0 0 0 -1 0 1
 0 0 0  1 0 0
 0 0 1 -1 0 0
