#93

4-1;1;1 1 4
1 
#1 
6	% 
 1 0 0 0 0 0
 0 1 0 0 0 0
 0 0 1 0 0 0
 0 0 0 1 0 0
 0 0 0 0 1 0
 0 0 0 0 0 1
1,1,1,1,1,1 1 1
1 
#1 
6	% 
 1 0 0 0 0 0
 0 1 0 0 0 0
 0 0 1 0 0 0
 0 0 0 1 0 0
 0 0 0 0 1 0
 0 0 0 0 0 1
1,1,1,1,1;1 1 2
18 
#3 
6	% 
  0 0  0 -1  1  1
  1 1  0  0  0  0
 -1 0 -1 -1  0  2
  1 0  0  0  1  1
  0 0  1  1 -1 -2
 -1 0 -1 -1  1  2
6	% 
  0 -1  1  0  0  0
  0 -1  0  0  0  0
  1 -1  1 -1  1 -1
 -1 -1  1 -1  0  0
  0  2 -1  2 -1  0
  0 -2  1 -1  0 -1
6	% 
  1 1  0  0  0  0
  0 0 -1  1  0 -1
  0 0 -3  2  0 -1
  1 1 -1  0  1  0
 -1 0  2 -1 -1  1
  0 0 -3  2  1 -1
2-1;1,1,1;1 1 8
24 
#1 
6	% 
 2 0  0  0 1  1
 1 0  0  0 0  1
 0 0  0  0 0 -1
 0 1  0  0 0 -1
 1 1 -1  0 0  1
 1 0  1 -1 0  1
1,1,1,1;1,1 1 2
15 
#3 
6	% 
  0  1 -1  0  0  0
  0  0 -1  1  0  0
 -2  1 -2 -1 -1  1
  2  0  0  1 -1 -1
  1 -1  2  0  1  0
 -2  1 -2 -1  0  1
6	% 
 0  1 -1 -1 1  1
 0  1  0 -1 0  0
 0  1 -1  0 0  0
 1  0  0  0 0  0
 0 -1  1  1 0 -1
 0  2 -1 -1 0  1
6	% 
 0 1  0  1  0 0
 0 0 -1  0  0 0
 1 0  1  1  0 0
 0 0  0  0 -1 1
 0 0  0 -1  1 0
 0 0  0  0  1 0
2-1;1,1,1,1 1 2
6 
#1 
6	% 
  1  0  1  0  0  0
  1  1  0  0  0  0
  1  1  0  1 -1 -1
  1  1  0  1  0 -1
  0  0  1 -1  0  0
 -2 -1 -1  0  0  1
1,1,1,1;1,1 1 3
60 
#3 
6	% 
  1  0  1  0  0  0
 -1 -1 -2  1  0  0
  0  0 -1  1 -1  0
  1  1  2 -2  1  0
  0 -1 -1  0  0  1
  0  0  1  0  0 -1
6	% 
  0 -1  1  0 0  0
  1 -1  0  0 1  1
  1  0  0  0 0  0
 -1  1 -1  1 0 -1
  0  0 -1  1 0  1
  0  0  1 -1 0  0
6	% 
  1  0  0  0 1  0
 -1  0  0  0 0 -1
  0 -1 -1  0 0  0
  0  2  1 -1 0  1
  0  2  1  0 0 -1
  0 -2 -1  1 0  0
2-1;1,1;1,1 1 11
24 
#1 
6	% 
 -1 0  2 -2  0 1
 -1 0 -2  1 -1 0
  1 1  0  0  0 0
  0 0 -1  1  0 0
  1 0  0  0  0 0
  0 1 -1  0  0 0
1,1,1;1,1,1 1 2
10 
#2 
6	% 
  2 1  0  1 0  0
 -2 0 -1 -1 0  0
  0 0  0  0 1 -1
 -1 0  0  0 0  0
  0 0  0 -1 0  1
  1 0  0  0 0  1
6	% 
  0 -1  0  1  0  0
  0  2 -1 -1  0  0
 -1  0  0  0  0  0
 -1  0  0 -1  1  1
  1  0  1  0  0 -1
  1  1 -1  1 -1  0
2-1;1,1,1;1 1 5
24 
#2 
6	% 
  1  0  1  0  0 0
  1  1  0  0  0 0
 -1 -1  0 -1  0 1
  0  0 -1  1  0 0
  1  0  1 -1  0 0
 -1 -1  0  0 -1 0
6	% 
 0  1 -1  0  0 0
 0 -1  1 -1  1 1
 1  1  0  0 -1 0
 0  0 -1  1  0 0
 1  0  1 -1  0 0
 0  0  0  0 -1 0
2-1;1,1,1;1 1 6
12 
#1 
6	% 
  0 -1 0  2 -1 -1
  1  0 0  0  1  0
  0  0 1 -2  1  1
 -1  0 0  0  0  0
  1  1 0  0 -1  0
  0 -1 1  1 -1 -1
1,1,1;1,1,1 1 3
36 
#2 
6	% 
  1  1  0  0 0  0
 -1  0 -1  1 1 -1
  2  1  2 -2 0  1
 -1 -1 -1  1 0  0
  0 -1  0 -1 0  1
  0  1  0  0 0  0
6	% 
  0  1 -1  1  0  0
  1  0 -1  1 -1  1
  0  0  1  0  1 -1
  0  1 -1  0  0  1
 -1 -2  2 -1  1 -1
  0  0  0  0 -1  0
1,1,1;1,1,1 1 4
12 
#1 
6	% 
 -1 -2  0  2 -1  0
  0  0  0  0 -1  0
  1  2  1 -1  1 -1
 -1 -2  0  1  0  1
  1  0 -1  0  1 -1
  0  1  0 -1  0  1
2-1;1,1;1,1 1 4
18 
#2 
6	% 
 0  0  0  0 -1 1
 1 -1  2  0  0 0
 1 -1  2 -1  1 0
 0  0 -1  1  0 0
 1  0  1 -1  0 0
 0  1 -1 -1  1 0
6	% 
 1  1  0  0  0  0
 0 -1  1  0  0  0
 0 -1  1  0 -1  0
 0  0 -1  1  0  0
 1  0  1 -1  0  0
 0  0  0  0  0 -1
2-1;1,1;1,1 1 8
12 
#1 
6	% 
 -1  0  0 0  0  0
  0 -1  0 0  0  0
  0  0 -1 1  0  0
  0  0  0 0  0 -1
  0 -1  1 0  0  0
  0 -1  0 1 -1  0
2-1',2-1';1,1 1 2
6 
#1 
6	% 
  0 1 -1  0 0  0
  1 0  0  0 0  0
  0 0  0  0 1 -1
  0 0  0  0 0 -1
 -1 0 -1  1 0  0
  0 0  0 -1 0  1
2-1',2-1';1;1 1 4
6 
#1 
6	% 
 0 -1  1  0 0 0
 1  0  0  0 0 0
 0  1 -2  1 0 0
 0  0  2 -1 0 0
 0  0  1 -1 0 1
 0  0  1 -1 1 0
2-2;1,1,1,1 1 2
16 
#1 
6	% 
  0 0  0  1  0 0
  0 0  0  0  1 0
  0 0  0  1  1 1
 -1 0  0 -1 -1 0
  0 1 -1  1  1 0
  1 1  0 -1 -1 0
1,1,1;1,1;1 1 5
60 
#5 
6	% 
 -1  0 0 -1  0 0
  1  1 0  0  0 0
  2 -1 1  2  0 0
 -1  0 0 -1  0 1
  0  0 0  0 -1 1
 -1  0 0  0  0 0
6	% 
  0  1 -1  1 -2  0
  0 -1  1  0 -1  1
  0 -1  1 -1  3 -1
  0  1 -1  1 -1  0
  0  0  1 -1  0  0
 -1  0  0  0  0  0
6	% 
  1 0  1 -1  1  1
  0 0  0 -1  1  1
  0 1 -1  2 -2 -2
  0 0  1 -1  1  0
  0 0  2 -2  1 -1
 -1 0  0  0  0  0
6	% 
  1 1 -1  1 -1  1
  1 1  0  0  0  0
  0 0  0  0  1 -1
  0 0  0  0  0  1
 -1 0  0  0  0  0
  0 0  0 -1  1  1
6	% 
  2  2  1  0 0  0
  1  1  0  0 0  0
 -2 -3 -1  0 0  0
  1  1  1 -1 1  0
  0  0  2 -2 1 -1
  0  0  0 -1 1  1
1,1,1,1;1;1 1 4
15 
#3 
6	% 
 0 -2 1  1  1 -1
 0 -1 0  1  1 -1
 0  3 0 -2 -3  1
 0 -1 0  0  2  0
 0  1 0  0 -1  0
 1  1 0  0 -1  0
6	% 
  0  0  1 -1  0  0
  1  1  0  0  0  0
 -3 -1 -2  1 -1 -1
  3  0  2  0  1  1
 -2  0 -1  0  0 -1
 -2  0 -1  0 -1  0
6	% 
 0  1 0  0  0  0
 1  0 0  0  0  0
 0 -3 1 -1  0  0
 0  2 0  1  0  0
 0 -1 0  0 -1  0
 0 -1 0  0  0 -1
1,1,1,1;1;1 1 5
60 
#3 
6	% 
  1 0 0  1 0  0
  1 0 0  1 1 -1
  2 0 1  1 0  0
 -1 0 0 -2 0  1
  2 0 0  2 0 -1
 -1 1 0 -2 0  0
6	% 
 -1  1 0  0  0  0
 -1  3 0  1  0  0
 -1  1 1  0  0  0
  2 -3 0 -1  0 -1
 -2  3 0  2 -1  0
  1 -2 1 -1  0  0
6	% 
  0 1  0 -1  1  0
  0 0  0  0  1 -1
  0 0  1 -1  1 -1
  0 0 -1  1 -2  1
 -1 0  0 -1  2 -1
  1 0  0  0 -1  1
1,1,1;1,1;1 1 10
144 
#4 
6	% 
 -1 -1  1 -1  0  0
  1 -2  2  0  1  1
  1  3 -3  2 -1 -1
  0  0  1 -1  0  0
  1 -1  1  0  1  0
  1  0  0  0  0  0
6	% 
  1  1  1 -1  0  0
  3  3  3 -2  2 -4
 -6 -6 -6  4 -3  7
  0  1  0 -1  0  0
  3  1  2  0  1 -2
  1  0  0  0  0  0
6	% 
 0 -1  0 -1  0  0
 0  1  0  0  0  0
 1 -1  0  1  0  0
 0  0 -1  0  1 -1
 0  0  1  0 -1  0
 0  0  0  1 -1 -1
6	% 
 -1  1 -3  2 -2  2
 -1  1 -2  1 -1  1
  3 -3  6 -3  4 -4
  0  1 -1  1 -1  1
 -1  0 -2  1 -1  0
  0  0  0  1 -1 -1
2-2;1,1,1;1 1 5
48 
#2 
6	% 
  0  0  0 0  1 -1
  1  0  0 0  1  0
  0  0  0 0 -1  0
 -1  0 -1 1 -2  0
 -1 -1  1 0 -2  0
  0  1  0 0 -2  0
6	% 
  0  0  1 -1 -1  1
  1  1  1 -2  0  1
 -1 -1 -1  1  1  0
 -1  0 -2  2  1 -1
  0 -1 -1  2  1 -1
 -1 -1 -2  2  1 -1
1,1,1;1,1;1 1 12
72 
#2 
6	% 
  2  2 -2  1  1 -1
  0  1 -2  1  0  0
 -2 -4  6 -3 -2  2
  0  0 -1  0  0  0
 -1 -1  3 -1 -1  1
  1  1 -1  0  1  0
6	% 
  1  0  3 -1  0  0
  1  0  5 -2  0  0
 -3  0 -9  4 -1 -1
  1  1  2 -1  0  0
 -2 -1 -4  2 -1  0
  1  0  2 -1  0  0
1,1,1;1,1;1 1 11
24 
#1 
6	% 
 -1 -2  1  1 0 -2
 -2 -4  2  1 0 -2
  4  8 -4 -3 1  5
 -2 -1 -2  1 0 -1
  0 -2  3  0 0 -1
 -1 -1  0  1 0 -1
1,1,1,1;1;1 1 6
6 
#1 
6	% 
  0 0  0 0 -1  1
  1 1  0 0  0  0
  1 0  1 0  0  0
 -1 0 -1 1  0 -1
  1 0  0 0  0  1
 -1 0  0 0  0  0
1,1,1;1,1;1 1 7
72 
#3 
6	% 
 -3 0 -1 -1 0 0
 -2 0  0 -1 0 0
  3 1  0  1 0 0
 -1 0  0 -1 1 0
  0 0  0 -1 1 1
 -1 0  0 -1 0 0
6	% 
 -1 0  1 -1 0  0
 -1 0  1  0 0 -2
  2 0 -2  0 1  3
  0 0  1  0 0 -1
  3 1  2  0 0  0
 -1 0  0  0 0  0
6	% 
 -3 -4 -1  3 -2 -2
 -2 -3 -1  2 -1 -1
  4  5  1 -3  2  2
 -1 -1 -1  1  0 -1
  0 -1  1  0  0  0
 -1 -2  0  1 -1 -1
1,1,1;1,1;1 1 9
48 
#2 
6	% 
  0  1 -1  1 -2  0
  0 -1  1  0 -1  1
  0 -1  1 -1  3 -1
 -2 -2 -1  1 -1  0
  3  3  1 -1  0  0
  1  0  1 -1  0  0
6	% 
  1 0  1 -1  1  1
  1 1  0  0  0  0
 -1 0 -1  2 -2 -2
  0 0  1 -1  1  0
  1 0  0  0  0  0
  1 0  1 -1  0  0
2-1;1,1;1;1 1 34
12 
#1 
6	% 
  0  0  0 0 1 -1
  1  0  0 0 0  0
 -1 -1  0 0 0  0
 -1 -1  0 0 0  1
  0  0 -1 1 0  0
 -1  0 -1 0 0  1
2-1;1,1;1;1 1 32
48 
#1 
6	% 
  1 0  0  0  0  1
 -1 0  0  0 -1  0
  3 1  0  0  1  1
 -2 0  1 -1 -1 -1
 -3 0  0  0 -1 -1
 -2 1 -1  0 -1 -1
3;1,1,1 1 3
8 
#1 
6	% 
  1  0  0 0 1  0
 -1  0  0 0 0 -1
 -1 -1  0 0 0  0
 -1  0  0 0 0  0
  0 -1  1 0 0  0
  0  0 -1 1 0  0
1,1;1,1;1,1 1 3
15 
#2 
6	% 
 -5  0 0 -2  2  2
  1  1 0  0  0  0
  0  0 1 -1  0  0
  3  0 0  1 -1 -1
 -2 -1 0  0  0  1
 -2  0 0 -1  0  1
6	% 
  0 -7  3  4 0  0
  0  0  0 -1 1  1
 -1 -1  0  0 0  0
  0  5 -2 -3 0  0
 -1 -3  1  2 0 -1
  1 -2  1  2 0 -1
1,1,1;1;1;1 1 4
20 
#3 
6	% 
 0 -2  1  1  0  0
 0  1 -1  0  0  0
 0 -1  0  1 -1  1
 1  2  0 -1  1 -1
 0  1  0  0  0 -1
 1  1  0  0  0 -1
6	% 
  3  1 1  1 0  0
 -1 -1 0  0 0  0
  1  0 0  1 0  0
 -1  0 0 -1 1 -1
 -1  0 0  0 0 -1
  0  0 0  0 0 -1
6	% 
  0  0 -1  1  0 0
  0  0  1 -1 -1 1
  0  0 -1  0  2 0
 -1 -1  1  0 -2 0
  0 -1  1  0 -1 0
 -1 -1  1  0 -1 0
2-2;1,1;1,1 1 4
48 
#2 
6	% 
  1  0  0  0 0 0
 -1  0  0  0 1 0
 -2  0  0 -1 0 1
  0  0  1 -1 0 0
  0  1 -1  0 0 0
 -1 -1  0  0 0 0
6	% 
  0  0  0 -1 1  1
  1  1 -1  1 0 -1
 -1 -1  1  0 0 -1
 -1 -1  0  0 0  0
 -1  0  0  0 0  0
  0 -1  1  0 0  0
1,1;1,1;1;1 1 21
72 
#3 
6	% 
  0 -1  0  1 -1  1
  2  2  2 -2  3 -3
 -1 -2 -2  3 -3  3
 -1 -1 -1  1 -1  2
  1  0  1  0  1 -1
  0 -1 -1  1 -1  2
6	% 
 0  1 -1  0  1 -1
 0 -2  4 -3  1  1
 0  1 -4  4 -2  0
 0  1 -2  2 -1  0
 0  0  1 -1  1 -1
 1  1 -2  2 -1  0
6	% 
  1  0  0  1 0 0
 -1  1  0 -1 0 0
  0 -2 -2  1 0 0
  0 -1 -1  0 1 0
  0  1  1 -1 0 0
  0 -1 -1  0 0 1
1,1,1;1;1;1 1 8
72 
#3 
6	% 
  1 0 0  1  0  0
 -1 0 1 -2 -1  1
  1 0 0  1  1  0
 -1 0 0  0  0  0
  2 1 0  1  1 -1
 -2 0 0 -2  0  1
6	% 
 0  0  0  0 -1 1
 0  1 -1 -1  2 0
 0 -1  1  0 -1 0
 1  0  0  0  0 0
 0  0  1  0 -2 0
 0  0 -1  0  1 0
6	% 
 1 -2 0 -1 0  0
 0  0 1  0 0  0
 0 -1 0 -1 1  0
 0  0 0  0 1 -1
 0 -1 1 -1 0  0
 0  1 0  0 1  0
1,1;1,1;1,1 1 6
72 
#3 
6	% 
  4  0  0  1 -1 -1
 -1  1  0 -1  1  0
 -3  0  0 -1  1  1
  0 -1  0  1 -1  1
  1  0  1  0  1 -1
 -2  0 -1  0  0  1
6	% 
 -3 -2  0  0  0  0
  1  1  1 -1  0 -1
  2  1  0  0  0  0
  0  1 -1 -1  1  1
  0  0 -1  0  1  1
  1 -1  1  1 -1  0
6	% 
  0  0  0 -2 1  3
  0  1  0  1 0 -1
  0  0  0  1 0 -2
  0 -1  0 -1 0  0
  1  0  3 -1 0  0
 -1  0 -2  1 0 -1
1,1;1,1;1;1 1 6
45 
#4 
6	% 
  1 1  0  0  0  0
  0 0 -3  3 -2  2
 -1 0  0 -1  1 -1
  1 0  1  0  0  0
 -1 0  0  0  0 -1
  0 0  0  0  0 -1
6	% 
  0  0 -1 1  0  0
  0 -3  3 0 -2  2
  0  1 -2 0  2  0
  0  0  1 0 -1 -1
 -1  0 -1 0  1  0
  0  0 -1 0  1  0
6	% 
  0  0 0  0 -1 1
  0  2 1 -3  0 0
  0 -1 0  2 -2 0
  0  0 0 -1  2 0
 -1 -1 0  1 -1 0
  0 -1 0  1 -1 0
6	% 
 1  0 0  0  0  0
 0  2 1 -3  0  0
 0 -2 0  1  0  0
 0  1 0  0  0  0
 0 -1 0  1  0 -1
 0 -1 0  1 -1  0
1,1,1;1;1;1 1 16
12 
#1 
6	% 
 0  0 0 -1  1  1
 0  0 1 -3  1  3
 0 -1 1  2 -1 -3
 0  0 0 -2  1  2
 1  1 0 -2  1  2
 1  0 0  0  0  0
1,1;1,1;1;1 1 30
12 
#1 
6	% 
  0  0 -1  1 0 0
  1  1  1 -2 1 0
  0  1 -1  0 0 0
  1 -1  1  0 0 1
 -1 -1  0  0 0 0
  1  0  0  0 0 0
1,1;1,1;1;1 1 15
18 
#2 
6	% 
  0  0  0 1 -1 -1
  0 -2  2 0 -1  1
 -1  0 -1 0  1  0
  1  0  0 0  0  1
  1  1  0 0  0  0
  1  0  0 0  0  0
6	% 
  0 -2 1 1 0  0
  0  0 0 0 1 -1
 -1 -1 0 0 0  1
  1  0 0 1 0 -1
  1  1 0 0 0  0
  1  0 0 0 0  0
1,1,1;1;1;1 1 12
24 
#2 
6	% 
 0 0 -1 0 1  1
 0 0 -1 1 0  0
 0 1  0 0 0 -1
 1 1 -1 0 0  1
 1 0  0 0 0  0
 1 1  0 0 0  0
6	% 
  0 2  0 -2  1 -1
  0 2 -1 -1  0  0
  1 0  0  1 -1  0
  0 1  0  0  0 -1
 -1 0  0  0  0  0
  1 1  0  0  0  0
1,1;1,1;1,1 1 9
6 
#1 
6	% 
 0  0  0 -1 1  1
 0  2 -1  1 0  0
 0  1  1  0 0  0
 1  1  1  0 0  0
 1  0  1  0 0 -1
 0 -1  0 -1 0  1
1,1;1,1;1;1 1 35
6 
#1 
6	% 
 -1 -1  2 1  0  0
  0  0  0 0  0 -1
  2  1 -1 3  0  0
  0  0  0 0 -1  0
 -1 -1  1 0  0  0
  1  1 -1 1  0  0
1,1,1;1;1;1 1 15
24 
#1 
6	% 
 -1 -1  1  0  0 -1
  1  0  0  0 -1  1
  1  1  0  0  0  0
  1  1 -1  1 -1  0
  0 -1  1  0  0  0
  0  0  1 -1  1 -1
1,1;1,1;1,1 1 10
24 
#1 
6	% 
  1  0  0  0  0  0
 -2  0 -2  2 -1  0
  1  1  2 -1  1 -1
  0  0 -1  1  0  0
  2 -1  1  1  1 -1
  1  0  1 -2  0  1
1,1;1,1;1;1 1 28
48 
#1 
6	% 
 -4  1 -7  1 0 0
 -3 -1 -3  0 0 1
 -5 -1 -6  1 0 0
  0  1 -1  0 1 0
  2  0  3  0 0 0
  3  0  4 -1 0 0
1,1;1,1;1;1 1 10
144 
#4 
6	% 
  0 -2  2 0  1 -1
  1  2  0 0 -1  0
  0  1 -1 0 -1  1
 -2 -2 -1 1  0  0
  1  2  0 0  0  0
 -1 -1 -1 1 -1  0
6	% 
  4 1  3  0 0 0
  0 0 -1  0 1 0
 -1 0 -1  0 0 0
  0 0  1 -1 0 0
  1 0  0  0 0 0
 -1 0  0 -1 0 1
6	% 
  0 -3  3 -2  2  2
 -1  0  0  0 -1  0
  0  1 -1  1 -1 -1
  0  0 -1  1  0  0
 -1  0  0  0  0  0
  0  0 -1  1  0 -1
6	% 
  0  0  0 -2  3 1
  0  1 -2  1 -1 0
  0  0  0  1 -2 0
 -1 -1  1  0  0 0
  0  1 -2  1  0 0
 -1 -2  2  0 -1 0
2-1;1;1;1;1 1 38
12 
#1 
6	% 
  0 1  0 -1 0 1
 -1 0  0 -1 1 0
  0 1 -1  0 0 0
  1 1  0  0 0 0
  1 0  0  0 0 0
  0 0 -1  1 0 0
2-2;1,1,1;1 1 6
16 
#1 
6	% 
  0  0  0 0 -1 1
  0  1 -1 0  0 0
  1  0  0 0  0 0
  0  1 -2 1 -1 0
 -1 -1  0 0  0 0
  0 -1  1 0  1 0
1,1;1,1;1;1 1 27
12 
#1 
6	% 
  0  0  0  0 1 -1
  1 -1  0  1 0  0
 -2  0  1 -2 0  0
 -1  0  0  0 0 -1
  2 -1  0  2 0 -1
 -2  1 -1 -1 0  0
1,1;1,1;1;1 1 25
24 
#1 
6	% 
  1 -1 0  2 -1  0
 -1  0 0 -1  1  1
  0  0 1 -1  0  0
 -1 -2 0  1  0  1
  0 -1 1  0  0  0
  1  1 0  1 -1 -1
1,1,1;1;1;1 1 19
8 
#1 
6	% 
  1  0  0  0 1  0
 -1  0  0  0 0 -1
  1  0  0  0 0  0
  0  0  1 -1 0  0
 -1 -1  0  0 0  0
  0  1 -1  0 0  0
1,1;1,1;1;1 1 39
24 
#1 
6	% 
  1  2  0 -1  1 -2
 -3 -2  0  1 -2  1
  1  1  0 -1  1 -1
 -2 -2  1  0 -1  1
 -1 -2  0  1 -1  1
 -2 -1 -1  1 -1  1
2-1;1,1;1;1 1 9
36 
#3 
6	% 
  1 -1  2  0  0 0
  1  0  1 -1  0 0
  0  2 -2 -1  0 0
 -1  0  0  0  0 0
  0  1 -1 -1  0 1
  0  1 -1  0 -1 0
6	% 
 0 0  0  0  1 -1
 1 0  1 -1  0  0
 2 1  1 -1 -1  1
 0 0 -1  1  0  0
 1 1  0 -1  0  1
 1 1  0  0 -1  0
6	% 
 0  0  0  0 1 -1
 1  0  1 -1 0  0
 1  0  1 -2 0  2
 0  0 -1  1 0  0
 0 -1  1 -1 0  1
 0  0  0 -1 0  1
2-1;1,1;1;1 1 19
24 
#1 
6	% 
 0  0 -1  1  0  0
 1  0  1 -1  0  0
 0 -1  1  0 -1  1
 1  1  0 -1  2 -1
 1  1  0  0  1 -1
 1  1  0  0  1 -2
3;1,1,1 2 2
4 
#1 
6	% 
  0 -2  2 -1 1  1
  0 -2  2 -1 0  2
  0 -2  2 -1 0  1
  0  0 -1  1 0  0
 -1 -1  1 -1 0  0
  0  1 -1  0 0 -1
2-1;1,1;1;1 1 23
6 
#1 
6	% 
 0 0  0  1 -3 1
 0 1  0  0 -1 0
 1 0  0  0  1 0
 0 0  0  0 -1 0
 0 0  1 -1  0 0
 0 1 -1  0  0 0
2-1;2-1;1,1 1 4
3 
#1 
6	% 
 0  0  0 -1 1  1
 1  0  1 -1 0  0
 0 -1  1 -1 0  0
 0  0  0 -1 0  1
 0  0 -1  1 0  0
 0  0  0  0 0 -1
2-1;1;1;1;1 1 19
6 
#1 
6	% 
  1 0  0 0 0  0
 -1 0 -1 1 0  0
  0 0  0 1 0 -1
  0 1 -1 0 1  0
  0 1 -1 0 0  0
  1 1  0 0 0  0
2-1;2-1;1;1 1 7
3 
#1 
6	% 
  1  0  0 0 0 0
 -1  0 -1 1 0 0
 -1 -1  0 1 0 0
  0  0  0 1 0 0
  0  0  0 0 0 1
  0  0  0 0 1 0
2-1;1;1;1;1 1 8
6 
#1 
6	% 
 0 0 -1  1  0  0
 1 0  1 -1  0  0
 1 1  0 -1  0  0
 1 1  0  0 -1 -1
 0 0  0  0  0 -1
 0 0  0  0 -1  0
4-1;1,1 1 2
1 
#1 
6	% 
  0  0  0 -1 1  1
 -1  0 -1  0 0  0
  0  0 -1  0 0  0
  0  0  0 -1 0  1
  0 -1  1  0 0  0
  0  0  0  0 0 -1
2-1,2-1;1;1 2 6
12 
#1 
6	% 
  3 -4   4 -4 0 0
  1  1   7  0 0 0
 -5  7  -6  7 0 0
 -6  6 -12  7 0 0
 -3  3  -6  3 0 1
 -3  3  -6  3 1 0
2-1,2-1;1,1 2 3
12 
#1 
6	% 
  0  0   0 -1 1  1
 -5  3 -13  5 0  0
 -9 10 -20 12 0  0
 -1  3  -1  2 0  1
  4 -4   9 -5 0  0
 -1  3  -1  3 0 -1
2-1,2-1;1,1 1 2
12 
#1 
6	% 
 -1 1 -2  0 0  0
  2 0  1 -1 0  0
  0 0  0 -1 1  1
 -1 0 -1  0 0  1
  1 0  1  0 0  0
 -1 0 -1  1 0 -1
4-1';1;1 1 4
12 
#1 
6	% 
  1 0  2 -1  0 0
 -1 1 -3  2  0 0
 -1 1 -2  2  0 0
 -2 2 -4  3  0 0
 -1 1 -2  1  0 1
 -1 1 -2  2 -1 0
4-1';1,1 1 2
12 
#1 
6	% 
  0  0  0  0  1 -1
 -1  1 -3  1  0  0
 -1  0 -2  0  0  0
 -1  0 -2  0  1  0
  1 -1  2 -1  0  0
 -1  0 -2  1 -1  0
2-1;2-1;1,1 1 9
6 
#1 
6	% 
 0  0  0  0 1 -1
 0 -1  1  0 0  0
 1  0  1 -1 0  1
 0  0  1 -1 0  0
 0  1 -1  1 0 -1
 1  0  0  0 0  0
2-1,2-1;1;1 3 4
6 
#1 
6	% 
 0  0 -1  0 0  0
 1 -1  3 -1 0  0
 2 -1  5 -2 0  0
 2  0  4 -1 0  0
 1  0  2  0 0 -1
 1  0  2 -1 1  0
2-1,2-1;1,1 3 2
6 
#1 
6	% 
 0  0  0 -1 1  1
 1  1 -1  0 0  0
 1  1  0 -1 0  0
 0  0  0 -1 0  1
 0 -1  1  0 0  0
 0  0  0  0 0 -1
2-1,2-1;1;1 1 4
12 
#1 
6	% 
 1 -1  0  0  0  0
 0 -2  3 -1  0  0
 0  1  0  0  0  0
 0  0 -2  1  0  0
 0  0 -1  1  0 -1
 0  0 -1  1 -1  0
2-1;2-1;1;1 1 26
6 
#1 
6	% 
 -1 0  0 -1 0 1
 -1 0  0 -1 1 0
  1 0  0  0 0 0
  0 0  1 -1 0 0
  0 1 -1  0 0 0
  1 1  0  0 0 0
2-2;1,1;1;1 1 13
48 
#2 
6	% 
  0  0  0 -1 1 1
 -1  0  0 -1 0 1
  0 -1  0  0 0 1
 -1 -1  0  0 0 0
  0  0 -1  1 0 0
  0  1 -1  0 0 0
6	% 
  0  0 -1  1 0  0
 -1 -1  1  0 0 -1
  0  0  0 -1 1  0
 -1 -1  0  0 0  0
  0  1 -1  0 0  0
 -1  0  0  0 0  0
1,1;1;1;1;1 1 13
48 
#2 
6	% 
  4 0 1  3  0 0
 -1 0 0 -1  0 0
  0 0 0  0 -1 1
  0 0 0  1 -1 0
 -3 1 0 -4  0 0
  1 0 0  1 -1 0
6	% 
  6  6 -5  3  2  2
 -3 -3  3 -2 -1 -1
  1  0  0  0  0  0
  2  2 -2  1  1  0
 -5 -5  6 -4 -2 -2
  2  2 -2  1  0  1
1,1;1;1;1;1 1 8
15 
#3 
6	% 
 1 1  0  0 0 0
 1 0  1  0 0 0
 0 0 -1  0 0 0
 0 0  0 -1 0 0
 0 0  0 -1 0 1
 0 0  0 -1 1 0
6	% 
  0  0  0  0 -1 1
  0  0  0 -1  2 0
 -1 -1  0  1 -2 0
 -1  0 -1  1 -2 0
 -1  0  0  0 -1 0
 -1  0 -1  1 -1 0
6	% 
  0  0  0  0  1 -1
  0 -1  1  0 -1  1
 -1  0 -1  0  1 -1
  0  0 -1  0  1 -1
  0  0  0 -1  1  0
  0  0 -1  0  1  0
1,1;1;1;1;1 1 18
36 
#3 
6	% 
  0 -1  1  0  0 0
  0 -1  1  0 -1 1
  0  0 -1  0  1 0
 -1  0  0 -1  1 0
  0  0  1 -1  0 0
 -1 -1  0  0  0 0
6	% 
 0 0  0  0 -1 1
 0 0  0 -1  2 0
 1 0  1  0 -1 0
 1 1 -1  1 -1 0
 0 0 -1  1  0 0
 1 1  0  0  0 0
6	% 
  0  0  1 -1 0 0
 -1 -1  1 -1 0 0
  0  1 -1  0 0 1
  1  1 -1  0 1 0
  1  0  0  0 0 0
  0  1 -1  0 0 0
2-2;1,1;1;1 1 9
48 
#2 
6	% 
  1  0  0  0  0  1
 -1  0  0  0  0  0
  0  0  0  0 -1  0
 -1  0  1 -1 -1 -1
 -1  1 -1  0 -1 -1
 -2 -1  0  0 -1 -1
6	% 
  1  1  2 -2 -1 0
  0  0  0 -1  1 1
 -1 -1 -2  3 -1 0
 -1 -2 -2  3  0 0
 -2 -1 -3  3  0 0
 -1 -1 -2  3  0 0
3;1,1;1 2 5
12 
#2 
6	% 
  0  0  0  0 1 -1
 -1 -1  1 -1 0  0
 -1  0  0 -1 0  0
 -1  0  0 -1 0  1
  0  0 -1  1 0  0
  0  0  0 -1 0  1
6	% 
 0  0  2 -2  1 -1
 1  1 -1  0  0  0
 0  0 -1  0  0  0
 0  0 -2  1  0  1
 0 -1  1  0  0  0
 0  0 -2  2 -1  0
1,1;1;1;1;1 1 29
24 
#1 
6	% 
  1  1  0 0 0  0
  1  0  1 0 0 -1
 -1  0  0 0 0  0
  1  0  0 0 1  0
  0  0 -1 1 0  0
  0 -1  1 0 0  0
1,1;1;1;1;1 1 31
12 
#1 
6	% 
 -1  0 -1  0 0 1
  0  0  0 -1 1 0
 -2  0 -1  0 0 0
  2  1  1 -1 0 0
 -3 -1 -2  1 0 0
  3  0  2 -1 0 0
1,1;1;1;1;1 1 54
16 
#1 
6	% 
 -1 -1  1 -1 0 1
  1  1 -1  0 1 0
  0  1 -1  0 0 0
  0  0 -1  1 0 0
  1  0  0  0 0 0
 -1 -1  0  0 0 0
3;1,1;1 1 11
16 
#1 
6	% 
  1  1  0  0  1 -2
  1  1  0 -1  2 -1
  2  2 -1  0  2 -2
  2  1  1 -1  2 -2
 -1 -2  0  1 -2  2
 -1 -1  0  1 -2  2
1,1;1;1;1;1 1 41
3 
#1 
6	% 
  0 0  0  1 -3 1
  0 1 -1  0  0 0
  1 1 -1  1 -1 0
 -1 0  0  0  0 0
  0 0 -1  1 -1 0
  0 0  1 -1  0 0
3;1,1;1 1 14
8 
#1 
6	% 
 -1  0 -1 1  0 0
 -2 -1  0 0  0 0
 -1  1 -1 0  0 0
 -2  0 -1 1 -1 0
  0  0  0 0 -1 1
 -1  0  0 0  0 0
1;1;1;1;1;1 1 12
6 
#1 
6	% 
 1 -1  1  0 0 0
 1  1  0  0 0 0
 0  1  0 -1 0 1
 0  1  0 -1 1 0
 0  1 -1  0 0 0
 0  0 -1  1 0 0
1;1;1;1;1;1 1 6
1 
#1 
6	% 
  1 0  0 0 0 0
 -1 1 -1 0 0 0
 -2 0 -1 0 0 0
 -2 0 -2 1 0 0
 -1 0 -1 0 0 1
 -1 0 -1 0 1 0
2-2;1;1;1;1 1 10
16 
#1 
6	% 
  0  0  1 -1 0 1
 -1  0  0  0 0 0
  1  0  1 -1 1 0
 -1 -1  0  0 0 0
  0  0 -1  1 0 0
  0  1 -1  0 0 0
1;1;1;1;1;1 1 20
3 
#1 
6	% 
 -1 -1  1 -1  0 1
  0  0  0  1 -1 0
  0 -1  1  0  0 0
  0  0 -1  1  0 0
  1  1  0  0  0 0
 -1  0  0  0  0 0
1;1;1;1;1;1 1 44
2 
#1 
6	% 
 -1 -1 1 -1 0 1
  0 -1 0  0 1 0
  0  0 1 -1 0 0
  1  1 0  0 0 0
  0 -1 1  0 0 0
 -1  0 0  0 0 0
1,1;1;1;1;1 1 56
2 
#1 
6	% 
 0 0  0 -1 1 1
 0 1  0 -1 1 0
 0 1 -1  0 0 0
 0 0  1 -1 0 0
 1 0  0  0 0 0
 1 1  0  0 0 0
3;1;1;1 1 19
8 
#1 
6	% 
 -1  0  0 -1 0 1
  1  0  0  0 1 0
  0 -1  1  0 0 0
  1  1  0  0 0 0
  0  0 -1  1 0 0
  1  0  0  0 0 0
3;1;1;1 2 6
4 
#1 
6	% 
 0 -1  1  0  0  0
 1  1 -1  0  0  0
 1  1  0 -1  0  0
 0  0  0 -1  0  0
 0  0  0  0  0 -1
 0  0  0  0 -1  0
