#129

5-1;1 2 1
1 
#1 
6	% 
 1 0 0 0 0 0
 0 1 0 0 0 0
 0 0 1 0 0 0
 0 0 0 1 0 0
 0 0 0 0 1 0
 0 0 0 0 0 1
1,1,1,1,1,1 1 1
1 
#1 
6	% 
 1 0 0 0 0 0
 0 1 0 0 0 0
 0 0 1 0 0 0
 0 0 0 1 0 0
 0 0 0 0 1 0
 0 0 0 0 0 1
1,1,1,1,1;1 1 1
1 
#1 
6	% 
  0  0  0 -1  0 0
 -1  0 -1 -1 -1 0
 -1 -1  0 -1 -1 0
  0 -1 -1  0 -1 0
  1  1  1  1  1 0
  0  0  0  0  0 1
1,1,1,1;1,1 1 3
120 
#2 
6	% 
 0 0  0 -1 -1 1
 0 0  0  1  0 0
 0 1  0  0  0 0
 1 1  0 -1  0 0
 0 0 -1  0 -1 0
 0 1  0 -1 -1 0
6	% 
  3  3  0 -4 -2 -1
  1  1  0 -1 -1  0
 -1 -1  0  2  1  1
 -1  0  0  1  1  0
  2  2 -1 -2 -2  0
  2  2  0 -2 -1 -1
2-1;1,1,1;1 1 8
120 
#1 
6	% 
  0  0  0  0  0  1
 -1 -1 -1  0 -1 -1
  1  0  0  0  1  0
  1  1  0 -1  0  0
  0 -1 -1  0 -1  0
  0  0 -1  0 -1  0
2-1;1,1;1,1 1 5
60 
#1 
6	% 
  2  1 0 0 0 1
  0 -1 0 1 0 0
 -1 -1 0 0 0 0
  0  1 1 0 0 0
  0  0 0 0 1 0
 -1  0 0 0 0 0
1,1,1;1,1,1 1 3
120 
#2 
6	% 
  0  0  0  0  1  0
  0  4  0 -2 -2  1
 -1 -3  0  1  1 -1
  1  2  0 -1 -1  1
  0 -2  1  2  2 -1
  0  1 -1 -1 -1  1
6	% 
  1  1 0  0  0 -1
  2  2 0 -3 -1  0
 -1  0 0  2  1  0
  1  1 0 -2 -1  0
 -3 -3 1  3  2  0
  2  2 0 -2 -1  0
2-1;1,1;1,1 1 9
120 
#1 
6	% 
 -1 -1 -1  0 -1 0
  0  4  0 -2 -2 1
  1  0  0  0  0 0
  0  1  1  0  0 0
 -1 -1  0  0  0 0
  0  0 -1 -1 -1 0
2-1;1,1,1;1 1 6
60 
#1 
6	% 
 0 -1  0  0  0  1
 0  0  0 -1  0 -1
 1  1  0  0  0 -1
 0 -1 -1  0  0  0
 0  1  0  0 -1  1
 1  0  0  0  0  1
2-1',2-1';1,1 1 2
30 
#1 
6	% 
 -2 -3 -3 -2 -2 0
  1  1  2  0  0 0
  0  0  0  0  0 1
  1  1  2  0  1 0
 -2 -3 -4 -2 -2 0
  1  1  2  1  0 0
2-1;1,1,1,1 1 2
10 
#1 
6	% 
  1 0 -1  0  0 -1
  1 0 -1  0  0  0
  4 1 -3  1 -1  1
  3 0 -3  0 -1  0
  0 0  1  1  1  0
 -2 0  2 -1  0  0
1,1,1,1,1;1 1 2
25 
#2 
6	% 
 -1  0  1  0  0  0
 -1 -1  0  0  0  0
 -1 -1  0 -1  1  0
  0  0  0  0  0  1
  2  1 -1  0 -1 -1
 -1 -1  1  0  1  1
6	% 
  1  1 -1  0 -1 -1
  0  0  0  0  0 -1
  2  1 -2  0 -1  0
  0  0  1  1  0 -1
 -1 -1  0 -1  0  1
  2  1 -1  0 -1 -1
2-1;1,1;1,1 1 4
30 
#1 
6	% 
  0 0 0 0  0 1
  2 0 0 1 -1 0
  1 0 1 1  0 0
  1 1 0 0  0 0
 -1 0 1 0  0 0
 -2 0 1 0  1 0
1,1,1,1;1,1 1 2
35 
#3 
6	% 
 -1  1 0  0  0 0
 -1  0 0  0  0 1
 -2  0 0 -1  1 0
  0  2 1 -1 -1 0
  2 -1 0  1  0 0
 -2  0 0  0  1 0
6	% 
  0  0  1  1 1 0
  0  1  1  0 0 0
  0  0  1  2 0 0
  1  0  0  0 0 1
 -1 -1 -1 -1 0 0
  0  1  1  1 0 0
6	% 
  0  0  1  1  0 0
 -1 -1  2  1  1 0
  1 -1 -1  1  0 0
  0  0  0  0  0 1
  1  1 -2 -2 -1 0
  0 -1  1  1  0 0
2-1',2-1';1;1 1 2
30 
#1 
6	% 
 -2 -2 -3 -1 -1 0
 -1 -2 -2 -2 -2 0
  0  0  0  0  0 1
  1  2  2  2  1 0
  0 -1  0 -1 -1 0
  1  2  2  1  2 0
2-1;1,1,1;1 1 2
10 
#1 
6	% 
  3 1 -2  1 -1 0
  2 0 -2  1 -1 0
  0 0  0  0  0 1
  2 0 -2  0 -1 0
  0 0  1  1  1 0
 -1 0  1 -1  0 0
2-1;1,1,1;1 1 5
30 
#1 
6	% 
 -1 0 0  0 0  0
  0 0 0  0 0 -1
 -1 0 1  0 1  0
  1 1 0  0 0  0
 -1 0 1  0 0  0
 -1 0 0 -1 0  0
1,1,1;1,1,1 1 2
10 
#1 
6	% 
  0 -1 0  0  0  0
  1 -1 0  1 -1  0
  0  0 0  0  0 -1
  0  2 1 -1 -1  1
 -1  0 0  0  1  0
  1 -1 0  1  0  0
2-2;1,1,1,1 1 2
40 
#1 
6	% 
  1  3 -1 -1  0 0
  1  0  0  0  0 0
  1  0  0  0  0 1
 -1 -2  0  1 -1 0
  1  1 -1  0  0 0
 -1 -2  1  1  1 0
1,1,1,1;1;1 1 2
25 
#2 
6	% 
  1  0  0  0  0 0
  1  0 -1  0  0 0
  0 -1 -1 -1 -1 0
  0  0  0  0  0 1
 -1  1  1  0  1 0
  1 -1 -1 -1  0 0
6	% 
  0  0  0 1  0 0
  0  0 -1 0  1 0
 -1 -1 -1 0 -1 0
  0  0  0 0  0 1
  0  1  1 0  0 0
 -1  0  0 0  0 0
1,1,1;1,1;1 1 3
10 
#1 
6	% 
  1  1  1  2 0 0
  2  2  1  2 0 0
 -1 -1 -1 -3 1 0
  0  0  0  1 0 0
  0 -1 -1  0 0 0
  0  0  0  0 0 1
4-3';1;1 1 3
96 
#1 
6	% 
 0 0  0  0  0 1
 0 1  0  0 -1 0
 1 0  0  0  1 0
 0 0  0  0  1 0
 0 0 -1 -1  0 0
 0 1  0 -1  0 0
2-2;1,1,1;1 1 3
40 
#1 
6	% 
  2  1 1  0 0 0
  0  0 0 -1 0 0
  0  0 0  0 0 1
  0  0 0  0 1 0
  0  0 1  0 1 0
 -1 -1 0  1 0 0
1,1,1;1,1;1 1 8
120 
#2 
6	% 
  0 0 0  1 -1 0
  2 1 0  2 -2 0
 -1 0 1 -3  4 0
  0 1 0  1  0 0
  1 0 0  1 -1 0
  0 0 0  0  0 1
6	% 
  1 -1 -1 0  0 0
  2 -2 -1 0  2 0
 -4  4  3 1 -3 0
  1  0 -1 0  0 0
  1 -1  0 0  1 0
  0  0  0 0  0 1
1,1;1,1;1,1 1 9
150 
#2 
6	% 
  0  0  0  0  0  1
  0  3  1  0  0  0
 -1  2  0 -2 -2  0
 -1  0 -1 -2 -2  0
 -1 -1 -1 -2 -1 -1
  0 -1  0  1  0  1
6	% 
  0  0  0  0 0 1
  1  2  1  1 0 0
  1  0  1  2 1 0
  1  0  0  1 0 0
  1  0  0  0 0 0
 -1 -1 -1 -1 0 0
1,1,1;1;1;1 1 16
60 
#1 
6	% 
  2  2  2  1  3  1
  4  4  5  2  8  2
 -5 -5 -4 -1 -7 -2
  2  3  3  1  4  1
  2  2  2  1  4  1
 -1  0  0  0  0  0
1,1,1;1;1;1 1 19
40 
#1 
6	% 
  1  1 1 0 1 -1
  0  0 0 0 0 -1
 -1 -1 0 1 0  1
  1  0 0 0 1 -1
  0  0 1 0 1 -1
  0  1 1 0 1 -1
4-3';1,1 1 2
96 
#1 
6	% 
  0  0  0  0  0  1
  0  2 -1 -2 -1  1
  2  3  1  1 -2  1
 -1  0 -2 -3  0 -1
 -1 -3  0  1  2  1
  2  2  2  2 -1 -1
2-2;1,1,1;1 1 5
160 
#2 
6	% 
  0  0  0  0  0 -1
  0  1  1  0 -3  0
 -1  0  0  0  3  0
  0  0 -1 -1  2  1
  0  0  0  1  2  1
 -1 -1  0  0  3  1
6	% 
  0  0  0  0  0  1
  1  1  0  0 -1  2
  0 -1  0  0  1 -2
  0 -1  0  0  2 -3
 -1 -2 -1 -1  1 -3
 -1 -1  1  0  2 -3
1,1;1,1;1;1 1 36
120 
#1 
6	% 
  0  0  0  0  1 0
  0  0  0  0  0 1
  0 -1 -1  0  0 0
  1  1  0  0  0 0
  0  0 -1 -1 -1 0
 -1  0  0  0  0 0
1,1,1;1,1;1 1 11
300 
#3 
6	% 
 -2 -2 -2 -1 -1 -2
 -1 -1 -1 -1 -1  0
  3  3  3  2  2  1
 -1  0 -1 -1 -1 -1
  0 -4 -1  1  1  0
 -1 -1 -1 -1  0 -1
6	% 
 -3 -3 -3 -4 -2 0
 -2 -2 -2 -3 -1 0
  7  7  7 10  4 1
 -1 -2 -2 -2 -1 0
 -1 -2 -1 -1  0 0
 -2 -2 -2 -2 -1 0
6	% 
 -1  1  1  0  0  0
  0  2  0 -1 -1  2
  1 -5 -1  2  2 -3
 -2 -1 -1 -2 -1  0
 -1  0 -1 -2 -1  1
 -1  0  0  0  0  0
1,1;1,1;1;1 1 27
180 
#2 
6	% 
  0  0  0  0  0 1
  0  0 -1 -3 -3 0
  2  1  1  7  7 0
  1  1  1  5  4 1
 -1 -1 -2 -7 -8 1
  1  2  2  7  7 0
6	% 
  0  0  0  0  0 1
  1  1  0  2  2 0
 -1 -1 -1 -6 -5 0
 -1  0  0 -3 -3 0
  1  2  1  5  5 0
 -1 -1 -1 -5 -6 0
1,1,1;1;1;1 1 17
60 
#1 
6	% 
  0  0  0  0  0 1
 -1 -1 -1 -4 -5 0
  1  0  0  2  2 0
  1  1  0  2  2 0
 -1 -1  0 -1 -2 0
  0  1  1  2  2 0
1,1,1;1;1;1 1 7
120 
#2 
6	% 
  0  0  0  0  1 0
  0  0  0  0  0 1
  0 -1 -1 -2 -1 0
  0  0  1  2  1 0
  1  0  0  2  1 0
 -1 -1  0 -1  0 0
6	% 
 -1 0  0 -1 -1 0
  0 0  0  0  0 1
  1 0  0  1  0 0
  1 1  0  0  0 0
  0 0  0 -1  0 0
  0 0 -1 -1 -1 0
1,1,1,1;1;1 1 5
120 
#2 
6	% 
 0  0  0 -1  0 1
 0  0  0  0  1 0
 0 -1 -1 -2 -1 0
 1  1  0  2  0 0
 0  0 -1 -3 -1 0
 1  0  0  2  1 0
6	% 
  1  0  0  1  1  0
  0 -1 -1 -1  1 -1
  2  0 -1  1  1  0
 -2  1  1 -1 -2  0
  1 -1 -1  1  2  0
 -1  1  0 -2 -2  0
1,1;1,1;1;1 1 24
120 
#1 
6	% 
  0  0  0  0  0 1
 -3 -3 -2 -1 -3 0
  2  2  3  2  4 0
  2  1  1  1  2 0
  2  2  2  1  2 0
 -1  0  0  0  0 0
3;1,1,1 1 3
40 
#1 
6	% 
  0  0  0 0  0  1
  1  1  1 0  1  1
  0  1  1 0  1  1
  1  0  0 0  1  1
  0  0 -1 0 -1 -1
 -1 -1  0 1  0 -1
2-1;1,1;1;1 1 34
60 
#1 
6	% 
  0 0  0  0  0  1
  0 0 -1 -1 -1  0
  0 1  1  0  0  0
 -1 0  1  0  1 -1
 -1 0  0  0  0  0
  0 1  1  0  1 -1
2-1;1,1;1;1 1 24
120 
#1 
6	% 
 1  1  1  0  1 0
 0  0  0  0  0 1
 1  0  0  0  1 0
 0  0 -1  0 -1 0
 1  1  0 -1  0 0
 0 -1 -1  0 -1 0
2-1;1,1;1;1 1 33
120 
#1 
6	% 
  0  0  0  0 0  1
  0 -1 -1  0 0 -1
  0  0  1  1 1  1
 -1  0  0  0 0 -1
 -1 -1 -1 -1 0 -2
 -1 -1  0  0 0 -1
2-1;1,1;1;1 1 21
60 
#1 
6	% 
  0  0 0 0 0 1
 -1 -1 0 1 0 0
  0  1 1 0 0 0
  0 -1 0 0 1 0
 -1 -1 0 0 0 0
  1  0 0 0 0 0
2-1;1;1;1;1 1 18
30 
#1 
6	% 
  0  0 0 0 0 1
  0  0 0 1 0 0
  0  1 1 0 0 0
 -1 -1 0 0 1 0
 -1 -1 0 0 0 0
  1  0 0 0 0 0
2-1;1,1;1;1 1 10
60 
#1 
6	% 
  0  0  0  0  0 1
  0 -1  1  0  1 0
 -1 -1  0  0  0 0
  0  0 -1 -1 -1 0
  0  2  1  1  0 0
 -1  0  0  0  0 0
2-2;2-1;1;1 1 6
40 
#1 
6	% 
  0  0 0 0  0 1
  1  0 0 1  0 0
  1  1 1 1  0 0
  0  0 0 1 -1 0
 -1 -1 0 0  0 0
 -1  0 0 0  0 0
1,1;1,1;1;1 1 33
150 
#2 
6	% 
  0  0  0  0  0 1
  0 -2 -1  0  0 0
  1 -1  0  1  1 0
  0  0  0  0 -1 0
  1 -4 -1  2  1 0
 -1  4  1 -1 -1 0
6	% 
  0  0  0  0  0 1
 -1 -1  0  0  0 0
  0  0 -1 -1 -1 0
  0  1 -1 -1 -1 0
  0  0  0  1  0 0
 -1 -2  0  0  1 0
1,1;1,1;1;1 1 26
60 
#1 
6	% 
 0  0  0  0  0  1
 0  0  1  0  2 -1
 1  1  0 -1  1  1
 1  1  1  0  1  0
 0 -1 -1  0 -1  0
 0  1  1  0  0  0
2-2;1,1;1,1 1 4
200 
#3 
6	% 
 -1  1  1  0  0 -1
  0 -1 -1  0  4  0
  1  0  0  0 -4  0
  0  0  1  0 -5  0
  1  1  0 -1 -6  0
  1  1  1  1 -6  0
6	% 
 -1 -1 0  0  0 -1
  0  0 0  1  0  0
  1  1 0 -1  0  0
  0  1 0 -2  0  0
  1  1 0 -1 -1  0
  1  1 1 -1  1  0
6	% 
  0  2  2  1 -1  0
  1 -1 -1  0  1  2
 -1 -2 -2 -1  0 -2
 -1 -1  0  0  0 -1
  0  0 -1 -1 -1 -1
 -1  0  0  0  0 -1
1,1,1;1,1;1 1 7
300 
#4 
6	% 
 -1 -1 -1 -3 -1 0
 -1 -1 -1 -4 -2 0
  2  2  2  7  4 0
 -1  0  0 -2 -1 0
  0  0  0  0  0 1
 -1 -1  0 -1  0 0
6	% 
 -1  2  2  0 -2  0
 -1  1  1 -1 -1  0
  3 -2 -2  3  3  0
 -1  0  1  0  0 -1
  0  0  0  0  0 -1
 -1  1  1  0 -1  0
6	% 
  1 0 1  1  1 0
  2 0 0  1  1 0
 -3 1 0 -2 -2 0
  1 0 0  1  0 1
  0 0 0  0  0 1
  1 0 0  0  0 0
6	% 
 -1  0 -1 -1 -1 0
  0  1 -1 -1 -1 0
 -1 -2  1  1  1 1
  0 -1 -2 -1  0 0
  0 -1 -1  0  0 0
  0  0 -1 -1 -1 0
2-1;1;1;1;1 1 33
60 
#1 
6	% 
  0  0 0 0 0 1
  0  0 1 1 1 0
  0  1 1 0 0 0
 -1  0 0 0 0 0
  0 -1 0 1 0 0
  1  0 0 1 0 0
2-1;1,1;1;1 1 23
30 
#1 
6	% 
  0  0  0 -2 2 -3
  0  1  1  0 1 -1
  0 -1  0  1 0  1
  0  0 -1 -1 0 -1
  1  1  0  0 0  0
 -1  0  0  0 0  0
2-2;2-1;1,1 1 4
40 
#1 
6	% 
  0 -1 0 0  1 -1
  0  1 0 1 -1  2
  0  0 1 0  1 -1
  1  2 0 1 -1  3
 -1  1 0 1 -1  3
  0  1 0 2 -2  3
2-1;2-1;1,1 1 9
30 
#1 
6	% 
  0  0  0  0  0  1
 -1  0  0  0  0  0
  0  0 -1 -1  0 -1
  0 -1 -1  0  0  0
  1  1  1  1  0  1
  0  0 -1 -1 -1  0
2-1,2-1;1;1 1 2
60 
#1 
6	% 
 1 -1  0  0  0 0
 0 -1 -3 -2 -2 0
 0  0  0  0  0 1
 0  0  1  1  0 0
 0  1  0  0  0 0
 0  0  1  0  1 0
2-1,2-1;1,1 1 2
60 
#1 
6	% 
 1  0  0  0  0 0
 0  0 -1 -1 -1 0
 0  0  0  1 -1 1
 0  0 -1  0 -1 0
 0 -1  0  0  0 0
 0  0 -1 -1  0 0
2-1;2-1;1,1 1 4
15 
#1 
6	% 
 0 0  0  1 -1 1
 1 0 -1 -1 -1 0
 1 1  0 -1 -1 0
 0 0  0  0 -1 0
 0 0  1  1  1 0
 0 0  0 -1  0 0
2-1;2-1;1;1 1 24
30 
#1 
6	% 
  0  0  0  0 0 1
  1  0  0  0 0 0
  0  0  1  1 0 0
  0  0  1  1 1 0
 -1 -1 -1 -1 0 0
  0  1  1  0 0 0
4-1;1,1 1 2
5 
#1 
6	% 
 0  0 0  1 -1 1
 0 -1 0  0  0 0
 0  0 1  0  0 0
 0  0 0  0 -1 0
 1  1 0  0  0 0
 0  0 0 -1  0 0
2-1,2-1;1;1 3 2
30 
#1 
6	% 
  0  0  0  0  0 1
 -1 -2 -1 -1 -1 0
 -1 -1  0  0  0 0
  0  0  1  1  0 0
  1  2  2  1  1 0
  0  0  1  0  1 0
2-1,2-1;1,1 3 2
30 
#1 
6	% 
  0  0  0  1 -1 1
 -1 -2 -1 -1 -1 0
 -1 -1  0  0  0 0
  0  0  1  1  0 0
  1  2  2  1  1 0
  0  0  1  0  1 0
2-1,2-1;1;1 2 3
60 
#1 
6	% 
  0 0  0  0  0 1
 -1 0 -1 -1 -1 0
 -2 1  1  1  1 0
  0 1  2  2  1 0
  1 0  0  0  0 0
  0 1  2  1  2 0
2-1,2-1;1,1 2 3
60 
#1 
6	% 
  0  0  0  0  0 1
 -1  0 -3  0  0 0
  3  8  6  5  5 0
  2  4  5  2  3 0
 -1 -3 -2 -2 -2 0
  2  4  5  3  2 0
4-1';1;1 1 2
60 
#1 
6	% 
  0 0 0 0 0 1
  1 0 1 1 1 0
  2 1 1 1 1 0
  1 1 1 0 1 0
 -1 0 0 0 0 0
  1 1 1 1 0 0
4-1';1,1 1 2
60 
#1 
6	% 
  0 0 0 0 0  1
  1 0 1 1 1  0
  2 1 1 1 1  0
  1 1 1 1 0  1
 -1 0 0 0 0  0
  1 1 1 0 1 -1
2-1;2-1;1;1 1 4
15 
#1 
6	% 
 0 0  0  0  0 1
 1 0 -1 -1 -1 0
 1 1  0 -1 -1 0
 0 0  0  0 -1 0
 0 0  1  1  1 0
 0 0  0 -1  0 0
4-1;1;1 1 2
5 
#1 
6	% 
 0  0 0  0  0 1
 0 -1 0  0  0 0
 0  0 1  0  0 0
 0  0 0  0 -1 0
 1  1 0  0  0 0
 0  0 0 -1  0 0
1,1,1,1;1;1 1 4
10 
#1 
6	% 
 0  1  1  1 -1  1
 0  0  0  1 -1  1
 0 -2 -3 -3  1 -2
 0  1  2  2  0  0
 0  0 -1 -1  0  0
 1  0 -1 -1  0  0
1,1,1;1,1;1 1 5
50 
#2 
6	% 
  0 -1 -1 -1  1 0
  0  0  0  0  0 1
  0  0  0  1 -1 0
  0  0  0  0  1 0
 -1 -1  0  0  0 0
 -1  0  0  0  0 0
6	% 
  1  2  2  1  1  0
  0  1  1  0  0  0
  0 -2 -3 -1 -1  0
  0  1  1  1  0  0
  0  0  0  0  0 -1
 -1  0  0  0  0  0
1,1,1;1,1;1 1 10
120 
#1 
6	% 
 -1 -1  1  1  1  0
 -1 -1  1  0  2 -2
  3  3 -3 -2 -4  3
 -1  0  1  0  0  0
  0 -1  0  1  2 -1
 -1  0  0  0  0  0
2-1;1;1;1;1 1 6
10 
#1 
6	% 
  0  0  0 0  0 1
  1  0 -1 0  0 0
  1  0 -1 1 -1 0
  0  0 -1 0 -1 0
 -1 -1  0 0  0 0
  0  0  0 1  0 0
2-1;1,1;1;1 1 5
30 
#1 
6	% 
 -1 0 0  0 0 0
  0 0 0  0 0 1
 -1 0 1  0 1 0
  1 1 0  0 0 0
 -1 0 1  0 0 0
 -1 0 0 -1 0 0
2-1;1,1;1;1 1 9
30 
#1 
6	% 
  0  0  1  1  1  1
 -1  0  1  0  0  0
 -1  0  0 -1 -1 -2
  0 -1 -1  0  0  0
 -1  0  0 -1  0 -1
  0  0  0 -1  0 -1
1,1,1,1;1;1 1 6
10 
#1 
6	% 
  1  0 -1 0  0  0
  1  1  0 0  0  0
  0  0  0 0  0  1
 -3 -1  2 0  1 -1
  2  1 -2 0 -1  1
  0  0  1 1  1  0
1,1,1;1,1;1 1 9
60 
#1 
6	% 
 0  1  1  1 -1  2
 0 -1 -1  0  0  1
 0  0  0 -1  1 -2
 1  1  1  1  0  1
 0  0 -1 -1 -1  0
 1  0 -1 -1 -1  0
1,1,1;1,1;1 1 6
20 
#1 
6	% 
  3  2 -1  1 -1 0
  0  1  1  0  0 0
 -2 -2  0 -1  1 0
  2  1  0  1  0 1
  0  0  0  0  0 1
  1  1  0  1  0 0
1,1;1,1;1;1 1 20
60 
#1 
6	% 
  0  0  0  0  0 1
  2  0 -1  0 -2 0
 -1  0  1  0  2 0
  1  0 -1  0 -1 0
  1  0 -2 -1 -3 0
  0 -1 -1  0 -1 0
1,1;1,1;1;1 1 15
30 
#1 
6	% 
  0 0  0  1 -1  0
  0 0  0  0  0  1
 -1 0  1  0  1 -1
  1 1  0 -1  0  1
  0 0 -1 -1 -1  0
  1 0  0  0  0  0
1,1;1,1;1;1 1 17
60 
#1 
6	% 
  0  0 0  0  0 1
 -1 -1 0  1  1 0
  1  1 0  0 -1 0
 -1 -2 0  0  0 0
  1  1 0 -1  0 0
 -2 -2 1  1  1 0
1,1;1,1;1;1 1 16
60 
#1 
6	% 
  0  2  2  1 -1 0
  0  0  0  0  0 1
  1  1 -1 -1 -1 0
 -1 -2  0  0  1 0
  0 -1  0  0  0 0
 -1 -1  1  1  0 0
1,1;1,1;1;1 1 10
120 
#1 
6	% 
 -2 -2  0  0 0 -3
  0  0  0  1 0  1
  1  1  0  0 0  2
  1  0  0  0 0  0
  0  0  1  1 1  0
  1  0 -1 -1 0  1
1,1;1,1;1;1 1 12
60 
#1 
6	% 
  0  0 0 0 0  1
  0  1 1 0 0  0
  0 -1 0 1 0  1
 -1  0 1 0 1  0
  0  0 1 1 1  1
 -1  0 0 0 0 -1
1,1,1;1;1;1 1 3
10 
#1 
6	% 
  1  0  0  0  0 0
 -1  2  0  1 -1 0
  0  0  0  0  0 1
  0  1  0  0 -1 0
  0 -1  0 -1  1 0
  0  0 -1  0 -1 0
1,1,1;1;1;1 1 4
10 
#1 
6	% 
  1  1  0  0  0  0
  0  0  0  0  0 -1
 -1 -1  0 -1  1  0
  1  0 -1  1 -1  0
  0  0 -1  0 -1  0
  1  0 -1  0 -1  0
1,1;1,1;1,1 1 3
15 
#1 
6	% 
  0 -1 1  2  2  0
 -1  0 0  0  0  0
 -1 -1 0  0  0 -1
  0  1 0 -1 -1  0
  1 -1 0  1  0  0
  2  0 0  1  0  0
1,1;1,1;1;1 1 6
30 
#1 
6	% 
 1  0 0  0  0 0
 0  0 0  2 -2 1
 0 -1 0 -1  1 0
 0  1 0  0  0 0
 0  0 1  0  1 0
 0 -1 0  0  1 0
1,1,1;1;1;1 1 12
30 
#1 
6	% 
 -1  0 0 0 0  0
  0 -1 0 0 0 -1
  1  0 0 0 1  1
 -1  0 1 0 1 -1
  0  1 1 0 0  0
  0  0 1 1 1  0
1,1,1;1;1;1 1 11
10 
#1 
6	% 
 1 0  0  0  0 0
 0 0  0 -1  1 0
 0 0  0  0  0 1
 0 0 -1 -1 -1 0
 0 1  0 -1  0 0
 0 0 -1 -1  0 0
1,1,1;1;1;1 1 8
60 
#1 
6	% 
 0  1  0  0  0 -1
 1  0  0  1 -1  2
 0  0  0  0  1 -1
 0 -1 -1  0  0  0
 1  1  0 -1  1 -2
 0 -1  0  1  0  1
1,1;1,1;1,1 1 4
60 
#1 
6	% 
  0  0 0  0  0 1
  0  2 1 -1 -1 0
  0  0 0  0  1 0
  1  0 0  0  0 0
 -1 -1 0  0  0 0
  0  1 0 -1  0 0
1,1;1,1;1,1 1 6
60 
#1 
6	% 
 -1  0 0  0 0 1
  0  0 0 -1 0 0
  1  0 0  0 0 0
 -1  0 1  0 0 0
  0 -1 0  1 1 0
  1  0 0  0 1 0
1,1;1,1;1;1 1 3
15 
#1 
6	% 
  7  3 -4  0 0 0
  0  0  1  1 1 0
  0  0  0  0 0 1
 -5 -2  3  0 0 0
  2  1 -2 -1 0 0
  3  1 -2 -1 0 0
3;1,1,1 2 2
10 
#1 
6	% 
 -1  0  0  0  0  0
 -1  0  0  0  0 -1
 -1  0  0 -1  0 -1
  0  0  1  1  1  0
 -1 -1 -1 -1 -1  0
  0  0  0  0 -1  1
2-2;1,1,1;1 1 6
40 
#1 
6	% 
  0  0  0  0  0  1
  0  1  1  0  0  0
  1  1  0  0  0  0
  0  2  1  0 -1  1
 -1  0  0  0  0  0
  0 -2 -2 -1  0 -1
2-2;1,1;1;1 1 7
160 
#2 
6	% 
  0  0 0  0 0 1
 -1 -1 0  0 1 0
  1  1 0 -1 0 0
  0  1 1  0 0 0
  1  0 0  0 0 0
  1  1 0  0 0 0
6	% 
  0  0  0  0  0 1
  1  0  0 -1  0 0
  0 -1 -1  1  0 0
 -1 -1 -1  2 -1 0
 -1 -1  0  2  1 0
  0  0 -1  1  0 0
1,1;1;1;1;1 1 6
10 
#1 
6	% 
 0  0 0 -1  1 0
 0  0 0  0  0 1
 0 -1 0 -1  1 0
 0  0 1  0  1 0
 1  1 0  1 -1 0
 0 -1 0  0  1 0
2-2;1,1;1;1 1 10
40 
#1 
6	% 
 -2 -1 -1 0  0 0
  0  0  0 0  0 1
  0  0  1 1  1 0
  0  0  0 1  0 0
  1  1  0 0  0 0
  0  0  0 0 -1 0
1,1;1;1;1;1 1 35
60 
#1 
6	% 
  0 0  0  0 0 1
  0 0 -1 -2 0 0
  1 1  1  1 1 0
  0 1  1  0 0 0
 -1 0  0 -1 0 0
  0 0  0 -1 0 0
1,1;1;1;1;1 1 12
60 
#1 
6	% 
  0  0  0  0  0 1
 -1 -1  0 -2  1 0
  0  1  1  0  0 0
  3  3  1  3 -1 0
  2  2  1  2 -1 0
 -2 -2 -1 -4  2 0
1,1;1;1;1;1 1 17
30 
#1 
6	% 
  0  0  0 1 -1 0
  0  0  0 0  0 1
  0 -1  0 0  1 0
 -1 -1 -1 0 -1 0
  0 -1 -1 0  0 0
  1  0  0 0  0 0
4-3;1;1 1 4
16 
#1 
6	% 
  0  0  0  0  0 1
 -1 -1 -1  0 -1 0
  1  0  0  0  1 0
  0  0  0  0  1 0
  0  0  0 -1  1 0
 -1 -1  0  1 -1 0
3;1,1;1 2 2
10 
#1 
6	% 
 -2 -1 -1  0  0 0
  0  0  0  0  0 1
 -2 -1 -1  0 -1 0
  0  0  1  1  1 0
 -1 -1 -1 -1 -1 0
  1  0  0  0 -1 0
3;1,1;1 1 6
40 
#1 
6	% 
 -1 1 1 -1 0 0
  0 0 0  0 0 1
  0 1 0 -1 0 0
 -1 0 1  0 1 0
  1 0 0  0 1 0
  0 0 0  1 0 0
1,1;1;1;1;1 1 36
60 
#1 
6	% 
  0  0  0  0  0 1
  0  0  0  1  0 0
 -2  0  1  1  0 0
  2  1 -1 -1 -1 0
 -1 -1  0  0  0 0
  1  0  0  0  0 0
1,1;1;1;1;1 1 46
40 
#1 
6	% 
  1  1 1 0 1 0
  0  0 0 0 0 1
 -1 -1 0 1 0 0
  1  0 0 0 1 0
  0  1 1 0 1 0
  0  0 1 0 1 0
1,1;1;1;1;1 1 41
15 
#1 
6	% 
  0  0  0 1 -1 3
 -1 -1  0 0  0 0
 -1  0  1 1  0 1
  1  0  0 0  0 0
 -1  0  0 0 -1 1
  0 -1 -1 0  0 0
1,1;1;1;1;1 1 56
10 
#1 
6	% 
  0  0 0 0 0 1
  0 -1 0 0 1 0
  0  0 1 1 1 0
 -1 -1 0 0 0 0
  0  1 1 0 0 0
  1  0 0 0 0 0
1;1;1;1;1;1 1 39
10 
#1 
6	% 
  0  0  0  0  0 1
  0  1  0 -1  0 0
  0  0 -1 -1 -1 0
 -1 -1  0  0  0 0
  0 -1 -1  0  0 0
 -1  0  0  0  0 0
1;1;1;1;1;1 1 25
15 
#1 
6	% 
  0  0  0 0  0 1
  0  1  0 0 -1 0
  1  1  0 0 -1 0
  0 -1 -1 0  0 0
 -1 -1  0 0  0 0
  0  0  1 1  1 0
2-2;1,1;1;1 1 17
40 
#1 
6	% 
  0 -1 -1  0  0  0
 -1 -1 -1  0 -1 -2
 -1 -1  0  1 -1 -3
  0  1  1  0  1  2
 -1 -1 -1 -1 -1 -3
  0  0 -1  0 -2 -3
1,1;1;1;1;1 1 39
60 
#1 
6	% 
  1  1  1  1  1 1
 -1  0  0  0  0 0
  0  0 -1 -1 -1 0
 -1 -1 -1  0 -1 0
  1  0  0  0  1 0
 -1 -1  0  0  0 0
1,1;1;1;1;1 1 55
40 
#1 
6	% 
 -2 -2 -2 -1 -1 -1
 -1 -1 -1 -1  0  0
  0  0  1  1  1  0
 -1 -1  0  0  0  0
  1  0  0  0  0  0
  0 -1 -1  0  0  0
4-3;1,1 1 2
16 
#1 
6	% 
  0  0 0 -1 0 -2
 -1  0 0  0 0  1
  0  1 1  0 0 -1
  0  0 0 -1 1 -1
 -1 -1 0  0 0 -1
  0  0 1  1 1  1
3;1,1;1 2 7
20 
#1 
6	% 
  0  0  0  0 0 1
  1  0 -1 -1 0 0
 -1  0  1  0 1 0
  1  0  0  1 0 0
  0 -1 -1  0 0 0
  1  0  0  0 0 0
2-2;1,1;1;1 1 19
80 
#1 
6	% 
 -1 -1 -1  0  0 -1
  1  1  1  0  1  1
  0 -1  0  1  0  0
 -1 -1  0  0  0  0
  0  0 -1 -1 -1  0
  0  0  0 -1  1  0
3;1,1;1 1 14
40 
#1 
6	% 
 -1 -1 1 1 1 0
  0 -1 0 1 1 0
 -1  0 1 1 1 0
 -1 -1 1 2 1 1
  0  0 0 0 0 1
  0  0 1 1 1 0
3;1,1;1 1 10
40 
#1 
6	% 
 -2 -2 -2 -1 -1 -1
  0  0  0  0 -1  0
 -2 -2 -1  0  0 -1
 -1 -1 -2 -1 -1 -1
 -2 -1 -1 -1 -1 -1
  1  2  2  1  1  1
3;1;1;1 2 8
10 
#1 
6	% 
  0  0  0  0  0 1
  0  1  0  0 -1 0
  0 -1 -1 -1  0 0
  0  1  1  0  1 0
 -1  0  0  0  0 0
  1  1  0  0  0 0
3;2-1;1 2 2
10 
#1 
6	% 
 0 0  0  0  0 1
 1 1  0  1 -1 0
 0 1  0  1 -1 0
 0 1  0  0 -1 0
 0 0  0 -1  1 0
 0 0 -1  0 -1 0
2-2;1;1;1;1 1 15
40 
#1 
6	% 
 0 0  0  0  0 1
 0 0 -1 -1  0 0
 1 0 -1 -1  0 0
 0 0  1  1  1 0
 0 0  0  1 -1 0
 1 1  0  0  0 0
3;1;1;1 1 15
40 
#1 
6	% 
  0  0  0 0  0 1
  0  0  0 0 -1 0
 -1  0  0 0  0 0
  0 -1 -1 0  0 0
 -1 -1  0 0  0 0
  0  0  1 1  1 0
2-2;1,1;1;1 1 9
40 
#1 
6	% 
 0  1  1  1  0  2
 1  0  0  0  0  0
 0  0 -1 -1  0 -2
 0  0 -1 -1 -1 -1
 0 -1 -1  0  0 -1
 0  0  0 -1  1 -1
1,1;1;1;1;1 1 8
5 
#1 
6	% 
 0 0  0  0  0 1
 0 1  1  0  0 0
 1 0 -1  0  0 0
 0 0 -1  0  0 0
 0 0 -1  0 -1 0
 0 0 -1 -1  0 0
1,1;1;1;1;1 1 18
30 
#1 
6	% 
 0 0  0  0  0  1
 0 0  0 -1  1 -2
 0 1  1  1  0  1
 0 0 -1  0 -1  1
 0 0 -1 -1 -1  0
 1 1  0  0  0  0
1,1;1;1;1;1 1 15
20 
#1 
6	% 
 0 0 0 0  0 -1
 1 0 0 1  0 -1
 1 1 0 0  0  0
 0 1 1 1  0  0
 0 0 0 1 -1 -1
 0 1 1 0  0  1
3;1,1;1 2 5
20 
#1 
6	% 
  0  0  0  0  0 1
 -1 -1 -1 -1 -1 0
 -1  0  0 -1 -1 0
 -1  0  0  0 -1 0
  1  1  0  0  0 0
  0  0  0  0 -1 0
2-2;1,1;1;1 1 13
80 
#1 
6	% 
  0  0  0 -1 1 -1
 -1 -1  0  0 1 -1
  1  0 -1 -1 0 -1
  0 -1 -1  0 0  0
  1  1  0  0 0  0
  0  0  1  1 1  0
3;1;1;1 2 4
10 
#1 
6	% 
  0 0 0  0  0 1
  0 1 0 -1 -1 0
 -1 0 0 -1 -1 0
 -1 0 0 -1  0 0
  0 0 1  1  1 0
  0 0 0 -1  0 0
1;1;1;1;1;1 1 11
10 
#1 
6	% 
 0  0  0  0  0 1
 0 -1  0  1  0 0
 0 -1 -1  0  0 0
 1  0 -1  0 -1 0
 1  0  0  0  0 0
 0  0 -1 -1 -1 0
2-2;1;1;1;1 1 8
40 
#1 
6	% 
 0 0  0  0  0 1
 0 0 -1 -1  0 0
 0 1  0 -1  0 0
 0 0  0  1 -1 0
 0 0  1  1  1 0
 1 0  0  0  0 0
1;1;1;1;1;1 1 5
1 
#1 
6	% 
  0  0 0  0 0 1
  0  0 1  2 0 0
 -1  0 1  2 0 0
 -1 -1 0  1 0 0
  0  0 0 -1 1 0
  0  0 0  1 0 0
