#64

4-3;2-2 2 1
1 
#1 
6	% 
 1 0 0 0 0 0
 0 1 0 0 0 0
 0 0 1 0 0 0
 0 0 0 1 0 0
 0 0 0 0 1 0
 0 0 0 0 0 1
1,1,1,1,1,1 1 1
1 
#1 
6	% 
 1 0 0 0 0 0
 0 1 0 0 0 0
 0 0 1 0 0 0
 0 0 0 1 0 0
 0 0 0 0 1 0
 0 0 0 0 0 1
1,1,1,1,1;1 1 2
16 
#3 
6	% 
  0  0  1 1  0 1
  0 -1  0 0  0 0
 -1 -1  1 0  0 0
  0  0  1 0  0 1
  0  1 -1 0 -1 0
  0 -1  1 0 -1 1
6	% 
  0  0 0  1  0 -1
  0  1 0  0  0 -1
  1  1 1  1  1  0
  0  0 0  0  1 -1
 -1 -1 0 -1 -1  1
  0  1 1  1  1 -1
6	% 
 0  1  0 -1  0  0
 0  1  0  0  0  0
 0  1 -1 -1  0  0
 1  2  1  1  2 -1
 0 -2  0  0 -1  0
 0  2  0  0  1 -1
2-1;1,1,1;1 1 8
30 
#2 
6	% 
  0  0  0  0  0  1
  0  0  0  0 -1  1
  0 -1  0  0  1 -1
  1  0  0  0  1 -1
  0  0 -1  0 -1  1
 -1 -1 -1 -1 -1  1
6	% 
 0 0  0 0  1  0
 0 0  0 0  1  1
 0 1  0 0 -1 -1
 1 0  0 0 -1 -1
 0 0 -1 0  1  1
 1 1  1 1  1  1
1,1,1;1,1,1 1 2
10 
#1 
6	% 
  0  0 -2 -1  0  0
 -1  0  0  0  0  0
 -1 -2 -1 -1 -1 -1
  0  0  0  0 -1  0
  1  1  1  1  1  0
  0  1  0  0  1  0
1,1,1,1;1,1 1 1
1 
#1 
6	% 
  0 -1 -1 -1 0  0
 -1  0 -1 -1 0  0
 -1 -1  0 -1 0  0
  1  1  1  1 0  0
  0  0  0  0 0 -1
  0  0  0  0 1  1
2-1;1,1;1,1 1 11
90 
#2 
6	% 
 -1  0 -1 -1  1 -1
 -1  0 -1  0 -1  0
 -1  0  0 -1  1 -1
  0  1  0  1 -1  0
 -1 -1 -1  0 -1  0
  0  0  1  1 -1  1
6	% 
  2  0  2  2  1  0
 -2  0 -2  0 -1  1
  2  0  1  0  1 -1
 -2 -1 -2 -2 -1  0
 -1  1 -1 -1 -1  0
 -1  0 -2  0 -1  1
1,1,1,1;1,1 1 3
90 
#4 
6	% 
 -2  0  2  1  2 -1
 -1  0  0 -2  0  0
  0 -1 -2 -2 -1 -1
  1  1  0  2  0  1
  0  1  1 -1  0  1
 -1 -1  1  1  1 -2
6	% 
  0  0  0 -1  0  2
 -1 -1 -1 -1  0  0
 -1  0  1  0 -1  0
  1  1  0  1  0 -1
  0 -1 -1 -1  0  1
 -1  0  1  0 -1  1
6	% 
  1  0  1  2  1  0
  1  0  1  0  1  1
  0  1  1  0  0  0
 -2 -1 -2 -2 -1 -1
  1 -1  1  1  1  1
  0  1  1  1  0  0
6	% 
  0  0 0 0  0 -1
  0 -1 1 0 -1 -1
  0  0 1 1  0  0
  1  1 1 1  1  1
 -1  0 0 0 -1 -1
  0  1 0 1  0  0
1,1,1;1,1,1 1 4
90 
#2 
6	% 
  0  0 -1  0  1 -2
  0  1  0  0  1 -1
  0 -1  0  0 -2  2
  1  0  0  0  1  1
 -1 -1 -1 -1 -2  0
  1  1  1  1  1  0
6	% 
 -1  0 -1  0  0 -1
  0  0 -1  0  0  0
  1  0  2  1  1  0
 -1  0 -1 -1  0 -1
  1 -1  1  0 -1  1
  0  1  0  0  0  0
2-2;1,1,1,1 1 2
10 
#1 
6	% 
  1  0  0  0  0  0
  2  1  1  1  1  1
  1  0  0  0  0 -1
 -2 -1 -1  0 -1  0
  2  1  0  1  1  0
 -2  0 -1 -1 -1  0
2-2;1,1,1,1 1 1
1 
#1 
6	% 
  0  0  0  0 0 1
  0  0  0  0 1 0
  0 -1 -1 -1 0 0
 -1  0 -1 -1 0 0
 -1 -1  0 -1 0 0
  1  1  1  1 0 0
2-2',2-2';1,1 1 2
20 
#1 
6	% 
  1  0  0  0 0  0
  0  1 -1  0 1  0
  0  0 -1  1 1 -1
 -1  0  0 -1 0  0
  1  0  1  0 0  0
 -1 -1  0  0 0  0
1,1,1;1,1;1 1 12
360 
#6 
6	% 
  2  0  0 -2 0  1
  2 -1  1 -2 0  0
 -5  1 -1  5 0 -2
  1 -1  0 -1 0  0
 -2  1  0  3 0 -1
  1  0  0 -1 1  0
6	% 
  2  2  2  2 0  3
  2  1  1  2 0  0
 -5 -4 -4 -5 0 -4
  1  1  0  1 0  0
 -2 -2 -2 -3 0 -2
  1  1  1  1 1  1
6	% 
  1  0  1  0  0  0
  2  1  2  1  1 -2
 -4 -1 -4 -1 -2  4
  1  1  1  0  1 -1
 -2 -1 -2  0 -2  2
  1  0  0  0  0  0
6	% 
 1 0 1  0  0  0
 0 0 0  0  0  1
 0 1 0  1  0 -1
 0 1 0 -1  1  0
 0 0 0  1 -1  0
 1 0 0  0  0  0
6	% 
  2  0  0 -2  2 -1
  2  1 -1 -2  4 -2
 -5 -1  1  5 -8  4
  1  0 -1 -1  2 -1
 -2  0  1  3 -4  2
  1  0  0 -1  1 -1
6	% 
 -2 -2 -2 -2 -2  1
 -2 -3 -3 -2 -4  2
  5  6  6  5  8 -4
 -1 -1 -2 -1 -2  1
  3  3  3  2  4 -2
 -1 -1 -1 -1 -1  1
2-2;1,1,1;1 1 5
70 
#3 
6	% 
 0 0 -1 0  0  1
 0 0  0 0 -1  1
 0 0  0 0 -1  0
 0 0  1 1  0 -1
 0 1  1 0  0 -1
 1 0  1 0  0 -1
6	% 
  0  0  0  0  1  0
  0  0  1  0  3  1
 -1  0  0  0 -3 -1
 -1 -1 -1  0 -4 -1
 -1  0 -1 -1 -4 -1
  0  1  0  1 -4 -1
6	% 
  1  0  0 -1  0 0
  0  0  0  0  1 0
  0  0  0  0 -1 1
 -1 -1 -1  0  0 0
  0  1  0  1  0 0
  0  0  1  1  0 0
1,1,1;1,1;1 1 9
90 
#3 
6	% 
 -1 0  0 -1 0  0
  0 0  1  0 0  0
  1 1 -1  1 0  0
  0 0  0 -1 0  1
  0 0  0  0 1  0
  0 0  0  0 2 -1
6	% 
 -1 -2 -1 -1  0 0
  0  0  0  0  1 1
  1  2  1  1 -1 0
  0 -1  0  0  0 0
 -1  0  0  0  0 0
 -1  0  0  1  0 0
6	% 
  1 0 1  1  0  0
  0 0 1  1  0  0
 -1 0 0 -1  0  0
  1 1 1  1  0  0
  0 0 0  0  0 -1
  0 0 0  0 -1  0
1,1,1,1;1;1 1 5
75 
#3 
6	% 
  1  1  0  1  0  2
  1  1  1  1  0  1
  1  1  0  0  0  1
 -1 -1 -1 -1 -1 -1
  1  1  1  1 -1  2
  0 -1  0 -1  0 -1
6	% 
  0  0  0  0  1 1
 -1 -1 -1 -1  1 0
  0 -1  0  0  1 0
  1  1  0  1 -2 0
  0 -1 -1 -1  2 0
  0  0  0  1 -1 0
6	% 
 0  1  0  0  0  0
 0  1  0 -1  0  0
 0  1 -1  0  0  0
 0 -2  0  0 -1  1
 0  2  0  0  0 -1
 1 -1  0  0  0  0
1,1,1,1;1;1 1 3
3 
#1 
6	% 
  0 -1 -1 -1  0  0
 -1  0 -1 -1  0  0
 -1 -1  0 -1  0  0
  1  1  1  1  0  0
  0  0  0  0 -1  0
  0  0  0  0  1 -1
4-3';1;1 1 2
18 
#1 
6	% 
 -1  0 -1  0  0 0
  1  1  1  0  0 0
  0 -1 -1  0  0 0
 -1  0  0 -1  0 0
  0  0  0  0  1 0
  0  0  0  0 -1 1
2-1;1,1;1;1 1 26
15 
#1 
6	% 
 0 0  0 0 0 -1
 0 0  0 0 1  1
 0 1  0 0 0  0
 1 0  0 0 0  0
 0 0 -1 0 0  0
 1 1  1 1 0  0
2-2;2-1;1;1 1 11
15 
#1 
6	% 
 0 0  0 0 0 1
 0 0  0 0 1 0
 0 1  0 0 0 0
 1 0  0 0 0 0
 0 0 -1 0 0 0
 1 1  1 1 0 0
2-1;1,1;1;1 1 32
180 
#4 
6	% 
  2  0  2  1  1 -1
 -2  0 -2 -1  0  1
  4  0  3  2  1 -2
 -3  1 -3 -1 -1  2
 -4 -1 -4 -2 -1  2
 -3  0 -4 -2 -1  2
6	% 
  0  0 0 0 -1  0
  0  0 0 0 -1  1
 -1  0 0 0  0 -1
  1  1 1 1  0  1
  0 -1 0 0  0  1
  0  0 1 0  0  1
6	% 
 0  0  0 0 -1  0
 0  0  0 0  1 -1
 1  0  0 0 -2  1
 1  1  1 1  2 -1
 0 -1  0 0  2 -1
 0  0 -1 0  2 -1
6	% 
 0  0  0 0 -1  0
 0  0  0 0 -1  1
 1  0  0 0  0 -1
 1  1  1 1  0  1
 0 -1  0 0  0  1
 0  0 -1 0  0  1
2-2;1,1;1,1 1 3
10 
#1 
6	% 
  1  0  0 -1 0  0
  0  0  0  0 0 -1
  0  0  0  0 1  1
 -1 -1 -1  0 0  0
  0  0 -1 -1 0  0
  0  1  0  1 0  0
1,1;1,1;1;1 1 9
15 
#1 
6	% 
  0  0  0  0 1 0
  0  0  0  0 0 1
  0 -1  0  0 0 0
  0  0 -1 -1 0 0
 -1 -1 -1 -1 0 0
  1  0  1  0 0 0
2-2;1,1,1;1 1 2
10 
#1 
6	% 
  0  0 -2 -1 0 0
 -1  0  0  0 0 0
  0 -1  0  0 0 0
  0  0  0  0 0 1
  0  0  0  0 1 0
 -1 -1 -1 -1 0 0
2-2;1,1,1;1 1 6
10 
#1 
6	% 
  0  0 0 0 0 1
  0  0 0 0 1 0
 -1  0 0 0 0 0
 -1 -1 0 0 0 0
  0  0 0 1 0 0
  1  1 1 0 0 0
1,1;1,1;1;1 1 25
180 
#2 
6	% 
  0  1  0  0 0  0
  1  0  1  0 0  0
 -1 -2 -1 -1 0  1
  1  1  1  1 0  0
  1  2  1  1 1 -1
  0  0 -1 -1 0  0
6	% 
  0  1  0  0  0  1
  1  0  1  0  0  0
 -1 -2 -1 -1 -1 -2
  1  1  1  1  0  1
  1  2  1  1 -1  3
  0  0 -1 -1  0  0
2-2;2-2;1;1 1 7
10 
#1 
6	% 
  0  0 0 0  0 1
  0  0 0 0 -1 1
 -1 -1 0 0  0 0
 -1  0 0 0  0 0
  0  0 0 1  0 0
  1  1 1 0  0 0
1,1,1;1,1;1 1 2
10 
#1 
6	% 
  1 0 1  1 0 0
  0 0 1  1 0 0
 -1 0 0 -1 0 0
  0 0 0  0 1 0
  0 0 0  0 0 1
  1 1 1  1 0 0
2-2',2-2';1;1 1 4
20 
#1 
6	% 
 1 1 1  2  0 -1
 1 2 1  1  1 -1
 1 1 0  0  1 -1
 0 1 0  0  1 -1
 0 0 0 -1  1  0
 0 0 1  1 -1  0
1,1;1,1;1;1 1 34
45 
#1 
6	% 
  0  0 -1  0 0 0
 -1  0  0  0 0 0
  0  0  0  0 0 1
  0  0  0 -1 0 0
  0 -1  0  0 0 0
  0  0  0  0 1 0
1,1;1,1;1,1 1 5
15 
#1 
6	% 
  0  0 0  0 0 -1
  0  0 0  0 1  1
  1  0 1  0 0  0
 -1  0 0  0 0  0
  0 -1 0 -1 0  0
  0  0 0  1 0  0
2-2;2-2;1,1 1 3
10 
#1 
6	% 
  1  1  1  1 0 0
  0  0  0  0 0 1
  0  0  0  0 1 0
 -1 -1 -1  0 0 0
  1  0  1  1 0 0
  0 -1 -1 -1 0 0
1,1,1;1;1;1 1 10
30 
#1 
6	% 
  0 -1 1 0 0  0
  0  1 0 0 0  0
  0  0 0 1 0  0
  0  0 0 0 0 -1
  0  0 0 0 1  0
 -1  0 0 0 0  0
4-3';1,1 1 1
6 
#1 
6	% 
 -1  0 -1  0 0 0
  1  1  1  0 0 0
  0 -1 -1  0 0 0
 -1  0  0 -1 0 0
  0  0  0  0 1 0
  0  0  0  0 0 1
2-1;1;1;1;1 1 35
45 
#1 
6	% 
  0 0  0 0 -1  0
  0 0  0 0  1 -1
  0 1  0 0  0  0
 -1 0  0 0  0  0
  0 0 -1 0  0  0
  1 1  1 1  0  0
1,1,1;1;1;1 1 15
90 
#2 
6	% 
  0 1  0  0  0 0
  0 0  0  1  0 0
  1 0  1  1  1 0
  1 1  1  1  0 0
 -1 0 -1 -1 -1 1
 -1 0  0  0  0 0
6	% 
  0  0 1 0  0  0
  0  0 0 0 -1  0
  0  0 0 1  0  1
 -1  0 0 0  0  0
  0 -1 0 0  0 -1
  0  0 0 0 -1  1
2-2,2-2;1,1 1 2
60 
#1 
6	% 
  0  0  2  1  0  0
 -2 -1 -1 -1 -2  0
 -1 -2 -1 -1  0 -2
 -2  0 -1 -1 -2  1
  0  2  1  1 -1  2
  2  2  1  1  1  1
2-2;1,1;1,1 1 6
60 
#2 
6	% 
  1  0  1  1 -1  1
 -1  0 -1 -1  1  0
  0  1 -1  0  1  1
 -1  0 -2 -2  2 -1
  2  0  1  2 -2  1
 -2 -1 -1 -1  1 -2
6	% 
 1 0 -1  0 1  0
 1 0 -1  0 1 -1
 0 1  1  1 0  0
 0 0  0  1 0  0
 1 1  1  1 0  0
 0 0 -1 -1 0  0
1,1;1,1;1,1 1 10
90 
#1 
6	% 
 -1  0 0 1 -1  0
  0 -1 0 0  0 -1
  1  0 0 0  0  0
 -1  0 0 1 -1  1
  0  0 0 1  0  0
  1  1 1 1  0  1
2-2,2-2;1,1 2 2
60 
#1 
6	% 
 0 1 0  0  0 0
 0 0 0  0  0 1
 0 0 0  0 -1 1
 0 0 1  0  0 0
 0 0 0 -1  0 0
 1 0 0  0  0 0
2-2;1,1;1,1 1 5
15 
#1 
6	% 
  0 0  0  0  0 1
  0 0  0  0 -1 1
 -1 1  1  0  0 0
  1 0  0  1  0 0
  0 1  2  1  0 0
  0 0 -1 -1  0 0
1,1,1;1;1;1 1 19
20 
#2 
6	% 
  0  0  0  0  2 1
  0  0  0  0  1 1
  0 -1  0  0 -1 0
 -1 -1 -1 -1  1 0
  0  0  1  0  1 0
  1  0  0  0  1 0
6	% 
  0  0  0  0 1 1
  0  0  0  0 0 1
  0 -1  0  0 0 0
 -1  0  0  0 0 0
 -1 -1 -1 -1 0 0
  0  0 -1  0 0 0
1,1;1,1;1;1 1 39
180 
#3 
6	% 
  0 0  0  1  1 -1
  0 0  0  1  0  1
  1 1  1  0  0 -1
 -1 0  0 -1 -1  1
  0 1  0  1  0  1
  0 0 -1 -1 -1  1
6	% 
  1  0  1  1  1  0
  1  0  1  0 -1  1
 -1  0  0  0  1 -1
  0  1  0  0 -1  0
  0  0  1  0 -1  1
 -1 -1 -1 -1 -1  0
6	% 
  2  1  1  1  2 -1
  0 -1  1  0 -1 -1
  1  0  0  0  1  0
  0  0  1  0 -1  0
 -1 -1 -1 -1 -1  0
  0 -1  0  0 -1  0
3;1,1,1 1 3
5 
#1 
6	% 
  0  0  0  0  1  0
  0  0  0  0  1  1
  0 -1  0  0  1  1
 -1  0  0  0  1  1
  0  0  1  0 -1 -1
 -1 -1 -1 -1 -1 -1
2-2,2-2;1;1 2 4
60 
#1 
6	% 
 -2  0  1 1 -2  0
 -1  0 -1 2  0 -2
  0 -1 -1 0  1 -1
  0  0 -1 0  1 -1
  1  0  0 0  1  0
  0  1  1 1 -1  0
2-2,2-2;1;1 1 4
60 
#1 
6	% 
  0  0  0 0  1  0
  0  0  0 0  1 -1
 -1 -1 -1 0 -2  1
  0  0  0 1 -2  1
  0 -1  0 0 -1  2
  1  1  0 0  1 -2
4-3';2-2 1 1
6 
#1 
6	% 
 -1 0  0  0 0  0
  1 1  1  1 0  0
  0 0 -1  0 0  0
  0 0  0 -1 0  0
  0 0  0  0 1  0
  0 0  0  0 1 -1
3;2-2;1 1 4
5 
#1 
6	% 
  0  0  0 0 1  0
  0  0  0 0 1 -1
  0 -1  0 0 0  0
 -1  0  0 0 0  0
  1  1  0 1 0  0
  0  0 -1 0 0  0
1,1;1;1;1;1 1 54
120 
#4 
6	% 
 0 0 0  0 1  0
 0 0 0  0 1 -1
 0 0 0 -1 0  0
 0 1 0  0 0  0
 1 0 0  0 0  0
 0 0 1  0 0  0
6	% 
  0 0 0 0 1  0
  0 0 0 0 1 -1
  0 0 0 1 0  0
  0 1 0 0 0  0
  0 0 1 0 0  0
 -1 0 0 0 0  0
6	% 
  0  0 0  0  1 0
  0  0 0  0 -1 1
  0  0 1  0  0 0
  0 -1 0  0  0 0
  0  0 0 -1  0 0
 -1  0 0  0  0 0
6	% 
 0 0 0  0  1 0
 0 0 0  0 -1 1
 0 0 1  0  0 0
 0 1 0  0  0 0
 1 0 0  0  0 0
 0 0 0 -1  0 0
2-2;1,1;1;1 1 18
60 
#2 
6	% 
 0 0 0 0 1  0
 0 0 0 0 1 -1
 1 0 0 0 0  0
 0 0 0 1 0  0
 0 0 1 0 0 -1
 1 1 0 1 0  1
6	% 
  0  0  0  0 0  1
  0  0  0  0 1 -1
  1  0  0  0 0  0
  0  0  0  1 0  0
 -1 -1 -1 -1 0  0
  1  1  0  1 0  0
1,1;1;1;1;1 1 28
45 
#1 
6	% 
 -1  0 0  0  0  0
  1  0 1  1  0  0
  0  0 0  0 -1  0
  0  0 0  1  0  0
  0  0 0  0  1 -1
 -1 -1 0 -1  0  0
2-2;1,1;1;1 1 16
60 
#2 
6	% 
  0  0 0  0 -1  0
  0  0 0  0 -1  1
  0  1 0  1  0  2
  1  1 1  1  0  4
  0  0 0  1  0 -4
 -1 -1 0 -1  0  2
6	% 
  0  0  0  0 0  1
  0  0  0  0 1 -1
 -1 -1  0  0 0  0
 -1 -1 -1 -1 0  0
  0 -1  0  0 0  0
  1  1  0  1 0  0
3;1,1;1 1 11
30 
#2 
6	% 
 0 0  0  0 -1  0
 0 0  0  0  1 -1
 0 0  0 -1  0 -1
 0 0 -1  0  0 -1
 0 1  0  0  0  1
 1 0  0  0  0  1
6	% 
 0  0 0 0 -1  0
 0  0 0 0 -1  1
 1  0 0 0 -2  1
 0  0 1 0 -2  1
 0 -1 0 0  2 -1
 1  1 1 1  2 -1
2-2;1,1;1;1 1 8
30 
#1 
6	% 
  1  1  1  1  0  0
  0  0  0  0 -1  0
  0  0  0  0  1 -1
 -1 -1 -1  0  0  0
 -1  0 -1 -1  0  0
  0 -1 -1 -1  0  0
4-3;1;1 2 2
3 
#1 
6	% 
  0  0 -1  0  0  0
  0 -1  0  0  0  0
 -1  0  0  0  0  0
  0  0  0 -1  0  0
  0  0  0  0 -1  0
  0  0  0  0  1 -1
3;1,1;1 1 12
5 
#1 
6	% 
 -1 -2 -1 -1 0  0
 -2 -1 -1 -1 0  0
  1  1  2  1 0  0
  0  0  0  0 0 -1
  0  0  0  0 1  1
  1  1  1  1 0  0
2-2;1;1;1;1 1 14
30 
#1 
6	% 
  0  0 0 0 0 1
  0  0 0 0 1 0
  0  1 0 0 0 0
  1  1 1 0 0 0
  1  1 1 1 0 0
 -1 -1 0 0 0 0
2-2;1,1;1;1 1 12
10 
#1 
6	% 
 0 0  0 0 1 0
 0 0  0 0 0 1
 1 1  0 0 0 0
 0 1  0 0 0 0
 0 0 -1 0 0 0
 0 0  1 1 0 0
2-2;1,1;1;1 1 14
15 
#1 
6	% 
  0  0  0  0 0 1
  0  0  0  0 1 0
  0 -1  0  0 0 0
  0  0 -1 -1 0 0
 -1 -1 -1 -1 0 0
  1  0  1  0 0 0
4-3;1,1 2 1
1 
#1 
6	% 
  1  1 1  1 0  0
  0 -1 0  0 0  0
 -1  0 0  0 0  0
  0  0 0 -1 0  0
  0  0 0  0 0 -1
  0  0 0  0 1  1
1;1;1;1;1;1 1 41
15 
#1 
6	% 
 0 0  0 0 0 1
 0 0  0 0 1 0
 0 1  0 0 0 0
 0 0  0 1 0 0
 0 0 -1 0 0 0
 1 0  0 0 0 0
1,1;1;1;1;1 1 48
5 
#1 
6	% 
 0 0  0 0 0 -1
 0 0  0 0 1  1
 0 0  0 1 0  0
 0 0 -1 0 0  0
 0 1  0 0 0  0
 1 0  0 0 0  0
3;1;1;1 1 17
15 
#1 
6	% 
  0  0  0  0 1  0
  0  0  0  0 1 -1
 -1  0  0  0 0  0
  0  0 -1  0 0  0
  0  1  0  0 0  0
 -1 -1 -1 -1 0  0
2-2;1;1;1;1 1 20
5 
#1 
6	% 
  0  0  0 0  0 1
  0  0  0 0 -1 1
  0 -1  0 0  0 0
  1  1  1 1  0 0
  0  0 -1 0  0 0
 -1  0  0 0  0 0
