#34

3;1,1;1 2 5
1 
#1 
6	% 
 1 0 0 0 0 0
 0 1 0 0 0 0
 0 0 1 0 0 0
 0 0 0 1 0 0
 0 0 0 0 1 0
 0 0 0 0 0 1
1,1,1,1,1,1 1 1
1 
#1 
6	% 
 1 0 0 0 0 0
 0 1 0 0 0 0
 0 0 1 0 0 0
 0 0 0 1 0 0
 0 0 0 0 1 0
 0 0 0 0 0 1
2-1;1,1,1,1 1 2
3 
#1 
6	% 
  0 0  0  1  1 -1
  0 0  0  0  1  0
  1 0  1 -1  2 -1
  1 0  1  0  2 -1
  0 1 -1  0  0  0
 -1 0  0  0 -1  1
1,1,1,1;1,1 1 2
7 
#3 
6	% 
  0 1  0  0  0 0
  0 0  1  0  1 0
  0 0  1 -1 -1 1
  1 0  0  0  0 0
 -1 0 -1  1  0 0
 -1 0  0  0  0 1
6	% 
 -1  0 -1 1 -2  1
 -1  0  0 0  0  0
  0  0  0 0 -1  0
  0 -1 -2 0 -3  0
  1  1  2 0  4 -1
 -1  1  1 0  1  1
6	% 
  1  0  0  0  0  0
  1  0 -1  0 -1  0
  0 -1 -1 -1 -3 -1
  0  0  0 -1 -2  1
 -1  1  1  1  3  0
  1 -1 -1  0 -2 -1
1,1,1,1,1;1 1 2
10 
#3 
6	% 
  1  0  0  0  0  0
  0  0  1  0  0  0
  0 -1  0 -1 -1 -1
  1  0  1  0 -1  0
 -1  1 -1  1  1  0
  1 -1  1  0 -1 -1
6	% 
 -1 0  0  1 0  0
  1 0  0  1 1  1
  0 0  0  2 0  1
  0 0 -1  1 0  0
  0 1  0 -2 0 -1
  0 1 -1  2 1  1
6	% 
  1 0 1 -1  1 -1
  1 0 0  0  0  0
  0 0 0 -1  0  1
  1 0 0  0  1  0
 -1 0 0  1 -1  0
  1 1 0 -1  2  0
1,1,1;1,1,1 1 2
4 
#2 
6	% 
  0  0  1 0  1  0
  0 -1 -1 0 -1  0
 -1  0  0 0  0  0
  0  0  0 1  0 -1
  0  1 -1 0  0  1
  0 -1  0 0  0  1
6	% 
  0 -1  1  0  0  0
  0  0 -1  0 -1  0
 -1  0  0  0  0  0
 -1  0 -1  1 -2  1
  1  1  1  0  3 -1
  1 -1  0 -1  0  0
2-1;1,1;1,1 1 4
3 
#1 
6	% 
  0  0  0  0 -1 0
  1  0  0  0  0 0
  1  0  0 -1  0 0
  0 -1  1  0  0 0
  0  0 -1  0 -1 0
 -1  0 -1  0  0 1
2-1;1,1,1;1 1 5
6 
#2 
6	% 
 1  0 1 -1  1 -1
 1  0 1 -1  0 -1
 0  0 0  0  0  1
 0 -1 0  0 -1  0
 0  0 1  0  1  0
 0  0 0  1  0  0
6	% 
 0  0 0 -1  0 1
 1  0 1 -2  0 0
 0  0 0  1  1 0
 0 -1 0  0 -1 0
 0  0 1  0  1 0
 0  0 0  1  0 0
1,1,1;1,1,1 1 3
6 
#1 
6	% 
  0  0  2  0 -1  0
 -1  0  0  0  0  0
  1  1 -1 -1 -1  0
 -1 -1  0  0  0  0
  1  1  1  0  2 -1
 -1 -1  1  0 -1  0
1,1,1,1;1,1 1 3
12 
#2 
6	% 
  1  0  0  0  0  0
  0  0 -2 -1 -1 -1
  0  1 -1  0  1  0
 -1 -1  2  0  0  1
  1 -1 -1 -1 -1  0
  0  1  0  0  0  0
6	% 
  1  0  0  0 0  0
  0  0  1 -1 0 -1
  0  0  0 -1 0  0
  1  1  0  1 1  0
 -1 -1  2 -1 0  0
  0  0 -1  1 0  0
2-2;1,1,1,1 1 2
4 
#1 
6	% 
  1  0 0  0  0  0
  0  0 0  1  0  0
  1  0 0  1  0  1
 -1 -1 0 -1 -1 -1
  1 -1 1  1  0  1
 -1  0 0 -1  1 -1
1,1;1,1;1,1 1 6
6 
#1 
6	% 
 1  0  2 -2  0 -2
 0  0 -1  1  0  0
 0  0 -1  1  0  1
 0  0 -1  1 -1 -1
 0 -1  0 -1  0  1
 0  0 -1  0  0  1
1,1;1,1;1,1 1 3
3 
#1 
6	% 
 0  5 0  2  5 -2
 0  0 0  0  1  0
 1  0 1 -1  0 -1
 0 -3 0 -1 -3  1
 0  1 1  0  0 -1
 0  1 0  1  0  0
1,1,1;1,1;1 1 7
12 
#2 
6	% 
 0  1  3  0  1  0
 0  2  1  1  2 -1
 0 -4 -3 -2 -4  2
 0  1  0  1  1  0
 1  0  0  0  0  0
 0  1  1  0  0  0
6	% 
 0  0 -1  0 -1  0
 0  0 -2 -1 -3 -1
 1  0  4  2  6  2
 0  0 -1  0 -1 -1
 0  0  0  0 -1  0
 0 -1  0  0 -1  0
2-2;1,1;1,1 1 4
4 
#1 
6	% 
 -1  0 -1  1  0  1
  0  0  0 -1  0  0
  0  0  1  0  0 -1
  0 -1  1  1 -1 -1
  0  1  0  1  0 -1
  0  0  1  1  1 -1
1,1,1;1,1;1 1 5
16 
#5 
6	% 
 0  2 -1 0  0  0
 0  1  0 0  0  0
 0 -3  0 0 -1  0
 0  1 -1 1  0  0
 1  0  0 0  0  0
 0  0  0 1  0 -1
6	% 
 0  2  1  1  3 -1
 0  1  0  0  1  0
 0 -2 -2 -1 -4  1
 0  1  0  1  1  0
 1  0  0  0  0  0
 0  0  0  0 -1  0
6	% 
  0 -1  1 -1 -1 -1
 -1  0  1 -1  0 -1
  1  1 -1  1  1  1
  0 -1  1  0 -1 -1
  0 -1  1  0 -2  0
  0  0  0  1  0 -1
6	% 
 0  0 -1  2  0  0
 1  0  0  1  0 -1
 0  0  1 -3  0  1
 0  0  0  1  0  0
 0 -1  1  0 -2  0
 0  1  0  0  1  0
6	% 
  0 0 -1  1 -1  1
  1 0  0  0  0  0
 -1 0  1 -1  2 -1
  0 1 -1  1  0  0
  0 2 -2  1  0 -1
  0 1  0  0  1  0
1,1,1;1,1;1 1 10
12 
#2 
6	% 
  2  1 -1  0  1  0
  2  3 -4  1  3  1
 -5 -5  6 -1 -5 -1
  1  0  0  0  1  0
  1  1 -2  1  1  0
  0  0  0  1  0 -1
6	% 
 0 -1   3 -2  1 -2
 0 -1   4 -3  1 -3
 1  3 -10  7 -3  7
 0 -1   2 -1  0 -1
 0 -1   3 -2  0 -1
 0  1   0  0  1  0
2-2;1,1,1;1 1 5
4 
#1 
6	% 
  1  0  0  0  0 0
  1  0  0  0  1 1
 -1  0  0 -1 -1 0
 -2 -1  0  0 -1 0
 -2  1 -1  0  0 0
 -2  0  0  0 -1 0
1,1,1,1;1;1 1 4
6 
#2 
6	% 
  1  0 0  0  0  0
  0 -1 1  0 -1  0
 -3 -1 0  1  0  1
  2  1 0 -1  1 -1
 -1 -1 0  0 -1  1
 -1 -1 0  1 -1  0
6	% 
 1  0  0  1  1 -1
 0  0  0  1  1 -1
 0  0  1 -3 -1  1
 0  0 -1  2 -1  0
 0  0  1 -1  1  0
 0 -1  1 -1  0  0
1,1,1,1;1;1 1 5
12 
#2 
6	% 
 -1 -1  0  1  0  1
 -1  0 -1  1  0  1
  0 -1  0  1  1  2
  1  2  0 -2 -1 -2
 -1 -1  0  2  1  2
  0  1  0 -2 -1 -1
6	% 
  1  0  1  1  1 -1
  2  0  2  1  2 -1
  0  0  2  0  1 -1
 -1 -1 -1 -1 -2  1
  1 -1  2  1  1 -1
  0  0 -2  0 -2  1
1,1,1,1;1;1 1 6
3 
#1 
6	% 
  1  0  1 -1  2 -1
  1  0  0  0  0  0
  0  0  0  0  1  0
 -1  0 -1  0 -2  1
  1 -1  1  0  1 -1
  0  1 -1  0  0  0
1,1,1;1,1;1 1 9
12 
#2 
6	% 
 0 0 -1  1 -1  1
 1 0  0  0  1  0
 0 0  1 -1  0 -1
 0 0 -2  1 -2  0
 0 1  0  0  1  0
 0 2 -1  0  1  0
6	% 
  0  0  1 -2  0 0
 -1  0  0 -1  0 1
  1  0 -1  2  0 0
  0  0  0 -1  0 0
  0 -1  2  0  0 0
  0 -2  1  0 -1 0
1,1;1,1;1;1 1 10
12 
#2 
6	% 
 1 0  2 -2  0 -2
 0 0 -1  1  0  0
 0 0 -1  1  0  1
 0 0 -1  0 -1  0
 0 1  0  0  0  0
 0 0  0  1  0  0
6	% 
 1  0  2 -2  0 -2
 0  0  0  1  0  0
 0  0 -1  1  0  1
 0 -1  1  0  0  0
 0 -1  0  0 -1  0
 0  0 -1  0 -1  1
2-2;1,1,1;1 1 6
4 
#1 
6	% 
  1  0  0  0  0  0
  1  0  1 -1  0 -1
  0 -1  1  0  0  0
  1 -1  1 -1  0  0
  0  0  0  0  1  0
 -1  0 -1  1 -1  0
1,1;1,1;1;1 1 6
6 
#2 
6	% 
 1 0  0  0  0  0
 0 1  3  0  4  0
 0 0 -2  1 -1  1
 0 0  1 -1  0 -1
 0 0 -1  1  0  0
 0 0 -1  0  0  1
6	% 
 1  0  0  0  0  0
 0  0  0  1 -2 -1
 0  0 -1  0  1  2
 0  0  1 -1  0 -1
 0 -1  0  0  0  1
 0  0  0  0  1  1
1,1;1,1;1;1 1 15
3 
#1 
6	% 
 0  0  0  0 -1 0
 1  0  0  0  0 0
 0  0  1 -1  1 0
 0  0 -1  0  0 1
 0 -1  0  0 -1 0
 0  1 -1  0  0 0
1,1,1;1;1;1 1 12
6 
#2 
6	% 
 1  0  0  0 -1  0
 0  0  1 -1  2 -1
 0 -1  0  0 -1  1
 0  0  0 -1  0  0
 0  1 -1  0  0  0
 0 -1  0  0 -1  0
6	% 
 -1  0  0  0  0  0
  0  0  1 -1  0 -1
  0  1 -1  0  0  1
  0  0  0  0 -1 -1
  0 -1  0  0 -1  0
  0  1 -1  0  0  0
1,1,1;1;1;1 1 4
4 
#2 
6	% 
  1  0  0  0  0 0
 -1  0  0 -1  0 1
  0  0 -1  2  0 0
  0 -1  1 -2 -1 0
  0 -1  1 -1  0 0
  0 -1  1 -1 -1 0
6	% 
  0  0  0  0  1  0
 -1  0  0  0  0  0
  0  0 -1  1 -1  1
  0 -1  1 -1  0 -1
  0 -1  1 -1  0  0
  0 -1  1  0  0 -1
2-1;1,1;1;1 1 9
3 
#1 
6	% 
  1 0  0 0  0 0
  0 0 -1 0 -1 0
 -2 0 -2 1 -1 1
  0 1  0 0  1 0
 -1 0 -1 1  0 0
 -1 0 -1 0  0 1
3;1,1,1 2 2
1 
#1 
6	% 
 -1  0 -1 1 0  1
 -2  0 -1 1 0  1
 -1  0 -1 0 0  1
  0 -1  1 0 0  0
  0  1 -1 0 1  0
  1  0  0 0 0 -1
1,1,1;1;1;1 1 8
6 
#1 
6	% 
 -1 0 -2 -1 -3 -1
  2 1  1  1  3  1
 -1 0 -1  0 -2 -1
  0 0  0  1  0 -1
 -2 1 -2 -1 -2 -1
  1 0  1  1  1  0
2-2;1,1;1;1 1 13
4 
#1 
6	% 
 1  0  0 0  0 0
 0 -1  0 0 -1 1
 0  0 -1 1  0 0
 0 -1  0 0 -1 0
 0  0  0 0  1 0
 0 -1  1 0  0 0
1,1;1;1;1;1 1 18
3 
#1 
6	% 
 1 0  0  0 0  0
 0 0  1 -1 0 -1
 0 0  0  0 1  1
 0 1 -1  1 1  0
 0 1 -1  0 0  0
 0 0  0  0 1  0
1,1;1;1;1;1 1 8
1 
#1 
6	% 
 1 0  0  0 0  0
 0 0  1 -1 0 -1
 0 1 -1  1 1  1
 0 1 -1  1 0  1
 0 1 -1  1 0  0
 0 1 -1  0 0  1
