#5

3,3 9 1
1 
#1 
6	% 
 1 0 0 0 0 0
 0 1 0 0 0 0
 0 0 1 0 0 0
 0 0 0 1 0 0
 0 0 0 0 1 0
 0 0 0 0 0 1
1,1,1,1,1,1 1 1
1 
#1 
6	% 
 1 0 0 0 0 0
 0 1 0 0 0 0
 0 0 1 0 0 0
 0 0 0 1 0 0
 0 0 0 0 1 0
 0 0 0 0 0 1
1,1,1,1;1,1 1 3
3 
#1 
6	% 
  0 1 -1  1 -1  0
  0 0  1 -1  1 -1
 -1 0  1 -1  1  0
  1 0 -1  1 -1  1
  0 1  0 -1  0 -1
  0 0  0  1  1  0
2-2',2-2';1,1 1 3
4 
#1 
6	% 
 -1  0  0 0  0 0
  0 -1 -1 1 -1 0
 -1 -1 -1 0  1 1
  1  1  1 0  0 0
 -1  0 -1 0  1 0
  0 -1  0 0  0 0
1,1;1,1;1,1 1 12
1 
#1 
6	% 
 -1 -1 -1 0  0  1
  1  0  0 1  1 -1
  1  0  0 0 -1 -1
  1  0  1 0  0 -1
 -1  0  0 0  2  0
  0 -1 -1 1  0  0
