#23

1,1;1;1;1;1 1 16
1 
#1 
6	% 
 1 0 0 0 0 0
 0 1 0 0 0 0
 0 0 1 0 0 0
 0 0 0 1 0 0
 0 0 0 0 1 0
 0 0 0 0 0 1
1,1,1,1,1,1 1 1
1 
#1 
6	% 
 1 0 0 0 0 0
 0 1 0 0 0 0
 0 0 1 0 0 0
 0 0 0 1 0 0
 0 0 0 0 1 0
 0 0 0 0 0 1
1,1,1,1;1,1 1 2
2 
#2 
6	% 
 0  0  0  0 -1  0
 0 -1 -1 -1 -1 -1
 0  0 -1  0  0  0
 1  0  0  0  0  0
 0  1  1  1  1  0
 0  0 -1 -1 -1  0
6	% 
  0 1  1  0  1 0
 -1 0  1  0  0 0
  1 0  1  0  1 0
  0 0  0 -1  0 1
  0 0 -1  1 -1 0
  0 1  1  1  1 0
1,1,1,1,1;1 1 2
4 
#2 
6	% 
  0  0  0  1  0  0
  1  0  0  0  0  0
  0 -1 -1  0 -1 -1
  1  0  0  1  0 -1
 -1  1  1 -1  0  1
  1 -1  0  1 -1 -1
6	% 
 -1 -1  1  0  0  0
 -1 -1  0  0  0  0
  0 -2  1  1  0 -1
 -1  0  1  0  1  0
  1  1 -1 -1 -1  0
 -1 -2  1  0  1 -1
1,1,1;1,1,1 1 3
2 
#1 
6	% 
  0 -1 -1 -1 -1 -1
 -1  0  0  0  0  0
  1  1 -1  0  0  0
 -1  0  0  0  0  1
  1  1  0  0  1  0
 -1 -1  0  0  0 -1
1,1,1;1,1,1 1 2
2 
#1 
6	% 
  0  1  0  0  0  0
  1  1  0  1  0  1
  0  0 -1 -1 -1  1
  0  0  0  0  1  0
 -1 -1  1  0  0 -1
  1  1  1  1  0  0
1,1,1,1;1,1 1 1
1 
#1 
6	% 
  0 -1 0 -1  0 -1
 -1  0 0 -1  0 -1
 -1 -1 0  0  0 -1
  1  1 0  1  0  1
  0  0 0  0 -1  0
  0  0 1  0  1  0
1,1,1,1;1,1 1 3
4 
#1 
6	% 
  1 0  0  0  0 0
 -1 0 -1 -1 -1 1
 -1 0  0  0 -1 0
  1 1  1  1  1 0
 -1 0 -1  0 -1 1
  1 0  1  0  0 0
1,1,1;1,1;1 1 5
2 
#1 
6	% 
 0 0  2 1 0 -1
 0 0  1 0 0  0
 0 0 -2 0 1  0
 1 1  1 1 0  0
 1 0  0 0 0  0
 0 1  0 1 0  1
1,1;1,1;1,1 1 2
1 
#1 
6	% 
 -1 -1 0  0  0 0
  0  0 0  0 -1 0
  0  0 1  0  1 0
  0  0 0 -1  0 1
  1  1 0  1  0 0
 -1  0 0  1  0 0
1,1;1,1;1,1 1 6
2 
#1 
6	% 
 1  2  0  0 0  0
 0 -1  0  0 0 -1
 0 -1  0  0 0  0
 0  0  0  0 1  0
 0  0 -1  0 0  0
 0 -1  0 -1 0  0
1,1,1;1,1;1 1 7
4 
#2 
6	% 
 0  0 1  0 -1 0
 0 -1 0 -2  0 0
 0  2 0  3  0 1
 1  0 0 -1  0 0
 1  0 0  0  0 0
 0  0 1  0  0 0
6	% 
 0  2 1 0 1 0
 0  1 0 0 0 0
 1 -2 0 0 0 0
 0  1 0 0 0 1
 0  1 0 1 0 1
 0  1 1 0 0 0
1,1,1;1,1;1 1 9
4 
#1 
6	% 
  2 -1  0  1 0 -1
  1  0  0  0 0  0
 -2  2  0 -1 0  1
  1 -1  0  0 0 -1
  0  1  0  1 1  1
  0  0 -1  0 1  0
1,1,1,1;1;1 1 5
4 
#1 
6	% 
  0  0  1  1  1 -1
 -1  1  1  1  1 -1
  0  1  1  0  1 -1
  1 -2 -1 -1 -2  1
 -1  2  2  1  1 -1
  0 -2 -1 -1 -1  0
1,1,1,1;1;1 1 3
1 
#1 
6	% 
  0 -1 0 -1 0 -1
 -1  0 0 -1 0 -1
 -1 -1 0  0 0 -1
  1  1 0  1 0  1
  0  0 0  0 1  0
  0  0 1  0 0  0
1,1,1;1,1;1 1 2
2 
#1 
6	% 
  2 -1 0  1 0 -1
  1  1 0  0 0  0
 -2  0 0 -1 0  1
  0  0 1  0 0  0
  0  0 0  0 1  0
  1  0 0  1 0  0
1,1,1;1,1;1 1 10
4 
#1 
6	% 
  0 -2 -1  0  1  0
  2 -1  0  0  0  0
 -3  4  1  0 -1  0
  0 -1  0  1  1 -1
  1 -1  0 -1  0  0
  0 -1  0 -1  0 -1
1,1,1,1;1;1 1 4
1 
#1 
6	% 
 1 0 1 0 0 0
 1 0 0 0 0 0
 0 0 0 0 1 0
 0 1 0 0 0 0
 0 0 0 1 0 0
 0 0 0 0 0 1
1,1;1,1;1;1 1 10
4 
#1 
6	% 
 1  2 0  0  0  0
 0 -1 0 -1  0  0
 0 -1 0  0  0  0
 0  0 0  0 -1  0
 0  0 1  0  0  0
 0 -1 0  0  0 -1
1,1;1,1;1;1 1 19
1 
#1 
6	% 
 -1 -1 0  0 0 0
  0  0 0 -1 0 1
  1  1 0  1 0 0
  0  0 0  0 1 0
 -1  0 0  1 0 0
  0  0 1  0 0 0
1,1;1,1;1;1 1 5
1 
#1 
6	% 
 1  2 0  0 0  0
 0  0 1  0 0  0
 0  0 0  0 1  0
 0 -1 0  0 0  0
 0  0 0 -1 0  0
 0  0 0  0 0 -1
1,1,1;1;1;1 1 10
2 
#1 
6	% 
  0  1 0  0  0  0
 -1  1 0 -1  0  1
  1 -1 0  0  0 -1
  0  0 0  0 -1  0
  0  0 1  0  0  0
 -1  0 0 -1  0  0
1,1,1;1;1;1 1 8
2 
#1 
6	% 
 1 2 1 0  1  0
 0 0 1 0  0  0
 0 1 0 1  0  0
 0 0 0 1  0 -1
 0 0 0 0 -1  0
 0 0 0 1  0  0
