#13

2-1;1,1;1;1 1 33
1 
#1 
6	% 
 1 0 0 0 0 0
 0 1 0 0 0 0
 0 0 1 0 0 0
 0 0 0 1 0 0
 0 0 0 0 1 0
 0 0 0 0 0 1
1,1,1,1,1,1 1 1
1 
#1 
6	% 
 1 0 0 0 0 0
 0 1 0 0 0 0
 0 0 1 0 0 0
 0 0 0 1 0 0
 0 0 0 0 1 0
 0 0 0 0 0 1
1,1,1,1;1,1 1 3
5 
#3 
6	% 
 1  0 1 -1 1  0
 1  1 1 -1 0  1
 0  0 0  0 0  1
 0  0 0  1 0 -1
 0  1 1  0 0  0
 0 -1 0  0 0  0
6	% 
  1  0 0  0  0  0
 -1 -1 1 -1 -1 -1
 -1  0 0  0 -1 -1
  1  1 0  1  1  1
 -1  0 1 -1 -1 -1
  1  0 0  1  1  0
6	% 
  0 -1 -1 -2  0 -1
 -1 -1  0 -1  0 -1
  0  0  0  1 -1  1
  1  1  1  0  1 -1
 -1  0  0 -1  1 -2
  0  0 -1  0 -1  1
1,1,1,1,1;1 1 2
3 
#2 
6	% 
  0  0 -1  0  0 0
 -1  0  0  0  0 0
 -1  0 -1  0  1 0
 -1  0 -1  1  0 0
  1 -1  1 -1 -1 0
 -1  0 -1  1  1 1
6	% 
 -1 -1  0 -1  0 -1
 -1  0  0  0  0  0
 -1  0 -1 -1  0 -1
 -1 -1 -1  0  0 -1
  2  1  1  1 -1  2
 -2  0 -2  0 -1 -1
2-1;1,1;1,1 1 9
1 
#1 
6	% 
 0  0  1 -1  1 0
 1  1 -1  1  0 1
 0 -1 -1  1 -1 0
 0  0 -2  1 -1 0
 0  0  1 -2  1 0
 0  0  1 -1  1 1
2-1;1,1,1;1 1 8
1 
#1 
6	% 
  1 0  0  0  0  0
  0 0  0  0  1  0
 -1 0  0  0 -1 -1
 -1 0  0 -1 -1  0
  1 0 -1  0  1  0
  1 1  0  0  1  0
1,1,1;1,1,1 1 3
3 
#2 
6	% 
 -3  0 -1 1  0  0
  0  0 -1 0 -1  1
 -1 -1  1 0  1 -1
  2  0  0 0 -1  1
  1  0  1 0  1  0
 -2  0 -1 1 -1  1
6	% 
 -1  0 -1  0  0  1
  0  0  0  1 -1  1
  0  0  0  0  1  0
  1  0  0  0  0 -1
  0 -1  1 -1  1 -1
 -1  0 -1  0  0  0
1,1,1;1;1;1 1 19
1 
#1 
6	% 
 1  0 0  0 0 0
 0  0 0  0 1 0
 0  0 0  0 0 1
 0  0 0 -1 0 0
 0  0 1  0 0 0
 0 -1 0  0 0 0
1,1;1,1;1;1 1 36
3 
#2 
6	% 
 1  1 -1  1 0  1
 0 -1  0  0 1 -1
 0  0  0 -1 0  0
 0  0  0  0 0 -1
 0  1  0  0 0  0
 0  0  1  0 0  0
6	% 
 1  1 -1  1 0  1
 0 -1  0 -1 1  0
 0  0  0  0 0 -1
 0  0  0 -1 0  0
 0  1  0  0 0  0
 0  0  1  0 0  0
1,1,1,1;1;1 1 5
3 
#2 
6	% 
 -1  0  0  0 1  0
 -1 -1 -1  1 0 -1
 -1  0 -1  0 0  0
  2  1  1 -1 0  0
 -2  0 -1  1 0 -1
  1  0  0 -1 0  0
6	% 
 -1  0  1  0 0  0
  0  1  3  0 0  1
 -1  0  1  0 1  0
  1  0 -2  0 0 -1
 -1  1  2  0 0  0
  1 -1  0 -1 1 -1
1,1,1;1;1;1 1 17
1 
#1 
6	% 
  1  1 1 -1 0  1
 -2  0 0  0 1  0
  1 -1 0  0 0  0
  1  0 0 -1 0  0
 -1  0 1  0 1  0
  1  0 0  0 0 -1
1,1,1;1,1;1 1 11
5 
#3 
6	% 
  2 1  1 -1 0 1
  2 0  1 -1 0 0
 -5 0 -3  3 0 0
  1 1  0 -1 0 0
  1 0  1  0 0 0
  1 0  1 -1 1 0
6	% 
 0 -3  2 -2 0 -3
 0 -2  1 -1 0 -2
 1  7 -4  4 0  7
 0 -2  1 -2 1 -2
 0 -1  1  0 0 -1
 0 -1  1 -1 0 -2
6	% 
 0 -1  1 -1 0 -1
 0  0  0  1 0  1
 1  2 -2  0 0  0
 0  0  1 -1 0  0
 0  0  0  1 0  0
 0 -1  1 -1 1 -1
1,1;1;1;1;1 1 55
1 
#1 
6	% 
 1 1 -1 1 0  1
 0 0  0 0 1  0
 0 0  0 0 0 -1
 0 1  0 0 0  0
 0 0  1 0 0  0
 0 0  0 1 0  0
