#19

2-2;2-1;1;1 1 13
1 
#1 
6	% 
 1 0 0 0 0 0
 0 1 0 0 0 0
 0 0 1 0 0 0
 0 0 0 1 0 0
 0 0 0 0 1 0
 0 0 0 0 0 1
1,1,1,1,1,1 1 1
1 
#1 
6	% 
 1 0 0 0 0 0
 0 1 0 0 0 0
 0 0 1 0 0 0
 0 0 0 1 0 0
 0 0 0 0 1 0
 0 0 0 0 0 1
1,1,1,1;1,1 1 3
9 
#3 
6	% 
  0  0  1  0  0  0
  0  0  1 -1  1  0
  1  1  0  0  0  0
 -1 -2 -1  2  0  1
 -1 -2  0  0  1  0
  1  1  1 -1 -1 -1
6	% 
  0  0 -1 -1  1  0
 -1 -1  0  1 -2 -1
  0  0  1  0  0 -1
  0  1  0 -1  1  1
 -1  0  0  0  0 -1
  0  0  0 -1  1  0
6	% 
  1  0  1  1  0 -1
  0  0  1 -1  0  0
 -1  1  0 -1  1  1
  0 -1 -1  1 -1 -1
  0 -1  1  0 -1 -1
  1  1  0  0  0  0
1,1,1,1,1;1 1 2
5 
#2 
6	% 
 0  1 -1 1 -1  0
 0  1  0 0 -1  0
 0  1 -1 0  0  0
 0  1 -2 0 -2 -1
 1 -2  2 0  1  0
 1  2 -1 0 -2 -1
6	% 
  0 0  0  1 0  0
  1 0  0  1 0 -1
  1 0  1  1 0 -1
  1 1  1  2 1 -2
 -1 0 -1 -2 0  2
  1 0  1  2 1 -1
2-1;1,1,1;1 1 8
1 
#1 
6	% 
  0  0  2  2 -1 -1
  0  0 -1 -1  1  2
  0 -1 -1  0  0  0
 -1  0 -1 -1  1  0
 -1  0  0  1  0  1
  0 -1  1  1  0  0
2-1;1,1;1,1 1 11
3 
#1 
6	% 
  0  0  2 0 -1 -2
  0  0  0 2  0  3
  0 -1  0 0  0 -1
  1  0  0 0  0  0
 -1  0 -1 0  1  1
  0 -1  0 1  0  1
1,1,1;1,1,1 1 4
9 
#2 
6	% 
  0  1 -1 -1  1  2
 -1  0 -1  0  1  1
  1 -1  1  0 -2 -2
  0  1  1  0  2  1
  1 -1  0  1 -2 -2
 -1  0  0  0  1  1
6	% 
 -1 -1  1 -1  1 -1
  0  0  1  0  1  0
  1  0 -1  1 -3  1
 -1 -1  1 -1  2 -2
  0  1 -1  1 -1  0
  0  0  0 -1  1  0
2-2;1,1,1,1 1 2
1 
#1 
6	% 
  0  0 0 -1  0 0
  1  1 0  0 -1 0
  0 -1 0  0  0 0
 -1  0 0  1  2 0
  1  0 0 -1 -1 1
 -1  0 1  2  1 0
1,1,1,1;1;1 1 5
7 
#2 
6	% 
  0 0  0 -2 0 -1
  0 0 -1 -2 0 -1
 -1 0 -1 -1 0  0
  0 1  1  2 0  1
  0 1 -1 -3 0 -1
 -1 0  0  1 1  1
6	% 
 0 0  0  1  0  0
 0 1  0  2  1 -1
 0 0  1  2  1  0
 1 0  0 -3 -1  0
 1 0  1  3  0 -1
 0 0 -1 -2  0  1
1,1,1;1;1;1 1 15
3 
#1 
6	% 
  0  0  1  1 1 0
 -1  0 -1 -1 0 1
  0 -1  0  0 0 0
  0  0 -1 -1 0 1
  0 -1  0  1 0 0
 -1  0  0  1 1 0
2-2;1,1;1,1 1 6
3 
#2 
6	% 
 -2 -1 -1  1 1  1
 -2 -1 -1  0 1  1
  1  1  0 -1 0 -1
  0  0  0  0 1  0
  0  0 -1 -1 0  0
 -1 -1  0  1 0  0
6	% 
  0  1  1  0  1 -1
 -1  0 -1 -1  0  1
 -1  0 -1 -2  0  0
 -1 -1 -2 -1 -2  2
  1  1  2  1  1 -3
  0 -1 -2  0 -1  2
1,1,1;1,1;1 1 12
15 
#3 
6	% 
 0  0  0 -4 -1  1
 0  0 -1 -3 -1  1
 0  0  2  7  2 -2
 1  1  0 -2 -1  0
 0 -1  1  4  1 -1
 0  0  0 -2 -1  0
6	% 
 0  0 -1 -2 -1  1
 0  0 -2 -1 -1  1
 0  0  4  3  2 -2
 0  1 -1 -1  0  1
 0 -1  2  2  0 -2
 1  0  0 -1 -1  0
6	% 
  0  0 -2 -2 -1  1
  1 -1 -1 -1  0 -1
 -1  1  4  4  1  0
  1  0  0 -1  0 -1
  0  1  2  2  0  0
  0  0 -1 -1  0  1
1,1,1;1;1;1 1 19
1 
#1 
6	% 
  0  0  1  1 0 -1
  0  0  1  1 0  0
 -1  0 -1 -1 1  1
  0 -1  1  1 0 -1
  0  1  1  0 0 -1
 -1  0  0  1 0  0
1,1;1,1;1;1 1 39
9 
#2 
6	% 
 0  0  1 -2 -1 -4
 0  0 -2  1  1  4
 1  0  2 -1 -1 -4
 0 -1 -1  2  1  3
 1  0 -1  1  0  3
 0  1 -1  1  1  3
6	% 
  1 -1  0  0  3  3
 -1  1 -1 -1 -3 -3
  0 -1  0  1  2  2
  0  1  0  0 -2 -2
 -1  0 -1  0 -2 -1
 -1  0  0  0 -1 -2
2-2;1,1,1;1 1 5
2 
#1 
6	% 
  0  1  0  0 0  0
 -1  0 -1 -1 0  1
 -1  0  0  1 1  0
  0 -1  1  2 0 -1
  0 -1  0  1 1 -1
  0 -1  1  2 1  0
2-1;1,1;1;1 1 32
3 
#1 
6	% 
  0  0 -1 -1 -2  1
  0  0  1  1  1 -2
  0 -1 -2 -1 -3  3
  1  0  2  2  2 -3
 -1  0  1  2  3 -2
  0 -1  2  2  3 -3
2-2;1,1;1;1 1 16
1 
#1 
6	% 
 -1  0 -1 -1  0  1
 -1  0  0  1  1  0
  0 -1  1  2  0  0
  0  0  1  2  1  0
  0  0  0 -1 -1  1
  0  1  0  0  0 -1
2-2;1;1;1;1 1 22
1 
#1 
6	% 
 0  0 0  1 -1 1
 1  0 1  1 -1 0
 0  1 0 -1  0 0
 1  0 0  0 -1 0
 0  0 0 -1  1 0
 0 -1 0  1 -1 0
1,1;1;1;1;1 1 54
3 
#1 
6	% 
  0  0  1  1  2 -1
  0  0 -1 -1 -1  2
 -1  0 -1  0  0  1
  0 -1  0  0  0  0
  0  1  0 -1  0  0
 -1  0  0  0  1  0
