#136

3;3 2 2
1 
#1 
6	% 
 1 0 0 0 0 0
 0 1 0 0 0 0
 0 0 1 0 0 0
 0 0 0 1 0 0
 0 0 0 0 1 0
 0 0 0 0 0 1
1,1,1,1,1,1 1 1
1 
#1 
6	% 
 1 0 0 0 0 0
 0 1 0 0 0 0
 0 0 1 0 0 0
 0 0 0 1 0 0
 0 0 0 0 1 0
 0 0 0 0 0 1
1,1,1,1,1;1 1 2
18 
#4 
6	% 
  0  0 -1 -1  1  0
 -1  0 -1 -1  2  0
 -1 -1 -1 -2  2  1
  0  0  0  0  1 -1
  1  0  1  2 -3  0
 -1  0 -1 -2  2  0
6	% 
  0  0  0 -1 -1 -1
  0  1  0 -1  0  0
  0  0 -1 -1 -1 -1
  0  1  0  0 -1  0
 -1 -1  1  1  1  1
 -1  2  0 -1 -1  0
6	% 
  0  1 1 -1  1 -1
 -1  0 0  0  0  1
  0  0 0 -1  1  0
  0  1 0  1  2 -2
  0 -1 0  0 -2  1
  0  1 0  0  2 -2
6	% 
 1  1 -1  1  0  1
 1  1 -1  1  1  0
 0  1 -1  1  1  1
 0  1 -1  2  0  0
 0 -2  1 -2 -1 -1
 1  1 -2  2  1  1
1,1,1;1,1,1 1 2
1 
#1 
6	% 
  0 0  0  0 -1 -1
  0 0  0 -1  0 -1
 -1 0  0  0  0  1
  0 1 -1  0  0  0
  1 0  1  0  0 -1
  1 0  1  0  0 -2
2-1;1,1,1,1 1 2
6 
#2 
6	% 
  0  0  0  0 -1  1
  0  0  0  0  0  1
  0 -1  1 -1 -1 -1
  1 -1  0 -1 -1  0
 -1  1  1  0  0  0
  1  0 -1  1  1 -1
6	% 
 1 -1  0  1  0 -1
 0 -1 -1  0  0  1
 0  0 -1  1  0  0
 0 -1 -1  1  0  0
 0  0  0  0 -1  1
 0  1  1 -1  0 -1
1,1,1,1;1,1 1 3
93 
#6 
6	% 
  0  0 1 1  0 -1
  0  2 0 0  0 -1
 -1  1 1 0 -2  1
  0 -1 0 0 -1  1
  0  1 0 0  0 -1
 -1  0 0 0  0  0
6	% 
  0 1 -1  0  0  0
 -1 0  0  0 -2  1
  0 0  1  1  1 -2
  1 0  0 -1  0  1
 -1 0  0 -1 -3  3
  0 0 -1  1  1 -1
6	% 
  0  0  0  0 -1  0
  0  0  0 -1 -1  1
  0  1  0  0  0  0
  1 -1 -1  1  1  1
 -1  0  0 -1 -1  0
  0  1  0  0  0 -1
6	% 
  0 -1  1 -2 -1  2
  1  0  0  0 -2  1
  1  0 -1  1 -1 -1
 -1  0  1  0  2 -1
  0  1  0  0 -1  1
  0 -1  0 -1 -1  1
6	% 
  0  1  0  1  0 -1
  0  1 -1  1  1 -1
  1 -1 -1  0  0  2
 -1  0  1 -1 -1 -1
 -1  1  0  1  1 -3
  1  0  0  0  0  1
6	% 
 -1  0  0  1 1  0
 -2  0  0  1 1  1
  1  0  0 -1 0  0
  2  0 -1 -1 0 -1
 -1 -1  0  1 0  1
 -1  0  0  1 0  1
2-1;1,1,1;1 1 6
54 
#4 
6	% 
 0 -1  1  0 0  0
 0  0  1 -1 0  0
 0  0  0 -1 0  1
 1 -1 -1  0 0  0
 0  1  0  1 0 -1
 0  0  0  1 1 -1
6	% 
 0  1  0  1  0 -1
 0  0  0 -1 -1  1
 1 -1  0 -1  0  0
 0  0  0  0  1 -1
 0  0  0  1 -1  0
 1  0 -1  1  0 -1
6	% 
  0 0 0  1 1 -1
  0 0 1 -1 0  0
  0 0 0 -1 0  1
 -1 0 0  0 0  1
  0 1 0  1 0 -1
  0 0 0  1 0  0
6	% 
  1  0  0  0  0 -1
 -1  1 -1  1 -1  1
 -2  1  0  1  0  1
  0  0  0  0  1  0
  1 -1  1 -1 -1  0
  1  0  1 -1  0 -1
2-1;1,1,1;1 1 5
3 
#1 
6	% 
  0  0  0 1 1  1
  0  0  0 1 0  0
  1 -1  0 0 0  0
 -1  1  1 0 0  0
  2 -1 -1 0 0 -1
  1  0 -1 0 0  0
2-1;1,1,1;1 1 7
3 
#1 
6	% 
 0  1 -1  0  0  0
 1  1  1  0  0 -2
 0  0  0 -1  0  1
 0  0  0  1 -1  0
 0  1  0  1  0 -1
 0 -1  0  1  0  0
1,1,1,1;1,1 1 2
6 
#2 
6	% 
 0  0 0 -1  0  1
 0 -1 1 -1 -1 -1
 0  0 0  0  0  1
 1  0 0  0  0 -1
 0  1 0  1  0  0
 0  0 1 -1  0 -1
6	% 
  1  0  0  0 0 -1
  1  1  1  0 0 -2
  0  0 -1 -1 0  1
  0  0  0  0 1  1
 -1 -1  0  0 0  1
  1  1  0  0 0 -2
2-1',2-1';1,1 1 3
18 
#1 
6	% 
  1  0  0  0 -2  1
  0 -2  1 -1  0  0
  0  0 -1  0  0  0
 -1  0  0  0  1  0
  0  1 -2  1  0 -1
 -1  1  0  0  1  0
1,1,1;1,1,1 1 4
36 
#1 
6	% 
 -1  0  0  0  0  1
 -1  0  0 -1  0  2
  2  0 -1  1  0 -2
 -1  1  1  0  0  0
  2 -2 -1  1  0 -1
 -1  1  1 -1 -1  1
2-1;1,1;1,1 1 8
18 
#1 
6	% 
  1 -1 -1  0  0  0
 -2  1  1  0  0  1
  0  0  0 -1  0  1
 -1  1  0  0  1  1
  0  0  0  1  1 -1
 -1  0  1  0 -2  1
1,1,1;1,1,1 1 3
45 
#3 
6	% 
 -1  0  0  0 -2  1
  0  1 -1 -2  1  0
  0  0  1  1  0 -1
  1  0  0 -1  1  0
  0 -1  0  1  0  0
 -1  0  0 -1 -2  2
6	% 
 0  0  1 -1  0  0
 0  0  0  0 -1  1
 1  0 -1  0  1  2
 0  0  1  0  0 -1
 1 -1  0  0  1  2
 0  0 -1  0  0  0
6	% 
  0  1 -1  1  1 -1
 -1  0  0  0  0  1
  0  0 -1  1  1 -2
  0 -1  1 -1  0  0
  0 -1  0 -1 -1  0
  0  1 -1  1  0 -1
2-1;1,1;1,1 1 10
18 
#1 
6	% 
  0  1  0  0 -1  0
 -3  3  2 -1  0  1
  3  0 -1  1  0 -3
  0 -1  0  0  0  1
  2 -2 -1  1  0 -1
 -2  0  1 -1  0  2
2-1',2-1';1;1 1 5
18 
#1 
6	% 
 1 -1 -1  0 1 -2
 0  1  0  0 1  0
 0  0  0 -1 1  0
 0  0  0  0 1  0
 0  0  1  0 1  0
 0  0  0 -1 0  1
2-1;1,1;1,1 1 5
18 
#2 
6	% 
 -1 -1 -1  0  0  2
  0  0  0 -1 -1  1
  1  0  1 -1  0 -1
  0  0  0  0  1  0
  0  0  0  1 -1  0
  1  1  0  1  0 -2
6	% 
 0  0  0  0  1  1
 0  0  1 -1  0  0
 0 -1  1 -1 -1  0
 1 -1 -1  0  0  0
 0  1  0  1  0 -1
 0  1 -1  1 -1 -1
2-2;1,1,1,1 1 2
8 
#2 
6	% 
  0 0  0  1  0  0
  0 0  0  0  1  0
  0 0  0  0  0  1
 -1 1  0 -1 -1 -1
  0 1  0  1  1  1
  1 0 -1 -1 -1 -2
6	% 
  2  1  1 -2 -2  0
  0  0 -1  1  1 -1
  1  1  0 -1 -1  0
 -1 -1  0  1  0  1
  1  1  0  0 -1 -1
 -1 -1  0  0  0  1
2-2',2-2';1,1 1 3
32 
#1 
6	% 
 -1  1 0  2  0 0
  0 -1 0  0 -1 0
 -1  0 1  1 -2 1
  0  1 1  0  0 0
 -1  0 2  0 -2 1
  1 -1 1 -2  0 0
1,1,1,1;1;1 1 4
6 
#2 
6	% 
  1  0 -1 -1  0  0
  0  0 -1 -1  0  1
 -3 -1  2  1  0  2
  2  0 -2  0  0 -1
 -1  0  1  0  0  1
 -1  0  1  0 -1  1
6	% 
 0  0  0 1 0 -2
 0  0  0 0 0 -1
 0  2 -2 0 1  5
 0 -1  1 0 0 -3
 0  0 -1 0 0  2
 1  0 -1 0 0  1
1,1,1;1,1;1 1 10
162 
#7 
6	% 
 0 -1 -1 0  0  1
 0  0 -2 0  0  1
 0  2  5 1  0 -4
 1 -1 -1 0  0  0
 0  0 -1 0 -1  1
 0  0  0 0 -1  0
6	% 
 -3 -1  1 0  2  1
 -3 -1  1 0  3  0
  8  3 -3 0 -6 -2
 -1 -1  0 1  1  0
 -2  0  1 0  1  0
  0  0  0 0 -1  0
6	% 
  2 -1 -1  2 0 -2
  2  0  0  2 0 -3
 -5  2  2 -6 0  6
  1  0 -1  1 2 -3
  1  0  0  1 1 -2
  0  0  0  0 1  0
6	% 
  0  0  0  0 -1  0
 -2 -1 -1  0 -4  3
  3  1  1  0  7 -4
  0  0  0 -1 -2  2
 -1 -1  0  1 -1  0
  0 -1  1  0  0  0
6	% 
  2  1  1 -1  1 -3
  2  1  1  0  0 -3
 -5 -3 -3  1 -1  8
  1  1  0 -1  0 -1
  1  0  1  1  1 -3
  0  0  0  0  0 -1
6	% 
  0  0  0 0 0 1
 -1  0  0 0 0 0
  2  0  0 1 0 0
  0  0  0 0 1 0
  0  0 -1 0 0 0
  1 -1 -1 0 0 0
6	% 
 -2  0  0  3 -2 0
 -1  0  0  2 -2 0
  4  0  0 -8  6 1
 -1  0  0  1 -1 0
  0  0 -1  2 -1 0
  1 -1 -1  0  0 0
1,1,1,1;1;1 1 5
93 
#6 
6	% 
 0  0  1  1 -1  0
 0  0  1  1 -2  1
 1 -1  0  1  0 -1
 0  1 -1 -1  0  0
 0 -1  1  1 -1  0
 1  0 -1 -1  0  0
6	% 
  1  0  0  0 -1  0
  1 -1 -1  0  1 -1
  0 -1  0 -1  1  0
 -1  1  1  1  0  0
  1 -1 -1 -1  1  0
  0  0  1  1 -1  0
6	% 
  1 0  0 0 -2  1
  1 1  1 0 -2  0
  1 0  1 0 -2  0
 -1 0 -1 1  2 -1
  1 0  1 1 -2  0
 -1 0 -1 0  1  0
6	% 
  0 0  0  1 -1  0
  0 0  0  1 -2  0
 -1 1  1  0 -1  2
  0 0 -1 -1  2 -1
  0 1  0  1 -2  1
 -1 0  0  0  1 -1
6	% 
  0  0  1 0  0  0
  0 -1  0 0 -1 -1
  0  0  1 1  0  0
 -1  1  0 0  1  1
 -1  0  1 0 -1  0
  0  0 -1 1  0 -1
6	% 
  1  0 0 -1 -1  0
  3 -1 1 -1 -1 -2
  2  0 0 -1  0 -2
 -4  1 0  2  1  2
  3  0 1 -2 -1 -2
 -2  0 0  1  0  1
1,1,1;1,1;1 1 12
216 
#6 
6	% 
 -4  2  2 -2  3  0
 -4  2  2 -2  4 -1
 10 -5 -5  4 -8  1
 -2  1  2 -1  2 -1
  5 -2 -4  2 -4  1
 -2  1  1 -1  2  0
6	% 
 0  2  0  0 -5   4
 0  1 -1  0 -4   4
 0 -4  2  0 12 -11
 1  0 -1  1 -2   1
 0 -2  1 -1  6  -5
 0  1  0  0 -2   2
6	% 
  0 -1 -1  0  0  1
  0  1  1 -4  2  2
  0  0  0  3 -2 -2
  0  0  1 -2  1  1
  0  0  0  2 -1 -1
 -1  0  0  0  0  1
6	% 
 0  1  1 -2 0  1
 0  0 -2 -2 0  3
 0 -2  0  5 0 -4
 0  0 -1 -1 1  1
 0 -1  0  3 0 -2
 1  0  0 -1 0  0
6	% 
 0  1  1  2  0 -2
 0 -1 -1  2  3 -3
 0  0  0 -6 -5  8
 1 -1 -1  1  3 -2
 0  0  0 -3 -3  4
 0  0  1  1  0 -1
6	% 
  0  0 -2  0  0  1
  0 -1  1  0  1 -1
  0  1  1  0 -2  1
  1 -1  0  0  2 -1
 -1  1  1  0 -3  1
  0  0 -1 -1  0  1
2-2;1,1,1;1 1 5
72 
#4 
6	% 
  0  0 -1  1 -1  1
  0  0  0  1 -1  0
  0  0  0 -1  0  0
  0 -1  1 -2  1  0
 -1  1  1 -2  1  0
  1  0  0 -2  1 -1
6	% 
  0  2 0  0 0 -1
 -1  1 1  0 0  0
 -1  0 0  0 0  1
  0 -1 0  0 1  0
  0 -1 0 -1 0  1
  0 -1 0  0 0  1
6	% 
  0  0 0 -1 -1  1
  0  0 0 -1  0  0
  0  0 0  1  0 -1
  1 -1 0  2  1 -2
  0  1 0  2  1 -2
 -1  0 1  2  1 -1
6	% 
 -1 0 0  0  0  1
 -2 0 1 -1  1  1
  1 1 0  1 -1 -1
  2 0 0  0 -1 -1
  2 0 0  1  0 -2
  2 0 0  1 -1 -2
1,1,1;1,1;1 1 7
54 
#4 
6	% 
  0  0  0 -2  1  0
 -1  1  1 -2  0  1
  2 -2 -2  4 -1 -1
 -1  0  1 -1  0  1
  1  0  0  0  0 -1
  0  0  0 -1  0  0
6	% 
  0 -1 -1 0 0  1
  0  0 -2 0 0  1
  0  0  5 0 1 -3
  0  0 -1 1 0  1
  0  0  0 1 0  0
 -1  0  0 0 0  1
6	% 
  2 -2 -2 0  2 -1
  1 -1 -1 0  2 -1
 -2  2  2 1 -3  1
  0 -1  0 0  1  0
  1  0  0 0  0 -1
  1 -1 -1 0  1 -1
6	% 
 -3  1 -1 0  2  2
 -4  0  0 0  2  3
  8 -1  1 0 -4 -6
 -2  0  0 0  1  2
  0  0  0 1  0  1
 -2  1  0 0  1  1
1,1,1;1,1;1 1 9
12 
#2 
6	% 
 -2 -2 0  0  0  3
 -1 -1 1  0  0  1
  3  2 0  0  0 -4
 -1 -1 0  1  1  0
  0  0 0 -1 -2  2
  0  0 0  0 -1  0
6	% 
  0  0  0  0  0 -1
  0  0  0  1  0  0
  0  0  0 -1 -1  0
  0 -1 -2  0  0  1
 -1  1  1  0  0  0
 -2  1  1  0  0  1
1,1,1;1,1;1 1 11
162 
#7 
6	% 
 0 -1  1  0 -2  1
 0  0  0 -1 -2  1
 0  1 -1  2  4 -2
 0  0  1 -1 -1  1
 0  1  1 -2 -1  1
 1 -1  0  0 -1  0
6	% 
 0 -1  1 0 0 -1
 0 -1  1 0 0  0
 0  3 -3 1 0  1
 0  0  1 0 0 -1
 0  0  1 0 1 -1
 1 -1  0 0 0 -1
6	% 
 0  1  1 0  0 -1
 0  2  2 0  2 -3
 0 -4 -4 1 -3  5
 0  1  0 0  0  1
 0  1  1 0  1 -2
 1  0  0 0  0 -1
6	% 
 0  2 -2 -2 0  1
 0  1 -1 -2 0  1
 0 -2  3  5 0 -3
 0  1 -1 -1 1  0
 1  0 -1 -1 0  0
 0  1 -1 -1 0  1
6	% 
  0  0  0  0  2 -1
  2 -1 -1  2  2 -3
 -2  1  1 -3 -5  5
  0  0 -1  0  1  0
  1 -1 -1  1  1 -1
  0  0  0  0  1  0
6	% 
  2  0  0 0  2 -3
  3  1 -1 0  2 -4
 -7 -2  2 0 -6 10
  1  0  0 1  1 -2
  2  0 -1 0  1 -2
  1  0  0 0  1 -1
6	% 
  1 -1  1  2  0  2
  0  0  0  2  0 -1
 -1  1 -1 -5  0  0
  1  0  0  1  1  0
 -1 -1  1  1 -1  1
  0  0  1  1  0  1
1,1,1,1;1;1 1 6
6 
#2 
6	% 
  0 -1 1  0  0  0
  0  0 0  1  0  0
  0  0 0  0  1  0
  0  1 0 -1 -1  0
 -1  0 1  1  1  0
  1  0 0  0  0 -1
6	% 
  1  0 0  0  0 -1
  1  0 1  0  1 -2
  0  1 0  0 -1  0
 -1 -1 0  0  0  2
  1  1 0 -1  0 -1
  0  0 0  1  0  0
2-2;1,1,1;1 1 6
8 
#2 
6	% 
  1 0  0  0  0 -1
  1 1  1  0  0 -2
  0 0  0  0 -1  0
  1 0  1 -1  0 -1
  0 0  0 -1  1  0
 -1 0 -1  0  0  2
6	% 
  0 0  0 1  1  1
  0 0  0 0  1  1
 -1 1  1 0  0  0
  0 1  0 0  1  0
  1 0  0 0  0 -1
  0 0 -1 0 -1  0
1,1;1,1;1;1 1 25
36 
#1 
6	% 
  1  0 -1 0 0 -1
  0  0  0 0 1 -1
 -1 -1  1 0 0  1
  1  0 -1 0 0  0
  1  0 -2 0 0  0
  0  0  0 1 0  0
1,1,1;1,1;1 1 6
3 
#1 
6	% 
 -2 -2 0 0 0  3
 -1 -2 0 0 0  2
  3  3 1 0 0 -5
 -1 -1 0 0 1  1
  0  0 0 1 1 -1
 -1 -1 0 0 0  2
1,1;1,1;1;1 1 24
18 
#1 
6	% 
  0 0  0 -1 1  0
 -1 0  2  0 0  0
  1 1 -1  0 0 -1
  1 0 -1  0 0  0
  1 0 -1  1 0 -1
  0 0  0 -1 0  0
2-2;2-2;1;1 1 14
16 
#1 
6	% 
  1 -1 0 0 -1  0
  1  0 0 0  0 -1
  0  0 1 0 -1  0
  1 -1 1 0  0 -1
  0  0 1 1 -1 -1
 -1  1 0 0  0  0
1,1,1;1,1;1 1 5
3 
#1 
6	% 
  0 0 0 0  0  1
  0 0 0 1  1  2
  0 0 0 0 -1 -2
 -1 1 0 0  0  1
  1 0 0 0  0 -1
 -1 1 1 0  0  0
1,1;1,1;1;1 1 12
9 
#1 
6	% 
  0 0 0 1 -1  0
  1 0 0 0  0 -1
  0 0 1 0 -1  0
 -1 1 0 0  0  0
  0 0 0 0 -1  0
  0 0 0 0  1 -1
1,1;1,1;1;1 1 10
18 
#1 
6	% 
 -3 -2 -2 0 0  5
  1  1  0 0 0 -1
  2  1  1 0 0 -3
  0  0  0 0 1 -3
  0  0  0 1 0  2
  1  1  0 0 0 -2
2-2;2-1;1,1 1 4
24 
#2 
6	% 
  0  1 0  1 -1 -1
  0 -1 1 -2  2  1
 -1  1 0  1 -1  0
  0 -1 1 -3  3  1
  0 -1 1 -2  3  1
  0 -1 1 -3  2  2
6	% 
  0  0 -2 -1 -1  2
  0  0  4  2  0 -3
  0  0 -2 -1  0  2
  1  0  5  3  0 -5
  0 -1  6  3  0 -4
 -1  1  6  3  0 -4
1,1,1;1;1;1 1 8
54 
#4 
6	% 
 0  0  1 1 0 -1
 1  1 -1 0 0 -1
 0 -1  0 0 0  1
 0  0  0 0 1  0
 1 -2  0 0 0  0
 0  1  0 0 0  0
6	% 
  0  1 -1 1 0  1
  0 -1  1 0 1 -2
  0  0 -1 0 0  1
 -1  0  0 0 0  1
  0  1 -1 0 1  1
  0 -1  0 0 0  0
6	% 
  0  0  0 -1  0  1
  0 -1  1  1 -1  0
  0  1  0 -1  1  0
 -1  1  1  0  0  0
  0  1 -1  0  1  0
  0  0  1  1 -1 -1
6	% 
  1  1 1  0 0 -2
 -1 -1 0 -1 0  2
  1  0 0  1 0 -2
  0  0 0  0 1 -1
  1  0 1  1 0 -2
 -1  0 0 -1 0  1
1,1;1,1;1;1 1 29
54 
#2 
6	% 
  0 -1  1  0  0  0
  0  1  0  0  0  0
  0  1  0  0 -1  0
  1 -1 -1  0  1 -1
  0 -1  0 -1  1  0
 -1  1  0  1  0  0
6	% 
  0 -1  1 -2  0  1
  3  1  0  1  2 -5
  4  0 -1  1  2 -5
 -2  0  0  0 -1  3
 -2  1 -1  1 -1  2
  0 -1  1 -1  0  0
1,1,1;1;1;1 1 16
54 
#4 
6	% 
 0  0 0  0 -1  1
 0  0 0 -1 -3  3
 0  0 0  1  2 -3
 0  0 1 -1 -1  1
 1 -1 0 -1 -1  1
 1  0 0  0  0 -1
6	% 
 0 -1  1  0 -1  0
 0 -2  2 -1 -2  0
 0  2 -2 -1  2  1
 0 -1  2  0 -1 -1
 1 -2  1  0 -1 -1
 1  0  0  0  0 -1
6	% 
 0  0  1  1 0 -1
 1 -2  3  3 0 -3
 1  1 -4 -3 0  2
 0 -1  2  2 0 -1
 0 -1  2  2 1 -2
 0  0  0  0 1  0
6	% 
 1  0  0  0 0 -1
 1 -2  1 -1 0  0
 0  1 -2  1 0  0
 0 -1  1 -1 0  1
 0 -1  1 -1 1  0
 0  0  0  0 1  0
1,1,1;1;1;1 1 15
72 
#2 
6	% 
  0 0  0  1  0 -1
  0 0 -1 -1  0  1
 -1 1  1  0 -1  1
  0 0  0 -1 -1  1
 -1 0  0  0  1  0
  0 1  0  1  0 -1
6	% 
 0  0 -1  0 -2  2
 0  0  1 -1  1 -1
 1 -1 -1  0  1 -1
 0  0  1  0  1 -2
 1  0  0  0 -1  0
 0  0 -1 -1 -1  2
1,1;1,1;1;1 1 28
180 
#5 
6	% 
  0 0  0 1 0 -1
  0 0 -1 0 1  0
  0 0  0 1 0  0
  1 0 -1 0 0 -1
  1 0  0 0 0 -1
 -1 1  1 0 0  0
6	% 
  1 1 -1  0  0 -1
  1 0 -1  0 -1  0
  1 0 -2  0  0  0
  0 0  0  1  0  0
 -1 0  1  1  0  0
 -1 0  1 -1  0  1
6	% 
 -2  1  1  0 -1  2
 -1  0  1 -1  1  0
 -2  1  1 -1  1  1
  0  0  1  1 -1  0
  1  0  0  0  0 -1
  1 -1 -1  0  0  0
6	% 
 -2  2  0  1  1  1
 -1  1  0 -1  1  1
 -2  0  2 -1 -2  2
  0  1  0  1  1 -1
  1  0  0  0  0 -1
  1 -1 -1  0  0  0
6	% 
 -2  1  1  1 0 1
 -1  0  0  1 1 0
 -2  1  1  1 0 0
  0  0 -1  0 0 1
  1  0 -1 -1 0 0
  1 -1  0 -1 0 0
1,1;1,1;1,1 1 11
24 
#2 
6	% 
  0  0  0  0  1 -1
  1  1 -2  2  0 -1
 -1  2 -1  2 -1  0
 -1  0  1 -1  0  1
  0 -1  0 -1  0  1
  1  0  0  0  0 -1
6	% 
  1 -1 -1  0  0  1
  0  0  1  0 -2  0
 -1  0  1  0 -2  1
  0  0  0  1  1 -1
 -1  1  1  0  1 -2
  1 -1 -1 -1  0  2
1,1;1,1;1,1 1 10
72 
#2 
6	% 
  0  1  2 1  0 -2
  1  0 -1 0  3 -1
 -1  0  0 0 -3  1
  0  2  1 1  0 -2
 -1  1  1 0 -3  0
  1 -1  0 0  2  0
6	% 
 -1  1  1  0  1  0
  0 -1 -2 -1 -1  3
  0  0  0  1  0 -1
 -1  0  0  0  1  1
  0  0  0  1  1 -1
  0  1  2 -1 -1  0
2-2,2-2;1,1 1 3
96 
#1 
6	% 
  1 -1  0 0 -1  0
  0  0 -1 1  0  0
  1  0 -1 0  0 -1
  0  1 -1 0  0  0
 -1  1  1 0  0  0
  1  0  0 0  0 -1
1,1,1;1;1;1 1 13
3 
#1 
6	% 
  1  0  0  0  0 -1
 -1 -1 -1  0  0  2
  0  0 -1  0  0  1
  0  0  0 -1 -1  1
  0  0 -1 -1  0  1
  0  0  1 -1  0  0
2-2;1,1;1,1 1 6
48 
#2 
6	% 
  0 0  0 -1 -2  2
  0 0  0 -1 -1  2
  0 1  0  1  1 -2
  1 0  0  0  0 -1
 -1 1  1  0  0  0
  0 0 -1 -1 -1  2
6	% 
  1  0 0 0  0 -1
 -1  1 1 0  0  0
  0 -1 0 1  0  0
  0  0 0 1  0 -1
  0  0 0 0  1  0
  0  1 0 0 -1  0
1,1;1,1;1,1 1 6
18 
#1 
6	% 
  3 -2  2  0  0 -3
  0  0 -1 -1 -2  3
 -1  1 -1  0  0  1
  0  0  0  1  1 -2
  0  0  0  1  2 -2
 -1  1  0 -1 -2  3
1,1,1;1;1;1 1 9
18 
#1 
6	% 
  1 0  0  0  1 -1
 -1 1  0 -1  0  1
 -1 1 -1  1  0  0
 -1 1 -1  1 -1  1
  0 0  1 -1  0  0
  0 0  0  2  0 -1
1,1;1,1;1;1 1 13
18 
#1 
6	% 
 -3 -2 -2  0  0  5
 -1  0 -1  1  1  1
 -1 -1  0  0 -1  1
 -1  0 -1 -1  1  2
  1  1  0  0  2 -2
  2  1  1  0  0 -3
2-1;1,1;1;1 1 19
18 
#1 
6	% 
 -1  1  1  0 0  0
  2 -1 -1  0 0 -1
  0  0  0 -1 0  1
  1 -1  0  1 1 -2
  0  0  0  1 1 -1
  1  0 -1  1 1 -2
2-1;1,1;1;1 1 12
18 
#2 
6	% 
 -1  1  1  0 0  0
  1 -2  1 -1 0  0
  0 -1  1 -1 0  1
  0  0  0  0 1  0
  1  1 -2  1 0 -1
  0  1 -1  1 0  0
6	% 
  0  0  0  0 -1 0
  0  0  0  1  0 0
  0  0 -1  1  0 0
 -1  0  0  0  0 1
  0  0  0 -1  0 1
  0 -1  0 -1  0 1
2-1;1,1;1;1 1 22
18 
#1 
6	% 
  1 0  0  0  0 -1
 -1 0  1 -1 -2  3
  1 0 -1  0  1 -2
 -1 0  1  1 -2  2
 -1 0  1  0 -2  2
 -2 1  1  0  0  1
1,1;1,1;1,1 1 9
18 
#1 
6	% 
  0  0  0 1  0  1
 -1  0  2 0  0  0
  1 -1  1 0  0 -1
  0  0  1 0 -1  0
  0  0  0 0 -1  0
  0  0 -1 0  0  1
1,1;1,1;1;1 1 27
18 
#1 
6	% 
  0  0  0 1  0  0
  1  0 -1 0  1 -1
 -3  2  2 0 -2  2
 -2  1  1 0 -1  1
  3 -1 -2 0  2 -3
 -3  1  1 0 -2  3
1,1,1;1;1;1 1 12
3 
#1 
6	% 
  0 0 0  0 1  1
  0 0 0 -1 0  0
 -1 0 1  0 0  0
  0 0 1  0 0  0
  1 0 0  0 0 -1
 -1 1 1  0 0  0
1,1,1;1;1;1 1 17
18 
#1 
6	% 
  0  0  0 0  1 -1
 -2  1  1 1 -3 -3
  1 -1 -1 0  1  2
  1  0 -1 0  2  1
 -1  0  1 1 -1 -2
  1  0  0 0  1  1
2-1;1,1;1;1 1 29
18 
#2 
6	% 
  0  0  0  0 1 -1
  0 -1  1 -1 0  1
  0  1 -1  1 0  0
  0  0  1 -1 0  0
 -1  1  0  1 0  0
  1  0  0  0 0 -1
6	% 
  1 0 0  0 0 -1
 -1 0 1 -1 0  1
 -1 1 0  1 0  0
  0 0 0 -1 1  0
  0 0 0  1 0  0
  0 0 0  0 1 -1
2-1;1,1;1;1 1 28
18 
#1 
6	% 
 0  0  0  1  0  0
 1 -3 -1  0  0  1
 1  2  0  0  0 -2
 0  0  0 -1 -1  1
 0  1  0 -1  0  0
 0 -1  0 -1  0  1
2-1;1,1;1;1 1 30
18 
#1 
6	% 
  0 -1 0  0  0  1
  0  1 0  0 -1  0
  0  1 0  1  0 -1
 -1  0 0  0  0  1
  0  1 0 -1  0  0
 -1  1 1  0  0  0
2-2;2-1;1;1 1 9
12 
#1 
6	% 
 -1 1  1  0 0  0
  0 1  0 -1 0  0
  0 0 -1  1 0  0
  0 0  0 -1 1  0
  0 0  0  1 0 -1
  0 0  0  0 1  0
3;1,1,1 2 2
1 
#1 
6	% 
  0  0  0 -1 -1 -1
  0  0  0 -2 -1 -1
  1  0 -1 -1 -1 -1
 -1  1  1  0  0  0
  2 -1 -1  0  0 -1
  1  0 -1  1  1  0
2-1;1,1;1;1 1 21
9 
#1 
6	% 
  0 0 0 1  1 -1
  0 0 1 0  1 -1
 -1 0 0 0  0  1
  0 1 0 0  0  0
  0 0 0 0  1  0
  0 0 0 0 -1  1
3;1,1,1 1 2
1 
#1 
6	% 
 1 0  0 0  0 -1
 0 1 -1 0  0  0
 0 0  0 0  0  1
 0 0  0 0 -1  1
 0 0  0 1  0  0
 0 0  1 0  0  0
2-2;2-1;1;1 1 12
12 
#1 
6	% 
 0  0  1 0  0  0
 0  0 -1 0 -1  1
 0  0  1 1  0 -1
 1  0  0 0  0 -1
 1 -1 -1 0  0  0
 0 -1  1 0  0  0
2-1;1,1;1;1 1 17
9 
#1 
6	% 
 2 -1  1  0  0 -2
 0  0 -1 -1  0  1
 0  0  0 -1 -1  1
 1 -1  0  1  0 -1
 0  0  0 -1  0  1
 0  0  0  2  0 -1
2-2;1,1;1,1 1 4
24 
#2 
6	% 
  1  1  1  0  0 -2
 -1 -1  0 -1  1  2
 -1  0 -1  1 -1  1
  0  1 -1  1 -1 -1
  0  1 -1  1 -2  0
  0  1 -1  2 -1 -1
6	% 
  0  0 0  0 1  1
  0  0 0 -1 0  0
  0  0 0  1 0 -1
  1 -1 0  1 0 -1
  0  1 0  1 0 -1
 -1  0 1  1 0  0
1,1;1,1;1;1 1 30
18 
#1 
6	% 
 0  0  0  0  1 -1
 0  0  1 -2  0  1
 0  0  0  1 -1  0
 0  0  1 -1  0  1
 1 -1 -1  0  0  0
 1  0  0  0  0 -1
1,1;1,1;1,1 1 4
9 
#1 
6	% 
 -1 -1 -1 0  0  2
  0  0  0 1  0  0
  0 -1  1 0 -1  1
  1  1  0 0  1 -2
 -1  0 -1 0  1  1
  0 -1  1 0 -1  0
1,1;1,1;1;1 1 26
18 
#2 
6	% 
  0 0  0 1  0  0
  0 1 -1 0  1  0
  0 1 -1 0  1 -1
 -1 0  1 0 -1  1
  0 1  0 0  1 -1
 -1 0  0 0  0  1
6	% 
 1  0  0  0 0 -1
 0 -1  2 -1 0  0
 0 -2  1 -1 0  1
 0  1 -1  1 1 -1
 0 -1  1 -1 0  0
 0  0  0  0 1  0
1,1,1;1;1;1 1 4
1 
#1 
6	% 
 0  0  0  0  1  1
 0  0  0 -1 -2 -2
 0  0  0  0  2  1
 1  0  0  0 -2 -2
 1  0 -1  0 -1 -1
 1 -1  0  0 -1 -1
1,1;1,1;1;1 1 21
18 
#1 
6	% 
 0  1 -1  1  1 -2
 0  0  0  0 -2  1
 0 -1  1 -2  2  1
 0  0  1 -1  1  0
 0  1 -1  2 -1 -1
 1 -1  0 -1  1  0
1,1;1,1;1;1 1 20
18 
#2 
6	% 
  0  0  0  1  0  1
  0 -2  2 -1 -3  1
  0  1 -1  0  2 -1
  0  0  1  0 -1  0
  0 -2  2  1 -3  2
 -1  0  1  0 -1  1
6	% 
 1  0 0  0  0 -1
 0  0 1 -3  0  1
 0  0 0  2  0 -1
 0  0 0 -1  0  1
 0 -1 0 -3  0  2
 0  0 0 -1 -1  1
2-1;2-1;1,1 1 8
9 
#1 
6	% 
 0  0  0  0 -1  1
 0  1 -1  1  0 -1
 0  2 -1  1  0 -1
 1  0  0  0  0 -1
 0 -1  1 -1  0  0
 1  1 -2  1  0 -1
2-1,2-1;1,1 2 4
36 
#1 
6	% 
  0 -1 -1  0 -1  2
 -1  1  1 -1  0  0
 -1  1  0 -1 -1  1
 -1  1  1  0  0 -1
 -1  1  1  1  0 -1
  0  1  0 -1  1 -1
2-1,2-1;1;1 1 5
36 
#1 
6	% 
  0 0 0  0  1 -1
  0 0 0  1  0  0
 -1 0 1  0 -1  1
 -1 1 1  0 -1  0
  0 0 0 -1  0  1
  0 0 1  0  0 -1
2-1,2-1;1,1 1 3
36 
#1 
6	% 
  0  0  0  0 1 -1
  0 -1  1 -1 0  1
 -1 -1  2 -1 0  1
 -1  1  1  0 0  0
  0  1 -1  1 0  0
  0 -1  2 -1 0  0
2-1,2-1;1;1 2 9
36 
#1 
6	% 
  2 -2 -2  1 1 -1
  0  1  0  1 0 -1
  1  0  0  0 0 -1
  1  0 -1 -1 0  0
 -2  0  0  1 0  2
  0  0  0 -2 0  1
2-1;2-1;1;1 1 16
9 
#1 
6	% 
  0 0 0  1 -1  0
  0 1 0  1  0 -1
 -1 1 1  0  0  0
 -1 1 0 -1  0  1
  0 0 0  1  0  0
  0 0 0 -2  0  1
1,1,1;1;1;1 1 18
1 
#1 
6	% 
  1  0  0  0  0 -1
  0  1 -1  0  0  0
 -2 -2  0  0  0  3
  1  1  0  0  0 -1
  1  1  0 -1  0 -1
  1  1  0  0 -1 -1
1,1;1,1;1;1 1 38
18 
#1 
6	% 
 -1 1  1 0 0  0
  1 0  0 0 0 -1
  0 0 -1 1 0  0
  0 0 -1 0 0  0
  0 0  1 0 0 -1
  0 0  0 0 1 -1
1,1;1,1;1;1 1 35
18 
#1 
6	% 
 -1  4 -1  1 0 -1
  0 -2  1  0 1  0
  1  3 -2 -1 0 -1
  0 -2  1  0 0  1
  0  2 -1  1 0 -1
  0  2 -1 -1 0  0
1,1;1,1;1;1 1 31
18 
#1 
6	% 
 -1 1  1 -1 -1  1
 -1 0  0  1  0  1
  0 1  0  1  0 -1
  0 0  0  2  0 -1
  1 0  0  0  0 -1
  1 0 -1  1  0 -1
2-2,2-2;1;1 2 6
96 
#1 
6	% 
 -1  0  1  0 1 0
  0 -1  1  0 0 0
  0 -1  0  0 1 0
 -1 -1  1  0 0 1
  0 -1  0 -1 1 0
  1  0 -1 -1 0 0
1,1;1,1;1,1 1 7
18 
#1 
6	% 
 -1  0  0 0  0  1
  1  0 -1 0 -1  0
  1 -1  0 1 -1 -1
  0  1 -1 0  0  0
  0  0  1 1  1 -1
  0  0 -1 0  0  0
1,1;1,1;1;1 1 14
54 
#2 
6	% 
 0  0  0  0 -1  1
 1 -1  0 -1  1 -1
 0  2 -2  3  1 -2
 0 -1  1 -2  0  1
 0  2 -2  3  0 -2
 0 -1  0 -1 -1  2
6	% 
 0  1 -1  0  1 -1
 0 -1  1 -1 -2  2
 0  0  1  0  1  0
 0  0  0  0 -1  0
 1 -1  0  0  1  0
 0  1 -1 -1  1 -1
1,1;1,1;1;1 1 37
54 
#2 
6	% 
  0 -1 -1 -1  0  2
 -1  1  1  0  0  0
  0  1  1  1  1 -2
  0  0  1  0 -1  0
  0  0  0  0 -1  1
 -1  0  1  0 -1  1
6	% 
  1 0 -1  0  1 -1
  0 0  0  0  1 -1
 -1 0  0  1 -1  1
  0 0  0 -1  1  0
  0 1  0 -1  0  0
  0 0  0 -1  0  0
1,1;1,1;1,1 1 12
18 
#1 
6	% 
  0  0  0 -1  0  0
 -1  0  0  0  0 -1
  0  1 -1  0  1  0
 -1  1  0  0  1 -2
  0 -1  1 -1 -1  1
  0  0 -1  0  1  0
2-1;1;1;1;1 1 21
9 
#1 
6	% 
  0  1 0  1 0 -1
  0 -1 1 -2 0  1
  0  0 0  1 1 -1
  0  0 0 -1 0  1
 -1  1 0  1 0  0
  0  0 0 -2 0  1
2-1;1;1;1;1 1 28
9 
#1 
6	% 
 0  0 -1  0  0  1
 0  0  1  0 -1  0
 0  0  1 -1  0  0
 1 -1 -1  0  0  0
 0  0  1  1  0 -1
 1  0  0  0  0 -1
2-1;1;1;1;1 1 13
3 
#1 
6	% 
 0 0 0  1 -1  0
 0 0 1  1  0 -1
 1 0 0  0  0 -1
 0 1 0 -1  0  0
 0 0 0  1  0  0
 0 0 0 -2  0  1
2-1;1;1;1;1 1 32
3 
#1 
6	% 
 0  0  1  0 0 -1
 0  1 -1 -1 0  1
 1 -1  0  0 0 -1
 0  0  0 -1 0  1
 0  0  0  1 1 -1
 0  0  0  1 0  0
2-2;2-2;1,1 1 8
16 
#1 
6	% 
  0  0 -2  2 -1 0
  0  0 -2  1 -2 1
  0  0  2 -1  1 0
 -1  0 -1  1 -1 1
  1 -1 -2  1 -1 0
  0  1 -2  1 -1 0
3;2-2;1 2 7
4 
#1 
6	% 
  0 0 -1  0  0  0
 -1 0  1  0  0  1
  0 1 -1  0  0  0
  0 0  0  1  0 -1
  0 0  0 -1 -1  2
  0 0  0 -1 -1  1
3;2-2;1 1 5
4 
#1 
6	% 
 0 -1  0  0 -1 1
 0  1  0  0  0 0
 0  0  0 -1  0 0
 1 -1 -1  0  0 0
 0 -1 -1  0  0 1
 0  1 -1  0  0 0
3,3 3 1
24 
#1 
6	% 
  0  0 0 -1  0  1
  0  0 0 -1 -1  1
  0  0 0  0 -1  1
 -1  0 1  1 -1  0
  0  1 0  1  1 -1
  1 -1 0 -1  1 -1
2-2;1,1;1;1 1 9
24 
#2 
6	% 
  0  0 -2 -1  0  1
  0  0  0  0 -1  1
  0  0  2  1  0 -2
  0 -1  2  1  0 -1
 -1  1  2  1  0 -1
  1  0  1  1  0 -2
6	% 
 0  0  1  1 -1 -1
 1 -1 -1  0  0  0
 0  1  0 -1  1  0
 0  0  0 -1  0  1
 0  0  0  0  1  0
 0  0  0 -1  1  0
1,1;1;1;1;1 1 37
18 
#2 
6	% 
  0  2 -2  2  0 -1
  0 -1  1 -1 -1  1
  0 -1  1 -1  0  0
  0  3 -4  3  0 -1
  1 -4  3 -3  0  1
 -1  0  0  0  0  1
6	% 
 -1  1  1  0 -2  1
  1 -1  0  0  1 -1
  1  0 -1  0  1 -1
 -2  2  2  0 -3  2
  2 -2 -2 -1  3 -1
  0  0  0  1  0  0
1,1;1;1;1;1 1 31
18 
#1 
6	% 
  0 -1 -1 -1 -1  2
 -1  0  1  0  0  1
 -1 -1 -1 -2  0  3
 -1  2  2  2  0 -2
  0 -3 -2 -3  0  4
  0  2  3  3  0 -4
1,1;1;1;1;1 1 30
18 
#1 
6	% 
 -1  4  2  0  0 -2
  0 -2 -1  0  0  2
 -1 -3 -1  0  0  3
  0  0  0 -1 -1  1
  0  2  1 -1  0 -1
  0 -2 -1 -1  0  2
1,1;1;1;1;1 1 32
36 
#1 
6	% 
 -1  0  1  0  0  1
  1 -1  0  0  1 -1
  0 -1  0 -1  0  1
 -1  1  1  0 -1  1
  1  0  0  0  1 -2
  0  0 -1 -1  0  1
1,1;1;1;1;1 1 29
18 
#1 
6	% 
  0  0  0 -1 -2  2
 -1  0  1 -1 -1  2
  0  0  0  1  1 -2
  0  0 -1 -1 -1  2
  1 -1 -1  0  0  0
 -1  0  0  0  0  1
2-2;1,1;1;1 1 18
48 
#2 
6	% 
  0 0  0  1 -1  1
  0 0  0 -1  2 -1
  1 0  0  0  0 -1
 -1 1  1  0  0  0
  0 0 -1 -1  1  0
  0 1  0  1 -1  0
6	% 
 -1 1  1  0  0  0
 -1 0  0  0  0  1
  0 0  0 -1  1  0
  0 0  0 -1  0  1
  0 0  1  1 -1 -1
  0 0 -1 -1  0  1
1,1;1;1;1;1 1 33
18 
#1 
6	% 
  1  1 -2 1  5 -6
  0 -1  1 1 -3  3
  1  0 -1 0  2 -2
  1 -1 -1 0  0  0
 -1  0  0 0  0  1
  1  0 -1 0  1 -2
2-2;1,1;1;1 1 16
48 
#2 
6	% 
 0  1  0 1 -1  0
 0 -1  0 1  1 -1
 1 -1  0 0  1 -1
 0 -1  1 0  1 -1
 1  0  0 0 -1  0
 0  0 -1 0  0  0
6	% 
 -1  0  0  0  0  1
 -1  1  1  0  0  0
  0  1  0 -1  0  0
  0  1  1 -1  0  0
  0 -1 -1  0 -1  1
  0  0  1  0  1 -1
3;1,1;1 2 6
6 
#1 
6	% 
 -1 0 0  0  0  1
  0 1 1  0  0 -1
  0 1 0 -1  1 -1
  0 0 0 -1  1  0
  0 1 0  1 -1  0
  0 0 0  1  0  0
1,1;1;1;1;1 1 13
6 
#1 
6	% 
  0  0  0 -3 -4  5
  0  0  0  2  2 -3
 -1  0  0  0  0  1
  0  0 -1 -1 -1  2
  0  0  0  3  3 -5
  0 -1  0 -1 -1  2
1,1;1;1;1;1 1 23
18 
#1 
6	% 
  0  0 0 -1  0  0
  0 -1 0  0  2 -1
  0 -1 1  0  0  0
 -1  0 1  0 -1  2
  0  0 0 -1 -1  1
  0  0 0  0  1  0
1,1;1;1;1;1 1 20
9 
#1 
6	% 
 0 0  0  2  0 -1
 1 0 -1 -1  0  0
 0 0  0 -1 -1  1
 0 1 -1  0  0  0
 0 0  0 -1  0  1
 0 1  0  1  0 -1
1,1;1;1;1;1 1 21
9 
#1 
6	% 
  1 0  0  0 0 -1
  0 0 -1 -1 0  1
  0 0  0  1 1 -1
 -1 1  0 -1 0  1
  0 0  0 -1 0  1
  0 0  0 -2 0  1
3;1,1;1 1 9
6 
#1 
6	% 
 -1 0  0 0 0  1
 -1 1  1 0 0  0
  0 0  0 0 0 -1
  0 0  0 0 1 -1
  0 0 -1 0 0  0
  0 0  0 1 0 -1
2-2;1,1;1;1 1 17
24 
#2 
6	% 
 1  0  0  0  0 -1
 1 -1  0 -1  1  0
 0 -1  1 -1  2  0
 0  0 -1  1 -1  0
 0 -1  1 -1  1  1
 0 -1  1 -2  1  1
6	% 
  0  0 0 1  0 -1
  0  0 0 1  1 -1
  0  1 0 0  1 -1
  0  0 0 0 -1  1
 -1  0 1 0  1  0
  1 -1 0 0  1 -1
1,1;1;1;1;1 1 51
6 
#1 
6	% 
 1 -3 -5 0 0  3
 1  2  4 0 0 -4
 0 -1 -2 1 0  1
 0 -1 -2 0 1  1
 0 -1 -2 0 0  2
 0  2  4 0 0 -3
1,1;1;1;1;1 1 50
9 
#1 
6	% 
 0  0 0 -1  0  1
 1  0 0  0  0 -1
 0  0 0  1 -1  0
 0  0 1  0 -1  0
 1 -1 0  0 -1  0
 0  0 0  0  1  0
1,1;1;1;1;1 1 52
18 
#1 
6	% 
 0 -1 -1 0 -2  2
 0  5  5 0  8 -9
 0  1  0 0  1 -1
 0  3  3 0  5 -5
 0  3  3 1  5 -6
 1 -3 -3 0 -4  4
1,1;1;1;1;1 1 39
9 
#1 
6	% 
  0  0 0 1  0  1
 -1  1 1 0  0  0
  0  0 0 0 -1  0
 -1  1 0 0  0  0
  0 -1 0 0  0  1
  0  0 0 0  1 -1
2-2;1,1;1;1 1 13
12 
#1 
6	% 
  1 0  0  0 0 -1
  0 0 -1 -1 1  1
 -1 1  0  0 0  0
  0 0  0 -1 1  0
  0 0  0  1 0 -1
  0 0  0  0 1  0
1;1;1;1;1;1 1 21
9 
#1 
6	% 
  1 -1 0  0 1 -1
  0  0 0 -1 0  1
 -1  1 1  0 0  0
 -1  1 0  0 0  1
  1  0 0  0 0 -1
  1 -1 0  0 0  0
2-2;1,1;1;1 1 19
12 
#1 
6	% 
  0  0  0 1 -1  0
  1  0 -1 0  1 -1
  0 -1  0 0  0  1
 -1  0  0 0  0  1
 -1  1  1 0  0  0
  0  1 -1 0  0  0
1,1;1;1;1;1 1 43
3 
#1 
6	% 
 2 -1  1 0 0 -2
 0  0 -1 0 0  1
 1 -1  0 0 0  0
 0  0  0 1 0 -1
 0  0  0 0 1 -1
 0  0  0 0 0  1
1;1;1;1;1;1 1 34
3 
#1 
6	% 
 -1 1 1 0  0  0
  0 1 0 0  0 -1
 -1 1 0 0  0  0
  0 0 0 0 -1  1
  0 0 0 1 -1  0
  0 0 0 0  1  0
1,1;1;1;1;1 1 15
3 
#1 
6	% 
 0 0 0 1 -1  0
 0 0 1 0 -1  0
 1 0 0 0  0 -1
 0 1 0 0  0 -1
 0 0 0 0 -1  0
 0 0 0 0  1 -1
1;1;1;1;1;1 1 28
1 
#1 
6	% 
  1 0 0 0  0 -1
 -1 0 1 0  1  0
 -1 1 0 0  0  0
  0 0 0 0 -1  0
  0 0 0 1  0  0
  0 0 0 0 -1  1
1;1;1;1;1;1 1 15
3 
#1 
6	% 
  0 0  0 -1 0  1
 -1 1  0  0 0  1
  0 1 -1  0 0  0
  0 0  0  0 1  0
  0 1  0  0 0 -1
  0 0  0  0 0 -1
3;2-1;1 1 5
3 
#1 
6	% 
 1  0  0  0  0 0
 1  0 -1  0  0 0
 1 -1  0  0  0 0
 0  0  0  0 -1 1
 0  0  0 -1  0 1
 0  0  0  0  0 1
3;2-1;1 2 6
3 
#1 
6	% 
 1 -1  0  1  0 -1
 0  0 -1 -1  0  1
 0  0  0 -1 -1  1
 0  0  0 -1  0  1
 0  1  0 -1  0  0
 0  0  0 -2  0  1
2-2;1;1;1;1 1 16
12 
#1 
6	% 
 -1  0  1 0  0  0
 -1  1  0 0 -1  1
  1 -1  0 1  0 -1
  0 -1  1 0  0  0
 -1  0  0 0  0  1
  1 -1 -1 0  0  0
3;1,1;1 2 7
3 
#1 
6	% 
 0  0  0 1  1 -1
 0  0 -1 0  0  0
 0  1  0 0  0  0
 1 -1  0 0  0 -1
 0  0  0 0  1 -1
 0  0  0 0 -1  0
2-2;1;1;1;1 1 18
12 
#1 
6	% 
 1 -1  0  0  0 -1
 0  0 -1  0  0  1
 1  0  0  0  0 -1
 0  0  0 -1  0  1
 0  0  0  0 -1  0
 0  0  0 -1  1  0
3;1,1;1 1 5
3 
#1 
6	% 
 -2  1 -1 0 0  2
  2 -1  0 0 0 -2
  1  0  1 0 0 -2
  0  0  0 0 1 -1
  0  0  0 1 0 -1
  0  0  0 0 0 -1
2-2;1;1;1;1 1 10
4 
#1 
6	% 
  0 0 1  0  1 -1
  1 0 0  0  0 -1
 -1 1 0  0  1  0
  0 0 0  0 -1  0
  0 0 0 -1  0  1
  0 0 0  1 -1  0
2-2;1;1;1;1 1 21
4 
#1 
6	% 
  1 0 -1 1 0 -1
  1 0 -1 0 1 -1
  1 0 -1 0 0  0
 -1 1  1 0 0  0
 -2 0  2 0 0  1
  1 0 -2 0 0  0
3;1;1;1 2 9
3 
#1 
6	% 
 -1  0 1  1  0 0
  1  0 0 -2  0 0
  0  0 0  1 -1 0
  0  0 0 -1  0 1
  0 -1 0  1  0 0
  0  0 0 -2  0 1
3;1;1;1 1 14
3 
#1 
6	% 
 1 -1  0 -1 -1  0
 1  0  0  0  0 -1
 0  0 -1  1  1  0
 0  0  0 -1  0  0
 0  0  0  0 -1  0
 0  0  0 -1 -1  1
3;1;1;1 1 6
1 
#1 
6	% 
 -1 1 1 0 0 1
 -1 1 0 0 0 1
  0 1 0 0 0 0
  0 0 0 0 1 0
  0 0 0 1 0 0
  0 0 0 0 0 1
3;1;1;1 2 12
1 
#1 
6	% 
  0 1 0 0 0  0
 -1 0 0 0 0  0
  0 0 1 0 0  0
  0 0 0 0 0 -1
  0 0 0 1 0  0
  0 0 0 0 1  0
