#173

6-1 2 1
1 
#1 
6	% 
 1 0 0 0 0 0
 0 1 0 0 0 0
 0 0 1 0 0 0
 0 0 0 1 0 0
 0 0 0 0 1 0
 0 0 0 0 0 1
1,1,1,1,1,1 1 1
1 
#1 
6	% 
 1 0 0 0 0 0
 0 1 0 0 0 0
 0 0 1 0 0 0
 0 0 0 1 0 0
 0 0 0 0 1 0
 0 0 0 0 0 1
1,1,1,1,1;1 1 2
36 
#2 
6	% 
  0 1 1 -1 -1 -1
  0 0 0 -1 -1 -1
  0 1 0 -2 -1 -1
 -1 0 0 -1  0 -1
  0 0 0  2  1  2
  0 1 0 -2 -1 -2
6	% 
  1  0  0  0  0  0
  0  0  1  0  0  0
  1  0  1 -1  0  0
  0 -1  0 -1 -1 -1
 -1  1 -1  1  0  1
  1 -1  1 -1 -1  0
2-1',2-1';1;1 1 6
90 
#1 
6	% 
 -2  0 -1  0  0  0
 -4 -3  0  0  1 -1
  3  1  0 -1 -1  0
 -2 -2  1  1  1  0
  0  0  0  1  1  1
  0  0  1  1  0  0
2-1',2-1';1,1 1 2
90 
#1 
6	% 
  0 -1  0  0 -1 -1
  0 -1 -2 -1 -1  1
 -1 -1  0  0  0  0
 -1 -1  0  0 -1  0
  0  1  1  0  1 -1
  1  0  0  0 -1  0
2-1',2-1';1;1 1 7
360 
#1 
6	% 
 -2  0  1  1  0  1
  1  1  0  1  1  0
 -2 -1  1  0 -1  0
  1  0  0 -1  0 -1
  1 -1 -1 -1 -1  0
 -2 -1  0  0  0  1
2-1;1,1;1,1 1 8
180 
#1 
6	% 
  0  0 0  0  1 -1
  0  1 1  0 -1  1
 -2 -2 0 -1 -1 -1
  2  3 1  1  0  1
  2  2 1  1  0  0
  3  3 1  1  0  1
2-1;1,1;1,1 1 11
360 
#1 
6	% 
 -2 -1  0  0  3 0
 -3 -1  0  0  3 0
  1  1  1  0 -1 0
  0  0 -1 -1 -1 0
  0  0  0  1  0 1
 -1  0  0  0  0 1
1,1,1,1;1,1 1 2
15 
#1 
6	% 
 -1 0  1 0  0  0
 -1 1  0 0  0  0
 -2 0  0 0 -1  1
  0 0  2 1 -1 -1
  2 0 -1 0  1  0
 -2 0  0 0  0  1
2-1;1,1,1;1 1 8
360 
#1 
6	% 
 -1  1  0  0  0  0
 -1 -1 -1 -1  0 -1
  1  0  0  1  1  1
  1  0  0  0 -1  1
 -1 -1 -1  0  0  0
 -1  0 -1 -1  0  0
1,1,1;1,1,1 1 2
10 
#1 
6	% 
  1  1  0  0  0  0
  1 -1  0  0  1 -1
  0  1  0 -1  0  0
  0 -1 -1 -1 -1 -1
 -1  1  1  1  0  1
  1  0  1  1  1  0
2-1;1,1,1;1 1 6
180 
#1 
6	% 
  0  0 -1 -1  0  0
  1  1 -1 -1  0  1
  0  0 -1  0  0  2
 -1 -1  0  0  0  0
  1  0  1  1  0 -1
  0 -1  0  0 -1 -1
1,1,1,1;1,1 1 3
300 
#2 
6	% 
  0  1 1  1  0  1
  1  0 1  2  1  1
  1 -1 0  0 -1  0
  0  0 0 -1 -1 -1
  0  0 1  1  0  0
 -1  0 0  0 -1  0
6	% 
 0  0 -1 1  0  0
 0 -2 -1 0 -1 -1
 1  0  0 0  0  0
 0  1  1 0  1  0
 0 -1 -1 0  0 -1
 1  1  0 0  0  0
1,1,1;1,1,1 1 3
150 
#2 
6	% 
  0  2  1  1  0 0
  2  0 -1  0  0 0
 -1 -1  0  0  0 0
  0 -1 -1 -1 -1 0
 -1  0  0  0  0 0
  0  0  0  1  0 1
6	% 
 0  0  0  0  1  0
 1  0 -2 -3 -1 -2
 0  2  2  2  0  1
 0 -1 -1 -1  0 -1
 0 -1  1  2  1  2
 0  0 -1 -1  0 -1
2-1;1,1;1,1 1 9
360 
#1 
6	% 
 1  0 -1 -1  0 -1
 0  4  0  3  3  0
 0 -1  0  0 -1  1
 0  1  1  1  0  0
 0 -1  0 -1 -1 -1
 0  0 -1  0  0  0
2-1;1,1,1;1 1 5
60 
#1 
6	% 
  1  0  0 -1 -1 -1
  2  0 -1 -2 -1 -1
 -1 -1  0  1  1  0
  0  0  0  0 -1  1
  0 -1 -1  0  1 -1
  0  0  0  1  1  0
2-1;1,1;1,1 1 10
90 
#1 
6	% 
 1  0 0  1 0  1
 0  0 0  2 1  3
 0 -1 1  2 0  0
 0  1 0 -1 0 -1
 0  0 0 -1 0 -2
 0  1 0 -1 0  0
2-1',2-1',2-1' 1 1
60 
#1 
6	% 
 -1  1  0 0 -2  1
  4  1 -1 1  1  0
  2  1  0 1  1  0
  1  0  0 0  1  0
  3  0 -1 0  0  0
 -1 -2  0 0  1 -1
2-1;1,1;1,1 1 4
45 
#1 
6	% 
 -1 -1  0 0  0 0
  0  0  0 1  1 1
  1  1  0 0  0 1
  0 -1 -1 0  0 0
  0  1  1 0 -1 1
  1  1  1 0 -1 0
1,1,1;1,1,1 1 4
180 
#1 
6	% 
  1  0  1  0  0  1
 -1  0  1  1  0  1
  1  0 -1  0  1 -2
 -4 -1  0  0 -1  2
  2  0 -1  0  1 -2
  0  0  0 -1 -1  0
2-1',2-1';1;1 1 4
90 
#1 
6	% 
  0  0 -1  0  2  0
  0  1  0 -2 -1 -1
  0  1  1 -3 -5 -1
  0 -3  0  6  4  2
 -1 -2  0  3  2  1
  0 -2  0  3  2  1
2-1;1,1,1,1 1 2
15 
#1 
6	% 
 0 -2 -1 -1  0  0
 1 -1  0  0  0  0
 0 -2  0  1  1  1
 0 -2  0  0  0  1
 0  0  0  0  1 -1
 0  3  1  0 -1  0
2-2',2-2';1,1 1 3
320 
#1 
6	% 
 -3 -1 -1  0  1  0
  1 -2 -2  0  0 -1
 -2 -3 -1 -1  0 -1
 -2  0  1 -1  0  0
  0 -2  0 -1 -1 -1
  2  2  2  0 -1  1
2-2;1,1,1,1 1 2
80 
#1 
6	% 
  0 0 0  1  0  0
  0 0 0  0  1  0
  0 0 0  1  1  1
 -1 0 0 -1 -1 -1
  0 1 1  1  1  1
  1 1 0 -1 -1 -1
1,1,1,1;1;1 1 5
300 
#2 
6	% 
  1  2  1 -1 0 -1
  1  3  2 -1 0 -1
  0  1  0 -1 1 -1
 -1 -4 -2  2 0  2
  1  3  2 -2 0 -2
  0 -1 -1  1 0  2
6	% 
  0  1  1 0  1 -1
  0  3  3 1  1  1
 -1  2  2 0  0  0
  1 -3 -3 0 -1  0
 -1  3  4 1  1  0
  1 -1 -2 0  0  0
1,1,1;1,1;1 1 7
180 
#1 
6	% 
  2  1  2  2  0  0
  2  1  1  1  1 -1
 -6 -3 -4 -4 -3  3
  1 -1 -1  0  0 -1
  0 -1 -1  0  0  0
  1  0  1  1  0  0
1,1,1,1;1;1 1 6
15 
#1 
6	% 
  0  0  1  1  0 0
  0  0  0  1  1 1
  0  1  1  0  0 0
  0 -1 -1 -1 -1 0
 -1  0  1  1  1 0
  1  0  0  0  0 0
1,1,1;1,1;1 1 11
720 
#2 
6	% 
  0  1  2  0  0 -2
  0  3  3  0  1 -1
  0 -6 -7  0 -2  4
  1  1  1  0  0 -1
 -1  1  1 -1  0 -1
  0  0  1  0  0 -1
6	% 
  4  3  2  2  2  0
  2  2  1  0  1 -1
 -7 -6 -4 -3 -4  1
  2  2  1  1  1  1
  1  0  1  0  0 -3
  2  1  1  1  1  0
2-2;1,1,1;1 1 5
720 
#2 
6	% 
  1  1  1  0 -1  0
  1  1  0  0  0  0
 -1  0  0  0  0  0
 -1 -1 -1 -1  0 -1
 -1 -1 -1  0  0  1
 -1 -1  0  1  1  0
6	% 
  0 -1 -2  1  1  1
  0  0  0  1  0  1
  0  0  0 -1 -1  0
 -1  0  1 -3 -2 -2
  0  0  1 -2 -1 -1
  1  1  1 -3 -2 -2
1,1,1;1,1;1 1 12
1080 
#2 
6	% 
 -2 -1  0  0  0  0
 -2  1  2  1 -1  3
  6  0 -3 -1  2 -4
 -1  0  1  1 -1  2
  3  1 -1 -1  2 -3
 -1  0  0  0  0  0
6	% 
 -1 -2  0  2  2  0
  0  0  1  2  1  1
  0  1 -1 -4 -3 -1
  0  0  1  1  0  0
  0  1 -1 -2  0  0
  0 -1  0  1  1  0
1,1,1;1,1;1 1 9
120 
#1 
6	% 
  0  0 -1  0  2  0
  0  0  0  1  2  0
  0  0  1 -1 -3 -1
  1 -1 -2  0  1  0
 -1  2  2  0  0  0
  0  1  0  0  0  0
2-1;2-1;1;1 1 17
45 
#1 
6	% 
 1 0 0 0 0 0
 0 1 0 0 0 0
 0 1 1 1 1 0
 0 0 1 1 0 1
 0 0 0 1 1 1
 0 0 1 1 0 0
4-1;1;1 1 5
15 
#1 
6	% 
 -1 -1 0 0  0 0
  1  1 0 0 -1 1
  1  0 0 1  0 1
  0  0 1 1  1 0
  0  0 1 1  0 0
  0  0 0 1  1 1
2-1;2-1;1;1 1 30
90 
#1 
6	% 
 1  1 0 0 -1  1
 0 -1 0 0  1 -1
 0  1 1 0  0  0
 1  1 0 0  0  0
 0  1 1 1  0  1
 0  1 0 0  0  1
2-1,2-1;1;1 1 6
180 
#1 
6	% 
 -1 0  0  0 0  0
  1 1  0  0 0  0
  0 0  1  0 0 -1
  1 1  0  0 0  1
  0 0 -1 -1 0  0
  0 0  0  1 1  1
2-1;2-1;2-1 1 9
90 
#1 
6	% 
  1  0 -1 0  0 1
  1  0  0 1  0 1
  0  1  1 0  0 0
  0  0  0 0 -1 1
  1  0  0 0  0 0
 -1 -1  0 0  0 0
2-1,2-1;1;1 3 5
90 
#1 
6	% 
 -1  0 1 0  1 -1
  2  1 0 0 -2  2
  2  1 1 1 -1  2
 -2 -1 1 1  2 -1
  0  0 1 1  0  0
  0  0 0 1  1  1
4-1';1;1 1 5
180 
#1 
6	% 
  4  2  0 0 -3  3
 -4 -1  3 0  3 -3
  1  1  2 1  0  1
  2  0 -3 1 -1  2
  0  0  1 1  0  0
  0  0  0 1  1  1
4-1';2-1 1 2
180 
#1 
6	% 
  0  1  3 0  0  0
  4  1 -3 0 -3  3
  1 -1 -5 0 -1  1
 -2 -2 -3 0  1 -1
 -1 -1 -2 0  1  0
 -1 -1 -1 1  1  0
4-1;2-1 1 2
15 
#1 
6	% 
 1 0  0 0  0 0
 0 1  0 0  0 0
 0 0 -1 0  0 0
 0 0 -1 0 -1 1
 0 0  0 0 -1 0
 0 0  0 1  0 1
2-1,2-1;2-1 3 2
90 
#1 
6	% 
 -1 -2 -1 0  1 -1
  0  1  0 0 -2  2
 -2 -1 -1 0 -2  2
 -2  0 -1 0 -3  3
 -1  0 -1 0 -1  2
 -1  0  0 1 -1  2
2-1,2-1;2-1 1 2
180 
#1 
6	% 
 1 0  0  0  0  0
 1 1  0  0  0  0
 1 0  0  0 -1  1
 0 0 -1  0  1 -1
 0 0  0  0  0 -1
 0 0 -1 -1  0 -1
2-1,2-1;1;1 2 10
180 
#1 
6	% 
  2  1 0 0 -1  1
 -2 -1 1 0  1 -1
 -6 -3 1 1  4 -3
  1  1 3 1  0  1
  0  0 0 1  1  1
  0  0 1 1  0  0
2-1,2-1;2-1 2 3
180 
#1 
6	% 
  3  1 -2 0 -2  2
  0  1  4 0  0  0
 -4 -1  4 0  3 -3
 -4 -2  1 0  3 -3
 -2 -1  0 0  2 -1
 -2 -1  1 1  2 -1
2-1;2-1;2-1 1 3
15 
#1 
6	% 
  0  0 -1 -1 0 0
  0  0  1  2 1 1
  0 -1  0  2 1 1
  0 -1  0  2 0 2
 -1 -1  0  1 0 1
  0  0  0  1 0 1
2-1',2-1';2-1 1 2
90 
#1 
6	% 
 -2 -1 -1  0  0  0
 -2 -2  0  0  1 -1
 -3 -3  1  0  2 -2
  8  6  1  0 -3  3
  4  3  1  0 -2  1
  4  3  0 -1 -2  1
2-1,2-1;1,1 3 2
90 
#1 
6	% 
 1 1 0  0  0  0
 0 0 0  1  2  0
 0 0 1  2  2  0
 0 1 1  1  1  0
 0 0 0 -1 -1 -1
 0 0 1  1  1  0
2-1;2-1;1,1 1 9
90 
#1 
6	% 
  1 0  0  0 0  0
  0 0 -1 -1 0  0
 -1 0  0  0 1  0
  0 0  0  0 1 -1
  1 0  0  1 0  1
  0 1  1  0 0  0
4-1;1,1 1 2
15 
#1 
6	% 
 1  1  0  0  0  0
 0 -1 -2 -1  0  0
 0 -1 -2 -2 -1 -1
 0  0 -1 -1 -1  0
 0  1  1  0  0  0
 0 -1 -1 -1 -1  0
2-1,2-1;1,1 1 2
180 
#1 
6	% 
 0 0 0 1  1  1
 0 0 0 0 -1  1
 1 0 0 0  0  0
 0 0 0 0  1  0
 0 0 1 0 -1 -1
 0 1 0 0  1  0
4-1';1,1 1 2
180 
#1 
6	% 
 -1  0  0  0  0  0
  0 -4 -4 -3  0 -6
  0 -4 -7 -8 -4 -6
 -1 -1 -2 -3 -2 -1
  0  2  4  5  3  3
  1  0 -2 -3 -2 -1
2-1;2-1;1,1 1 4
45 
#1 
6	% 
 -1 -1  0  0  0  0
  0 -1  0  1  0  0
  0 -1  0  0 -1 -1
 -1 -1  0  0 -1  0
  0  0 -1 -1  0  0
  1  0  0  0 -1  0
2-1,2-1;1,1 2 3
180 
#1 
6	% 
  1 0 0  0  0  0
  0 0 0 -1 -2  0
  0 1 1  0 -2  2
  1 1 1  1  0  1
  0 0 0  0  1 -1
 -1 0 1  1  0  1
4-1';1;1 1 4
180 
#1 
6	% 
 0  0  1  0 -2  0
 0  1  0 -1  2 -2
 0  0 -2 -1  3 -1
 0 -1 -2  0  2  0
 1  0 -1  0  1  0
 0  0 -1  0  1  0
4-1;1;1 1 4
15 
#1 
6	% 
  0 -1 -1 0 0 0
  0  1  2 1 0 0
  0  1  2 2 1 1
  0  1  2 2 2 0
 -1  0  1 1 1 0
  0  0  1 1 1 0
2-1;2-1;1;1 1 26
90 
#1 
6	% 
 -1 0  1  0 0 -1
  0 1  1  0 0 -1
  0 0 -1 -1 0  0
  0 0  0  0 1 -1
  0 1  1  0 0  0
  0 0  0  1 1  1
2-1,2-1;1;1 3 4
90 
#1 
6	% 
 0 0 -1 -1  0 0
 0 1  2  1  0 0
 0 1  2  1 -1 1
 0 1  2  2  0 2
 1 1  1  1  0 1
 0 1  1  1  0 1
2-1,2-1;1;1 2 6
180 
#1 
6	% 
 0  1 0 -1 -1  1
 0  0 2  3  2  0
 0 -1 1  2  2 -2
 0 -1 0  0  0 -2
 1  0 0  0  0 -1
 0  0 0  0  0 -1
2-1;2-1;1;1 1 7
45 
#1 
6	% 
  0  0 0  1  1 1
  0  0 0 -1 -2 0
  0  0 1  0 -2 0
  0 -1 0  0 -2 0
 -1 -1 0  0 -1 0
  0  0 0  0 -1 0
2-1,2-1;1;1 1 4
180 
#1 
6	% 
 0  0 0 0 -1  1
 0  0 0 1  1  1
 0  1 1 0  1 -1
 0 -1 0 0 -2  0
 1  0 0 0 -1  0
 0 -1 0 0 -1  0
2-1;2-1;1;1 1 28
180 
#1 
6	% 
 1 0  0  0 0 -1
 0 0  0  0 0  1
 0 0  0  1 1  1
 0 1  1  0 0  0
 0 0 -1 -1 0  0
 0 0  0  0 1 -1
4-2;2-1 1 3
160 
#1 
6	% 
  1  0  0 0  0  0
  1  0  0 1  1  1
  0 -1 -1 0  0  1
  0 -1 -1 0  1  0
  1  0 -1 0  0  1
 -1  0  1 0 -1 -1
2-1,2-1;1;1 3 6
720 
#1 
6	% 
 -2 -1  0  0 -1  1
 -1  0  0  0  0  1
  0 -1 -1 -1  0  0
  0  0  0 -1  0 -1
  0  0 -1  0  1  1
  0 -1 -1  0 -1  1
2-1,2-1;1;1 2 11
720 
#1 
6	% 
  0  0  0  1  1  0
 -1  0  1  1  0  1
  1  0 -1 -1  0  0
 -1 -1  0  0 -1  1
 -1  0  1  0  0  0
  1  0  0 -1 -1 -1
2-1,2-1;2-1 2 4
720 
#1 
6	% 
 -1 -1 -1 -1  0 -1
  0  1  0 -1 -1  0
  0  0  1  1  0  0
  0  0  0  0  1 -1
  0 -1 -1  0  0  0
  0  0  0  1  1  1
2-1',2-1';2-1 1 3
360 
#1 
6	% 
 -2  1  0  1  1  0
  5  3 -1 -1  0 -1
 -1 -2  0  0 -1  1
 -3 -1  0  1  1  1
 -3 -1  1  1  0  0
 -1 -1  1  0  0  0
2-1,2-1;2-1 3 3
720 
#1 
6	% 
 -1 -1  0 -1 -1  0
  2  1  0  0  1 -1
  0 -1  0 -1 -1 -1
  0 -1 -1 -1  0  0
  0  0  0 -1  0 -1
 -2  0  1  1  0  1
2-1;1;1;1;1 1 19
90 
#1 
6	% 
  0 -1 -1  0  0  0
  0  1  1  0 -1  1
 -1  0  0 -1 -1  0
  0  0  1  0 -1  0
  0  0  1  1  0  0
  0  0  0 -1 -1 -1
2-1;1,1;1;1 1 19
360 
#1 
6	% 
  0 -1 -1  0  0  0
  0  1  1  0 -1  1
 -3 -3  0 -1 -1 -1
  4  4  1  1  0  1
  3  3  1  1  0  0
  3  4  1  1  0  1
2-2;2-1;1;1 1 9
240 
#1 
6	% 
  0  0  0 0  1 -1
  1  0 -1 0  1  0
  0  0  1 0 -1  0
  0  0  0 1  1  1
 -1 -1  0 0  0  0
  0  0  1 1  0  0
2-1;1,1;1;1 1 32
720 
#1 
6	% 
  2  0 -1 0  0  1
 -1  1  1 0  0 -1
  2 -1 -1 1  0  2
 -2  1  2 0 -1 -1
 -2  0  1 0  0 -2
 -2  1  2 1  1 -1
2-1;1;1;1;1 1 38
180 
#1 
6	% 
 1 0  0 1 0  1
 0 0 -1 0 0  1
 0 0  0 1 1  1
 0 0  1 1 0  0
 0 1  1 0 0  0
 0 0  0 0 1 -1
2-2;1,1;1,1 1 4
240 
#1 
6	% 
  0  0  0  1  1  1
  1  1  0 -1 -1  0
 -1 -1 -1 -1  0 -1
 -1 -1 -1  0  1 -1
 -2 -1  0  0  1 -1
 -1 -2 -1  0  1 -1
1,1,1;1;1;1 1 4
20 
#1 
6	% 
  1  0  0  0  0  0
 -1  1  0  0  0  0
  0 -2 -1  0  0  0
  0  2  0 -1  0  0
  0  1  0 -1  0 -1
  0  1  0 -1 -1  0
1,1;1,1;1,1 1 3
15 
#1 
6	% 
  0  0 -1 1  2  2
 -1 -1  0 0  0  0
 -1  0  0 0  0  0
  0  0  1 0 -1 -1
  1  1 -1 0  1  0
  2  2  0 0  1  0
1,1,1;1;1;1 1 16
180 
#1 
6	% 
 -1 -1 0 0 0  0
 -3 -2 1 0 0  0
  4  3 0 0 0  0
 -2 -1 1 1 1  0
 -2 -1 1 0 0 -1
  0  0 1 1 0  0
1,1;1,1;1,1 1 9
90 
#1 
6	% 
  0  0  1  1 0  0
 -1 -1 -2  0 2 -2
  0  0 -2  0 1 -1
  0 -1 -1  0 1 -1
  0 -1 -1 -1 0 -1
  0  0  1  1 0  1
1,1,1;1;1;1 1 8
180 
#1 
6	% 
  1  0  0 0  0 0
 -1  1 -1 0  0 0
  1 -1  1 1  0 1
  0  0  1 1  0 0
  1 -2  0 0 -1 1
 -1  1  0 1  1 0
1,1;1,1;1;1 1 30
180 
#1 
6	% 
  0 -1 -2 0  1 -1
 -1  1  1 0 -1  2
  1  0  1 0  1 -1
 -1  1  0 0 -1  2
  0  0  1 1  0  0
  0  0  0 1  1  1
1,1;1,1;1,1 1 6
180 
#1 
6	% 
  0 0  4  3 -1 -1
  0 0 -2 -1  1  0
  0 0 -3 -2  1  1
  0 1  2  0 -1  1
 -1 0 -1  0 -1  1
  0 0 -1 -1  1  0
1,1;1,1;1;1 1 21
180 
#1 
6	% 
 0 1 1 0 -1  1
 0 0 0 0  1 -1
 0 0 1 0 -1  1
 0 0 0 0  0  1
 1 0 0 0  1 -1
 0 0 1 1  0  1
1,1,1;1;1;1 1 12
60 
#1 
6	% 
 -1  0  0  0  0  0
 -1 -1  0  0  0  0
  1  1  1  0  0 -1
 -1 -1 -1 -1  0 -1
  0  0 -1 -1  0  0
  0  0  0 -1 -1 -1
1,1,1;1,1;1 1 5
60 
#1 
6	% 
 0  2  1  0 0  0
 0  1  0  0 0  0
 1 -3 -1  0 0  0
 0  1  0  0 1  0
 0  0 -2 -1 1  1
 0  0  0  0 1 -1
1,1;1,1;1;1 1 15
45 
#1 
6	% 
  0 -1 -1  0  2 -2
  1  0  0  0  0  0
 -1  0  1  1  0  1
  1  1  0 -1 -1  0
  0  0 -1 -1  0  0
  0  0  0 -1 -1 -1
1,1;1,1;1;1 1 6
45 
#1 
6	% 
 1  0  0 0  0  0
 0  2  2 0  1 -1
 0 -2 -1 0 -1  1
 0  1  0 0  0  0
 0 -1  0 1  0  1
 0 -1 -1 0  0  1
1,1,1,1;1;1 1 4
15 
#1 
6	% 
  0  1  0 0  0  0
 -1  1  0 0  0  0
  1 -3 -2 0 -1  1
  0  2  1 0  1 -1
  0 -1 -1 0  0  1
  0 -1  0 1  0  1
1,1;1,1;1;1 1 38
90 
#1 
6	% 
  1  3 -1 0 -3  3
 -1  0 -3 0 -1  1
  1  0  2 0  1 -1
  0 -1  1 0  2 -1
  0  1 -2 0 -1  2
  0  0  0 1  1  1
1,1;1,1;1;1 1 35
90 
#1 
6	% 
 -2 -2 -2  0  1 -1
  0  0  0  0  1  0
  2  3  1  0 -2  2
  0  0  0 -1  0 -1
 -1 -1 -1  0  0  0
  1  1  0  0 -1  1
2-1;1,1;1;1 1 34
180 
#1 
6	% 
  1  0  0 0 0  0
  0  0  0 0 1 -1
  0  0  0 1 1  1
 -1 -1 -1 0 0  1
  0 -1 -1 0 0  0
 -1 -1  0 1 0  1
3;1,1,1 1 3
120 
#1 
6	% 
  1  0 0  0  0  0
  1 -4 1  1  0  1
  1 -2 1  1  0  0
  1 -1 1  0  0  0
 -1  2 0 -1 -1 -1
 -1  2 0  0  1 -1
2-1;1,1;1;1 1 33
720 
#1 
6	% 
 0 -4  1  1  0  1
 0  1 -1  0  0  0
 0 -2  1  1  0  0
 0  2  0 -1 -1 -1
 1  4 -1 -1  0 -1
 0  2  0  0  1 -1
1,1;1,1;1;1 1 25
360 
#1 
6	% 
  1  0 0  1  2 -1
 -1  0 0  0 -2  2
  0  1 1 -1 -1 -1
 -1 -1 0  1 -1  2
  0 -1 0  1  0  0
  1  1 0  0  2 -2
2-1,2-1,2-1 2 1
240 
#1 
6	% 
 0 -1 -1 0  0  0
 0  0  0 0 -1  1
 0  0  0 1  1  1
 1  1  0 0  0  0
 0  1  0 0  1  0
 0  0  0 0  0 -1
2-2;2-2;1;1 1 14
160 
#1 
6	% 
  1 0 -1 -1  0 -1
  0 0 -1 -1  0  0
  1 1  0 -1  0 -1
  0 0 -1 -2 -1 -1
  0 0  0 -1  0 -1
 -1 0  1  1  1  0
2-2;1,1,1;1 1 6
80 
#1 
6	% 
 1 0 0  0 0  0
 0 1 0  0 0  0
 0 0 0  1 1  1
 0 1 1  1 0  1
 0 0 1  1 0  0
 0 0 0 -1 0 -1
1,1;1,1;1;1 1 10
360 
#1 
6	% 
 1  2  0 0  0  0
 0  0  0 0  1  0
 0 -1  0 0  0  0
 0  1  0 1  2  2
 0 -2 -1 0 -1 -1
 0 -1  0 0  0 -1
2-1;1,1;1;1 1 23
90 
#1 
6	% 
 0  0  2  3  1  1
 0 -1  0  1  1  0
 1  1  0 -1 -1  0
 0  0  0  1  1  0
 0 -1 -1  0  0  0
 0  0  0  0  1 -1
2-1;1,1;1;1 1 30
180 
#1 
6	% 
 0  1  0 -1 0 -1
 1  0  0  1 0  1
 0 -1 -1  0 0  0
 0  0 -1 -1 0  0
 0  0  1  2 0  2
 0  0  0  1 1  1
2-2;2-1;1,1 1 4
240 
#1 
6	% 
 1  1  1  1 0  1
 0 -1 -2 -2 0 -2
 0  0  1  1 0  1
 0 -2 -3 -2 0 -2
 0 -1 -2 -2 1 -3
 0 -1 -3 -3 0 -2
4-3';1,1 1 2
576 
#1 
6	% 
 -1 0  0 0 0  0
 -1 0 -1 0 1  0
 -1 0  0 0 0 -1
  2 0 -1 0 0  1
 -2 0  1 1 0  1
  2 1  1 0 0 -1
1,1,1;1;1;1 1 17
120 
#1 
6	% 
 -1 -2 -1  1  2 -1
  3  2  2  2  0  1
 -1 -1 -1 -1 -1  0
 -2 -1 -1 -1  0 -1
  1  0  1  1  0  0
 -1  0  0 -1  0 -1
1,1;1,1;1,1 1 12
120 
#1 
6	% 
  1  0  0 -1 -1  0
 -1 -1  1  0 -1  1
  0  1  0  0  1 -1
  0 -1  0  0 -1  2
  1  0 -1 -1 -1  0
 -1 -1 -1  0  0  1
1,1,1;1;1;1 1 19
120 
#1 
6	% 
  2 -3  1 1  0 1
  1  0  0 0  0 0
 -1  1 -1 0  0 0
  1 -2  0 1  1 1
  1 -2  1 1  0 0
  1 -2  0 0 -1 1
2-2,2-2;1,1 1 3
960 
#1 
6	% 
  0 0  2  3  1  2
 -1 1  2  1  0 -1
  1 0  1 -1 -1 -2
  0 0  0 -1 -1 -1
  0 0 -1 -1  0  0
  1 0  0  0  0  0
1,1;1,1;1;1 1 27
180 
#1 
6	% 
 1 1 0  0  0  0
 0 0 0  0  1 -1
 0 1 1 -1 -2  0
 0 1 0 -1 -1  0
 0 0 0  1  2 -1
 0 1 0 -1 -1  1
1,1;1,1;1;1 1 37
360 
#1 
6	% 
  0 -2  0  0 -1  1
  0 -2  0  0  0  1
 -1  1 -1 -1  0 -1
  0 -2  1  1  0  1
  1  0  0  1  0  1
  0  0  0  1  1  1
1,1;1,1;1;1 1 36
360 
#1 
6	% 
  0  1  0  1  1  0
 -1 -1 -1 -1  0 -1
 -1 -2 -1 -1 -1  0
  1  0  0  0  0  1
 -1  0 -1  0  1  0
 -1 -1  0 -1  0 -1
1,1;1,1;1,1 1 10
360 
#1 
6	% 
  1  0  0  0 -1 -1
 -1  1  0  1  3  1
 -1 -1  0 -1 -1  0
  1  1 -1  0  2  0
  2  1 -1 -1  0 -1
 -1 -1  1  1 -2  0
1,1,1;1;1;1 1 15
360 
#1 
6	% 
  1  0 -2 -2 1 -3
  0  1  1  1 0  2
 -1  0  1  1 0  1
 -1  1  3  2 0  2
  0  0 -1 -1 0 -1
  0 -1 -2 -1 1 -1
1,1;1,1;1;1 1 39
360 
#1 
6	% 
 -1 -1  0 -1 -1  0
 -2 -1  0 -1 -1  0
  3  2  1  2  2  0
  1  1 -1  1  2  0
 -3 -1  0 -2 -1 -1
  1  1  0  1  1 -1
1,1;1,1;1;1 1 28
720 
#1 
6	% 
 -1  2  2  1 -1  2
  0  2  0  0  0  1
 -1  0  1 -1 -2  1
  0  2  1  1  1  0
  0  0  0  0  1 -1
  0 -1 -1  0  0  0
1,1,1;1,1;1 1 10
360 
#1 
6	% 
 0 -1  0  0  0  0
 0 -3 -1 -2 -1 -1
 0  7  2  3  1  1
 1  0  0  0  0  0
 0 -2 -1 -1  0 -1
 0 -1 -1  0  0  0
2-1,2-1,2-1 3 1
1440 
#2 
6	% 
 -2 -1  0 -1  0 -1
  1 -1 -1  0  1  0
  1  1  0  0  0 -1
 -2  0  1  1  1  0
  0  0  0  1  1  1
  0  0  0  0 -1  1
6	% 
  1  2  1 0 -1  1
  0 -1  0 0 -1  1
  0  2  1 0  0  0
  1  1  1 0 -1  1
  0 -2  0 0 -1  0
 -1 -2 -1 1  2 -1
2-1;1;1;1;1 1 43
180 
#1 
6	% 
 1  0 -1 -1  0 -1
 0  0  0 -1 -1  0
 0  1  1  0  0  0
 0  0  1  1  0  0
 0  0  1  2  1  1
 0 -1 -1  0  1 -1
4-2;1;1 1 5
160 
#1 
6	% 
  0  0  1  0  0 -1
  1  1 -1 -1  0  0
 -1 -1  0  0  0  0
  0  1  0  0  0  1
 -1  0  1  0  0 -1
 -1 -1  1  0 -1 -1
2-1;1,1;1;1 1 9
90 
#1 
6	% 
  0 0 1 1  0  0
  0 1 1 0 -1  1
  0 1 0 0  0  2
  0 0 0 0  1 -1
 -1 0 0 0  0  1
  0 0 0 0  0  1
3;1,1,1 2 2
20 
#1 
6	% 
 -1  0  0 1  1 1
  0  0 -1 0  1 1
  0  0 -1 0  0 1
  0  1  1 0  0 0
  0 -1 -1 0 -1 1
  1  0  0 0 -1 0
2-2;1,1;1,1 1 6
480 
#1 
6	% 
  1  0  0 0 0 0
  1  1  0 0 0 0
  1  1  0 1 1 0
  0  1 -1 0 0 0
  0 -2  1 1 0 0
 -1  1  0 0 0 1
2-2,2-2;1;1 2 5
320 
#1 
6	% 
 -1  1  2  4  0  5
  0 -1  2  0  1 -2
 -1  1  5  4  1  2
 -1  1  4  5  1  4
  1 -1  0 -2  1 -4
  1  0 -4 -2 -1  0
2-2;2-2;1;1 1 15
960 
#1 
6	% 
  0  0  0  0  0  1
  0  0 -1 -1 -1  0
  0  0  0 -1 -1 -1
 -1  0  0 -1 -1 -1
  1  1  1  1  0  1
 -1 -1 -1 -1 -1 -1
2-1;1;1;1;1 1 44
30 
#1 
6	% 
 1  0 -1  0  1  0
 0 -1 -1  0  1  0
 0  0 -1 -1  0  0
 0  0  0  0 -1  1
 0  0  0 -1 -1 -1
 0 -1 -1  0  0  0
2-1;1;1;1;1 1 31
45 
#1 
6	% 
 1  1  0 -1 -1 0
 0  1  0 -1 -1 0
 0 -1 -1  0  0 0
 0  0  1  1  0 0
 0  0  0  0 -1 1
 0  0  0  1  1 1
4-2';2-1 1 2
960 
#1 
6	% 
 -1 -1  0 1  1 0
  0 -1  0 0 -1 0
  0  0 -1 0  1 0
 -1 -1  0 1  0 1
  0  0  0 1  1 0
  1  1  0 0  1 0
2-1;1;1;1;1 1 8
15 
#1 
6	% 
 0 -1 -1  0 0  0
 0  1  1  0 1 -1
 0  1  0 -1 1 -1
 1  1  0 -1 1 -1
 1  1  0 -1 0 -1
 0  0  0 -1 0 -1
4-3';1;1 1 4
576 
#1 
6	% 
  1  0  0  0  0  0
  0  0 -1  0  1  0
 -1 -1 -2 -1  0  0
  0  1  1  0  0  0
  0  0 -1 -1 -1  0
  0  0  1  0  0 -1
2-2,2-2;1;1 2 6
960 
#1 
6	% 
  1  1 0 0 1 0
  1  1 0 0 0 0
  1  1 0 0 0 1
  1  2 1 0 0 0
  1  1 1 1 0 1
 -1 -1 0 1 0 1
3,3 5 1
240 
#1 
6	% 
 0  0  0  0  1 -1
 0  0  0 -1 -1 -1
 0  0 -1 -1  0  0
 1  1  0  0  0  1
 0 -1  0  0 -1  0
 0  0  0  1  1  0
3;2-2;1 2 7
80 
#1 
6	% 
 1  0  0  1  0  1
 0  0  0 -1  0 -1
 0 -1 -1  0  0  0
 0  0  0  1  1  1
 0  0 -1 -2 -1 -1
 0  0  0  0 -1  1
3,3 9 1
480 
#1 
6	% 
  0  1 -1 -1 0  1
  0 -1  0  0 0 -1
 -1 -1  0  0 0 -1
  0  0  1  1 1 -1
 -1  0  0  0 1  0
  0 -1  0  1 1  0
3;2-2;1 3 4
480 
#1 
6	% 
 -1 -2 -1  1  1  1
  0  0  0  1  1  1
  1  1  1  0  0 -1
  1  1  0 -1  0 -1
  0  1  1 -1 -1 -1
  0 -1 -1  0  0  1
2-2;2-2;1,1 1 8
160 
#1 
6	% 
  0  1  1 0 0  0
 -1 -1  0 0 0  0
 -1  0  0 0 0  0
  0  0  0 0 0 -1
  0  0 -1 0 1  0
  0  0  0 1 0  1
1,1;1;1;1;1 1 13
120 
#1 
6	% 
 -3 -1 -5 -5  0 0
  2  1  3  3  0 0
  0  0  0  0 -1 1
 -1 -1 -2 -1  0 1
  3  2  5  5  0 0
 -1 -1 -2 -2 -1 0
1,1;1;1;1;1 1 52
180 
#1 
6	% 
  0  0 -1 -1  1 -1
  2  1  4  4 -4  4
  0  0  0  0 -1  1
  1  1  3  3 -2  3
  1  1  3  2 -3  2
 -1 -1 -2 -2  2 -2
1,1;1;1;1;1 1 41
45 
#1 
6	% 
  0  0 -2 -2 -1 1
  0  1  1  0  0 0
  1  1  0 -1 -1 0
 -1 -1  0  0  0 0
  1  1  0  0  0 1
 -1  0  0  0  0 0
1,1;1;1;1;1 1 31
180 
#1 
6	% 
  1  1  1  0 -1  0
  0  1  1  1  1  0
  2  1  2  2 -1  1
 -2 -1 -1 -1  2 -2
  3  2  2  2 -2  2
 -3 -1 -2 -2  2 -2
1,1;1;1;1;1 1 18
90 
#1 
6	% 
  0 0 -1 -1  0 0
  0 0 -1 -1 -1 1
  1 0  0  1  1 0
  0 1  1  1  1 0
 -1 0  0  0  0 0
  1 1  0  0  0 0
1,1;1;1;1;1 1 29
360 
#1 
6	% 
 -1 -1  0  0  0  0
 -1 -1 -1 -1 -1  0
  1  0  0  0  0  0
 -1  0  1  0 -1  0
  0  1  1  0  0  0
  0  0  0 -1 -1 -1
2-2;1,1;1;1 1 17
240 
#1 
6	% 
 1  0  0  0  0  0
 1  3  2 -1 -1  0
 0  3  3 -1 -2  0
 0 -2 -2  1  1  0
 0  3  2 -2 -1 -1
 0  3  2 -1 -1  1
3;1,1;1 1 10
240 
#1 
6	% 
 -1  0  1  0 -1  0
  0 -1 -1 -1 -1  0
 -1  0  1  1  0  1
 -1  0  1  0  0 -1
 -1  0  0 -1 -1  0
  1  1  0  0  1  0
3;1,1;1 2 6
120 
#1 
6	% 
  0  0  1  1  0  0
  0  0 -1 -2 -1 -1
 -1 -1 -1 -1 -1  0
 -1 -1  0  0  0  0
  1  1  0 -1 -1  0
  1  0  0  0  0  0
2-2;1,1;1;1 1 18
480 
#1 
6	% 
  1  2  1  0  0  0
 -1 -1 -1  0  0  0
  0  0 -1 -1  0  0
  0  0  0  0  1 -1
 -1 -2 -1  0 -1  0
  1  2  1 -1  0 -1
2-2;1,1;1;1 1 16
480 
#1 
6	% 
  1  1  2  0 -4  0
 -1  0 -2  0  4  0
 -1  0 -2  0  4  1
 -2 -1 -4  1  9  1
  2  1  4  0 -9  1
 -1 -1 -3 -1  4 -1
4-3;1,1 1 2
96 
#1 
6	% 
  1 -4 -4 0 -1 0
 -1  2  2 0  0 0
  0 -2 -1 1  0 0
  1 -1 -2 0  0 0
  0 -2 -2 0 -1 1
  0  2  2 1  1 1
1,1;1;1;1;1 1 55
240 
#1 
6	% 
 1 -1  0  3  0 3
 0 -1  0  1  0 1
 0  1  1  0  0 0
 0  0  0  0 -1 1
 0  0 -1 -1  0 0
 0  0  0  1  1 1
3;3 6 2
60 
#1 
6	% 
 0 -1  0  1  0 1
 1 -1 -1  0  0 0
 1  0 -1 -1 -1 0
 0 -1  0  0 -1 0
 0 -1 -1  0  0 0
 0  1  1  1  1 0
5-1;1 1 2
6 
#1 
6	% 
  0 0  0  1  1 1
  0 0  0 -1 -2 0
 -1 0  0 -1 -2 0
 -1 0 -1 -2 -2 0
  0 1  0 -1 -1 0
 -1 0  0 -1 -1 0
3;2-1;1 2 5
60 
#1 
6	% 
  1 1 0  0 0 0
 -1 0 1  0 0 0
 -1 0 0 -1 0 0
 -1 0 0  0 1 1
 -1 0 0  0 1 0
  0 0 0  0 1 0
3;2-1;1 1 10
120 
#1 
6	% 
 0 -1 0  1  1  0
 1  0 0  1  1  0
 0  0 0  0  1 -1
 0  0 0 -1 -1 -1
 0  0 1  1  0  0
 0  1 1  0  0  0
3;3 6 5
480 
#1 
6	% 
 1  1  0 -1 -1  0
 0 -1  0  1  0  0
 0 -1  0  2  1  1
 1  1  0 -1  0 -1
 0  0  0  1  0  1
 0 -1 -1  0  0  0
3;1;1;1 2 11
60 
#1 
6	% 
  0 0  0  0 -1  1
  0 1  1  0  1 -1
 -1 0  1  0  0 -1
  0 1  0 -1  0 -1
  0 0  0 -1 -1 -1
  0 0 -1 -1  0  0
3;1,1;1 1 11
240 
#1 
6	% 
  3  1  1  0  0 -1
  2  0  1  0  0 -1
  4  1  1 -1  0 -2
  4  1  2  0 -1 -1
 -4 -1 -2 -1 -1  1
 -4  0 -1  0  0  2
3;1;1;1 1 19
120 
#1 
6	% 
 1 0  0  1  1  0
 0 1  0 -1 -1  0
 0 0 -1 -1  0  0
 0 0  0  0 -1  1
 0 0  0 -1 -1 -1
 0 1  1  0  0  0
2-2;1;1;1;1 1 10
80 
#1 
6	% 
  0  0 -1  0 0  1
  0  0  0  1 1  1
  0  0 -1 -1 0 -1
  1  0  0  0 0  0
 -1 -1  0  0 0  0
  0  1  1  0 0  0
3;1,1;1 2 5
60 
#1 
6	% 
  0  0  0 1  1  1
 -1 -1 -1 0  0  0
  0  0 -1 0  0  0
  0  0  0 0  0 -1
  0  1  1 0  0  0
  0  0  0 0 -1  0
3;1,1;1 1 14
120 
#1 
6	% 
 -1 1 1 0  0 0
  0 1 1 0 -1 1
 -1 0 1 0  0 0
 -1 1 2 1  0 1
  0 0 1 1  0 0
  0 1 1 0  0 0
2-2;1;1;1;1 1 18
240 
#1 
6	% 
 0  0  0  0 -1  0
 0  0  0 -1  0 -1
 0  0  1  1  0  0
 1  0  0  0  0  0
 0 -1 -1  0  0  0
 1  1  0  0  0  0
2-2;1,1;1;1 1 13
240 
#1 
6	% 
  0  0  1 1 0 0
 -1 -1  0 1 0 1
  0  1  1 1 1 0
 -1  0  0 0 0 0
  1  1  0 0 0 0
  0 -1 -1 0 0 0
2-2;1,1;1;1 1 9
240 
#1 
6	% 
 -1 -1 -1 0 0 1
  0  0  1 1 0 0
  1  1  0 0 1 0
  0  1  1 0 0 0
  1  0  0 0 0 0
  1  1  0 0 0 0
1,1;1;1;1;1 1 8
15 
#1 
6	% 
 1 0 0  0  0  0
 0 1 0  0  0  0
 0 0 1  0  0  0
 0 0 0 -1  0  0
 0 0 0 -1  0 -1
 0 0 0 -1 -1  0
1;1;1;1;1;1 1 36
15 
#1 
6	% 
 -1 1 1 0  0  0
  0 0 1 0 -1 -1
  1 0 0 0  0  0
  1 0 0 0 -1  0
  1 0 0 0  0 -1
  0 0 0 1  1  1
1;1;1;1;1;1 1 20
45 
#1 
6	% 
  0 -1 0 0 -1  0
  0  0 1 1  1  0
 -1 -1 0 0  0  0
  0  0 0 0  1 -1
  0  1 1 0  0  0
  1  0 0 0  0  0
1;1;1;1;1;1 1 12
15 
#1 
6	% 
  1  0 0 0 -1  1
  0  0 1 1  0  0
 -1  0 1 1  1  0
 -1 -1 0 1  1  0
  0  0 0 0  1 -1
  1  1 0 0  0  0
1;1;1;1;1;1 1 6
1 
#1 
6	% 
  1 0 0 0  0  0
 -1 1 1 0  0  0
 -2 0 1 0  0  0
 -2 0 2 1  0  0
 -1 0 1 0  0 -1
 -1 0 1 0 -1  0
1,1;1;1;1;1 1 56
30 
#1 
6	% 
 0  0  1 1 0  0
 0 -1  0 0 0 -1
 0 -1 -1 0 0  0
 0  0  0 0 1 -1
 1  1  0 0 0  0
 1  0  0 0 0  0
1;1;1;1;1;1 1 48
30 
#1 
6	% 
  0 0  1 1 0  1
  0 0 -1 0 1  0
 -1 0  0 0 0  0
  0 0  0 0 1 -1
  0 1  1 0 0  0
  1 1  0 0 0  0
1;1;1;1;1;1 1 44
30 
#1 
6	% 
  1  1  1  0 0 -1
  0 -1 -1 -1 0 -1
  0  1  1  0 0  0
 -1  0  0  0 0  0
  0  0  0  0 1 -1
  1  1  0  0 0  0
5-2;1 3 2
32 
#1 
6	% 
 0 0  0  0 -1  1
 1 0  0  1  0  1
 1 1  1  1  0  1
 0 0 -1 -1  1 -1
 0 0  0  1  0  1
 0 0  0 -1 -1 -1
6-4' 1 1
192 
#1 
6	% 
  1  0  0  0 0  0
 -1  0  0  0 1 -1
  1  0  0  1 0  2
  0  1  0 -1 0 -2
  0 -1  0  1 0  1
  0 -1 -1  0 0  1
4-3;1;1 1 5
96 
#1 
6	% 
 -1  0  1 1 1  0
  0  0  0 0 1 -1
 -1 -1  0 0 0  0
  0  0  1 1 0  0
  0  0  0 1 1  1
  0 -1 -1 0 0  0
1,1;1;1;1;1 1 54
240 
#1 
6	% 
 -3 -2  1  1  0  1
  2  2 -1 -1  0 -1
  4  3 -2 -1  1 -1
  4  3 -1 -1  0 -2
  4  3 -2 -2 -1 -1
 -4 -4  1  2  0  2
3;1;1;1 1 22
120 
#1 
6	% 
 0 -1 -1 -1  0 -1
 1  0  0  0  0 -1
 0  1  1  0  0  0
 0  0  0  0 -1  1
 0  0 -1 -1  0  0
 0  0  0 -1 -1 -1
3;1;1;1 2 6
20 
#1 
6	% 
 -1 0 0  0 0  0
  1 1 1  0 0  0
  1 1 1  0 1 -1
  1 1 1 -1 0 -2
  0 0 1  0 0 -1
  0 0 0 -1 0 -1
3;3 4 2
10 
#1 
6	% 
  0  1  1  0  0 0
  0 -1 -1  0 -1 1
 -1 -2 -1  0 -1 1
 -1 -2 -2 -1 -1 1
  0 -1 -1 -1 -1 0
 -1 -1 -1 -1 -1 0
