#70

3;1;1;1 2 3
1 
#1 
6	% 
 1 0 0 0 0 0
 0 1 0 0 0 0
 0 0 1 0 0 0
 0 0 0 1 0 0
 0 0 0 0 1 0
 0 0 0 0 0 1
1,1,1,1,1,1 1 1
1 
#1 
6	% 
 1 0 0 0 0 0
 0 1 0 0 0 0
 0 0 1 0 0 0
 0 0 0 1 0 0
 0 0 0 0 1 0
 0 0 0 0 0 1
2-1;1,1,1,1 1 1
3 
#1 
6	% 
  0 1 0  0  0  0
  0 0 1  0  0  0
  0 0 0 -1 -1 -1
 -1 0 0  0 -1 -1
 -1 0 0 -1  0 -1
  1 0 0  1  1  1
1,1,1,1,1;1 1 2
8 
#2 
6	% 
  1  0  0  0  0  0
  0  0  1  0  0  0
  1  0  1 -1  0  0
  0 -1  0 -1 -1 -1
 -1  1 -1  1  0  1
  1 -1  1 -1 -1  0
6	% 
  1  1  1  0  1  1
  1  1  1  1  0  1
  1  1  1  1  1  1
  1  1  1  0  0  2
 -1 -2 -1 -1 -1 -2
  1  1  2  1  1  2
1,1,1,1,1;1 1 1
4 
#2 
6	% 
  0  0  0 0 -1  0
 -1  0 -1 0 -1 -1
 -1 -1  0 0 -1 -1
  0 -1 -1 0  0 -1
  1  1  1 0  1  1
  0  0  0 1  0  0
6	% 
  0 0  0  0 -1  0
 -1 0 -1  0 -1 -1
 -1 0  0 -1 -1 -1
  0 0 -1 -1  0 -1
  1 0  1  1  1  1
  0 1  0  0  0  0
1,1,1;1,1,1 1 1
4 
#2 
6	% 
  0 -1 -1  0  0  0
 -1  0 -1  0  0  0
  1  1  1  0  0  0
  0  0  0  0 -1 -1
  0  0  0 -1  0 -1
  0  0  0  1  1  1
6	% 
  0  0 1  1  0  0
  0 -1 0  0  0  0
  0  0 0 -1  0  0
  0  0 0  0 -1 -1
 -1  0 0  0  0 -1
  1  0 0  0  1  1
1,1,1,1;1,1 1 1
7 
#3 
6	% 
  0 0  0 -1 -1 -1
 -1 0  0  0 -1 -1
 -1 0  0 -1  0 -1
  1 0  0  1  1  1
  0 0 -1  0  0  0
  0 1  1  0  0  0
6	% 
  0 -1 -1 -1 0  0
 -1  0 -1 -1 0  0
 -1 -1  0 -1 0  0
  1  1  1  1 0  0
  0  0  0  0 0 -1
  0  0  0  0 1  1
6	% 
  0 0 -1  0 -1 -1
 -1 0  0  0 -1 -1
 -1 0 -1  0  0 -1
  1 0  1  0  1  1
  0 0  0 -1  0  0
  0 1  0  1  0  0
2-1;1,1,1;1 1 4
6 
#1 
6	% 
  0 1 0  0  0  0
  0 0 1  0  0  0
 -1 0 0 -1 -1 -1
 -2 0 0 -1 -1 -1
  1 0 0  1  0  1
 -1 0 0 -1 -1  0
2-1;1,1,1;1 1 1
6 
#2 
6	% 
 0 0 1 0  0  0
 0 1 0 0  0  0
 1 0 0 0  0  1
 0 0 0 0 -1  0
 0 0 0 0  0 -1
 0 0 0 1  0  0
6	% 
 0 0 1 0  0  0
 0 1 0 0  0  0
 0 0 0 1  0  1
 0 0 0 0 -1  0
 0 0 0 0  0 -1
 1 0 0 0  0  0
1,1,1,1;1,1 1 2
20 
#4 
6	% 
  1  0  0  0  0  0
  1  0 -1  0  0  0
  0 -1 -1  0 -1 -1
  0  0  0 -1 -1  1
 -1  1  1  1  1  0
  1 -1 -1  1  0 -1
6	% 
 1  0  0 0  0  0
 0 -1 -1 0 -1 -1
 0  0  0 0  1  0
 0  0  0 1  0  0
 0  1  0 0  0  0
 0  0 -1 0  0  0
6	% 
 0  0 0  0 1  0
 0  0 0  0 0  1
 0 -1 1 -1 0 -1
 1  0 0  0 0  0
 0  1 0  0 0  0
 0  0 1  0 0  0
6	% 
  0 0  1  0  0  0
 -1 0  1  0  0  0
  0 0  1 -1  0  0
  0 1  0  0  1 -1
  1 0 -1  1  0  1
 -1 0  1 -1 -1  0
1,1,1,1;1,1 1 3
12 
#1 
6	% 
 1  0 0  0 1  1
 1  0 0 -1 0  0
 0  0 0  0 0 -1
 0  0 1  1 0  0
 0 -1 0 -1 0  0
 0  0 0  0 1  0
1,1,1;1,1,1 1 2
12 
#2 
6	% 
  0  0 -1 0  0  0
  0 -1  0 0  0  0
 -1  0  0 0  0  0
  1  0  0 1  1  1
  0  1  1 0  0 -1
  0 -1 -1 0 -1  0
6	% 
  1 1  1  1 0 0
  0 0  0 -1 0 0
  0 0  0  0 0 1
  0 0  0  0 1 0
 -1 0 -1  0 0 0
  1 1  0  0 0 0
2-1;1,1;1,1 1 1
3 
#1 
6	% 
 0 0 1  0 0  0
 0 1 0  0 0  0
 0 0 0 -1 0  0
 1 0 0  1 0  0
 0 0 0  0 0 -1
 0 0 0  0 1  1
2-1;1,1;1,1 1 3
6 
#1 
6	% 
  0 1 0  0  0  0
  0 0 1  0  0  0
 -1 0 0  0 -1 -1
  0 0 0 -1 -1  1
  1 0 0  1  1  0
 -1 0 0  1  0 -1
1,1,1;1,1,1 1 3
12 
#1 
6	% 
  0 -1  1 -1  0  0
 -1  0  0  0  0  0
  1  0  0  0 -1  0
 -1  0 -1  0  0  0
  1  0  0  0  0 -1
 -1 -1  0  0  0  0
2-2;1,1,1,1 1 2
4 
#1 
6	% 
  1  1  1  1 0  0
  0  0  0  0 0 -1
  1  1  1  1 1  0
 -1 -1  0 -1 0  1
  1  0  1  1 0 -1
  0 -1 -1 -1 0  1
1,1,1,1;1;1 1 2
20 
#4 
6	% 
 0  1  0  0  0  0
 0  0 -1 -1 -1 -1
 0  1  0 -1  0  0
 1  0  0  0  0  0
 0 -1  1  1  0  1
 0  1 -1 -1 -1  0
6	% 
  1  0  0 0  0  0
  1  0 -1 0  0  0
  0 -1 -1 0 -1 -1
  0  0  0 1  0  0
 -1  1  1 0  0  1
  1 -1 -1 0 -1  0
6	% 
  0  0  0 0 -1  0
  0  0  0 0 -1  1
 -1 -1  1 0 -1 -1
  0  0  0 1  0  0
  1  0 -1 0  1  0
 -1 -1  0 0 -1  0
6	% 
 0  0 0 1 0 0
 0  0 0 0 1 0
 0  0 0 0 0 1
 1  0 0 0 0 0
 0  0 1 0 0 0
 0 -1 0 0 0 0
1,1,1;1,1;1 1 4
20 
#4 
6	% 
  0  1 0 1  0  0
  0  1 0 0  0  0
  0 -1 1 0  0  0
  0  0 0 0 -1  0
 -1  0 0 0 -1 -1
  0  0 0 0 -1  1
6	% 
  0 -1 -1  0  0  0
 -1  0 -1  0  0  0
  1  1  1  0  0  0
  0  0  0  0 -1  0
  0  0  0 -1 -1 -1
  0  0  0  0 -1  1
6	% 
 1  0 0 0 0  1
 0  0 0 0 1  1
 0  0 0 0 0 -1
 0  0 1 1 0  0
 0  0 0 1 0  0
 0 -1 1 0 0  0
6	% 
  0  0  0  1 0 1
  0  0  0  1 0 0
  0  0  0 -1 1 0
  0 -1  0  0 0 0
 -1 -1 -1  0 0 0
  0 -1  1  0 0 0
1,1,1;1,1;1 1 2
24 
#4 
6	% 
 0  0  2 0  1  1
 0  0  1 0  0  0
 0 -1 -2 0 -1 -1
 1  0  0 0  0  0
 0  0  0 1  0  0
 0  0  1 0  1  0
6	% 
  2 0 0  2  1  1
  1 0 0  1  0  0
 -2 0 0 -3 -1 -1
  0 1 0  0  0  0
  0 0 1  0  0  0
  1 0 0  1  1  0
6	% 
 0  1  1 0 0 0
 0  1  1 0 1 0
 0 -1 -1 0 0 1
 1  0  0 0 0 0
 0  0  0 1 0 0
 0  1  0 0 0 0
6	% 
  2  1  1 0 0  0
  1  0  0 0 0  0
 -3 -1 -1 1 0  0
  0  0  0 0 0 -1
  0  0  0 0 1  1
  1  1  0 0 0  0
1,1,1;1,1;1 1 7
48 
#4 
6	% 
 0  0  0 0 -1 -1
 0  1  1 0  0  0
 0 -1 -1 1  1  1
 1  1  0 0  0  0
 1  0  0 0  0  0
 0  0  0 0  0 -1
6	% 
 -4 -2  2 0 -1 -1
 -2 -1  1 0  0  0
  5  2 -2 0  0  0
 -1 -1  0 0  0  0
  0  0  0 1  0  0
 -2 -1  1 0 -1  0
6	% 
 0  1  1  2  0  0
 0  2  2  2  1  1
 0 -4 -4 -5 -2 -2
 1  1  1  1  1  0
 1  0  0  0  0  0
 0  1  0  1  0  0
6	% 
 -2 -1 -1 0  0  0
  0  0  0 0  1 -1
  1  0  0 0 -2  2
  0  0  0 0  1  0
  0  0  0 1  1  1
 -1 -1  0 0  0  0
1,1,1;1,1;1 1 9
24 
#2 
6	% 
 -2 -1  1 0  0 0
 -2  0  0 1  0 0
  3  1 -1 0  0 0
 -1  0  1 0  0 0
  0  0  0 0  0 1
  0  0  0 0 -1 1
6	% 
 -2  0  0 -2 -1  1
 -2  0  0 -1 -1  1
  3  0  0  2  1 -1
 -1  1  1 -1  0  1
  0 -2 -1  0 -1 -1
  0 -1  1  0  0  0
1,1,1,1;1;1 1 5
12 
#1 
6	% 
  1  0  0  0  0  0
  0 -1  1 -1 -1 -1
  1 -1  0 -1  0  0
 -1  1 -1  1  1  0
  1 -1  1 -1  0 -1
 -1  0 -1  1  0  0
2-2;1,1,1;1 1 5
8 
#1 
6	% 
  1  1 -1  1  1  1
  1  1 -1  1  0  1
 -1 -1  1 -1 -1  0
 -2 -2  1 -2 -1 -1
 -2 -1  2 -2 -1 -1
 -1 -2  2 -2 -1 -1
1,1,1,1;1;1 1 3
4 
#2 
6	% 
  0 -1 -1 -1 0 0
 -1  0 -1 -1 0 0
 -1 -1  0 -1 0 0
  1  1  1  1 0 0
  0  0  0  0 0 1
  0  0  0  0 1 0
6	% 
  0 0 0 -1 -1 -1
 -1 0 0  0 -1 -1
 -1 0 0 -1  0 -1
  1 0 0  1  1  1
  0 0 1  0  0  0
  0 1 0  0  0  0
1,1,1,1;1;1 1 1
6 
#2 
6	% 
 0 -1  0 0 -1 -1
 0 -1 -1 0  0 -1
 0  0 -1 0 -1 -1
 0  1  1 0  1  1
 1  0  0 0  0  0
 0  0  0 1  0  0
6	% 
  0 0 0 -1 -1 -1
 -1 0 0  0 -1 -1
 -1 0 0 -1  0 -1
  1 0 0  1  1  1
  0 1 0  0  0  0
  0 0 1  0  0  0
1,1,1;1,1;1 1 3
36 
#5 
6	% 
 0  2  0 0  1  1
 0  1  0 0  0  0
 0 -2 -1 0 -1 -1
 1  1  0 0  1  0
 1  0  0 0  0  0
 0  0  0 1  0  0
6	% 
 0  1  1 0  0 0
 0  1  1 0  0 1
 0 -2 -2 0 -1 0
 1  1  0 0  0 0
 1  0  0 0  0 0
 0  0  0 1  0 0
6	% 
 0 0  2 0  1  1
 0 0  1 0  0  0
 0 0 -3 1 -1 -1
 1 0  1 0  1  0
 1 0  0 0  0  0
 0 1  0 0  0  0
6	% 
  2 0  2  0  1 -1
  1 0  1  0  0  0
 -2 0 -3  0 -1  1
  1 0  1  0  0 -1
  0 0  0 -1 -1 -1
  0 1  0  0  0  0
6	% 
  1 0  1  0 0 0
  1 0  1  0 1 0
 -1 0 -1  0 0 1
  1 0  0  0 0 0
  0 0  0 -1 0 0
  0 1  0  0 0 0
1,1,1;1,1;1 1 1
16 
#5 
6	% 
 1 0  0 0  0  1
 0 0  0 0 -1  0
 0 0  0 0  0 -1
 0 0 -1 0  0  0
 0 1  1 0  0  0
 0 0  0 1  0  0
6	% 
  0 -1 -1 0 0 0
 -1  0 -1 0 0 0
  1  1  1 0 0 0
  0  0  0 0 1 0
  0  0  0 0 0 1
  0  0  0 1 0 0
6	% 
 0 0  0  1 0 1
 0 0  0  1 0 0
 0 0  0 -1 1 0
 0 0 -1  0 0 0
 0 1  1  0 0 0
 1 0  0  0 0 0
6	% 
 0 0 0  0 -1 -1
 0 0 0  0 -1  0
 1 0 0  0  1  1
 0 0 0 -1  0  0
 0 0 1  1  0  0
 0 1 0  0  0  0
6	% 
 1 0  0  1 0 0
 0 0 -1  0 0 0
 0 0  0 -1 0 0
 0 0  0  0 1 0
 0 0  0  0 0 1
 0 1  0  0 0 0
1,1,1;1,1;1 1 8
24 
#2 
6	% 
  0  0  0 0 -1  1
 -2 -1  1 0 -1  1
  3  1 -1 0  3 -3
  0  0  0 0 -1  0
 -1  0  1 0  0  1
  0  0  0 1  0  0
6	% 
  1 0 -1  2  1  1
  2 0 -2  4  1  1
 -3 0  3 -7 -3 -3
  1 0  0  1  0  1
  1 0 -1  2  1  0
  0 1  0  0  0  0
2-2;1,1,1;1 1 3
4 
#1 
6	% 
  1  1 -1 0  1  0
 -1 -1  1 0 -1 -1
  0  0  0 1  0  0
  0  0 -1 0  0  1
  0 -1  0 0  0 -1
  1  0  0 0  0  1
1,1;1,1;1;1 1 1
6 
#2 
6	% 
 0 1 0 0  0 0
 0 0 1 0  0 0
 0 0 0 0  1 1
 0 0 0 0 -1 0
 1 0 0 0  0 0
 0 0 0 1  0 0
6	% 
 0 0 0 -1  0 0
 1 0 0  1  0 0
 0 0 0  0  1 1
 0 0 0  0 -1 0
 0 1 0  0  0 0
 0 0 1  0  0 0
1,1;1,1;1;1 1 2
36 
#5 
6	% 
 0 0  0 -1 -1  1
 0 0 -1  0  0  0
 0 1  1  0  0  0
 1 0  0  0  0  0
 0 0  0  1  0 -1
 0 0  0 -1 -1  0
6	% 
 -1 -1  1 0  0  0
  0  0  0 0  1  0
  0  0  0 0 -1 -1
  0  0  0 1  0  0
  1  0 -1 0  0  0
 -1 -1  0 0  0  0
6	% 
 -1 0  0 0 -1 -1
  0 0 -1 0  0  0
  0 1  1 0  0  0
  0 0  0 1  0  0
  1 0  0 0  0  1
 -1 0  0 0 -1  0
6	% 
 0 1 -1  1  0 0
 0 0  0  0  1 1
 0 0  0  0 -1 0
 1 0  0  0  0 0
 0 0  1 -1  0 0
 0 1  0  1  0 0
6	% 
 0 0 -1  0 -1  1
 0 0  0 -1  0  0
 1 0  0  1  0  0
 0 1  0  0  0  0
 0 0  1  0  0 -1
 0 0 -1  0 -1  0
1,1;1,1;1;1 1 8
24 
#2 
6	% 
 -1 -1 1 0 0  0
  0  0 0 1 1 -1
  0  0 0 0 0  1
  1  1 0 0 0  0
 -1  0 1 0 0  0
  0  0 0 0 1  0
6	% 
  0 0  0 1  0  0
 -1 0  0 0 -1 -1
  1 0  0 0  0  1
  0 1  0 0  0  0
  0 0 -1 0  0  0
 -1 0  0 0 -1  0
2-2;1,1,1;1 1 4
4 
#1 
6	% 
  0 0 0  0  1  0
  0 0 0  0  1  1
  0 0 0 -1 -1 -1
  0 0 1  0  0  0
  0 1 0  0  0  0
 -1 0 0  0  0  0
1,1,1;1;1;1 1 1
4 
#2 
6	% 
 0 0 0  0 1  1
 0 0 0 -1 0  0
 0 0 0  0 0 -1
 1 0 0  0 0  0
 0 1 0  0 0  0
 0 0 1  0 0  0
6	% 
  0 0 0 0 -1 -1
 -1 0 0 0  0 -1
  1 0 0 0  1  1
  0 1 0 0  0  0
  0 0 1 0  0  0
  0 0 0 1  0  0
1,1,1;1;1;1 1 5
10 
#4 
6	% 
 0 0 0  0 1  1
 0 0 0 -1 0  0
 0 0 0  0 0 -1
 1 0 0  0 0  0
 0 0 1  0 0  0
 0 1 0  0 0  0
6	% 
 0 0 0 0 -1 -1
 0 0 0 0 -1  0
 1 0 0 0  1  1
 0 0 0 1  0  0
 0 0 1 0  0  0
 0 1 0 0  0  0
6	% 
 0 1  0  1 0 0
 0 0 -1  0 0 0
 0 0  0 -1 0 0
 1 0  0  0 0 0
 0 0  0  0 0 1
 0 0  0  0 1 0
6	% 
  0 -1 -1 0 0 0
 -1  0 -1 0 0 0
  1  1  1 0 0 0
  0  0  0 1 0 0
  0  0  0 0 0 1
  0  0  0 0 1 0
1,1;1,1;1;1 1 19
12 
#2 
6	% 
 -1 0 0  0 -1  1
  0 0 0 -1 -1 -1
  1 0 0  1  1  0
  0 0 1  0  0  0
 -1 0 0  1  0  1
  0 1 0  0  0  0
6	% 
 -1 -1 1 0 0 0
  0  0 0 1 0 0
  1  1 0 0 0 0
  0  0 0 0 0 1
 -1  0 1 0 0 0
  0  0 0 0 1 0
1,1;1,1;1;1 1 7
12 
#2 
6	% 
 -1 0 0  0 -1  1
  0 0 0 -1 -1 -1
  0 1 0  0  0  0
  0 0 1  0  0  0
  1 0 0  1  1  0
 -1 0 0  1  0  1
6	% 
 -1 0  0 0 -1 -1
  0 0 -1 0 -1  1
  0 1  0 0  0  0
  0 0  0 1  0  0
  1 0  1 0  1  0
 -1 0  1 0  0 -1
1,1;1,1;1,1 1 2
18 
#3 
6	% 
 -1 0  0  0 -1  1
  0 0 -1  0  0  0
  0 1  1  0  0  0
  0 0  0 -1 -1 -1
  1 0  0  1  1  0
 -1 0  0  1  0  1
6	% 
 -1 -1 1 0 0 0
  0  0 0 0 1 0
  0  0 0 0 0 1
  0  0 0 1 0 0
  1  1 0 0 0 0
 -1  0 1 0 0 0
6	% 
 -1  0 0  0 -1 -1
  0  0 0 -1  0  0
  0  0 1  1  0  0
  0 -1 0  0 -1  1
  1  1 0  0  1  0
 -1  1 0  0  0 -1
1,1;1,1;1;1 1 4
6 
#2 
6	% 
 0 0 0 -1  0  0
 1 0 0  1  0  0
 0 0 0  0  1  0
 0 0 0  0 -1 -1
 0 0 1  0  0  0
 0 1 0  0  0  0
6	% 
 0  1 1  0 0 0
 0 -1 0  0 0 0
 0  0 0 -1 0 0
 1  0 0  1 0 0
 0  0 0  0 0 1
 0  0 0  0 1 0
1,1;1,1;1,1 1 1
3 
#1 
6	% 
 0  1 1  0 0  0
 0 -1 0  0 0  0
 0  0 0 -1 0  0
 1  0 0  1 0  0
 0  0 0  0 0 -1
 0  0 0  0 1  1
1,1,1;1;1;1 1 10
12 
#2 
6	% 
  0 0  0 -1  0  0
 -1 0  0 -1 -1  1
  1 0  0  1  0 -1
  0 0 -1  0  0  0
  0 1  0  0  0  0
 -1 0  0 -1 -1  0
6	% 
  0 -1  1 -1 0  0
 -1  0  0  1 0  0
  1  0 -1  0 0  0
  0  0  0  0 0 -1
  0  0  0  0 1  0
 -1 -1  0  0 0  0
1,1,1;1;1;1 1 2
18 
#3 
6	% 
  0 0 0 -1  0  0
 -1 0 0 -1 -1  1
  0 1 0  0  0  0
  0 0 1  0  0  0
  1 0 0  1  0 -1
 -1 0 0 -1 -1  0
6	% 
 0 1 -1 0  0  0
 0 0 -1 0 -1 -1
 1 0  0 0  0  0
 0 0  0 1  0  0
 0 0  1 0  0  1
 0 0 -1 0 -1  0
6	% 
 0  0 0 0 0 1
 0  0 0 0 1 0
 1  0 0 0 0 0
 0  0 0 1 0 0
 0  0 1 0 0 0
 0 -1 0 0 0 0
2-1;1,1;1;1 1 4
12 
#2 
6	% 
 0 0 1 0 0  0
 0 1 0 0 0  0
 0 0 0 1 1  1
 1 0 0 0 0  0
 0 0 0 0 0 -1
 0 0 0 0 1  0
6	% 
  0 0 1 0  0  0
  0 1 0 0  0  0
 -1 0 0 0 -1 -1
  0 0 0 1  0  0
  1 0 0 0  0  1
 -1 0 0 0 -1  0
2-1;1,1;1;1 1 6
3 
#1 
6	% 
 0 1 0  0 0 0
 0 0 1  0 0 0
 0 0 0 -1 0 0
 1 0 0  1 0 0
 0 0 0  0 0 1
 0 0 0  0 1 0
2-1;1,1;1;1 1 1
3 
#1 
6	% 
 0 0 1 0  0 0
 0 1 0 0  0 0
 0 0 0 0  1 1
 0 0 0 0 -1 0
 1 0 0 0  0 0
 0 0 0 1  0 0
3;1,1,1 2 1
1 
#1 
6	% 
 0 0 1  0  0  0
 0 1 0  0  0  0
 1 0 0  0  0  0
 0 0 0  0 -1 -1
 0 0 0 -1  0 -1
 0 0 0  1  1  1
2-2;1,1;1,1 1 3
4 
#1 
6	% 
  1  1 -1  1  0 0
  0  0  0  0  1 1
  0  0  0  0 -1 0
 -1 -1  0 -1  0 0
  1  0 -1  1  0 0
  0 -1  1 -1  0 0
1,1;1,1;1;1 1 16
48 
#4 
6	% 
 -1 -1 1 0 0  0
  0  0 0 1 0  0
  0  0 0 0 1  0
  1  1 0 0 0  0
  0  0 0 0 0 -1
 -1  0 1 0 0  0
6	% 
 -1 0  0 0 -1  1
  0 0  0 1  0  0
  0 0 -1 0  0  0
  1 0  0 0  0 -1
  0 1  0 0  0  0
 -1 0  0 0 -1  0
6	% 
 0 0 0 1  0 0
 1 0 0 0  0 0
 0 0 1 0  0 0
 0 0 0 0  0 1
 0 1 0 0  0 0
 0 0 0 0 -1 0
6	% 
  1 0 -1  1 0  0
  0 1  0  0 0  0
 -1 0 -1  0 0 -1
  1 0  2 -1 1  1
  1 0  1  0 1  0
  2 0  1  1 1  1
1,1;1,1;1,1 1 4
24 
#2 
6	% 
 -1 -1 1 0 0  0
  0  0 0 1 1 -1
  0  0 0 0 0  1
  1  1 0 0 0  0
 -1  0 1 0 0  0
  0  0 0 0 1  0
6	% 
  0  0 0 1  0  0
 -1  0 0 0 -1 -1
  1  0 0 0  0  1
  0  0 1 0  0  0
  0 -1 0 0  0  0
 -1  0 0 0 -1  0
1,1,1;1;1;1 1 7
24 
#2 
6	% 
  1  1 -1 0 1  1
  0  0  0 1 0  0
  1  0 -1 0 0  0
 -1 -1  1 0 0 -1
 -1 -1  0 0 0  0
  1  1 -1 0 1  0
6	% 
 0 -1 -1 -1 -1 -1
 1  0  0  0  0  0
 0 -1  0 -1  0  0
 0  1  1  1  0  1
 0  0  1  1  0  0
 0 -1 -1 -1 -1  0
2-2;1,1;1,1 1 4
8 
#1 
6	% 
 0 0  0 1 0  0
 0 0  0 0 1  0
 0 0  0 0 0 -1
 0 0 -1 0 0  0
 0 1  0 0 0  0
 1 0  0 0 0  0
1,1;1,1;1;1 1 9
12 
#1 
6	% 
 0  0 0 -1  0  0
 1  0 0  1  0  0
 0  0 0  0 -1  0
 0  0 1  0  1  1
 0  0 0  0  0  1
 0 -1 0  0 -1 -1
1,1;1,1;1,1 1 5
6 
#1 
6	% 
 1 0 0 0 0 0
 0 0 0 1 0 0
 0 0 1 0 0 0
 0 0 0 0 1 0
 0 1 0 0 0 0
 0 0 0 0 0 1
2-1;1;1;1;1 1 3
3 
#1 
6	% 
 0 1 0 0 0 0
 0 0 1 0 0 0
 1 0 0 0 0 0
 0 0 0 1 0 0
 0 0 0 0 0 1
 0 0 0 0 1 0
1,1;1,1;1;1 1 23
6 
#1 
6	% 
  0 1  0 0  0 0
  0 0  0 1  0 0
  0 0  0 0  0 1
 -1 0  0 0  0 0
  0 0  0 0 -1 0
  0 0 -1 0  0 0
1,1;1;1;1;1 1 3
9 
#3 
6	% 
 0 1 0 0 0 0
 0 0 0 1 0 0
 1 0 0 0 0 0
 0 0 1 0 0 0
 0 0 0 0 0 1
 0 0 0 0 1 0
6	% 
 0 1 0 0 0 0
 0 0 1 0 0 0
 1 0 0 0 0 0
 0 0 0 1 0 0
 0 0 0 0 0 1
 0 0 0 0 1 0
6	% 
 0 0 0 0 0 1
 0 0 0 0 1 0
 1 0 0 0 0 0
 0 0 0 1 0 0
 0 0 1 0 0 0
 0 1 0 0 0 0
1,1;1;1;1;1 1 9
24 
#4 
6	% 
 0 1 -1  1 0 0
 1 0  0  0 0 0
 0 0  0  0 0 1
 0 0  1 -1 0 0
 0 0  0  0 1 0
 0 1  0  1 0 0
6	% 
 0 0 0 -1 -1 -1
 1 0 0  0  0  0
 0 0 1  0  0  0
 0 0 0  1  0  1
 0 1 0  0  0  0
 0 0 0 -1 -1  0
6	% 
 -1 0 0 0 -1 -1
  0 0 0 1  0  0
  0 0 1 0  0  0
  1 0 0 0  0  1
  0 1 0 0  0  0
 -1 0 0 0 -1  0
6	% 
 -1 -1  1 0 0 0
  0  0  0 1 0 0
  0  0  0 0 0 1
  1  0 -1 0 0 0
  0  0  0 0 1 0
 -1 -1  0 0 0 0
1,1;1;1;1;1 1 2
8 
#2 
6	% 
 0 1 0 0 1  1
 1 0 0 0 0  0
 0 0 1 0 0  0
 0 0 0 1 0  0
 0 0 0 0 0 -1
 0 0 0 0 1  0
6	% 
 0 0 0 -1 -1 -1
 1 0 0  0  0  0
 0 1 0  0  0  0
 0 0 1  0  0  0
 0 0 0  1  0  1
 0 0 0 -1 -1  0
1,1;1;1;1;1 1 11
12 
#1 
6	% 
 1 0 0 0  0  0
 0 0 0 1  0  0
 0 0 0 0  1  0
 0 0 1 0 -1 -1
 0 1 0 0  1  1
 0 0 0 0  0 -1
1,1;1;1;1;1 1 25
3 
#1 
6	% 
 0 0  0 -1 0 0
 1 0  0  1 0 0
 0 0  0  0 0 1
 0 0 -1  0 0 0
 0 1  0  0 0 0
 0 0  0  0 1 0
2-2;1,1;1;1 1 11
8 
#1 
6	% 
  0  0 0 1 0  0
  0  0 0 0 1  0
  0  0 0 0 0 -1
  0  0 1 0 0  0
  0 -1 0 0 0  0
 -1  0 0 0 0  0
2-2;1,1;1;1 1 7
8 
#1 
6	% 
  0  0  0 1  0 0
  1  1 -1 0  0 1
 -1 -1  1 0 -1 0
  0  0  1 0  0 0
  0 -1  0 0  0 0
 -1  0  0 0  0 0
2-2;1,1;1;1 1 8
4 
#1 
6	% 
  1  1 -1  1 0 0
  0  0  0  0 0 1
  0  0  0  0 1 0
 -1 -1  0 -1 0 0
 -1  0  1 -1 0 0
  0 -1  1 -1 0 0
3;1,1;1 2 4
2 
#1 
6	% 
 0 0 1  0  0  0
 0 1 0  0  0  0
 1 0 0  0  0  0
 0 0 0 -1 -1 -1
 0 0 0  1  0  1
 0 0 0 -1 -1  0
1,1;1;1;1;1 1 1
1 
#1 
6	% 
 0 0 0 0 1 0
 0 0 0 0 0 1
 1 0 0 0 0 0
 0 1 0 0 0 0
 0 0 1 0 0 0
 0 0 0 1 0 0
2-2;1,1;1;1 1 6
4 
#1 
6	% 
  0 0 0 0  1 1
  0 0 0 0 -1 0
  0 0 0 1  0 0
  0 0 1 0  0 0
  0 1 0 0  0 0
 -1 0 0 0  0 0
3;1,1;1 2 1
1 
#1 
6	% 
 0 0 1 0 0 0
 0 1 0 0 0 0
 1 0 0 0 0 0
 0 0 0 0 1 0
 0 0 0 0 0 1
 0 0 0 1 0 0
1;1;1;1;1;1 1 7
3 
#1 
6	% 
 1 0 0 0 0 0
 0 0 0 1 0 0
 0 0 1 0 0 0
 0 0 0 0 0 1
 0 1 0 0 0 0
 0 0 0 0 1 0
1;1;1;1;1;1 1 2
1 
#1 
6	% 
 1 0 0 0 0 0
 0 1 0 0 0 0
 0 0 1 0 0 0
 0 0 0 1 0 0
 0 0 0 0 0 1
 0 0 0 0 1 0
2-2;1;1;1;1 1 7
4 
#1 
6	% 
  0  0 0 1 0 0
  0  0 0 0 0 1
  0  0 0 0 1 0
  0  0 1 0 0 0
  0 -1 0 0 0 0
 -1  0 0 0 0 0
