#27

1;1;1;1;1;1 1 2
1 
#1 
6	% 
 1 0 0 0 0 0
 0 1 0 0 0 0
 0 0 1 0 0 0
 0 0 0 1 0 0
 0 0 0 0 1 0
 0 0 0 0 0 1
1,1,1,1,1,1 1 1
1 
#1 
6	% 
 1 0 0 0 0 0
 0 1 0 0 0 0
 0 0 1 0 0 0
 0 0 0 1 0 0
 0 0 0 0 1 0
 0 0 0 0 0 1
1,1,1,1,1;1 1 2
2 
#1 
6	% 
  1  0  0  0  0  0
  0  0  1  0  0  0
  1  0  1 -1  0  0
  0 -1  0 -1 -1 -1
 -1  1 -1  1  0  1
  1 -1  1 -1 -1  0
1,1,1,1,1;1 1 1
4 
#1 
6	% 
 0  0  0  0 -1  0
 0 -1 -1  0 -1 -1
 0 -1  0 -1 -1 -1
 0  0 -1 -1  0 -1
 0  1  1  1  1  1
 1  0  0  0  0  0
1,1,1,1;1,1 1 2
8 
#1 
6	% 
 0  0  1  0 0  0
 0  0  1 -1 0  0
 0 -1  1  0 0  0
 1  0  0  0 0  0
 0  1 -1  1 1  0
 0 -1  1 -1 0 -1
1,1,1,1;1,1 1 1
7 
#2 
6	% 
  0 -1 -1 -1 0  0
 -1  0 -1 -1 0  0
 -1 -1  0 -1 0  0
  1  1  1  1 0  0
  0  0  0  0 0 -1
  0  0  0  0 1  1
6	% 
 0  0 -1 -1  0 -1
 0  0  0 -1 -1 -1
 0  0 -1  0 -1 -1
 0  0  1  1  1  1
 0 -1  0  0  0  0
 1  1  0  0  0  0
1,1,1;1,1,1 1 2
6 
#1 
6	% 
  0  1  0  0  0  0
  1  1  0  0  1 -1
  0  0  0 -1  0  0
  0  0 -1 -1 -1 -1
 -1 -1  1  1  0  1
  1  1  1  1  1  0
1,1,1;1,1,1 1 1
4 
#1 
6	% 
  0  0 1  1  0  0
  0 -1 0  0  0  0
  0  0 0 -1  0  0
  0  0 0  0 -1 -1
 -1  0 0  0  0 -1
  1  0 0  0  1  1
1,1,1,1;1;1 1 2
8 
#1 
6	% 
 0  1  0  0  0  0
 0  0 -1 -1 -1 -1
 0  1  0 -1  0  0
 1  0  0  0  0  0
 0 -1  1  1  0  1
 0  1 -1 -1 -1  0
1,1,1;1,1;1 1 4
8 
#1 
6	% 
  0  1 0 1  0  0
  0  1 0 0  0  0
  0 -1 1 0  0  0
  0  0 0 0 -1  0
 -1  0 0 0 -1 -1
  0  0 0 0 -1  1
1,1,1;1,1;1 1 2
12 
#1 
6	% 
 0  0  2 0  1  1
 0  0  1 0  0  0
 0 -1 -2 0 -1 -1
 1  0  0 0  0  0
 0  0  0 1  0  0
 0  0  1 0  1  0
1,1,1,1;1;1 1 3
1 
#1 
6	% 
  0 -1 -1 -1 0 0
 -1  0 -1 -1 0 0
 -1 -1  0 -1 0 0
  1  1  1  1 0 0
  0  0  0  0 0 1
  0  0  0  0 1 0
1,1,1,1;1;1 1 1
6 
#1 
6	% 
 0 0 -1 -1  0 -1
 0 0 -1  0 -1 -1
 0 0  0 -1 -1 -1
 0 0  1  1  1  1
 1 0  0  0  0  0
 0 1  0  0  0  0
1,1,1;1,1;1 1 3
24 
#1 
6	% 
 0 0  2  0  1  1
 0 0  1  0  0  0
 0 0 -2 -1 -1 -1
 0 1  1  0  1  0
 0 1  0  0  0  0
 1 0  0  0  0  0
1,1,1;1,1;1 1 1
16 
#2 
6	% 
 0 0 0  0 -1 -1
 0 0 0  0 -1  0
 0 1 0  0  1  1
 0 0 0 -1  0  0
 0 0 1  1  0  0
 1 0 0  0  0  0
6	% 
 0 1  0  1 0 0
 0 0 -1  0 0 0
 0 0  0 -1 0 0
 0 0  0  0 1 0
 0 0  0  0 0 1
 1 0  0  0 0 0
1,1,1;1;1;1 1 2
12 
#1 
6	% 
 0 0 1 -1  0  0
 0 0 0 -1 -1 -1
 1 0 0  0  0  0
 0 1 0  0  0  0
 0 0 0  1  0  1
 0 0 0 -1 -1  0
1,1;1,1;1;1 1 2
24 
#1 
6	% 
 0 1 0 0 1  1
 0 0 1 0 0  0
 0 0 0 1 0  0
 1 0 0 0 0  0
 0 0 0 0 0 -1
 0 0 0 0 1  0
1,1,1;1;1;1 1 5
4 
#1 
6	% 
 0 1  0  1 0 0
 0 0 -1  0 0 0
 0 0  0 -1 0 0
 1 0  0  0 0 0
 0 0  0  0 0 1
 0 0  0  0 1 0
1,1;1,1;1,1 1 2
12 
#1 
6	% 
 -1  0 0  0 -1  1
  0  0 0 -1  0  0
  0  0 1  1  0  0
  0 -1 0  0 -1 -1
  1  1 0  0  1  0
 -1  1 0  0  0  1
1,1;1,1;1;1 1 4
3 
#1 
6	% 
 0  1 1  0 0 0
 0 -1 0  0 0 0
 0  0 0 -1 0 0
 1  0 0  1 0 0
 0  0 0  0 0 1
 0  0 0  0 1 0
1,1;1,1;1,1 1 1
3 
#1 
6	% 
 0  1 1  0 0  0
 0 -1 0  0 0  0
 0  0 0 -1 0  0
 1  0 0  1 0  0
 0  0 0  0 0 -1
 0  0 0  0 1  1
1,1,1;1;1;1 1 1
4 
#1 
6	% 
 0 0 0  0 1  1
 0 0 0 -1 0  0
 0 0 0  0 0 -1
 1 0 0  0 0  0
 0 1 0  0 0  0
 0 0 1  0 0  0
1,1;1,1;1;1 1 7
12 
#1 
6	% 
 0 0 -1  0 -1  1
 0 0  0 -1 -1 -1
 1 0  0  0  0  0
 0 1  0  0  0  0
 0 0  1  1  1  0
 0 0 -1  1  0  1
1,1;1,1;1;1 1 1
6 
#1 
6	% 
 0 0  1 1  0 0
 0 0 -1 0  0 0
 0 0  0 0  1 1
 0 0  0 0 -1 0
 1 0  0 0  0 0
 0 1  0 0  0 0
1,1;1;1;1;1 1 3
6 
#1 
6	% 
 0 0  1 1 0 0
 0 0 -1 0 0 0
 1 0  0 0 0 0
 0 1  0 0 0 0
 0 0  0 0 0 1
 0 0  0 0 1 0
1,1;1;1;1;1 1 2
8 
#1 
6	% 
 0 0 -1 0 -1 -1
 1 0  0 0  0  0
 0 1  0 0  0  0
 0 0  0 1  0  0
 0 0  1 0  0  1
 0 0 -1 0 -1  0
1,1;1;1;1;1 1 1
1 
#1 
6	% 
 0 0 0 0 1 0
 0 0 0 0 0 1
 1 0 0 0 0 0
 0 1 0 0 0 0
 0 0 1 0 0 0
 0 0 0 1 0 0
