#61

2-1;2-1;1;1 1 22
1 
#1 
6	% 
 1 0 0 0 0 0
 0 1 0 0 0 0
 0 0 1 0 0 0
 0 0 0 1 0 0
 0 0 0 0 1 0
 0 0 0 0 0 1
1,1,1,1,1,1 1 1
1 
#1 
6	% 
 1 0 0 0 0 0
 0 1 0 0 0 0
 0 0 1 0 0 0
 0 0 0 1 0 0
 0 0 0 0 1 0
 0 0 0 0 0 1
2-1;1,1,1,1 1 2
2 
#1 
6	% 
  0  0  1 0  1  1
  0  0  1 0 -1  0
  0  1  1 0  0  1
  1  1  1 0  1  1
 -1  0  0 1 -1  0
  1 -1 -1 0  0 -1
1,1,1,1,1;1 1 2
10 
#3 
6	% 
 -1  0 -1 -1 -1  0
 -1  0  0 -1 -2 -1
 -2 -1 -1 -2 -2  0
  0  1  0  0 -1  0
  1  0  1  2  2  0
 -2  0 -1 -1 -3  0
6	% 
  0  0  1 1  1  0
  0 -1  0 0  0  0
 -1 -1  1 0  0  0
  0  0  1 0  1  0
  0  1 -1 0 -1 -1
  0 -1  1 0  0 -1
6	% 
  0 -1 -1  0  1  0
  0 -1  0  0  0  0
  0  0 -1  0  2  1
  0 -1 -1  1  0  0
 -1  1  1 -1 -2 -1
 -1 -1 -1  1  1  1
1,1,1,1;1,1 1 2
15 
#4 
6	% 
 0 0 -1  0 0 -1
 0 0 -1  0 1  0
 0 1  0  0 0  0
 1 0  0  1 0  0
 0 0  1 -1 1  1
 0 0 -1 -1 0 -1
6	% 
  0  1  0  1 -1 0
 -1  0 -1  0  0 0
  0  1  1  0 -1 0
  0  0  0  0  1 1
  1 -1  0 -1  2 0
 -1  1  0  1 -1 0
6	% 
  0  0 1 0  1 0
  0  1 0 1  1 0
  0 -1 0 0  0 0
  1  0 0 0  1 1
 -1  0 0 0 -1 0
 -1  0 0 0  0 0
6	% 
  0  0 0  1  1  1
  0 -1 0  0  0  0
  0  1 0  1  2  2
 -1  0 1  0 -1  0
  1  0 0 -1  0 -1
  1  0 0  1  1  1
2-1',2-1';1,1 1 2
2 
#1 
6	% 
 -1 1 0  0 -1  0
  0 0 1  1 -1  0
  0 0 0  0  2  1
 -1 0 0  0  1  1
  1 0 0 -1  1  0
 -1 0 0  0 -2 -1
2-1;1,1,1;1 1 6
4 
#1 
6	% 
  0 0  0  0  1 -1
  0 0  0 -1  0  0
  0 1  0  0  0  1
 -1 0  0  1 -1  0
  0 0  0 -1  1  0
  0 0 -1  0  0 -1
2-1;1,1,1;1 1 7
8 
#2 
6	% 
 0 -1  0 0 0  0
 0  0 -1 0 0  0
 1  0  0 0 0 -1
 0  0  0 1 0  1
 0 -1 -1 0 0  1
 0  1  1 0 1  1
6	% 
  0 0 0  1  0  0
  0 0 0  1  1  1
  1 1 0  0  0  0
 -1 0 1  0 -1  0
 -1 0 0  1  1  1
 -1 0 0 -1 -2 -1
1,1,1,1;1,1 1 3
20 
#3 
6	% 
  1  1 1  1  1  1
 -1  0 0 -1  0  0
  0  0 0 -1  0  0
  0 -1 0  1  0 -1
 -1  0 1  0 -1  1
  1  0 0  0  1  0
6	% 
  0 1 -1  0  0  0
 -1 0 -1 -1 -2  0
  0 0  0 -1 -1 -1
  1 0  1  1  2  1
 -1 0 -1 -1 -1  1
  1 0  0  0  1 -1
6	% 
 0  0  0  0 1 -1
 0 -1 -1 -1 0 -1
 1  0  0  0 0  0
 0  1  0  0 0  1
 0  0 -1  0 0 -1
 1  0  0  0 1  0
2-1;1,1;1,1 1 6
6 
#2 
6	% 
 0 0 0  0 -1 -1
 1 0 0  1  0  0
 0 1 0  1 -1  0
 0 0 1 -1  0  0
 0 0 0 -1 -1 -1
 0 0 0 -1  2  1
6	% 
 1 0 0 0  1  1
 0 0 0 1  1  0
 0 1 0 0  0  0
 0 0 1 0 -1  0
 0 0 0 0  0  1
 0 0 0 0 -1 -1
1,1,1;1,1,1 1 3
12 
#2 
6	% 
  1 0 0 -1  1 0
  0 0 0  0 -1 1
  0 0 1  0  1 0
 -1 0 0  0 -1 0
  0 1 0  0  1 0
  1 0 0  0  0 0
6	% 
 -1 0 0 0  0 1
  0 0 0 1 -1 0
 -1 0 1 0  1 0
  1 0 0 0  0 0
  1 1 0 0  2 0
 -1 0 0 0 -1 0
1,1,1;1,1,1 1 2
10 
#3 
6	% 
  0  0  0 1 -1 -1
 -1  0  0 0  0  1
  0  0 -1 0 -1  0
  0 -1  0 0  0  0
  1  1  0 0  1  0
 -1  1  0 0  0  0
6	% 
 -1  0  0 -1  0  0
 -1  0 -1  0  0  0
  0 -1  0  0  0  0
  0  0  0  0 -1 -1
  1  0  0  0  2  1
 -1  0  0  0  1  1
6	% 
  0  0 1  0 -1 -1
 -1  0 0  0  0  1
  0  0 0 -1 -1  0
  0 -1 0  0  0  0
  1  1 0  0  1  0
 -1  1 0  0  0  0
2-1',2-1';1;1 1 6
2 
#1 
6	% 
 0  0  1 1 -1  0
 1 -1  0 0  1  0
 0  1  0 0  0  0
 0  0 -1 0  0  0
 0  0  0 0 -1 -1
 0  0  0 0  0  1
2-1;1,1;1,1 1 10
4 
#1 
6	% 
 0  0  0 1 -1  0
 0  2 -1 0  1  2
 0 -1  2 0 -1 -2
 1  0  0 0  1  0
 0 -1  1 0  0 -1
 0  1 -1 0  1  1
1,1,1;1,1,1 1 4
4 
#1 
6	% 
 -1 -1  0  0 -2  0
 -1  0  0  0 -2  1
  1  1  0  1  3  0
  0  0 -1 -1 -1  0
  1  0  1  1  3  0
  0  0  0 -1 -2 -1
1,1,1;1,1;1 1 9
16 
#2 
6	% 
  0  0  0 0 -1 0
  0 -1  0 0  1 1
  0  1  0 0  1 0
  1  0 -1 1  0 0
 -1  0  1 0 -1 0
 -1  0  0 1 -1 0
6	% 
  0 0  2 0  1  0
  0 1  2 0  2  0
  0 0 -3 0 -2  0
  0 0  1 0  0 -1
  0 0  0 1  0  1
 -1 0  0 1 -1  0
1,1,1;1,1;1 1 7
24 
#3 
6	% 
 -1 0 -2 -1  1 0
  0 0 -2  0  1 0
  1 0  3  1 -1 1
  0 0 -1  0  0 0
  0 1  0  0  0 0
 -1 0 -1  0  0 0
6	% 
 1 0 0 1  3 0
 0 0 0 0 -1 0
 0 0 0 0  0 1
 0 1 0 0 -1 0
 0 1 1 0 -1 0
 1 0 0 0  2 0
6	% 
 -1 0 -2 -1  1  0
  0 0 -2  0  1  0
  0 1  3  0 -2  0
  0 0 -1  0 -1 -1
  0 0  0  0 -1 -1
 -1 0 -1  0  0  0
1,1,1,1;1;1 1 4
2 
#1 
6	% 
 0  0  1  0  0  0
 0 -1  0  0 -1 -1
 0  1 -1  0 -1  0
 0  0  0  0  1  0
 1  0  0  0  0  0
 0  0  0 -1  0  0
1,1,1,1;1;1 1 5
20 
#3 
6	% 
  0  0  0  0  1 -1
 -1  0 -1 -1 -1 -1
  0  0  0 -1  0 -1
  1 -1  1  1  1  1
 -1 -1 -1 -1  0 -1
  1  0  0  0  1  1
6	% 
  0  0  0  0 -1  0
 -1 -1  1 -1  0 -1
 -1  0  1 -1 -1  0
  1  1 -1  2  1  1
 -2 -1  1 -1 -2 -1
  1  1  0  1  0  0
6	% 
 0  1  0  0 -1 -1
 0  2 -1  0 -1 -1
 0  1 -1  0 -1 -1
 1 -2  1  0  2  2
 0  2 -1 -1 -1 -2
 0 -1  1  0  0  1
1,1,1;1,1;1 1 10
8 
#1 
6	% 
  0  1  1 0  2 0
  0  1  1 0  1 0
  0 -2 -2 0 -3 1
  1  1  0 1  1 0
 -1  0  1 0  0 0
 -1  0  0 1 -1 0
1,1,1;1,1;1 1 12
24 
#2 
6	% 
 -1  2 -2 -1 -1 -2
 -2  1 -1 -2 -1 -2
  4 -4  4  4  3  6
 -1  1  0 -1  0 -1
  2 -2  2  2  1  3
 -1  1 -1  0 -1 -1
6	% 
  0  0  0  0 -1 0
 -1  1 -1  1 -1 0
  2 -1  1 -2  5 0
 -1  0 -1  0  0 0
  2  0  1  0  2 0
  0  0  0  0  0 1
1,1,1;1,1;1 1 6
60 
#8 
6	% 
 0 0 0  2 -1 0
 0 1 0  1 -1 0
 0 0 1 -3  1 0
 0 0 0  1  0 0
 1 0 0  0  1 0
 0 0 0  1  0 1
6	% 
 0 0 0  0 -1 0
 0 0 0  1  0 0
 1 0 0 -1  1 0
 0 1 0  0 -1 0
 0 1 1  0 -1 0
 0 0 0  0  0 1
6	% 
 0 0  0 0 -1 0
 0 0  1 0  0 0
 1 0 -1 0  1 0
 0 1  0 0 -1 0
 0 1  0 1 -1 0
 0 0  0 0  0 1
6	% 
  0 0 0 0 -1  0
  0 0 1 0  0  1
  0 0 0 0  0 -1
 -1 0 0 0 -1  0
 -1 0 0 1 -1  0
  0 1 0 0 -1  0
6	% 
 0 -2  0 0  1 0
 0 -1  1 0  0 0
 0  2 -1 1 -1 0
 0 -1  0 0  1 0
 0  0  0 0  2 1
 1 -1  0 0  1 0
6	% 
 0 -2 0 0  1  0
 0 -2 1 0  1  1
 0  3 0 0 -2 -1
 0 -1 0 0  0  0
 0  0 0 1  0  0
 1 -1 0 0  1  0
6	% 
 0 0 0 0 -1  0
 0 0 1 0  0  1
 0 0 0 0  0 -1
 0 1 0 0 -1  0
 0 1 0 1 -1  0
 1 0 0 0  0  0
6	% 
 0 -2 0 0  1  0
 0 -1 0 0  1  1
 0  2 0 1 -2 -1
 0 -1 0 0  0  0
 0  0 1 0  0  0
 1 -1 0 0  1  0
1,1,1,1;1;1 1 6
15 
#4 
6	% 
  1  0 0 -1  0  0
  1  0 0  0  0  0
  0  0 1  0  0  0
 -1  0 0  1  0 -1
  1  1 0 -1 -1  0
  0 -1 0  0  0 -1
6	% 
  0 0  1 -1  0  0
  1 1  0  0  0  0
  1 0  1  0  0  0
 -1 0 -1  1 -1 -1
  1 0  1 -1  1  0
  0 0  0  0 -1 -1
6	% 
  0  1 0  0  0  0
  0  1 1  0  1  1
  0  0 0  0 -1 -1
  0 -1 0 -1  0  0
  1  1 0  0  1  0
 -1  0 0 -1  0  0
6	% 
 0  0  1 0  0  0
 0  0  1 1  1  1
 0  0  0 0 -1 -1
 1  0 -1 0  0  0
 0 -1  1 0  1  0
 1  1  0 0  0  0
1,1,1;1,1;1 1 11
48 
#4 
6	% 
  0  0  0  0  1 0
 -2 -1  1  0  0 0
  3  1 -1  0 -2 0
  0  0  0 -1  1 0
 -1  0  1  1 -1 0
  0  0  0  0  1 1
6	% 
  2  0  0 0  1 0
  2  1 -1 0  1 0
 -5 -1  1 1 -3 0
  1  0  0 0  1 0
  1  0 -1 0 -1 0
  1  0  0 0  1 1
6	% 
 0  0  0 0 -1 0
 0  1 -1 0  1 0
 0 -1  1 0  0 1
 0  1  1 1 -2 0
 0  0 -1 0  1 0
 1  0  0 0  0 0
6	% 
 0  0  0  0 -1 -2
 0 -1 -1 -2  1 -2
 0  2  2  3 -1  5
 0  0  0  0  0 -1
 0  0 -1 -1  1 -1
 1  0  0  0  0 -1
1,1,1;1;1;1 1 16
24 
#3 
6	% 
 0  1 -1 0  3  1
 0  1 -2 0  4  2
 0 -2  1 0 -3 -2
 1  1 -1 0  3  1
 0  1 -1 1  2  1
 1  0  0 1  0  0
6	% 
  1 0  1  1  2 0
  2 0  1  1  5 0
 -1 0 -1 -2 -4 0
  1 0  1  1  3 1
  1 1  1  1  2 0
  0 1  0  0  0 1
6	% 
  0 -1  1 0  0 0
 -1 -3  2 0  0 0
  0  3 -2 1 -1 0
  0 -2  1 0  1 0
  0 -2  1 0  1 1
  0  0  0 0  1 1
1,1;1,1;1;1 1 38
24 
#3 
6	% 
 0 0 1 0  1  2
 0 1 0 0  0  2
 0 0 0 0 -1 -1
 1 0 0 0  0 -1
 1 0 0 0  1  1
 1 0 0 1  0  0
6	% 
 -1 0 1  2 -2 0
  1 1 0  2 -1 0
 -1 0 0 -1  0 0
  0 0 0 -1  1 0
  0 0 0  1  0 0
  0 0 0  0  1 1
6	% 
 0 -1  2  1 -1 0
 0 -2  1  1  0 0
 0  2  0 -1  0 1
 1  1 -1 -1  1 0
 1 -1  1  1  0 0
 1  0  0  0  1 0
1,1;1,1;1,1 1 8
15 
#4 
6	% 
 -1  0 0 1 -1  0
  0  1 1 0 -1  0
  0  0 0 0  2  1
  0  1 0 0 -2 -1
 -1  0 0 0 -2 -1
  1 -1 0 0  1  0
6	% 
 0 -1  0  0  1 1
 1  0  0 -1  1 0
 0  0  1  0  1 0
 0  0 -1 -1  0 0
 0 -1 -1  0  0 0
 0  1  0  1 -1 0
6	% 
 -1  0 1 0 -1  0
  0  1 0 1 -1  0
  0  0 0 0  2  1
  0  1 0 0 -2 -1
 -1  0 0 0 -2 -1
  1 -1 0 0  1  0
6	% 
  1 0  0  0  1 1
  0 1  0  1 -1 0
  0 0  1  0  1 0
  0 0 -1  1 -1 0
  1 0 -1  0  0 0
 -1 0  0 -1  0 0
1,1;1,1;1;1 1 32
45 
#8 
6	% 
 0  0 0 0  1 1
 0  1 1 0 -1 0
 0  0 0 1  0 0
 0 -1 0 0  1 0
 0 -1 0 1  0 0
 1  0 0 1  0 0
6	% 
 0 0 1 0  0  0
 0 1 0 0 -1 -1
 0 0 0 1  0  0
 0 0 0 0  1  1
 0 0 0 1  0  1
 1 0 0 1  0  0
6	% 
  0  1 1 0 -1 0
 -1  0 0 1 -1 0
  0 -1 0 0  1 1
  1 -1 0 0  1 0
  1  0 0 0  1 1
  0  0 0 0  1 1
6	% 
  0 -1 0 1  0 0
 -1  0 1 0 -1 0
  0  1 0 0  0 1
  1  1 0 0  0 0
  1  0 0 0  1 1
  0  0 0 0  1 1
6	% 
  0 0 1 0  0 0
 -1 0 0 1 -1 0
  0 0 0 0  1 1
  1 0 0 0  1 0
  1 0 0 0  1 1
  0 1 0 0  0 1
6	% 
  0  0 1 0  0 0
  1  0 0 0  1 1
  0  0 0 1  0 0
 -1  0 0 0  0 0
 -1  0 0 1 -1 0
  0 -1 0 1  0 0
6	% 
 0  0 -1 0  0 0
 0  1  0 1 -1 0
 0  0  1 0  1 1
 0 -1  1 0  1 0
 0 -1  0 0  1 1
 1  0  0 0  1 1
6	% 
 0 0  0 0  1 1
 0 0  1 1 -1 0
 1 0  0 0  1 0
 0 0 -1 0  1 0
 1 0 -1 0  1 0
 1 1  0 0  0 0
1,1,1;1;1;1 1 18
20 
#4 
6	% 
 0  1 0  0  0  1
 0  0 1  0 -1 -1
 0 -2 0  0  1  0
 0  1 0  0 -1  0
 1  1 0  0  0  0
 0  1 0 -1  0  0
6	% 
  0 0  1 0  0 0
  0 0  1 0  1 1
  0 0 -2 0  1 0
 -1 0  1 0 -1 0
  0 1  1 0 -1 0
  0 0  1 1 -1 0
6	% 
  0  0  1  1 -1 0
  0 -1  0  1  0 0
  0  2 -2 -2  1 0
  0 -1  1  1  0 0
 -1 -1  1  1 -1 0
  0 -1  1  1  0 1
6	% 
  0 0 1 0  0  0
  0 0 0 1  0  0
  0 0 0 0  1  0
 -1 0 0 0 -1  0
  0 1 0 0 -1  0
  0 0 0 0 -1 -1
1,1;1,1;1,1 1 9
24 
#3 
6	% 
 1  0 0 -1  1 0
 0 -1 0  0  2 0
 0  0 1  0  1 0
 0  1 1  0 -1 1
 0  1 1  1 -1 1
 0  0 0 -1  1 0
6	% 
 0  1  0  0  1  0
 0  0 -1 -1  1  0
 1  0  1  0  0  0
 1  0  1  1  0  1
 1 -1  1  1 -1  0
 0  1  0  0  0 -1
6	% 
  0  0 0 0 -1 -1
 -1 -1 0 0  0  0
 -1  0 1 0 -1  0
 -1  1 1 1 -2  0
  0  1 1 1  0  1
  1  0 0 0 -1 -1
1,1,1;1;1;1 1 8
4 
#1 
6	% 
 0  0  0 0 1 -1
 0  0 -1 0 1  2
 1  0  0 0 1 -1
 1  0  0 1 0  0
 0 -1  0 0 0 -2
 1  0  0 0 0  1
1,1;1,1;1;1 1 35
4 
#1 
6	% 
  0  0 1 0  0 -1
  0  0 0 1  0  0
  0 -1 0 0  2  1
 -1  0 0 0  0  0
  0  0 0 0 -1 -1
  0  0 0 0  0  1
1,1;1,1;1;1 1 22
6 
#2 
6	% 
  0 0  0 0  2  1
  0 1  1 0 -1  0
  0 0  0 1  1  1
 -1 0  0 0  1  1
  0 0 -1 0 -1 -1
  0 0  1 0 -2 -1
6	% 
  0 0  1 0  1  0
  0 1  0 0 -1 -1
  0 0  1 1  0  0
 -1 0  1 0  0  0
  0 0 -1 0  0  1
  0 0 -1 0 -1 -1
1,1,1;1;1;1 1 13
8 
#2 
6	% 
  0  0  1 0 -1 -1
  0 -1  0 0  0 -1
 -1 -1  1 0 -1 -1
  0  0  0 1  0  0
  0 -1  1 0  0 -1
  0  1 -1 0  1  1
6	% 
  0 0  0 0  2  1
  0 0 -1 0  0  0
 -1 0  0 0  1  1
  0 1  0 1 -1  0
  0 1  0 0  1  1
  0 1  0 0 -2 -1
2-1,2-1;1,1 3 2
4 
#1 
6	% 
  0  0 0  0  2  1
  1  1 1 -1  0  0
  2  1 0 -1  1  0
  1  0 0  0  2  1
 -1 -1 0  0  0  0
  1  0 0  0 -1 -1
2-1,2-1;1;1 3 5
4 
#1 
6	% 
 0 0 -1  1 0  0
 1 1  1 -1 0  0
 0 1  1 -1 0  0
 0 0 -1  0 1  0
 0 0  0  0 0 -1
 0 0  0  0 1  1
2-1;2-1;1,1 1 5
1 
#1 
6	% 
 0 0 0 0 -4 -3
 0 0 1 0 -2 -1
 0 0 0 1  1  1
 0 1 0 0 -2 -1
 1 0 0 0  2  1
 0 0 0 0  3  2
2-1,2-1;1,1 2 2
4 
#1 
6	% 
 1  0  1 0  0  0
 0  1  0 1 -1  0
 0  0  0 0  2  1
 0 -1  0 0  2  1
 0  1 -1 0  0  0
 0 -1  0 0 -1 -1
2-1,2-1;1;1 2 8
4 
#1 
6	% 
 0 -1 0 -1  1  0
 1  0 1  0  0  0
 0  0 0  1 -1  0
 1  0 0  0  1  0
 0  0 0  0  0 -1
 0  0 0  0  1  1
2-1;1,1;1;1 1 14
2 
#1 
6	% 
 0  0  0 0  5  3
 0  0  0 1  1  1
 0  0 -1 0  2  1
 0 -1  0 0 -1 -1
 1  0  0 0  2  1
 0  0  0 0 -3 -2
2-1;1,1;1;1 1 28
8 
#1 
6	% 
 1 0  0 0  1  0
 0 0 -1 0  1  1
 0 1  0 0 -1 -1
 0 0  0 1 -1  0
 0 0  0 0 -1 -1
 0 0  0 0  0  1
2-1;1,1;1;1 1 31
12 
#3 
6	% 
 0 1 -3 0  1 0
 0 0  1 1 -1 0
 1 0  1 0  0 0
 0 0 -2 0  1 0
 0 0  1 0  0 0
 0 0  1 0  0 1
6	% 
 0 0  3 0  2 0
 0 0 -1 1 -1 0
 1 0 -1 0  0 0
 0 0  2 0  1 0
 0 1 -1 0 -1 0
 0 0 -1 0  0 1
6	% 
 0 0 0 0 -4 -3
 0 0 1 0  1  1
 0 1 0 0  1  1
 0 0 0 0 -3 -2
 1 0 0 0  2  1
 0 0 0 1  1  1
1,1;1,1;1,1 1 6
2 
#1 
6	% 
  0 0  0  0  3 1
 -1 0  0  0 -1 0
  0 0  0  0 -1 0
  1 0 -1  0  1 0
  0 1  0 -1  0 0
  0 0  0  1 -1 0
1,1;1,1;1;1 1 25
8 
#1 
6	% 
  0  0 0 0  0  1
  0  0 1 0  2  0
  0  0 0 1 -1 -1
  0  0 0 0  1  1
 -1  0 0 0  0  1
  0 -1 0 0 -2  0
1,1;1,1;1,1 1 10
8 
#1 
6	% 
  1  0  0  0  1  1
 -1 -1  0  1 -2  0
 -1  1  1 -1  2 -1
  0  0  0  1  0  1
  1  1  1  1  3  1
  1  0 -1 -1  0  0
1,1;1,1;1;1 1 13
4 
#1 
6	% 
 0  0  0  0  3 1
 0  0  1  0  0 0
 0 -1 -1 -1  2 0
 0  1  0  0  0 0
 1  1  1  0 -1 0
 0  0  0  0 -1 0
1,1,1;1;1;1 1 15
8 
#1 
6	% 
  1  1  1  2 -1  1
 -1 -1  0 -1  0 -1
 -1 -1 -1 -1  0 -1
 -2 -1 -1 -1  0 -1
  1  1  1  1 -1  1
  1  0  1  1  0  1
1,1;1,1;1;1 1 24
48 
#4 
6	% 
  0  1  0  0  1  0
  2  0 -1  1  1  0
 -1  0  1 -2  0  0
 -1  0  1 -1  0  1
 -1 -1  1 -1 -1  0
  0  1  0  0  0 -1
6	% 
 0 -1 1  0  0  0
 1  0 0  0  2  0
 0  0 0 -1 -1  0
 0  0 0  0 -1 -1
 0  1 0  0 -1  0
 0 -1 0  0  1  1
6	% 
  0  0  0  0 -1 -1
  0 -2  1 -1  1  0
  0  1 -2  1  0  0
 -1  1 -1  1 -1  0
  0  1 -1  1  1  1
  1  0  0  0 -1 -1
6	% 
 1  0  0  0  0 -1
 0 -1  2  0 -4  0
 0  2 -1  0  3  0
 0  1 -1 -1  3  0
 0  1 -1  0  3  1
 0  0  0  1 -1 -1
1,1;1,1;1;1 1 28
16 
#1 
6	% 
 -1 0 1  0  0  0
  0 0 0 -1  0  0
  1 1 0  0  1  0
 -1 0 0  0 -1 -1
  0 0 0  0  0 -1
  0 0 0  0  1  1
1,1;1,1;1;1 1 30
2 
#1 
6	% 
  0  1  0 -1  0 0
  0 -1  1  1 -1 0
 -1  0 -1  0  0 0
  1 -1  1  0  0 0
  0  0  0  0  1 1
  0  0  0  0  0 1
2-1;1;1;1;1 1 42
2 
#1 
6	% 
 -1 1 0 0 -1 0
  1 0 1 0  0 0
 -1 0 0 0  0 0
 -1 0 0 1 -1 0
  1 0 0 0  1 1
  2 0 0 0  1 0
2-1;1;1;1;1 1 29
2 
#1 
6	% 
 0 1 0 0 -1 0
 0 0 0 1  0 0
 1 0 0 0  0 0
 0 0 1 0 -1 0
 0 0 0 0  1 1
 0 0 0 0  0 1
1,1;1;1;1;1 1 42
12 
#3 
6	% 
 0 0 0 0  2 1
 0 0 0 1  0 0
 1 0 0 0  0 0
 0 1 0 0  0 0
 0 0 1 0  0 0
 0 0 0 0 -1 0
6	% 
 0 -1 0 0  1 1
 0 -1 0 1  0 0
 1  1 0 0  0 0
 0 -1 0 0  1 0
 0 -1 1 0  0 0
 0  2 0 0 -1 0
6	% 
 0  1 1 0 -1 0
 0  1 0 1 -1 0
 1 -1 0 0  1 0
 0  1 0 0  0 0
 0  1 0 0  0 1
 0 -2 0 0  1 0
1,1;1;1;1;1 1 51
16 
#2 
6	% 
 0 0 0 -1 -1 -3
 1 0 0  0  2  3
 0 0 0  0  0 -1
 0 1 0  0 -1 -1
 0 0 1  0 -1 -1
 0 0 0  0  1  2
6	% 
  3 0 -3  2  2 0
 -2 0  3 -3 -1 0
  1 0 -1  1  1 0
  1 1 -1  1  0 0
  1 0 -1  1  1 1
 -2 0  2 -2 -1 0
1,1;1;1;1;1 1 30
8 
#1 
6	% 
  0 -1  0 0  0 0
 -1  0  0 0 -1 0
  0  0 -1 0  1 0
  0  0  0 1  0 1
  0  0  0 0  1 1
  0  0  0 0  0 1
1,1;1;1;1;1 1 19
1 
#1 
6	% 
  0 0 0 0  5  3
  0 0 0 1  1  1
  0 1 0 0  1  1
 -1 0 0 0  1  1
  0 0 1 0 -2 -1
  0 0 0 0 -3 -2
1,1;1;1;1;1 1 33
4 
#1 
6	% 
  4  2 -2  3 1  1
 -2 -2  1 -3 1  0
  1  0 -1  1 1  1
  0  0  0  0 1  1
  0  0  0  0 0 -1
  1  1  0  1 0  1
1,1;1;1;1;1 1 53
15 
#4 
6	% 
 0 0 1 -3  1 0
 1 0 0  1  0 0
 0 0 0 -1  1 0
 0 1 0 -1  0 0
 0 0 0 -1  1 1
 0 0 0  2 -1 0
6	% 
 0 -3 1 0  1 0
 1  1 0 0  0 0
 0 -1 0 0  1 0
 0 -1 0 1  0 0
 0 -1 0 0  1 1
 0  2 0 0 -1 0
6	% 
 1 0 0 0  2 0
 0 1 0 0 -1 0
 0 0 1 0  0 0
 0 0 0 1  0 0
 0 0 0 0  1 1
 0 0 0 0 -1 0
6	% 
 0 0 0 0 -4 -3
 1 0 0 0  2  1
 0 1 0 0 -2 -1
 0 0 1 0 -2 -1
 0 0 0 1 -2 -1
 0 0 0 0  3  2
1;1;1;1;1;1 1 37
2 
#1 
6	% 
  1 0 1 0  0 0
 -1 1 0 0 -1 0
 -1 0 0 0  0 0
 -1 0 0 1 -1 0
  1 0 0 0  1 1
  2 0 0 0  1 0
1;1;1;1;1;1 1 46
1 
#1 
6	% 
 1 0 0 0  0 0
 0 1 0 0  0 0
 0 0 1 0 -1 0
 0 0 0 1 -1 0
 0 0 0 0  0 1
 0 0 0 0  1 0
1;1;1;1;1;1 1 22
1 
#1 
6	% 
 0 0  0 1  0  1
 0 0 -1 0  0 -1
 0 1  0 0 -1 -1
 1 0  0 0  0 -1
 0 0  0 0  1  2
 0 0  0 0  0 -1
