#93

4-1;1;1 2 6
1 
#1 
6	% 
 1 0 0 0 0 0
 0 1 0 0 0 0
 0 0 1 0 0 0
 0 0 0 1 0 0
 0 0 0 0 1 0
 0 0 0 0 0 1
1,1,1,1,1,1 1 1
1 
#1 
6	% 
 1 0 0 0 0 0
 0 1 0 0 0 0
 0 0 1 0 0 0
 0 0 0 1 0 0
 0 0 0 0 1 0
 0 0 0 0 0 1
2-1;1,1,1;1 1 8
24 
#1 
6	% 
  0  0  0  0 -1  0
 -1 -1  1  1 -2 -1
  0  0  0 -1  1  0
  0  0 -1  0  2  0
  0 -1  0  0 -1  0
 -1  0  0  0 -1  0
1,1,1,1,1;1 1 2
18 
#3 
6	% 
  0  0  1 1  1  0
  0 -1  0 0  0  0
 -1 -1  1 0  0  0
  0  0  1 0  1  0
  0  1 -1 0 -1 -1
  0 -1  1 0  0 -1
6	% 
  0  0  1  1 0  1
  0  0  0  1 1  1
 -1  0  0  1 1  1
  0  0  1  0 1  1
  1 -1 -1 -1 0 -1
 -1 -1  1  1 1  1
6	% 
  1  1  1  0  1  1
  1  1  1  1  0  1
  1  1  1  1  1  1
  1  1  1  0  0  2
 -1 -2 -1 -1 -1 -2
  1  1  2  1  1  2
1,1,1,1;1,1 1 3
60 
#3 
6	% 
  1 0  0  0  0  0
 -1 0  0  0  0  1
  0 0  0 -1 -1  0
  0 0 -1  1  0 -1
  0 1  0  1  1  1
  0 0  0 -1  0  0
6	% 
  0  0  0  0 -1 -1
  0 -1  1  0  1 -1
  0  0  0 -1  0  0
  0  0 -1  0  0  1
  0 -1  0  0  1 -1
 -1  0  0  0  0  0
6	% 
 -1 -1 -1  0 -2  0
  0  0  0 -1  0  0
  1  0  1  0  0 -1
  0  0  0  0  1  1
  0  0  0  0  0  1
 -1 -1  0  0 -1 -1
1,1,1;1,1,1 1 2
10 
#2 
6	% 
  0  0 -1 -1  0  0
 -1  0  1  0  0  0
  0 -1  0  0 -1 -1
  0 -1  0  0  0  0
  1  1  0  0 -1  0
 -1  1  0  0  0  0
6	% 
  0  0 0 -1  0  0
  0  0 1  1  1  0
 -1  0 0  0  0 -1
  1 -1 0  0  0  0
  0  1 0  0 -1  0
  0  1 0  0  0  0
2-1;1,1;1,1 1 11
24 
#1 
6	% 
 -1  0  0  1 -2 -1
  0 -1  1  0 -2  1
  0  0 -1  0  1 -1
  1  0  0  0  1  1
  0  0  0 -1  1  1
  0 -1  0  0  0  1
2-1;1,1,1;1 1 6
12 
#1 
6	% 
 0  0 1 -1  2  1
 0 -1 0  0  0  0
 0  0 0  1 -1 -1
 1  1 0  0 -1  0
 0 -1 0  0  1  0
 0  0 1  0  1  1
1,1,1,1;1,1 1 2
15 
#3 
6	% 
  0  1  0  1 0 0
 -1  1 -1  1 1 0
 -1  1  0  0 0 0
  0  0  0  0 1 1
  1 -1  0 -1 0 0
 -1  1  0  1 1 0
6	% 
  0  0 -1 0  1  1
 -1  0 -1 0  1  0
  0  0 -1 1  2  2
  0  1  0 0  0  0
  1 -1  1 0 -2 -1
 -1 -1 -1 0  1  1
6	% 
  0 0 0 0 -2 -1
  0 0 0 1 -1  0
  0 0 1 0  0  0
 -1 1 0 0  0  0
  1 0 0 0  1  1
  1 0 0 0 -2 -1
1,1,1;1,1,1 1 3
36 
#2 
6	% 
  0  1 -1  1  1  1
 -1  0  0  0  0  0
  1  1  0  1  2  1
 -1 -1  0 -1 -2 -2
  1  0  1 -1  0 -1
 -1  0 -1  1  1  2
6	% 
  0  0  0  0 0 1
  0  1 -1  0 0 0
 -1 -1  0  0 0 0
  1  0  0  0 0 0
  0 -1  0 -1 1 0
  0  0  0  1 0 0
2-1;1,1,1;1 1 7
24 
#2 
6	% 
  0 0 0  1  0  0
  0 0 0  1  1  1
 -1 1 0  0  0  0
  1 0 1  0 -1  0
  1 0 0  1  1  1
  1 0 0 -1 -2 -1
6	% 
 0 1  0 0  0  1
 0 0  1 0 -1 -1
 1 0  0 0  0  0
 0 0  0 1  0  0
 0 0  1 0 -1  0
 0 0 -1 0  0  0
1,1,1;1,1,1 1 4
12 
#1 
6	% 
 0  0  1 0  0  0
 1  1  1 0  0  1
 0 -1 -1 0  0 -1
 0  1  0 0 -1  0
 0 -1 -1 0  1 -1
 0  1  1 1 -1  1
2-1;1,1;1,1 1 6
18 
#2 
6	% 
 0  0 0 0  1  1
 0 -1 1 0  0  0
 1 -1 0 0  0  0
 0  1 0 1  0  0
 0  1 0 0  1  1
 0  1 0 0 -2 -1
6	% 
 1  0 0 0 -1 -1
 0  0 0 1  1  0
 0 -1 0 0  1  0
 0  0 1 0 -1  0
 0  0 0 0 -1 -1
 0  0 0 0  0  1
2-1;1,1;1,1 1 10
12 
#1 
6	% 
 0 1  0 0  0  0
 0 0  0 1  2 -1
 0 0 -1 0  3  1
 1 0  0 0 -1  0
 0 0  0 0  0  1
 0 0  0 0 -1 -1
2-1',2-1';1,1 1 2
6 
#1 
6	% 
 -1  0 1 0  0  0
  0 -1 0 1  1  0
  0  0 0 0  1  1
  0 -1 0 0  2  1
 -1  1 0 0  0  0
  0 -1 0 0 -1 -1
2-1',2-1';1;1 1 6
6 
#1 
6	% 
  1  0 -1  0  0  0
  0  1  0 -1 -1  0
 -1 -1  0  1  2  0
 -1  1  1  0 -1  0
  0  0  0  0 -1 -1
  0  0  0  0  0  1
2-1;1,1,1,1 1 2
6 
#1 
6	% 
  0  0  1 0  1  1
  0  0  1 0 -1  0
  0  1  1 0  0  1
 -1  1  1 0  1  1
  1  0  0 1  0  0
 -1 -1 -1 0  0 -1
2-2;1,1,1,1 1 2
16 
#1 
6	% 
  1 0  0 0  0 0
  1 0  0 0 -1 0
  0 0  0 0  0 1
 -1 0  0 1  2 0
  1 0 -1 0 -1 0
 -1 1  0 0  1 0
2-1;1,1;1;1 1 27
12 
#1 
6	% 
 0 0  0 0 -5 -3
 0 1  0 0  1  1
 0 0  0 0  3  2
 0 0  0 1  2  1
 1 0  0 0  1  1
 0 0 -1 0 -1 -1
3;1,1,1 1 3
8 
#1 
6	% 
  1  1 -1 -1 1  1
  0  0  0  0 1 -1
  0  0  0 -1 0  0
  0  0 -1  0 1  0
  0 -1  0  0 0  0
 -1  0  0  0 0  0
2-1;1,1;1;1 1 32
48 
#1 
6	% 
  0  0 0  0  0  1
  0  0 0  0 -1 -1
  0  0 0 -1  0  1
  0 -1 0  0  0 -1
  0  0 1  0 -1 -1
 -1  0 0  0  0 -1
1,1,1,1;1;1 1 6
15 
#3 
6	% 
  0  1 0 -1  0  0
  0  1 0  0  0  0
  0  0 1  0  0  0
  0 -1 0  1  0 -1
  1  1 0 -1 -1  0
 -1  0 0  0  0 -1
6	% 
  0  1 0 -1 -1  0
  1  1 0  0 -1  0
  1  0 1  0 -1  0
 -1 -1 0  1  1  0
  1  1 0 -1 -2 -1
  0  0 0  0  0  1
6	% 
  1  0 0 0  0 0
  1  0 0 1 -1 0
  2  0 0 0  1 1
 -2  0 1 0  0 0
  2  1 0 0 -1 0
  0 -1 1 0  0 0
1,1,1;1,1;1 1 6
60 
#5 
6	% 
  0  0 0 0 -1 0
  0  1 1 0  0 0
  0 -1 0 0  1 0
 -1  0 0 0  0 0
 -1  0 0 1  1 0
  0  0 0 0  0 1
6	% 
 0 -2 0  0  1 0
 0 -1 0  1  1 0
 0  2 1 -1 -2 0
 0 -1 0  0  0 0
 1  0 0  0  0 0
 0 -1 0  0  1 1
6	% 
 0 0  0 0 1 0
 0 1  0 0 0 0
 0 0  0 0 0 1
 0 0 -1 0 1 0
 0 0 -1 1 1 0
 1 0  0 0 0 0
6	% 
 -2 0 0  0  1 0
 -2 0 1  1  1 0
  3 0 0 -1 -2 0
 -1 0 0  0  1 0
  0 0 0  0  2 1
 -1 1 0  0  0 0
6	% 
 -2 0 0 0  1 0
 -1 0 0 1  1 0
  3 0 0 0 -1 1
 -1 0 0 0  0 0
  0 1 0 0  0 0
 -1 0 1 0  0 0
1,1,1;1,1;1 1 11
144 
#4 
6	% 
 0  0  0  0 -1 0
 0 -2 -1 -1 -1 0
 0  3  1  1  4 0
 1  0  0  0 -1 0
 0 -1  0 -1 -1 0
 0  0  0  0  0 1
6	% 
 0  0  0 -2 -1 0
 0 -1  1 -2 -1 0
 1  2 -2  5  2 0
 0  0  0 -1 -1 0
 0  0  1 -1  1 0
 0  0  0 -1  0 1
6	% 
 0  0  0  0 -1 0
 0  1  1  0  1 0
 0 -1 -1  0  0 1
 0  0  0 -1 -1 0
 0  1  0  1  1 0
 1  0  0  0 -1 0
6	% 
 0 -2  2 -2 -1  0
 0 -1  1 -2 -2 -2
 0  4 -4  5  4  3
 0 -1  1 -1 -1  0
 0 -1  0 -1 -1 -1
 1 -1  1 -1 -1  0
1,1,1,1;1;1 1 5
60 
#3 
6	% 
  1 0 0 -1  1  0
  2 0 0 -1  0  0
  0 0 1 -1 -1  0
 -1 0 0  1 -1 -1
  1 0 0 -1  0 -1
  0 1 0  1  0  0
6	% 
 1  1  1 0  1  1
 0  1  1 0  2  1
 0  1  0 0  0  1
 0 -1 -1 1 -1 -1
 0  1  1 1  2  1
 0  0 -1 0  0 -1
6	% 
  0  0  0  0 -1 -1
  0  0  0  0  0 -1
  0  0  0  1 -1 -1
  1  0 -1 -1  1  2
 -1 -1  0  1  0 -2
  1  0  0  0  1  1
2-2;1,1,1;1 1 5
48 
#2 
6	% 
  1 0 0 0  0  0
  2 0 0 0 -1 -1
 -2 0 0 0  0 -1
 -3 0 0 1  2  0
 -3 0 1 0  1  0
 -3 1 0 0  1  0
6	% 
 0  0  0  0  0 -1
 0  0  0 -1 -1  0
 0  0  0 -1  0  0
 0  0 -1  0  1  1
 0 -1  0  0  1  1
 1  0  0  0  0  1
1,1,1;1,1;1 1 12
72 
#2 
6	% 
  0  0  0  0 -1 0
 -1  1 -1  1 -1 0
  2 -1  1 -2  5 0
 -1  0 -1  0  0 0
  2  0  1  0  2 0
  0  0  0  0  0 1
6	% 
  1  0  0 -1  2 0
  2  1 -1 -2  2 0
 -4 -1  1  4 -7 0
  1  1  0 -1  1 1
 -2  0  1  2 -4 0
  1  0  0  0  1 0
1,1,1;1;1;1 1 16
72 
#3 
6	% 
 0  1  1 0  2  1
 0  2  1 0  4  1
 0 -1 -2 0 -4 -1
 0  1  1 1  3  1
 1  1  1 0  2  1
 1  0  0 1  0  0
6	% 
  1 0  0 0 -1 -1
  2 1  0 0 -3 -3
 -2 0 -1 0  3  3
  1 0  0 0 -2 -2
  1 0  0 1 -1 -2
  0 0  0 1  0  0
6	% 
 1 0 -1 0 0 0
 0 1 -1 0 0 0
 0 0  1 1 0 0
 0 0 -1 0 0 0
 0 0 -1 0 1 1
 0 0  0 0 0 1
1,1;1,1;1;1 1 24
144 
#4 
6	% 
  1  0  0  0  0 1
  0 -1 -2  0 -4 0
  0  2  1  0  4 0
  0  1  1  1  3 0
 -1  1  1  0  3 0
  1  0  0 -1 -1 0
6	% 
  0  0  0  0  1 1
 -1 -1 -2  0  2 0
  1  2  1  0 -2 0
  1  1  1 -1 -2 0
  1  1  1  0 -1 0
  0  0  0  1  0 0
6	% 
  0  1  0  0  0 1
 -1  0 -1  2  2 0
  1  0  2 -1 -2 0
  1  0  1 -1 -2 0
  1 -1  1 -1 -1 0
  0  1  0  0  0 0
6	% 
 -1 1 0  0  0  0
  0 0 1  0  1  0
  0 0 0 -1 -2  0
  0 0 0  0 -1 -1
  1 0 0  0 -1  0
 -1 0 0  0  1  1
1,1;1,1;1,1 1 9
72 
#3 
6	% 
 1  0  0  0 -1 -1
 0 -1  0  0 -1  0
 0  0 -1  0 -1  0
 0  0  0 -1 -1  0
 0  0  0 -1  0  1
 0  0  0  0  0 -1
6	% 
  0  0  0  0  0 1
 -1 -1  0  0  1 0
 -1  0 -1  0  1 0
 -1  0  0 -1  0 0
  0  0  0 -1  0 0
  1  0  0  0 -1 0
6	% 
 1 -1  0  0 0  0
 0  0 -1  0 1 -1
 0  0  0 -1 1  1
 0  0  0  0 1  1
 0  1  0  0 0  1
 0 -1  0  0 0  0
1,1,1;1;1;1 1 13
24 
#2 
6	% 
 1  0 0 0  1  1
 0  0 0 0  1  1
 0 -1 0 0  2  1
 0  0 1 1  0  0
 0  0 0 1  2  1
 0  0 0 1 -1 -1
6	% 
  0 0 1  0 -1 -1
  0 0 0 -1  0  1
 -1 0 0 -1  0  0
  0 1 0  0 -1  0
  0 0 0 -1 -1  0
  0 0 0  1  0  0
1,1,1;1,1;1 1 9
48 
#2 
6	% 
  2  0  0  0 -1  0
  1  0  0  0  1  1
 -2  0  0  0  0 -1
  1  1 -1  1  0  0
  0 -1  0 -1  0  0
  0 -1 -1  0  1  0
6	% 
 -2 0  0  0  1  0
 -1 0  0  1  1  0
  2 0  0 -1 -2 -1
 -1 0  0  0  0  0
  0 0 -1  0 -1  0
  0 1 -1  0  0  0
2-2;1,1,1;1 1 6
16 
#1 
6	% 
  1  0  0 0 1  1
  0  0  0 0 1  1
  0  1 -1 0 0  0
  1  0  0 1 1  1
  0  0  1 1 0  0
 -1 -1  0 0 0 -1
1,1;1,1;1;1 1 32
45 
#4 
6	% 
  1  0 1 0 -1 0
  0  0 0 0  1 1
 -1  0 0 1  1 0
 -1  0 0 0  1 0
  0  0 0 1  1 0
  0 -1 0 1  1 0
6	% 
 0 -1  0 0  1 1
 0  0 -1 1  1 0
 0  1  0 0 -1 0
 0  1  1 0 -1 0
 0  0  1 0 -1 0
 1  0  0 0 -1 0
6	% 
 -1  0 0 1  1 0
  0  1 1 0 -1 0
  1  0 0 0  0 1
  1 -1 0 0  0 0
  0 -1 0 0  1 1
  0  0 0 0  0 1
6	% 
  0 0 -1 0  1 1
  0 0  0 1  0 0
  0 1  1 0 -1 0
  0 0  1 0  0 0
  0 1  0 0  0 0
 -1 1  0 0  0 0
1,1;1,1;1,1 1 6
6 
#1 
6	% 
  0  0 0  0  3 1
  1  0 0  0 -1 0
  0  0 0  0 -1 0
 -1  0 1  0  0 0
  0 -1 0  1  1 0
  0  0 0 -1 -1 0
1,1,1;1;1;1 1 8
12 
#1 
6	% 
 0 0 0 0 -1  1
 0 0 1 0 -1 -2
 1 0 0 0 -1  1
 1 0 0 1  0  0
 0 1 0 0  0  2
 1 0 0 0  0 -1
1,1;1,1;1;1 1 25
24 
#1 
6	% 
  1  0  0 -1 -1  1
 -1  0  0  2  1 -1
  0  0 -1  0  2  0
 -1  0  0  1  0 -1
  0 -1  0  0 -1  0
  2  0  0 -1 -1  1
1,1,1;1;1;1 1 19
8 
#1 
6	% 
  0  0 0  0  0 1
  0  0 0  0  1 0
  0  0 0 -1  0 0
  0 -1 0  0  0 0
  0  0 1  0 -1 0
 -1  0 0  0  0 0
1,1;1,1;1;1 1 13
12 
#1 
6	% 
  0 0 0  0  3 1
  1 0 0  0  0 0
 -1 0 1  1  1 0
  0 0 0 -1  0 0
  1 1 0 -1 -2 0
  0 0 0  0 -1 0
1,1,1;1;1;1 1 15
24 
#1 
6	% 
  1  1 -1  0  0  1
 -1 -1  1  1  0 -1
  0 -1  0  0  0 -1
  0 -1  1  1  0 -1
  0  0 -1  0  1  1
  1  1 -1 -1 -1  1
1,1,1;1,1;1 1 10
24 
#1 
6	% 
  0 -1  1 0 -1 -2
  0 -1  1 0  0 -2
  0  3 -3 0  2  5
  0 -1  0 0  0 -1
  0  0  1 1  0 -1
 -1  0  0 1  1  0
1,1;1,1;1,1 1 10
24 
#1 
6	% 
 0  0  0 0  0 -1
 0 -1  0 0 -1  0
 1  1  1 0 -1  1
 0  0  0 0 -1 -1
 0  1  1 1 -1 -1
 0  0 -1 0  2  0
1,1;1,1;1;1 1 39
24 
#1 
6	% 
 0  0  0  0 0 -1
 0  0  0  0 1  1
 0 -1  0  0 1 -1
 0  0  0 -1 1  1
 0  0 -1  0 0  1
 1  0  0  0 1  1
2-1;1;1;1;1 1 36
12 
#1 
6	% 
  0 0 0 -1 -1 0
  0 0 1  0 -1 0
  0 1 0  0 -1 0
 -1 0 0  0  0 0
  0 0 0  0  1 0
  0 0 0  0  0 1
2-1;1,1;1;1 1 14
6 
#1 
6	% 
 0 0 0 0  4  3
 0 1 0 0  1  1
 0 0 0 1  2  1
 0 0 1 0 -2 -1
 1 0 0 0  1  1
 0 0 0 0 -3 -2
2-1;1,1;1;1 1 28
24 
#1 
6	% 
 1 0  0  0 -1  0
 0 0  1 -2 -1  1
 0 0 -2  1  1 -1
 0 1  0  0  0  0
 0 0 -1  1  1 -1
 0 0  1 -1  0  1
2-2;1,1;1,1 1 4
48 
#2 
6	% 
  0  0  0  0  2 1
 -1  0  0  0  0 0
  1  0  0  0 -1 0
  1  0  0 -1 -1 0
  1  0 -1  0  0 0
  1 -1  0  0  0 0
6	% 
 -1 0  0  0 -1  0
  0 0  0  0  1  1
  0 0  0  0  0 -1
  0 0  0 -1 -1 -1
  0 0 -1  0  0 -1
  0 1  0  0 -1 -1
1,1;1,1;1;1 1 38
72 
#3 
6	% 
  0  1 -1  2  1 0
  0  2 -1  1  0 0
 -1 -1  1 -1  0 0
  0 -1  1 -1 -1 0
  0  1 -1  1  0 0
  0  0  0  0  0 1
6	% 
  0 1  0 0 0 -1
  0 0  1 0 1  1
  0 1 -1 0 0 -1
 -1 0  0 0 1  0
 -1 0  0 0 0  0
 -1 0  0 1 1  0
6	% 
  0 0 1 0 0 0
  0 1 0 0 0 0
  0 0 0 1 1 0
 -1 0 0 0 1 0
 -1 0 0 0 0 0
 -1 0 0 0 1 1
1,1;1,1;1,1 1 8
15 
#2 
6	% 
 1 0 -1  0  0 0
 0 1  0  1  0 0
 0 0  0  0  2 1
 0 0  0  1  0 0
 0 0 -1  0  0 0
 0 0  1 -1 -1 0
6	% 
 0 0 1 -1 -1  0
 1 0 0  0 -1 -1
 0 1 0  0  1  0
 0 0 0  0 -1 -1
 0 0 0 -1 -1  0
 0 0 0  1  1  1
1,1,1;1,1;1 1 7
72 
#3 
6	% 
 -2 -1 0 1  2 0
 -2  0 0 0  1 0
  3  0 1 0 -2 0
 -1  0 0 0  0 0
  0  0 0 0  1 1
 -1 -1 0 0  1 0
6	% 
 0 -1  1 0 -1 -2
 0 -2  2 0 -1 -2
 0  4 -4 1  3  5
 0 -1  1 0 -1 -1
 1  0  0 0  0  0
 0  0  1 0 -1 -1
6	% 
 0 0 1 1  3 0
 0 0 0 0 -1 0
 0 0 0 0  0 1
 1 0 0 0 -1 0
 1 1 0 0 -1 0
 0 0 1 0  1 0
1,1,1;1;1;1 1 18
20 
#3 
6	% 
  0  0 1  1  0  0
  0  1 0 -1 -1  0
  0 -2 0  0  1  0
 -1  1 0  0  0  0
  0  1 0  0 -1  0
  0  1 0  0 -1 -1
6	% 
 -1 0 0 0  0 -1
  0 0 0 1  1  1
  2 0 0 0 -1  0
 -1 0 0 0  1  0
 -1 1 0 0  0  0
 -1 0 1 0  0  0
6	% 
  0  0  0 -1  0  0
  0  0  0 -1 -1 -1
  0  0  0  2 -1  0
 -1  0  0 -1  1  0
  0 -1  0 -1  1  0
  0  0 -1 -1  1  0
1,1;1,1;1;1 1 30
6 
#1 
6	% 
  0  0 -1 1  1 0
  0  0  1 0 -1 0
 -1 -1  0 0  1 0
  1  0  0 0 -1 0
  0  0  0 0  1 1
  0  0  0 0  0 1
1,1;1,1;1;1 1 22
18 
#2 
6	% 
 -1  0 0  0 -1 0
  0  0 0  1  1 1
  0  0 1  0 -1 0
  0 -1 0  0  0 0
  0  0 0 -1  0 0
  0  0 0  1  1 0
6	% 
  0 0  0 0 -2 -1
  0 0 -1 1  1  0
  0 1  0 0 -1  0
 -1 0  0 0  0  0
  0 0  1 0  0  0
  0 0 -1 0  1  0
2-1;1,1;1;1 1 31
36 
#3 
6	% 
 0 0 0 0  4  3
 0 0 1 0 -2 -1
 0 1 0 0 -2 -1
 0 0 0 0  3  2
 1 0 0 0 -2 -1
 0 0 0 1 -1 -1
6	% 
 0 0 0 1  2 0
 0 0 1 0 -1 0
 0 1 0 0 -1 0
 0 0 0 0  1 0
 1 0 0 0 -1 0
 0 0 0 0  0 1
6	% 
 0 1 -3 0  1 0
 0 0  1 1  0 0
 1 0  1 0 -1 0
 0 0 -2 0  1 0
 0 0  1 0 -1 0
 0 0  1 0  0 1
3;1,1,1 1 2
4 
#1 
6	% 
 0  0 0  1  1  1
 0  0 0  1  0  0
 2  0 0  0 -1  0
 1  0 1  0 -1  0
 1 -1 0  0  0  0
 1  0 0 -1 -2 -1
1,1;1,1;1;1 1 35
12 
#1 
6	% 
 0  0 1  0  0 -1
 0  0 0 -1  0  0
 0 -1 0  0  2  1
 1  0 0  0  0  0
 0  0 0  0 -1 -1
 0  0 0  0  0  1
1,1;1,1;1;1 1 28
48 
#1 
6	% 
 -1 -2 -1 0  1 -2
  0 -1 -1 1  1 -1
  1 -1 -2 0  0 -2
 -1  0  0 0  1  0
  0  1  1 0  0  1
  0  1  1 0 -1  1
2-1;1;1;1;1 1 42
6 
#1 
6	% 
 1 0 0 0  0 0
 0 0 0 1  0 0
 0 1 0 0  0 0
 0 0 1 0  0 0
 0 0 0 0  0 1
 0 0 0 0 -1 0
2-1;2-1;1,1 1 5
3 
#1 
6	% 
 0 0 0 0  0 1
 0 0 1 0 -1 0
 0 0 0 1  1 0
 0 1 0 0 -1 0
 1 0 0 0  0 0
 0 0 0 0  1 0
2-1;2-1;1;1 1 22
3 
#1 
6	% 
 1 0 0 0  0 0
 0 0 1 0 -1 0
 0 1 0 0 -1 0
 0 0 0 1  0 0
 0 0 0 0 -1 0
 0 0 0 0  1 1
2-1;1;1;1;1 1 29
6 
#1 
6	% 
 1 0 0 0 -1 0
 0 0 1 0  0 0
 0 1 0 0 -1 0
 0 0 0 1  0 0
 0 0 0 0  1 1
 0 0 0 0  0 1
2-1,2-1;1,1 2 2
12 
#1 
6	% 
  1  0 1 0 -1  0
  0  1 0 1  0  0
  0  0 0 0 -2 -1
  0 -1 0 0 -1 -1
 -1  1 0 0  0  0
  0 -1 0 0  2  1
4-1;1,1 2 2
1 
#1 
6	% 
 0 0 0 0  4  3
 0 0 0 1 -1 -1
 0 0 1 0 -2 -1
 0 1 0 0 -2 -1
 1 0 0 0 -2 -1
 0 0 0 0 -3 -2
2-1;2-1;1,1 1 7
6 
#1 
6	% 
 0 0  0 0 -5 -3
 0 1  0 0  1  1
 0 0  0 1  2  1
 1 0  0 0  1  1
 0 0 -1 0  2  1
 0 0  0 0  3  2
2-1,2-1;1,1 2 3
6 
#1 
6	% 
  0  0  0  0  1  1
 -1  1 -1 -1  0  0
  1  2 -3  0  0  0
  1  0 -1  1  2  1
  0 -1  1  0  0  0
  1  0 -1  1 -1 -1
2-1,2-1;1,1 3 2
12 
#1 
6	% 
  0 0  0 0 -2 -1
 -1 1 -1 1  1  0
 -2 1 -1 0  1  0
 -1 0  0 0 -1 -1
  1 0  1 0 -1  0
 -1 0  0 0  2  1
2-1,2-1;1;1 3 5
12 
#1 
6	% 
 0  1 0  1  0  0
 1 -1 1 -1 -1  0
 0 -1 1 -1 -1  0
 0  0 0  1  0  0
 0  0 0  0 -1 -1
 0  0 0  0  0  1
2-1,2-1;1;1 2 8
12 
#1 
6	% 
 1 0 0 -1 -1  0
 0 1 1  0 -1  0
 0 0 0  1  0  0
 0 0 1  0  0  0
 0 0 0  0  0 -1
 0 0 0  0  1  1
4-1';1,1 1 2
12 
#1 
6	% 
  0  0  0  0 -1 -1
 -3 -1 -1 -3  1  0
 -4  1 -3 -2  2  0
 -1  1 -1  0  1  0
  2 -1  2  1 -1  0
 -1  1 -1  0  0  0
4-1';1;1 1 5
12 
#1 
6	% 
  1  0 0  1 0  0
 -1 -1 1 -1 0  0
 -1 -1 0 -1 1  0
  1  0 0  0 0  0
  0  0 0  0 0 -1
  0  0 0  0 1  1
2-1;2-1;1;1 1 23
6 
#1 
6	% 
 0 0 1  0  0  0
 0 1 0  0 -1  0
 0 0 0 -1 -1  0
 1 0 0  0  0  0
 0 0 0  0  1  0
 0 0 0  0  0 -1
2-1,2-1;1;1 2 10
6 
#1 
6	% 
  1 0 0 -1 -1  0
 -1 1 1  1  0  0
 -2 1 0  2  1  0
  1 1 1  0 -2  0
  0 0 0  0 -1 -1
  0 0 0  0  0  1
1,1,1,1;1;1 1 4
6 
#1 
6	% 
 0  0 1 0 -1 0
 0  0 0 1 -1 0
 0  0 0 0  3 1
 0  0 0 0 -1 0
 1  0 0 0  0 0
 0 -1 0 0  1 0
3;1,1;1 1 13
8 
#1 
6	% 
  1 0 0 1  0  0
  1 0 1 0 -1  0
 -1 1 0 0  0  0
 -1 0 0 0  0 -1
  0 0 0 0  0 -1
 -2 0 0 0  1  0
3;1,1;1 1 11
16 
#1 
6	% 
  0  0  0  0 -1 -1
  0  0  0  0  0 -1
  0  0  0 -1 -1 -1
  0  0 -1  0  0 -1
  0 -1  0  0  1  1
 -1  0  0  0  1  1
2-2;1,1;1;1 1 17
48 
#2 
6	% 
 1 0 0  0 -1 -1
 1 0 0  0 -1  0
 0 0 1  0  0  0
 0 0 0  0  1  1
 0 1 0  0  0  0
 0 0 0 -1  0  0
6	% 
  0 0  0  0  1 1
  1 0  0  0  0 1
  1 0 -1  0  0 0
 -1 0  0  0  0 0
  1 1  0  0 -1 0
  1 0  0 -1 -1 0
1,1;1;1;1;1 1 53
15 
#3 
6	% 
 0 0 1 0  2 0
 1 0 0 0 -1 0
 0 1 0 0  0 0
 0 0 0 1  1 0
 0 0 0 0  1 1
 0 0 0 0 -1 0
6	% 
 0 -3 1 0  1 0
 0  1 0 0 -1 0
 1 -1 0 0  0 0
 0 -1 0 1  1 0
 0 -1 0 0  1 1
 0  2 0 0 -1 0
6	% 
 0 0 0 0  4  3
 1 0 0 0 -2 -1
 0 1 0 0  1  1
 0 0 1 0  1  1
 0 0 0 1  2  1
 0 0 0 0 -3 -2
1,1;1;1;1;1 1 51
48 
#2 
6	% 
 0 -2  3 0 -4 0
 0  3 -2 0  3 0
 1 -1  1 0 -2 0
 0 -1  1 1 -1 0
 0 -1  1 0 -1 1
 0  2 -2 0  3 0
6	% 
 0  3 -2  3  1 0
 0 -2  3 -3 -2 0
 1  1 -1  1  0 0
 0  1 -1  1  0 0
 0  1 -1  1  1 1
 0 -2  2 -2 -1 0
1,1;1;1;1;1 1 30
24 
#1 
6	% 
  0 1 0 0  0 0
 -1 0 0 0  1 0
  0 0 1 0 -1 0
  0 0 0 1  1 1
  0 0 0 0  0 1
  0 0 0 0  1 1
1,1;1;1;1;1 1 42
36 
#3 
6	% 
 0  1 1 0 -1 0
 0  1 0 1  0 0
 1 -1 0 0  0 0
 0  1 0 0 -1 0
 0  1 0 0  0 1
 0 -2 0 0  1 0
6	% 
 0 0 1 0  0 0
 0 0 0 1  0 0
 1 0 0 0  0 0
 0 1 0 0 -1 0
 0 0 0 0  0 1
 0 0 0 0  1 0
6	% 
 0 0 0 0  1  1
 0 0 1 0  1  1
 0 1 0 0 -2 -1
 1 0 0 0  1  1
 0 0 0 1  2  1
 0 0 0 0 -3 -2
2-2;1,1;1;1 1 19
48 
#2 
6	% 
  1  0  0  0  0 0
 -1  1  1 -1 -2 0
  0  0 -1  0  1 1
  0 -1 -1  0  1 0
  0 -1  0  1  1 0
  0  0  1 -1 -1 0
6	% 
 0  0  0  0 -2 -1
 0  1 -1  1  2  1
 1  0  0 -1 -1  0
 0 -1  0 -1  0  0
 0 -1  1  0  0  0
 0  0 -1  1  1  0
1,1;1;1;1;1 1 33
12 
#1 
6	% 
  4  2 -2 -3 -4 -1
 -2 -2  1  3  3  0
  1  0 -1 -1 -1 -1
  0  0  0  0 -1 -1
  0  0  0  0  0  1
  1  1  0 -1 -2 -1
3;1,1;1 1 8
12 
#2 
6	% 
  1  0 0 0  0 0
  0  1 0 1  0 0
  0  1 1 0 -1 0
 -1  1 0 0 -1 0
  0 -1 0 0  1 1
  0  2 0 0 -1 0
6	% 
  0 0 0 0 -2 -1
  1 0 1 0 -1  0
  1 1 0 0 -1  0
  1 0 0 0  1  1
 -1 0 0 1  1  0
  2 0 0 0 -1  0
1,1;1;1;1;1 1 54
16 
#1 
6	% 
 0 0 0  0  1 1
 0 0 0  0  0 1
 0 0 0 -1  0 0
 0 1 0  0  0 0
 1 0 0  0  0 0
 0 0 1  0 -1 0
1;1;1;1;1;1 1 37
6 
#1 
6	% 
 0 0 1 0 -1 0
 0 1 0 0  0 0
 1 0 0 0  0 0
 0 0 0 1  1 0
 0 0 0 0  0 1
 0 0 0 0 -1 0
1;1;1;1;1;1 1 46
1 
#1 
6	% 
 -1 0 0 0  0 0
  1 1 0 0 -1 0
 -1 0 1 0  0 0
 -1 0 0 1  1 0
 -1 0 0 0  1 1
  2 0 0 0 -1 0
1,1;1;1;1;1 1 49
2 
#1 
6	% 
 0  0 0 0  2 1
 1  0 0 0  0 0
 0  0 1 0  0 0
 0 -1 0 0  1 0
 0  0 0 1  0 0
 0  0 0 0 -1 0
1,1;1;1;1;1 1 19
3 
#1 
6	% 
  0 0 0 0  3 1
  0 0 0 1  1 0
  0 1 0 0  0 0
 -1 0 0 0  1 0
  0 0 1 0 -1 0
  0 0 0 0 -1 0
1;1;1;1;1;1 1 22
3 
#1 
6	% 
 0 0 1  0 -1  0
 0 0 0 -1  0  0
 1 0 0  0  0  0
 0 1 0  0  0  0
 0 0 0  0 -1  0
 0 0 0  0  0 -1
1;1;1;1;1;1 1 42
2 
#1 
6	% 
 0  0  0 -1  0 0
 0 -1  0  0  0 0
 0  0  0  0  0 1
 0  0 -1  0  0 0
 1  0  0  0 -1 0
 0  0  0  0  1 0
3;1;1;1 1 18
8 
#1 
6	% 
 -1  0 0  0  1  1
  0  0 0  0 -1 -1
  0  0 0 -1 -1 -1
  0  0 1  0  0  1
  0 -1 0  0  1  1
  0  0 0  0  1  2
2-2;1;1;1;1 1 21
16 
#1 
6	% 
 1  1  1  1 -1 0
 0  1  1  1 -1 0
 0  1  1  1  0 1
 0 -1  0 -1  0 0
 0 -2 -2 -2  1 0
 0  1  1  2  0 0
3;1;1;1 1 21
4 
#1 
6	% 
  1 1 0 0 -1 0
 -1 0 0 1  1 0
 -1 0 0 0  0 0
  1 0 1 0 -1 0
  1 0 0 0  0 1
 -2 0 0 0  1 0
