#36

4-1;1;1 2 7
1 
#1 
6	% 
 1 0 0 0 0 0
 0 1 0 0 0 0
 0 0 1 0 0 0
 0 0 0 1 0 0
 0 0 0 0 1 0
 0 0 0 0 0 1
1,1,1,1,1,1 1 1
1 
#1 
6	% 
 1 0 0 0 0 0
 0 1 0 0 0 0
 0 0 1 0 0 0
 0 0 0 1 0 0
 0 0 0 0 1 0
 0 0 0 0 0 1
1,1,1;1,1,1 1 4
36 
#2 
6	% 
  1 0  0  0  1  0
  1 0  0  1  2  0
 -1 0 -1 -1 -2  2
  1 0  0  1  2  1
 -3 1  0 -2 -3 -2
  2 0  0  1  2  1
6	% 
  1  1  2  0  1  0
 -1  0  0 -1  0  0
  1  1  0  2  0 -1
 -1 -1 -1 -1  0  1
  0  0 -2  1 -1  0
  0 -1  0 -1  0  0
2-1;1,1,1;1 1 8
48 
#3 
6	% 
  0 0  1  1  0 -1
 -1 1  1  1 -1 -1
  0 0 -1 -1  1  1
  1 0 -1 -1  0  1
  0 1  2  1  0 -1
 -1 0  1  1 -1 -2
6	% 
  2  1  1  1  1  2
  1  0  1  1  1  0
 -2 -1 -1 -1 -1 -1
 -1  0 -1 -1  0  0
  1  0  1  0  1  1
  1  0  0  1  1  1
6	% 
 -1 0 0 -1 -1 0
  1 1 0  1  0 0
  1 0 0  0  1 1
  0 0 0  1  1 0
  0 1 1  0  0 0
  0 0 0  0 -1 0
2-1',2-1';1,1 1 3
6 
#1 
6	% 
  3  3  3  0  1  1
 -3 -2 -1 -1 -1 -2
  0 -1 -1  1  0  0
  1  0  0  1  0  1
 -2 -1 -2  0  0 -1
  2  1  1  1  1  1
2-1;1,1;1,1 1 11
12 
#1 
6	% 
 0 0 -1 0  0  0
 0 0 -1 0  1  1
 0 1  1 0  1  1
 1 0  1 0 -1 -1
 0 0  1 1 -1 -2
 0 0  0 0  0 -1
1,1,1,1;1,1 1 3
27 
#4 
6	% 
 -1  0  1 0 -1 -1
  0  0  0 1 -1 -1
  0  0  0 0  0 -1
  1  0  0 0  1  2
  1 -1 -1 0 -1  1
 -1  1  1 0  0 -1
6	% 
  1 1  0  0  1  1
 -1 0 -2 -1  0 -1
 -1 0 -1 -1 -1  0
  1 0  2  2  0  0
  0 0 -1 -1  0 -1
  0 1  0  0  0  1
6	% 
  0  0  0 -1 -1 -1
  2  1  1 -1  0  1
  0  1  0  1  1  2
 -1 -1  0  1  0 -1
  1  0  1 -1  0  0
 -1  0 -1 -2 -2 -1
6	% 
  0  1  1  2 0 1
  0  0  1  1 0 0
  0  0  0  0 1 0
  0 -1 -1 -2 0 0
  0  0  0  1 0 1
 -1  0  0  0 0 0
1,1,1,1,1;1 1 2
12 
#1 
6	% 
 -1 -2 1 -1 -2 -1
 -1 -1 0 -1 -2  0
  0 -1 0  1  0 -1
 -1 -1 1 -1 -2 -1
  1  2 0  1  3  1
 -1 -1 1  0 -2 -1
2-2;1,1,1,1 1 2
16 
#1 
6	% 
  0 -1 -1  0  0  0
 -1  0  0 -1 -1  0
  0 -1  1  0  0 -1
  1  1  0  1  1  1
 -1 -1  0 -1  0  0
  1  1  0  0  1  1
1,1;1,1;1;1 1 31
30 
#3 
6	% 
  1 -1  0  0  1  0
  1  0  1  2  1 -1
 -1 -1 -1  0 -1 -1
  0  0  0  1 -1 -1
 -1  0 -1 -1 -1  0
 -1  0 -1  0 -1  0
6	% 
  1 -2  0 -1 -1  1
  2  1 -1  1  1  3
  0  0  1  1  0 -1
  0  1  1  1  1  0
 -1  0  1  0  0 -2
 -1  1  1  1  0 -2
6	% 
 -1 -1 -4 -1 -1  0
  1  1  3  0  0  1
  0  0 -2  0 -1 -1
  1  1  1  0  0  0
 -1  0 -2  0  0 -1
  0  1  1  1  0 -1
1,1,1;1,1;1 1 12
96 
#4 
6	% 
  1  3 -3  2  0  2
  0  1 -1  1 -1  0
 -1 -6  6 -4  2 -3
  0  1  0  1  0  0
  0 -3  3 -2  1 -1
  1  2 -1  1  0  1
6	% 
  0 -2 -2  1  1  3
  0 -1 -1  0  0  1
 -1  4  4 -3 -3 -8
  0  0 -1  0  0  1
  0  2  2 -1 -1 -4
  0 -1 -1  0  1  2
6	% 
  2 -1  1 -1   5  2
  1 -1  1  0   2  0
 -4  3 -3  2 -10 -3
  1 -1  0  0   1  1
 -2  2 -1  1  -5 -2
  1  0  1  0   3  1
6	% 
  0  0 -2  1  0  0
  1  1 -1  1  1  1
 -1 -2  3 -3 -2 -1
  0  1 -1  0  0  1
  0 -1  2 -1 -1 -1
  0  0 -1  0  0  0
2-2;1,1;1,1 1 6
48 
#2 
6	% 
  0  1  0  1  1  0
  1  0 -1  0  0  1
  1 -1  0  0 -1  0
  2 -1 -1 -1 -1  2
 -2  1  1  2  1 -2
  1  0 -1 -1 -1  1
6	% 
  0 -1 -1  0 -1  1
 -1  1  0 -1  1  0
 -1  1  1  0  2 -1
 -2  2  1 -1  2 -2
  1 -2 -1  2 -2  1
  0  2  1 -1  1  0
1,1;1,1;1;1 1 39
72 
#3 
6	% 
  1  1  0 -2  1  1
  0  0 -1  0  3  3
  0  0  0 -1 -2 -1
 -1  0  0  1  0  0
  0  0 -1  0  1  2
  0 -1  0  1  0  0
6	% 
 -1 -2 -2 0 -1  0
  1  2  2 1  0 -1
  0 -1  0 0  0  0
  0  1  1 0  0  0
  0  0  1 0  0 -1
  1  1  1 1  1  0
6	% 
  3  2  3  0  1 0
 -3 -2 -3 -1  0 1
  2  1  1  0  0 0
 -2 -1 -2  0  0 0
 -2 -2 -2 -1 -1 0
 -1 -1 -2  0  0 1
2-1;1,1;1;1 1 35
48 
#4 
6	% 
  1  0 -1  0  0  1
 -1  0  1 -2 -1  0
 -1 -1  0 -1 -1  0
  2  1  0  3  2  0
 -1  0  1  0 -1 -1
 -1  0  0 -1 -1  0
6	% 
  5  2  2  2  3  5
 -2 -1  0 -1 -1 -3
 -4 -2 -2 -2 -1 -3
  1  1  0  0  0  2
 -4 -1 -2 -2 -2 -3
  2  1  1  1  1  2
6	% 
  0 -1  1 -1  0  0
  0  0  0  1  1  0
  1  1  0  0  1  1
 -1  0 -1 -1 -1  0
  0  0 -1  0  0  0
  0 -1  1  0  0 -1
6	% 
  0  0 -1 -1  0  1
  0  0  1 -1 -1  0
 -1 -1  0 -1 -1 -1
  1  0 -1  2  1  0
 -1 -1  0  0 -1 -1
 -1  0  0 -1 -1  0
3;1,1,1 1 3
12 
#2 
6	% 
  2  0 -1 1  2  1
  1  0 -1 0  1  1
  2  0 -1 0  2  2
  1 -1 -2 0  1  1
 -1  0  1 0 -2 -1
 -2  0  1 0 -1 -1
6	% 
  1  0  0 1  1  0
  0 -1  0 0  1  0
  0  0  0 1  1  0
  0 -1 -1 0  0  0
 -1  0  0 0 -1 -1
  0  0  0 0 -1  0
4-1;1,1 2 3
1 
#1 
6	% 
  2 -1  2  3  2 -2
 -1  0 -1  0 -1  0
  0  0 -1 -1 -1  1
 -1  0 -1 -1  0  1
  2 -1  2  2  2 -2
  0 -1  0  1  0 -1
2-1,2-1;1,1 2 4
18 
#2 
6	% 
 1  1  1 0 0 0
 0  0 -1 0 0 1
 1  2 -1 1 1 2
 0  0  0 1 0 0
 0 -1  0 0 0 0
 0  1 -2 1 0 1
6	% 
  5  1  1 -3  0  4
 -2 -1 -1  2  2  0
  1  1  0  1 -1 -2
  3  1  1 -2 -2  0
 -3 -1 -1  1  1  0
  4  1  0 -1  1  3
2-1;2-1;1,1 1 10
9 
#2 
6	% 
  2  1  2  2  2  0
 -1  0 -1 -1 -1  0
  0 -1 -1 -1 -1  0
  0 -1  0  0  0 -1
  1  1  1  1  0  0
  1  0  1  2  1 -1
6	% 
  0 -1 0 -2 -1  0
  1  1 0  2  1  0
 -1  0 0  1  0 -1
 -1  0 1  0 -1 -1
  0  0 0 -1  0  0
  0  0 1 -1  0  0
4-1';1;1 1 6
12 
#1 
6	% 
  2  2  2  1  1  0
  0 -1 -2  0 -1  1
 -2 -2 -1 -1  0 -1
  1  0  0  0 -1  1
  0 -1  1  0  0 -1
 -1  0  0 -1 -1  0
2-1,2-1;1;1 3 7
12 
#1 
6	% 
 -1 -1  0  1 -1 -2
 -1 -1 -1 -1 -2 -1
  0  0  0  1  0 -1
  0  1  0  0  1  1
  1  0  0  1  1  0
  0  1 -1  0  0  1
2-1;1;1;1;1 1 37
6 
#1 
6	% 
 0  0 -1 0  0  1
 0 -1  1 0  0 -1
 0  0  0 1  1  0
 1  1  0 0  1  1
 1  1  1 1  1  0
 0 -1  0 0 -1 -1
2-1;1,1;1;1 1 32
24 
#1 
6	% 
  0  0 -1  0  1 1
  0  0  1  0  0 0
  0  0  0  0 -1 0
 -1  0 -1  0  0 0
  0  0 -1 -1  0 1
  0 -1 -1  0  0 0
1,1,1;1;1;1 1 19
28 
#4 
6	% 
  0 -1 0  0 -1 -1
 -1  0 1 -1  0  0
  1  1 0  1  1  1
  0 -1 0 -1 -1  0
 -1 -1 0  0 -1 -1
  0  0 1  0 -1 -1
6	% 
  1  1 -1  0  1 1
  0  0 -1  0  0 0
 -1 -1  0 -1 -1 0
  0  1 -1  0  1 1
  1  1 -1  0  0 1
  1  0 -1  0  1 1
6	% 
  0  0  0 -1  0  0
 -1  0  0 -1  0 -1
  0  0  0  1  0  1
 -1 -1  0 -2  0 -1
 -1  0 -1 -2  0  0
 -1  0  0 -2 -1 -1
6	% 
  0  0 -1  0  0  0
  0 -1 -1  0  0 -1
  0  0  1  0  0  1
 -1 -1 -2  0  0 -1
  0 -1 -2 -1  0  0
  0 -1 -2  0 -1 -1
1,1;1,1;1,1 1 11
21 
#3 
6	% 
 -1  3  3  0  0 -4
  0 -1  0  1  0  1
  1  0 -1  2  1  2
  1  0 -1  0  1  1
  1 -4 -4 -1  0  5
 -2  3  4 -1 -1 -5
6	% 
  0  0  0 -1  0  0
  0  1 -1  1  1  1
 -1 -1  0 -1 -1  0
  0 -2  1 -1 -1 -1
  0 -1  0  2  0 -1
  1  2  0  0  2  1
6	% 
  0  0  0 -1  0  0
  0 -1 -1 -1 -1  1
  1 -1 -1  0  0  1
  1  1  0  2  2  0
 -1  0  0  2  0 -1
 -1  0  1 -3 -1  0
1,1,1;1;1;1 1 15
12 
#1 
6	% 
 -1 1 0 0 -1 0
  1 0 1 0  1 0
  1 0 0 0  1 1
  1 0 1 1  2 0
  0 0 0 0 -1 0
  0 1 0 0 -1 0
1,1,1,1;1;1 1 5
18 
#2 
6	% 
 0  0  0  1 -1 -1
 0 -1  0  0 -1 -1
 0  1  2  1  0 -1
 1  0 -1 -1  1  2
 0  0  1  1 -1 -1
 1  0 -1 -1  0  1
6	% 
  1  1  0  0  1  1
  2  2  1  0  1  1
 -1  0  1 -1 -1 -1
 -1 -1  0  1  0 -1
  1  2  1  0  1  1
  0  0 -1  1  1  0
1,1;1;1;1;1 1 34
3 
#1 
6	% 
 -2 -1 0 -1 -1 -1
  2  1 0  1  2  1
 -1  0 0  0  0  0
  1  1 1  1  1  0
 -3 -1 0 -2 -2 -1
 -2 -1 0 -2 -1  0
1;1;1;1;1;1 1 45
6 
#1 
6	% 
  0  0 -1  0 -1  0
 -1 -1 -1 -1 -1  0
  0  1  1  1  1  0
 -1  0 -1 -1 -1  0
  0  0  2  1  1 -1
  0  0 -1  0  0  0
1,1;1;1;1;1 1 54
48 
#2 
6	% 
 -1 -1  0  0 -1 -1
  0  0 -1  0  1  1
  0  0 -1 -1  0  1
  0  1  0  0  1  1
  1  0  0  0  1  1
  0  0  0  0 -1  0
6	% 
  0 0 0 -1  0  0
  0 0 0  0  1  1
  0 0 0  1  1  2
  0 1 0  2  2  2
  0 0 1  2  2  1
 -1 0 0 -2 -2 -2
2-2;1;1;1;1 1 22
16 
#1 
6	% 
 1  0 1  0 1 0
 0 -1 0 -1 0 0
 0  1 1  0 0 0
 1  0 1  0 0 0
 0  1 0  0 0 1
 1  0 0  0 0 0
3;1,1;1 1 15
20 
#3 
6	% 
 -1 -1 -1  0  0  0
 -1 -1 -1 -1  0  0
 -1 -1 -1  0 -1 -1
 -2 -1 -2 -1 -1  0
 -1  0 -1  0  0  0
 -2 -1 -1  0  0 -1
6	% 
  0 0 0 0 -1 -1
  0 1 1 1  0 -1
  0 0 0 1 -1 -1
 -1 1 0 0 -2 -1
  0 1 0 0 -1  0
  1 1 1 1 -1 -1
6	% 
 1  0  0 0  0 1
 0  0  0 1  0 0
 0 -1 -1 0 -1 0
 0 -1 -1 0  0 1
 0 -1  0 0  0 0
 0 -1  0 0 -1 0
2-1;2-1;1;1 1 29
3 
#1 
6	% 
  0  0 0  0 -1  0
  0  0 0 -1 -1  0
  0 -1 0  0  1  0
  1  1 0  0  1  1
  0  0 1  0 -1 -1
 -1  0 0  0  0  0
1,1;1;1;1;1 1 57
17 
#4 
6	% 
  2  1  0  1  1  1
  0  0  1 -1  0  0
  1  0  0  0 -1  0
 -2 -1 -1  0  0 -1
  1  0  0 -1  0  1
  1  1  1  0  0  0
6	% 
 -1 -1 -2 -1  0  0
  1  0  2  0  1  1
 -1 -1 -1  0  0  0
  1  1  1  1 -1 -1
  0 -1 -1 -1  0  1
  0 -1  0  0  1  0
6	% 
 -1 -1 -1 -1  0  0
  1  0  0  1  1  1
 -1 -1  0 -1  0  0
  1  1  1  1 -1 -1
  0 -1 -1 -1  0  1
  0 -1  0  0  1  0
6	% 
  1  0 -1  1  1  0
 -3 -1  0 -2 -2 -1
  0  0  0 -1  0  0
  1  1  1  1  1  1
 -1 -1 -1 -1  0  0
 -1  0  0  0  0 -1
2-1;1;1;1;1 1 45
6 
#1 
6	% 
 0 0  0 0 1  0
 0 1  1 0 0  0
 0 1  0 0 0  1
 0 0  1 0 0  0
 1 0 -1 0 0  1
 0 0  1 1 1 -1
3;1;1;1 1 23
4 
#1 
6	% 
  0  0 -1 0 0 1
  0  0  1 0 0 0
  0 -1  0 0 0 0
  0  0  1 0 1 0
  0  0  0 1 0 0
 -1  0  0 0 0 0
1;1;1;1;1;1 1 47
1 
#1 
6	% 
 1  1  0  0  0 1
 0 -1 -1 -1 -1 0
 0  0 -1 -1 -1 1
 0  0  0  1  1 0
 0  1  0  0  1 1
 0  0  1  0  1 0
