#50

2-1;1;1;1;1 1 27
1 
#1 
6	% 
 1 0 0 0 0 0
 0 1 0 0 0 0
 0 0 1 0 0 0
 0 0 0 1 0 0
 0 0 0 0 1 0
 0 0 0 0 0 1
1,1,1,1,1,1 1 1
1 
#1 
6	% 
 1 0 0 0 0 0
 0 1 0 0 0 0
 0 0 1 0 0 0
 0 0 0 1 0 0
 0 0 0 0 1 0
 0 0 0 0 0 1
2-1;1,1,1,1 1 2
1 
#1 
6	% 
  1  0  0  3  2 1
  1  0  0  0  0 0
  0  0  0  2  1 0
  1  1  0  3  2 0
  0 -1 -1  0  0 0
 -1  1  0 -2 -1 0
1,1,1,1,1;1 1 2
7 
#3 
6	% 
 -1  0  0  1  1 1
 -1  0  0  2  1 0
 -1  0  0  1  1 0
 -2 -1 -1  0  0 0
  2  0  1 -2 -2 0
 -2 -1  0  1  1 0
6	% 
  1 0  1  0  0  0
  1 0  0  0  0  0
  1 0  1  2  1  1
  2 1 -1  1  0  1
 -2 0  0 -1 -1 -1
  2 0  0  2  0  1
6	% 
 0 0  0  2  0  1
 0 0  1  1  1  1
 1 0  1  2  1  2
 0 0  0  2  1  1
 0 1 -1 -2 -1 -2
 0 1  1  3  2  2
1,1,1,1,1;1 1 1
1 
#1 
6	% 
 0  0  0  0 -1  0
 0 -1 -1  0 -1 -1
 0 -1  0 -1 -1 -1
 0  0 -1 -1  0 -1
 0  1  1  1  1  1
 1  0  0  0  0  0
1,1,1,1;1,1 1 2
17 
#6 
6	% 
 1  0 0  1  1  0
 0  0 0  0  0 -1
 0  0 0  3  2  1
 0 -1 1 -1 -1  0
 0  1 0  0  0  0
 0  1 0  1  1  0
6	% 
 0  0  0  1  0  0
 0 -1 -1 -1 -1 -1
 0  0  0  1  1  0
 1  0  0  0  0  0
 0  1  0  1  1  0
 0  0 -1  0  0  0
6	% 
  1  0  0 0 0  0
  1  0 -1 1 0  1
  0  1  0 0 1 -1
  0  0  0 1 0  0
 -1 -1  0 0 0  0
  1  1  0 1 1  0
6	% 
 0  0  1 2  1 1
 0  0  0 2  1 1
 0 -1  0 0  0 0
 1  0  0 0  0 0
 0  1 -1 0 -1 0
 0 -1  1 1  0 0
6	% 
 -1 0  0 -1 -1 0
 -1 0 -1 -1 -1 0
  0 0  0  1  0 1
  0 1  0 -1  2 0
  1 0  0  1  0 0
 -1 0  0  0 -1 0
6	% 
 0 0  1 -1 1  0
 0 0  1  0 1  1
 0 0  0 -2 0 -1
 1 0  0  0 0  0
 0 1 -1  2 0  0
 0 1  1 -1 1  0
2-1;1,1,1;1 1 7
3 
#1 
6	% 
 1 0 0  0  0  0
 0 0 0 -2 -1 -1
 0 1 0  0  1  0
 0 0 1  0 -1  0
 0 0 0 -1 -1 -1
 0 0 0  2  0  1
2-1;1,1,1;1 1 2
1 
#1 
6	% 
 0  0 0 -2 -1  1
 0  0 0 -5 -3  1
 1  0 0  0  0  0
 0 -1 0 -3 -2  1
 0  1 1  0  0  0
 0 -1 0  2  1 -1
1,1,1,1;1,1 1 3
6 
#1 
6	% 
 1 1  1 -1 -1  0
 1 0  0  0 -1  1
 0 0 -1  1  1  0
 0 0  0  1  1 -1
 0 0  0  0 -2  1
 0 1  0  0  0  0
1,1,1;1,1,1 1 2
10 
#3 
6	% 
  1 0 0 -1  0 -1
  1 0 0  1  1  0
  0 0 1  0 -1  0
  0 1 0 -1  2  0
 -1 0 0  0 -1  0
  1 0 0  1  0  0
6	% 
  0  1  1  0  0 0
 -1  1 -1  1  1 0
  0  0  0 -3 -2 0
  0  0  0  3  2 1
  0 -1  0  0  0 0
  0  1  0  1  1 0
6	% 
  0 -1 0  1  0  0
  0  0 0 -1  0  0
 -1  0 0  0  0  0
 -1  0 1 -1  0 -1
  1  0 0  0 -1  1
  1  0 0  1  0  1
2-1;1,1;1,1 1 6
3 
#1 
6	% 
  0 0 0 -1  0  0
 -1 0 0 -1  1 -2
 -1 1 0  0  1 -1
  1 0 1  0 -1  1
  1 0 0 -1 -1  1
  1 0 0  2  0  1
1,1,1;1,1,1 1 3
6 
#1 
6	% 
  0  0  0 -1 0  0
 -1  0  0  0 0  0
  0  0 -1 -1 1 -1
  0 -1  0  1 0  0
  0 -1  0  0 0 -1
  0  0 -1 -1 0  0
1,1,1,1;1;1 1 2
7 
#3 
6	% 
 0  0  0  1  0  0
 0  0  0 -1 -1  1
 0 -1 -1 -1 -1 -1
 1  0  0  0  0  0
 0  0  1  0  0  0
 0 -1  0 -1 -1  0
6	% 
 0  0  0  2 1 1
 0 -1 -1  1 1 0
 0  0 -1  0 0 0
 1  0  0  0 0 0
 0  1  1 -1 0 0
 0 -1 -1  0 1 0
6	% 
 0  0  0 0 1 0
 0  0  0 1 1 1
 0 -1  0 1 0 0
 1  0  0 0 0 0
 0  1 -1 0 0 0
 0 -1 -1 1 1 0
1,1,1;1,1;1 1 7
18 
#3 
6	% 
 0 -1 -1 -1 -1 0
 0  0  0  1 -1 0
 0  0  0 -2  1 0
 1  0  0  1 -1 1
 1  0  0  0  0 0
 0 -1  0 -1 -1 0
6	% 
  2  1  1  1 -1  2
  2  2  2  1 -1  2
 -3 -4 -4 -2  2 -4
  1  1  1 -1 -1  1
  0  0  0 -1  0  0
  1  0  1  0 -1  1
6	% 
 0  0  0  1  1  0
 0  1  1  1 -1  2
 0 -1 -1 -1  2 -3
 1  1  0  1  0  1
 1  0  0  0  0  0
 0  0  0  0  1  0
1,1,1;1,1;1 1 9
6 
#1 
6	% 
 -2  0 0 -1  1 -2
 -2  0 0 -1  1 -1
  3  0 0  1 -1  2
 -1  0 0 -1  0 -1
  0  0 1  1  1  0
  0 -1 1 -1 -1  0
1,1,1,1;1;1 1 4
1 
#1 
6	% 
  2 0  0  3  2 0
  1 0  0  0  0 0
 -3 0  0 -1 -1 1
  2 0  0  1  1 0
 -1 1  0  0  0 0
 -1 0 -1  0  0 0
1,1,1;1,1;1 1 5
2 
#1 
6	% 
 0 0  0 -1 -1 0
 0 0  0  0  0 1
 0 0  0 -1  0 0
 1 1  0  0  0 0
 1 0  0  0  0 0
 0 1 -1  1  1 0
1,1,1,1;1;1 1 5
6 
#1 
6	% 
  0  0  0  0  0  1
  1 -1 -1  0  0  1
  1  0  0  0 -1  1
 -1  1  0  0  1 -2
  1  0 -1  1  0  2
 -1  0  0 -1  0 -1
1,1,1;1,1;1 1 6
50 
#9 
6	% 
  0  0  2 -1 -1 0
  0  1  1  0  0 0
  0 -1 -2  1  0 1
 -1  0  1 -1 -1 0
 -1  0  0 -1 -1 0
  0  0  1  0 -1 0
6	% 
  2  0 0  1  1 0
  1  0 0  0  0 0
 -3  0 1 -1 -1 0
  1 -1 0  0  0 0
  0 -1 0  0 -1 1
  1  0 0  1  0 0
6	% 
  2  0 0  1  1 0
  1  0 0  0  0 0
 -2  0 0 -1 -2 1
  1 -1 0  0  0 0
  0 -1 1 -1 -1 0
  1  0 0  1  0 0
6	% 
 0 -2 0  1  1 0
 0 -1 0  1  1 0
 0  2 0 -2 -3 1
 1 -1 1  0  0 0
 1  0 0  0  0 0
 0 -1 0  1  0 0
6	% 
 0  2  0  1  1 0
 1  1  1  0  0 0
 0 -3 -1 -1 -1 0
 0  1  0  1  1 0
 0  0  0  0 -1 1
 0  1  0  1  0 0
6	% 
 0 0  0 -1 -1 0
 0 0  1  0  0 0
 0 0 -1  2  1 0
 1 0  0  0 -1 1
 1 0  0  0  0 0
 0 1  0  0  0 0
6	% 
 0 0 0  1 -1 0
 1 0 0  1 -1 0
 0 0 0 -1  1 1
 0 0 1  1  0 0
 0 0 1  1  1 0
 0 1 0  1  0 0
6	% 
 0 0 0 -1 -1 0
 0 0 0  2  1 0
 0 0 0 -1  0 1
 1 0 1 -1 -1 0
 1 0 0  0  0 0
 0 1 0  0  0 0
6	% 
 0 0 -2  1  1 0
 1 0 -2  1  1 0
 0 0  3 -1 -2 1
 0 0 -1  2  1 0
 0 0  0  2  1 0
 0 1 -1  1  1 0
1,1,1,1;1;1 1 6
10 
#3 
6	% 
  1  0  1  2 1 1
  1  0  0  0 0 0
  1  0  0  2 1 1
 -1  0 -1 -1 0 0
  1  1  1  1 1 0
  0 -1  0 -1 0 0
6	% 
 0 -1 0 -1 -1  0
 1  0 0  0  0  0
 0  0 1  0  0  0
 0  0 0  1  0  0
 0  0 0  0 -1  1
 0  0 0  0  0 -1
6	% 
  0 0  0  2  1 0
  1 0  0  0  0 0
  1 0  0  3  2 1
 -1 1  0 -2 -1 0
  1 0 -1  3  2 0
  0 1  1  0  0 0
1,1,1;1,1;1 1 11
12 
#1 
6	% 
  0  0  0  1  1 0
 -2 -1  1  0  0 0
  3  1 -1 -2 -2 0
  0  0  0  1  0 1
 -1  0  1  0  0 0
  0  0  0  1  0 0
1,1,1;1,1;1 1 3
10 
#3 
6	% 
 0 0  0  5  3 0
 0 0  0  6  4 1
 0 0  0 -8 -5 0
 0 1  0  3  2 0
 0 1 -1  1  1 0
 1 0  0  0  0 0
6	% 
 0 0  2 -1 -1 0
 0 0  2  0 -2 1
 0 0 -3  1  2 0
 0 0  1 -1 -1 0
 0 1  0  0  0 0
 1 0  0  0  0 0
6	% 
 0  0  2  1  1 0
 0  0  1  0  0 0
 0 -1 -2 -1 -1 0
 0  0  1  1  0 1
 0  0  0  0  0 1
 1  0  0  0  0 0
1,1,1;1,1;1 1 8
6 
#1 
6	% 
 0  1 -1 -1  1  0
 0  0  0  1  1  0
 0 -1  1  0 -3  0
 0  1  0  0  0  1
 0  0  0  0  1 -1
 1  0  0  0  0  0
1,1,1;1;1;1 1 11
10 
#3 
6	% 
 0 0  0 3 2  0
 0 0  0 2 1 -1
 1 0  0 0 0  0
 0 1 -1 1 1  0
 0 1  0 3 2 -1
 0 0 -1 3 2 -1
6	% 
 0 1  0 0 1 -1
 0 0 -1 0 1 -1
 1 0  0 0 0  0
 0 0  0 1 0  0
 0 1 -1 1 2 -1
 0 1 -1 1 1 -1
6	% 
 0 1  0  0  0  0
 0 0  0 -2 -1 -1
 1 0  0  0  0  0
 0 0 -1  0  1  0
 0 0  0 -2  0 -1
 0 0 -1 -1  0 -1
1,1;1,1;1;1 1 32
30 
#5 
6	% 
  0 0 0 -1 0  0
  1 0 0  0 0  0
  0 1 0  2 1  0
 -1 0 0  1 1 -1
 -1 1 0  0 1 -1
  0 1 1  0 0  0
6	% 
 1  0 0  0  0 0
 0 -1 1 -1 -1 0
 0  0 0  1 -1 1
 0  1 0  1  0 1
 0  1 0  1  0 0
 0  0 0  1  0 0
6	% 
 1  0 0 0  0 0
 0 -1 0 0 -1 1
 0  0 1 0 -1 0
 0  1 1 0  0 0
 0  1 0 1  0 0
 0  0 0 1  0 0
6	% 
 1 0 0  0  0 0
 0 1 0  0  1 0
 0 0 1  0 -1 1
 0 0 0  0  0 1
 0 0 1 -1  0 0
 0 0 1 -1 -1 0
6	% 
 1 0 0  0 0  0
 0 0 0  0 0  1
 0 1 1  0 0  0
 0 0 1 -1 0 -1
 0 1 0  0 1 -1
 0 1 0  1 1  0
1,1;1,1;1,1 1 8
15 
#3 
6	% 
 1  0 0  0  0  0
 0 -1 1 -1 -1  0
 0  0 0  2  1  0
 0 -1 0 -2 -1  0
 0  0 0 -2  0 -1
 0  1 0  1  0  1
6	% 
 1 0  0  0  0  0
 0 1  0  1  0  1
 0 0  0  2  1  0
 0 0  0 -1 -1  1
 0 0 -1 -1  0  0
 0 0  1 -1  0 -1
6	% 
 0  0 1  0 -1  1
 1  0 0  1 -1  0
 0  1 0  0  0  0
 0 -1 0  0 -1  0
 0 -1 0  0 -1  1
 0  0 0 -1  1 -1
1,1,1;1;1;1 1 3
1 
#1 
6	% 
 0  0 0 -4 -2 1
 0  0 0  7  4 0
 1  0 0  0  0 0
 0 -1 0  2  1 0
 0  0 0 -5 -3 0
 0  0 1  2  1 0
1,1;1,1;1;1 1 22
3 
#1 
6	% 
  0  0 0  2  1  0
  1  0 0  0  0  0
  0  0 1  1  0  0
  0 -1 0  1  0  0
 -1  0 0 -2  0 -1
  1  0 0 -1 -1  1
1,1,1;1;1;1 1 18
10 
#3 
6	% 
  1  0 0  0  0  0
  0  0 0  0  0  1
 -2  0 0 -1  1 -2
  1  0 0  1  0  1
  1  0 1  0 -1  1
  1 -1 0  0 -1  1
6	% 
  1  0  0  0  0 0
  1  0 -1  1  0 1
 -2  0  2 -1 -1 0
  1  0 -1  1  1 0
  1 -1 -1  0  0 0
  1  0 -1  0  1 0
6	% 
  1  0 0  0  0  0
  1 -1 1 -1 -1  0
 -2  2 0  1  1  0
  1 -1 0 -1 -1  0
  1 -1 0 -1  0 -1
  1 -1 0 -1  0  0
1,1,1;1;1;1 1 13
3 
#1 
6	% 
  1  0 0 0  0  0
  0  0 0 0  0  1
  1 -1 0 0 -1  1
  0  0 1 0  0  0
  1  0 0 1  0  1
 -1  0 0 0  1 -1
2-1;1,1;1;1 1 13
3 
#1 
6	% 
 0 0 0 2  1 1
 1 0 0 0  0 0
 0 1 0 0  1 0
 0 0 1 0 -1 0
 0 0 0 1  0 0
 0 0 0 0 -1 0
2-1;1,1;1;1 1 31
3 
#1 
6	% 
 -3 0 0 -2  2 -4
  1 0 1  0 -1  1
  1 1 0  1  0  1
 -2 0 0 -1  1 -2
  1 0 0  1  0  1
  1 0 0  1 -1  1
1,1;1,1;1,1 1 9
6 
#1 
6	% 
  1 0 0 0  0  0
  0 1 0 0  2  0
  0 0 1 1 -1  0
  0 0 0 0 -1  0
 -1 0 0 0  0 -1
  1 0 0 1  0  1
1,1;1,1;1;1 1 24
12 
#1 
6	% 
 1  0  0  1 -1  2
 0 -1 -2 -2 -2  0
 0  2  1  3  3  0
 0  1  1  2  1  0
 0  1  1  1  2 -1
 0  0  0  0  0  1
1,1,1;1;1;1 1 7
6 
#1 
6	% 
 0 -1 -1 -1 -2  1
 1  0  0  0  0  0
 0 -1  0  0 -1  1
 0  1  1  1  1 -1
 0  0  1 -1  0 -1
 0 -1 -1  0 -2  1
1,1,1;1;1;1 1 16
6 
#1 
6	% 
  1 0  0  0  0 0
  2 1  0  2  2 0
 -2 0 -1 -1 -1 0
  1 0  0  1  0 0
  1 0  0  1  0 1
  0 0  0  1 -1 1
1,1;1,1;1,1 1 4
6 
#1 
6	% 
 -1 -1 -1  0  0 0
  0  0  0 -1 -2 1
  0 -1  1 -1  0 0
  1  1  0  1  0 0
 -1  0 -1  1  0 0
  0 -1  1 -2 -1 0
1,1;1,1;1;1 1 12
6 
#1 
6	% 
 0  0 0 -1 -2 1
 1  0 0  0  0 0
 0  0 1  0  0 0
 0 -1 0 -1  0 0
 0  0 0  0  1 0
 0  0 0 -1  0 0
1,1;1,1;1;1 1 16
6 
#1 
6	% 
 0 0  0 0 0 1
 1 0  0 0 0 0
 0 0 -1 0 0 0
 0 1  1 2 1 0
 0 1  0 1 1 0
 0 1  1 1 2 0
1,1;1,1;1;1 1 26
6 
#1 
6	% 
 1  0  0  0 0  0
 0 -1 -2  0 1 -1
 0 -2 -1 -1 0 -1
 0  1  1  0 0  1
 0 -1 -1 -1 0 -1
 0  0  0  0 1  0
1,1;1,1;1;1 1 33
6 
#1 
6	% 
 1 0 0  0  0  0
 0 0 1  0 -1  1
 0 1 0  1  0  1
 0 0 0 -1  0  0
 0 0 0  0  0  1
 0 0 0  0  1 -1
1,1;1,1;1;1 1 18
15 
#3 
6	% 
 0 -1  0 -1 -1 0
 0  0  1  0 -1 1
 1  0  0  0  0 0
 0  0  1 -1  0 0
 0 -1  0 -1  0 0
 0  1 -1  1  1 0
6	% 
 0 1 -1  1  1  0
 0 0  0  0  1 -1
 1 0  0  0  0  0
 0 0  0 -1  1 -1
 0 0 -1  0  1  0
 0 0  1  0 -1  1
6	% 
 0 1 0  0  1  0
 0 0 0  2  1  1
 1 0 0  0  0  0
 0 0 1  1  0  1
 0 0 1  0 -1  0
 0 0 0 -2  0 -1
1,1;1;1;1;1 1 35
6 
#1 
6	% 
 1  0 0  0  0  0
 0  0 1  1  1  0
 0 -1 0 -2 -2  0
 0  0 0 -1  1 -1
 0  0 0  0  1 -1
 0  0 0  0  1  0
1,1;1;1;1;1 1 14
3 
#1 
6	% 
 0 0 0  1  0  0
 1 0 0  0  0  0
 0 0 1 -1 -1  0
 0 1 0  0  1 -1
 0 0 0  0  1 -1
 0 0 0  1  0  1
1,1;1;1;1;1 1 42
3 
#1 
6	% 
  1 0 0  0  0  0
  1 0 1  0 -1  1
 -1 1 0  0  1 -1
  1 0 0  1  0  1
  1 0 0  1 -1  1
 -2 0 0 -1  1 -2
1,1;1;1;1;1 1 43
2 
#1 
6	% 
 1 1  1  0  0 0
 0 0 -1  0  0 0
 0 1  0  0  0 0
 0 0  0  1  0 1
 0 0  0  1  0 0
 0 0  0 -1 -1 0
1,1;1;1;1;1 1 44
10 
#3 
6	% 
 0 1 -3  2  2 0
 1 0  0  0  0 0
 0 0  2 -1 -1 0
 0 0 -1  1  1 0
 0 0 -1  1  0 1
 0 0  1  0 -1 0
6	% 
 0 1 0 -1  2 -3
 1 0 0  0  0  0
 0 0 0  1 -1  2
 0 0 0  0  1 -1
 0 0 1 -1  0 -1
 0 0 0  1 -1  1
6	% 
 0 0 0  2  5 -3
 1 0 0  0  0  0
 0 0 0 -1 -3  2
 0 1 0  1  2 -1
 0 0 1  0  1 -1
 0 0 0  0 -2  1
1,1;1;1;1;1 1 53
5 
#2 
6	% 
 1 0 0 -1 -1 0
 0 1 0  1  1 0
 0 0 1 -1 -1 0
 0 0 0  0 -1 1
 0 0 0  0 -1 0
 0 0 0  1  1 0
6	% 
 -3 0 -4  2  2 0
  1 1  1  0  0 0
 -1 0 -1  1  1 0
 -1 0 -1  1  0 1
 -1 0 -1  1  0 0
  2 0  2 -1 -1 0
1;1;1;1;1;1 1 38
1 
#1 
6	% 
 1  0 0  0  0 0
 0 -1 0  0  0 0
 0 -1 1 -1 -1 0
 0 -1 0  0 -1 1
 0 -1 0  0 -1 0
 0  2 0  1  1 0
1;1;1;1;1;1 1 27
1 
#1 
6	% 
 1  0 0  0  0 0
 0 -1 0 -1  0 0
 0  0 1  0  0 0
 0  0 0  1  0 0
 0  0 0  0 -1 1
 0  0 0  0 -1 0
