#84

3;1;1;1 2 9
1 
#1 
6	% 
 1 0 0 0 0 0
 0 1 0 0 0 0
 0 0 1 0 0 0
 0 0 0 1 0 0
 0 0 0 0 1 0
 0 0 0 0 0 1
1,1,1,1,1,1 1 1
1 
#1 
6	% 
 1 0 0 0 0 0
 0 1 0 0 0 0
 0 0 1 0 0 0
 0 0 0 1 0 0
 0 0 0 0 1 0
 0 0 0 0 0 1
2-1;1,1,1,1 1 2
3 
#1 
6	% 
  0  0 0 -1  0  1
  0  0 0  0  0  1
  1  0 1  1 -1  3
  0 -1 0  0 -1  3
  1  1 0  0  1  0
 -1 -1 0  0  0 -2
1,1,1,1,1;1 1 2
12 
#4 
6	% 
  1 -1  0 1  0  1
  1  0  0 0  1  1
  0  0  1 0  1  1
  1 -1  1 0  0  2
 -1  1 -1 0 -1 -3
  1 -1  1 0  1  2
6	% 
 1 0  0  0  0  0
 0 1  0  0  0  0
 0 0 -1 -1 -1 -1
 0 0  0  0  1 -1
 0 0  0  1  0  0
 0 0 -1  0  0 -1
6	% 
  0 0  1 -1 0  0
  1 0  1  0 1  0
  1 0  1  0 0  0
  1 0  0 -1 0 -1
 -1 1 -1  1 0  0
  2 1  1 -1 1 -1
6	% 
 -1 -1 -1 -1  1 -1
 -1 -1  0 -1  1 -1
 -1 -2 -1  0  1  0
 -1  0 -1 -1  1 -2
  1  1  1  1 -2  2
 -2 -2 -1 -1  1 -2
1,1,1;1,1,1 1 2
1 
#1 
6	% 
  0  0 0 1  0  1
  0  0 1 0  0  1
 -1 -1 0 0 -1  0
  0 -1 0 0  0  1
  1  1 0 0  0 -1
  1  1 0 0  0  0
1,1,1,1;1,1 1 2
4 
#2 
6	% 
  0 0  0 -1 0  1
 -1 0 -1 -1 1 -1
  0 0  1 -1 0 -1
  0 1  0  0 0 -1
  1 0  0  1 0  1
  0 0  0 -1 1  0
6	% 
 0 1  0 0  0  1
 0 0  0 0 -1  0
 1 0  0 0  1  1
 0 0 -1 1  0 -1
 0 0  1 0  0  0
 0 0  1 0  0  1
2-1;1,1,1;1 1 6
9 
#2 
6	% 
 0 0 -1  1 0 -1
 1 0  0  1 0  0
 0 0  1  0 0  1
 0 1  0  0 0 -1
 0 0  0 -1 1  1
 0 0 -1  0 0  0
6	% 
 0 0  0  0 0 -1
 1 0  1  1 0  2
 0 0  1  0 0  1
 0 1  0  0 0 -1
 0 0 -1 -1 1 -1
 0 0  0 -1 0  0
2-1;1,1,1;1 1 5
3 
#1 
6	% 
 0  0  0 -1 0  0
 0  0 -1 -2 0 -1
 0  1  1  1 1  0
 0 -1  0  0 0  1
 1  2  0  0 1 -1
 1  1  1  1 0  0
1,1,1,1;1,1 1 3
35 
#6 
6	% 
 -1  0 -1 -1 1  0
 -2 -1 -1 -1 0  0
  0  0  1  0 0  1
  1  1  0  1 0 -2
 -1 -1 -1  0 0 -1
  0  0  0 -1 0  1
6	% 
  0  0 -1 -1 -2 -1
  1  0  0 -1  0  1
  0 -1  1  0  0  1
  0  1  0  1  1 -1
  1  1  0 -1  0  0
 -1 -1 -1  0 -1 -1
6	% 
  0  0  0  0  1 -2
 -1  0 -1 -1 -2 -1
  0 -1  0  0 -1  1
  1  1  1  0  1  1
  0  1  0 -1  0 -1
 -1 -1  0  0  0  0
6	% 
  0  0  1 -1  0  0
  0  0  1  0  0  1
  1  1  0  1  2  0
 -1  0 -1  0 -2 -3
 -1  0  1  0 -2  0
  0 -1  0 -1  1  2
6	% 
  0 -1 1 -1  0  2
  0 -1 0  0  0  1
  0 -1 0  0 -1  1
  1  2 0  1  0 -2
  0 -1 0 -1  1  2
 -1  0 0  0  0  0
6	% 
 -1 -2 -1 -1  1 -2
  1  0  0  0 -1  0
  0  1  0  1 -1  0
  0  1  0  0  1  0
  1  0  0  0  0  0
 -1 -2 -1  0  0 -1
1,1,1;1,1,1 1 3
15 
#3 
6	% 
 -2  0 -1 -1  2  0
 -1 -1  0  0 -1 -1
  0  0 -1  0  2  1
  1  0  1  0 -2  0
  2  0  1  0  0  2
 -2  0 -1  0  1 -1
6	% 
  0 0  0  0  0 -1
 -1 1  1 -1 -1 -1
  1 0  0  1  1  2
  0 0  0  0 -1 -1
  1 0 -1  0  1 -1
 -1 0  0  0  0  0
6	% 
 1 0  0 0  2  1
 0 0 -1 1  0 -1
 1 1  1 0  1  0
 0 0  0 1 -1 -1
 0 1  1 0  0  0
 0 0  0 1  1  0
2-1;1,1;1,1 1 8
6 
#1 
6	% 
 -1 -1  0  0 -1  0
  1  2  0  0  1 -1
  0  0  0  1  0 -1
  1  1  1  1  0 -1
  0  0  1  0  0  1
  0  1 -1 -1  1 -1
2-1;1,1;1,1 1 5
3 
#1 
6	% 
 0 0 -1 1 0 -1
 1 0  0 0 0  3
 0 0  1 0 0  1
 0 1  0 0 0 -1
 0 0  0 0 1 -2
 0 0  1 0 0  0
1,1,1;1,1,1 1 4
12 
#1 
6	% 
  0 -1  0  0  1  3
  0 -1 -1  0  0  1
  1  2  1  0  1 -2
 -1 -1  0  0 -2  1
  1  2  0 -1  1 -2
 -1 -1  0  1 -1  0
2-2;1,1,1,1 1 2
4 
#1 
6	% 
  0 0  1  0 0  0
  0 0  0  1 0  0
  0 0  0  0 0  1
 -1 0 -1 -1 0 -1
  0 1  1  1 1  0
  1 1 -1 -1 0 -1
1,1,1;1,1;1 1 11
36 
#5 
6	% 
 0  0 -2 0  0 -1
 0 -1 -2 0 -2 -1
 0  2  5 1  4  2
 1 -1 -1 0  0  1
 0 -1 -1 0 -1  0
 0  0 -1 0  0 -1
6	% 
 -1 0 0 -2  1  1
 -2 0 0 -2  2  1
  4 0 1  5 -4 -2
  0 0 0 -1  1  1
 -1 0 0 -1  1  1
  0 1 0 -1  1  0
6	% 
 -1 0 -2  2  1 -1
 -2 0 -1  1  2 -4
  4 0  4 -4 -4  7
 -1 0 -1  1  0 -1
 -1 0 -1  0  1 -2
  0 1 -1  1  1 -1
6	% 
 -1 0 0  0 -1 -1
  1 0 0  2  1  0
  0 0 1 -3  0  2
 -1 0 0  0  0 -2
  1 0 0  1  0  1
  0 1 0  0  0 -1
6	% 
  1  1  2 0 -1  0
 -1 -1  0 0  1  1
  0  0 -3 1  0 -2
  0  1  1 0  0 -1
  0 -1  0 0  0  2
  1  1  1 0  0  0
1,1,1;1,1;1 1 12
72 
#6 
6	% 
 -2  0  0  0 0 -1
  0 -3 -1  1 0  2
  2  4  1 -1 0 -2
  0 -1  0  1 1  1
  1  2  0 -1 0 -1
 -1  0  0  0 0  0
6	% 
  0  0 -1 -1 0  1
  0  0  0  0 0 -1
  0  1  2  2 2  2
  1  1  0  0 0 -1
 -1 -1  1  1 1  2
  0  0  0 -1 0  1
6	% 
 0  0 1 1  2  1
 0  0 0 0 -2 -1
 1  1 0 0  1  0
 1 -1 0 0 -2 -1
 0  1 0 0  1  0
 0  0 0 1  1  0
6	% 
 -1 0  0  0 -1 -1
  0 0  1 -1 -2  0
  2 0 -1  1  6  3
  0 0  1  0 -1  1
  1 0 -1  0  3  0
  0 1  0  0  0 -1
6	% 
 -1  0  0  0 -1  1
  1  0  1 -1  1  2
  0  0 -1  1  0 -4
  1  0  1  0  0  1
  0  0  0  1  0 -2
 -1 -1  0  0 -1  1
6	% 
  1 -1  0  0 -1  2
  1 -1 -1 -1 -1  0
 -2  2  1  1  2 -1
  1  0  0 -1 -1  0
 -1  1  0  1  1 -1
  1  0  0  0  0  1
1,1,1,1;1;1 1 5
35 
#6 
6	% 
  1  1  1  0  0  0
  2  2  1 -1  0  0
  0  1  1  0  0 -1
 -1 -3 -1  1 -1  1
  1  2  1 -1 -1 -1
  0 -1 -1  0  0  0
6	% 
 1  0  1 -1  1  2
 0 -1  1 -1  0  2
 0  0  1 -1  1  1
 0  1 -2  1 -1 -3
 0 -1  1 -2  1  3
 0  0 -1  1 -1 -2
6	% 
  0  1  0 0  0 -1
  0  2 -1 1  0 -3
 -1  1 -1 0  0 -2
  1 -2  1 0  1  3
 -1  2 -1 0 -1 -4
  0 -1  1 0  1  2
6	% 
  0  1 0  0  0 -1
  0  1 0  0  0 -2
  0  1 0  0 -1 -1
  1 -1 1  0  1  3
 -1  1 0 -1 -1 -2
  1 -1 0  0  0  1
6	% 
 0  0 0  0  0 -1
 0  0 0  0 -1 -1
 0  0 0 -1 -1  1
 0 -1 0  0  1  0
 1  0 0  0 -2  1
 0  0 1  0  1  0
6	% 
  0  0  1 -1  0  0
  1  0  1  0  1  2
  0 -1  0  0  0  1
  0  0 -1  1 -1 -1
  1  0  1 -1  0  1
 -1 -1  0  0 -1  0
1,1,1;1,1;1 1 7
18 
#4 
6	% 
 0 -2 0  2 0  1
 0 -3 0  2 0  2
 0  5 1 -3 0 -3
 0 -1 0  1 1  1
 1  1 0  0 1  0
 0 -1 0  1 0  1
6	% 
  2  2  1  1  2 -1
  1  1  0  0  1  1
 -3 -3 -1 -1 -3 -1
  1  1  0  0  0  0
  0 -1  0  0  0  1
  1  1  1  0  1  0
6	% 
  1 0  0 0 -1 -1
  0 0  0 0  4  1
 -1 0  0 0 -6 -1
  0 0 -1 0  2  0
  0 0 -1 1  0 -1
  1 1  0 0  0 -1
6	% 
 -1 -1  0 0  1 -2
  0  0  0 0  0 -1
  1  2  0 0 -1  3
  0  0 -1 0  0 -1
  0  0 -1 1  0 -1
 -1 -1  0 0  0 -1
1,1,1;1,1;1 1 6
1 
#1 
6	% 
 -2 0  0 0  0 -1
 -1 1  0 0  1 -1
  3 0  0 0 -1  1
 -1 0 -1 0  0 -1
  0 0 -1 1  0 -1
 -1 0  0 0  0 -1
1,1,1;1,1;1 1 10
54 
#7 
6	% 
  1 0 -1  1  1  0
  2 0 -1  1  2  1
 -4 1  3 -3 -4 -2
  1 0  0  1  0  0
  1 0 -1  0  1  1
  0 0  0  0  0  1
6	% 
  1 0  0 0  1  2
  2 0  0 0  2  3
 -4 1  0 0 -4 -7
  1 0  1 1  0  1
  1 0 -1 0  1  1
  0 0 -1 1  0 -1
6	% 
 -1 -2  0  0 -1  1
 -1 -2 -1 -1 -1  1
  3  5  2  2  3 -2
 -1 -1  0  0  0 -1
  0 -1 -1  0 -1  1
  0  0 -1  1  0 -1
6	% 
 0  1  0 0  0  0
 0 -1  0 0  0 -1
 1 -1  0 0  0  1
 0  0  0 0 -1  0
 0  0  0 1  1 -1
 0  0 -1 1  0 -1
6	% 
  0  2 -2 0  0 -3
  0  3 -2 0  0 -4
  0 -6  5 1  0  8
  0  1 -1 0  0 -2
  0  1 -1 0 -1 -1
 -1 -1  0 0 -1  0
6	% 
 0 -2 -1 -1  0 -1
 0 -1  0  0  0  0
 0  4  1  1  0  0
 1 -1  0 -1 -1  0
 0  0  0  0  1  0
 1  1  0  0  1  0
6	% 
  0  2  1 -1  0 -1
 -1  3  1 -1  1 -2
  2 -7 -2  2 -2  5
  0  1  1  0  0 -1
 -1  1  0 -1  0 -1
 -1 -1  0  0 -1  0
2-2;1,1,1;1 1 5
12 
#2 
6	% 
 -1 -1  0 1  0  0
  0  0  1 0  0  1
  0  0 -1 0  0  0
  0  0 -1 0 -1 -1
  0  1 -1 0  1 -1
  1  0 -1 0  0  0
6	% 
  0  0  0  0  0 -1
  0  0  0  1  0  0
  0  0 -1  0  0 -1
 -1  0 -1 -1  0  0
  0 -1 -1 -1 -1  1
  1  1 -1 -1  0  0
1,1,1,1;1;1 1 4
4 
#2 
6	% 
  1 -1  0 0 1  0
  1  0  0 0 0  0
 -1  3  0 0 0  1
  0 -2  0 0 0 -1
  0  1 -1 0 0  0
  0  1  0 1 0  0
6	% 
  0  0 1 0  0 -2
  0  0 0 0  0 -1
  2  0 0 1 -2  5
 -1  0 0 0  1 -3
  0  0 0 0 -1  1
  0 -1 0 0 -1  2
1,1,1;1,1;1 1 9
8 
#2 
6	% 
 -2  0 0  0 0 -1
 -1  1 0  0 1 -1
  2 -1 0  0 0  2
 -1  0 0  0 0 -1
  0  0 0 -1 0  0
  0  0 1 -1 0  1
6	% 
  0 0  2  2  0  1
  0 0  1  1  0  0
  0 0 -3 -2  0 -1
 -1 0  1  1 -2 -1
  1 1  0  0  1  0
  1 2  0  0  1 -1
1,1,1,1;1;1 1 6
3 
#1 
6	% 
 -1  0  0  0 1 -2
  0  0  1  0 0  0
  0  0  0  1 0  0
  1  0 -1 -1 0  2
  0  1  1  1 1 -2
  0 -1  0  0 0  1
1,1;1,1;1;1 1 25
12 
#1 
6	% 
 -1 -1  0  0 -2  0
  0  0  0 -1  0  0
  1  2  0  0  3  0
 -1 -1  0  0 -2 -1
 -2 -1  0  0 -2 -1
  0  0 -1  0  0  0
1,1;1,1;1;1 1 24
6 
#1 
6	% 
  0  0  1 1 0  0
 -2 -1  0 0 0  0
  1  2  0 0 1 -1
  1  1  0 0 0  0
  1  1 -1 0 0 -1
  0  0  1 0 0  0
1,1,1;1,1;1 1 5
3 
#1 
6	% 
 0  0 0 0 0 -1
 0  0 1 0 0  0
 0  0 0 1 0  2
 1  1 0 0 0 -1
 0 -1 0 0 0  1
 1  1 0 0 1  0
1,1;1,1;1;1 1 10
6 
#1 
6	% 
  2 1  0  0  2  1
 -1 0  0  0  0  0
 -1 0  0  0 -1 -1
  0 0  0 -1  0  1
  0 0 -1  0  0 -1
 -1 0  0  0  0 -1
1,1;1,1;1;1 1 12
3 
#1 
6	% 
  0 0 1  1 0  0
  0 1 0  0 0 -1
  0 0 0  1 1  0
 -1 0 0  0 0 -1
  0 0 0  1 0 -1
  0 0 0 -1 0  0
2-2;1,1,1;1 1 6
4 
#1 
6	% 
  0  0 1  1  0  1
  0  0 0  1  0  1
  1  0 0  0 -1  0
  0 -1 0  1 -1  1
  0 -1 0  0  0  1
 -1  0 0 -1  0 -1
1,1,1;1;1;1 1 4
1 
#1 
6	% 
  0 0  1 1 0  1
  0 0 -1 0 0  0
  0 0  0 0 0 -1
 -1 0  0 0 1  1
  0 1  0 0 1  0
  0 0  0 0 1  1
1,1;1,1;1,1 1 4
3 
#1 
6	% 
 0 0  1 1  0 0
 1 1  0 0  1 0
 0 0  0 0 -1 0
 0 0 -1 0  0 0
 0 0  1 0  0 1
 1 0  0 0  0 1
1,1;1,1;1,1 1 6
6 
#1 
6	% 
  2 1  0  0  2  1
  0 0  1  0 -1  1
 -1 0  0  0 -1 -1
 -1 0 -1  0  1 -2
 -1 0  0  1  1  1
  0 0  0 -1 -1 -1
1,1;1,1;1;1 1 20
6 
#2 
6	% 
  0  0 -1 1  0 -1
  2  0  1 0 -2  3
 -1  0  0 0  1 -1
  0  0  0 0 -1  0
  2  0 -1 0 -2  2
  0 -1  0 0 -1  1
6	% 
  0 1 0  0 0 -1
  0 0 0  0 1  1
  0 0 0  0 0 -1
  0 0 1  0 0  1
 -1 0 0  0 0  0
  0 0 0 -1 0  1
1,1;1,1;1;1 1 21
6 
#1 
6	% 
  0  0  1  0 0  2
  0  0 -1 -1 0 -4
 -1  0  0  2 1  3
 -1  0  0  1 0  1
  0  0  0 -1 0 -1
 -1 -1  0  1 0  2
1,1,1;1;1;1 1 8
18 
#4 
6	% 
  0 0 0 0  0 -1
 -1 0 0 1  1  0
  0 0 0 0 -1 -1
  0 1 0 0  0 -1
  1 0 1 0 -1  0
 -1 0 0 0  0  0
6	% 
  1  0 -1 1 -1 -1
 -1  0  1 0  1  0
  1  0 -1 0  0  0
  0 -1  0 0  0  1
  1  0 -1 0 -1 -1
  0  0  1 0  1  1
6	% 
  0 1  0  0 0 -1
  0 0  0  0 1  2
  0 0 -1  0 0 -1
  0 0 -1 -1 0  0
 -1 0  0  0 0 -2
  0 0 -1  0 0  0
6	% 
 0  0 0 0  1 -2
 0 -1 0 0 -2  2
 0  0 1 0  1 -1
 0  0 1 1  0  0
 1  0 0 0  1 -1
 0  0 1 0 -1  2
1,1,1;1;1;1 1 12
3 
#1 
6	% 
 0  0 1 -1 0  0
 0  0 0 -1 0 -1
 0  1 0  1 1  0
 0  0 0 -1 1  0
 0 -1 0  0 0  1
 1  1 0  0 1  0
1,1;1,1;1;1 1 26
3 
#1 
6	% 
  0  0 -1 1  0 -1
 -2  0  1 0  2 -4
 -2  0 -1 0  2 -5
  1  0  0 0 -2  3
 -2 -1  0 0  1 -3
  0  1  0 0  0 -1
1,1;1,1;1;1 1 30
6 
#1 
6	% 
 0 0  0  1  0  0
 0 0  1 -1 -1  1
 0 0 -1  0  0 -1
 0 0  1 -1 -1  0
 1 1  0  0  1  0
 0 1  0  0  0 -1
1,1,1;1;1;1 1 16
9 
#2 
6	% 
 0 0  0  0  0  1
 0 0 -1  0  0  3
 0 0  0 -1  0 -3
 0 0  0  0 -1  2
 1 1  0  0  0  2
 0 1  0  0  0 -1
6	% 
  0 0 1 -1  0  1
 -1 0 0 -1  1  0
  1 0 0  1 -1 -1
 -1 0 0 -1  0  0
  0 1 0 -1  1  0
  0 1 0  0  0 -1
2-1;1,1;1;1 1 21
3 
#1 
6	% 
 0 0 1 -1 0  1
 1 0 0 -1 0  1
 0 1 0  0 0 -1
 0 0 0  0 1  0
 0 0 0 -1 0  0
 0 0 0  1 0 -1
2-1;1,1;1;1 1 22
6 
#1 
6	% 
 0 -1  0  0  0  1
 0  1  0  0  1  0
 0 -1  0 -1 -1  1
 0  1  0  0  1 -1
 0  1 -1  0  1 -1
 1  2  0  0  1 -1
2-1;1,1;1;1 1 19
6 
#1 
6	% 
  1  1  0  0  1  0
 -1 -2  0  0 -1  1
  0  0  1  0  0  2
 -1 -1 -1 -1  0 -2
  0  0  0 -1  0 -1
  0 -1 -1 -1 -1 -2
2-1;1,1;1;1 1 12
3 
#1 
6	% 
 0 -1  0  0 0  1
 0  1  0  0 1 -3
 0  0 -1  0 0 -1
 0  0 -1 -1 0  0
 1  1  0  0 0  2
 0  0 -1  0 0  0
3;1,1,1 2 2
1 
#1 
6	% 
  0  0 1 1  0 1
  0  0 0 1  0 1
 -1 -1 0 0  0 1
  1  1 0 0  1 0
 -1 -2 0 0 -1 1
 -1 -1 0 0  0 0
1,1,1;1;1;1 1 13
1 
#1 
6	% 
  0 -1  0 0 0  1
 -1  0  0 0 1  0
 -1 -1 -1 0 0  0
  0  0  0 1 0 -1
 -1 -1  0 0 0  0
  1  1  0 0 0 -1
1,1;1,1;1,1 1 10
24 
#2 
6	% 
  0  0 0 -1  0  0
  1 -2 0  0 -1  2
 -1  2 0  0  0 -2
  0  0 1  0  0  0
 -1  2 0  0  0 -3
  1 -1 0  0  1  2
6	% 
  2  0 -1  0  1 1
 -1 -1  1  1  0 0
  0  1  0  0  0 0
  1  0  0  1  2 1
  1  1  0  0  1 1
  0 -1 -1 -1 -1 0
1,1;1,1;1;1 1 28
60 
#5 
6	% 
 -2  2 0 -1 -1 -3
 -1  1 0  1  0 -2
 -2  3 0  1  1 -4
  0  0 1  0  0  0
  1 -1 0  0  0  1
  1 -1 0  0  0  2
6	% 
  1  0  0 1  0 0
 -1  0  0 0  0 0
  0  0 -1 0  1 0
  0 -1  0 0 -1 1
  0 -1  0 0  0 1
  1  1  0 0  1 0
6	% 
 -2  0 -1 -1 -1 -2
  0  0  1  0 -1  0
 -1  0  1  1 -2 -2
  0  1  0 -1  1  0
  1  1  0  0  1  0
  0 -1  0  0  0  1
6	% 
  0  1  0 1  1  0
  1  1  0 0  0  0
  1  1 -1 0  0 -2
  0  0  0 0  1  1
  0 -1  0 0  0  1
 -1 -1  0 0 -1  0
6	% 
  1 -2 0  0 -1  0
  0 -1 0 -1  0  1
  2 -1 0  0 -2 -1
  1  1 1  0  0  0
  0  1 0  0  1  0
 -1  0 0  0  0  0
1,1,1;1;1;1 1 15
24 
#2 
6	% 
  0  1 0  0 -4 -3
 -1 -1 0 -1  2  2
  0  0 0  0  1  1
 -1  0 0  0  5  2
  0  0 0  0 -1  0
  1  1 1  0 -2 -1
6	% 
  1 -1  1  1  1 0
 -2  0 -1 -1 -1 0
 -1  0  0 -1 -1 0
 -2 -1 -1 -1 -2 1
  1  0  1  0  1 1
  1  0  1  1  2 0
1,1;1,1;1;1 1 13
6 
#1 
6	% 
  2  3  0  0  2 -1
  0  1 -1  0  1 -1
  1  1  1  1  0 -1
  0  1  0 -1  1  0
 -1 -1 -1 -1  0  0
 -1 -2  0  0 -1  1
1,1,1;1;1;1 1 9
6 
#1 
6	% 
 0 -1  0  0  0  1
 1  0  0  1  0  0
 1  0  1  0  1  2
 1  0  1  0  1  1
 0  0 -1  0 -1 -1
 0  0  1 -1  0  1
2-2;1,1;1,1 1 6
8 
#1 
6	% 
  0  0  0 1  0 0
  0  0 -1 0  0 0
  1  0  0 0  0 0
  1  1  0 0  1 0
  1  0  0 0 -1 0
 -1 -1  0 0  0 1
1,1;1,1;1,1 1 9
6 
#1 
6	% 
  0  0  1 1  0  0
  0 -1  0 0  1  2
 -1 -1  0 0 -2  0
  0  0  0 0 -1  0
  0  0 -1 0 -1 -1
  0  0  1 0  0  0
1,1,1;1;1;1 1 17
6 
#1 
6	% 
 -1 0 -1  1 -1 -2
  0 1  1 -3  0  1
  0 0  0  1  1  0
  0 0 -1  2  0 -1
  0 1  0 -1  0 -1
  1 0  0  1  0  0
1,1;1,1;1;1 1 35
6 
#1 
6	% 
 0 1  0 0  5  3
 0 0  0 1 -1 -1
 1 0  0 0  4  1
 0 0 -1 0 -1 -1
 0 0  0 0  1  1
 0 0  0 0  1  0
2-2;1,1;1,1 1 4
4 
#1 
6	% 
  0  0 -1 1 0 -1
  0  0  1 0 0  0
  0  0  1 0 0  1
  1  0  0 0 0  2
  0  1  0 0 1  1
 -1 -1  0 0 0  2
1,1;1,1;1;1 1 29
12 
#1 
6	% 
  1  0 0 0 -1  2
  1  0 0 1  2  0
  1  0 1 0  2  1
 -1 -1 0 0 -1  0
 -1  0 0 0  0 -1
  1  1 0 0  0  0
1,1;1,1;1,1 1 11
6 
#1 
6	% 
  0  0  0  0  0  1
  0  2  1 -2  0 -1
  2  2  2 -1  2  1
  0 -1 -1  1  0  0
 -1 -1 -1  1  0 -3
  0  0  0  0 -1  2
1,1;1,1;1;1 1 27
6 
#1 
6	% 
  0  0 -1 1  0 -1
  0 -1  0 0 -1  1
  2  3  0 0  2 -2
  1  2 -1 0  1 -2
 -1 -3 -1 0 -2  2
  1  3  0 0  1 -3
1,1;1,1;1;1 1 14
18 
#2 
6	% 
 -1  0 0 0  1  0
  0  0 0 1  0  0
  0  0 0 0 -1 -2
  0  0 0 0  0  1
  0 -1 0 0 -1 -1
  0  0 1 0  0  1
6	% 
  0  2  1 -1  0 -1
 -1 -2 -1  0  0  1
  2 -1  1  2 -2  0
 -1  0 -1 -1  1  0
  2 -1  1  2 -2  1
 -1  1  0 -1  0 -1
2-1;1;1;1;1 1 21
3 
#1 
6	% 
  1 0 0 0 0  0
 -1 0 0 0 1  1
  0 0 0 1 0 -1
  0 0 1 0 0  1
  1 1 0 0 0 -1
  0 0 0 0 0  1
1,1;1,1;1,1 1 7
6 
#1 
6	% 
  0 1  0 0 0 -1
 -1 0  0 1 1  0
  0 0  0 0 1  0
  0 0  0 0 0  1
  1 0  0 0 0  0
 -1 0 -1 0 1  0
1,1;1,1;1;1 1 31
6 
#1 
6	% 
 -1  0  1  2 1 -1
  0 -1 -2 -1 0  1
  0  1  1  1 1  0
  0  0  0  0 0  1
  0  1  1  1 0 -1
  1  1  0  0 0  0
1,1;1;1;1;1 1 39
3 
#1 
6	% 
  0 0 1 -1 0  1
 -1 0 0  0 1  0
  0 0 0  1 0  0
  0 1 0  1 1 -1
  1 0 0 -1 0  1
  0 0 0  1 0 -1
1,1;1;1;1;1 1 32
12 
#1 
6	% 
  0  0 0 1  0 0
  0  0 1 0  0 1
  1  0 0 0  0 1
 -1  0 0 0  1 0
 -1 -1 0 0 -1 0
  1  0 0 0  0 0
2-2;1,1;1;1 1 19
4 
#1 
6	% 
  0  0 1 -1  0  1
  1  1 0  1  0 -1
  0 -1 0  0 -1  0
 -1 -1 0  0 -1  0
 -1  0 0  0  1  0
  0  1 0  0  0 -1
1,1;1;1;1;1 1 30
6 
#1 
6	% 
  1 -3  0 0 -1  3
 -1  2 -1 0  0 -3
 -1  2  0 0 -1 -3
  0  0  0 1  0  0
  1 -2  0 0  0  3
 -1  2  0 0  0 -2
1,1;1;1;1;1 1 33
6 
#1 
6	% 
 -1 -7 -2  2  0  5
  0  5  2 -1  0 -3
 -1 -2  0  1  0  1
 -1 -1  0  0 -1  0
  1  0  0  0 -1  0
 -1 -2 -1  0  0  1
2-2;1,1;1;1 1 16
8 
#1 
6	% 
  1  1  1 -1  0  0
 -1 -1 -1  1  0 -1
  0 -1  0  1 -1  0
  0 -1 -1  1  0  0
  1  0  1 -1 -1  1
 -1  0 -1  0  0 -1
1,1;1;1;1;1 1 15
1 
#1 
6	% 
 0  0 1  1 0 0
 0  0 0  1 1 0
 0 -1 0  0 0 1
 1  0 0  0 0 1
 0  0 0  1 0 0
 0  0 0 -1 0 1
1,1;1;1;1;1 1 23
6 
#1 
6	% 
  0  1  0 -1 0 -1
 -1 -1  0  1 0  0
 -1  0  0  0 1  0
 -1  0  1  0 0  0
  0 -1 -1  0 0  0
  0  0  1  1 0  0
1,1;1;1;1;1 1 21
3 
#1 
6	% 
  0 -1 0 0  0  1
  0 -1 0 0 -1  0
  0  0 0 1  0  0
 -1 -1 0 0  0  0
  0  0 1 0  0  0
  0  0 0 0  0 -1
3;1,1;1 2 7
1 
#1 
6	% 
 0 0 1 -1  0 1
 0 0 0  0 -1 0
 1 0 0  0  0 0
 0 1 0  0  1 0
 0 0 0 -1  0 1
 0 0 0  1  0 0
1,1;1;1;1;1 1 13
2 
#1 
6	% 
 0 0  0 1  0  2
 0 0  0 0  0 -1
 1 0  0 0 -1  0
 1 1  0 0  0  0
 0 0 -1 0  0 -3
 1 0  0 0  0  1
1,1;1;1;1;1 1 20
3 
#1 
6	% 
 -1 -1 0  0 -1 -1
  1  1 1  0  1  2
  1  1 0  0  0  0
  0  0 1 -1  0  1
  0  1 0  0  1  0
 -1 -1 1  0 -1 -1
1,1;1;1;1;1 1 37
3 
#1 
6	% 
 0  0  0 0  0  1
 0  0  0 1  0 -1
 0  0 -1 0  0 -1
 1  1  0 0  0  2
 0 -1  0 0 -1 -2
 0  1  0 0  0 -1
1,1;1;1;1;1 1 29
6 
#1 
6	% 
  0 0  0 1 0  0
  1 1  0 0 0  0
  0 0 -1 0 0 -1
 -1 0  0 0 0  0
 -1 0  0 0 1  0
  0 1  0 0 0 -1
1,1;1;1;1;1 1 31
6 
#1 
6	% 
  0  0  0 1  0  0
  0 -1 -1 0 -1  0
  0 -1  0 0  0  2
 -1 -1  0 0 -1 -1
  1  0  0 0  0  2
  0  0  0 0 -1 -2
2-2;1,1;1;1 1 9
4 
#1 
6	% 
  0  0  1 0 0  0
  0  0 -1 1 0 -1
  0  0  1 0 0  1
  1  0  0 0 0  2
  0  1  0 0 1  1
 -1 -1  0 0 0  2
2-2;1,1;1;1 1 18
8 
#1 
6	% 
  0  0 -1  0  0 -3
  0  0  0  1  0  2
 -1 -1  0  0 -1  0
 -1  0  0  0  1  0
  1  1  1  1  0  4
 -1  0 -1 -1  0 -5
3;1,1;1 2 6
2 
#1 
6	% 
 -1 -1  0 0 -1  0
  1  2  0 0  1 -1
  1  1  0 0  0  0
  0  0  0 1  0  0
  1  1  0 0  0 -1
  0  0 -1 0  0 -1
1;1;1;1;1;1 1 21
3 
#1 
6	% 
 -1 -1  0 1  0  0
  0  0 -1 0  0 -1
  1  0  0 0 -1  0
  1  1  0 0  0 -1
  0 -1  0 0  0  1
 -1 -1  0 0  0  0
1;1;1;1;1;1 1 15
1 
#1 
6	% 
 0 0 -1 0  0 -1
 1 1  0 0  0 -1
 1 0  0 0 -1  0
 0 0  0 1  0 -1
 1 0  0 0  0  1
 0 0  0 0  0  1
2-2;1;1;1;1 1 16
4 
#1 
6	% 
 -1 -1 -1 0  0  0
  0  0  0 1  1  0
  0  0  0 0 -1 -1
 -1 -1  0 0 -1  0
  0 -1  0 0  0  1
  1  0  0 0 -1  0
