#52

2-1;2-1;1;1 1 28
1 
#1 
6	% 
 1 0 0 0 0 0
 0 1 0 0 0 0
 0 0 1 0 0 0
 0 0 0 1 0 0
 0 0 0 0 1 0
 0 0 0 0 0 1
1,1,1,1,1,1 1 1
1 
#1 
6	% 
 1 0 0 0 0 0
 0 1 0 0 0 0
 0 0 1 0 0 0
 0 0 0 1 0 0
 0 0 0 0 1 0
 0 0 0 0 0 1
2-1;1,1,1,1 1 2
1 
#1 
6	% 
  0 0  0  0  1 -2
  0 0  0  0  0 -1
  0 0  0 -1 -1  1
 -1 0 -1 -2 -2  1
  1 1  0  0  0  0
 -1 0  0  1  1  0
1,1,1,1,1;1 1 2
6 
#3 
6	% 
  0  0 -1 -2 -2  1
  0  0 -1 -1 -1  0
  0  0  0 -1  0 -1
 -1 -1  0 -1 -2  1
  0  1  0  1  1  1
 -1  0 -1 -2 -2  0
6	% 
  0  0  0  1  0  0
  1  0  0  0  0  0
  0 -1 -1  0 -1 -1
  1  0  0  1  0 -1
 -1  1  1 -1  0  1
  1 -1  0  1 -1 -1
6	% 
 0  0  1 0 -1  0
 0  1  0 0 -1  0
 0  1  2 0  0  1
 0  0  1 1 -1  0
 1 -1 -1 0  2 -1
 1  1  2 1 -1  0
1,1,1,1;1,1 1 3
14 
#5 
6	% 
 -1  0 0 -1  0  0
  0 -1 0  0  0 -1
  1  0 0  0  0  0
  0  1 1  1  0  0
  0 -1 0  1 -1 -2
 -1  0 0 -1  0  1
6	% 
  0 0  3  4  3 -3
  0 0  1  1  1 -2
  0 0 -2 -2 -1  2
  0 1 -1 -1 -2  2
 -1 0  1  0  0 -1
  0 0  1  2  2 -2
6	% 
 -1 0 1  1  0  1
 -1 1 1  1  0  2
  1 0 0  0  0  0
  1 0 0 -1  1 -2
 -1 0 1  0  1  0
 -1 0 0  0 -1  1
6	% 
  1  0 1 0  0 0
 -2 -1 0 0 -1 0
 -1 -1 1 0  1 1
  1  1 0 0  1 0
 -1 -1 1 0  0 0
  1  1 1 1  1 0
6	% 
  0 1 0 -1  0 -1
  0 0 0 -1  0 -2
 -1 0 0 -1 -1  0
  1 0 1  2  1  1
  1 0 0 -1  0 -2
 -1 0 0  0 -1  1
2-1;1,1,1;1 1 8
2 
#1 
6	% 
  1  0  0  0 0 -1
  0 -1  0  0 0 -1
 -1  1  0  0 1  2
 -1  1  0  0 0  3
  1 -1  0 -1 0 -2
  1 -1 -1  0 0 -2
1,1,1,1;1,1 1 2
1 
#1 
6	% 
 0  0 1 1  1  0
 0  0 1 2  2 -2
 0  0 0 0 -1  1
 1  1 0 0  0  0
 0 -1 0 0  0  0
 0 -1 1 1  1 -1
2-1;1,1;1,1 1 10
3 
#2 
6	% 
 0 1 -2 -1 -2  0
 0 0 -5 -5 -3  2
 0 0 -3  2 -5 -5
 1 0  2  1  2  0
 0 0  2  2  1 -1
 0 0  1 -1  2  2
6	% 
 0 1 -2 -2 -1  0
 0 0 -5 -3 -3  0
 0 0 -3 -5  0 -3
 1 0  2  2  1  0
 0 0  2  1  1  0
 0 0  1  2  0  1
2-1;1,1,1;1 1 6
2 
#1 
6	% 
  0  0  0  1  0  2
  0 -1  0  0  0  0
  0  0  0  0  1 -2
 -1  1 -1 -1 -1  1
  0 -1  1  1  1 -1
  0  0 -1  0  0  2
2-1',2-1';1;1 1 7
2 
#1 
6	% 
  0 1  0 -1 -1  1
 -1 0  0  0 -1  0
  0 0 -1  0  0  0
  0 0  0  1  0  0
  0 0  0  0  0 -1
  0 0  0  0  1  0
1,1,1;1,1,1 1 4
6 
#2 
6	% 
  0  0  0  1  1 -1
 -1  1 -1  0 -1 -1
  0 -1  0 -1 -1  1
  0  0 -1  1  0 -1
  1  0  2 -1  1  1
 -1  1 -1  1 -1  0
6	% 
  0 -1  0  1 0  0
  1 -1  1  2 0  0
 -1  1 -1 -2 0 -1
  1  0  0  1 0  0
 -1  1  0 -1 1  0
  1 -1  0  1 0  0
2-1;1,1;1,1 1 11
2 
#1 
6	% 
  0  1 0 -1  0 0
  1  0 0  1  0 0
 -1  1 1 -2  0 0
  1 -1 0  3  0 0
  1 -1 0  2  0 1
  1 -1 0  2 -1 0
1,1,1;1,1,1 1 3
8 
#3 
6	% 
 -1 -1 0 0  0  0
  0  0 0 0  0 -1
 -1  0 0 0  0  0
  2  0 1 2  2 -1
  1  0 1 1  1 -1
 -2  0 0 0 -1  1
6	% 
 1  0 1  1 0 -1
 0 -1 0  2 0  1
 0  1 0 -1 1 -1
 0  0 0  0 0  1
 0  1 1 -2 0  0
 0  0 0  1 0  0
6	% 
 -1  0  0 -1  0  0
  0 -1 -1 -1  0 -1
  0  1  1  1  0  0
  1 -1  0  0  1  0
  0  1  1  1 -1  1
 -1 -1 -1 -1  1  0
2-1;1,1;1,1 1 9
2 
#1 
6	% 
  1 0 0  1  0  0
  0 1 1  1  1  2
 -1 0 0 -1  0 -1
 -1 0 1 -1  0  0
  1 0 0  1 -1  0
  1 0 0  2  0  0
1,1,1,1;1;1 1 4
1 
#1 
6	% 
  0 0  1  1  1  0
  0 0  1  2  2 -2
  0 0 -2 -3 -2 -1
  0 0  1  1  1  1
 -1 0 -1 -1 -1  0
  0 1 -1 -1 -1  0
1,1,1;1,1;1 1 12
16 
#4 
6	% 
 -1 -1 -3 -1 -3 -1
 -2 -2 -1 -1 -1 -1
  4  4  6  3  6  3
 -1 -1 -1  1  0 -2
  2  2  3  1  3  2
 -1  0 -2 -1 -2  0
6	% 
  1  1  1 -1  1 -1
  0  0  1 -1  3 -3
 -2 -2 -3  3 -6  6
  0  0  2  1  2 -1
 -1 -1 -2  1 -3  3
  0  1  0 -1  0  0
6	% 
  1  1  1  1 -1 -1
  0  0  1  3 -1 -3
 -2 -2 -3 -6  3  6
  0  0  2  2  1 -1
 -1 -1 -2 -3  1  3
  0  1  0  0 -1  0
6	% 
 0  0 -1  0 -1  0
 0  0 -2 -1 -2 -1
 1 -1  4  2  4  0
 0  0 -1 -1 -1  0
 1  0  2  2  2 -1
 0  0  0  0 -1  0
1,1,1;1,1;1 1 10
4 
#1 
6	% 
  0 0 -2 -1 -4 -1
  0 0 -3 -1 -5 -1
  0 0  5  2 10  2
  0 0 -1 -1 -2  0
  0 1 -2  0 -3 -1
 -1 1 -1 -1 -1  1
1,1,1,1;1;1 1 5
9 
#3 
6	% 
  1  1 -1  0 -1  3
  1  1 -1  0 -1  2
  1  1 -1 -1 -2  2
 -1 -2  3  2  3 -5
  2  1 -2 -1 -2  4
 -1 -1  2  1  1 -2
6	% 
 1  1 0  0  0  0
 0  1 0 -1  0  0
 0  1 0  0  0  0
 0 -2 1  1  0 -1
 0  2 0 -1 -1  1
 0 -1 0  1  0 -1
6	% 
 0 0  0  0  0  1
 1 0  1  0  1  2
 0 1  0  0  0  2
 0 0 -1  0  0 -2
 0 0  0  0  1  2
 0 1 -1 -1 -1 -1
1,1,1;1;1;1 1 19
4 
#2 
6	% 
 1  1 0 0 0  0
 0  1 0 0 0  1
 0 -1 0 0 0 -2
 0  1 0 1 0  1
 0  1 0 0 1  1
 0  1 1 0 0  1
6	% 
 1  0 0 0 1  0
 0 -1 0 0 1  0
 0  0 0 0 1  0
 0  0 0 1 0  0
 0  0 0 0 0 -1
 0  0 1 0 0  0
1,1;1,1;1;1 1 27
1 
#1 
6	% 
 1 -1  1  1  1 -1
 0  0  2  0  2  1
 0  0 -5 -1 -4 -1
 0 -1 -2  0 -2 -1
 0 -1  5  1  5  1
 0  0 -4 -1 -5 -1
1,1;1,1;1,1 1 9
3 
#2 
6	% 
 1 -1  1  1  1 -1
 0  0  1  1  0 -1
 0  0  0 -1  1  1
 0  0 -2 -1 -1  0
 0  1 -1 -1  0  1
 0 -1  2  1  2  0
6	% 
 1 -1  1  1  1 -1
 0  0  0 -1 -1 -1
 0  0  1  1  1  0
 0  0  2  2  1 -1
 0  1  0  1  1  1
 0 -1 -1  0  1  1
1,1,1;1;1;1 1 17
2 
#1 
6	% 
 -1  0 -1  0 -1  1
  3  0  2  1  1 -2
 -1  1 -1 -1 -1  1
 -2  0 -1  0 -1  1
  1  0  1  0  0  0
 -1 -1  0  0  0  0
1,1,1;1,1;1 1 11
22 
#6 
6	% 
  2 0 1  1 1 -1
  2 0 0  1 0 -1
 -5 0 0 -2 0  3
  1 0 1  1 0 -1
  1 0 0  1 0 -1
  1 1 0  0 0  0
6	% 
  2 0  1  2  1  0
  2 0  0  1  0 -1
 -5 0 -1 -3 -1  2
  1 1  0  2  0 -1
  1 0  0  0  0  0
  1 0  1  1  0  0
6	% 
  2 0  1  0  1  0
  2 0  1  1  1 -1
 -5 1 -3 -1 -3  1
  1 0  1  0  1  0
  1 0 -1  0 -1 -1
  1 0  1  0  0  0
6	% 
 0 0 -3 -1 -1 -1
 0 0 -2 -1  0 -1
 0 0  7  3  2  3
 0 1 -2  0 -1 -1
 0 0 -1  0  0 -1
 1 0 -1  0  0 -1
6	% 
 0 0  1 -1 -1  1
 0 0  1 -1 -2  2
 0 1 -3  2  5 -5
 0 0  2  1  0  1
 0 0  0 -1 -1  1
 1 0  1  0  0  0
6	% 
 0 0 -1 1  1 -1
 0 0 -1 0  1  0
 0 1  2 0 -3  0
 0 0  1 1  2  0
 0 0 -1 0  0  0
 1 0  0 1  1 -1
1,1;1,1;1;1 1 36
12 
#3 
6	% 
 1  0  0  0 0 -1
 0  1  0 -1 0  0
 0  1  0 -1 0 -1
 0 -1 -1  1 0  0
 0  1  0 -1 1  0
 0  1  0 -2 0  0
6	% 
 1  0  0 0  0 -1
 0  1  0 0 -1  0
 0  1  0 0 -1 -1
 0 -1 -1 0  1  0
 0  1  0 1 -1  0
 0  1  0 0 -2  0
6	% 
 1 0 -1 -1 2  1
 0 1 -1  0 0  0
 0 0  0  0 0 -1
 0 0  1  0 0  0
 0 0  0  0 1  0
 0 0  0  1 0  0
1,1,1;1;1;1 1 15
2 
#1 
6	% 
 0 0  1  1  1  0
 0 1 -1 -1 -1  0
 0 0  0  0 -1  0
 0 0 -1  0 -1 -1
 0 0  1  0  0  0
 1 0  1  1  1  0
1,1;1,1;1;1 1 39
12 
#3 
6	% 
  1 -2 -1 -1 -1 -4
 -2  1  1  1  1  4
  1 -1 -1 -1  0 -3
 -1  1  1  1  1  2
 -1  1  0  1  1  3
 -1  1  1  0  1  3
6	% 
 0 1  0  0 -2 -1
 1 0 -1 -1  1  0
 0 0  0  1  0  0
 0 0  0  0  1  0
 0 0 -1  0  0  0
 0 0  0  0  0  1
6	% 
  0 -1  0 -1  1  1
  1  0 -1  0  2  0
 -1  0  0  0 -2  0
  0  1  0  0 -1 -1
  1  0 -1  0  1  0
  0  1  0  1 -1  0
1,1,1;1,1;1 1 7
2 
#1 
6	% 
  0 0 -1 -2 -1  0
  0 0 -3 -5 -3  1
  0 0  6  9  6 -4
 -1 0 -2 -3 -2  1
 -1 1 -1 -1 -1  1
  0 0 -1 -1  0  0
2-1;1,1;1;1 1 34
1 
#1 
6	% 
 1 -1 1 1  1 -1
 0  0 0 0  0  1
 0  0 1 0  0  0
 0  1 0 0 -1  0
 0  0 0 1  0  0
 0  1 0 0  0  0
2-1;1,1;1;1 1 33
4 
#1 
6	% 
 -1 0  1  1  1  2
  1 0 -1 -1  0 -2
 -1 0  1  1  1  1
  1 0 -1  0 -1 -2
  2 1 -2 -2 -2 -3
  1 0  0 -1 -1 -2
2-1;1,1;1;1 1 32
4 
#1 
6	% 
  0  1  0  0  0  1
  1  0  0  0  0 -1
 -1  1  0  0  0  3
  1 -1 -1  0  0 -2
  1 -1  0  0 -1 -2
  1 -1  0 -1  0 -2
1,1;1,1;1;1 1 38
3 
#2 
6	% 
  0 0  1  0  0 0
  0 0  0  0  0 1
  0 0 -2 -1  0 1
 -1 0 -1 -1 -1 0
 -1 0  0  0  0 1
 -1 1 -1 -1 -1 1
6	% 
  0 0  0 -3  1  3
  0 0 -1 -3  0  3
  0 0  0  2 -1 -3
 -1 0  0  2 -1 -2
 -1 0 -1 -3  0  3
 -1 1 -1 -1 -1  1
1,1,1;1;1;1 1 16
2 
#1 
6	% 
 0 0  2  2  2 -3
 0 0  3  2  2 -5
 0 0 -2 -2 -3  5
 1 0  2  2  2 -3
 0 1  1  1  1 -2
 1 1  0  0  0  0
1,1,1,1;1;1 1 6
1 
#1 
6	% 
 0  0  1  2  2 -2
 0  0  1  1  2 -1
 0  0  1  2  2 -1
 1  0 -1 -2 -2  1
 0 -1  2  3  3 -2
 1  1  0  0  0  0
1,1;1,1;1;1 1 35
3 
#2 
6	% 
  0 0 -3 -3 -1  2
  0 1  0  1  1  1
  0 0  2 -1 -3 -3
 -1 0  0  1  1  1
  0 0 -2 -2 -1  1
  0 0  1 -1 -2 -2
6	% 
  0 0 -2 -1 -3 -1
  0 1  1  0  1  1
  0 0 -3 -1 -2 -1
 -1 0  1  0  1  1
  0 0 -1  0 -2 -1
  0 0 -2 -1 -1  0
1,1,1;1;1;1 1 8
2 
#1 
6	% 
 0 0 -1 -1 -1  2
 0 0  0  0  1 -2
 1 0 -1 -1 -1  2
 1 1  0  0  0  0
 0 0 -1  0  0  2
 1 0  2  2  2 -3
2-1;1;1;1;1 1 44
1 
#1 
6	% 
 0 1 -1  0 0  0
 1 0  0  1 1 -1
 0 0  0  0 1  0
 0 0  0  0 0  1
 0 0  0 -1 0  0
 0 0 -1  0 0  0
2-1;1,1;1;1 1 30
1 
#1 
6	% 
 1 0 0 0  0  0
 0 1 0 0  0  0
 0 0 1 1  1  0
 0 0 0 0 -1  0
 0 0 0 0  0 -1
 0 0 1 0  0  0
2-1,2-1;1;1 2 11
4 
#1 
6	% 
  0  1  0 -1 -1  1
  1  0  0  0  1  0
 -1 -1  0  2  0 -1
  1 -1 -1  1  2 -1
  1 -1  0  1  3 -1
 -1 -1  0  1  0 -2
2-1,2-1;1;1 3 6
4 
#1 
6	% 
  0  0  0  0  1  0
  0 -1 -1  0  2 -1
  0  0  0  0  0 -1
 -1  0 -1  1 -1 -1
  0  0  0 -1  0 -1
  0  0  1  0  1  0
1,1;1,1;1;1 1 28
4 
#1 
6	% 
 0 0  2  1  3  1
 0 1  1  0  0  1
 0 0  3  1  2  1
 1 0  0  1  1 -1
 0 0 -1  0 -1 -1
 0 0 -1 -1 -1  0
1,1;1,1;1,1 1 10
2 
#1 
6	% 
  0 0  2  1  2 0
  0 1  0  0 -1 0
  0 0 -1  0  0 0
  0 0  2  0  2 1
  0 0  0  0  1 0
 -1 0  0 -1 -1 1
2-1;1;1;1;1 1 38
1 
#1 
6	% 
 0 1 -1  0 0  1
 1 0  0  1 0  0
 0 0 -1  0 0  0
 0 0  0  0 1  0
 0 0  0 -1 0  0
 0 0  0  0 0 -1
1,1;1,1;1,1 1 12
2 
#1 
6	% 
  1  0  1  1  2  0
 -1  0 -2 -1 -2  0
  0  0 -1  0 -1 -1
  0 -1 -1 -1 -1  0
  1  0  0  0  1  0
 -1 -1  0 -1  0  1
1,1;1,1;1;1 1 37
4 
#1 
6	% 
  0  0  2  0  2  1
  0 -1  2  1  2  0
  1  0 -2  0 -1 -1
 -1  0  1  0  1  1
 -1  0  0 -1 -1  1
 -1 -1  0  0  0  0
2-1;1;1;1;1 1 43
1 
#1 
6	% 
 1 0  0  0  0 -1
 0 1  0 -1  0  0
 0 0  1  0  0  0
 0 0  0  1  0  0
 0 0  0  1  0  1
 0 0 -1  0 -1  0
1,1;1;1;1;1 1 31
1 
#1 
6	% 
 0 1  1  0  1  1
 1 0  1  0  0  0
 0 0  1  0  1  1
 0 0 -1 -1 -1  0
 0 0  3  1  2  1
 0 0 -2 -1 -3 -1
1,1;1;1;1;1 1 54
8 
#2 
6	% 
 -1  0 -1  0 -1  1
  0  1  0 -1  0  0
  1  1  1 -1  0 -1
  1  1  1 -1  1  0
  1  1  1  0  1 -1
 -1 -1  0  1 -1  1
6	% 
  0 1  0 -1 -1 1
 -1 0 -1  0  0 0
  0 0 -1  0  0 0
  0 0  0  1  0 0
  0 0  0  0  1 0
  0 0  0  0  0 1
1,1;1;1;1;1 1 56
1 
#1 
6	% 
 1 -1 1  1  1 -1
 0 -1 0  0  0 -1
 0  0 0 -1  0  0
 0  0 0  0 -1  0
 0  0 1  0  0  0
 0  0 0  0  0 -1
1,1;1;1;1;1 1 55
8 
#2 
6	% 
 -1 0 1 1  1  2
  0 1 0 0  0  1
  0 0 0 0  0 -1
  0 0 0 1  0  0
  0 0 0 0 -1  0
  0 0 1 0  0  0
6	% 
 0  3 -1 -2 -2  2
 1  2  0 -1 -1  1
 0 -1  0  1  1  0
 0  1  0 -1  0  1
 0 -1  1  1  1 -1
 0  1  0  0 -1  1
1,1;1;1;1;1 1 52
1 
#1 
6	% 
 0 0  1 0  1  0
 0 0 -2 1 -2  1
 0 0  0 0 -1  0
 1 0 -1 1 -1  0
 0 1 -2 0 -2  1
 0 0  1 0  1 -1
1;1;1;1;1;1 1 48
1 
#1 
6	% 
 1 0  1 0 0 0
 0 1 -1 0 0 0
 0 0  0 0 1 0
 0 0  0 1 0 0
 0 0  0 0 0 1
 0 0 -1 0 0 0
1;1;1;1;1;1 1 44
1 
#1 
6	% 
 0 1 0 -1 -1  1
 1 0 0  0  1  0
 0 0 1  0  0  0
 0 0 0  0  0 -1
 0 0 0 -1  0  0
 0 0 0  0 -1  0
