#107

3;2-2;1 3 1
1 
#1 
6	% 
 1 0 0 0 0 0
 0 1 0 0 0 0
 0 0 1 0 0 0
 0 0 0 1 0 0
 0 0 0 0 1 0
 0 0 0 0 0 1
1,1,1,1,1,1 1 1
1 
#1 
6	% 
 1 0 0 0 0 0
 0 1 0 0 0 0
 0 0 1 0 0 0
 0 0 0 1 0 0
 0 0 0 0 1 0
 0 0 0 0 0 1
2-1;1,1,1,1 1 2
3 
#1 
6	% 
  0  0  0 0 -1  1
  0  0  0 0  0  1
  1  0  1 1  1  2
  0 -1  0 0  0  2
  0  1  1 0  0  0
 -1 -1 -1 0  0 -2
1,1,1,1,1;1 1 2
15 
#4 
6	% 
  0  0  1  0 -1  0
  0 -1  0  0  0  0
  0 -1  1  0  1  1
  1  0  1  0  0  1
 -1  1 -1 -1  0 -1
  1 -1  1 -1  1  1
6	% 
 -1  0  0  0 -1  0
  0  0  0  0 -1  0
  0  0  1 -1 -1  0
 -1  0  1  0  0  1
  0 -1 -2  0  1 -1
 -1 -1  1  0 -1  1
6	% 
 -1  0 -1  0 -1 -1
 -1  0 -1  0 -1  0
 -1  0 -1 -1 -1  0
 -1  0 -1  0  0 -1
  1 -1  1  0  1  0
 -1  0 -2  0 -1  0
6	% 
  0  1  0  0  0 -1
  0  1  0  0  0  0
 -1  0 -1 -2  1 -2
  0  1  1  0  0  0
  1 -1  0  1 -1  1
 -1  1  0 -1  0 -1
1,1,1,1,1;1 1 1
1 
#1 
6	% 
  0  0  0 -1  0 0
 -1  0 -1 -1 -1 0
 -1 -1  0 -1 -1 0
  0 -1 -1  0 -1 0
  1  1  1  1  1 0
  0  0  0  0  0 1
2-1;1,1,1;1 1 3
3 
#1 
6	% 
  0 0 0  0 -1 -1
  0 0 0 -1  0 -1
  0 0 0  1  1  1
  0 0 1  0  0  0
  1 1 0  0  0  0
 -1 0 0  0  0  0
1,1,1,1;1,1 1 1
1 
#1 
6	% 
  0 -1 -1 0  0 -1
 -1  0 -1 0  0 -1
 -1 -1  0 0  0 -1
  1  1  1 0  0  1
  0  0  0 0 -1  0
  0  0  0 1  1  0
1,1,1,1;1,1 1 2
24 
#6 
6	% 
 1  0  1 0 1  0
 0  0  0 0 0 -1
 1  0  1 1 0  1
 0  1  1 0 0  0
 0 -1 -2 0 0  0
 1 -1 -1 0 0  0
6	% 
 0 1  0 0  1 0
 0 0 -1 0  0 0
 1 0  1 0  1 0
 0 0  0 0  0 1
 0 0  0 1 -1 0
 0 0  0 1  0 0
6	% 
  0 0 -1 0 -1 0
  1 0 -1 0 -1 0
 -1 0 -1 1  0 0
  0 0  0 0  0 1
  1 1  2 0  1 0
  0 1 -1 0 -1 0
6	% 
  0 -1 -1 -1 0 0
  0  0  0  0 1 0
 -1 -1  0 -2 0 0
  0  0  0  0 0 1
  1  1  1  1 0 0
  0 -1  0 -1 0 0
6	% 
  0  0  1  0  0 0
  0  1  0  0  0 0
  1  1  2  2 -1 0
  0  0  0  0  2 1
 -1 -1 -1 -1  0 0
  1  1  1  1 -1 0
6	% 
  0  0  0 1  0  0
 -1 -2 -1 0 -1 -1
  0  0  0 0  1  0
  0  0  1 0  0  0
  0  1  0 0  0  0
 -1 -1 -1 0  0  0
2-1;1,1,1;1 1 6
18 
#2 
6	% 
  0  0  0 0 -1  1
 -1  0  0 0 -1 -1
  0  0  0 1  0 -1
  0 -1 -1 0  0  0
  0  0  1 0  1  1
  0  0  0 1 -1  1
6	% 
 -1  0 -1 -2 1 -1
  0  0 -1  0 0  1
  0  0  0  1 0  1
 -1 -1  0  0 0  0
  1  0  0  0 0 -1
  0  0  0 -1 1 -1
2-1;1,1,1;1 1 2
3 
#1 
6	% 
  1  0  1 1 1 0
  1  0  1 0 1 0
  0  0  0 0 0 1
  0 -1  0 0 0 0
  0  1  1 0 0 0
 -1 -1 -1 0 0 0
1,1,1;1,1,1 1 1
1 
#1 
6	% 
  0 -1 -1  0  0  0
 -1  0 -1  0  0  0
  1  1  1  0  0  0
  0  0  0  0 -1 -1
  0  0  0 -1  0 -1
  0  0  0  1  1  1
2-1;1,1;1,1 1 2
3 
#1 
6	% 
  1  0  1 0  0 1
  0  0  0 0 -1 0
  0  0  0 1  1 0
  0 -1  0 0  0 0
  0  1  1 0  0 0
 -1 -1 -1 0  0 0
2-1;1,1;1,1 1 5
18 
#2 
6	% 
  0 0  0  0  2 1
 -1 0  0  0  0 0
 -1 0 -1 -1  0 0
  1 1  0  0  0 0
  0 0  1  0  0 0
  1 0  1  1 -1 0
6	% 
 0 0  0  2 -1 1
 1 0  0  0  0 0
 0 0  0 -1  0 0
 0 1  1  0  0 0
 0 0 -1  0  0 0
 0 0  0 -1  1 0
1,1,1,1;1,1 1 3
54 
#4 
6	% 
 1 0  0  0  0  0
 0 0 -1  0 -1 -1
 0 1  1  1 -1  0
 0 0  0 -1  1  0
 0 0  0 -1  0  0
 1 1  0  1  0  0
6	% 
 1  0  1  0  0 1
 0  0  0  0 -1 1
 0 -1 -1 -1  0 0
 0  1  0  1  1 0
 0  0  1  1 -2 0
 0 -1 -1 -1  1 0
6	% 
  1  0  0  0  0 1
 -1  0 -1  0  0 1
  0  1  0  0 -1 0
  0 -1  1  1  1 0
 -1 -1 -2 -1  2 0
  1  1  1  0 -1 0
6	% 
 -1 -1  0 -2  1  0
  0  0  0  0  0  1
  0  1  0  1 -1  0
  0  0 -1  0 -1 -1
 -1  0  0  0 -1  1
 -1 -1 -1 -1  0  0
1,1,1;1,1,1 1 2
9 
#2 
6	% 
 -1  0  0  0  0 0
  0  0  1  0  0 1
 -1 -2 -1 -1 -1 0
  0  0  0 -1  0 0
  1  1  1  1  0 0
  0  1  0  1  0 0
6	% 
  1  0 -1 0  0  1
  0 -1 -1 0  0 -1
 -1  0 -1 0 -1  0
  1  0  1 1  1  0
  0  0  1 0  0  0
  1  0  0 0  0  0
1,1,1;1,1,1 1 3
54 
#4 
6	% 
  0  0  0 0  0 1
 -1 -1  0 0  0 0
  1  2  0 1 -1 0
  0 -1  0 0  0 0
  2  2  1 1  0 0
 -1 -1 -1 0  0 0
6	% 
  1 0  2 0  1  0
  0 0  0 0  0 -1
  1 1  1 0  0  1
 -1 0 -1 1 -1 -1
  0 1  0 0  0  1
  1 0  1 1  0 -1
6	% 
 -2  0 -2 -2  1 -1
  0 -1 -1  0  0  0
  0  1  0  0  1  0
  1  0  2  1 -1  0
  1  1  1  0  1  0
 -2  0 -1 -1  0  0
6	% 
  0  0  0  0  0 1
  0  0  1  0  0 0
  0 -1 -1  0  1 0
  0  1 -1 -1  0 0
  1  1  0  0 -1 0
 -1 -1 -2 -1  1 0
2-2;1,1,1,1 1 2
4 
#1 
6	% 
 0  0 0  1  0 0
 0  0 0  0  1 0
 0  0 0  1  1 1
 0 -1 0 -1 -1 0
 1  0 0  1  1 0
 1  1 1 -1 -1 0
2-2;1,1,1,1 1 1
1 
#1 
6	% 
  0  0  0 1 0  0
  0  0  0 0 1  0
  0 -1 -1 0 0 -1
 -1  0 -1 0 0 -1
 -1 -1  0 0 0 -1
  1  1  1 0 0  1
2-2',2-2';1,1 1 2
8 
#1 
6	% 
  0  0  0  0  0  1
  0 -3 -1 -1  1  0
 -3 -3 -2  0  1  0
  2  2  1  0 -1 -1
  0  2  1  1 -1  1
 -2  0 -1  1  0 -1
2-2;2-1;1,1 1 2
3 
#1 
6	% 
  1  0  1  0 0 1
  0 -1  0  0 0 0
  0  0  0  0 1 0
  0  0  0 -1 1 0
  0  1  1  0 0 0
 -1 -1 -1  0 0 0
2-2;1,1,1;1 1 5
24 
#2 
6	% 
 0 0 0  0 0 -1
 0 0 0 -1 0  0
 0 0 0 -1 1  0
 0 0 1  0 1  1
 0 1 0  0 1  1
 1 0 0  0 1  1
6	% 
  1  1  1  2 -1  2
 -1 -1 -1 -1  1  0
  1  1  1  1  0  0
  0  1  1  0  0 -1
  1  0  1  0  0 -1
  1  1  0  0  0 -1
1,1,1;1,1;1 1 7
162 
#12 
6	% 
  0 0  0  0  1 0
 -1 0  1  0 -2 0
  2 0 -2  0  3 1
 -1 0  0  0 -1 0
  0 1  0  0  0 0
  0 0  0 -1  1 0
6	% 
  0 0  0 0 -1 0
  1 0  1 0  2 0
 -2 1 -2 0 -4 0
  0 0  1 0  1 0
  0 0  0 0  0 1
  0 0  0 1 -1 0
6	% 
  0  0  0 0 -1 0
  0 -1 -1 0 -2 0
  0  2  2 0  4 1
 -1 -1 -1 0 -1 0
 -1  0 -1 0  0 0
  0  0  0 1 -1 0
6	% 
  0  0  0  0  1 0
 -2 -1 -1  0 -4 0
  3  2  1  0  7 0
 -1 -1 -1  0 -2 0
  0  0  0  0  0 1
  0  0  0 -1  1 0
6	% 
 -1 0 1  0  0  0
 -2 0 0 -1  2  0
  5 0 0  2 -4  0
 -1 0 0 -2  1 -1
  0 0 0 -2  0 -1
  0 1 1  0  0  0
6	% 
  1 0  1  0  0 0
  0 0  2  0  1 0
 -1 0 -4  0 -2 0
  0 0  1 -1  1 0
  0 0  0  0  0 1
  1 1  1  0  0 0
6	% 
  2  0  2  1 -2  2
  1  0  1  0  0  0
 -3  0 -3 -1  2 -1
  0 -1  0  0  0  0
  0 -1 -1  0  0  0
  1  0  1  0 -1  1
6	% 
 -2 -1 -1  0  0  0
 -2 -2  0 -1  2  0
  3  3  0  1 -2  0
 -1 -1  0 -2  1 -1
  0  0  0 -2  0 -1
 -1 -1 -1  0  0  0
6	% 
  2 1  1  0  4 0
  0 0  0  0 -1 0
 -1 0 -1  0  1 0
  0 0  0 -1  0 0
  0 0  0  0  0 1
  1 1  1  0  2 0
6	% 
  0 0  0 2 -1 0
 -1 0  1 0  0 0
  2 0 -2 0  0 1
 -1 0  0 0  0 0
  0 1  0 0  0 0
  0 0  0 1 -1 0
6	% 
 -2 -2 -2 -2 1 0
 -1  0 -1  0 0 0
  2  1  2  0 0 0
 -1  0  0  0 0 0
  0  0  0  0 0 1
 -1 -1 -1 -1 1 0
6	% 
 -2 -2  0 -2  1 0
 -2 -1 -1  0  0 0
  5  3  2  2 -1 0
 -1  0  0  0  0 0
  0  1  1  0  0 1
 -1 -1  0 -1  0 0
1,1,1;1,1;1 1 9
54 
#4 
6	% 
 -1 0 -1 0  0  0
 -1 0 -1 0  0 -1
  2 1  2 0  0  1
  0 0 -1 0  1  0
  0 0  0 1  0  0
  0 0  0 2 -1  0
6	% 
 0  1 -1  0 0  0
 0  0  0  0 0 -1
 1 -1  2  0 0  1
 0  1  0  0 1  0
 0  0  0 -1 0  0
 0  0  0 -2 1  0
6	% 
 -1 0 -1 0 0  0
  0 0 -1 0 0  0
  1 0  0 0 0 -1
  0 1  0 0 0  0
  0 0  0 1 0  0
  0 0  0 0 1  0
6	% 
  2  1  1  0  0 0
  1  1  0  0  0 1
 -3 -2 -1  0  0 0
  1  1  1  0  0 0
  0 -1 -1 -1  0 0
  0  0  0  0 -1 0
1,1,1,1;1;1 1 5
54 
#4 
6	% 
  1  1  1  0 1  1
  1  2  1  0 0  1
  1  1  0  0 0  1
 -1 -2 -1 -1 0 -1
  1  2  1 -1 1  1
  0 -1 -1  0 0 -1
6	% 
  1  0  1 0 -1  1
  2  1  1 0  0  3
  1  0  1 1 -1  1
 -2 -1 -2 0  1 -3
  2  0  1 0 -1  3
 -1  0 -1 1  0 -1
6	% 
  1  0  0  0  0  0
  1  0  1  0  0 -1
  2  0  1  0 -1  0
 -2 -1 -1  0  0  1
  1 -1  0  0  0 -1
 -2  0 -1 -1  1  0
6	% 
 0  0  0  0  0  1
 1  1  0  1 -2  3
 0 -1  0  0  0  1
 0  0  0 -1  1 -3
 0  0  0  0 -1  3
 0  0 -1  0  0 -1
1,1,1;1,1;1 1 4
15 
#4 
6	% 
  0 -1 -1  0 0 0
 -1  0 -1  0 0 0
  1  1  1  0 0 0
  0  0  0 -1 2 1
  0  0  0  0 2 1
  0  0  0 -2 1 0
6	% 
  0  0  0  0  1  0
  0  0  0  0  1  1
  0  0  0 -1 -1 -1
 -1 -1  0  0  0  0
 -1  0  0  0  0  0
 -1 -2 -1  0  0  0
6	% 
  0  0  0  0 1  1
  0  0  0 -1 0  0
  0  0  0  0 0 -1
  0 -1 -2  0 0  0
  0 -1 -1  0 0  0
 -1  0 -1  0 0  0
6	% 
  0 -1 -1  0 0 0
 -1  0 -1  0 0 0
  1  1  1  0 0 0
  0  0  0  0 1 1
  0  0  0  0 0 1
  0  0  0 -1 1 0
1,1,1,1;1;1 1 3
3 
#1 
6	% 
  0 -1 -1  0  0 -1
 -1  0 -1  0  0 -1
 -1 -1  0  0  0 -1
  1  1  1  0  0  1
  0  0  0 -1  0  0
  0  0  0  1 -1  0
1,1,1,1;1;1 1 2
15 
#4 
6	% 
 0 1  0  0 1 0
 1 0  1  0 1 0
 0 0 -1  0 0 0
 0 0  0  0 0 1
 0 0  0 -1 0 0
 0 0  0 -1 1 0
6	% 
  0 0 0 1 0 0
  0 1 0 0 0 0
  0 0 0 0 1 0
  0 0 0 0 0 1
  0 0 1 0 0 0
 -1 0 0 0 0 0
6	% 
  0  0 1  0  0 0
 -1 -1 0 -1  2 0
  0  1 0  0  0 0
  0  0 0  0  0 1
  0  0 0  0 -1 0
  0  0 0 -1  1 0
6	% 
 -1  0 -1 -1  1 0
 -1 -1  0 -2 -1 0
  0  0  0  0  1 0
  0  0  0  0  0 1
  1  0  0  1  0 0
 -1 -1 -1 -1  0 0
2-2;1,1,1;1 1 3
4 
#1 
6	% 
  1  1  1  1  1 0
  0  0  0 -1  0 0
  0  0  0  0  0 1
 -1 -1  0  0 -1 0
  1  0  1  0  1 0
  0 -1 -1  0 -1 0
2-2',2-2';1;1 1 3
8 
#1 
6	% 
 0  0  0  0  0 1
 1  0 -1 -1  0 0
 1 -1  0 -1  1 0
 0 -1  0 -1  1 0
 1  0  0 -1  0 0
 0  0 -1  0 -1 0
1,1,1;1,1;1 1 3
9 
#2 
6	% 
 -1  0  1 0  0 0
  0  0  0 1  1 0
  1  0 -1 0 -1 0
  0  0  1 0  0 0
  0 -1  0 0  0 0
  0  0  0 0  0 1
6	% 
 0  1  1 0  2 0
 0  2  2 1  2 0
 0 -2 -2 0 -3 0
 0  1  0 0  1 0
 1  0  1 0  0 0
 0  0  0 0  0 1
1,1,1;1,1;1 1 8
54 
#4 
6	% 
 -2 0 -2 -1  2 0
 -3 0 -3 -1  2 0
  7 1  7  3 -6 0
 -1 0 -1 -1  1 0
 -1 0 -2  0  1 0
  0 0  0  0  0 1
6	% 
 -1 0 -1 0 -3 0
 -1 0 -1 0 -2 0
  3 1  3 0  6 0
  0 0 -1 1 -2 0
  0 0 -1 0 -1 0
  0 0  0 0  0 1
6	% 
  2  1  1  0  0 0
  0  0  0 -1  2 0
 -3 -1 -2  1 -2 0
  1  1  1  0  0 0
  0 -1 -1 -1  1 0
  0  0  0  0  0 1
6	% 
 0 -1 1  0 -3 0
 0  0 0  0 -1 0
 1  1 0  0  5 0
 0 -1 0 -1 -1 0
 0  1 1  1 -1 0
 0  0 0  0  0 1
2-2;1,1,1;1 1 1
1 
#1 
6	% 
  0  0  0 1  0 0
  0  0  0 1 -1 0
  0 -1 -1 0  0 0
 -1  0 -1 0  0 0
  1  1  1 0  0 0
  0  0  0 0  0 1
1,1,1;1,1;1 1 1
1 
#1 
6	% 
  0 -1 -1 0  0 0
 -1  0 -1 0  0 0
  1  1  1 0  0 0
  0  0  0 0 -1 0
  0  0  0 1  1 0
  0  0  0 0  0 1
2-2;2-1;1;1 1 2
3 
#1 
6	% 
  0  0  0  0 0 1
  0  0 -1  0 0 0
  0  0  0  0 1 0
  0  0  0 -1 1 0
 -1 -1  0  0 0 0
  1  0  0  0 0 0
3;1,1,1 3 1
1 
#1 
6	% 
  0 -1 0  0  0  0
 -1  0 0  0  0  0
  1  1 1  0  0  0
  0  0 0  0 -1 -1
  0  0 0 -1  0 -1
  0  0 0  1  1  1
2-1;1,1;1;1 1 15
18 
#2 
6	% 
  0 0 0 1 -1 1
  0 0 1 0  0 0
  0 0 0 0  1 0
  1 1 0 0  0 0
 -1 0 0 0  0 0
  0 0 0 1  0 0
6	% 
  0 0 0  0 0 1
  0 0 1  0 0 0
  0 0 0  0 1 0
  1 1 0  0 0 0
 -1 0 0  0 0 0
  0 0 0 -1 0 0
2-1;1,1;1;1 1 3
3 
#1 
6	% 
  0 0 0 0 -1 0
  0 0 0 1  1 0
  0 0 0 0  0 1
  0 0 1 0  0 0
  1 1 0 0  0 0
 -1 0 0 0  0 0
2-2;1,1,1;1 1 2
9 
#2 
6	% 
  0  0 -2 0 0 -1
  0  0  1 0 0  1
  0 -1  0 0 0  0
  0  0  0 0 1  0
  0  0  0 1 0  0
 -1 -1 -1 0 0  0
6	% 
 0 -1  1 0 0 -1
 1  0  1 0 0  1
 0  0 -1 0 0  0
 0  0  0 0 1  0
 0  0  0 1 0  0
 0 -1  0 0 0  0
1,1,1,1;1;1 1 6
9 
#2 
6	% 
  1 0  1  1  1  1
  1 0  1  1  1  0
  1 0  1  1  0  1
 -1 1 -1 -1 -1 -1
  2 0  1  1  1  1
  0 1  1  0  0  0
6	% 
  0  0 0 0 1 0
  0  0 0 0 0 1
  0  0 0 1 0 0
  1  0 0 0 0 0
 -1 -1 0 0 0 0
  1  1 1 0 0 0
1,1,1;1,1;1 1 2
9 
#2 
6	% 
 -1 0 -1 0 0 0
  0 0 -1 0 0 0
  1 0  3 0 0 1
  0 0  0 1 0 0
  0 0  0 0 1 0
  0 1  0 0 0 0
6	% 
 0 -1 1 0 0 0
 0  0 0 0 0 1
 1  1 0 0 0 0
 0  0 0 1 0 0
 0  0 0 0 1 0
 0  0 1 0 0 0
1,1,1;1,1;1 1 11
108 
#6 
6	% 
  1 0 -1  2  0 0
  1 0 -1  1  0 0
 -2 0  2 -3  0 1
  1 0  0  1  0 0
  1 0  0  1 -1 0
  1 1  0  1  0 0
6	% 
  1 0  1  0  0 0
 -1 0 -1 -1  2 0
  1 0  1  2 -4 1
  0 0  1  0  0 0
  0 0 -1 -1  1 0
  1 1  1  0  0 0
6	% 
  1 0 -1  0  0 0
  3 0 -3  2 -1 0
 -5 0  5 -2  1 1
  0 0 -1  0 -1 0
  1 0 -2  1 -1 0
  1 1  0  0  0 0
6	% 
  1 0  1  0  2 0
  1 0  1  0  1 0
 -2 0 -2  0 -4 1
  0 0  1  0  1 0
  0 0  1 -1  1 0
  1 1  1  0  1 0
6	% 
 0  1 -1  2  0 -2
 0  0  0  1  0 -2
 0 -2  2 -5  0  5
 1  1  0  1  0 -1
 0  0  0  1 -1 -1
 0  1  0  1  0 -1
6	% 
 -2 -1 -1  0  0 -2
 -2 -1 -1  1 -2 -2
  6  3  3 -1  2  5
 -1 -1  0 -1  0 -1
 -1  0 -1  1 -1 -1
 -1  0  0  0  0 -1
1,1,1;1,1;1 1 6
18 
#3 
6	% 
  1 0 -1 0 0 0
  1 0 -1 1 0 0
 -1 0  1 0 1 0
  1 0  0 0 0 0
  1 0  1 0 0 1
  1 1  0 0 0 0
6	% 
 -1 0 -1 0  0 0
  0 0  0 0  1 0
  1 0  1 1 -1 0
 -1 0  0 0  0 0
  0 0  0 0  0 1
  0 1  0 0  0 0
6	% 
  0  1 -1  0 0 0
  0  1 -1  1 0 0
  0 -1  1 -1 1 0
 -1  0 -1  0 0 0
  0  0  0  0 0 1
  0  1  0  0 0 0
2-2;2-2;1,1 1 3
4 
#1 
6	% 
  1  1  1 0 0  1
  0  0  0 1 0  0
  0  0  0 0 1  0
 -1 -1  0 0 0 -1
  1  0  1 0 0  1
  0 -1 -1 0 0 -1
2-2;1,1;1,1 1 3
4 
#1 
6	% 
  1  1  1 0 0  1
  0  0  0 1 0  0
  0  0  0 0 1  0
 -1 -1  0 0 0 -1
  1  0  1 0 0  1
  0 -1 -1 0 0 -1
1,1;1,1;1;1 1 19
27 
#2 
6	% 
 0 0 0 0 0 1
 0 1 0 0 0 0
 1 0 0 0 0 0
 0 0 0 0 1 0
 0 0 1 0 0 0
 0 0 0 1 0 0
6	% 
 -1 -1 0 0 0 0
  0  0 0 0 0 1
  1  1 1 0 0 0
  0  0 0 0 1 0
 -1  0 0 0 0 0
  0  0 0 1 0 0
1,1;1,1;1,1 1 2
9 
#2 
6	% 
 0 0 0 0 0 1
 0 0 0 1 0 0
 0 0 0 0 1 0
 0 1 0 0 0 0
 1 0 0 0 0 0
 0 0 1 0 0 0
6	% 
 -1 -1 0 0  0 0
  0  0 0 0 -1 0
  0  0 0 1  1 0
  0  0 0 0  0 1
  1  1 1 0  0 0
 -1  0 0 0  0 0
1,1,1;1;1;1 1 10
27 
#2 
6	% 
  0 0 0 0  0 1
  0 1 0 0  0 0
  0 0 1 0  0 0
  0 0 0 0 -1 0
  0 0 0 1  0 0
 -1 0 0 0  0 0
6	% 
 0 -1  1 0  0 -1
 1  0  1 0  0  1
 0  0 -1 0  0  0
 0  0  0 0 -1  0
 0  0  0 1  0  0
 0 -1  0 0  0  0
1,1,1;1;1;1 1 5
3 
#1 
6	% 
  0 -1 -1 0 0 0
 -1  0 -1 0 0 0
  1  1  1 0 0 0
  0  0  0 0 0 1
  0  0  0 0 1 0
  0  0  0 1 0 0
1,1,1;1;1;1 1 6
1 
#1 
6	% 
  0 0  0  0 -1 -1
  0 0  0 -1  0 -1
  0 0  0  1  1  1
 -1 0 -1  0  0  0
  1 0  0  0  0  0
  1 1  1  0  0  0
2-2;1,1;1,1 1 2
9 
#2 
6	% 
 -1 1 2 0 0 0
  0 0 0 0 0 1
  1 0 0 0 0 0
  0 0 0 0 1 0
  0 0 0 1 0 0
  0 0 1 0 0 0
6	% 
 -1 0 0 0 0 0
  0 0 0 0 0 1
  1 1 1 0 0 0
  0 0 0 0 1 0
  0 0 0 1 0 0
  0 1 0 0 0 0
1,1;1,1;1,1 1 4
54 
#4 
6	% 
  1 1  0  0 0  0
  0 0  0 -2 0 -1
 -1 0 -1  1 1  1
  0 0  1  0 0  0
  1 0  0  0 0  0
 -1 0 -1 -2 1 -1
6	% 
 0 0 0  2 -1  1
 1 1 0  0  0  0
 0 0 1  0  1  0
 0 0 0 -1  0 -1
 0 0 0  1 -1  1
 1 0 0  0  1  0
6	% 
 0 0  0  2 -1  1
 1 1  1  0  0  0
 0 0 -1  0  1  0
 0 0  0 -1  1 -1
 0 0  0  1  0  1
 1 0  0  0  1  0
6	% 
  0  0  0  0 2 1
  0  0 -1  0 0 0
  0 -1  0  0 0 0
  0  0  0 -1 0 0
  0  0  0 -1 1 0
 -1 -1 -1  0 0 0
1,1;1,1;1;1 1 20
18 
#2 
6	% 
  0  0  0  1  0  1
  2  0  2 -1 -1 -1
 -1  0 -1  0  0  0
  0 -1  0  0  0  0
  2  0  2  2 -1  1
  0  0  1  0  0  0
6	% 
  0  0  0  0 0 1
  2  0  2  1 0 0
 -1  0 -1  0 0 0
  0 -1  0  0 0 0
  2  0  2 -1 1 0
  1  0  0  0 0 0
1,1;1,1;1;1 1 5
3 
#1 
6	% 
  2  0  2 0 0 1
  0  0  0 1 0 0
  0  0  0 0 1 0
 -1  0 -1 0 0 0
  0 -1  0 0 0 0
  0  0  1 0 0 0
1,1,1;1;1;1 1 8
18 
#2 
6	% 
  0 0  0  0  0  1
  1 0  1  0 -1 -1
  0 1  0  0  0  1
  0 1  1  0  0  0
 -1 0 -1 -1  1  1
  1 1  1  0  0 -1
6	% 
  0  0  0  0 -1 1
  1  0  1 -1  2 0
 -1 -1 -1  0 -1 0
 -1 -1  0  0  0 0
 -1  0 -1 -1 -1 0
  0 -1  0  0  1 0
1,1,1;1;1;1 1 3
3 
#1 
6	% 
  0 0  0 -1  1 0
 -1 0 -1  1 -2 0
  0 0  0  0  0 1
  0 1  0  0 -1 0
  1 0  1  0  2 0
  0 0 -1  0 -1 0
1,1,1,1;1;1 1 4
3 
#1 
6	% 
  0  0  0 -1  1 1
  0  0  0 -1  0 0
  1  0  1  3 -1 0
 -1  0 -1 -2  0 0
  0 -1  0  1  0 0
  0  0  1  1  0 0
1,1,1;1;1;1 1 14
3 
#1 
6	% 
  0  0 0 1  0  1
  0  0 0 0 -1  0
  0  0 0 0  0 -1
  1  0 0 0  0  0
 -1 -1 0 0  0  0
  1  1 1 0  0  0
1,1;1,1;1;1 1 26
54 
#4 
6	% 
  0  0  0  2  0 1
  2  0  2  1 -3 0
  2  0  2  2 -3 0
 -2 -1 -2 -1  2 0
  1  0  2  1 -2 0
  0 -1 -1  0  0 0
6	% 
  0  0  0  0  0 1
 -1  0 -1  1 -2 0
 -1  0 -1 -1 -1 0
  0 -1  0  0  1 0
 -1  0  0  0 -1 0
  0 -1 -1  0  0 0
6	% 
  0  0  0  0  2 1
 -1 -2 -1 -3  1 0
 -1 -2 -1 -3  2 0
  1  1  0  2 -1 0
 -1 -1 -1 -2  1 0
  1  0  0  0  0 0
6	% 
  0  0  0  0  0 1
 -1 -2 -1  1 -4 0
 -1 -2 -1 -1 -3 0
  1  1  0  0  2 0
 -1 -1 -1  0 -2 0
  1  0  0  0  0 0
1,1;1,1;1;1 1 11
9 
#2 
6	% 
 1 0 1 0  0 1
 0 0 0 0 -1 0
 0 0 0 1  1 0
 0 1 0 0  0 0
 1 0 0 0  0 0
 0 1 1 0  0 0
6	% 
  0  0  0 0  0  1
  0  0  0 0 -1  0
  0  0  0 1  1  0
 -1  0  0 0  0 -1
  1  1  0 0  0  1
 -1 -1 -1 0  0  0
1,1,1;1;1;1 1 16
54 
#4 
6	% 
 0 0  0 0  0  1
 0 0  0 1 -1  2
 0 0  0 0  1 -2
 0 0 -1 0  0  1
 0 1  0 0  0  1
 1 1  0 0  0  0
6	% 
 -1 0 -1 0 -2 -1
 -2 0 -2 1 -5 -1
  2 0  2 1  4  1
 -1 1 -1 0 -3 -1
 -1 0 -2 0 -3 -1
  1 1  0 0  0  0
6	% 
  0 0  0 0 -1  1
 -1 0  1 1 -4  1
  1 0 -1 1  3 -1
  0 0  1 0 -2  1
  0 1  1 0 -2  1
  1 1  1 0  0  0
6	% 
  0  0  0  0  0 -1
 -1 -2 -1 -1  1 -3
  1  2  1  0 -1  3
  0 -1  0  0  0 -2
  0 -1 -1  0  0 -2
  1  0  0  0  0  0
1,1,1;1;1;1 1 11
9 
#2 
6	% 
 1 0 1  0 1 0
 0 0 0 -1 1 0
 0 0 0  0 0 1
 1 1 0  0 0 0
 1 1 1 -1 1 0
 1 0 0 -1 1 0
6	% 
  0  0 0 1 0 0
  0  0 0 0 1 0
  0  0 0 0 0 1
  0 -1 0 0 0 0
  0  0 1 0 0 0
 -1 -1 0 0 0 0
2-1;1,1;1;1 1 11
9 
#1 
6	% 
  0 0 0  0  0 1
 -1 0 0  0  0 0
  1 1 0  0  0 0
  0 0 0 -1  0 0
  0 0 1  0  0 0
  0 0 0  1 -1 0
2-1;1,1;1;1 1 10
18 
#2 
6	% 
  0  0 0  0  0 1
  0  1 0  0 -2 0
  0  0 0 -1  0 0
 -1 -1 0  0  0 0
  1  1 1  0  2 0
  0  0 0 -1  1 0
6	% 
  0  0  0  0  0 1
 -2 -1 -2 -1  2 0
 -1  0 -1 -1  1 0
  0  1  1  0  0 0
  1 -1  1  1 -2 0
  1  0  1  0 -1 0
2-2;2-2;1;1 1 3
4 
#1 
6	% 
 0  0 0 0  0 1
 0  0 0 1  0 0
 0  0 0 1 -1 0
 0  0 1 0  0 0
 0 -1 0 0  0 0
 1  0 0 0  0 0
2-2;1,1,1;1 1 4
4 
#1 
6	% 
 0  0 0  0  1  0
 0  0 0  0  1  1
 0  0 0 -1 -1 -1
 0  0 1  0  0  0
 0 -1 0  0  0  0
 1  0 0  0  0  0
1,1;1,1;1;1 1 8
54 
#4 
6	% 
  1 1 1 0  0  0
  0 0 0 1 -1  1
  0 0 0 0  1 -1
 -1 0 0 0  0  0
  0 0 1 0  0  0
  0 0 0 1  0  1
6	% 
  1 1 1 0  0  0
  0 0 0 0  0 -1
  0 0 0 1  0  1
 -1 0 0 0  0  0
  0 0 1 0  0  0
  0 0 0 0 -1 -1
6	% 
 0  0  0  1 -1 1
 1 -1  2  0  0 0
 0  0 -1  0  0 0
 0  0  0 -1  0 0
 0  0  0  0 -1 0
 0 -1  0  0  0 0
6	% 
 0  0  0 0  0 1
 1 -1  2 0  0 0
 0  0 -1 0  0 0
 0  0  0 1  0 0
 0  0  0 0 -1 0
 0 -1  0 0  0 0
1,1;1,1;1;1 1 2
9 
#2 
6	% 
 1 1  1 0 0 0
 0 0  0 1 0 0
 0 0  0 0 1 0
 0 0  0 0 0 1
 0 0 -1 0 0 0
 1 0  0 0 0 0
6	% 
 1 -1  2 0  0 0
 0  0  0 0 -1 0
 0  0  0 1  1 0
 0  0  0 0  0 1
 0  0 -1 0  0 0
 0 -1  0 0  0 0
1,1,1;1,1;1 1 10
36 
#2 
6	% 
  2  2  0  1 0 0
  1  1  0  0 0 0
 -4 -4  0 -1 0 1
  0  1 -1  0 1 0
  1  0  0  0 0 0
  0 -1 -1  0 0 0
6	% 
  0  0  0  1 -2  2
 -1  0 -1  1 -2  2
  1  0  1 -3  6 -5
  1  1  0  1 -1  1
 -1 -1 -1  0 -1  1
  0 -1 -1  0  0  0
1,1,1;1,1;1 1 5
6 
#1 
6	% 
  1  1 0  2  2 0
  0  0 0  1  1 0
 -1 -1 0 -2 -3 0
  1  1 1  1  1 1
  1  0 1  0  0 1
  0  1 1  0  0 0
2-1;1;1;1;1 1 9
9 
#1 
6	% 
  0 0 0 0 0 1
  0 0 1 0 0 0
  0 0 0 0 1 0
  1 1 0 0 0 0
 -1 0 0 0 0 0
  0 0 0 1 0 0
2-2;1,1;1,1 1 4
24 
#2 
6	% 
  0  0  0  2 -1  1
  0  0  0 -1  0 -1
  0  0  0 -1  1 -1
  0  0 -1  0  0  0
  0 -1  0  0  0  0
 -1  0  0  0  0  0
6	% 
  0  0  0  0  1  1
  1  1  1  1 -2 -1
 -1 -1 -1 -1 -1 -1
  0  0 -1  0  0  0
  0 -1  0  0  0  0
 -1  0  0  0  0  0
1,1;1,1;1;1 1 16
54 
#4 
6	% 
  1  1 1 0  0 0
  0  0 0 0  0 1
  0  0 0 1  0 0
 -1 -1 0 0 -2 0
  0  0 0 1 -1 0
  0  1 1 0 -2 0
6	% 
 1  1  0 0  0 0
 0  0  0 0  0 1
 0  0  0 1  0 0
 0 -1  0 0 -1 0
 0  0  0 1 -1 0
 0  0 -1 0 -1 0
6	% 
  1  0  0  0  0 0
  0  0  0  0  0 1
  0  0  0  0 -1 0
 -1 -1  0 -1  2 0
  0  0  0 -1  1 0
  0 -1 -1 -1  2 0
6	% 
  1 1  0  0  0 0
  0 0  0  0  0 1
 -1 0 -1 -1  1 0
  1 0  2  1 -2 0
  1 0  1  0 -1 0
  2 0  1  1 -2 0
1,1,1;1;1;1 1 7
54 
#4 
6	% 
 -1 -1 -1  0 -2 0
  0  0  0  0  0 1
  0  1  0 -1  0 0
  0  0  1  0  1 0
  0 -1  0 -1  1 0
 -1  0  0  0 -1 0
6	% 
 1 1 0 0  4 0
 0 0 0 0  0 1
 0 0 0 1  0 0
 0 0 1 0 -2 0
 0 0 0 1 -1 0
 0 1 0 0  2 0
6	% 
  2  0  1 1 -2 0
  0  0  0 0  0 1
  0 -1 -1 0  0 0
 -1  0  0 0  1 0
 -1 -1  0 0  0 0
  1  0  0 1 -1 0
6	% 
  0 -1 -1 0  0 0
  0  0  0 0  0 1
 -1 -1  0 0  1 0
  0  1  0 0  0 0
  1  1  0 1 -1 0
 -1 -1 -1 0  0 0
2-2,2-2;1,1 2 2
24 
#1 
6	% 
  0  0  0  0 0  1
  3  0  1  0 1  0
  0 -3 -1 -1 1  0
  0  1  0  0 0 -1
 -1  0  0  0 0  1
 -1 -1 -1  0 0 -1
1,1;1,1;1;1 1 24
108 
#6 
6	% 
  0  0  0 0  0 -1
  1  0 -1 1  1  0
 -1  0  1 1 -2  0
 -1 -1  0 0 -1  0
  0  0  1 0 -1  1
  0  1  0 0  0 -1
6	% 
  1  0 -1 0  0 1
  1  0  1 1  1 0
 -1  0 -1 1 -2 0
  0  1  0 0 -1 0
 -1  0  0 0 -1 0
  0 -1 -1 0  0 0
6	% 
  1  0 -1  0  0 1
  1  2  1  1 -3 0
 -1 -2 -1 -2  3 0
  0 -1  0 -1  2 0
 -1 -1  0 -1  2 0
  0  0 -1  0  0 0
6	% 
  0  0  0  0  0 1
 -1 -2 -1 -1  1 0
  1  2  1  0 -1 0
  0  1  1  0  0 0
  1  1  1  0  0 0
  0  0 -1  0  0 0
6	% 
 -1  0  1 0  0 -1
 -1 -2 -1 1 -3  0
  1  2  1 1  2  0
  0  1  0 0  1  0
  1  1  0 0  1  1
  0  0  1 0  0 -1
6	% 
 1  2 1 0  0 1
 0  0 0 1 -1 0
 0  0 0 0  1 0
 0  0 1 0  0 0
 0 -1 0 0  0 0
 1  1 0 0  0 0
1,1;1,1;1,1 1 9
54 
#3 
6	% 
  1  0  1  0  0 1
 -1 -2 -1 -1  1 0
 -1 -2 -1 -1  0 0
 -1 -1  0  0 -1 0
 -1  0  0  0 -1 0
  1  1  1  0  0 0
6	% 
  0  0  0  0  0  1
 -1 -1 -1 -1  0  0
  0  1  0  1 -1  0
  0  1  0  0 -1  0
  0  1  1  0  0 -1
  1  0  0  0  1  1
6	% 
  0  0  0  0  0 1
 -1  0 -1  0  1 0
  1  0  1  1 -1 0
  2  0  1  2 -2 0
  2  1  2  1 -2 0
 -1 -1  0 -1  0 0
1,1;1,1;1;1 1 33
54 
#3 
6	% 
 0 0  0  0  0 1
 1 0  1  1 -1 0
 1 0  1  0 -1 0
 0 1  1 -1  0 0
 1 1  1  0  0 0
 0 0 -1  1  0 0
6	% 
  0 0  0  0  0 1
 -2 0  0 -1 -1 0
  0 0 -2  1 -2 0
  3 1 -2  2 -1 0
  0 1  0  0 -1 0
 -2 0  3 -2  2 0
6	% 
  0  0  0  0  0 1
  1  1  0  2 -1 0
  0  1  1  1  1 0
 -1  0  2 -1  2 0
  1  1  1  1  0 0
  1 -1 -2  0 -2 0
1,1;1,1;1;1 1 10
36 
#2 
6	% 
 -2 0 -2  0 0 -3
  1 1  1  0 0  1
  1 0  1  0 0  2
  0 0  0  1 0  0
  0 0  0 -1 1  0
  1 0  0  0 0  1
6	% 
 0 -2 -2 0  0 -3
 1  1  1 0  1  1
 0  1  1 0  0  2
 0  0  0 1  0  0
 0  0  0 1 -1  0
 0  1  0 0 -1  1
1,1;1,1;1;1 1 17
18 
#1 
6	% 
  0 0  0 0  0 1
  1 0  1 0  2 0
 -1 0  0 0 -1 0
 -1 0 -1 1 -2 0
  0 1  0 0 -1 0
  1 0  1 1  1 0
1,1;1,1;1,1 1 6
18 
#1 
6	% 
  1  0  1  0  0  3
  0  0 -1  0 -1 -1
 -1  0 -1  0  0 -2
 -1 -1  0 -1  1  0
 -1 -1  0  0  1  0
  0  1  0  1 -1 -1
2-2,2-2;1;1 2 3
24 
#1 
6	% 
  0  0  0  0 0 1
  0 -3 -1 -1 1 0
 -3 -3 -2 -1 0 0
 -2 -2 -1 -1 0 0
  0 -2 -1 -1 1 0
  2  0  1  0 1 0
2-2,2-2;1,1 1 2
24 
#1 
6	% 
  0  0 1 0  0 1
  2  1 1 1  0 0
  1 -1 0 1 -1 0
  1  1 1 0  0 0
  0  1 0 0  0 0
 -1  0 0 0  0 0
2-2,2-2;1;1 1 3
24 
#1 
6	% 
  0  0  0  0  0 1
 -2 -1 -1 -2  0 0
 -1 -2 -1  0 -2 0
 -1  0  0 -2  1 0
  0  1  0 -1  2 0
  1  1  1  1  1 0
2-2;1,1;1;1 1 11
24 
#2 
6	% 
 0 0 0 0  1  1
 0 0 0 1 -2 -1
 0 0 0 1  1  1
 0 0 1 0  0  0
 0 1 0 0  0  0
 1 0 0 0  0  0
6	% 
 0 0 0 1  1 1
 0 0 0 0 -1 0
 0 0 0 1  0 0
 0 0 1 0  0 0
 0 1 0 0  0 0
 1 0 0 0  0 0
2-2;1,1;1;1 1 8
12 
#1 
6	% 
  1  1  1  0  0  1
  0  0  0 -1  0  0
  0  0  0  1 -1  0
 -1 -1  0  0  0 -1
 -1  0 -1  0  0 -1
  0 -1 -1  0  0 -1
2-2;1,1;1;1 1 7
24 
#2 
6	% 
 0 0 0 0  0 1
 0 0 0 1  0 0
 0 0 0 1 -1 0
 0 0 1 0  0 0
 0 1 0 0  0 0
 1 0 0 0  0 0
6	% 
  0  0  0 0  0 1
  0  0  0 0  1 0
  0  0  0 1 -1 0
  0  0 -1 0  0 0
  0 -1  0 0  0 0
 -1  0  0 0  0 0
3;1,1;1 3 2
6 
#2 
6	% 
  0 0  0  0 2 1
 -1 0  0  0 0 0
  0 0 -1  0 0 0
  0 0  0 -1 0 0
  1 1  1  0 0 0
  0 0  0 -1 1 0
6	% 
  0  0 0  0 0 1
  0 -1 0  0 0 0
 -1  0 0  0 0 0
  0  0 0  0 1 0
  1  1 1  0 0 0
  0  0 0 -1 0 0
1,1;1;1;1;1 1 38
18 
#2 
6	% 
  0  0 0 0  1  1
  0  0 0 1 -2 -1
  0  0 0 1  1  1
 -1 -1 0 0  0  0
  1  1 1 0  0  0
  1  0 0 0  0  0
6	% 
 0  0  0 0  0 -1
 0  0  0 1  0  1
 0  0  0 0 -1 -1
 0 -1 -1 0  0  0
 1  1  1 0  0  0
 0  0  1 0  0  0
1,1;1;1;1;1 1 40
27 
#2 
6	% 
 0 0 0  0  0 1
 0 0 0 -1  0 0
 0 0 0  1 -1 0
 1 1 0  0  0 1
 1 0 0  0  0 1
 1 1 1  0  0 0
6	% 
 1 0 1  0  0 1
 0 0 0 -1  0 0
 0 0 0  1 -1 0
 1 0 0  0  0 0
 1 1 1  0  0 0
 1 1 0  0  0 0
1,1;1;1;1;1 1 35
54 
#4 
6	% 
  0  0  0 0  0 1
  1  0 -1 1  0 0
 -1  0  1 1 -1 0
  0 -1  0 0  0 0
  0 -1 -1 0  0 0
  1  0  0 0  0 0
6	% 
  0 0  0  0  0 1
  1 0  1 -1  2 0
 -1 0 -1 -1 -1 0
  1 1  0  0  0 0
  1 1  1  0  1 0
  1 0  0  0  1 0
6	% 
  0  0  0  0  0 1
 -2  0  2 -1  3 0
  2  0 -2  2 -3 0
  0 -1  0  0  0 0
 -2 -1  1 -1  2 0
 -1  0  2 -1  2 0
6	% 
 0 0 0 0  0 1
 0 0 0 0  1 0
 0 0 0 1 -1 0
 1 1 0 0  0 0
 1 1 1 0  0 0
 1 0 0 0  0 0
1,1;1;1;1;1 1 9
27 
#2 
6	% 
 1 1  1  0  0 0
 0 0  0  0  0 1
 0 0  0 -1  0 0
 0 0 -1  0  0 0
 0 0  0  1 -1 0
 1 0  0  0  0 0
6	% 
  1 1 0  0  0 0
  0 0 0  0  0 1
  0 0 0 -1  0 0
 -1 0 0  0  0 0
  0 0 0  1 -1 0
  1 1 1  0  0 0
1,1;1;1;1;1 1 10
6 
#2 
6	% 
  0  0  0  0 2 1
  0  0  0 -1 0 0
  0  0 -1  0 0 0
 -1  0 -1  0 0 0
  0  0  0 -1 1 0
 -1 -1 -1  0 0 0
6	% 
 0 0 0  0 0 1
 0 0 0  0 1 0
 1 0 0  0 0 0
 1 0 1  0 0 0
 0 0 0 -1 0 0
 1 1 1  0 0 0
1,1;1;1;1;1 1 16
9 
#1 
6	% 
 0  0  0  0  0  1
 0 -1 -1  0  0 -2
 0  0  0 -1  0  0
 0  1  0  0  0  1
 0  0  0  1 -1  0
 1  1  1  0  0  1
1,1;1;1;1;1 1 12
18 
#2 
6	% 
 0 0 0  0  0 1
 1 0 0  0 -1 0
 1 0 1  0  0 0
 0 0 0 -1  0 0
 1 1 1  0  1 0
 0 0 0 -1  1 0
6	% 
 0 0 0 0  0 1
 1 0 0 0  0 0
 1 0 1 0  0 0
 0 0 0 0  1 0
 1 1 1 0  0 0
 0 0 0 1 -1 0
2-2;1,1;1;1 1 6
4 
#1 
6	% 
 0  0 0  1  0 0
 0  0 0 -1 -1 0
 0  0 0  0  0 1
 0  0 1  0  0 0
 0 -1 0  0  0 0
 1  0 0  0  0 0
3;1,1;1 3 1
1 
#1 
6	% 
  0 -1 0 0  0 0
 -1  0 0 0  0 0
  1  1 1 0  0 0
  0  0 0 0 -1 0
  0  0 0 1  1 0
  0  0 0 0  0 1
2-2;1,1;1;1 1 2
9 
#2 
6	% 
 1 1  1 0 0 0
 0 0  0 0 0 1
 0 0 -1 0 0 0
 0 0  0 1 0 0
 0 0  0 0 1 0
 1 0  0 0 0 0
6	% 
 1 -1  2 0 0 0
 0  0  0 0 0 1
 0  0 -1 0 0 0
 0  0  0 0 1 0
 0  0  0 1 0 0
 0 -1  0 0 0 0
1,1;1;1;1;1 1 26
3 
#1 
6	% 
 0 0 0 1 0 0
 0 0 0 0 1 0
 0 0 0 0 0 1
 1 0 0 0 0 0
 1 1 1 0 0 0
 1 1 0 0 0 0
1,1;1;1;1;1 1 5
1 
#1 
6	% 
  0  0  0 0 -1 0
  0  0  0 1  1 0
  0  0  0 0  0 1
 -1  0  0 0  0 0
  1  0  1 0  0 0
 -1 -1 -1 0  0 0
2-2;1,1;1;1 1 15
9 
#2 
6	% 
 1 0 1  0 0 1
 0 0 0  0 1 0
 0 0 0 -1 1 0
 0 1 0  0 0 0
 1 0 0  0 0 0
 0 1 1  0 0 0
6	% 
  0  0  0  0 0  1
  0  0  0  0 1  0
  0  0  0 -1 1  0
 -1  0  0  0 0 -1
  1  1  0  0 0  1
 -1 -1 -1  0 0  0
2-2;1;1;1;1 1 7
12 
#1 
6	% 
 0 0 0 0 0 1
 0 0 0 0 1 0
 0 0 0 1 0 0
 0 0 1 0 0 0
 0 1 0 0 0 0
 1 0 0 0 0 0
1;1;1;1;1;1 1 24
9 
#1 
6	% 
  0  0  0 0 0 1
  0  0  0 0 1 0
  0  0  0 1 0 0
 -1  0  0 0 0 0
 -1 -1  0 0 0 0
 -1 -1 -1 0 0 0
1;1;1;1;1;1 1 8
3 
#1 
6	% 
 0 0 0 0 0 1
 0 0 0 0 1 0
 1 0 0 0 0 0
 1 0 1 0 0 0
 0 0 0 1 0 0
 1 1 1 0 0 0
2-2;1;1;1;1 1 3
1 
#1 
6	% 
  0 0  0 0 0 1
  0 0  0 0 1 0
 -1 0 -1 0 0 0
  1 0  0 0 0 0
  0 0  0 1 0 0
  1 1  1 0 0 0
2-2;1,1;1;1 1 4
3 
#1 
6	% 
  2  0  2 0  0 1
  0  0  0 1 -1 0
 -1  0 -1 0  0 0
  0  0  0 1  0 0
  0  0  1 0  0 0
  0 -1  0 0  0 0
2-2;1;1;1;1 1 12
3 
#1 
6	% 
  0  0 0  0 0 1
  0  0 0  0 1 0
  0  0 0 -1 1 0
  1  0 0  0 0 0
 -1 -1 0  0 0 0
  1  1 1  0 0 0
3;1;1;1 3 2
3 
#1 
6	% 
  0  0  0 0 0 1
  0  0 -1 0 0 0
  0 -1  0 0 0 0
  0  0  0 0 1 0
 -1  0  0 0 0 0
  0  0  0 1 0 0
