#41

2-1;2-1;1;1 1 21
1 
#1 
6	% 
 1 0 0 0 0 0
 0 1 0 0 0 0
 0 0 1 0 0 0
 0 0 0 1 0 0
 0 0 0 0 1 0
 0 0 0 0 0 1
1,1,1,1,1,1 1 1
1 
#1 
6	% 
 1 0 0 0 0 0
 0 1 0 0 0 0
 0 0 1 0 0 0
 0 0 0 1 0 0
 0 0 0 0 1 0
 0 0 0 0 0 1
1,1,1,1;1,1 1 3
16 
#4 
6	% 
  0 1  0  1 -1  1
  0 1  0  1 -1  2
  0 0 -1  0  0  0
  0 0  0 -1  0 -1
  0 0  0  0 -1  1
 -1 0  0  0  0  0
6	% 
  0  1  1 -1  1 -1
  1  1  2  0  0 -1
  1  0  0  0 -1  0
  0 -1 -1  0  0  0
  0  0  1  0  0 -1
 -1  0  0 -1  0  0
6	% 
  0  1 0  0  0  0
 -1 -1 1 -1 -1 -1
  0 -1 0  0 -1 -1
  1  1 0  1  1  1
  0 -1 1 -1 -1 -1
  0  1 0  1  0  1
6	% 
  1  0 1 -1 -1  1
 -1 -1 0  1  0  0
  0  0 0  1  0  0
  0  1 0  0  1 -1
  0 -1 1  0  0  1
  1  0 0  0  0  0
1,1,1,1,1;1 1 2
6 
#2 
6	% 
  1  0  0  0 0  0
  0  0  1  0 0  0
  0 -1  0 -1 1 -1
  1  0  1  0 0 -1
 -1  1 -1  1 0  1
  1 -1  1  0 1 -1
6	% 
  0  0 -1  0  0  0
 -1  0  0  0  0  0
 -1  0 -1  0  1  0
 -1  0 -1  1  0  0
  1 -1  1 -1 -1  0
 -1  0 -1  1  1 -1
2-1',2-1';1,1 1 1
2 
#1 
6	% 
  0 0  1 -1 -1  0
  1 0  1  1  0  0
  1 0  0  1  1  0
 -1 0 -1  0  1  0
  0 0  0  0  0 -1
  0 1  0  0  0  1
1,1,1;1,1,1 1 4
8 
#3 
6	% 
  1  1  1 1 0  1
  1  1  1 0 0  0
 -1 -1 -2 0 0 -1
  1  1  1 0 1  1
 -2 -1 -1 0 0 -1
  1  0  1 0 0  1
6	% 
  0  0 -2  0  0 -1
  1  0 -1  0 -1  0
 -1 -1  2  0  0  1
  2  1  0  0  0  0
 -2 -1  1  0  0  1
  1  0 -1 -1  0  0
6	% 
 0  1  1 1  1  1
 0  1  1 0  0  1
 0 -2 -1 0 -1 -1
 1  1  1 0  1  1
 0 -1 -1 0 -1 -2
 0  1  0 0  1  1
1,1,1;1,1,1 1 2
6 
#2 
6	% 
  0  0  0 1 -1  0
  0  0  0 0  1  0
 -1 -1  1 0  0 -1
  0 -1  0 0  0  0
  1  1  0 0  0  0
  0  1 -1 0  0  0
6	% 
  1 0 -1 0 0  0
  1 1  0 0 0 -1
  0 0  0 0 1  0
  0 0  0 1 0  0
 -1 0  0 0 0  1
  1 1  0 0 0  0
2-1;1,1,1;1 1 8
4 
#1 
6	% 
  0 0 0 0  0 1
  0 1 0 0  0 0
  0 0 1 0  0 0
  0 0 0 0 -1 0
  0 0 0 1  0 0
 -1 0 0 0  0 0
1,1,1,1;1,1 1 1
3 
#2 
6	% 
  0 -1 -1 0  0 -1
 -1  0 -1 0  0 -1
 -1 -1  0 0  0 -1
  1  1  1 0  0  1
  0  0  0 0 -1  0
  0  0  0 1  1  0
6	% 
  0 0 -1 -1 -1  0
 -1 0  0 -1 -1  0
 -1 0 -1  0 -1  0
  1 0  1  1  1  0
  0 0  0  0  0 -1
  0 1  0  0  0  1
2-1',2-1';1;1 1 3
2 
#1 
6	% 
 -1 0 -1 -1 0 0
  0 0 -1  1 1 0
  0 0  0  1 0 0
  0 0  1  0 0 0
  0 0  0  0 0 1
  0 1  0  0 0 0
2-1;1,1;1,1 1 11
4 
#1 
6	% 
  0  0  0  1  1 1
 -1 -1 -1  0  0 0
  0  0  1  0  0 0
  0  0  0 -1  0 0
  0  0  0  0 -1 0
 -1  0  0  0  0 0
1,1,1;1;1;1 1 10
12 
#3 
6	% 
 0 -1  0 -1  1 -1
 0  0  0  0  0  1
 0  1  0  0 -1  0
 0  0 -1  0  0  0
 1  0  0  0  0  0
 0 -1  0 -1  0  0
6	% 
  0 0 -1  0  0  0
 -1 0 -1 -1  1  0
  1 0  1  0 -1  0
  0 0  0  0  0 -1
  0 1  0  0  0  0
 -1 0 -1 -1  0  0
6	% 
 -1 -1 -1 0  0  1
  0  0  1 0  0  0
  1  0  0 0  0 -1
  0  0  0 0 -1  0
  0  0  0 1  0  0
 -1 -1  0 0  0  0
1,1;1,1;1;1 1 9
12 
#3 
6	% 
  0 1  0  0  0 0
  0 0  0  0  0 1
  0 0  1  0  0 0
  1 0 -1  0 -1 0
  1 0  0  0  0 0
 -1 0  1 -1  0 0
6	% 
  0 1 0  0  0 0
  0 0 0  0  0 1
  0 0 1  0  0 0
  0 0 0  0 -1 0
 -1 0 0  0  0 0
  0 0 0 -1  0 0
6	% 
  0  0  0 0 1  0
  0  0  0 1 0  0
  0  0  1 0 0  0
  1  0 -1 0 0 -1
  1  0  0 0 0  0
 -1 -1  1 0 0  0
1,1,1;1,1;1 1 9
24 
#4 
6	% 
  0 -2 0 -1  1 0
  0 -1 0  0  0 1
  0  3 0  1 -1 0
  0 -1 0  0  1 0
  0  0 1  0  0 0
 -1  0 1  0  0 0
6	% 
 -2 -1 0  0  0  1
 -1  0 1  0  0  0
  3  1 0  0  0 -1
 -1  0 0  0  0  1
  0  0 0  0 -1  0
  0  0 0 -1 -1  0
6	% 
 -1  0  1 0 0 0
  0  1  0 0 0 1
  1 -1 -1 0 0 0
  0  0  1 0 0 0
 -1  0 -1 0 1 0
  0  0  0 1 1 0
6	% 
 -2  0 -2 -1  1  0
 -2  0 -1 -1  1  0
  3  0  2  1 -1  0
 -1  0 -1 -1  0  0
  0  0  0  1  1 -1
  0 -1  0  0  0 -1
1,1;1,1;1,1 1 5
8 
#4 
6	% 
 0  1 0 0 0 1
 0 -1 0 0 0 0
 0  0 1 0 0 0
 0  0 0 1 0 0
 1  0 0 0 0 0
 0  0 0 0 1 0
6	% 
 0  0 -1  0 0  0
 1  0  1  0 0  0
 0  1  0  0 1  0
 0 -1  0  0 0  0
 0  0  0 -1 0 -1
 0  0  0  0 0  1
6	% 
  0 0  0 0  0 -1
  0 1  0 0  0  1
  1 0  0 1  0  0
 -1 0  0 0  0  0
  0 0 -1 0 -1  0
  0 0  0 0  1  0
6	% 
  0 0  0  0 0 -1
  0 1  0  0 0  1
  0 0  0  0 1  0
 -1 0  0  0 0  0
  0 0  0 -1 0  0
  0 0 -1  0 0  0
1,1;1,1;1;1 1 25
24 
#4 
6	% 
  0 -1  0  0  0  0
  0  1 -1  0  0 -1
  0  1  0  0 -1  1
  0  0  0  0  0 -1
  0 -1  0 -1  0 -1
 -1 -1  0  0  0  1
6	% 
  0 -1  0 -1  0 -1
  0  0 -1  1 -1  0
  0  0  0  0  0  1
  0 -1  0  0 -1 -1
  0 -1  0  0  0  0
 -1  0  0 -1  1  0
6	% 
  0 -1  0  0 0  0
  0  1 -1  0 0 -1
  0  1  0  0 1  1
  0  0  0  0 0 -1
  0 -1  0 -1 0 -1
 -1 -1  0  0 0  1
6	% 
  0  0  1  0  0  0
  1  0 -1  0  0 -1
  0  0  0  0 -1  0
  1  0  0  0  0  0
  0  0  0 -1  0  0
 -1 -1  1  0  0  0
1,1,1;1;1;1 1 15
8 
#2 
6	% 
 0 0 1 0 0 0
 0 0 0 0 0 1
 0 0 0 0 1 0
 1 0 0 0 0 0
 0 0 0 1 0 0
 0 1 0 0 0 0
6	% 
 0 0  0  1 -1 1
 0 0 -1 -1  1 0
 0 0  0 -1  0 0
 0 1  0 -1  1 0
 0 0  0  0 -1 0
 1 0  0  1 -1 0
1,1;1,1;1,1 1 10
8 
#2 
6	% 
  0 -1 1  0 0  1
  0  0 0  0 1  0
  0  0 0  0 0 -1
 -1 -1 0  0 0  1
  0 -1 0  0 0  0
  0  0 0 -1 0  0
6	% 
 0 1 -1  0  0 -1
 0 0  0 -1  0  0
 0 0  0  1  1  1
 1 1  0  0  0 -1
 0 1  0  1  1  0
 0 0  0  0 -1  0
1,1,1;1,1;1 1 12
32 
#5 
6	% 
  0 -1  0  0  0  1
 -1  0  1  1 -1  0
  2  2 -2 -1  1 -2
  0  0  1  1  0  0
  1  1 -1 -1  0 -1
  0  0  0  0  0  1
6	% 
  2  0 -2  1 -1  0
  2  1 -2  2 -2  1
 -5 -1  5 -4  4 -1
  1  0 -1  1 -1  1
 -2  0  3 -2  2 -1
  1  0 -1  1  0  0
6	% 
  2  0  2  1 -1  0
  1 -1  1  0  0  1
 -4  1 -4 -2  2 -1
  1 -1  0  0  0  0
 -2  1 -2 -1  1  0
  1  0  1  1  0  0
6	% 
 0 -1  0  0  0  1
 0 -2  0 -1 -1  2
 1  4 -1  1  1 -4
 0 -1  0 -1  0  1
 1  2  0  1  0 -2
 0  0  0  0  0  1
6	% 
 -2 -1  0  0  2 1
  0  0 -1  1  0 0
  1  0  1 -1 -1 0
  0  0 -1  0  0 0
  1  0  1  0  0 0
 -1  0  0  0  1 1
1,1,1;1;1;1 1 19
4 
#1 
6	% 
  0 0 0 0 0 1
  0 1 0 0 0 0
  0 0 0 0 1 0
 -1 0 0 0 0 0
  0 0 0 1 0 0
  0 0 1 0 0 0
1,1;1,1;1;1 1 39
12 
#2 
6	% 
  0 -1  0 -1  1  0
 -1  0  1  0  0  1
  0  0 -1  0  0 -1
  0  1  0  0 -1  0
 -1  0  0  0  0  1
  0  1  0  1  0  0
6	% 
  0 -1 -1  0  1  0
 -1  0  0  1  0 -1
  0  0  0 -1  0  1
  0  1  0  0 -1  0
 -1  0  0  0  0 -1
  0  1  1  0  0  0
1,1,1,1;1;1 1 5
12 
#3 
6	% 
  0 -1 0  0  0 1
 -1 -1 1 -1  1 0
  0 -1 0 -1  0 0
  1  2 0  1 -1 0
  0 -2 1 -1  1 0
  0  1 0  0 -1 0
6	% 
  0 -1  0  0  0 1
 -1 -1 -1 -1  1 0
  0 -1  0 -1  0 0
  1  2  0  1 -1 0
  0 -2 -1 -1  1 0
  0  1  0  0 -1 0
6	% 
 1 0 0  0  0 0
 0 0 1  0  0 0
 0 0 0  0 -1 0
 0 1 0  0  0 0
 0 0 0  0  0 1
 0 0 0 -1  0 0
1,1,1;1,1;1 1 2
12 
#3 
6	% 
 0 -2 0 -1  1 0
 0 -1 0  0  0 1
 0  3 0  1 -1 0
 1  0 0  0  0 0
 0  0 1  0  0 0
 0 -1 0  0  1 0
6	% 
  2 0  2  1 -1 0
  1 0  1  0  0 0
 -2 0 -3 -1  1 0
  0 1  0  0  0 0
  0 0  0  0  0 1
  1 0  1  1  0 0
6	% 
 0 -1 0 0  0  1
 0  0 0 1  1  0
 0  1 0 0 -1 -1
 1  0 0 0  0  0
 0  0 1 0  0  0
 0  0 0 0  0  1
1,1,1,1;1;1 1 3
3 
#2 
6	% 
  0 -1 -1 0 0 -1
 -1  0 -1 0 0 -1
 -1 -1  0 0 0 -1
  1  1  1 0 0  1
  0  0  0 0 1  0
  0  0  0 1 0  0
6	% 
  0 0 -1 -1 -1 0
 -1 0  0 -1 -1 0
 -1 0 -1  0 -1 0
  1 0  1  1  1 0
  0 0  0  0  0 1
  0 1  0  0  0 0
2-1,2-1;1;1 1 3
2 
#1 
6	% 
 0 0 0 -1  0 0
 0 0 1  0  0 0
 0 0 0  0 -1 0
 1 0 0  0  0 0
 0 0 0  0  0 1
 0 1 0  0  0 0
2-1,2-1;1,1 1 1
2 
#1 
6	% 
  0 0  0 -1 -1  0
 -1 0 -1  0  0  0
  0 0  0  1  0  0
  0 0  1  0  0  0
  0 0  0  0  0 -1
  0 1  0  0  0  1
2-1;2-1;1,1 1 6
1 
#1 
6	% 
 0 0 0 0 0 -1
 0 1 0 0 0  1
 0 0 0 0 1  0
 0 0 0 1 0  0
 0 0 1 0 0  0
 1 0 0 0 0  0
2-1,2-1;1;1 3 3
2 
#1 
6	% 
 0 0 0 1 0 0
 0 0 1 0 0 0
 0 0 0 0 1 0
 1 0 0 0 0 0
 0 0 0 0 0 1
 0 1 0 0 0 0
2-1,2-1;1,1 3 1
2 
#1 
6	% 
 -1 0  0 -1 -1  0
 -1 0 -1  0  1  0
  0 0 -1  1  1  0
  1 0  1  1  0  0
  0 0  0  0  0 -1
  0 1  0  0  0  1
1,1;1,1;1;1 1 34
8 
#4 
6	% 
 0  1 0 0 1  1
 0 -1 0 0 0  0
 0  0 1 0 0  0
 0  0 0 0 0 -1
 0  1 0 1 0  1
 1  0 0 0 0  0
6	% 
 0 0 1  1  1 0
 0 0 0 -1  0 0
 0 0 0  0  0 1
 0 0 0  0 -1 0
 1 0 0  1  1 0
 0 1 0  0  0 0
6	% 
  0 0  0 -1  0 0
 -1 0  0  0  0 0
  0 0  0  0  0 1
  0 0  0  0 -1 0
  0 0 -1  0  0 0
  0 1  0  0  0 0
6	% 
  1 0  0  0 -1 0
 -1 0  0  0  0 0
  0 0  0  0  0 1
  0 0  1  0  0 0
  0 0 -1 -1  0 0
  0 1  0  0  0 0
1,1;1,1;1;1 1 4
3 
#2 
6	% 
 0 1 0 0 0 0
 0 0 0 0 0 1
 0 0 0 1 0 0
 0 0 0 0 1 0
 0 0 1 0 0 0
 1 0 0 0 0 0
6	% 
 0 0 -1 0 0 0
 1 0  1 0 0 0
 0 0  0 1 0 0
 0 0  0 0 1 0
 0 0  0 0 0 1
 0 1  0 0 0 0
2-1;1,1;1;1 1 26
2 
#1 
6	% 
 0 1  0  0 0 0
 0 0  0  0 0 1
 0 0 -1  0 0 0
 0 0  0  0 1 0
 0 0  0 -1 0 0
 1 0  0  0 0 0
2-1;1,1;1;1 1 32
8 
#1 
6	% 
 0 -1 0  0 0  0
 0  0 0  0 0 -1
 0 -1 0  0 1  1
 1  1 0  0 0 -1
 0  1 1  0 0 -1
 0  1 0 -1 0 -1
1,1;1,1;1,1 1 1
1 
#1 
6	% 
 0 0 -1  0 0  0
 1 0  1  0 0  0
 0 0  0  1 1  0
 0 0  0 -1 0  0
 0 0  0  0 0 -1
 0 1  0  0 0  1
2-1;1;1;1;1 1 35
2 
#1 
6	% 
 0 0  0  0  0 1
 0 1  0  0  0 0
 0 0 -1  0  0 0
 0 0  0  0 -1 0
 0 0  0 -1  0 0
 1 0  0  0  0 0
1,1;1;1;1;1 1 25
3 
#2 
6	% 
 0 1  0 0 0 0
 0 0  0 0 0 1
 0 0  0 0 1 0
 0 0 -1 0 0 0
 1 0  0 0 0 0
 0 0  0 1 0 0
6	% 
 0 0 -1 0 0  0
 1 0  1 0 0  0
 0 0  0 0 1  0
 0 0  0 0 0 -1
 0 1  0 0 0  0
 0 0  0 1 0  0
1,1;1;1;1;1 1 28
12 
#3 
6	% 
 0 0 0  0 -1 0
 0 0 0 -1  1 1
 0 0 1  0  0 0
 0 0 0 -1  0 0
 1 0 0  0  0 0
 0 1 0  1 -1 0
6	% 
  1 0  0 0 0 0
 -1 0  1 0 1 0
  0 0  0 0 0 1
  0 0  1 0 0 0
  0 1  0 0 0 0
  1 0 -1 1 0 0
6	% 
 -1 0 0 0 0 0
  0 0 0 0 1 0
  0 0 0 0 0 1
  0 0 1 0 0 0
  0 1 0 0 0 0
  0 0 0 1 0 0
1;1;1;1;1;1 1 18
1 
#1 
6	% 
 0 0 1 0 0 0
 0 0 0 0 1 0
 0 0 0 0 0 1
 1 0 0 0 0 0
 0 1 0 0 0 0
 0 0 0 1 0 0
1;1;1;1;1;1 1 41
1 
#1 
6	% 
  0 0 0  0  0 1
  0 1 0  0  0 0
  0 0 0  0 -1 0
  0 0 0 -1  0 0
  0 0 1  0  0 0
 -1 0 0  0  0 0
1,1;1;1;1;1 1 48
1 
#1 
6	% 
  0 1  0 0  0 0
  0 0  0 0  0 1
  0 0 -1 0  0 0
  0 0  0 1  0 0
  0 0  0 0 -1 0
 -1 0  0 0  0 0
1,1;1;1;1;1 1 54
8 
#1 
6	% 
 0 0 0 0  0 1
 0 1 0 0  0 0
 0 0 0 0 -1 0
 0 0 1 0  0 0
 0 0 0 1  0 0
 1 0 0 0  0 0
