#8

1,1;1,1;1;1 1 15
1 
#1 
6	% 
 1 0 0 0 0 0
 0 1 0 0 0 0
 0 0 1 0 0 0
 0 0 0 1 0 0
 0 0 0 0 1 0
 0 0 0 0 0 1
1,1,1,1,1,1 1 1
1 
#1 
6	% 
 1 0 0 0 0 0
 0 1 0 0 0 0
 0 0 1 0 0 0
 0 0 0 1 0 0
 0 0 0 0 1 0
 0 0 0 0 0 1
1,1,1,1;1,1 1 2
3 
#2 
6	% 
 0 1  0 0  0  0
 0 0  0 0  0  1
 0 0 -1 1 -1 -1
 1 0  0 0  0  0
 0 0  1 0  0  0
 0 0  0 1  0  0
6	% 
 -1 -1 1 -1 1 1
  0 -1 0  0 0 0
 -1 -1 0 -2 1 1
  0  0 0  0 1 2
  1  1 0  1 0 0
 -1 -1 0 -1 1 1
1,1,1,1,1;1 1 2
2 
#1 
6	% 
  1  0  0  0  0  0
  0  0  1  0  0  0
  1  0  1 -1  0  0
  0 -1  0 -1 -1 -1
 -1  1 -1  1  0  1
  1 -1  1 -1 -1  0
1,1,1;1,1,1 1 3
2 
#1 
6	% 
 -1  0 -1 -1 -1  1
  0  1  0  0  1  1
 -1 -1  0  0 -1  0
  1  0  0  1  1  0
  1 -1  0  0  0 -1
 -1  0 -1  0  0  1
1,1;1,1;1,1 1 3
1 
#1 
6	% 
  0 0  0  0  5  8
  0 1  0  0  0  0
 -1 0 -1 -1  0  0
  0 0  0  0 -3 -5
 -1 0  0 -1  2  3
  1 0  1  0  2  3
1,1,1;1,1;1 1 7
4 
#1 
6	% 
 0  0  0  0 -1  1
 0  2  1 -1  0  2
 0 -3 -2  2  0 -4
 1  1  1  0  0  1
 1  0  0  0  0  0
 0  0  0  0 -1  0
1,1,1,1;1;1 1 6
1 
#1 
6	% 
  1  1 -1  1 -1 -1
  1  0  0  0  0  0
  0  1  0  0  0  0
 -1 -1  0 -1  1  1
  1  1  0  1 -1  0
  0  0  0  0  1  0
