#17

1;1;1;1;1;1 1 31
1 
#1 
6	% 
 1 0 0 0 0 0
 0 1 0 0 0 0
 0 0 1 0 0 0
 0 0 0 1 0 0
 0 0 0 0 1 0
 0 0 0 0 0 1
1,1,1,1,1,1 1 1
1 
#1 
6	% 
 1 0 0 0 0 0
 0 1 0 0 0 0
 0 0 1 0 0 0
 0 0 0 1 0 0
 0 0 0 0 1 0
 0 0 0 0 0 1
1,1,1,1;1,1 1 3
6 
#1 
6	% 
  1  0  0 0  0 -1
  0 -1 -1 1  1  1
 -1  0  0 0  1 -1
  0  1  0 0 -1  1
  0  0 -1 1  0  1
  1  0  1 0  0  0
1,1,1,1,1;1 1 1
1 
#1 
6	% 
 0  0  0  0 -1  0
 0 -1 -1  0 -1 -1
 0 -1  0 -1 -1 -1
 0  0 -1 -1  0 -1
 0  1  1  1  1  1
 1  0  0  0  0  0
1,1,1,1,1;1 1 2
1 
#1 
6	% 
  0  0  0 -1 -1  0
 -1  0  0 -1 -1  0
 -1 -1  0 -1 -2  0
  0  0  1 -1  0 -1
  1  0 -1  2  2  0
 -1  0  1 -2 -2 -1
1,1,1;1,1,1 1 3
6 
#1 
6	% 
 -1  0 -1  0 -1  1
  0  1  1 -1 -1 -1
  0  0 -1  1  0  2
  1  0  1  0  0  0
  0 -1  0  0  1  0
 -1  0  0  0 -1  1
1,1,1,1;1,1 1 2
1 
#1 
6	% 
 0  0  0  1 -1 1
 0 -1  0  0 -1 0
 0 -1 -1  1 -1 1
 1  0  0  0  0 0
 0  1  0 -1  1 0
 0 -1  0  1 -1 1
1,1,1;1,1;1 1 8
6 
#1 
6	% 
 0 -1 -2  1  2 -1
 0 -2 -3  2  3 -1
 0  4  7 -4 -7  4
 0  0 -1  1  1  0
 0 -1 -2  1  1  0
 1  0  0  0  0  0
1,1;1,1;1,1 1 6
3 
#1 
6	% 
 1  0 0  0  0  2
 0  0 0  1  0  0
 0  0 0  0  0 -1
 0  0 0 -1 -1  0
 0  1 1  0  0  0
 0 -1 0  0  0 -1
1,1;1,1;1;1 1 36
12 
#1 
6	% 
  0 -1 -1  1 1 -3
  1  0  0  0 0  0
  1  0  0 -1 0  0
 -1  0  1  0 0  0
  1  0  0  0 1 -1
  1  1  0  0 0  1
1,1,1;1;1;1 1 19
4 
#1 
6	% 
 1  0 0 0 0  0
 0  0 0 0 0 -1
 0  0 0 0 1 -2
 0  0 0 1 0  2
 0  0 1 0 0  1
 0 -1 0 0 0  1
1,1,1;1,1;1 1 10
6 
#1 
6	% 
 -2 -1 -1  1  1  0
 -6 -2 -1  2  1  0
 11  4  3 -4 -3  0
 -1  0 -1  1  0  1
 -3 -1  0  1  1 -1
  0  0  0  0  0 -1
1,1,1,1;1;1 1 2
1 
#1 
6	% 
 0  0 0  1 -1  1
 0 -1 0  1  0  0
 0  0 1  0 -1  0
 1  0 0  0  0  0
 0  1 0 -1  1 -1
 0 -1 0  1 -1  0
1,1;1,1;1;1 1 17
3 
#1 
6	% 
 1  0  0  0 0  0
 0  1  0  1 0  1
 0  0  0 -1 0 -1
 0 -1  0  0 1 -1
 0  0  0 -1 0  0
 0  0 -1  1 0  1
1,1;1;1;1;1 1 46
4 
#1 
6	% 
 0  0  0 0  0 -1
 1  0  0 0  0  0
 0  0  0 0 -1  1
 0 -1  0 0  0 -1
 0  0  0 1  0  0
 0  0 -1 0  0  0
1,1;1;1;1;1 1 49
1 
#1 
6	% 
 1  0  0 0  0  2
 0 -1  0 0  0  0
 0  0  0 0 -1  1
 0  0  0 1  0  1
 0  0 -1 0  0  0
 0  0  0 0  0 -1
1,1;1;1;1;1 1 47
4 
#1 
6	% 
 1  0  0 0  0 0
 0  0 -1 0  0 0
 0  0  0 0 -1 0
 0 -1  0 0  0 0
 0  0  0 1  0 0
 0  0  0 0  0 1
