#104

4-1;1;1 1 5
1 
#1 
6	% 
 1 0 0 0 0 0
 0 1 0 0 0 0
 0 0 1 0 0 0
 0 0 0 1 0 0
 0 0 0 0 1 0
 0 0 0 0 0 1
1,1,1,1,1,1 1 1
1 
#1 
6	% 
 1 0 0 0 0 0
 0 1 0 0 0 0
 0 0 1 0 0 0
 0 0 0 1 0 0
 0 0 0 0 1 0
 0 0 0 0 0 1
1,1,1,1,1;1 1 2
18 
#3 
6	% 
  0 0 0  0  0 -1
  1 1 0  0  0  0
  0 0 0  0  1 -1
  1 0 1 -1  1  1
 -1 0 0  1 -1  0
  0 0 0 -1  1  0
6	% 
  1  0  0  0  0  0
  0  0  1  0  0  0
  1  0  1 -1  0  0
  0 -1  0 -1 -1 -1
 -1  1 -1  1  0  1
  1 -1  1 -1 -1  0
6	% 
  0  0 -1  0  0  1
  0  0  0  0  0  1
  0  0 -1  0  1  1
  1 -1  0 -2 -1  0
 -1  0  0  0  0 -1
  0  0 -1 -1  1  2
2-1;1,1,1;1 1 8
24 
#1 
6	% 
  0  0  0  0  1  0
 -1  0  0  1 -1 -1
  0  0 -1 -1  1  1
  0 -1  1 -1  0  0
 -1 -1  0  0  0  0
 -1  0  0  0  0  0
1,1,1,1;1,1 1 3
68 
#4 
6	% 
 1  1 0  0 0  0
 0 -1 1 -1 0  0
 0 -1 0  0 1  0
 1  1 0  1 0  0
 0 -1 0 -1 0  0
 2  1 0  0 0 -1
6	% 
  1 -1  1 -2 -1 -1
  0  0 -1  0  0  0
 -1  0 -1  0  2  1
  0  1  1  1 -1  0
  0 -1 -1 -1  0  1
  0  0  0 -1  0 -1
6	% 
 -1 -1  2  0 0 -1
  0 -1  1 -1 0  0
  0  0 -1  0 0  0
  0  1 -1  0 0  1
  0  0  0 -1 1  0
 -1 -1  1  0 0  0
6	% 
  1  1  0 1  1  0
  0  0  0 0  0 -1
 -1 -1 -1 0  0  0
  0  1  1 0  0  0
  0  1  1 0 -1 -1
  1  0 -1 0  1  1
1,1,1,1;1,1 1 2
7 
#2 
6	% 
  0 -1 1 -1 -1 -1
  0  0 0  0 -1  0
  0 -1 0 -2 -1 -1
  1  0 0  0  0  0
 -1  0 0  1  1  1
 -1 -1 0 -1 -1 -1
6	% 
  1  1  1 1 -1 -1
  0  1  0 0  0  0
  1  1  2 0 -1 -1
  0  0  0 0  2  3
 -1 -1 -1 0  0  0
  1  1  1 0 -1 -1
2-1;1,1,1,1 1 2
6 
#1 
6	% 
  1  1  0  0  0  1
  1  1  0  0  0  0
  1  0  1 -1  2  2
  1  1  0 -1  2  2
  0  0  1  1 -1 -1
 -2 -1 -1  0 -1 -1
2-1;1,1;1,1 1 9
24 
#1 
6	% 
 -1 0  0  1 -1 -1
  0 0  1  0  0 -1
  0 0 -1 -1  1  1
  1 1  0  0  0  0
  0 1 -1  1  0  0
 -1 0  0  0  0  0
1,1,1;1,1,1 1 2
4 
#1 
6	% 
  1  1  0  0  0 0
  1  0  1 -1  0 0
  1  0  0  0 -1 0
  0  0  0  0  1 0
 -2 -1 -1  0  1 1
  1  1  1  0  0 0
1,1,1;1,1,1 1 3
30 
#3 
6	% 
 -1  1 0  0  0  0
  0 -1 1 -1  0  0
 -1  0 0  1  0  1
  1 -1 0 -1 -1 -1
  1  1 0  1  1  0
 -1  0 0 -1 -1 -1
6	% 
  1  0  1  1  0  1
  1 -1  2 -2  0  0
 -1  0 -2  1  1  1
  0  0  1 -1  0 -1
 -1  0 -2  1  0  0
  1  0  2  0 -1  0
6	% 
 -1  0  0 1  1  1
  0  0 -1 0 -1  2
  0  1  1 0  0 -2
  1  0  0 0  0  0
  0  1  1 0  1 -1
 -1 -1  0 0  0  0
2-1;1,1,1;1 1 6
24 
#2 
6	% 
  0  1 -1  1 -2 -2
 -1 -1  1  0  0  0
  0 -1  1 -1  1  2
  0  0 -1 -1  1  1
  0  1  0  1 -1 -1
  0  1 -1  1 -2 -1
6	% 
  0  0 0  0  0  1
 -1  0 0  1  1  0
  0  0 1  1  1 -1
  1  0 0  0  0  0
 -1 -1 0 -1 -1  0
  0 -1 1 -1 -2  0
2-1;1,1,1;1 1 5
12 
#1 
6	% 
  0 0 0 0  0  1
  0 0 0 0  1  1
 -1 0 0 1 -1 -1
  1 0 0 0  0  0
 -1 0 1 1 -1 -1
  0 1 0 1 -1 -1
1,1,1;1,1,1 1 4
24 
#1 
6	% 
  0  0  0  0  0  1
 -1 -1  1  0 -1  1
  0  0  0 -1  2  0
  0  0  0  0 -1  0
  0  1 -1  0  1 -1
  0  0 -1  0 -1  1
2-1;1,1;1,1 1 4
6 
#1 
6	% 
  0  0  0  0  1  0
  1  1  0  0  0  0
  0  1 -1  0  0  0
  0  0  1  1 -1 -1
 -1  0 -1 -1  1  1
 -1 -1  0 -1  0  0
2-1;1,1;1,1 1 8
12 
#1 
6	% 
 -1  0  0  0 0  0
  1  0 -1 -1 1  1
  0  0  0  0 0 -1
  0 -1  0 -1 1  1
  0  0  0  0 1  0
  1  0  0 -1 1  1
2-1;1,1;1,1 1 10
12 
#1 
6	% 
 1  1  0  1  0 0
 0  1  1  3 -1 1
 0  2 -1  3  2 0
 0  0  0 -1  0 0
 0  0 -1 -1  1 0
 0 -1  1 -1 -1 0
2-1',2-1';1,1 1 2
6 
#1 
6	% 
  0  1 -3 -1 2 2
 -1 -2  0  0 0 0
  0  0  0  0 2 1
  0  0 -1  0 1 1
  0  1  0  0 0 0
  0  0 -1  0 0 0
2-1',2-1';1;1 1 6
6 
#1 
6	% 
 0  0 1 1 -1 -1
 1  1 0 0  0  0
 0  0 1 0  0 -1
 0 -1 1 0 -1  0
 0  0 0 0  0  1
 0  0 0 0 -1  0
2-2;1,1,1,1 1 2
16 
#1 
6	% 
  0 0  0 1 0 0
  0 0  0 0 1 0
  0 0  0 0 0 1
 -1 0  0 0 0 0
  0 1 -1 1 0 0
  1 1  0 0 0 0
1,1,1,1;1;1 1 4
6 
#1 
6	% 
  0  0  1  1  1  0
  1  1  0  0  0 -1
 -2 -2 -2 -2 -1  0
  1  1  1  1  0  0
 -1 -1  0 -1  0  0
  0 -1  0 -1  0  0
1,1,1;1,1;1 1 5
16 
#2 
6	% 
 -3 -2 -2 0  1  1
 -2 -1 -1 1  0  0
  4  3  2 0 -1 -1
 -2 -1 -1 0  1  1
  0  0  0 0 -1  0
 -1  0  0 0  0  0
6	% 
  0 0  1  1  0 0
  0 0  1  1  0 1
  0 0 -2 -2 -1 0
  1 1  1  0  0 0
  1 1  0  0  0 0
 -1 0  0  0  0 0
1,1,1;1,1;1 1 12
144 
#3 
6	% 
 -1  0  0  2  0  0
 -1  0 -1  1 -1 -1
  1  0  1 -1  2  2
  0  1 -1  1  0 -1
  0 -1  1 -1  1  1
  0  0  0  1  0  0
6	% 
 0  0  0  0 -1 -1
 0  0 -1 -1 -2 -2
 1 -1  2  0  4  4
 0  0 -1  0 -1 -1
 1  0  2 -1  2  2
 0  0  0  0  0 -1
6	% 
  1  0 -1 -1 -1 -1
  0  0  0  0 -1 -1
 -2 -1  1  1  2  2
  0  0  0  0  0 -1
 -1  0  0  1  1  1
  1  0  0  0 -1 -1
1,1,1,1;1;1 1 5
68 
#4 
6	% 
  1  0  1 -1 1  1
  3  0  2 -4 0  1
  1  0  1 -2 0  1
 -3 -1 -1  3 0 -1
  2 -1  2 -4 0  1
 -2  0 -1  2 0 -1
6	% 
  2  1  0 -2  1  1
  0 -1 -1 -3  2  2
  1  0  0 -2  1  0
 -2  0  0  3 -2 -1
  1  0  0 -3  2  1
 -1  0  0  2 -2 -1
6	% 
  0  0  1 0  0  0
 -1 -1  1 0 -1 -1
  0 -1  0 0 -1  0
  0  2 -1 1  0  0
  0 -1  1 1 -1 -1
  0  1  0 0  0  1
6	% 
  0  1  0  1  0 0
  0  1  0  1  0 1
 -1  1  0  1 -1 0
  1 -2  0 -3  1 0
  0  2  1  2 -1 0
  0 -1 -1 -2  2 1
1,1,1;1,1;1 1 10
48 
#2 
6	% 
 -1 -2  1 -1  0 -2
 -1 -2  1 -1 -1 -1
  3  6 -3  3  1  4
  0 -1  1 -1  0 -1
 -1 -1  1  0 -1 -1
 -1  0  0  0  0  0
6	% 
  2  2  0  0 -1  1
 -1  0 -1  1 -3  3
 -2 -3  1 -1  5 -5
  1  1  0  0 -1  0
  0  0  0  1 -1  2
  1  0  0  0  0  0
2-2;1,1,1;1 1 5
48 
#2 
6	% 
  0  0  0  0 -1  1
 -1  0  0  3 -2 -2
  2  0  0 -3  2  2
  2  1 -1 -3  3  2
  2  0  1 -3  2  1
  1 -1  0 -4  3  2
6	% 
  1  1 -1 0  0 0
  0  0  0 0  0 1
  0  0  0 0 -1 0
  0  0  1 0  0 0
 -1  0  0 1  0 0
  0 -1  1 0  0 0
1,1,1,1;1;1 1 6
7 
#2 
6	% 
  0  0  1 -1  0  0
  1  0  0  0  0  0
  0  1  0  0  0  0
 -1 -1 -1  0  0  0
  1  1  1  0 -1  0
  0  0  0  0  0 -1
6	% 
 1 1 0  0  0  0
 0 0 0  0  0 -1
 0 0 0  0 -1  0
 0 0 0  1 -1 -1
 1 0 0 -1  1  1
 0 0 1  1 -1 -1
1,1,1;1,1;1 1 11
144 
#5 
6	% 
  0  0  0  0 -1 -1
 -1 -1  1 -1 -2 -2
  2  2 -1  2  4  4
  0 -1  1  0 -1 -1
  0 -1  1 -1 -1 -1
  0  0  0  0  0 -1
6	% 
 0  2 -2  0  1  1
 0  3 -2  0  1  1
 1 -7  6  0 -3 -3
 0  1 -1  0  0  0
 0  1 -1 -1  0  0
 0  1 -1  0  1  0
6	% 
 -1 -2  1 -1 -1 -1
  0  0  0  0 -1 -1
  1  2 -1  1  3  2
 -2 -1  4  1 -3 -3
  1  0 -2 -1  1  1
 -1 -1  0 -1  0  0
6	% 
  1 0 -5 -1   3   3
  2 0 -6 -2   5   5
 -5 0 16  5 -13 -13
  1 1 -3  0   2   1
  1 0 -3 -1   2   3
  0 0 -3 -1   2   2
6	% 
  1 0  1 -1  1 -1
  1 0  1 -1  2 -2
 -2 1 -3  3 -4  4
  1 0  0 -1  0 -1
  0 0  1  0  2  0
  1 0  1  0  0 -1
1,1,1;1,1;1 1 7
36 
#3 
6	% 
  0 0  0  0  1  1
 -1 0 -1  1 -1 -1
  3 1  2 -2  1  1
 -1 0  0  1 -1 -1
  1 0  0  0  0  0
  0 0  0  0  1  0
6	% 
 1  2  1  1 -1 -1
 0  0 -2  0  1  1
 0 -1  3 -1 -1 -1
 0  0 -1  0  1  2
 0  0  0  0  1  2
 0  1  0  0  0  0
6	% 
  1 0 -1 -1  3  3
  1 0 -1 -1  4  4
 -2 0  2  2 -7 -8
  1 0  0 -1  2  2
  1 1  0  0  0  0
  0 0 -1 -1  2  2
1,1,1;1,1;1 1 9
32 
#2 
6	% 
  2  2  1 -1  0 0
  1  1  0  0  0 0
 -2 -3 -1  1  0 0
  1  1  1  0  1 1
  0  0  0  0 -1 0
  0  0  0  0 -1 1
6	% 
  0 -1  1 -1 -1  1
  0 -1  1 -1  0  1
  0  2 -2  2  1 -1
  0  0  1  0 -1  0
  0 -1 -2 -2  2  2
 -1  0 -1 -1  1  1
2-1;1,1;1;1 1 34
12 
#1 
6	% 
  0  0  0 0 -1 0
 -1 -1  0 0  0 0
  1  0  0 0  0 0
  1  1  0 1  1 0
  0  1 -1 1  0 0
  1  1 -1 0  2 1
2-1;1,1;1;1 1 33
48 
#1 
6	% 
  1 0  0 -1  1  1
 -1 0 -1  0  0  0
  1 1 -1  0  1  1
  0 1  0  1 -1 -1
 -1 0  0  1 -2 -1
  0 0  0  1 -1 -1
3;1,1,1 1 3
8 
#1 
6	% 
  0  0  0  0  1  0
 -1  0  0  1 -1 -1
 -1 -1  0  0  0  0
  0  1 -1  1  0  0
  0  0 -1 -1  1  1
  1  0  0  0  0  0
1,1,1;1;1;1 1 12
16 
#2 
6	% 
 -1 -1 -1 -1  1 1
 -1  0 -1  1  0 0
  2  1  1  0 -1 0
 -1 -1 -1  0  1 1
  0  0  0  0  1 0
  0  0  0  0  0 1
6	% 
  0  0  0  0  0 1
  0  0 -1 -1 -1 0
  1  1  0  1  0 0
  0  0 -1  0  0 0
 -1 -1  0  0  0 0
  1  0  0  0  0 0
1,1,1;1;1;1 1 8
24 
#2 
6	% 
 -1 -1  0 0  0 0
  0  0  0 0  0 1
  1  1  0 1  0 0
  1  0  0 0  0 0
  0  0  0 0 -1 0
  0  0 -1 0  0 0
6	% 
  0 -1  2 0 -1 -2
  0  1 -1 1  1  0
  0  0  1 0 -1 -1
 -1  0  0 0  0  0
  0  0  1 1 -2 -1
  0  1 -1 0  1  1
1,1;1,1;1,1 1 6
24 
#2 
6	% 
 -3 -3 -2 -2  2  2
  0  1  0  1  0  0
  1  1  1  1 -1 -1
  1 -1  1 -1 -1 -2
  1  1 -1  1  2  1
  0  0  1  0 -1 -1
6	% 
  0  0  0  0 0 1
  1 -1  1 -2 1 1
  0  0  0  0 1 1
  0  1  0  0 0 0
 -1  0 -1  1 0 0
  1 -1  0 -1 1 1
1,1,1;1;1;1 1 15
48 
#1 
6	% 
  0  0  0  0  0 1
 -1  0 -1  2  0 0
  0 -1  1 -1  0 0
  0  0  0  0 -1 0
 -1 -1  0  0  0 0
  2  0  1 -2  0 0
1,1;1,1;1;1 1 28
96 
#2 
6	% 
  0 -1 1 -2 -1 -1
  1  0 0 -1  0  0
 -1 -1 0  1 -2 -2
  0  0 0 -1  0  1
  0  0 0  0  0  1
  0  0 0  0  1  0
6	% 
  2  1 -2 -1  2  2
  0 -1  0 -1  0  1
  1 -1 -1 -2  2  2
  1  0  1  0 -1  0
  0  0  1  1 -1 -1
 -1  0  0  0  0  0
1,1;1,1;1,1 1 10
48 
#1 
6	% 
  1  0  0  0  0 -1
 -1  0  2  1 -2 -1
  0  1 -3 -1  3  3
 -1  0  0  0 -1  0
 -1 -1 -2 -2  1  1
  2  0  2  1 -1 -2
2-2;1,1;1,1 1 6
32 
#1 
6	% 
  1  0 0  0  0 -1
  1  0 0  0  1  0
 -2 -1 1  0  0  1
 -1 -1 0  0  2  2
  0 -1 1 -1 -2 -2
  2  1 0  1  1  0
1,1;1,1;1;1 1 10
48 
#2 
6	% 
 -5 -3 -2  2 0  0
  1  1  1  0 0  0
  3  2  1 -1 0  0
  0  0 -1 -1 0 -1
  0  0  1  1 1  0
  1  1  0 -1 0  0
6	% 
  0  0 0  0  3  2
 -1  0 0  1 -1 -1
  0  0 0  0 -1 -1
  1  0 0  0  0  0
  0  0 1  1 -1 -1
  0 -1 0 -1  0  0
1,1;1,1;1,1 1 3
3 
#1 
6	% 
 0  0 0  0 -5 -8
 0  0 1  1 -1 -1
 1  1 0  0  0  0
 0  0 0  0  3  5
 0  0 0 -1 -1 -2
 0 -1 0 -1 -1 -2
1,1;1,1;1,1 1 9
18 
#2 
6	% 
 1  0  0  0 0  0
 0  0 -1 -1 1  1
 0  1 -1  1 0  0
 0  1 -1  1 0 -1
 0  1  0  1 0 -1
 0 -1  1  0 0  0
6	% 
  0  0  0  0  2  3
  0 -1  1 -1  0  0
  0  0  1  1 -1 -1
 -1  0  1  1 -1 -1
 -1  0  0  1 -1 -1
  0  0 -1  0  1  1
1,1,1;1;1;1 1 4
4 
#1 
6	% 
  0  0  1  1  1 1
  0  0 -1 -1 -1 0
  0  0  1  1  0 0
 -1 -1 -1 -1  0 0
  0 -1  0 -1  0 0
 -1 -1  0 -1  0 0
1,1,1;1;1;1 1 16
36 
#3 
6	% 
 0 0  0 0  1  0
 0 1 -1 1  2 -1
 0 0  1 1 -3  0
 1 1 -1 0  2  0
 0 1 -1 0  2  0
 1 1  0 0  0  0
6	% 
 0 -1  1 -1  0 0
 0 -2  1 -3  2 1
 0  2 -1  3 -1 0
 1 -1  1 -2  1 0
 0 -1  1 -2  1 0
 1  1  0  0  0 0
6	% 
 1  1  0  0  0 0
 0  2 -1 -1  1 1
 0 -3  1 -1  0 0
 0  2 -1  0  0 0
 0  2 -1  0  0 1
 0  0  0  0 -1 0
1,1;1,1;1;1 1 30
24 
#2 
6	% 
 0 0  0 0 -1  0
 0 1 -1 0  1 -1
 0 0  0 0  0  1
 0 1  0 1  1 -1
 1 0  0 0  0  0
 1 1  0 0  0  0
6	% 
  0  1  0  0  0 0
  1 -1  1 -2  1 1
 -1  0 -1  1  0 0
  1 -1  0 -1  1 1
  0  0  0  0 -1 0
  0  0  0  0  0 1
1,1;1,1;1;1 1 15
9 
#2 
6	% 
  0 0  0 0  2  3
  0 0  1 1 -1 -1
 -1 0 -1 0  0  0
  1 0  1 0 -1 -1
  1 0  0 0  0  0
  1 1  0 0  0  0
6	% 
 1  1  0 0  0  0
 0  1 -1 1  0  0
 0 -1  1 0  0  0
 0  0 -1 0  0  0
 0  0  0 0  0 -1
 0  0  0 0 -1  0
1,1;1,1;1;1 1 38
18 
#2 
6	% 
 0  0 -1 -1  2  0
 0 -1  1 -1  1 -1
 0  1 -1  1 -1  0
 1  1  0  1 -1  0
 1  0  0 -1  1  0
 1  1  0  0  0  0
6	% 
 0 0 1  1 -1 -1
 1 0 0  0  0  0
 0 1 0  0  0  0
 0 0 0 -1  0  0
 0 0 0  1 -1 -1
 0 0 0  0  0 -1
1,1;1,1;1;1 1 21
12 
#1 
6	% 
 0  0 -1 -1  0 -1
 0 -1  1 -1 -2  2
 0  1  0  2  2 -2
 0  1  0  1  1 -1
 0  0 -1 -1 -1  0
 1  1  0  1  1 -1
1,1;1,1;1;1 1 6
6 
#1 
6	% 
  0  0  1 1 -1 -1
  0  0  0 0  0 -1
  0 -1  2 0  0  0
  0  1 -2 0  1  1
 -1 -1  1 0  0  0
  0 -1  1 0  0  0
1,1;1,1;1;1 1 35
12 
#1 
6	% 
  0  2 -2  2  1 -4
 -1 -1  1  0  0  0
  0  0 -2 -2 -2  3
  0 -1  1  0  0  0
  0  1 -1  1  1 -2
  0  0 -1 -1 -1  2
2-2;1,1;1,1 1 4
16 
#1 
6	% 
  0  0  0  0  1  2
  1  1  0  1 -2 -3
 -1 -1  0 -1 -1 -2
  1  0  0  0  0  0
  0  1 -1  1  0  0
  1  1  0  0  0  0
1,1,1;1;1;1 1 17
24 
#1 
6	% 
  0  1  0  1  1  1
 -1 -1  1  0 -5 -6
  0  0 -1  0  2  2
  1  1  0  1  3  3
 -1  0  0  0 -1 -2
  1  0  0 -1  2  2
1,1;1,1;1,1 1 12
24 
#1 
6	% 
  0 -1 -1 -1  2 2
  0  1  0  1  0 0
  0  0  0 -1 -1 0
 -1  0 -1 -1  1 2
  1 -1  0 -1  1 0
 -1  1 -1  0  0 1
1,1;1,1;1;1 1 25
48 
#1 
6	% 
  0  1  0  1  0  0
  0  0  0  0  0 -1
  0 -1 -2 -2  2  2
  0  0  1  0 -1 -1
 -1  1  1  1 -1 -1
  0  0  0  0  1  0
1,1;1,1;1;1 1 37
72 
#2 
6	% 
  2  0  1 -1  0  0
  1  0  0 -1  1  0
 -1  1 -1  2  0  0
  1  0  0 -1  0  0
  0 -1  1  0 -1 -1
  0  0  0  0  0 -1
6	% 
  1  0 0  0  1  1
  1  0 1  0  1  1
 -1  0 0  1 -1 -2
  1  0 0 -1  2  2
  0 -1 0 -1  0  1
  0 -1 1 -1  0  0
1,1;1,1;1;1 1 27
36 
#2 
6	% 
  0 -1  1 -1  0  0
 -1  0  0  0 -1 -1
  1  0 -1 -1  4  3
  0 -1  0 -1  2  2
 -2 -1  1  0 -3 -3
  1  0 -1 -1  3  4
6	% 
  0  0  0  0  1  2
  1  0  0 -2  1  1
 -2  2 -1  5 -2 -2
 -1  1  0  3 -2 -2
  2 -1  0 -5  2  2
 -2  1  1  5 -3 -3
2-1;1;1;1;1 1 43
12 
#1 
6	% 
  0 0  1  0  0  0
  1 0  0 -1  1  0
  1 0  0  0  0  0
  0 1 -1  1  0  0
 -1 0 -1  1  0  0
 -1 0  1  1 -1 -1
2-2;1,1,1;1 1 6
16 
#1 
6	% 
  0  0  0 0  0 -1
  0  1 -1 1  2  2
 -1 -1  0 0  0  0
  0  0  0 1  0  0
  1  0  0 0  0  0
  0  0  1 0 -1 -1
1,1;1,1;1;1 1 36
24 
#1 
6	% 
 -1  0 0  1 -2 -2
 -1 -1 0 -1  1  0
  0 -1 0 -1  1  1
  1  0 1  0  0  0
 -1 -1 1  0 -1 -1
  0  0 0 -1  1  1
1,1,1;1;1;1 1 19
8 
#1 
6	% 
 1 0  0 -1  1 0
 0 0  0  0  1 0
 0 1 -1  1 -1 0
 0 0 -1 -1  2 1
 1 1  0  0  1 0
 1 0  0  0  1 0
2-1;1,1;1;1 1 23
12 
#2 
6	% 
 -1 1 -2 2  0  0
  0 0  0 1 -1 -1
  0 0  1 0  0  0
 -1 0 -1 0  0  0
  0 0  0 0  0 -1
  0 0  0 0 -1  0
6	% 
 0 0  0  0 0 -1
 0 1 -1  0 0  0
 1 0  1  0 0  0
 0 0 -1  0 0  0
 0 0 -1 -1 1  1
 0 1 -1  1 0  0
2-1;1,1;1;1 1 19
24 
#1 
6	% 
 -1  0  0  0  0  0
  1  0 -1 -1  1  1
  0  0  0  0  1  0
  0 -1  0 -1 -1 -1
  0  0  0  0  0 -1
  0  0 -1  0 -1 -1
2-1;1,1;1;1 1 30
24 
#1 
6	% 
  0  0  1 0 -1 -1
 -1  0 -1 0  1  1
  0  1 -1 1  0  0
  0  0  0 0 -1  0
 -1 -1  0 0  1  1
  0  0  0 0  0  1
2-1;1,1;1;1 1 9
6 
#1 
6	% 
 0  0  0  0  1  0
 1  0 -1 -1  1  1
 1  0 -1 -1 -2  0
 0  0  1  1 -1 -1
 1  0  0 -1 -1  0
 0 -1  0 -1 -1  0
3;1,1,1 2 2
4 
#1 
6	% 
  0  0  0  0 -1  0
  0 -1  1 -1 -1  0
  0 -1  0 -1  0  1
  0  0  1  1 -1 -1
 -1 -1 -1 -1  1  1
  0  0 -1  0  1  0
2-1;2-1;1,1 1 4
3 
#1 
6	% 
  0  0  0  0  2 1
  1  0 -1 -1  1 1
  1 -1  0 -2  1 1
  0 -1  0 -1  2 1
 -1  0  0  0  0 0
  0 -1  0 -1 -1 0
2-1;1;1;1;1 1 31
6 
#1 
6	% 
 -1 0 -1 0  0  1
 -1 0  0 1 -1  0
  1 1  0 0  0  0
  0 0  0 0  1  0
  0 1 -1 1  0  0
  0 0  0 0  0 -1
2-1;2-1;1;1 1 17
3 
#1 
6	% 
 -1 -1  0  0 0 0
  1  2 -1  1 0 0
  1  1  0  1 0 0
  0 -1  0 -1 1 1
  0  0  0  0 0 1
  0  0  0  0 1 0
2-1;1;1;1;1 1 19
6 
#1 
6	% 
  1 0 0 0  0  0
 -1 0 1 1 -1 -1
  0 0 1 0 -1 -1
  0 1 0 1 -1  0
  0 0 0 0  0  1
  0 0 0 0 -1  0
2-1,2-1;1,1 1 2
12 
#1 
6	% 
 1  1  0 0  0  0
 0  0  1 1 -1 -1
 0  0  0 0  2  3
 0  1 -1 0  2  3
 0 -1  0 0  0  0
 0  1 -1 0 -1 -2
2-1;2-1;1,1 1 9
6 
#1 
6	% 
  0 0  0  0  1  0
 -1 0  0  0  0  0
  0 1 -1  0  1  1
  0 0 -1 -1  1  1
  1 0  1  0 -1 -1
  0 1 -1  1  0  0
4-1;1,1 1 2
1 
#1 
6	% 
  0 0  0  0 2 1
  1 0 -1 -1 1 1
  1 1 -2  0 1 1
  0 0 -1  0 1 1
 -1 0  0  0 0 0
  0 0 -1  0 0 0
2-1,2-1;1;1 3 5
6 
#1 
6	% 
 0 -1 1  1 -1 -1
 1  1 1 -1  0  0
 0  1 0 -1  1  1
 0 -1 1  0  0  0
 0  0 0  0  0  1
 0  0 0  0  1  0
2-1,2-1;1,1 3 2
6 
#1 
6	% 
  0  0  0  0 -1 -2
 -1  1 -1 -1  1  1
 -2  1 -3 -1  2  2
 -1  0 -1  0 -1 -2
  1 -1  2  0 -1 -1
 -1  0 -1  0  2  3
2-1,2-1;1;1 1 6
12 
#1 
6	% 
 -1  0  0 0  0  0
  0  1 -1 1  0  0
  0 -1  1 0  0  0
  0  0 -1 0  0  0
  0  0  0 0 -1  0
  0  0  0 0  0 -1
2-1;2-1;1;1 1 30
6 
#1 
6	% 
  2  1  0 0  0  0
 -2 -1  1 1 -1 -1
  0  1 -1 1  0  0
  1  0  0 0  0  0
  1  1 -1 0  0  0
  1  1 -1 0  1  0
2-1,2-1;1;1 2 10
12 
#1 
6	% 
  1  0  2 0 -1 -1
 -1 -1 -1 1  0  0
 -3  0 -6 1  3  3
  1 -2  3 2 -2 -2
  0  0  0 0  1  0
  0  0  0 0  0  1
2-1,2-1;1,1 2 3
12 
#1 
6	% 
  0  0  0  0 -2 -1
  1  1  1  1 -1 -1
  2  3 -1 -1  1  1
  0  1 -2 -1 -1  0
 -1 -1  0  0  0  0
  0  1 -2 -1  4  3
4-1';1;1 1 5
12 
#1 
6	% 
 -1 0 -2  0 1 1
  1 1  1 -1 0 0
  1 0  2 -1 0 0
 -1 0 -1  0 1 1
  0 0  0  0 0 1
  0 0  0  0 1 0
4-1';1,1 1 2
12 
#1 
6	% 
  0  0  0  0 -3 -2
 -3  3 -7 -1  4  4
 -4  2 -9  1  4  4
 -1  0 -2  1  0  0
  2 -1  5 -1 -2 -2
 -1  0 -2  1  1  1
1,1;1;1;1;1 1 29
48 
#2 
6	% 
  0 -1 1 -1 0  0
 -1  0 0  1 0 -1
 -1 -1 0  0 0  0
  0  0 0  1 0  0
  0  0 0  0 0  1
  0  0 0  0 1  0
6	% 
 0  0 0  0 1  0
 0  1 0  1 0 -1
 0  0 0  0 0  1
 1  0 1  0 0 -1
 0 -1 1 -1 0  0
 1  1 0  0 0  0
2-2;1,1;1;1 1 13
16 
#1 
6	% 
  0 0  0 0  1  0
 -1 0  0 1 -1 -1
  1 0  1 0 -1 -1
  0 0  1 1 -1 -1
  1 1  0 0  0  0
  0 1 -1 1  0  0
1,1;1;1;1;1 1 18
12 
#2 
6	% 
  1 1  0  0 0 0
  1 0  1 -1 0 0
 -1 0 -1  0 0 1
  0 0 -1  0 1 1
  0 0  0  0 1 0
  0 0  0  0 0 1
6	% 
 0  0 0  0 0 -1
 0  0 0  0 1  1
 0 -1 0 -1 0  0
 0  0 0 -1 0  0
 1  1 0  0 0  0
 0 -1 1 -1 0  0
1,1;1;1;1;1 1 8
1 
#1 
6	% 
 0 0  0 0  2  1
 0 0  0 0 -1 -1
 1 1  0 0  1  1
 0 1  0 0  1  1
 0 1  0 1  0  0
 0 1 -1 0  1  1
1,1;1;1;1;1 1 13
8 
#1 
6	% 
 0 0  1  1 1 -2
 0 0 -1 -1 0  2
 1 1  0  0 0  0
 1 0  1  0 0 -1
 0 0 -1 -1 0  3
 0 0  1  0 0 -1
2-2;1,1;1;1 1 16
32 
#1 
6	% 
  0  0  0 -1 0  0
 -1  0  0  1 0  0
 -1  0 -1  1 0  1
 -1  1 -1  3 0  0
  1  0 -1 -3 1  1
 -1 -1  1  1 0 -1
1,1;1;1;1;1 1 31
24 
#1 
6	% 
  0 0 -1  0  0  0
  0 1 -1  0  1  0
 -1 1 -2  2 -1 -1
  2 1  1 -1  1  1
 -2 0 -2  2 -1 -2
  2 0  2 -2  2  1
3;1,1;1 2 5
4 
#1 
6	% 
  0  0  0  0  2 1
 -1 -1 -1 -1  1 1
 -1  0 -2  0  1 1
 -1  0 -1  0 -1 0
  1  1  0  0  0 0
  0  0 -1  0 -1 0
3;1,1;1 1 10
16 
#1 
6	% 
  1 1  0  1  3  3
 -1 0  0  1  0 -1
  1 1  0  0  2  2
  1 0  0  0  2  2
  0 1 -1  1  2  2
  0 0 -1 -1 -1 -1
2-2;1,1;1;1 1 18
32 
#1 
6	% 
  0  0 0  0  0  1
  0  0 0  0 -1  0
  1  1 0  0  0  0
  1  0 0  0  0  0
 -1 -1 0 -1 -1 -1
  1  0 1  0  1  1
2-2;1,1;1;1 1 17
16 
#1 
6	% 
  0  0  0  0  0  1
  3  3 -1  2 -1  0
  6  5 -1  3 -1 -1
 -3 -3  1 -2  0  0
  5  5 -2  4 -1 -1
  5  6 -2  4 -1 -1
3;1,1;1 2 6
8 
#1 
6	% 
 -1 -1 0  0  0  0
  0  1 0  0  0  0
  0  0 0 -1 -1 -1
  0  0 0  0  0 -1
  0  0 1  0  1  1
  0  0 0  0  1  0
1,1;1;1;1;1 1 52
36 
#2 
6	% 
  0  0  0  0  1  1
 -1 -1 -1 -1 -5 -5
  0  0  0  0 -1  0
  0  0 -1  0 -3 -3
  0 -1  0 -1 -3 -3
  0  0  1  1  2  2
6	% 
  1  1 -1  1  0  0
 -1 -1  3 -1 -1 -1
 -1  0  0  0  0  0
 -1 -1  2 -1 -1 -1
 -1 -1  2 -1  0 -1
  1  1 -2  0  1  1
1,1;1;1;1;1 1 55
16 
#1 
6	% 
 -1 -1  0 -1 -1 -1
 -1 -1  0 -1  0 -1
  0  1  0  1  0  0
  0  0  0 -1  0  0
  1  1 -1  0  1  1
 -1  0 -1  0  0  0
1,1;1;1;1;1 1 41
9 
#2 
6	% 
 2 1 1 -1  0  0
 1 0 0  0  0  0
 1 0 0 -1  0  1
 0 0 0  0  0 -1
 1 0 1  0 -1  0
 0 0 0  0  1  0
6	% 
  0  0  0  0  1  0
  0 -1  1 -1  0  0
  0 -1  1  0 -1 -1
  0  0 -1 -1  1  1
  1  0  1  0 -1 -1
 -1  0  0  0  0  0
3;1,1;1 1 14
8 
#1 
6	% 
 1  0 1  1 -1 -1
 2  1 0  0  0  0
 1 -1 1 -1  0  0
 2  0 1  0 -1 -1
 0  0 0  0  1  0
 1  0 0  0  0  0
2-2;1;1;1;1 1 18
16 
#1 
6	% 
  1 0  1 0  0 -1
 -1 0 -1 0  1  1
  0 0  0 0  0 -1
  0 1 -1 1  0  0
  1 1  0 0  0  0
  0 0  1 1 -1 -1
1;1;1;1;1;1 1 20
6 
#1 
6	% 
 1 0 0 -1  0  1
 1 1 0  1 -1 -1
 1 1 0  0  0  0
 0 0 1  1 -1 -1
 0 0 0  0  0 -1
 0 0 0  0 -1  0
1;1;1;1;1;1 1 12
1 
#1 
6	% 
 1 1  0 0 -1  0
 1 0  0 0  0  0
 0 0  0 1  0  0
 0 0 -1 0  1  1
 0 0  0 0  1  0
 0 0  0 0  0 -1
1;1;1;1;1;1 1 36
3 
#1 
6	% 
  0  1 0  0  0  0
  0 -1 0 -2  1  1
 -1 -1 0  0  0  0
  0 -1 0 -1  0  0
  0 -1 0 -1  1  0
  0  0 1  1 -1 -1
1;1;1;1;1;1 1 48
2 
#1 
6	% 
  1  0  0 -1 1  1
 -1  0  0  1 0 -1
 -1 -1  0  0 0  0
  0  1 -1  1 0  0
  0  0 -1 -1 1  1
 -1  0  0  0 0  0
1,1;1;1;1;1 1 56
2 
#1 
6	% 
  0  0  0 0  1  0
  0 -1  1 0 -1 -1
  0  0  1 1 -1 -1
 -1 -1  0 0  0  0
  0  1 -1 1  0  0
  1  0  0 0  0  0
3;1;1;1 1 22
8 
#1 
6	% 
  0 -1  1  0 0  0
 -1 -1  1  0 0 -1
  0  1 -1  1 0  0
  0  0 -1 -1 1  1
  1  0  0  0 0  0
 -1 -1  0  0 0  0
3;1;1;1 2 11
4 
#1 
6	% 
 -1  0 0 0  0  0
  1  0 1 1 -1 -1
  0 -1 1 0  0 -1
  1  0 1 0  0  0
  0  0 0 0  1  0
  0  0 0 0  0  1
