#107

3;2-2;1 1 1
1 
#1 
6	% 
 1 0 0 0 0 0
 0 1 0 0 0 0
 0 0 1 0 0 0
 0 0 0 1 0 0
 0 0 0 0 1 0
 0 0 0 0 0 1
1,1,1,1,1,1 1 1
1 
#1 
6	% 
 1 0 0 0 0 0
 0 1 0 0 0 0
 0 0 1 0 0 0
 0 0 0 1 0 0
 0 0 0 0 1 0
 0 0 0 0 0 1
1,1,1,1,1;1 1 2
15 
#4 
6	% 
  0 0  0  1  0 -1
  0 0  1  0  0 -1
  1 1  1  1  1  0
  0 0  0  0  1 -1
 -1 0 -1 -1 -1  1
  0 1  1  1  1 -1
6	% 
  0  0  1  0 -1  0
  0 -1  0  0  0  0
  0 -1  1  0  1  1
  1  0  1  0  0  1
 -1  1 -1 -1  0 -1
  1 -1  1 -1  1  1
6	% 
 0 -1 0 -1  0  1
 0  0 0  0  0  1
 0 -1 0 -1  1  1
 0  0 0 -1  0  1
 0  1 1  1 -1 -2
 1 -2 0 -1  1  2
6	% 
  0  1  0  0  0 -1
  0  1  0  0  0  0
 -1  0 -1 -2  1 -2
  0  1  1  0  0  0
  1 -1  0  1 -1  1
 -1  1  0 -1  0 -1
1,1,1,1,1;1 1 1
1 
#1 
6	% 
  0  0  0 -1  0 0
 -1  0 -1 -1 -1 0
 -1 -1  0 -1 -1 0
  0 -1 -1  0 -1 0
  1  1  1  1  1 0
  0  0  0  0  0 1
2-1;1,1,1,1 1 2
3 
#1 
6	% 
  0  0  0 0 -1  1
  0  0  0 0  0  1
  1  1 -1 1  1  2
  0  1 -1 0  0  2
  1 -1  0 0  0  0
 -1  0  0 0  0 -2
2-1;1,1,1;1 1 3
3 
#1 
6	% 
  0 0  0  0 -1 -1
  0 0  0 -1  0 -1
  0 0  0  1  1  1
 -1 0  1  0  0  0
  0 0 -1  0  0  0
  0 1  0  0  0  0
1,1,1,1;1,1 1 1
1 
#1 
6	% 
  0 -1 -1 0  0 -1
 -1  0 -1 0  0 -1
 -1 -1  0 0  0 -1
  1  1  1 0  0  1
  0  0  0 0 -1  0
  0  0  0 1  1  0
1,1,1,1;1,1 1 3
54 
#4 
6	% 
  0  0  0  0  1 -1
 -1 -1 -1  0  0 -1
  0  0  0  1 -1  0
  0  1  0 -1  1  1
 -1  0  0 -1  0 -1
  0  0  0  1  0  0
6	% 
  0 -1  0 0  0  0
  0 -1  0 0 -1  1
  1  0  1 1 -1  0
 -1  1  0 0  0 -1
  0  0 -1 0  0  1
  1 -2  1 1  0  0
6	% 
  1  1 1  2 -1  1
  0  0 0  0  0 -1
  0 -1 0 -1  1 -1
 -1  0 0  0 -1  1
  0  1 0  0 -1 -1
  1  0 0  1  0  1
6	% 
  0 -1  1 -2 1 -2
 -1  0  0  0 0 -1
  0  0 -1  1 0  1
  0  0  1  0 0  1
 -1  1  0  0 0 -1
  1 -1  0 -1 1 -1
1,1,1,1;1,1 1 2
24 
#6 
6	% 
 0  0 0 1 0 0
 0  0 0 0 1 0
 0  0 1 0 0 0
 0  0 0 0 0 1
 1  0 0 0 0 0
 0 -1 0 0 0 0
6	% 
  0 0  0 1  0  0
  0 0  0 0  1  0
 -1 1  1 0 -1 -1
 -1 0  0 0  0  0
  2 0 -1 0  0  0
  1 1  0 0  0  0
6	% 
 0 1  0 0  1 0
 0 0 -1 0  0 0
 1 0  1 0  1 0
 0 0  0 0  0 1
 0 0  0 1 -1 0
 0 0  0 1  0 0
6	% 
  0  0 0 1  0  0
  0  1 0 0  0  0
 -1 -1 1 0 -1  0
  0  0 0 0  0 -1
  1  0 0 0  0  1
  0 -1 1 0  0  1
6	% 
  0  0  0  0 1  0
 -1  1  0 -1 0 -1
  0  0  0  1 0  0
  1  1  1  0 0  0
  0 -1 -1  0 0  0
 -1  0 -1  0 0  0
6	% 
  0  0  1  0  0 0
  0  1  0  0  0 0
  1  1  2  2 -1 0
  0  0  0  0  2 1
 -1 -1 -1 -1  0 0
  1  1  1  1 -1 0
1,1,1;1,1,1 1 2
9 
#2 
6	% 
  0  0 0  0  0 1
  0  0 1  0  0 0
 -1  1 0 -1 -1 0
  0  0 0 -1  0 0
  1  0 0  1  0 0
  0 -1 0  1  0 0
6	% 
  0 0  0  0 -1  0
  0 0  0 -1  0  0
  1 0  0  0  0  0
  1 0  0  0  0 -1
 -1 1  0  0  0  1
  0 0 -1  0  0  1
2-1;1,1,1;1 1 6
18 
#2 
6	% 
  0  0  0 0 -1  1
  0 -1  0 0 -1 -1
  0  0  0 1  0 -1
 -1  1  0 0  0  0
  1  0 -1 0  1  1
  0  0  0 1 -1  1
6	% 
  1 1 -1  2 -1 1
  0 1  0  0  0 0
  0 0  0 -1  0 0
  0 0 -1  0  0 0
 -1 0  1  0  0 0
  0 0  0  1 -1 0
2-1;1,1;1,1 1 5
18 
#2 
6	% 
  0  0  0  0  2 1
  0 -1  0  0  0 0
 -1 -1  1 -1  0 0
  0  0  1  0  0 0
  1  0 -1  0  0 0
  1  1 -1  1 -1 0
6	% 
  0  0  0  2 -1  1
  0 -1  0  0 -1  0
  0  0  0 -1  0 -1
 -1  1  0  0  0  0
  1  0 -1  0  1  0
  0  0  0 -1  1 -1
2-1;1,1,1;1 1 2
3 
#1 
6	% 
  1  1 -1 1 1 0
  1  1 -1 0 1 0
  0  0  0 0 0 1
  0  1 -1 0 0 0
  1 -1  0 0 0 0
 -1  0  0 0 0 0
2-1;1,1;1,1 1 2
3 
#1 
6	% 
  1  1 -1 0  0 1
  0  0  0 0 -1 0
  0  0  0 1  1 0
  0  1 -1 0  0 0
  1 -1  0 0  0 0
 -1  0  0 0  0 0
1,1,1;1,1,1 1 1
1 
#1 
6	% 
  0 -1 -1  0  0  0
 -1  0 -1  0  0  0
  1  1  1  0  0  0
  0  0  0  0 -1 -1
  0  0  0 -1  0 -1
  0  0  0  1  1  1
1,1,1;1,1,1 1 3
54 
#4 
6	% 
  2 -2  0  2 -1  1
 -1 -1 -1  0 -1  0
  1  0  1  1 -1  1
 -1  1  0 -1  1 -1
  0  1  1 -1  0 -1
  1 -1  0  1  0  1
6	% 
  0  0 0  0  0  1
 -1  0 0  2 -1  0
  0  0 0 -1  1  0
 -1  0 1  0 -1 -1
  0  0 0 -1  0  0
  0 -1 0  0  1  1
6	% 
 -2  2 -2 -2  1 -1
  1  0 -1  0  2  0
 -1  0  0 -1  0 -1
  1 -1  1  1 -1  1
  0 -1  1  1 -1  1
 -1  1 -1 -1  0 -1
6	% 
  1 -1  0  0  1  1
  2  2  1  2 -1  0
 -1 -1 -1 -1  0  0
  0  1  0  0  0 -1
 -1 -1 -1 -1  1  0
  1  0  0  0  0  1
2-2;1,1,1,1 1 2
4 
#1 
6	% 
  0  0 0  0  0 -1
  0  0 0  0 -1  0
  0  0 0 -1  0  0
  1 -1 0  1  1  1
 -1  0 1 -1 -1 -1
  1  0 0  1  1  1
2-2;1,1,1,1 1 1
1 
#1 
6	% 
  0  0  0 1 0  0
  0  0  0 0 1  0
  0 -1 -1 0 0 -1
 -1  0 -1 0 0 -1
 -1 -1  0 0 0 -1
  1  1  1 0 0  1
2-2',2-2';1,1 1 2
8 
#1 
6	% 
  0  0  0  0  0 1
  0  1 -1 -1  1 0
  0  1  0 -1  0 0
  1 -1  0  1  0 0
 -1  0  1  1 -1 0
  1  0  0  0 -1 0
2-2;1,1,1;1 1 2
9 
#2 
6	% 
  0 0 0 0 0 1
  0 0 1 0 0 0
  0 1 0 0 0 0
  0 0 0 1 0 0
  0 0 0 0 1 0
 -1 0 0 0 0 0
6	% 
  0  1  0 0 0 1
  0 -1  0 0 0 0
  0  0 -1 0 0 0
  0  0  0 0 1 0
  0  0  0 1 0 0
 -1  1  0 0 0 0
1,1,1,1;1;1 1 4
9 
#2 
6	% 
  1  1 -1  1  0  0
  0  0  0  1 -1  0
 -2 -2  2 -3  0 -1
  1  1 -1  2  0  0
 -1  0  1 -1  0  0
 -1  0  0 -1  0  0
6	% 
 0  0 -1  0  1  0
 0  0 -1 -1  0 -1
 0  0  1  1 -1  0
 0  0 -1  0  0  0
 1  0  0  0  0  0
 0 -1  1  0  0  0
1,1,1;1,1;1 1 10
108 
#6 
6	% 
 0  0  0 -1 0 0
 0  0 -1  0 0 0
 0  0  2  3 0 1
 0  0  0 -1 1 0
 0 -1  0  0 0 0
 1 -1  0  0 0 0
6	% 
 -2 -2  2 -1  2 0
 -3 -3  3 -1  2 0
  7  7 -7  3 -6 1
 -1 -1  0 -1  1 0
 -2 -1  2  0  1 0
 -1  1  0  0  0 0
6	% 
  0 0 -2 -2  1 -2
  0 0 -3 -2  1 -2
  0 0  8  6 -3  5
  0 0 -1 -1  0 -1
  0 1 -2 -1  1 -1
 -1 1  0  0  0  0
6	% 
  0  0  0  0 -1 0
 -1 -1  1  0 -3 0
  2  2 -2  0  6 1
  0  0 -1 -1  0 0
 -1  0  1  1 -2 0
 -1  1  0  0  0 0
6	% 
  0  0  0 0 -1 0
  0  0 -1 0  0 0
  0  0  2 0  2 1
  0  0  0 1 -1 0
  0 -1  0 0  0 0
 -1 -1  1 0  0 0
6	% 
  0 0  0  1 -2  2
  1 0 -1  1 -2  2
 -2 0  2 -3  6 -5
  0 0  0  1 -1  1
  0 0 -1  0 -1  1
 -1 1 -1  0  0  0
1,1,1;1,1;1 1 5
18 
#3 
6	% 
 0  0  1  0  0 0
 0  0  0  1  0 0
 0  0 -2 -1 -1 0
 1  0  0  0  0 0
 1  1 -1  0  0 1
 1 -1  0  0  0 0
6	% 
 -1 -1  1 0  0 0
  0  0  0 1  1 0
  1  1 -1 0 -1 0
  0 -1  0 0  0 0
  0  0  1 0  0 1
  1 -1  0 0  0 0
6	% 
 0 0 -1 0  0  0
 0 0  0 1  1  0
 0 0  0 0 -1  0
 1 0 -1 0  0  0
 0 0  0 0  0 -1
 1 1 -1 0  0  0
1,1,1;1,1;1 1 4
15 
#4 
6	% 
  0 0 0  1 0 1
  0 0 0  1 0 0
  0 0 0 -1 1 0
  0 1 1  0 0 0
  0 0 1  0 0 0
 -1 1 0  0 0 0
6	% 
  0 -1 -1  0 0 0
 -1  0 -1  0 0 0
  1  1  1  0 0 0
  0  0  0 -1 2 1
  0  0  0  0 2 1
  0  0  0 -2 1 0
6	% 
  0 0  0  1 0 1
  0 0  0  1 0 0
  0 0  0 -1 1 0
  0 1 -1  0 0 0
  0 1  0  0 0 0
 -1 1 -1  0 0 0
6	% 
  0 -1 -1 0 0 0
 -1  0 -1 0 0 0
  1  1  1 0 0 0
  0  0  0 1 0 1
  0  0  0 0 0 1
  0  0  0 0 1 0
1,1,1;1,1;1 1 7
162 
#12 
6	% 
 1 1 0  0  0  0
 0 0 0 -1  2  0
 0 0 1  2 -4  0
 0 0 0 -2  1 -1
 0 0 0 -2  0 -1
 1 0 0  0  0  0
6	% 
 -1 -1  0  0 -2  0
  0  0  2  0 -1  0
  0  0 -3  0  1  0
  0  0  1 -1  0 -1
  0  0  0  0  0 -1
 -1  0  0  0 -1  0
6	% 
 0  0 0 0 -1 0
 0 -1 0 0  0 0
 0  2 0 0  2 1
 1 -1 0 0  0 0
 1 -1 1 0  0 0
 0  0 0 1 -1 0
6	% 
  0  0 0 0 -1 0
 -2  1 0 0  0 0
  3 -2 1 0  0 0
 -1  0 0 0  0 0
  0  1 0 0  0 1
  0  0 0 1 -1 0
6	% 
  0  0  0  0  1 0
  1  1 -1  0  2 0
 -1 -1  1  0 -3 1
  1  0  0  0  1 0
  0  0 -1  0  0 0
  0  0  0 -1  1 0
6	% 
  0  0  0 0 -1 0
  1  1 -1 0  0 0
 -1 -2  1 0  2 0
  0  1 -1 0  0 0
  0  0  0 0  0 1
  0  0  0 1 -1 0
6	% 
  0  0 0 -1  2 0
  1  1 0  0  0 0
 -1 -1 1  1 -2 0
  0  1 0  0  0 0
  0  0 0  0  0 1
  0  0 0 -1  1 0
6	% 
 -1  1  1  0  0  0
 -2 -2  2 -1  2  0
  4  3 -4  2 -4  0
 -1 -1  1 -2  1 -1
  0  0  0 -2  0 -1
 -1  1  0  0  0  0
6	% 
 -1 -1 1  0 -2 0
  0 -2 0  0 -1 0
  0  3 0  0  1 0
  0 -1 0 -1  0 0
  0  0 0  0  0 1
 -1  0 0  0 -1 0
6	% 
 -2  2  2 -1  2 0
 -1  1  1  0  0 0
  3 -3 -3  1 -2 1
  0  0  1  0  0 0
 -1  0  0  0  0 0
 -1  1  1 -1  1 0
6	% 
  0  2 0 2 -1 0
  0 -1 0 0  0 0
  0  1 0 0  0 1
 -1  0 0 0  0 0
 -1  0 1 0  0 0
  0  1 0 1 -1 0
6	% 
  0  2  0  2 -1 0
 -1  1  1  0  0 0
  1 -4 -1 -2  1 0
  0  0  1  0  0 0
  1 -1  1  0  0 1
  0  1  0  1 -1 0
1,1,1;1,1;1 1 2
9 
#2 
6	% 
  1  1  0  0 0  0
  1  1  1  0 0  0
 -2 -2 -1  0 0 -1
  0  0  0  1 1  0
  0  0  0 -1 0  0
  1  0  0  0 0  0
6	% 
 -1 -1  1  0 0 0
  0  0  0  0 0 1
  1  0 -1  0 0 0
  0  0  0  1 1 0
  0  0  0 -1 0 0
  0 -1  1  0 0 0
1,1,1,1;1;1 1 5
54 
#4 
6	% 
 0  0  1  0  0  0
 0  0  1  0  0 -1
 0 -1  1  0  0  0
 0  0 -2 -1  1  0
 0  0  2  0 -1  0
 1  0 -1  0  0  0
6	% 
  1  1  1  0 1  1
  1  1  2  0 0  1
  1  0  1  0 0  1
 -1 -1 -2 -1 0 -1
  1  1  2 -1 1  1
  0 -1 -1  0 0 -1
6	% 
  1  0 -1  0  1 1
  1  0 -1  0  1 0
  1  0  0  0  1 0
 -1  0  1 -1 -1 0
  1  0 -1 -1  2 0
  0 -1  1  0 -1 0
6	% 
  0 -1  0  0  0  1
 -1 -2  1 -1  2  0
  0 -1  1  0  0  1
  1  1 -1  1 -1 -1
 -1 -1  1  0  1  1
  1  0  0  0  0 -1
1,1,1,1;1;1 1 2
15 
#4 
6	% 
  0 0 0 1 0 0
  0 0 1 0 0 0
  0 0 0 0 1 0
  0 0 0 0 0 1
  0 1 0 0 0 0
 -1 0 0 0 0 0
6	% 
 0 1  0  0 1 0
 1 0  1  0 1 0
 0 0 -1  0 0 0
 0 0  0  0 0 1
 0 0  0 -1 0 0
 0 0  0 -1 1 0
6	% 
  0  0  0 1  0 0
  0 -1  0 0  1 0
 -1 -1  1 0 -1 0
  0  0  0 0  0 1
  0  1 -1 0  0 0
 -1  0  0 0  0 0
6	% 
  0  0 1  0  0 0
 -1 -1 0 -1  2 0
  0  1 0  0  0 0
  0  0 0  0  0 1
  0  0 0  0 -1 0
  0  0 0 -1  1 0
1,1,1;1,1;1 1 9
54 
#4 
6	% 
  2 -1  0 0  0 0
  1  0 -1 0  0 1
 -3  1  1 0  0 0
  1 -1  0 0  0 0
  0  1  0 1  0 0
  0  0  0 2 -1 0
6	% 
 -1  1  1  0 0  0
 -1  0  1  0 0  0
  1 -2 -1  0 0 -1
  0  0  1  0 1  0
  0  0  0 -1 0  0
  0  0  0 -2 1  0
6	% 
  1  1 0 0 0 0
  1  1 1 0 0 0
 -1 -1 0 0 0 1
  1  0 0 0 0 0
  0  0 0 1 0 0
  0  0 0 0 1 0
6	% 
 -1 -1  1 0 0 0
  0  0  0 0 0 1
  1  0 -1 0 0 0
  0 -1  1 0 0 0
  0  0  0 1 0 0
  0  0  0 0 1 0
2-2;1,1,1;1 1 5
24 
#2 
6	% 
 0  0  0  0 -1 1
 0  0  0 -1  0 0
 0  0  0 -1  1 0
 1  0 -1  0  2 0
 1 -1  0  0  2 0
 1  0  0  0  2 0
6	% 
 0  0  0  0  0 -1
 0  0  0 -1  1  0
 0  0  0  1  0  0
 1  0 -1  2 -1  1
 1 -1  0  2 -1  1
 1  0  0  2 -1  1
1,1,1,1;1;1 1 3
3 
#1 
6	% 
  0 -1 -1  0  0 -1
 -1  0 -1  0  0 -1
 -1 -1  0  0  0 -1
  1  1  1  0  0  1
  0  0  0 -1  0  0
  0  0  0  1 -1  0
1,1,1;1,1;1 1 3
9 
#2 
6	% 
 0 -1 0  0 0 0
 0  0 0  1 1 0
 0  2 0 -1 0 0
 1 -1 0  0 0 0
 1 -1 1  0 0 0
 0  0 0  0 0 1
6	% 
 -1 -1  1  0 0 0
  0  0  0  1 1 0
  1  1 -1 -1 0 0
  0 -1  0  0 0 0
  1 -1  0  0 0 0
  0  0  0  0 0 1
1,1,1;1,1;1 1 8
54 
#4 
6	% 
 0  1 -2 -1  2 0
 0  0  0 -1  2 0
 1 -2  3  3 -6 0
 0 -1 -1 -1  1 0
 0  1  0  0  1 0
 0  0  0  0  0 1
6	% 
 0  1 -2 0  3 0
 0  1 -2 0  4 0
 1 -3  5 0 -8 0
 0  0 -1 1  1 0
 0  0 -1 0  2 0
 0  0  0 0  0 1
6	% 
  1  1 -1  1 -2 0
  2  0 -2  1 -2 0
 -4 -3  4 -3  6 0
  1  0  0  0 -1 0
  1  0 -1  1 -1 0
  0  0  0  0  0 1
6	% 
 -1 -1  1 0 -2 0
  0  0  0 0 -1 0
  1  0 -1 0  4 0
  0 -1  1 0 -1 0
  0  0  0 1 -1 0
  0  0  0 0  0 1
2-2;1,1,1;1 1 1
1 
#1 
6	% 
  0  0  0 1  0 0
  0  0  0 1 -1 0
  0 -1 -1 0  0 0
 -1  0 -1 0  0 0
  1  1  1 0  0 0
  0  0  0 0  0 1
2-2;1,1,1;1 1 3
4 
#1 
6	% 
  0  0 0  0 -1 0
  0  0 0 -1  0 0
  0  0 0  0  0 1
  1 -1 0  1  1 0
 -1  0 1 -1 -1 0
  1  0 0  1  1 0
2-2',2-2';1;1 1 3
8 
#1 
6	% 
  0 0  0  0  0 1
  0 1 -1 -1  0 0
  0 0 -1 -1  1 0
  1 0 -1 -1  1 0
 -1 1  0 -1  0 0
  1 0  0  0 -1 0
1,1,1;1,1;1 1 1
1 
#1 
6	% 
  0 -1 -1 0  0 0
 -1  0 -1 0  0 0
  1  1  1 0  0 0
  0  0  0 0 -1 0
  0  0  0 1  1 0
  0  0  0 0  0 1
2-2;2-1;1,1 1 2
3 
#1 
6	% 
 1  1 -1  0 0 1
 1  0 -1  0 0 0
 0  0  0  0 1 0
 0  0  0 -1 1 0
 0  0  1  0 0 0
 0 -1  0  0 0 0
2-2;2-1;1;1 1 2
3 
#1 
6	% 
  0  0 0  0 0 1
  1  0 0  0 0 0
  0  0 0  0 1 0
  0  0 0 -1 1 0
 -1  1 0  0 0 0
  0 -1 1  0 0 0
3;1,1,1 1 1
1 
#1 
6	% 
 0 0 1  0  0  0
 0 1 0  0  0  0
 1 0 0  0  0  0
 0 0 0  0 -1 -1
 0 0 0 -1  0 -1
 0 0 0  1  1  1
2-1;1,1;1;1 1 15
18 
#2 
6	% 
  0 0  0 1 -1 1
 -1 0  1 0  0 0
  0 0  0 0  1 0
  0 0 -1 0  0 0
  0 1  0 0  0 0
  0 0  0 1  0 0
6	% 
  0 0  0  0 0 1
 -1 0  1  0 0 0
  0 0  0  0 1 0
  0 0 -1  0 0 0
  0 1  0  0 0 0
  0 0  0 -1 0 0
2-1;1,1;1;1 1 3
3 
#1 
6	% 
  0 0  0 0 -1 0
  0 0  0 1  1 0
  0 0  0 0  0 1
 -1 0  1 0  0 0
  0 0 -1 0  0 0
  0 1  0 0  0 0
1,1;1,1;1;1 1 19
27 
#2 
6	% 
  0  2 0 0 0 1
 -1  0 1 0 0 0
  1 -1 0 0 0 0
  0  0 0 0 1 0
  1  0 0 0 0 0
  0  0 0 1 0 0
6	% 
 -1 -2 1 0 0 0
  0  0 0 0 0 1
  1  0 0 0 0 0
  0  0 0 0 1 0
  0 -1 1 0 0 0
  0  0 0 1 0 0
1,1;1,1;1,1 1 2
9 
#2 
6	% 
  0  2 0 0  0 1
  0  0 0 0 -1 0
  0  0 0 1  1 0
 -1  0 1 0  0 0
  1 -1 0 0  0 0
  1  0 0 0  0 0
6	% 
 -1 1 -2 0 0 0
  0 0  0 1 0 0
  0 0  0 0 1 0
  0 0  0 0 0 1
  1 0  0 0 0 0
  0 1 -1 0 0 0
1,1,1;1;1;1 1 10
27 
#2 
6	% 
 -1 1 -1 0  0 1
 -1 0  1 0  0 0
  1 0  0 0  0 0
  0 0  0 0 -1 0
  0 0  0 1  0 0
 -1 1  0 0  0 0
6	% 
  0  1  0 0  0 1
  0 -1  0 0  0 0
  0  0 -1 0  0 0
  0  0  0 0 -1 0
  0  0  0 1  0 0
 -1  1  0 0  0 0
2-2;2-2;1,1 1 3
4 
#1 
6	% 
  0  0 0 0 0 1
  0  0 0 0 1 0
  0  0 0 1 0 0
  1 -1 0 0 0 0
 -1  0 1 0 0 0
  1  0 0 0 0 0
2-2;1,1;1,1 1 3
4 
#1 
6	% 
  0  0 0 0  0 1
  0  0 0 0 -1 0
  0  0 0 1  1 0
  1 -1 0 0  0 0
 -1  0 1 0  0 0
  1  0 0 0  0 0
1,1,1;1;1;1 1 5
3 
#1 
6	% 
  0 -1 -1 0 0 0
 -1  0 -1 0 0 0
  1  1  1 0 0 0
  0  0  0 0 0 1
  0  0  0 0 1 0
  0  0  0 1 0 0
2-2,2-2;1,1 2 2
24 
#1 
6	% 
 0 0  0  0 0 1
 0 0  0  0 1 0
 0 0  0 -1 1 0
 0 1 -1  0 0 0
 0 0  1  0 0 0
 1 0 -1  0 0 0
1,1,1;1;1;1 1 8
54 
#4 
6	% 
 0  0  0  0  0 -1
 0  0  0 -1  0  1
 1  0 -1  0  1  0
 0  0 -1  0  0  0
 0  0  0 -1  1 -1
 0 -1  0  0 -1  0
6	% 
 0 0  1 0  1 1
 0 0 -1 1  0 0
 1 0  0 0  0 0
 1 1 -1 0  0 0
 0 0  1 1 -1 0
 1 0 -1 0  0 0
6	% 
  0  0  0 0  0  1
 -1  1  1 0  1 -1
  0  0 -1 0  0  0
  0  1 -1 0  0  0
  1 -1 -1 1 -1  1
 -1  1  0 0  0  0
6	% 
 0  0  1  0 0 -1
 0  0  0  1 0  1
 1  0  0  0 0  0
 1 -1  0  0 0  0
 0  0  0 -1 1 -1
 1  0 -1  0 0  0
1,1;1,1;1;1 1 10
108 
#6 
6	% 
 -1 -1  1 0  0 1
  1  0 -1 0  0 0
  1  1 -1 0  0 0
  0  0  1 1  0 0
  0  0 -1 1 -1 0
  1  0  0 0  0 0
6	% 
  0  0  3  0  0 1
  0 -1  0  0 -1 0
  0  0 -1  0  0 0
  1  1 -1 -1  2 0
 -1 -1  1 -1 -1 0
  1  0 -1  0  1 0
6	% 
  0  0  3 0  0 1
  1  0 -1 0  0 0
  0  0 -1 0  0 0
 -1  1  0 0  1 0
  1 -1  0 1 -1 0
  0  1 -1 0  0 0
6	% 
  2  2 -2  0  0 1
 -1  0  1  0  0 0
 -1 -1  1  0  0 0
  1 -1  0  0 -1 0
 -1  1  0 -1  1 0
  0 -1  1  0  0 0
6	% 
 0 0  3 0  0 1
 1 0 -1 0  1 0
 0 0 -1 0  0 0
 0 0  0 1  0 0
 0 0  0 1 -1 0
 0 1 -1 0 -1 0
6	% 
  0  0  3  0  0 1
  1  0 -1  0  0 0
  0  0 -1  0  0 0
 -1 -1  1 -1  0 0
  1  1 -1  1 -1 0
  0 -1  0  0  0 0
1,1;1,1;1,1 1 6
54 
#3 
6	% 
 -1 -1  1  0  0 1
  1  0  0 -1  1 0
  1  1 -1  0  0 0
  0  0  0  1 -1 0
  0  0  0  1  0 0
  1  0 -1 -1  0 0
6	% 
  0  0  3  0 0 1
  0  1 -1  0 0 0
  0  0 -1  0 0 0
  1 -1  0  1 0 0
 -1  1  0 -1 1 0
  1  0 -1  0 0 0
6	% 
  2 -2  0  0  0 1
 -1  0  1  0  1 0
 -1  1  0  0  0 0
  0  0 -1  0 -1 0
  0  0  1  1 -1 0
 -1  0  0 -1  1 0
1,1;1,1;1;1 1 8
54 
#4 
6	% 
 0  0 1 0  0  0
 0  0 0 0 -2 -1
 0  0 0 1  1  1
 1  0 0 0  0  0
 0 -1 0 0  0  0
 0  0 0 1 -2 -1
6	% 
  0  0 0 0  0 1
  1 -1 1 0  0 0
 -1  0 0 0  0 0
  0  0 0 1  0 0
  0  0 0 0 -1 0
  1 -1 0 0  0 0
6	% 
 0  0 0  1 -1 1
 0 -1 0  0  0 0
 0  0 1  0  0 0
 0  0 0 -1  0 0
 0  0 0  0 -1 0
 1 -1 0  0  0 0
6	% 
 0  0 0 0  0 1
 0 -1 0 0  0 0
 0  0 1 0  0 0
 0  0 0 1  0 0
 0  0 0 0 -1 0
 1 -1 0 0  0 0
1,1,1;1;1;1 1 7
54 
#4 
6	% 
 -1 -1 -1  0 -2 0
  0  0  0  0  0 1
  0  0  1 -1  0 0
  0  1  0  0  1 0
  0  0 -1 -1  1 0
 -1  0  0  0 -1 0
6	% 
  1  1 1 1 -2 0
  0  0 0 0  0 1
  0  1 0 0  0 0
 -1 -1 0 0  1 0
 -1  0 0 0  0 0
  1  1 0 1 -1 0
6	% 
 0 -1 0 0 -1 0
 0  0 0 0  0 1
 0  0 0 1 -1 0
 0  0 1 0  0 0
 0  0 0 1  0 0
 1 -1 0 0  0 0
6	% 
  1  2 -1 1 -2 0
  0  0  0 0  0 1
  0  0 -1 0  0 0
 -1 -1  1 0  1 0
 -1  1  0 0  0 0
  1  1 -1 1 -1 0
1,1;1,1;1,1 1 4
54 
#4 
6	% 
  0 0 1  0 0 0
  0 0 0  0 2 1
  0 0 0 -1 0 0
  0 1 0  0 0 0
 -1 0 0  0 0 0
  0 0 0 -1 1 0
6	% 
 -2  1 -1 0  0 0
  0  0  0 2  0 1
  1 -1 -1 0 -1 0
  1  0  1 0  0 0
 -2  1  0 0  0 0
  1 -1 -1 1 -1 0
6	% 
  0 0  0  2 -1  1
 -2 1 -1  0  0  0
  1 0  1  0 -1  0
  0 0  0 -1  0 -1
  0 0  0  1 -1  1
 -2 1  0  0 -1  0
6	% 
 1 -1  1  0  0  0
 0  0  0  2 -1  1
 0 -1  0 -1  0 -1
 0  1 -1  0  0  0
 0  0  1  0  0  0
 0 -1  0  1 -1  1
2-2;1,1;1,1 1 2
9 
#2 
6	% 
 0  0 1 0 0 0
 0  0 0 0 0 1
 1  0 0 0 0 0
 0  0 0 1 0 0
 0  0 0 0 1 0
 0 -1 0 0 0 0
6	% 
 -2 -1  1 0 0 0
  1 -1 -1 0 0 1
  0  1  0 0 0 0
  0  0  0 0 1 0
  0  0  0 1 0 0
 -1  0  1 0 0 0
1,1,1;1;1;1 1 3
9 
#2 
6	% 
  1  1 -1  1  0 0
 -2 -2  2 -1 -1 0
  0  0  0  0  0 1
  0 -1  0  0  0 0
  1  1 -1  0  0 0
  0 -1  1  0  0 0
6	% 
 0  0  0 1  1 0
 0  0  0 0 -1 0
 0  0  0 0  0 1
 1  0  0 0  0 0
 0  0 -1 0  0 0
 0 -1  1 0  0 0
1,1;1,1;1;1 1 17
54 
#3 
6	% 
 0 0  0  0  0 1
 0 0 -1 -1  0 0
 0 1  0  0  1 0
 0 0  1  1 -1 0
 1 0  0  0  1 0
 0 0 -1  0 -1 0
6	% 
  0  0  0  0  0 1
  1  1 -1  0  3 0
 -1  0 -1 -1 -1 0
 -1 -1  2  1 -3 0
  0 -1 -1 -1 -1 0
  1  1  0  1  2 0
6	% 
  0  0  0  0 0 1
  1 -1  0  0 0 0
 -1  0  0  0 0 0
  0  0  1  1 0 0
  0  1 -1  0 0 0
  0  0  1 -1 1 0
1,1;1,1;1;1 1 2
9 
#2 
6	% 
  0 0 1 0 0 0
  0 0 0 1 0 0
  0 0 0 0 1 0
  0 0 0 0 0 1
  0 1 0 0 0 0
 -1 0 0 0 0 0
6	% 
 0 -1 0 0  0 0
 0  0 0 0 -1 0
 0  0 0 1  1 0
 0  0 0 0  0 1
 0  0 1 0  0 0
 1 -1 0 0  0 0
1,1,1,1;1;1 1 6
3 
#1 
6	% 
 0  0 0  1  0  0
 0  0 0  0  1  0
 0  0 0  0  0  1
 0 -1 1 -1 -1 -1
 0  1 0  1  1  1
 1 -1 0  0  0  0
1,1,1;1,1;1 1 11
36 
#2 
6	% 
 -1  1  1  2  0 -2
 -1  1  1  1  0 -2
  2 -2 -2 -2  0  5
  0  1  0  1  0 -1
  0  1  0  1 -1 -1
  0  0  1  1  0 -1
6	% 
  1  1 -1  0  0 0
  3  3 -3  1 -2 0
 -5 -5  5 -1  2 1
  1  0 -1 -2  0 0
  1  2 -1  2 -1 0
  1  0  0  0  0 0
1,1,1;1,1;1 1 6
6 
#1 
6	% 
 -1  1  1 0  0  0
  0  0  0 1  1  0
  1 -1 -1 0 -1  0
 -1  0  1 0  0 -1
 -1 -1  1 0  0 -1
  0  0  1 0  0  0
1,1,1;1;1;1 1 14
1 
#1 
6	% 
  0 0  0  0 -1 -1
  0 0  0 -1  0 -1
  0 0  0  1  1  1
  0 0 -1  0  0  0
  0 1  0  0  0  0
 -1 0  0  0  0  0
1,1;1,1;1;1 1 26
18 
#2 
6	% 
  0  0  0  2  0 1
  2 -2 -2  1 -3 0
  2 -2 -2  2 -3 0
 -2  1  2 -1  2 0
  1 -1 -2  1 -2 0
  0 -1  1  0  0 0
6	% 
 0  0  0  0  0 1
 1 -1 -1  1  2 0
 1 -1 -1 -1  3 0
 0  1  0  0 -1 0
 0  0 -1  0  1 0
 1  0  0  0  0 0
1,1;1,1;1;1 1 11
3 
#1 
6	% 
 0  0 0 0  0  1
 0  0 0 0 -1  0
 0  0 0 1  1  0
 0  0 1 0  0 -1
 0 -1 0 0  0  1
 1  0 0 0  0  0
1,1,1;1;1;1 1 16
18 
#2 
6	% 
 -1  1  1 -1  2 -1
 -2  2  2 -1  3 -2
  2 -2 -2  2 -3  2
 -1  2  1 -1  2 -1
 -1  1  2 -1  2 -1
  1  0  0  0  0  0
6	% 
  0  0  0 0 -1  1
  1 -1 -1 1  0  3
 -1  1  1 1 -1 -3
  1 -1  0 0  0  2
  1  0 -1 0  0  2
  1  0  0 0  0  0
1,1,1;1;1;1 1 11
3 
#1 
6	% 
 0  0 0 1 0 0
 0  0 0 0 1 0
 0  0 0 0 0 1
 0 -1 1 0 0 0
 0 -1 0 1 1 0
 1 -1 0 1 1 0
1,1,1;1;1;1 1 6
3 
#1 
6	% 
  0 0 0  0  1  0
  0 0 0  0  1  1
  0 0 0 -1 -1 -1
  1 0 0  0  0  0
 -1 0 1  0  0  0
 -1 1 0  0  0  0
1,1;1,1;1;1 1 20
54 
#4 
6	% 
  0  0  0  1  0  1
  2 -2 -2 -1 -1 -1
 -1  1  1  0  0  0
  0  0 -1  0  0  0
  2 -2 -2  2 -1  1
  0 -1  0  0  0  0
6	% 
  0  0  0  0  0 1
  1 -1 -1  1  1 0
 -1  1  1  0 -2 0
  0  0 -1  0  1 0
  1 -1 -1 -1  2 0
  0 -1  0  0  1 0
6	% 
 0  0  0  0 0 1
 0  0  2  1 0 0
 0  0 -1  0 0 0
 1  0  0  0 0 0
 0  0  2 -1 1 0
 0 -1  1  0 0 0
6	% 
 0  0  0  0 2 1
 0  1 -1 -1 0 0
 0 -1  1  0 0 0
 1  0 -1  0 0 0
 0  1 -1 -1 1 0
 0  1  0  0 0 0
1,1;1,1;1;1 1 5
9 
#2 
6	% 
  2 -2 -2 0 0 1
  0  0  0 1 0 0
  0  0  0 0 1 0
 -1  1  1 0 0 0
  0  0 -1 0 0 0
  0 -1  0 0 0 0
6	% 
 0  0  3 0  0 1
 0  0  0 0 -1 0
 0  0  0 1  1 0
 0  0 -1 0  0 0
 1  0  0 0  0 0
 0 -1  1 0  0 0
1,1;1,1;1;1 1 16
54 
#4 
6	% 
  0  0 1  0  0 0
  0  0 0  0  0 1
 -1  1 0 -1  1 0
  1  0 0  0  0 0
  1 -1 0  0 -1 0
  0 -1 0  0  0 0
6	% 
  1 1  1 0  0 0
  0 0  0 0  0 1
  0 0  0 1  0 0
 -1 0 -1 0 -2 0
  0 0  0 1 -1 0
  0 1  1 0 -2 0
6	% 
 -1 -2  1 0  0 0
  0  0  0 0  0 1
  0  0  0 1  0 0
  0  1 -1 0 -1 0
  0  0  0 1 -1 0
 -1  0  0 0 -1 0
6	% 
 -2  1 -1  0  0 0
  0  0  0  0  0 1
  1 -1 -1  0 -1 0
  0  1  2 -1  2 0
 -1  1  1 -1  1 0
 -3  2  1 -1  2 0
2-2;1,1;1,1 1 4
24 
#2 
6	% 
  0 0 0  2 -1  1
  0 0 0 -1  0 -1
  0 0 0 -1  1 -1
 -1 0 1  0 -1  0
 -1 1 0  0 -1  0
 -1 0 0  0 -1  0
6	% 
 0  0  0  0  1  1
 0  0  0  1 -2 -1
 0  0  0 -1 -1 -1
 1  0 -1  0  0  0
 1 -1  0  0  0  0
 1  0  0  0  0  0
2-1;1,1;1;1 1 11
9 
#1 
6	% 
 0  0  0  0  0 1
 0 -1  0  0  0 0
 0  0  1  0  0 0
 0  0  0 -1  0 0
 1  0 -1  0  0 0
 0  0  0  1 -1 0
2-1;1,1;1;1 1 10
18 
#2 
6	% 
  0 0  0  0  0 1
  0 1 -1  0  1 0
  0 0  0 -1  0 0
  0 0  1  0  0 0
 -1 0  0  0 -1 0
  0 0  0 -1  1 0
6	% 
  0  0  0  0  0 1
  1  2 -2  2 -1 0
  1  1 -1  1 -1 0
  1 -1  0  0  0 0
 -2 -1  1 -2  1 0
 -1 -1  1 -1  0 0
2-1;1;1;1;1 1 9
9 
#1 
6	% 
  0  0 0  0  0 1
  0  1 0  0  0 0
  0  0 0 -1  0 0
  1 -1 0  0  0 0
 -1  0 1  0  0 0
  0  0 0  1 -1 0
2-2;2-2;1;1 1 3
4 
#1 
6	% 
  0 0  0  0 0 1
  0 0  0  0 1 0
  0 0  0 -1 1 0
 -1 1  0  0 0 0
  1 0 -1  0 0 0
 -1 0  0  0 0 0
2-2;1,1,1;1 1 4
4 
#1 
6	% 
  0 0  0 1  0  1
  0 0  0 0 -1  0
  0 0  0 0  0 -1
 -1 1  0 0  0  0
  1 0 -1 0  0  0
 -1 0  0 0  0  0
2-2,2-2;1;1 2 3
24 
#1 
6	% 
 0  0  0 0  0 1
 0  0  0 1  0 0
 0  0  0 0  1 0
 0  0  1 0  1 0
 1  0 -1 1  0 0
 0 -1  1 1 -1 0
1,1;1,1;1;1 1 24
36 
#2 
6	% 
  1 -1 -1 0  0 1
  1  1 -1 1  3 0
 -1 -1  1 1 -4 0
  0 -1  1 0 -2 0
 -1  0  1 0 -2 0
  0  0 -1 0  0 0
6	% 
 -1 1  1  0 0 -1
  0 0  0 -1 1  0
  0 0  0  1 0  0
 -1 0  0  0 0  0
  0 0 -1  0 0  1
  0 1  0  0 0 -1
1,1;1,1;1,1 1 9
18 
#1 
6	% 
  0  0  0  0  0 1
 -1  1 -1 -1  1 0
 -1  1 -1 -1  0 0
 -1  0  0  0 -2 0
  0 -1  0  0 -2 0
  0  0  1  0  0 0
1,1;1,1;1;1 1 33
18 
#1 
6	% 
  0 0  0  0  0 1
 -1 1 -1 -1  1 0
 -1 1 -1 -1  0 0
  1 0 -1  0  1 0
  0 1 -1  0  0 0
  0 0  1  0 -1 0
2-2,2-2;1,1 1 2
24 
#1 
6	% 
  0  0  0  0  0 1
  1 -1  0  0 -1 0
  1  0  0  1 -1 0
  1 -1 -1 -1 -1 0
 -1 -1  1 -2  1 0
 -1  1 -1 -1  2 0
2-2,2-2;1;1 1 3
24 
#1 
6	% 
  0  0  0  0  0 1
 -1  0  0 -2  2 0
 -1  1  0  0  2 0
  0  0 -1 -2  1 0
  0 -1  1 -1 -1 0
  1  0 -1  1 -2 0
2-2;1,1;1;1 1 4
9 
#2 
6	% 
 -1 -1  1 0  0 1
  0  0  0 1 -1 0
  1  1 -1 0  0 0
  0  0  0 1  0 0
  0 -1  1 0  0 0
  0 -1  0 0  0 0
6	% 
 0  0  3 0  0 1
 0  0  0 1 -1 0
 0  0 -1 0  0 0
 0  0  0 1  0 0
 0 -1  1 0  0 0
 1  0  0 0  0 0
2-2;1,1;1;1 1 2
9 
#2 
6	% 
  0 0 1 0 0 0
  0 0 0 0 0 1
  0 1 0 0 0 0
  0 0 0 1 0 0
  0 0 0 0 1 0
 -1 0 0 0 0 0
6	% 
 0 0 -1 0 0 0
 0 0  0 0 0 1
 0 1  0 0 0 0
 0 0  0 0 1 0
 0 0  0 1 0 0
 1 0 -1 0 0 0
1,1;1;1;1;1 1 10
18 
#2 
6	% 
 0  0  0  1 0  1
 0  0  0 -2 1 -1
 0 -1  0  0 0  0
 0  0 -1  0 0  0
 0  0  0  1 1  1
 1  0 -1  0 0  0
6	% 
 0  0  0  0  0  1
 0  0  0 -1  1 -1
 0 -1  0  0  0  0
 0  0 -1  0  0  0
 0  0  0  0 -1  1
 1  0 -1  0  0  0
1,1;1;1;1;1 1 16
27 
#2 
6	% 
  0 0  2  0  0 1
  0 0 -1  0  0 0
  0 0  0  0 -1 0
  0 1  0  0  0 0
  0 0  0 -1  1 0
 -1 0  1  0  0 0
6	% 
  1  1 -1  0  0 1
 -1 -1  1  0  0 0
  0  0  0  0 -1 0
  1  0  0  0  0 0
  0  0  0 -1  1 0
  1  0 -1  0  0 0
1,1;1;1;1;1 1 12
54 
#4 
6	% 
  0  0  0  0 0 1
 -1  0  0  0 0 0
 -1 -1  1  0 0 0
  0  0  1  0 1 0
 -1  0  1  0 0 0
  0  0 -1 -1 1 0
6	% 
 0  0  0  0  0 1
 1  0  0  0  0 0
 1 -1  0  0  0 0
 0  0  1  0 -1 0
 1  0 -1  0  0 0
 0  0 -1 -1  1 0
6	% 
  0  0  0  0  0 1
  0  1  0  0  0 0
 -1  1  0  0  0 0
 -1 -1  1 -1  1 0
 -1  0  1  0  0 0
  1  1 -1  0 -1 0
6	% 
  0  0  0 0  0 1
 -1  0  1 0 -1 0
  0  0  1 0  0 0
  1  1 -1 1  1 0
  0  1  0 0  1 0
 -1 -1  1 1 -2 0
1,1;1;1;1;1 1 5
3 
#1 
6	% 
  0 0  0  1  0 0
  0 0  0 -1 -1 0
  0 0  0  0  0 1
  0 1  0  0  0 0
  0 0 -1  0  0 0
 -1 0  1  0  0 0
1,1;1;1;1;1 1 9
27 
#2 
6	% 
  0 0 1  0  0 0
  0 0 0  0  0 1
  0 0 0  0 -1 0
  0 1 0  0  0 0
  0 0 0 -1  1 0
 -1 0 0  0  0 0
6	% 
 0 -1 0  0  0 0
 0  0 0  0  0 1
 0  0 0 -1  0 0
 0  0 1  0  0 0
 0  0 0  1 -1 0
 1 -1 0  0  0 0
2-2;1,1;1;1 1 11
24 
#2 
6	% 
  0 0 0 0  1  1
  0 0 0 1 -2 -1
  0 0 0 1  1  1
 -1 0 1 0  0  0
 -1 1 0 0  0  0
 -1 0 0 0  0  0
6	% 
  0 0 0  0  0 -1
  0 0 0  1 -1  1
  0 0 0 -1  0 -1
 -1 0 1  0  0  0
 -1 1 0  0  0  0
 -1 0 0  0  0  0
2-2;1,1;1;1 1 8
12 
#1 
6	% 
 0  0  0  0  0 1
 0  0  0 -1  0 0
 0  0  0  1 -1 0
 1  0 -1  0  0 0
 1 -1  0  0  0 0
 1  0  0  0  0 0
2-2;1,1;1;1 1 7
24 
#2 
6	% 
  0 0 0  0  0 1
  0 0 0 -1  0 0
  0 0 0 -1  1 0
 -1 0 1  0 -1 0
 -1 1 0  0 -1 0
 -1 0 0  0 -1 0
6	% 
  0 0 0 0  0 1
  0 0 0 0  1 0
  0 0 0 1 -1 0
 -1 0 1 0  0 0
 -1 1 0 0  0 0
 -1 0 0 0  0 0
3;1,1;1 1 4
6 
#2 
6	% 
 0 0 0  0 2 1
 0 0 0 -1 0 0
 0 0 0 -1 1 0
 0 1 0  0 0 0
 1 0 0  0 0 0
 0 0 1  0 0 0
6	% 
 0 0 0  0 0 1
 0 0 0  0 1 0
 0 0 0 -1 0 0
 0 0 1  0 0 0
 0 1 0  0 0 0
 1 0 0  0 0 0
1,1;1;1;1;1 1 38
6 
#2 
6	% 
 0  0 0  0 2 1
 0  0 0 -1 0 0
 0  0 0 -1 1 0
 0 -1 0  0 0 0
 0  0 1  0 0 0
 1  0 0  0 0 0
6	% 
 0  0 0  0 0 1
 0  0 0  0 1 0
 0  0 0 -1 0 0
 0 -1 0  0 0 0
 1  0 0  0 0 0
 0  0 1  0 0 0
1,1;1;1;1;1 1 40
9 
#1 
6	% 
  0  0 0  0  0 1
  0  0 0 -1  0 0
  0  0 0  1 -1 0
 -1  0 1  0  0 0
  0 -1 1  0  0 0
  0  0 1  0  0 0
1,1;1;1;1;1 1 35
18 
#2 
6	% 
  0  0  0  0  0 1
  1  1 -1 -1  4 0
 -1 -1  1 -1 -3 0
  1 -1  0  0  0 0
  1  0 -1  0  2 0
  1  0  0  0  2 0
6	% 
 0 0 0 0  0 1
 0 0 0 0  1 0
 0 0 0 1 -1 0
 0 0 1 0  0 0
 1 0 0 0  0 0
 0 1 0 0  0 0
2-2;1,1;1;1 1 6
4 
#1 
6	% 
  0 0  0 1 0 0
  0 0  0 0 1 0
  0 0  0 0 0 1
 -1 1  0 0 0 0
  1 0 -1 0 0 0
 -1 0  0 0 0 0
3;1,1;1 1 1
1 
#1 
6	% 
 0 0 1 0  0 0
 0 1 0 0  0 0
 1 0 0 0  0 0
 0 0 0 0 -1 0
 0 0 0 1  1 0
 0 0 0 0  0 1
1,1;1;1;1;1 1 26
1 
#1 
6	% 
 0 0 0 0 -1 0
 0 0 0 1  1 0
 0 0 0 0  0 1
 0 0 1 0  0 0
 1 0 0 0  0 0
 0 1 0 0  0 0
2-2;1;1;1;1 1 7
12 
#1 
6	% 
  0 0 0 0 0 1
  0 0 0 0 1 0
  0 0 0 1 0 0
 -1 1 0 0 0 0
 -1 0 1 0 0 0
 -1 0 0 0 0 0
1;1;1;1;1;1 1 8
9 
#1 
6	% 
  0 0  0 0 0 1
  0 0  0 0 1 0
  0 1 -1 0 0 0
  0 1  0 0 0 0
  0 0  0 1 0 0
 -1 1  0 0 0 0
1;1;1;1;1;1 1 24
3 
#1 
6	% 
 0 0 0 0 0 1
 0 0 0 0 1 0
 0 0 0 1 0 0
 0 0 1 0 0 0
 0 1 0 0 0 0
 1 0 0 0 0 0
2-2;1;1;1;1 1 3
3 
#1 
6	% 
  0  0  0 0 0 1
  0  0  0 0 1 0
 -1 -1  1 0 0 0
  1  0  0 0 0 0
  0  0  0 1 0 0
  1  0 -1 0 0 0
2-2;1,1;1;1 1 15
3 
#1 
6	% 
  1 1 -1  0 0 1
  0 0  0  0 1 0
  0 0  0 -1 1 0
 -1 0  0  0 0 0
  1 0 -1  0 0 0
 -1 1  0  0 0 0
2-2;1;1;1;1 1 12
1 
#1 
6	% 
  0  0 0  0 0 1
  0  0 0  0 1 0
  0  0 0 -1 1 0
 -1  0 0  0 0 0
  0  0 1  0 0 0
  0 -1 0  0 0 0
3;1;1;1 1 3
3 
#1 
6	% 
 0 0 0  0  0 1
 0 0 0 -1  0 0
 0 0 0  1 -1 0
 0 1 0  0  0 0
 1 0 0  0  0 0
 0 0 1  0  0 0
