#30

2-1;1;1;1;1 1 38
1 
#1 
6	% 
 1 0 0 0 0 0
 0 1 0 0 0 0
 0 0 1 0 0 0
 0 0 0 1 0 0
 0 0 0 0 1 0
 0 0 0 0 0 1
1,1,1,1,1,1 1 1
1 
#1 
6	% 
 1 0 0 0 0 0
 0 1 0 0 0 0
 0 0 1 0 0 0
 0 0 0 1 0 0
 0 0 0 0 1 0
 0 0 0 0 0 1
1,1,1,1;1,1 1 3
10 
#4 
6	% 
  0 1  0  0  0  0
 -1 0  1  0 -1 -1
  0 0  0 -1  0  0
  1 0  0  0  1  0
 -1 0  1  1  0 -1
  0 0 -1  0  0  0
6	% 
 -1 0  1 -1  1  0
  0 1  0  0  1  1
  1 0  0  1  0  0
  1 0 -2  0 -1  1
 -1 0  0 -1  0  1
 -1 0  1  0  1 -1
6	% 
  1  1 -2  0  0  0
 -1 -1 -1 -1 -1 -1
  0 -1  1 -1  0  0
  0  1  1  1  0  1
 -1  0 -1  0 -1  0
  1  0 -1  0  0  0
6	% 
  0  1 0  1 0 1
  1  1 0  1 1 1
  1  0 0 -1 1 1
 -1 -1 1 -1 0 0
  1  1 0  0 2 2
 -1  0 1  0 0 0
1,1,1,1,1;1 1 2
4 
#2 
6	% 
  1  0  0  0  0  0
  0  0  1  0  0  0
  1  0  1 -1  0  0
  0 -1  0 -1 -1 -1
 -1  1 -1  1  0  1
  1 -1  1 -1 -1  0
6	% 
  0  0  0  0 -1  1
  0  0  0  0  0  1
  0  0  1 -1 -1  1
 -1 -1 -1 -1 -1  1
  0  1  0  2  1 -2
 -1  0  0 -1 -1  2
2-1;1,1,1;1 1 8
2 
#1 
6	% 
 1 0 -1 0 0  0
 0 1  0 0 1  1
 0 0  0 0 1  0
 0 0  1 0 0  0
 0 0  0 1 0  0
 0 0  0 0 0 -1
1,1,1;1,1,1 1 4
6 
#2 
6	% 
 0 0 -1  1 0 1
 0 0  0  1 0 0
 1 0  1 -2 0 0
 0 0 -1  1 1 0
 0 1  1 -1 0 0
 0 0 -1  0 0 0
6	% 
  0  0  0  1 -1  1
  0  1  1  0 -1  0
  0 -1 -1 -1  1 -1
  0  0  1  1 -1  0
 -1  0  0 -1  0 -2
  1  0 -1  1  1  2
1,1,1,1;1,1 1 2
1 
#1 
6	% 
  0 0  0 -1 0 0
  0 0  0 -1 0 1
  0 0  1  1 0 0
 -1 1  0  1 0 0
  1 0 -1  0 1 1
  1 0  0 -1 0 0
2-1;1,1;1,1 1 11
2 
#1 
6	% 
 0 1  0 0 0  0
 1 0 -1 0 1  1
 0 0  0 0 0 -1
 0 0 -1 0 0  0
 0 0  0 1 0  0
 0 0  0 0 1  0
1,1,1;1,1,1 1 3
2 
#1 
6	% 
  0  0  1  0  2  2
  1  1 -1  0  0  2
 -1 -1  1  0  0 -1
  1  0 -1  0 -1 -1
 -1 -1  1  0 -1 -2
  1  0  0 -1  2  2
1,1;1,1;1;1 1 39
12 
#3 
6	% 
  1  2 -1  0  0  0
 -2 -1  3 -1 -2 -2
  1  1 -2  0  1  1
 -1 -1  1  0 -1  0
 -1 -1  1 -1 -1 -1
 -1 -1  1  0  0 -1
6	% 
 -2 -1  1  1 -2 -2
  1  2 -1  0  2  2
 -1 -1  0  0 -1 -1
  1  1 -1  0  2  1
  1  1 -1  0  1  2
  1  1 -1 -1  1  1
6	% 
 -2 -1 -1 -2 -3  0
  1  2  0  2  4 -1
 -1 -1  0 -1 -2  1
  1  1  1  1  2  0
  1  1  0  1  3  0
  1  1  0  2  2  0
1,1,1;1;1;1 1 15
2 
#1 
6	% 
  1 -1  1 -2  2  3
 -1  1  0  2 -2 -2
 -1  0  0  1 -2 -2
 -1  1 -1  2 -3 -2
  0 -1  1 -1  1  1
  1 -1  1 -1  2  2
1,1,1;1,1;1 1 12
16 
#4 
6	% 
 1 -1  1 -2  1  1
 0  0  1 -1  0  0
 0  0 -2  2 -1 -1
 0  0  1  0  1 -1
 0  0 -1  1 -1  0
 0 -1  1 -1  0  0
6	% 
  0  0 -2  2  1  1
  1 -1 -2  1  3  3
 -1  1  5 -4 -5 -5
  1  0 -1  1  2  2
  0  1  2 -2 -2 -2
  0  0 -1  1  0  1
6	% 
  1  1  0 -1  2  2
  2  2 -1  0  2  3
 -4 -4  1  1 -5 -7
  1  1  0  0  1  1
 -2 -2  0  1 -2 -3
  0  1  0  0  1  1
6	% 
 1 1 0 1  0  2
 0 0 0 0  1 -1
 0 0 1 1 -1  1
 0 0 0 0  0 -1
 0 0 1 0  0  1
 1 0 0 0  0  1
1,1,1;1;1;1 1 19
4 
#2 
6	% 
  1  1 -1  0  1  1
  0  1  0  0  1  1
 -1 -1  0  0 -1 -1
  1  1 -1  0  1  2
  1  1 -1  0  2  1
  1  1 -1 -1  1  1
6	% 
  1  1 0  1 0  2
  0  1 0  1 0  1
 -1 -1 0 -1 1 -2
  1  1 0  1 0  3
  1  1 1  1 0  2
  1  1 0  2 0  2
1,1;1,1;1;1 1 27
1 
#1 
6	% 
 -1 1  0  1  0  0
  0 0  1 -1  2  3
  0 0 -2  3 -6 -6
 -1 0 -1  2 -4 -4
 -1 0  3 -2  5  6
  0 0 -3  2 -6 -6
1,1;1,1;1,1 1 9
3 
#2 
6	% 
 1 -1  0 -1  0  0
 0  0  0  2 -1 -2
 0  0 -2  0 -2 -1
 0  0 -1  0 -1  0
 0  1 -1  0  0  1
 0 -1  1 -1  0  0
6	% 
  1 1 -1  0  1  1
  0 0  1  1  0 -1
  0 0  1  0  1 -1
  0 0  0  1  0 -1
 -1 0  0  1 -1 -1
  1 0 -1 -1  0  1
1,1,1,1;1;1 1 5
5 
#2 
6	% 
  0  1  0  0 0  0
 -1  1  1  0 0  0
 -1  1  0  1 0 -1
  1 -2 -1 -1 0  0
 -1  2  0  0 0  0
  1 -1  0 -1 1  0
6	% 
 0 0 -1  0  0  0
 0 0 -2 -1  1  1
 0 0 -1  0  0  1
 1 0  1  0  2  2
 0 1 -2  0 -1 -1
 0 0  1  0 -1  0
1,1,1;1,1;1 1 7
2 
#1 
6	% 
 0 0  0  0 -1 -1
 0 0 -1 -1 -1 -1
 0 0  1  2  1  1
 1 0 -1 -1  0  0
 1 1 -1  0  1  1
 0 0  0  0  0 -1
1,1,1;1,1;1 1 11
2 
#1 
6	% 
  0 -2  0 -2 -1 -1
  2 -2  1 -1  0  0
 -3  5 -2  3  1  1
  0 -1  0 -1  0  0
  1 -1  0  0 -1 -1
  0 -1  0 -1 -1  0
2-1;1,1;1;1 1 32
4 
#1 
6	% 
  0  1  0  0  1  1
  1  0 -1  0  0  0
 -1  1  1  0  1  0
  1 -1 -1 -1 -1 -1
  1 -1  0  0 -1 -1
  1 -1 -1  0  0 -1
2-1;1,1;1;1 1 34
1 
#1 
6	% 
 1 -1  0 -1 0  0
 0  0  0  1 0  0
 0  0  0  0 0 -1
 0  1 -1  0 1  0
 0  0 -1  0 0  0
 0  1 -1  0 0  0
1,1,1,1;1;1 1 4
1 
#1 
6	% 
 0  0 -1 -1  2  3
 0  0 -1 -1  1  2
 0  0  2  3 -3 -4
 0  0 -1 -1  1  1
 1  0  0  0  0  0
 0 -1  1  0 -1 -1
1,1,1;1,1;1 1 10
4 
#1 
6	% 
 0  0  0  0  1  1
 0  0 -1  1 -1 -1
 0  0  1 -2  0  0
 1  1 -1  0  1  2
 0 -1  0  0 -1 -1
 1 -1  0 -1  0  0
1,1;1,1;1;1 1 35
3 
#2 
6	% 
  0  0 -1 -4  1  3
  0 -1  0  0 -1 -1
  0  0  4  1  3  1
 -1  0  0  1 -1 -1
  0  0 -1 -2  0  1
  0  0  2  1  1  0
6	% 
  0 0 -1  1  2 -3
  0 1  0  1  0  1
  0 0 -2 -3  1  1
 -1 0  1  1 -1  0
  0 0  0  1  1 -2
  0 0 -1 -2  0  1
1,1;1,1;1;1 1 28
4 
#1 
6	% 
 -1  1  1  0  2  3
  1  0  0 -1  2  1
  1 -1  1 -2  3  2
  0  1 -1  0  0  1
  0  0 -1  0 -1 -1
  0  0  0  1 -1 -1
1,1,1;1;1;1 1 8
2 
#1 
6	% 
 0 0  0  1 -1 -1
 0 0  0  0  1  0
 1 0 -1 -1  0  0
 1 1 -1  0  1  1
 0 0  0  0  0 -1
 1 0  0  0  1  1
1,1;1,1;1,1 1 10
2 
#1 
6	% 
  1  0  1  1  1  0
 -1  1  0  1 -1  0
  0  0 -1  0  0  0
  0  1  1  2  0  1
  0  0  0  1  0  0
  1 -1  0 -1  0 -1
1,1;1;1;1;1 1 54
8 
#2 
6	% 
 0 1  0  0 0 0
 1 0 -1  0 1 1
 0 0  0  0 1 0
 0 0 -1  0 0 0
 0 0  0  0 0 1
 0 0  0 -1 0 0
6	% 
  0 1 0  1  0  1
 -1 0 0  0  0 -1
  0 0 0  0  0  1
  0 0 0  0 -1  0
  0 0 1  0  0  0
  0 0 0 -1  0  0
1;1;1;1;1;1 1 44
1 
#1 
6	% 
 0 1 0  1 0 1
 1 0 0 -1 0 0
 0 0 0  0 0 1
 0 0 0  0 1 0
 0 0 1  0 0 0
 0 0 0  1 0 0
1,1;1;1;1;1 1 31
1 
#1 
6	% 
 0 1 -1  1 -1 -1
 1 0  0  0  0  1
 0 0 -1  1 -4 -3
 0 0  1 -1  3  4
 0 0 -1  2 -5 -5
 0 0  2 -1  5  5
1,1;1;1;1;1 1 56
1 
#1 
6	% 
 1 -1 0 -1 0 0
 0 -1 0  0 0 0
 0  0 0  0 0 1
 0  0 0  0 1 0
 0  0 1  0 0 0
 0  0 0  1 0 0
