#99

3;2-1;1 2 2
1 
#1 
6	% 
 1 0 0 0 0 0
 0 1 0 0 0 0
 0 0 1 0 0 0
 0 0 0 1 0 0
 0 0 0 0 1 0
 0 0 0 0 0 1
1,1,1,1,1,1 1 1
1 
#1 
6	% 
 1 0 0 0 0 0
 0 1 0 0 0 0
 0 0 1 0 0 0
 0 0 0 1 0 0
 0 0 0 0 1 0
 0 0 0 0 0 1
2-1;1,1,1,1 1 2
4 
#2 
6	% 
  0 0  0  1  1 -1
  0 0  0  0  1  0
  1 0  1 -1  2 -1
  1 0  1  0  2 -1
  0 1 -1  0  0  0
 -1 0  0  0 -1  1
6	% 
  0  1  1  0  1 0
  0 -1  1  0  0 0
  1 -1  2  0  1 0
  1  0  1  1  1 0
  0  0  0 -1  0 1
 -1  0 -2  1 -1 0
1,1,1,1,1;1 1 2
13 
#4 
6	% 
  0  0  1  0  1 1
  0 -1  0  0  0 0
  0  0 -1  0  1 0
 -1 -1  0  0  1 0
  0  1  1 -1 -1 0
  0 -1  0 -1  1 0
6	% 
 -1 0  0  1 0  0
  1 0  0  1 1  1
  0 0  0  2 0  1
  0 0 -1  1 0  0
  0 1  0 -2 0 -1
  0 1 -1  2 1  1
6	% 
  1 0 1 -1  1 -1
  1 0 0  0  0  0
  0 0 0 -1  0  1
  1 0 0  0  1  0
 -1 0 0  1 -1  0
  1 1 0 -1  2  0
6	% 
  1  0  0  0  0  0
  0  0  1  0  0  0
  0 -1  0 -1 -1 -1
  1  0  1  0 -1  0
 -1  1 -1  1  1  0
  1 -1  1  0 -1 -1
1,1,1,1,1;1 1 1
1 
#1 
6	% 
 0  0  0  0 -1  0
 0 -1 -1  0 -1 -1
 0 -1  0 -1 -1 -1
 0  0 -1 -1  0 -1
 0  1  1  1  1  1
 1  0  0  0  0  0
1,1,1;1,1,1 1 2
10 
#3 
6	% 
  0  0  1 0  1  0
  0 -1 -1 0 -1  0
 -1  0  0 0  0  0
  0  0  0 1  0 -1
  0  1 -1 0  0  1
  0 -1  0 0  0  1
6	% 
  1  0  1  0  1  0
 -1 -1 -2  0 -3  0
  0  0  0  1  0 -1
  0  0 -1  1 -2  1
  0  0  0 -1  1  0
  0  0  1 -1  2  0
6	% 
  0 -1  1  0  0  0
  0  0 -1  0 -1  0
 -1  0  0  0  0  0
 -1  0 -1  1 -2  1
  1  1  1  0  3 -1
  1 -1  0 -1  0  0
1,1,1,1;1,1 1 2
23 
#7 
6	% 
 -1  0 -1 1 -2  1
 -1  0  0 0  0  0
  0  0  0 0 -1  0
  0 -1 -2 0 -3  0
  1  1  2 0  4 -1
 -1  1  1 0  1  1
6	% 
  0  0 -1  0 -1 0
 -1 -1 -2  0 -2 0
  0 -1  0  0 -1 0
  0  0  0 -1  0 1
  1  1  1  1  2 0
 -1 -1 -2  1 -2 0
6	% 
  0 -1  1 0  0  0
  0  0  1 0  0  1
  0 -1  0 0 -1 -1
  1  0  0 0  0  0
 -1  1 -1 1  0  0
 -1 -1  0 1  0  0
6	% 
 0 0 -1 -1 0 -1
 0 0  0 -1 0 -1
 0 0  0 -1 0  0
 1 0  0  0 0  0
 0 1  0  1 1  1
 0 1 -1 -1 0 -1
6	% 
 0 0 -1 1 -1  1
 0 0  0 0 -1  0
 0 1 -1 0  1  0
 1 0  0 0  0  0
 0 0  1 0  1 -1
 0 1 -1 0  0  1
6	% 
 0  1  0 0 0  0
 0  1  1 1 1  1
 0  0  1 0 0  0
 1  0  0 0 0  0
 0 -1 -1 0 0 -1
 0  1  1 1 0  0
6	% 
 1  0  0  0  0  0
 0  0 -1  1 -1  1
 0  0  0  0  1  0
 0  2  0 -1  2  1
 0  0  0  0  0 -1
 0 -1  0  1 -1  0
2-1',2-1';1,1 1 2
6 
#1 
6	% 
  0 -1 0  0 -1 0
  0 -1 1  0  0 0
  1  0 0  0  0 0
  1  1 0 -1  1 0
  0 -1 0  1  0 1
 -1  1 0 -1  0 0
2-1;1,1,1;1 1 6
12 
#2 
6	% 
 1  0  0 0 -1  0
 0 -1  1 0  1 -1
 0  0  0 1  2 -1
 0  1 -1 0  0  0
 0 -1  0 0 -2  1
 0  0 -1 1 -2  1
6	% 
 -1  0 -1 0 -1  0
  1  0  0 0  0 -1
  1 -1  1 0  0  0
  0  0 -1 1  0  1
 -1  0  1 0  0 -1
 -1 -1  0 0 -1  0
2-1;1,1,1;1 1 2
4 
#2 
6	% 
 0  0  0  0  1  0
 0  0  1 -1  3 -1
 1  0  0  0  0  0
 0  0  0 -1  1  0
 0 -1  1  0  0  0
 0  0 -1  1 -2  0
6	% 
 0 1 -1  0 0  0
 0 1  0  0 1  0
 1 0  0  0 0  0
 0 0  0 -1 0  0
 0 0  0  1 0 -1
 0 0  1 -1 0  0
2-1;1,1,1;1 1 5
12 
#3 
6	% 
 0  0 0 -1  0 1
 1  0 1 -2  0 0
 0  0 0  1  1 0
 0 -1 0  0 -1 0
 0  0 1  0  1 0
 0  0 0  1  0 0
6	% 
 1  0 1 -1  1 -1
 1  0 1 -1  0 -1
 0  0 0  0  0  1
 0 -1 0  0 -1  0
 0  0 1  0  1  0
 0  0 0  1  0  0
6	% 
  0  1 -1  0  2 0
 -1  1 -1  0  2 0
  0 -1  0  1 -1 0
  0  0  0 -1  0 1
  0  0 -1  2  0 0
  0  0  0  1  0 0
1,1,1,1;1,1 1 3
36 
#4 
6	% 
  1  0  0  0  0  0
  1  0  1  0  0  1
 -1  1  1 -1  0  0
 -1 -1 -1  2 -1 -1
  1 -1  0  2  0  1
  1  1 -1 -1  1  0
6	% 
  1  0  0  0 0  0
  0  0  1 -1 0 -1
  0  0  0 -1 0  0
  1  1  0  1 1  0
 -1 -1  2 -1 0  0
  0  0 -1  1 0  0
6	% 
  1  0  0  0 -1  0
  0 -2  2  0 -3  0
 -1  3 -2  1  3  1
  0 -1 -1 -1  0  0
  0 -4  2 -1 -5  0
  1  1  1  1  1 -1
6	% 
  1  0  0  0  0  0
  0  0 -2 -1 -1 -1
  0  1 -1  0  1  0
 -1 -1  2  0  0  1
  1 -1 -1 -1 -1  0
  0  1  0  0  0  0
2-1;1,1;1,1 1 4
12 
#3 
6	% 
 1  0  0  0  0 0
 0 -1 -2  0 -3 0
 0 -1 -1 -1 -2 0
 0  0 -1  1  0 1
 0  0  1 -2  0 0
 0  1  2 -1  3 0
6	% 
  0  0 -1  1  0 1
  1  0  0  0  0 0
  1  0  0 -1  0 0
  0 -1  1  0  0 0
  0  0 -1  0 -1 0
 -1  0  0 -1 -1 0
6	% 
 0  0  1 -1  2 -1
 1  0  0  1  0 -1
 0  0 -1  1 -1  0
 0 -1  1  0  0  0
 0  0 -1  0 -1  0
 0  0 -1  0 -1  1
1,1,1;1,1,1 1 3
36 
#4 
6	% 
  1  0  1  0  2 -2
  0 -1 -2 -2 -4  0
 -1  0  1  1  2  0
  0  0 -2 -1 -3  1
  1  0  1  1  1  0
  0  0 -1 -1 -1 -1
6	% 
  0 -2  1 -1 -1  1
 -1  0  0  0  0  0
  1 -1 -1  0 -1  1
 -1  2  0  1  1 -2
  1  1 -1  0  0 -1
 -1 -2  1 -1 -1  2
6	% 
  3  2 -1  0  1 0
  0  0  2  0  0 1
  1  1 -1 -1  1 0
 -2 -1  1  0 -1 0
 -1 -1 -1  1  0 0
  2  1  0  0  0 0
6	% 
  3  2 -1  0  1  0
  0  0 -1 -1 -2 -1
  1  0  0  0  1  1
 -2 -1  1  0 -1  0
 -1  0  0  1  1  0
  2  1  0  0  0  0
2-1',2-1';1;1 1 2
6 
#1 
6	% 
 0 -2 0  1 -2 -1
 0 -2 1  1  0  1
 1  0 0  0  0  0
 0  0 0  0  0 -1
 0  1 0 -1  1  1
 0  0 0  0 -1 -1
2-1;1,1;1,1 1 5
12 
#2 
6	% 
 1  0  1 -2  0  0
 0 -1  0  0 -3  1
 0  0 -1  1 -2  1
 0  1  0  0  1  0
 0 -1  1  0  2 -1
 0  0  0  1  2 -1
6	% 
 -1 -2  1  0 -1  0
  0  0  0  0  0  1
  1  1 -1  0  0  0
  0  0  1 -1  0 -1
  0  0 -1  0  0  1
  1  1  0  0  1  0
2-2;1,1,1,1 1 2
4 
#1 
6	% 
  1  0 0  0  0  0
  0  0 0  1  0  0
  1  0 0  1  0  1
 -1 -1 0 -1 -1 -1
  1 -1 1  1  0  1
 -1  0 0 -1  1 -1
2-2;2-1;1,1 1 4
4 
#1 
6	% 
  2  0  0 0  1 1
 -4  0 -1 0 -2 0
  2  0  0 1  1 0
 -5  0 -1 0 -3 0
 -5  1 -2 0 -2 0
 -5 -1 -1 0 -3 0
1,1,1;1,1;1 1 7
96 
#11 
6	% 
 -2  0 -1  0  0  2
 -2  1 -1  0  1  2
  5 -2  2  0 -2 -4
 -1  1 -1  0  1  1
  0  1 -1  0  2  0
 -1  0  0 -1  0  1
6	% 
 0  0 -1  0 -2 0
 0  1 -1  0 -1 0
 0 -2  2  0  3 1
 0  0  0  0 -1 0
 1  0  0  0  0 0
 0  0  0 -1 -1 0
6	% 
 0  0 -1  0 -2  2
 0 -1  0  0 -3  2
 0  2  0  0  7 -4
 1  0  0  0 -1  1
 1  0  0  0  0  0
 0  0  0 -1 -1  1
6	% 
 0  0 -1  0 -1 0
 0  0  0 -2 -1 0
 0  0 -1  3  1 1
 0  0  0 -1 -1 0
 1  0  0  0  0 0
 0 -1  0  0 -1 0
6	% 
 0 0 -1 0 -1 0
 0 0  1 0  0 0
 1 0 -1 0  1 0
 0 0  0 0  0 1
 0 0 -1 1  0 1
 0 1 -1 0  0 0
6	% 
 0 0 -1  0  1  0
 0 0  1  1  0 -1
 0 0 -2 -2 -1  2
 0 0  0  1  0  0
 1 0  0  0  0  0
 0 1 -1  0  1  0
6	% 
 0 0 -1 0 1 0
 0 0 -1 0 0 0
 0 0  3 0 0 1
 0 0 -1 1 0 0
 1 0  0 0 0 0
 0 1 -1 0 1 0
6	% 
 0  0 -1  0 -1  0
 0  0 -2 -1 -3 -1
 1  0  4  2  6  2
 0  0 -1  0 -1 -1
 0  0  0  0 -1  0
 0 -1  0  0 -1  0
6	% 
 0 1  0 0  3 -2
 0 0  1 0  2 -2
 0 0 -2 0 -3  4
 0 0  0 1  1 -1
 1 0  0 0  0  0
 0 0  0 0  1 -1
6	% 
 0 -1  0  2 -1 0
 0 -1  1  0 -1 0
 0  2 -2 -1  2 1
 0 -1  1  0  0 0
 1  0  0  0  0 0
 0  0  0  1  0 0
6	% 
 0  4 -2 1  2 1
 0  3 -1 0  1 0
 0 -5  2 0 -1 0
 0  1  0 0  0 0
 1  0  0 0  0 0
 0  2 -1 1  1 0
1,1,1,1;1;1 1 6
4 
#2 
6	% 
  1  0  0  0  0 0
  1  1  1  0  1 0
  0  0 -1  0 -1 0
 -1 -1  0  0  0 1
  1  1 -1  1  0 0
  0  0  0 -1  0 1
6	% 
  1  0  1 -1  2 -1
  1  0  0  0  0  0
  0  0  0  0  1  0
 -1  0 -1  0 -2  1
  1 -1  1  0  1 -1
  0  1 -1  0  0  0
2-2;1,1,1;1 1 5
16 
#2 
6	% 
  1  0 0  0 0  0
  0  0 0 -1 0  1
  0  0 1 -1 0 -1
 -1  1 0  0 1 -1
 -1 -1 1  0 0 -1
 -1  0 1  0 0 -1
6	% 
  1  0  0  0  0 0
  1  0  0  0  1 1
 -1  0  0 -1 -1 0
 -2 -1  0  0 -1 0
 -2  1 -1  0  0 0
 -2  0  0  0 -1 0
1,1,1;1,1;1 1 11
60 
#5 
6	% 
 0   4 -3 0   4 -2
 0   7 -5 0   7 -4
 1 -15 11 0 -15  8
 0   4 -2 0   3 -1
 0   2 -2 0   3 -2
 0   2 -2 1   2 -1
6	% 
  0  2 -3 0 -2  0
 -2  3 -5 0 -4  0
  3 -7 11 0  8  0
  0  2 -1 0 -1 -1
 -1  1 -3 0 -2  1
  0  1 -2 1 -1  0
6	% 
 0 0 -1  2  1  0
 0 0 -1  2  0  0
 1 0  3 -6 -1  0
 0 0  0  1  1  0
 0 0  1  1  1 -1
 0 1 -1  1  1  0
6	% 
  0 0  1  0  1  0
 -2 0 -1 -2 -2  0
  3 0 -1  2  0  0
  0 0  1  0  2 -1
 -1 0 -1 -1 -3  1
  0 1  0  0  1  0
6	% 
 0  1  0 -2 -1 0
 0  1 -1  0 -1 0
 1 -3  2  2  3 0
 0  2 -2 -1  1 1
 0  1 -1  0  0 0
 0  1  0 -1  0 0
1,1,1;1,1;1 1 9
24 
#3 
6	% 
  0  1 -1  0  1  0
 -1  1 -1  0  2  0
  1 -1  1  0 -1  0
  0  2  0  0  2 -1
  0 -1  0 -1 -1  1
  0  0  1 -2  0  0
6	% 
 0 0 -1  1 -1  1
 1 0  0  0  1  0
 0 0  1 -1  0 -1
 0 0 -2  1 -2  0
 0 1  0  0  1  0
 0 2 -1  0  1  0
6	% 
  0  0  1 -2  0 0
 -1  0  0 -1  0 1
  1  0 -1  2  0 0
  0  0  0 -1  0 0
  0 -1  2  0  0 0
  0 -2  1  0 -1 0
1,1,1,1;1;1 1 5
36 
#4 
6	% 
  1 0  0  0  0  0
  1 1 -1  0  2  0
  1 0  1 -1  1 -1
 -2 0  0  0 -1  1
  2 1  0  0  2 -1
 -1 0  0 -1 -1  1
6	% 
  1  0  0 0  0  0
  1  0  0 0 -1 -1
  0  0 -1 0 -1  0
 -1 -1  1 1  1  0
  1  1 -2 1 -1  0
  0 -1  1 0  1  0
6	% 
  1  0  0  0  0  0
 -1  0 -1 -1  0 -1
 -1  0  0 -1 -1  0
  2 -1  1  1  0  1
 -2 -1  0 -1 -1 -1
  1  0  0  0  1  1
6	% 
  1  0  1  1  1 -1
  2  0  2  1  2 -1
  0  0  2  0  1 -1
 -1 -1 -1 -1 -2  1
  1 -1  2  1  1 -1
  0  0 -2  0 -2  1
1,1,1,1;1;1 1 2
13 
#4 
6	% 
 0 -1  1  0 0  0
 0  0  1  0 1  1
 0 -1 -1  0 0 -1
 1  0  0  0 0  0
 0  1  0 -1 0  0
 0 -1  1 -1 0  0
6	% 
 0  1  1  1 1 0
 0  1  1  1 1 1
 0  0 -1  1 0 0
 1  0  0  0 0 0
 0 -1  0 -1 0 0
 0  0  1  1 1 0
6	% 
 0  0 -1 1 -1  1
 0  0 -1 0 -1  2
 0  0  0 0 -1  0
 1  0  0 0  0  0
 0 -1  1 0  0 -1
 0  0 -1 0 -1  1
6	% 
 0  1  0 0  0  0
 0  1  0 0 -1  0
 0  1  1 1  1  1
 1  0  0 0  0  0
 0 -1 -1 0  0 -1
 0  1  1 1  0  0
1,1,1;1,1;1 1 6
8 
#2 
6	% 
 0  2 -1 0 0 0
 0  1  0 0 0 0
 0 -2  2 0 1 0
 0  1 -1 0 0 1
 1  0  0 0 0 0
 0  1 -1 1 0 0
6	% 
 0 0 -1  0 -1  2
 0 0 -1  1 -1  1
 0 0  2 -1  3 -3
 0 0  0  0  0  1
 1 0  1  0  1  0
 0 1 -1  0  0  1
1,1,1;1,1;1 1 8
36 
#4 
6	% 
 0 -1 -1 -1 -1 -1
 0 -2  0 -1 -2 -1
 0  5  0  3  5  3
 0  0 -1  0 -1 -1
 0 -1  0 -1 -1  0
 1  0  0  0  0  0
6	% 
 0  1 -2 0  1 0
 0  1 -1 0  1 0
 0 -3  5 1 -3 0
 0  0 -1 0  1 1
 0  0  0 0  1 0
 1  0  0 0  0 0
6	% 
 0 -1  0 0  1  2
 0  0 -1 0  0  2
 0  2  0 1 -2 -5
 0  0 -1 0  1  1
 0  0  0 0  0  1
 1  0  0 0  0  0
6	% 
 0  2  2  2   5  0
 0  2  1  2   4  0
 0 -5 -5 -6 -13  0
 0  1  1  1   2  0
 0  1  1  1   3 -1
 1  0  0  0   0  0
1,1,1;1,1;1 1 3
10 
#3 
6	% 
 0 -1  1 -2 -1  0
 0  0  1 -2  0  0
 0  1 -1  3  1 -1
 0 -1  1 -1 -1  0
 0  0  0  0  1  0
 1  0  0  0  0  0
6	% 
 0 0  1 0 0 0
 0 1  0 0 0 0
 0 0  0 0 1 0
 0 0  0 1 0 0
 0 0 -1 1 0 1
 1 0  0 0 0 0
6	% 
 0  2  2  1  5  1
 0  1  1  0  2  0
 0 -3 -2 -1 -6 -1
 0  1  1  0  2  1
 0  0  0 -1  0  1
 1  0  0  0  0  0
2-2;1,1,1;1 1 3
4 
#1 
6	% 
 0 0  0  1  0 0
 0 0  0  1  0 1
 1 0  0  0  0 0
 0 1  0 -1  1 0
 0 1 -1  1  0 0
 0 0  0 -1 -1 0
1,1;1,1;1;1 1 24
24 
#2 
6	% 
 -1  0 -1  2  0  0
  0 -1 -3  0 -2  0
  0  2  2  0  1  0
  0  1  1  0  1  1
  1  1  2 -1  1  0
 -1  0  0  1  0 -1
6	% 
 1  0  1  0  1  0
 0  0  1 -1  3 -1
 0  0  0 -1 -3  1
 0 -1  0  0 -3  1
 0  0 -1  0 -3  1
 0  1  0  0  1  0
1,1,1;1,1;1 1 5
50 
#9 
6	% 
 0  0 -1  2  0  0
 1  0  0  1  0 -1
 0  0  1 -3  0  1
 0  0  0  1  0  0
 0 -1  1  0 -2  0
 0  1  0  0  1  0
6	% 
 0  2 -1 0  0 0
 0  1  0 0  0 0
 0 -3  0 0 -1 0
 1  1 -1 1  0 0
 1  0  0 0  0 0
 0  0 -1 1  0 1
6	% 
  2  0  0  1  1 -1
  1  0  0  0  0  0
 -2  0  0 -1 -2  1
  1  0 -1  1  0  0
  0 -1 -2  0 -3  0
  0  0 -1  1  0  1
6	% 
 0 -1  1 0 -1  0
 1  0  0 0  0  0
 0  2 -2 0  3  0
 0  0  0 1  0  0
 0  0  0 1  0 -1
 0  1  0 0  1  0
6	% 
 0  1  0 -2 0 0
 0  1 -1 -1 0 1
 0 -2  1  2 0 0
 0  1  0 -1 0 0
 1  0  0  0 0 0
 0  1  0  0 1 0
6	% 
  2 0  0  1  1 -1
  1 0  0  0  0  0
 -2 0  0 -1 -2  1
  1 0  0  1  1  0
  0 0 -1  1  0  1
  0 1  0  0  1  0
6	% 
 0 -1  0  1 -1  1
 0 -1  1  0  0  0
 0  2 -1 -1  2 -1
 1  0  0  1  0  0
 1  0  0  0  0  0
 0  1  0  0  1  0
6	% 
 0  2  2  1  5  1
 0  1  1  0  2  0
 0 -3 -2 -1 -6 -1
 0  1  1  1  2  0
 1  0  0  0  0  0
 0  0  0  1  0 -1
6	% 
 0 -1  1 0 -1  0
 0  0  0 0  1  0
 1  1 -1 0  0  0
 0  0  0 1  0  0
 0  0 -1 1  0  1
 0  0  0 1  0 -1
2-2;1,1,1;1 1 6
4 
#1 
6	% 
  1  0  0  0  0  0
  1  0  1 -1  0 -1
  0 -1  1  0  0  0
  1 -1  1 -1  0  0
  0  0  0  0  1  0
 -1  0 -1  1 -1  0
1,1;1,1;1;1 1 12
24 
#3 
6	% 
 1 0 0  0  0  0
 0 1 1  0  2  0
 0 0 0  1  0  0
 0 0 0  0 -1 -1
 0 0 0  1  0 -1
 0 0 1 -1  0 -1
6	% 
  1  0  0  0  0 0
  0  0  0 -1  0 1
  1  1 -1  1  1 0
  0  0  0 -1  0 0
  1  1 -1  0  0 0
 -1 -1  0  0 -1 0
6	% 
  1  0 0 0  0 0
  0  0 0 0 -1 0
  1  0 0 0  0 1
  0 -1 0 1  0 0
  1 -1 1 0  0 0
 -1 -1 0 0 -1 0
1,1;1,1;1;1 1 3
15 
#3 
6	% 
 0 -2  2 0 -5  0
 0  0 -1 1  0  1
 1  0  0 0  0  0
 0  1 -1 0  3  0
 0 -1  1 0 -2 -1
 0  0  1 0 -1 -1
6	% 
 0  3  4  0  7 0
 0  0  0  0 -1 0
 1  0  0  0  0 0
 0 -2 -3  0 -5 0
 0  1  1  0  2 1
 0  1  2 -1  2 0
6	% 
 0  5 -5  2  0 -2
 0  0 -1  1 -2  1
 1  0  0  0  0  0
 0 -3  3 -1  0  1
 0  1 -1  0  1 -1
 0  2 -1  0  2 -1
1,1;1,1;1;1 1 16
24 
#3 
6	% 
 0 0 -1 1  0  1
 1 0  0 0  0  0
 0 0 -1 0 -1  0
 0 1  2 0  1 -1
 0 1  0 0  0  0
 0 1  1 0  1  1
6	% 
 0 1  1  0  2  0
 1 0  0  0  0  0
 0 0  1 -1  2 -1
 0 0  0  0 -1  1
 0 0  0 -1 -2  1
 0 0 -1  0 -2  1
6	% 
 0 0  0 -1 -2 1
 1 0  0  0  0 0
 0 1 -1  0  0 0
 0 0  1  1  2 0
 0 1  0  0  1 0
 0 0  1  0  1 1
1,1;1,1;1;1 1 10
48 
#4 
6	% 
 1  0 0  2 0 -2
 0  0 1 -1 0  0
 0  0 0 -1 0  1
 0  0 1  0 1  0
 0 -1 0  0 0  0
 0  0 0 -1 0  0
6	% 
 -3  0  0 -2  0  2
  1  1  0  0  0 -1
  2  0  0  1  0 -1
  0 -1 -1  1 -1  1
  0  1  0 -1  0 -1
  1 -1  0  1 -1  0
6	% 
 1  0 0  0  2  0
 0  0 1 -1  0  0
 0  0 0  0 -1  0
 0  0 0  1  0 -1
 0  0 1 -1  0 -1
 0 -1 0  1 -1  0
6	% 
 1  0  0 0  2 0
 0  1 -1 1  0 0
 0  0  0 0 -1 0
 0 -1  1 0  0 0
 0  1  0 0  1 0
 0 -1  0 0 -1 1
1,1;1,1;1;1 1 6
30 
#5 
6	% 
 1 0  0  0  0  0
 0 1  3  0  4  0
 0 0 -1 -1 -1  1
 0 0  0  1  0 -1
 0 0  0 -1 -1  0
 0 0  0 -1  0  0
6	% 
 0 0  0 -1  0 1
 1 0  0  0  2 0
 0 0  1 -2 -1 0
 0 0 -1  2  0 0
 0 1  0 -1  0 0
 0 0  0 -1 -1 0
6	% 
  0 0  1 -1  2 -1
 -3 0  0 -2  0  2
  2 0  1  0  1 -2
  0 0 -1  1 -1  1
  1 1  0  0  1 -1
  1 0  0  0  0 -1
6	% 
 1 0  0  0  0  0
 0 1  3  0  4  0
 0 0 -1  0 -2  0
 0 0  0  0  1  0
 0 0  0  0 -1 -1
 0 0  0 -1 -1  0
6	% 
 1  0  0  0  0  0
 0  0  0 -2 -3  2
 0 -1  1  1  1 -1
 0  1 -1  0  0  0
 0  0  1  0  1 -1
 0 -1  1  0  0 -1
1,1;1,1;1;1 1 15
12 
#3 
6	% 
 0  0 -1  1  0 1
 1  0  0  0  0 0
 0  0  1 -1  1 0
 0  0  0 -1 -1 0
 0 -1  0  0 -1 0
 0  1 -1  0  0 0
6	% 
  0  0  1 -1  2 -1
  1  0  0  0  0  0
 -1  0 -1  0 -1  1
  1  0  0  1  0  0
  0 -1  1  0  0  0
  0  1  0  0  1  0
6	% 
 1 0  0  0 0  0
 0 1  2  0 3  0
 0 0  0  0 0 -1
 0 0  0  0 1  1
 0 0  0 -1 0  1
 0 0 -1  1 0  1
1,1,1;1;1;1 1 16
12 
#2 
6	% 
 -1 0 0  0 -1  0
 -2 0 1 -1 -2 -1
  2 0 0  1  2 -1
 -1 0 1 -1 -1  0
 -1 1 0 -1 -1  0
  0 1 0  0  1  0
6	% 
  1  0  0 0  0 0
  2  1 -2 0 -1 0
 -2 -2  2 0  1 0
  1  1 -2 0 -1 1
  1  1 -2 1 -1 0
  0  0 -1 1  0 1
1,1;1,1;1;1 1 26
12 
#2 
6	% 
  1 0  0  0  0  0
 -1 0  0  1  3 -1
  1 0  1 -1  3 -1
  0 1 -1  0 -2  1
  0 0  0  0  2 -1
  0 1  0  0  1  0
6	% 
  1  0  0  0  0  0
 -1  0  0  0 -1  0
  1  1 -1  0  0  0
  0 -1  1  0  0 -1
  0  1  0 -1  0  0
  0  0  0  1  0 -1
1,1,1;1;1;1 1 11
4 
#2 
6	% 
 0  0 0  0  1  0
 0  0 1 -1  2 -1
 1  0 0  0  0  0
 0 -1 0  0 -1  0
 0  0 0  0  1 -1
 0 -1 1  0  1 -1
6	% 
 0 1  1 0 1 0
 0 0  1 0 1 0
 1 0  0 0 0 0
 0 0 -1 1 0 1
 0 1  0 0 1 1
 0 1  0 1 1 0
1,1;1,1;1,1 1 3
15 
#3 
6	% 
 0  3  4 0  7  0
 0  0 -1 1  0  1
 1  0  0 0  1  0
 0 -2 -3 0 -5  0
 0  1  2 0  3 -1
 0  1  2 0  2 -1
6	% 
 1 0 0  2  0 -2
 0 1 0  0  1  0
 0 0 0  0 -1  0
 0 0 0 -1  0  1
 0 0 1  0  1 -1
 0 0 0  1  0  0
6	% 
  0  0 -2  2 -5  2
  0 -1  1  0  0  0
 -1 -1  0  0 -1  0
  0  0  1 -1  3 -1
 -1  1 -2  1 -2  0
  1  2 -2  1 -1  0
1,1;1,1;1,1 1 4
24 
#3 
6	% 
 0 1  2  0  3  0
 1 0  1 -2  0  0
 0 0 -1  1 -2  1
 0 0  0  0  2 -1
 0 0  1  0  3 -1
 0 0  0 -1 -2  1
6	% 
 0  0 -1  1  0 1
 1  1 -1  0  1 0
 0 -3  1  0 -2 0
 0  2  0 -1  1 0
 0  2 -1  1  1 0
 0 -2  0  0 -1 0
6	% 
 -1 -2  1 0 -1  0
  0  0  0 1  2 -1
  0  0  1 0  0  1
  1  1 -1 0  0  0
 -1 -1  0 0 -1  0
  0  0  1 1  3  0
1,1,1;1;1;1 1 4
10 
#3 
6	% 
  1  0  0  0  0 0
 -1  0  0 -1  0 1
  0  0 -1  2  0 0
  0 -1  1 -2 -1 0
  0 -1  1 -1  0 0
  0 -1  1 -1 -1 0
6	% 
  1  0 0  0 -1  0
 -1  0 0  0  0  0
  0  0 0 -1 -1  1
  0 -1 1  1  1 -1
  0  0 1  0  1 -1
  0 -1 1  0  0 -1
6	% 
  1  1 -1 0  2 0
 -1  0  0 0  0 0
  0 -1  1 0 -1 0
  0  0 -1 0  0 0
  0  0 -1 0  0 1
  0  0 -1 1  0 0
1,1,1;1;1;1 1 8
24 
#3 
6	% 
 1 0  1 -2  3 0
 0 0 -1  1 -2 1
 0 0  1 -1  2 0
 0 1  0  0  1 0
 0 0  0 -1  2 1
 0 0  0  1 -1 0
6	% 
 1  1 -1  0  0 0
 0 -2  2  0  1 0
 0  1 -1 -1 -1 0
 0  0  0 -1  0 1
 0  1 -2  0 -1 0
 0 -1  2 -1  1 0
6	% 
  1  0  0  0  0  0
 -1  1  0  1  1 -1
  0 -1  0  0 -1  1
  0  0  0  0 -1  0
  1 -1  1 -1  0  1
  0  1 -1  1  0  0
1,1;1,1;1;1 1 20
24 
#3 
6	% 
  1 0  0  0  0  0
 -1 0  1  1  8 -3
  0 0 -1  0 -5  2
  0 0  1  0  3 -1
  1 0  2 -1  8 -3
  0 1  0  0  3 -1
6	% 
  1  0  0 0  0 0
 -1 -4 -1 0 -7 0
  0  2  1 0  4 0
  0 -1 -1 1 -2 0
  1 -3 -2 0 -6 0
  0 -1 -1 0 -2 1
6	% 
 1  0  0  0  0  0
 0  3 -1  2  2 -2
 0 -2  1 -1 -1  1
 0  1  0  0  1 -1
 0  3 -2  2  1 -2
 0  1  0  0  0 -1
1,1,1;1;1;1 1 3
10 
#3 
6	% 
 0  0  1 -2  2  0
 0  0 -1  3 -1 -1
 1  0  0  0  0  0
 0  0 -1  1 -1  0
 0  0  1 -2  1  0
 0 -1  0  1 -1  0
6	% 
 0 1 0  0 0  0
 0 0 0  0 1  0
 1 0 0  0 0  0
 0 0 0 -1 0  0
 0 0 1  0 0  0
 0 0 0  0 0 -1
6	% 
 0  0 0  0  1  0
 0  0 0  1  0 -1
 1  0 0  0  0  0
 0  0 0  0  0 -1
 0 -1 1 -1 -1  1
 0  1 0  0  1 -1
1,1,1;1;1;1 1 12
12 
#3 
6	% 
 -1  0  0 0  1 0
  0  0  0 0 -1 0
  0  1 -1 0  0 1
  0  0 -1 1  0 0
  0 -1  0 0 -1 0
  0  1 -1 0  0 0
6	% 
 -1  0  0  0  0  0
  0  0  1 -1  0 -1
  0  1 -1  0  0  1
  0  0  0  0 -1 -1
  0 -1  0  0 -1  0
  0  1 -1  0  0  0
6	% 
 1  0  0 0 -1  0
 0  1 -1 0  2  0
 0 -1  0 0 -1  1
 0  0 -1 1  0  0
 0  0  0 1  0 -1
 0  0 -1 1  0  1
1,1,1,1;1;1 1 4
10 
#3 
6	% 
 1  0  0  1  1 -1
 0  0  0  1  1 -1
 0  0  1 -3 -1  1
 0  0 -1  2 -1  0
 0  0  1 -1  1  0
 0 -1  1 -1  0  0
6	% 
  2  0  0  0 -1  0
  1  0  0  0  0  0
 -3 -2  2 -1 -1  1
  2  1 -1  1  1 -1
 -1  0  0  0  0  1
 -1 -1  0  0 -1  1
6	% 
 0 1 0  0 0  0
 1 0 0  0 0  0
 0 0 0  0 1  0
 0 0 1  0 0  0
 0 0 0 -1 0  0
 0 0 0  0 0 -1
2-1;2-1;1,1 1 4
3 
#1 
6	% 
 -1  0  0  0 -1  0
  0  0 -1  0 -1  0
  0  0  0 -1 -1 -1
 -1  0  0 -1 -1  0
  0 -1  1  0  0  0
  1  0  0 -1  0  0
2-1,2-1;1;1 1 2
12 
#1 
6	% 
 0 -2  2  1  0 -1
 0  2 -1  1  2  1
 1  0  0  0  0  0
 0 -1  1  0 -1 -1
 0  1 -1 -1  0  1
 0 -1  1  0  0 -1
2-1,2-1;1;1 2 3
12 
#1 
6	% 
 1  0  0  0  0  0
 0 10 -5 -2  5  2
 0 10 -9 -5 -2 -1
 0 -2 -1 -1 -5 -2
 0 -5  4  2  0  0
 0 -2 -1 -1 -4 -2
2-1;2-1;1;1 1 4
3 
#1 
6	% 
 1 0  0  0 0 0
 0 0 -1  2 0 0
 0 1 -1  2 1 0
 0 0  0  1 1 0
 0 0  0 -1 0 1
 0 0  0  1 0 0
2-1,2-1;1,1 1 2
12 
#1 
6	% 
 0 -2  2  1  0 -1
 0  2 -1  1  2  1
 1  0  0  0  0  0
 0 -1  1  0 -1 -1
 0  1 -1 -1  0  1
 0 -1  1  0  0 -1
2-1,2-1;1,1 2 3
12 
#1 
6	% 
  1  0  0  0  0  0
  0 -2  1  0 -2 -2
  0 -3  1  2 -2 -2
  1 -1  0  1  0  0
  0  2 -1 -1  1  1
 -1 -1  0  1 -1  0
2-1;1,1;1;1 1 23
6 
#2 
6	% 
 1  0 0  0  2  0
 0  0 1 -1  1  0
 0 -1 0  1 -1  0
 0  0 0 -1  0  0
 0  0 1 -1  0 -1
 0  0 0 -1  0  1
6	% 
 1  0  0  0  2 0
 0  0 -1  1  0 0
 0  0  0  0  0 1
 0  0  0 -1  0 0
 0  1 -1  0  0 0
 0 -1  0  0 -1 0
2-1;1,1;1;1 1 10
12 
#2 
6	% 
 1 0  0  0  0  0
 0 0  0  0 -1  1
 0 0  0 -1 -2  1
 0 1 -1  0  0  0
 0 0  1  0  2 -1
 0 0  1 -1  2 -1
6	% 
 1  0  0  0  0  0
 0 -1  1  1 -1  0
 0  0  0  0 -1  0
 0  0  1 -1  0 -1
 0  1 -2  1  1  0
 0  1 -1  0  0  0
2-1;1,1;1;1 1 21
12 
#2 
6	% 
 1  0 0  0  0  0
 0 -1 0  0 -1  1
 0  1 0  0  1  0
 0 -1 1 -1  0  0
 0  0 0 -1  0  1
 0  0 1 -1  0 -1
6	% 
  1  0 0  0  0  0
  1  0 0  0  1  1
  0  0 1 -1  0 -1
  0 -1 0  0 -1  1
  1 -1 1  0  0  0
 -1 -1 0  0 -1  0
2-1;1,1;1;1 1 5
12 
#3 
6	% 
 0  0 -1  1  0 1
 1  0  0  0  0 0
 0  0  0 -1 -1 0
 0 -1  1  0  0 0
 0  0 -1  0 -1 0
 0  0  0 -1  0 0
6	% 
 0  0 0 -1 -2  1
 1  0 0  0  0  0
 0  0 1  0  1 -1
 0 -1 0  0 -1  0
 0  0 1  0  1  0
 0  0 0  1  1  0
6	% 
 0  1 -1  0  2 0
 1  0  0  0  0 0
 0 -1  0  1 -1 0
 0  0  0 -1  0 1
 0  0 -1  2  0 0
 0  0  0  1  0 0
1,1,1;1,1;1 1 10
48 
#4 
6	% 
  2 0  1 -2  2 0
  2 0  1 -2  3 0
 -5 0 -3  6 -8 0
  1 1 -1 -1  1 1
  1 1  0 -1  2 0
  0 1  0  0  1 0
6	% 
 0 -1  1  0  1  0
 0  0  0 -1  0  1
 1  1 -1  2 -1 -2
 0 -1  1  0  0  0
 0  0 -1  0  0  1
 0 -1  0  0 -1  0
6	% 
  2  1 -1  0  1  0
  2  3 -4  1  3  1
 -5 -5  6 -1 -5 -1
  1  0  0  0  1  0
  1  1 -2  1  1  0
  0  0  0  1  0 -1
6	% 
  2 -1  2 0  2  0
  2  0  1 0  2  0
 -5  2 -5 0 -6  0
  1 -1  1 0  1  0
  1 -1  1 0  1 -1
  0  0  0 1  0 -1
3;1,1,1 2 2
1 
#1 
6	% 
 -1  0 -1 1 0  1
 -2  0 -1 1 0  1
 -1  0 -1 0 0  1
  0 -1  1 0 0  0
  0  1 -1 0 1  0
  1  0  0 0 0 -1
2-1;1,1;1;1 1 9
12 
#3 
6	% 
 1  0  0  1  0 -1
 0  0 -1  0 -1  0
 0  0 -1 -1 -1  1
 0 -1  1  0  0  0
 0  0 -1  0  0  1
 0  0  0 -1  0  0
6	% 
  1 0 0  0  0  0
  0 0 1 -2  0  0
 -2 0 1 -2 -1  0
  0 0 0  1  0 -1
 -1 1 0 -1  0  0
 -1 0 0 -1 -1  0
6	% 
  1 0  0  0  0 0
  0 0 -1  0 -1 0
 -2 0 -1  0 -2 0
  0 1  0  0  1 0
 -1 0 -1  0 -1 1
 -1 0  0 -1 -1 0
2-2;1,1;1,1 1 4
20 
#3 
6	% 
  0  0 -1 1  0  1
 -1  0  0 0 -1 -1
  1  0  1 0  1 -1
  1  0  0 0  1  0
  1  1  0 0  1  0
  1 -1  1 0  0  0
6	% 
 -1  0 -1  2  0  0
  0  0  1 -1  0  1
  0  0  0 -1  0 -1
  0  0 -1  0 -1 -1
  0 -1  0  0  0 -1
  0  1 -1  0  1 -1
6	% 
  1  0  0  1  0 -1
 -1  0  0  0  0  1
 -1  0  0 -1  0  0
  0 -1  0 -1 -1 -1
  0  1 -1 -1  0 -1
  0  0  0 -1  1 -1
2-2;2-1;1;1 1 6
4 
#1 
6	% 
 1 0  0 0  0 0
 0 0  0 0  1 1
 0 0  0 1  1 0
 0 1  0 0  1 0
 0 1 -1 0  0 0
 0 0  0 0 -1 0
1,1,1;1;1;1 1 7
36 
#4 
6	% 
 0  1 -1  0  2  0
 1  0  0  0  0  0
 0  0  1 -1  1 -1
 0 -1  0  0 -2  1
 0  0  0 -1 -1  1
 0  0  0  0  1 -1
6	% 
 0  0 1  0 0 1
 1  0 0  0 0 0
 0  0 0 -1 0 0
 0  0 0  0 1 0
 0  0 1 -1 0 0
 0 -1 1  0 0 0
6	% 
 0  0 -2 -1  1 -1
 1  0  0  0  0  0
 0 -1  0  0  1  0
 0  0  1  0 -1  1
 0 -1  1  0 -2  0
 0  0 -1 -1  1  0
6	% 
 0 0 -2 1 -1  1
 1 0  0 0  0  0
 0 1 -1 0  0  0
 0 0  2 0  1 -1
 0 1  0 0  1  0
 0 0 -2 0 -2  1
1,1;1,1;1;1 1 33
30 
#3 
6	% 
 1  0  0 0  0  0
 0  1 -1 0  0 -1
 0  0  1 0 -1 -1
 0  0 -1 1  0  0
 0  1 -1 1 -1 -1
 0 -1  1 0  1  1
6	% 
 1  0 0 0  0  0
 0  0 1 1  2  0
 0  0 1 1  1  0
 0 -1 1 0  0 -1
 0 -1 0 0 -1  0
 0  0 0 0  0  1
6	% 
 1  0  0  0  0  0
 0  1 -1  0  0  0
 0  0  0  0 -1  0
 0 -2  2  0 -2 -1
 0  0 -1  1 -1  0
 0  1 -1 -1  2  1
1,1;1,1;1,1 1 9
30 
#3 
6	% 
 1  0  0  0  0  0
 0 -1  2  0  0  0
 0  0  1  0 -1  0
 0  1  0  0 -1 -1
 0  1  0 -1 -1 -1
 0  0 -1  1  0  0
6	% 
 1 0  0  0  0  0
 0 0  2 -1  1 -1
 0 0  1  1  1 -1
 0 1  0  1  1 -1
 0 1 -1  1  1  0
 0 0 -1  0 -1  1
6	% 
  1  0  0  0  0  0
  0  0  1 -1  2 -1
  0  0  0 -1 -2  1
  0 -1  0  0 -2  1
 -1  0 -1  0 -2  1
  1  1  0  0  1  0
1,1;1,1;1;1 1 27
36 
#3 
6	% 
 1  0  0 0  0  0
 0  0 -3 1 -2  1
 0 -1  6 0  4 -2
 0  0  3 0  2 -1
 0  0 -6 1 -5  2
 0  1  5 0  5 -2
6	% 
 1  0  0 0  0  0
 0 -1  0 0 -1  1
 0  3 -1 0  1 -2
 0  2 -1 1  1 -1
 0 -3  0 1 -2  2
 0  3  0 0  2 -2
6	% 
 1  0  0  0  0  0
 0 -1  2  0 -1 -1
 0  4 -5 -1  4  3
 0  2 -3  0  3  2
 0 -4  6  0 -3 -3
 0  4 -6  1  4  3
1,1,1;1;1;1 1 17
12 
#1 
6	% 
  1 0  1  0 1  0
 -2 1  0  0 0 -2
  1 0 -1  1 0  1
  1 0  0  0 1  1
 -1 1  0  0 0 -1
  1 0  0 -1 0  1
1,1;1,1;1,1 1 6
24 
#3 
6	% 
 -3  0  0 -2  0  2
  1  1 -2  0  0 -1
  2  0  0  1  0 -1
  0  1  2 -1  1 -1
  0 -1  1  1  0  1
  1 -1 -2  1 -1  0
6	% 
 1  0  0  0  2  0
 0  1  0  1  1  0
 0  0  0  0 -1  0
 0 -3  2 -1 -2 -1
 0 -1 -1 -1 -2  1
 0  2 -1  1  1  0
6	% 
 -3 -2  0  0 -2  0
  1  0 -1  1 -1  2
  2  1  0  0  1  0
  0  0  1 -1  1 -1
  0 -1  2 -1  0 -1
  1  2 -3  2  1  1
2-1;1;1;1;1 1 6
4 
#2 
6	% 
 1 0 0  0  0  0
 0 0 1 -2  0  0
 0 1 0 -2  0  0
 0 0 0 -1 -1  0
 0 0 0  1  0 -1
 0 0 0 -1  0  0
6	% 
 1 0  0 0 0  0
 0 0  1 0 1  0
 0 0  1 1 1 -1
 0 0  1 0 0 -1
 0 1 -1 0 0  0
 0 0  0 1 0  0
2-1;1;1;1;1 1 18
6 
#2 
6	% 
 1  0  0  0  0  0
 0  0  0  0  1  1
 0  0  1 -1  0 -1
 0  1 -1  0  0  1
 0  1 -1  0  0  0
 0 -1  0  0 -1  0
6	% 
 1  0  0  0  0  0
 0 -1  1 -1 -1  0
 0  1  0  0  1  0
 0 -1  0  0  0  1
 0  0 -1  1  0  1
 0  0  0  1  0 -1
1,1;1,1;1;1 1 17
24 
#3 
6	% 
 1  0  0  0  0  0
 0 -1  0  0 -1  0
 0  1  0  0  2 -1
 0 -1  0 -1 -3  1
 0  0  1  0  2 -1
 0  1 -1  1 -1  1
6	% 
 1  0  0  0  0  0
 0  2 -2  1  2 -1
 0 -1  0  0 -2  1
 0 -2  2 -1 -1  1
 0  0  0  0 -1  1
 0  1 -1  1  2 -1
6	% 
 1  0  0  0  0  0
 0  0 -2  0 -1  0
 0 -1  2 -2  0  1
 0  1  1  1  1 -1
 0 -1  1 -1  0  2
 0  1 -2  1  0 -1
1,1;1;1;1;1 1 12
24 
#3 
6	% 
 1  0  0 0  0  0
 0 -1  0 0 -1  1
 0  0  0 0 -1  0
 0  0  0 1  0 -1
 0  0  1 0  0 -1
 0  0 -1 1  0  1
6	% 
 1 0  0  0  0 0
 0 0  0 -1  0 0
 0 0  0 -1  0 1
 0 0 -1  0 -1 0
 0 0  1 -1  0 0
 0 1  0  0  0 0
6	% 
 1  0 0  0  0  0
 0 -1 0  0 -1  1
 0  0 0 -1  0  1
 0  0 1 -1  1 -1
 0  0 0 -1  0  0
 0 -1 0  1  0  1
1,1;1;1;1;1 1 15
8 
#2 
6	% 
 -1 0 0  0  0  0
  0 1 0  0  0 -1
  0 0 0  0 -1  0
  0 0 1 -1  0  0
  0 0 1 -1  0 -1
  0 0 0 -1  0  1
6	% 
 -1 0  0 0  0 0
 -1 0 -1 0 -1 1
  0 0  0 0 -1 0
  0 1 -1 1  0 0
 -1 1 -1 0  0 0
  1 1  0 0  1 0
1,1;1;1;1;1 1 35
12 
#2 
6	% 
 1  0 0  0  0  0
 0  0 0 -1  0  1
 0  0 1 -1  0 -1
 0 -1 1  0  0  0
 0 -1 0  0  0  1
 0 -1 0  0 -1  1
6	% 
 1  0  0 0  0 0
 0  3 -1 0  2 0
 0 -2  0 0 -1 0
 0  0 -1 1  0 1
 0  2 -1 0  1 1
 0  2 -1 1  1 0
1,1;1;1;1;1 1 39
12 
#2 
6	% 
  1 0  0  0  0  0
  0 0  0  0 -1  0
 -1 0 -1  1  0  1
 -1 1 -1  0  0  1
  1 0  0  0  0 -1
 -1 0  0 -1  0  1
6	% 
  1  0  0  0  0 0
  0  0 -1  1  0 1
 -1  0  0  0 -1 0
 -1  0  0  0  0 1
  1  0  0 -1  0 0
 -1 -1  1  0  0 0
1,1;1;1;1;1 1 18
12 
#3 
6	% 
  1  0 0  0  0  0
 -2 -1 0  0 -1  0
  1  0 1  0  1 -1
  1  0 1 -1  0  0
  0  0 0 -1  0  1
  0  0 1 -1  0 -1
6	% 
 1  0  0 0  0 0
 0  0  0 0  1 0
 0  1 -1 0  0 1
 0  0 -1 1 -1 0
 0 -1  0 0 -1 0
 0  1 -1 0  0 0
6	% 
 1  0  0  0  0  0
 0  0  1 -1  0 -1
 0  1 -1  0  0  1
 0  0 -1  1 -1  0
 0 -1  0  0 -1  0
 0  1 -1  0  0  0
1,1;1;1;1;1 1 41
3 
#1 
6	% 
 3 1  0  0  1  0
 0 0  0  0 -1  0
 1 1 -1  0  0  1
 0 0  1 -1  0 -1
 1 0  0  0  0  1
 0 0  0  1  0 -1
2-2;1,1;1;1 1 7
16 
#2 
6	% 
 1  0 0  0 0  0
 0  0 0 -1 0  1
 0  0 1 -1 0 -1
 0  1 0  0 1 -1
 0 -1 1  0 0 -1
 0  0 1  0 0 -1
6	% 
 1  0  0  0  0 0
 0 -1  0  0 -1 1
 0  1  0 -1  1 0
 0  0  0  0  1 0
 0  1 -1  0  0 0
 0  1  0  0  1 0
1,1;1;1;1;1 1 36
12 
#1 
6	% 
 1 0  0  0 0  0
 0 0  1 -1 0  0
 0 0  0 -1 1  2
 0 1  0  0 0 -2
 0 0 -1  1 0  1
 0 0  0  1 0 -1
1,1;1;1;1;1 1 17
12 
#3 
6	% 
 0  0  0  0  1  0
 1  0  0  0  0  0
 0 -1  1  0 -2 -1
 0  0 -1  1  1  0
 0  0  0  1  0 -1
 0  0  1 -1  0 -1
6	% 
 0 1  0  0  1 0
 1 0  0  0  0 0
 0 0 -1  0 -1 1
 0 0  1 -1  0 0
 0 0  0  0 -1 0
 0 1 -1  0  0 0
6	% 
 0  0 0 1  0 -1
 1  0 0 0  0  0
 0 -1 0 0  0  1
 0 -1 1 0 -1 -1
 0 -1 1 0  0  0
 0  0 0 0  1  0
2-2;1,1;1;1 1 17
4 
#1 
6	% 
  0  0 -1 1  0  1
 -2  0 -1 1 -1  0
 -3  1 -1 0 -1  0
  2  0  1 0  1 -1
 -3  0 -1 0 -1  0
 -3 -1  0 0 -2  0
3;1,1;1 2 7
2 
#1 
6	% 
  1  0  0  0  0  0
  0  0 -1  1 -1  0
  0  1  0 -1  1  0
  0 -1  0  1  0  0
  1  0  0  1  0 -1
 -1  0 -1  1  0  1
2-2;1,1;1;1 1 19
8 
#1 
6	% 
  1  0  0 0  0 0
 -1  0  0 0  1 1
  0  0 -1 1  0 0
  0 -1  0 0 -1 0
  0  0  0 0 -1 0
  0 -1  1 0  0 0
1,1;1;1;1;1 1 6
10 
#3 
6	% 
 0  0  0 -1  0 1
 1  0  0  0  0 0
 0 -1  1 -2 -1 0
 0  0  0 -1 -1 0
 0  0 -1  2  0 0
 0 -1  1 -1 -1 0
6	% 
 0  1 0  0  1  0
 1  0 0  0  0  0
 0  0 0  1  1  1
 0  0 0  1  1  0
 0 -1 1 -1 -1 -1
 0  0 0  0  1  1
6	% 
 0 1  1 0  2  0
 1 0  0 0  0  0
 0 0 -1 1 -1 -1
 0 0  0 0 -1 -1
 0 0  1 0  1  0
 0 0  0 0  0 -1
2-2;1,1;1;1 1 10
4 
#1 
6	% 
 0  0 -1 1  0  1
 1  0  0 0  0  0
 0  0  0 0  1  0
 0  0  0 0  1  1
 0  1  0 0  1  0
 0 -1  1 0 -1 -1
3;1,1;1 2 2
1 
#1 
6	% 
 0  0 -1 1 0  1
 1  0  0 0 0  0
 0  0 -1 0 0  1
 0 -1  1 0 0  0
 0  1 -1 0 1  0
 0  0  0 0 0 -1
1;1;1;1;1;1 1 25
3 
#1 
6	% 
 1  0  0  0  0  0
 0  1 -1  0  1  1
 0  1  0 -1  1  0
 0  0  0  1  0 -1
 0  0  0  0 -1  0
 0 -1  1  0  0  0
1,1;1;1;1;1 1 8
5 
#2 
6	% 
 1  0  0  0  0  0
 0  0  0  1  0 -1
 0 -1  0 -1 -1  1
 0  0 -1 -1 -1  1
 0  0 -1  0  0  1
 0  0 -1  0 -1  1
6	% 
 1 0 0  0 0  0
 0 0 0  0 1  0
 0 1 0  0 0  0
 0 0 1  0 0  0
 0 0 1  0 0 -1
 0 0 1 -1 0  0
2-2;1,1;1;1 1 13
8 
#1 
6	% 
 -1  0 0 -1  0 1
 -1  0 0  0  0 1
 -1  0 0 -1 -1 0
  0  0 0  0 -1 0
  0 -1 0  0 -1 0
  0 -1 1  0  0 0
1;1;1;1;1;1 1 11
4 
#2 
6	% 
 1 0 0  0  0  0
 0 1 0  0  0 -1
 0 0 0  0 -1  0
 0 0 1 -1  0  0
 0 0 1 -1  0 -1
 0 0 0 -1  0  1
6	% 
 1  0  0 0 0  0
 0 -1  0 1 0  0
 0  0  0 1 0 -1
 0  1 -1 1 1  0
 0  0  0 0 1  0
 0  1 -1 0 0  0
1;1;1;1;1;1 1 5
1 
#1 
6	% 
 1  0 0  0  0  0
 0  1 0 -1  0 -1
 0  0 0 -1 -1 -1
 0  0 0  0  0 -1
 0 -1 1  0  0  0
 0  0 0 -1  0  0
3;1,1;1 2 5
2 
#1 
6	% 
 1  0  0  1 0 -1
 0  1 -1  0 1  0
 0  0 -1  0 0  0
 0  0 -1  0 0  1
 0 -1  1  0 0  0
 0  0  0 -1 0  0
2-2;1;1;1;1 1 8
4 
#1 
6	% 
 1  0  0 0  0 0
 0  0  0 0  0 1
 0  0  0 1  0 0
 0  1 -1 0  0 0
 0  0  0 0  1 0
 0 -1  0 0 -1 0
2-2;1;1;1;1 1 15
4 
#1 
6	% 
 1  0 0 0  0 0
 0 -1 0 1  0 0
 0 -1 0 0  0 1
 0  1 0 0  1 0
 0  0 0 0 -1 0
 0 -1 1 0  0 0
2-2;1,1;1;1 1 9
4 
#1 
6	% 
  2  0  1 -1  1 0
  0  0 -1  1  0 1
 -2  0  0 -1 -1 0
 -1  1 -1  0  0 0
 -1 -1  0  0 -1 0
 -1  0  0  0 -1 0
3;1;1;1 2 4
1 
#1 
6	% 
 1  0  0  0 0 0
 0  1 -1  0 1 0
 0  0 -1  0 0 0
 0  0 -1  0 0 1
 0 -1  1  0 0 0
 0  0  0 -1 0 0
3;1;1;1 2 8
1 
#1 
6	% 
 1  0  0  0  0  0
 0  0 -1  1 -1  0
 0  1  0 -1  1  0
 0 -1  0  1  0  0
 0  0  0  1  0 -1
 0  0 -1  1  0  1
