#156

4-1;2-1 1 1
1 
#1 
6	% 
 1 0 0 0 0 0
 0 1 0 0 0 0
 0 0 1 0 0 0
 0 0 0 1 0 0
 0 0 0 0 1 0
 0 0 0 0 0 1
1,1,1,1,1,1 1 1
1 
#1 
6	% 
 1 0 0 0 0 0
 0 1 0 0 0 0
 0 0 1 0 0 0
 0 0 0 1 0 0
 0 0 0 0 1 0
 0 0 0 0 0 1
1,1,1,1,1;1 1 1
6 
#2 
6	% 
 0  0  0  0 -1  0
 0 -1 -1  0 -1 -1
 0 -1  0 -1 -1 -1
 0  0 -1 -1  0 -1
 0  1  1  1  1  1
 1  0  0  0  0  0
6	% 
  0  0  0 -1  0 0
 -1  0 -1 -1 -1 0
 -1 -1  0 -1 -1 0
  0 -1 -1  0 -1 0
  1  1  1  1  1 0
  0  0  0  0  0 1
2-1;1,1,1,1 1 1
7 
#2 
6	% 
  0  0  0  0 1 0
  0  0  0  0 0 1
  0 -1 -1 -1 0 0
 -1  0 -1 -1 0 0
 -1 -1  0 -1 0 0
  1  1  1  1 0 0
6	% 
 1  0  0 0  0  0
 0  0  0 1  0  0
 0  0 -1 0 -1 -1
 0 -1  0 0 -1 -1
 0 -1 -1 0  0 -1
 0  1  1 0  1  1
1,1,1,1,1;1 1 2
14 
#2 
6	% 
  0  0  1 0  0 -1
  0  1  0 0  0 -1
  1  1  1 1  1  0
  0  0  0 0  1 -1
 -1 -1 -1 0 -1  1
  0  1  1 1  1 -1
6	% 
  1  0  0  0  0  0
  0  0  1  0  0  0
  1  0  1 -1  0  0
  0 -1  0 -1 -1 -1
 -1  1 -1  1  0  1
  1 -1  1 -1 -1  0
2-1;1,1,1;1 1 8
24 
#1 
6	% 
  0  0  0  0  0 -1
 -1 -1 -1 -1 -1  0
  0  0  0  1  0  1
  0  0  1  0  0  1
  0 -1  0  0  0 -1
 -1  0  0  0  0 -1
1,1,1,1;1,1 1 1
15 
#3 
6	% 
 0 -1 -1  0 -1  0
 0 -1  0 -1 -1  0
 0  0 -1 -1 -1  0
 0  1  1  1  1  0
 0  0  0  0  0 -1
 1  0  0  0  0  1
6	% 
 0  0 -1 -1  0 -1
 0  0  0 -1 -1 -1
 0  0 -1  0 -1 -1
 0  0  1  1  1  1
 0 -1  0  0  0  0
 1  1  0  0  0  0
6	% 
  0 -1 -1 -1 0  0
 -1  0 -1 -1 0  0
 -1 -1  0 -1 0  0
  1  1  1  1 0  0
  0  0  0  0 0 -1
  0  0  0  0 1  1
2-1;1,1,1;1 1 1
28 
#3 
6	% 
 0  0  0  0 0 1
 0  0  0  0 1 0
 0  0 -1 -1 0 0
 0 -1  0 -1 0 0
 0  1  1  1 0 0
 1  0  0  0 0 0
6	% 
 0  0  0 1  0 0
 1  0  0 0  0 0
 0  0 -1 0 -1 0
 0 -1  0 0 -1 0
 0  1  1 0  1 0
 0  0  0 0  0 1
6	% 
 0 0 0 1  0  0
 1 0 0 0  0  0
 0 0 1 0  0  1
 0 0 0 0 -1  0
 0 0 0 0  0 -1
 0 1 0 0  0  0
1,1,1,1;1,1 1 2
56 
#3 
6	% 
  0 1  0  0  0 0
  0 0  0  0  1 0
 -1 0 -1 -1 -1 0
  1 0  0 -1  0 1
  0 0  0  1  0 0
 -1 0  0  0  0 0
6	% 
 0 0 0  0 1 0
 0 0 0  0 0 1
 0 0 1  0 0 0
 0 1 0  0 0 0
 1 0 0  0 0 0
 0 0 0 -1 0 0
6	% 
 0  0  1  0 0  0
 0  0  1 -1 0  0
 0 -1  1  0 0  0
 1  0  0  0 0  0
 0  1 -1  1 1  0
 0 -1  1 -1 0 -1
2-1;1,1;1,1 1 9
24 
#1 
6	% 
  0  0 0 0 0 1
  0  0 0 0 1 0
  0  0 0 1 0 0
  0 -1 0 0 0 0
  0  0 1 0 0 0
 -1  0 0 0 0 0
2-1;1,1,1;1 1 4
36 
#3 
6	% 
  0 0  0  0 1 0
  0 0  0  0 0 1
  0 1  0  0 0 0
 -1 0 -1 -1 0 0
  0 0  0  1 0 0
 -1 0  0  0 0 0
6	% 
 1 0  0  0 0  0
 0 1  0  0 0  0
 0 0  0  0 1  0
 0 0 -1 -1 0 -1
 0 0  0  1 0  0
 0 0 -1  0 0  0
6	% 
 1  0  0 0  0  0
 0  0  0 1  0  0
 0 -1 -1 0 -1 -1
 0 -2 -1 0 -1 -1
 0  1  1 0  0  1
 0 -1 -1 0 -1  0
2-1',2-1';1;1 1 7
24 
#1 
6	% 
  0  1 -1  0  1  0
 -1  0  0  1  0 -1
  0  0  0 -1  0  1
  0  0  1  0 -1  0
  0 -1  0  0 -1  0
  1  0  0  0  0  1
1,1,1,1;1,1 1 3
36 
#2 
6	% 
  0  0  0  0  0 -1
 -1 -1 -1 -1 -1 -1
  0  1  0  0  0  0
  1  0  1  0  0  1
  0 -1  0 -1  0 -1
 -1  0  0  0  0  0
6	% 
  0 -1  1  0 -1 -1
  1  0  1  1  0  0
  1  1  0  0  0  1
 -1  0 -1  0  0  0
  0  0  1  1  0  0
  0 -1  0 -1 -1  0
1,1,1;1,1,1 1 1
10 
#2 
6	% 
  0  0  1  0  0  0
  0  0  0  1  0  0
  0  0 -1 -1 -1  0
  0 -1  0  0  0 -1
 -1  0  0  0  0 -1
  1  1  0  0  0  1
6	% 
  0  0 1  1  0  0
  0 -1 0  0  0  0
  0  0 0 -1  0  0
  0  0 0  0 -1 -1
 -1  0 0  0  0 -1
  1  0 0  0  1  1
2-1;1,1;1,1 1 1
21 
#3 
6	% 
 0  0 0  0 0 1
 0  0 0  0 1 0
 0 -1 0  0 0 0
 1  1 0  0 0 0
 0  0 0 -1 0 0
 0  0 1  1 0 0
6	% 
 0 0 0 1 0  0
 1 0 0 0 0  0
 0 0 1 0 0  0
 0 0 0 0 1  0
 0 0 0 0 0 -1
 0 1 0 0 0  1
6	% 
 0 0  0 1 0  0
 1 0  0 0 0  0
 0 0 -1 0 0  0
 0 1  1 0 0  0
 0 0  0 0 0 -1
 0 0  0 0 1  1
2-1',2-1';1,1 1 1
18 
#2 
6	% 
 -1 0  0  0 -1 -1
  0 0  0 -1 -1  1
  1 0  0 -1  0  1
  1 0  0  1  1  0
  0 0 -1  0  0  0
  0 1  1  0  0  0
6	% 
  1  1  0 -1 0  0
  0  1  1  1 0  0
 -1  0  0  1 0  0
  0 -1 -1  0 0  0
  0  0  0  0 0 -1
  0  0  0  0 1  1
2-1;1,1;1,1 1 11
24 
#1 
6	% 
  0 0 0 0 0 1
  0 0 0 0 1 0
  0 0 0 1 0 0
  0 1 0 0 0 0
  0 0 1 0 0 0
 -1 0 0 0 0 0
1,1,1;1,1,1 1 2
42 
#3 
6	% 
 -1  0 0 -1 -1  0
  0  0 1  0  0  0
 -1 -1 0  1  0 -1
  0 -1 0  0  0  0
  1  1 0  0  0  0
  0  1 0 -1  0  0
6	% 
 -1  0  0  1 -1 -1
  0  0  0  0  1  0
 -1 -1  0 -1  0  0
  0  0 -1  0  0  0
  1  0  1  0  0  0
  0  0  1  1  0  0
6	% 
  0  1  0  0  0  0
  1  1  0  0  1 -1
  0  0  0 -1  0  0
  0  0 -1 -1 -1 -1
 -1 -1  1  1  0  1
  1  1  1  1  1  0
1,1,1;1,1,1 1 3
36 
#2 
6	% 
  0  0 -1  1  0 -1
 -1 -1 -1 -1 -1  0
  1  0  0  1  1  0
 -1  0  1 -1  0  1
  0  1  1  0  1  0
  0 -1 -1  1  0 -1
6	% 
 -1 -1  0  1  0  0
 -1  0 -1 -1 -1 -1
  1  0  0  1  0  1
  0  0  0 -1  0  0
  1  0  0  1  1  0
 -1  0  0  0  0  0
2-1;1,1;1,1 1 3
36 
#3 
6	% 
 0 0 0  0 1 0
 0 0 0  0 0 1
 0 0 1  0 0 0
 0 1 0  0 0 0
 1 0 0  0 0 0
 0 0 0 -1 0 0
6	% 
 1 0 0  0 0 0
 0 1 0  0 0 0
 0 0 0  0 1 0
 0 0 0  0 0 1
 0 0 1  0 0 0
 0 0 0 -1 0 0
6	% 
 1  0  0 0  0  0
 0  0  0 1  0  0
 0 -1  0 0 -1  1
 0  0 -1 0 -1 -1
 0  1  1 0  1  0
 0 -1  1 0  0  1
2-1;1,1;1,1 1 7
18 
#2 
6	% 
 0 0 0 0 0 1
 0 0 0 0 1 0
 0 1 0 0 0 0
 0 0 1 0 0 0
 1 0 0 0 0 0
 0 0 0 1 0 0
6	% 
 0 1 0 0 0 0
 1 0 0 0 0 0
 0 0 0 1 0 0
 0 0 0 0 1 0
 0 0 1 0 0 0
 0 0 0 0 0 1
2-1',2-1';1;1 1 1
18 
#2 
6	% 
 0 0 0 1  1 -1
 1 0 0 0  1  1
 0 0 0 0  0  1
 0 0 0 0 -1  0
 0 1 0 0  0  0
 0 0 1 0  0  0
6	% 
  1  1  0 -1 0 0
  0  1  1  1 0 0
 -1  0  0  1 0 0
  0 -1 -1  0 0 0
  0  0  0  0 1 0
  0  0  0  0 0 1
2-1',2-1';1;1 1 3
18 
#2 
6	% 
 0 1 0 0  1 -1
 1 0 0 0  1  1
 0 0 0 0  0  1
 0 0 0 0 -1  0
 0 0 0 1  0  0
 0 0 1 0  0  0
6	% 
  1  1  0 -1 0 0
  0  1  1  1 0 0
 -1  0  0  1 0 0
  0 -1 -1  0 0 0
  0  0  0  0 0 1
  0  0  0  0 1 0
1,1,1;1,1,1 1 4
12 
#1 
6	% 
 0 0 0 1  1  1
 0 0 0 0  0  1
 1 0 0 0 -1 -1
 0 0 1 0  1  1
 0 1 0 0 -1 -1
 0 0 0 0  1  0
2-1',2-1',2-1' 1 1
12 
#1 
6	% 
 -1 0  1  1  1 -1
  1 1  1  0  1  1
  0 1  1  0  1  1
  1 0  0 -1 -1  1
  1 1  0  0  0  1
  0 0 -1 -1 -1  0
2-2;1,1,1,1 1 2
16 
#1 
6	% 
  1  0  0  0  0  0
  2  1  1  1  1  1
  1  0  0  0  0 -1
 -2 -1 -1  0 -1  0
  2  1  0  1  1  0
 -2  0 -1 -1 -1  0
1,1,1,1;1;1 1 1
15 
#3 
6	% 
 0 -1 0  0 -1 -1
 0 -1 0 -1  0 -1
 0  0 0 -1 -1 -1
 0  1 0  1  1  1
 1  0 0  0  0  0
 0  0 1  0  0  0
6	% 
 0 -1  0 -1 0 -1
 0 -1 -1  0 0 -1
 0  0 -1 -1 0 -1
 0  1  1  1 0  1
 1  0  0  0 0  0
 0  0  0  0 1  0
6	% 
  0 -1 -1 -1 0 0
 -1  0 -1 -1 0 0
 -1 -1  0 -1 0 0
  1  1  1  1 0 0
  0  0  0  0 1 0
  0  0  0  0 0 1
1,1,1;1,1;1 1 1
60 
#5 
6	% 
 0 0  0  0 1  1
 0 0 -1  0 0  0
 0 0  0  0 0 -1
 0 0  0 -1 0  0
 0 1  0  1 0  0
 1 0  0  0 0  0
6	% 
 0 1  0  1 0 0
 0 0 -1  0 0 0
 0 0  0 -1 0 0
 0 0  0  0 1 0
 0 0  0  0 0 1
 1 0  0  0 0 0
6	% 
 0 0  0 1  1 0
 0 0 -1 0  0 0
 0 0  0 0 -1 0
 0 1  0 0  0 0
 0 0  0 0  0 1
 1 0  0 0  0 0
6	% 
 0  0  1  0  0 0
 0  0  1  1  0 0
 0 -1 -1 -1  0 0
 0  0  0  0 -1 0
 1  0  0  0  1 0
 0  0  0  0  0 1
6	% 
 0  0  1  0  0 0
 0  0  1  0  1 0
 0 -1 -1  0 -1 0
 0  0  0 -1  0 0
 1  0  0  1  0 0
 0  0  0  0  0 1
2-2;1,1,1;1 1 3
48 
#2 
6	% 
 0  0  0  0  0 -1
 0  1  1 -1  1  1
 1  0  0  0  0  0
 0 -1 -1  0 -1  0
 0  1  0 -1  1  0
 0  0 -1  1 -1  0
6	% 
 0 0  0 0  1 0
 1 0  0 0 -1 0
 0 0  0 0  0 1
 0 0  0 1  0 0
 0 0 -1 0  0 0
 0 1  0 0  0 0
1,1,1,1;1;1 1 2
56 
#3 
6	% 
 0  0 1  0 0 0
 0  0 0  0 1 0
 0  0 0  0 0 1
 1  0 0  0 0 0
 0  0 0 -1 0 0
 0 -1 0  0 0 0
6	% 
 0  1  0  0  0  0
 0  0 -1 -1 -1  1
 0  1  0 -1  0  0
 1  0  0  0  0  0
 0 -1  1  1  0 -1
 0  1 -1 -1 -1  0
6	% 
 1  0  0 0 0 0
 0  0  0 0 1 0
 0  0  0 1 0 0
 0  0  0 0 0 1
 0  0 -1 0 0 0
 0 -1  0 0 0 0
1,1,1;1,1;1 1 3
168 
#5 
6	% 
 0 -1  0  1 0 0
 0  0  0  0 1 0
 0  1 -1 -1 0 0
 0  0  0  1 0 0
 0  1  0  1 0 1
 1  0  0  0 0 0
6	% 
 0  1  0  1  0  0
 0  1  0  1  1  0
 0 -2  0 -2 -1 -1
 0  1  0  0  0  0
 0  0 -1  0  0  0
 1  0  0  0  0  0
6	% 
 0 0  2  0  1  1
 0 0  1  0  0  0
 0 0 -2 -1 -1 -1
 0 1  1  0  1  0
 0 1  0  0  0  0
 1 0  0  0  0  0
6	% 
 0  2  1  1  0 0
 0  1  0  0  0 0
 0 -2 -1 -1 -1 0
 1  1  1  0  0 0
 1  0  0  0  0 0
 0  0  0  0  0 1
6	% 
  2  1 -1  0  0 0
  1  0  0 -1  0 0
 -2 -1  1  1  0 0
  1  1  0  0  0 0
  0  0  0  0 -1 0
  0  0  0  0  0 1
1,1,1;1,1;1 1 8
72 
#2 
6	% 
 0  1  0 -1 -1 -1
 0  2  2 -2 -1 -1
 0 -4 -3  4  3  3
 0  1  0  0  0 -1
 0  1  1 -1 -1  0
 1  0  0  0  0  0
6	% 
 -1 -1  1 -1 -2 0
  0 -1  1  0 -2 0
  1  3 -3  1  5 0
  0  0  1 -1 -1 0
  0 -1  0  0 -1 0
  0  0  0  0  0 1
2-2;2-1;1,1 1 3
16 
#1 
6	% 
 0 0  0 0 0 1
 0 0  0 0 1 0
 1 0  0 0 0 0
 0 0  0 1 0 0
 0 0 -1 0 0 0
 0 1  0 0 0 0
2-1',2-1';2-1 1 1
18 
#2 
6	% 
  0  1 -1  1 0 0
  1  1  1  0 0 0
  1  0  1 -1 0 0
 -1 -1  0 -1 0 0
  0  0  0  0 0 1
  0  0  0  0 1 0
6	% 
 0 0 -1 0 -1  1
 0 0  0 1  1  1
 0 0  0 1  1  0
 0 0  1 0  0 -1
 0 1  0 0  0  0
 1 0  0 0  0  0
1,1,1;1,1;1 1 9
72 
#3 
6	% 
  0 -1  1 0 0  0
  0  0  0 0 1  1
  0  1 -1 0 0 -1
  0  0  1 0 0  0
  0  0  0 1 0  0
 -1  0  0 1 0  0
6	% 
  0  2  2 0  1  1
  0  1  1 0  0  0
  0 -3 -2 0 -1 -1
  0  1  1 0  1  0
  0  0  0 1  0  0
 -1  0  0 1  0  0
6	% 
 -2 -1  1 0  0 0
 -2  0  0 1  0 0
  3  1 -1 0  0 0
 -1  0  1 0  0 0
  0  0  0 0  0 1
  0  0  0 0 -1 1
1,1,1,1;1;1 1 5
36 
#2 
6	% 
  0  0 0 0 -1  0
  0  0 0 0 -1  1
  0  0 1 0 -1  1
  0  0 0 1  2 -1
 -1  0 0 0 -2  1
  0 -1 0 0  1 -1
6	% 
  0  1  0  0  0 0
 -1  1 -1 -1 -1 1
 -1  1 -1  0  0 0
  1 -2  1  1  1 0
 -1  2 -1 -1  0 1
  0 -1  1  1  0 0
1,1,1;1,1;1 1 2
84 
#4 
6	% 
  1 0 0  1  0  0
  1 0 0  1  1  0
 -2 0 0 -2 -1 -1
  0 1 0  0  0  0
  0 0 1  0  0  0
  1 0 0  0  0  0
6	% 
 -1 0  0 -1 0  0
  0 0  1  0 0  0
  1 1 -1  1 0  0
  0 0  0  0 0 -1
  0 0  0  0 1  1
  0 0  0 -1 0  0
6	% 
  1  0 0  1 0 0
  1  0 0  1 0 1
 -1  0 1 -1 0 0
  0  1 0  0 1 0
  0 -1 0  0 0 0
  1  0 0  0 0 0
6	% 
 0 0  2  2  1 -1
 0 0  1  1  0  0
 0 0 -3 -2 -1  1
 1 0  0  0  0  0
 0 1  0  0  0  0
 0 0  1  1  1  0
1,1,1,1;1;1 1 3
7 
#2 
6	% 
 0 -1  0 0 -1 -1
 0 -1 -1 0  0 -1
 0  0 -1 0 -1 -1
 0  1  1 0  1  1
 0  0  0 1  0  0
 1  0  0 0  0  0
6	% 
  0 -1 -1 -1 0 0
 -1  0 -1 -1 0 0
 -1 -1  0 -1 0 0
  1  1  1  1 0 0
  0  0  0  0 0 1
  0  0  0  0 1 0
1,1,1;1,1;1 1 4
56 
#3 
6	% 
  0  0  1 0  0 0
  0  0  1 0  1 0
  0 -1 -1 0 -1 0
  0  0  0 1  0 1
  0  0  0 0  0 1
 -1  0  0 1  0 0
6	% 
  0  0  0  0 1  0
  0 -1  0  0 0 -1
  0  0  0  0 0  1
 -1  0 -1  0 0  0
 -1  0 -1 -1 0  0
 -1  0  0  1 0  0
6	% 
  0  1 0 1  0  0
  0  1 0 0  0  0
  0 -1 1 0  0  0
  0  0 0 0 -1  0
 -1  0 0 0 -1 -1
  0  0 0 0 -1  1
1,1,1;1,1;1 1 7
144 
#3 
6	% 
  1  0  2  1  0  0
  2  0  2  2  1 -1
 -4  0 -5 -4 -2  2
  1 -1  1  1  0 -1
  0 -1  0  0 -1 -1
  1  0  1  0  0  0
6	% 
 1  0  0 1 0 0
 0 -1  1 0 0 0
 0  2 -2 0 0 1
 0  0  1 0 1 0
 0  1  1 0 1 0
 1  0  0 0 0 0
6	% 
 0  0  0  0 -1 -1
 0  2  1  1  0  0
 0 -3 -2 -2  0  0
 1  1  1  0  0  0
 1  0  0  0  0  0
 0  0  0  0 -1  0
1,1,1;1,1;1 1 12
72 
#2 
6	% 
 -1 0  0 -1  0  0
  0 0  0  0  1 -1
  2 1 -1  2 -1  1
  0 1  1  0  1  0
  1 0 -1  1 -1  0
 -1 0  0  0  0  0
6	% 
  0  0 0  0  1  1
 -1  0 0 -1  0  0
  1 -1 1  1 -2 -2
  0  0 0 -1  0  0
  0 -1 0  1 -1 -1
  0  0 0  0  0  1
2-1;1,1;1;1 1 26
12 
#1 
6	% 
 0  0 0  0  1  0
 0  0 0  0 -1 -1
 0  0 0 -1  0  0
 0  0 1  0  0  0
 0 -1 0  0  0  0
 1  0 0  0  0  0
3;1,1,1 1 3
8 
#1 
6	% 
 0 0  0  0 0  1
 0 0  0  0 1 -1
 0 0  0 -1 0  0
 0 0 -1  0 0  0
 0 1  0  0 0  0
 1 0  0  0 0  0
2-1;1,1;1;1 1 24
48 
#1 
6	% 
 0 0  0  0 0 1
 0 0  0  0 1 0
 0 0  0 -1 0 0
 1 0  0  0 0 0
 0 0 -1  0 0 0
 0 1  0  0 0 0
2-1;1,1;1;1 1 32
48 
#1 
6	% 
 0 0 0  0 -1  0
 0 0 0  0  0 -1
 0 0 0 -1 -1  1
 0 1 0  0  1 -1
 0 0 1  0  1 -1
 1 0 0  0  1 -1
1,1,1;1;1;1 1 1
20 
#3 
6	% 
 0 0 0  1 0 0
 0 0 0  1 1 0
 0 1 0 -1 0 0
 1 0 0  0 0 0
 0 0 1  0 0 0
 0 0 0  0 0 1
6	% 
 0 1  0  1 0 0
 0 0 -1  0 0 0
 0 0  0 -1 0 0
 1 0  0  0 0 0
 0 0  0  0 1 0
 0 0  0  0 0 1
6	% 
 0 0 0  0 1  1
 0 0 0 -1 0  0
 0 0 0  0 0 -1
 1 0 0  0 0  0
 0 1 0  0 0  0
 0 0 1  0 0  0
1,1;1,1;1,1 1 1
15 
#2 
6	% 
 0  1 0  0 0  0
 0 -1 0 -1 0  0
 0  0 1  0 0  0
 0  0 0  0 1  0
 0  0 0  0 0 -1
 1  0 0  0 0  1
6	% 
 0 -1 0  0 0  0
 1  1 0  0 0  0
 0  0 0 -1 0  0
 0  0 1  1 0  0
 0  0 0  0 0 -1
 0  0 0  0 1  1
2-2;1,1;1,1 1 3
48 
#2 
6	% 
 0  1  1 -1  1  0
 0  0  0  0  0 -1
 1  0  0  0  0  1
 0 -1 -1  0 -1  0
 0  1  0 -1  1  0
 0  0 -1  1 -1  0
6	% 
 1 0  0 0  0 0
 0 0  0 0  1 1
 0 0  0 0 -1 0
 0 0  0 1  0 0
 0 0 -1 0  0 0
 0 1  0 0  0 0
1,1,1;1;1;1 1 2
84 
#4 
6	% 
 0  0 -1  0 1 0
 0  0  1  0 0 0
 1  0  0  0 0 0
 0  0  0  0 0 1
 0  0  0 -1 0 0
 0 -1  0  0 0 0
6	% 
 0 0  0  0 0 1
 0 0  0  0 1 0
 1 0  0  0 0 0
 0 1  0  0 0 0
 0 0  0 -1 0 0
 0 0 -1  0 0 0
6	% 
 0 0  0 -1  0  0
 0 0 -1 -1 -1  1
 1 0  0  0  0  0
 0 1  0  0  0  0
 0 0  1  1  0 -1
 0 0 -1 -1 -1  0
6	% 
  0 0 1 0 0 0
  0 1 0 0 0 0
  0 0 0 0 1 0
  0 0 0 0 0 1
  0 0 0 1 0 0
 -1 0 0 0 0 0
1,1;1,1;1;1 1 7
84 
#4 
6	% 
 0 0 0  0 1 0
 0 0 1  0 0 0
 1 0 0  0 0 0
 0 0 0  0 0 1
 0 1 0  0 0 0
 0 0 0 -1 0 0
6	% 
 0 0 0  0 0 1
 0 0 0  0 1 0
 1 0 0  0 0 0
 0 1 0  0 0 0
 0 0 1  0 0 0
 0 0 0 -1 0 0
6	% 
 0 0 -1  0 -1  1
 0 0  0 -1 -1 -1
 1 0  0  0  0  0
 0 1  0  0  0  0
 0 0  1  1  1  0
 0 0 -1  1  0  1
6	% 
 -1  0 -1  1 0 0
  0 -1 -1 -1 0 0
  0  0  0  0 0 1
  0  0  0  0 1 0
  1  1  1  0 0 0
 -1  1  0  1 0 0
1,1;1,1;1;1 1 1
45 
#4 
6	% 
 0 1 0  0 0 0
 0 0 0  0 1 0
 0 0 0 -1 0 0
 0 0 1  1 0 0
 1 0 0  0 0 0
 0 0 0  0 0 1
6	% 
 0 0  1 0 0 1
 0 0 -1 0 0 0
 0 0  0 1 0 0
 0 0  0 0 1 0
 1 0  0 0 0 0
 0 1  0 0 0 0
6	% 
 0 0  1 1  0 0
 0 0 -1 0  0 0
 0 0  0 0  1 1
 0 0  0 0 -1 0
 1 0  0 0  0 0
 0 1  0 0  0 0
6	% 
 0  1 1  0 0 0
 0 -1 0  0 0 0
 0  0 0 -1 0 0
 1  0 0  1 0 0
 0  0 0  0 1 0
 0  0 0  0 0 1
1,1;1,1;1,1 1 2
84 
#4 
6	% 
 0 0 0  0 1  0
 0 0 0  0 0 -1
 1 0 0  0 0  1
 0 0 1  0 0  0
 0 1 0  0 0  0
 0 0 0 -1 0  0
6	% 
 0  0 0  0 0 1
 0 -1 0  0 0 0
 1  1 0  0 0 0
 0  0 0  0 1 0
 0  0 1  0 0 0
 0  0 0 -1 0 0
6	% 
 0  0 -1  0 -1  1
 0 -1  0  0  0  0
 1  1  0  0  0  0
 0  0  0 -1 -1 -1
 0  0  1  1  1  0
 0  0 -1  1  0  1
6	% 
 -1  0 -1  1 0 0
  0  0  0  0 1 0
  0  0  0  0 0 1
  0 -1 -1 -1 0 0
  1  1  1  0 0 0
 -1  1  0  1 0 0
2-1;1,1;1;1 1 1
42 
#4 
6	% 
 0 0  0 0 0 1
 0 0  0 0 1 0
 0 0 -1 0 0 0
 0 1  1 0 0 0
 1 0  0 0 0 0
 0 0  0 1 0 0
6	% 
 0 0 0 1  0 0
 1 0 0 0  0 0
 0 0 0 0 -1 0
 0 1 0 0  1 0
 0 0 1 0  0 0
 0 0 0 0  0 1
6	% 
 0 0  0 1 0 0
 1 0  0 0 0 0
 0 0 -1 0 0 0
 0 1  1 0 0 0
 0 0  0 0 1 0
 0 0  0 0 0 1
6	% 
 0 0 0 1  0 0
 1 0 0 0  0 0
 0 0 0 0  1 1
 0 0 0 0 -1 0
 0 1 0 0  0 0
 0 0 1 0  0 0
2-2;2-1;1;1 1 5
16 
#1 
6	% 
 0  0 0 0 1 0
 0  0 0 0 0 1
 1  0 0 0 0 0
 0  0 0 1 0 0
 0  0 1 0 0 0
 0 -1 0 0 0 0
2-1;1,1;1;1 1 4
72 
#3 
6	% 
 0 0 0  0 0 1
 0 0 0  0 1 0
 0 1 1 -1 0 0
 1 0 0  0 0 0
 0 0 0  1 0 0
 0 1 0  0 0 0
6	% 
 0 0  0 1 0 0
 1 0  0 0 0 0
 0 1 -1 0 1 0
 0 0  0 0 0 1
 0 0  1 0 0 0
 0 1  0 0 0 0
6	% 
 0 0  0 1  0  0
 1 0  0 0  0  0
 0 0 -1 0 -1  1
 0 1  0 0  0  0
 0 0  1 0  0 -1
 0 0 -1 0 -1  0
1,1;1,1;1;1 1 23
18 
#2 
6	% 
 1 0  0  0  0 0
 0 1  0  0  0 0
 0 0  0  0  0 1
 0 0 -1  0  0 0
 0 0  0  0 -1 0
 0 0  0 -1  0 0
6	% 
  0  0  0  0 0 1
  0  0  0  0 1 0
  1  1  1  0 0 0
 -1 -1  0  0 0 0
  0  1  1 -1 0 0
  0  0 -1  1 0 0
1,1,1;1;1;1 1 10
36 
#3 
6	% 
 0  0  0  0 0 1
 0  0  0  0 1 0
 0  0  0 -1 0 0
 0 -1  0  0 0 0
 1  0  0  0 0 0
 0  0 -1  0 0 0
6	% 
 0  0  0 -1  0  0
 0  0 -1 -1 -1  1
 0  0  1  1  0 -1
 0 -1  0  0  0  0
 1  0  0  0  0  0
 0  0 -1 -1 -1  0
6	% 
  0 -1  1 -1 0  0
 -1  0  0  1 0  0
  1  0 -1  0 0  0
  0  0  0  0 0 -1
  0  0  0  0 1  0
 -1 -1  0  0 0  0
1,1;1,1;1,1 1 5
18 
#2 
6	% 
 0 -1  0  0  0 0
 1  1  0  0  0 0
 0  0  0  0  0 1
 0  0 -1  0  0 0
 0  0  0  0 -1 0
 0  0  0 -1  0 0
6	% 
  0  0  0  0 1  1
  0  0  0  0 0 -1
  1  1  1  0 0  0
 -1 -1  0  0 0  0
  0  1  1 -1 0  0
  0  0 -1  1 0  0
1,1;1,1;1;1 1 19
36 
#3 
6	% 
 0 0 0  0 0 1
 0 0 0  0 1 0
 0 0 1  0 0 0
 0 1 0  0 0 0
 0 0 0 -1 0 0
 1 0 0  0 0 0
6	% 
 0 0 -1  0 -1  1
 0 0  0 -1 -1 -1
 0 0  1  1  1  0
 0 1  0  0  0  0
 0 0 -1  1  0  1
 1 0  0  0  0  0
6	% 
 -1  0 -1  1 0 0
  0 -1 -1 -1 0 0
  1  1  1  0 0 0
  0  0  0  0 0 1
 -1  1  0  1 0 0
  0  0  0  0 1 0
1,1;1,1;1;1 1 34
18 
#2 
6	% 
 0 0  0 -1 0 1
 0 0 -1  0 0 0
 0 1  0  0 0 0
 0 0  0  1 0 0
 0 0  1  0 1 0
 1 0  0  0 0 0
6	% 
 0  1  0 0 0 0
 0 -1  0 1 0 0
 0  0  0 0 0 1
 1  0  1 0 0 0
 0  0 -1 0 0 0
 0  0  0 0 1 0
1,1,1;1;1;1 1 5
28 
#3 
6	% 
 0 0 0  0 1  1
 0 0 0 -1 0  0
 0 0 0  0 0 -1
 0 0 1  0 0  0
 0 1 0  0 0  0
 1 0 0  0 0  0
6	% 
 0 0  0  1 0  0
 0 0  0  1 0  1
 0 0 -1 -1 0 -1
 0 0  0  0 1  0
 0 1  0  0 0  0
 1 0  0  0 0  0
6	% 
 0 1  0  1 0 0
 0 0 -1  0 0 0
 0 0  0 -1 0 0
 1 0  0  0 0 0
 0 0  0  0 0 1
 0 0  0  0 1 0
1,1;1,1;1;1 1 4
21 
#3 
6	% 
 0 0  1 0 0  0
 0 0 -1 0 0 -1
 0 0  0 1 0  0
 0 0  0 0 1  0
 0 1  0 0 0  0
 1 0  0 0 0  0
6	% 
 0 0  1 1  0  0
 0 0 -1 0  0  0
 0 0  0 0  1  0
 0 0  0 0 -1 -1
 0 1  0 0  0  0
 1 0  0 0  0  0
6	% 
 0  1 1  0 0 0
 0 -1 0  0 0 0
 0  0 0 -1 0 0
 1  0 0  1 0 0
 0  0 0  0 0 1
 0  0 0  0 1 0
2-2;1,1,1;1 1 5
32 
#1 
6	% 
  1 0 0 0  0 0
  1 0 0 0 -1 0
 -1 0 0 0  0 1
 -1 0 0 1  1 1
 -1 0 1 0  1 1
 -1 1 0 0  1 1
1,1;1,1;1,1 1 4
72 
#2 
6	% 
 0 1 -1  0 1 0
 1 0  0 -1 0 1
 0 0  0  1 0 0
 0 0  1  0 0 0
 0 1  0  0 0 0
 1 0  0  0 0 0
6	% 
 1  1 0 -1 0  0
 0  0 1  0 1  1
 0  0 0  0 0 -1
 0 -1 0  1 0  0
 1  1 0  0 0  0
 0  0 0  0 1  0
1,1,1;1;1;1 1 7
72 
#2 
6	% 
 1  1  1  1  1 0
 0  0  0  0  0 1
 0  1  0  0  1 0
 0 -1 -1 -1 -1 0
 0  0 -1  0 -1 0
 1  1  1  0  1 0
6	% 
 -1 0 -1 -1 -1  1
  0 1  0  0  0  0
 -1 0 -1  0  0  0
  1 0  1  1  0 -1
  0 0  1  1  0  0
 -1 0 -1 -1 -1  0
1,1;1,1;1;1 1 2
168 
#5 
6	% 
  0 0  0 0 1 0
  0 0 -1 0 0 0
  0 1  1 0 0 0
  0 0  0 0 0 1
  0 0  0 1 0 0
 -1 0  0 0 0 0
6	% 
 1 0 1  1  0 0
 0 0 0  0 -1 0
 0 1 0  0  1 0
 0 0 0  0  0 1
 0 0 0 -1  0 0
 1 0 0  0  0 0
6	% 
  0 0 0 0 0 1
  0 0 1 0 0 0
  0 0 0 0 1 0
  0 1 0 0 0 0
  0 0 0 1 0 0
 -1 0 0 0 0 0
6	% 
 1 0 1  1  0 0
 0 0 0  0  1 1
 0 0 0  0 -1 0
 0 1 0  0  0 0
 0 0 0 -1  0 0
 1 0 0  0  0 0
6	% 
 0 1 0 0 1  1
 0 0 1 0 0  0
 0 0 0 1 0  0
 1 0 0 0 0  0
 0 0 0 0 0 -1
 0 0 0 0 1  0
1,1;1,1;1;1 1 16
144 
#3 
6	% 
 0 0  0  0 1 0
 0 0  0  0 0 1
 0 0  0 -1 0 0
 1 1  0  1 0 0
 1 0  0  0 0 0
 1 0 -1  1 0 0
6	% 
 0 0 -1  0 -1 -1
 0 1  0  0  0  0
 0 0  0 -1  0  0
 1 0  1  1  1  0
 1 0  0  0  0  0
 1 0 -1  1  0 -1
6	% 
 0  1  1 -1 0  0
 1  0  0  0 0  0
 0 -1  0 -1 0 -1
 0  1 -1  2 1  1
 0  1  0  1 1  0
 0  2  1  1 1  1
2-1;1;1;1;1 1 22
12 
#1 
6	% 
 0  0 0  0 0 1
 0  0 0  0 1 0
 0  0 0 -1 0 0
 0  0 1  0 0 0
 0 -1 0  0 0 0
 1  0 0  0 0 0
2-1,2-1;2-1 2 4
48 
#1 
6	% 
 0 0 0 0 0 1
 0 0 0 0 1 0
 0 0 1 0 0 0
 0 0 0 1 0 0
 1 0 0 0 0 0
 0 1 0 0 0 0
2-1;1,1;1;1 1 18
36 
#2 
6	% 
  0  0 0  0 0 1
  0  0 0  0 1 0
  0  0 0 -1 0 0
  1  0 1  1 0 0
  1  0 0  0 0 0
 -1 -1 0 -1 0 0
6	% 
 0 1  0 0  0  0
 1 0  0 0  0  0
 0 0  0 1  0  0
 0 0  0 0  0 -1
 0 0 -1 0  0  0
 0 0  0 0 -1  0
2-1;1,1;1;1 1 6
18 
#3 
6	% 
 0 0  0 0 1 0
 0 0  0 0 0 1
 0 0 -1 0 0 0
 0 1  1 0 0 0
 0 0  0 1 0 0
 1 0  0 0 0 0
6	% 
 1 0 0 0  0  0
 0 1 0 0  0  0
 0 0 0 0  1  0
 0 0 0 0 -1 -1
 0 0 0 1  0  0
 0 0 1 0  0  0
6	% 
 1 0  0 0 0 0
 0 0  0 1 0 0
 0 0 -1 0 0 0
 0 1  1 0 0 0
 0 0  0 0 0 1
 0 0  0 0 1 0
2-1;2-1;2-1 1 5
6 
#1 
6	% 
 0 0  0  0 0 1
 0 0  0  0 1 0
 0 0 -1  0 0 0
 0 1  0  0 0 0
 0 0  0 -1 0 0
 1 0  0  0 0 0
2-1;2-1;1;1 1 18
12 
#1 
6	% 
 0  0 0  0 1 0
 0  0 0  0 0 1
 0  0 0 -1 0 0
 0  0 1  0 0 0
 0 -1 0  0 0 0
 1  0 0  0 0 0
2-1,2-1;2-1 1 3
48 
#1 
6	% 
 1  0  0 -1 0 1
 0  1 -1  0 1 0
 0  0  1  0 0 0
 1  0  0  0 0 0
 0  0  0 -1 0 0
 0 -1  0  0 0 0
2-1',2-1';2-1 1 3
24 
#1 
6	% 
  0 -1 1  0  0 1
 -1  0 0  1 -1 0
  0  0 0 -1  0 0
  0 -1 0  0  0 0
  0  0 1  0  0 0
  1  0 0  0  0 0
2-1,2-1;1;1 1 7
48 
#1 
6	% 
  0  1 -1  0  1  0
  1  0  0 -1  0  1
  0  0  0  1  0 -1
  0 -1  0  0 -1  0
  0  0  1  0 -1  0
 -1  0  0  0  0 -1
2-1,2-1;1;1 2 11
48 
#1 
6	% 
 0  0 0  0 -1  0
 0  0 0  0  0  1
 0  0 0 -1  1 -1
 0  0 1  0  1  1
 0 -1 0  0  1  1
 1  0 0  0  1 -1
2-2;1,1,1;1 1 4
16 
#1 
6	% 
  0 0 0 0  1 0
  0 0 0 0  1 1
  0 0 1 0 -1 0
  0 0 0 1  0 0
  0 1 0 0  0 0
 -1 0 0 0  0 0
1,1,1;1;1;1 1 19
8 
#1 
6	% 
  0  0 0  0 0 1
  0  0 0  0 1 0
  0  0 0 -1 0 0
 -1  0 0  0 0 0
  0  0 1  0 0 0
  0 -1 0  0 0 0
1,1;1,1;1;1 1 36
24 
#1 
6	% 
 0  0 0 0 0 1
 0  0 0 0 1 0
 0  0 0 1 0 0
 1  0 0 0 0 0
 0 -1 0 0 0 0
 0  0 1 0 0 0
1,1;1,1;1;1 1 39
24 
#1 
6	% 
 -1 -1 -1 -1 -2  1
  1  1  1  1  1 -2
 -1  0 -1 -1 -1  1
  1  1  1  0  1 -1
  0  1  1  1  1 -1
  1  1  0  1  1 -1
1,1;1,1;1;1 1 8
72 
#2 
6	% 
 0  0 0  0  0 1
 0  0 0  0 -1 0
 0  0 1  0  1 0
 1  0 0  0  0 0
 0 -1 0  0  0 0
 0  0 0 -1 -1 0
6	% 
  0  1 1 -1  0  0
 -1  0 0  0 -1  1
  1  0 0  0  0 -1
  0 -1 0  0  0  0
  0  0 0 -1  0  0
 -1  0 0  0 -1  0
1,1;1,1;1;1 1 25
72 
#2 
6	% 
  0 0 0  0 -1  0
  0 1 0  0  1 -1
  0 0 0 -1  0  0
  0 0 0  0  0 -1
  0 0 1  0  0  0
 -1 0 0  0 -1  1
6	% 
  1  0 -1  1  0 0
  0  1  1  0  0 1
 -2 -1  1 -1  0 0
  1  1  0  1  0 0
  1  1 -1  2  0 0
  0 -1 -1  0 -1 0
1,1;1,1;1,1 1 10
24 
#1 
6	% 
 0 -1 1 -1  0  0
 0  0 0  0 -1  0
 0  0 0  1  1  1
 1  0 1 -1  0  0
 0  0 1  0  1  1
 0  0 0  0  0 -1
1,1;1,1;1;1 1 9
36 
#2 
6	% 
  0 0  0  0 0 -1
  0 0  0  0 1  1
  0 0 -1  0 0  0
  0 1  1  1 0  0
  0 0  0  1 0  0
 -1 0 -1 -1 0  0
6	% 
  0  1  0 0  0  0
  0 -1 -1 0  0  0
  0  0  0 0 -1  0
  0  0  0 1  1  1
  0  0  0 0  0  1
 -1  0  0 0 -1 -1
1,1,1;1;1;1 1 15
24 
#1 
6	% 
 -1 -1  0 1  0  0
  1  1  0 0  0 -1
  0  1  0 0  0  0
  1  1 -1 0  0  0
 -1  0  0 0  0  0
 -1 -1  0 0 -1  0
2-2;1,1;1,1 1 4
32 
#1 
6	% 
  1 0 0  0  1 -1
 -1 0 0  0 -1  0
 -1 0 0  0  0  1
  0 0 0 -1  1  1
  0 0 1  0  1  1
  0 1 0  0  1  1
2-1,2-1,2-1 1 1
48 
#1 
6	% 
  0  0  0 -1 -1  0
 -1  0  0  0  0 -1
  0  0 -1  0 -1  0
  0  1  0  0  0 -1
  0  0  1  1  1  0
  1 -1  0  0  0  1
2-1;2-1;1;1 1 1
9 
#2 
6	% 
 0 0 0 1 0 0
 0 0 1 0 0 0
 0 0 0 0 0 1
 0 0 0 0 1 0
 1 0 0 0 0 0
 0 1 0 0 0 0
6	% 
 0 0 1 0 0 0
 0 1 0 0 0 0
 0 0 0 1 0 0
 1 0 0 0 0 0
 0 0 0 0 1 0
 0 0 0 0 0 1
2-1;1;1;1;1 1 3
18 
#3 
6	% 
 0 0 0 0 1 0
 0 0 0 0 0 1
 1 0 0 0 0 0
 0 1 0 0 0 0
 0 0 0 1 0 0
 0 0 1 0 0 0
6	% 
 1 0 0 0 0 0
 0 1 0 0 0 0
 0 0 0 0 0 1
 0 0 0 0 1 0
 0 0 0 1 0 0
 0 0 1 0 0 0
6	% 
 1 0 0 0 0 0
 0 0 0 1 0 0
 0 1 0 0 0 0
 0 0 1 0 0 0
 0 0 0 0 0 1
 0 0 0 0 1 0
2-1;1;1;1;1 1 1
7 
#2 
6	% 
 0 0 0 0 0 1
 0 0 0 0 1 0
 1 0 0 0 0 0
 0 1 0 0 0 0
 0 0 1 0 0 0
 0 0 0 1 0 0
6	% 
 0 0 0 1 0 0
 1 0 0 0 0 0
 0 1 0 0 0 0
 0 0 1 0 0 0
 0 0 0 0 1 0
 0 0 0 0 0 1
2-1;1;1;1;1 1 14
9 
#2 
6	% 
 0 0 0 0 0 1
 0 0 0 0 1 0
 0 1 0 0 0 0
 0 0 0 1 0 0
 1 0 0 0 0 0
 0 0 1 0 0 0
6	% 
 0 0 0 1 0 0
 1 0 0 0 0 0
 0 0 1 0 0 0
 0 0 0 0 0 1
 0 1 0 0 0 0
 0 0 0 0 1 0
2-1;2-1;2-1 1 1
3 
#1 
6	% 
 0 1 0 0 0 0
 1 0 0 0 0 0
 0 0 0 1 0 0
 0 0 1 0 0 0
 0 0 0 0 0 1
 0 0 0 0 1 0
2-1,2-1;2-1 1 1
36 
#2 
6	% 
  0 0 1 -1 0 0
  1 1 0  0 0 0
  0 0 0  1 0 0
 -1 0 0  0 0 0
  0 0 0  0 0 1
  0 0 0  0 1 0
6	% 
 0 0 0 1 0 0
 1 0 0 0 0 0
 0 0 0 0 1 0
 0 0 0 0 0 1
 0 0 1 0 0 0
 0 1 0 0 0 0
2-1;2-1;1,1 1 1
9 
#2 
6	% 
 0  0 0 0 0 1
 0  0 0 0 1 0
 0  0 0 1 0 0
 0  0 1 0 0 0
 0 -1 0 0 0 0
 1  1 0 0 0 0
6	% 
 0 0 1 0 0  0
 0 1 0 0 0  0
 0 0 0 1 0  0
 1 0 0 0 0  0
 0 0 0 0 0 -1
 0 0 0 0 1  1
2-1;2-1;1;1 1 5
9 
#2 
6	% 
 1 0 0 0 0 0
 0 1 0 0 0 0
 0 0 0 0 0 1
 0 0 0 0 1 0
 0 0 0 1 0 0
 0 0 1 0 0 0
6	% 
 0 1 0 0 0 0
 0 0 1 0 0 0
 0 0 0 1 0 0
 1 0 0 0 0 0
 0 0 0 0 0 1
 0 0 0 0 1 0
2-1,2-1;1;1 1 3
36 
#2 
6	% 
  0 0 0 -1 0  0
  1 0 0  0 0  0
  0 0 0  1 1  0
 -1 0 0  0 0 -1
  0 0 1  0 0  0
  0 1 0  0 0  0
6	% 
 1  0 0 -1 0 0
 0  1 1  0 0 0
 0  0 0  1 0 0
 0 -1 0  0 0 0
 0  0 0  0 0 1
 0  0 0  0 1 0
2-1,2-1;1;1 1 1
36 
#2 
6	% 
  0 0 0 -1 -1  0
 -1 0 0  0  0 -1
  0 0 0  1  0  0
  1 0 0  0  0  0
  0 1 0  0  0  0
  0 0 1  0  0  0
6	% 
 1  0  0 -1 0 0
 0 -1 -1  0 0 0
 0  0  0  1 0 0
 0  1  0  0 0 0
 0  0  0  0 1 0
 0  0  0  0 0 1
2-1,2-1;1,1 1 1
36 
#2 
6	% 
 0 0  0 0  0 -1
 0 0  0 0 -1  0
 1 0  0 0  0  1
 0 0  0 1  1  0
 0 0 -1 0  0  0
 0 1  1 0  0  0
6	% 
 1  0  0 -1 0  0
 0 -1 -1  0 0  0
 0  0  0  1 0  0
 0  1  0  0 0  0
 0  0  0  0 0 -1
 0  0  0  0 1  1
2-1,2-1;2-1 2 1
36 
#2 
6	% 
 0 0 0 1 -1 -1
 1 0 0 0  1 -1
 0 0 0 0  0  1
 0 0 0 0 -1  0
 0 0 1 0  0  0
 0 1 0 0  0  0
6	% 
 0 -1  1 1 0 0
 1  1  1 0 0 0
 0  0 -1 0 0 0
 0 -1  0 0 0 0
 0  0  0 0 0 1
 0  0  0 0 1 0
2-1,2-1;1;1 2 4
36 
#2 
6	% 
 1 0 0 0  1 -1
 0 0 0 1 -1 -1
 0 0 0 0  0  1
 0 0 0 0  1  0
 0 0 1 0  0  0
 0 1 0 0  0  0
6	% 
  0  1 -1 -1 0 0
 -1 -1  0 -1 0 0
  0  0  0  1 0 0
  0  1  0  0 0 0
  0  0  0  0 0 1
  0  0  0  0 1 0
2-1,2-1;1;1 2 1
36 
#2 
6	% 
 1 0 0 0  1 -1
 0 0 0 1 -1 -1
 0 0 0 0  0  1
 0 0 0 0  1  0
 0 1 0 0  0  0
 0 0 1 0  0  0
6	% 
  0  1 -1 -1 0 0
 -1 -1  0 -1 0 0
  0  0  0  1 0 0
  0  1  0  0 0 0
  0  0  0  0 1 0
  0  0  0  0 0 1
2-1,2-1;1,1 2 1
36 
#2 
6	% 
 1 0  0 0  1 -1
 0 0  0 1 -1 -1
 0 0  0 0  0  1
 0 0  0 0  1  0
 0 0 -1 0  0  0
 0 1  1 0  0  0
6	% 
  0  1 -1 -1 0  0
 -1 -1  0 -1 0  0
  0  0  0  1 0  0
  0  1  0  0 0  0
  0  0  0  0 0 -1
  0  0  0  0 1  1
3;1,1,1 2 1
4 
#1 
6	% 
 0 0  0 1  0  0
 0 1  0 0  0  0
 1 0  0 0  0  0
 0 0  0 0 -1 -1
 0 0 -1 0  0 -1
 0 0  1 0  1  1
2-1;1;1;1;1 1 35
12 
#1 
6	% 
 0  0  0  0 0 1
 0  0  0  0 1 0
 0  0  0 -1 0 0
 0  0 -1  0 0 0
 0 -1  0  0 0 0
 1  0  0  0 0 0
2-1,2-1,2-1 2 1
144 
#2 
6	% 
  1  0 -1  1 0 0
 -1 -1  0  1 0 0
  0  0  1  0 1 0
  0  1  0  0 0 1
  0  0  0 -1 0 0
  1  0  0  0 0 0
6	% 
  0  0  0 -1  0  0
  0  0 -1  0  0  0
 -1  0  0 -1 -1  1
  0 -1 -1  0 -1 -1
  1  1  1  1  1  0
 -1  1  1 -1  0  1
2-1,2-1,2-1 3 1
48 
#1 
6	% 
  0  0  0  1  0  0
  0 -1  0  0  0  0
 -1  0  0  0  0  0
  0  0  1  0  0  0
  1 -1  0  0  0 -1
  0  0 -1 -1 -1  0
2-1;1;1;1;1 1 39
2 
#1 
6	% 
  0 0  0 0 0 1
  0 0  0 0 1 0
  0 1  0 0 0 0
  0 0  0 1 0 0
  0 0 -1 0 0 0
 -1 0  0 0 0 0
2-1,2-1;2-1 3 1
6 
#1 
6	% 
  1  0  1 -1 0 0
  1  1  0  1 0 0
  0  1 -1  1 0 0
 -1 -1 -1  0 0 0
  0  0  0  0 0 1
  0  0  0  0 1 0
4-1;1,1 1 1
1 
#1 
6	% 
 0 1 0 0 0  0
 1 0 0 0 0  0
 0 0 0 1 0  0
 0 0 1 0 0  0
 0 0 0 0 0 -1
 0 0 0 0 1  1
2-1,2-1;1,1 3 1
6 
#1 
6	% 
  0 -1  0 0 0  0
  0  0  0 1 0  0
  0  0 -1 0 0  0
 -1  0  0 0 0  0
  0  0  0 0 0 -1
  0  0  0 0 1  1
2-1;2-1;1,1 1 6
6 
#1 
6	% 
 0 0 0 0  1  0
 0 0 0 0 -1 -1
 0 0 0 1  0  0
 0 0 1 0  0  0
 0 1 0 0  0  0
 1 0 0 0  0  0
2-1;2-1;1;1 1 21
6 
#1 
6	% 
 0 0 -1 0 0 0
 0 0  0 0 0 1
 0 1  0 0 0 0
 0 0  0 1 0 0
 1 0  0 0 0 0
 0 0  0 0 1 0
2-1;2-1;1;1 1 11
6 
#1 
6	% 
 0 0  0 0 0 1
 0 0  0 0 1 0
 0 0 -1 0 0 0
 0 1  0 0 0 0
 0 0  0 1 0 0
 1 0  0 0 0 0
4-1;1;1 1 3
1 
#1 
6	% 
 1 0 0 0 0 0
 0 1 0 0 0 0
 0 0 0 1 0 0
 0 0 1 0 0 0
 0 0 0 0 0 1
 0 0 0 0 1 0
4-1;1;1 1 1
1 
#1 
6	% 
 0 1 0 0 0 0
 1 0 0 0 0 0
 0 0 0 1 0 0
 0 0 1 0 0 0
 0 0 0 0 1 0
 0 0 0 0 0 1
4-1';2-1 1 1
12 
#1 
6	% 
 0 -1 0 0 0 0
 0  0 0 1 0 0
 0  0 1 0 0 0
 1  0 0 0 0 0
 0  0 0 0 0 1
 0  0 0 0 1 0
4-1';1;1 1 3
12 
#1 
6	% 
 0 -1 0 0 0 0
 0  0 0 1 0 0
 0  0 1 0 0 0
 1  0 0 0 0 0
 0  0 0 0 0 1
 0  0 0 0 1 0
4-1';1;1 1 1
12 
#1 
6	% 
 0 -1 0 0 0 0
 0  0 0 1 0 0
 0  0 1 0 0 0
 1  0 0 0 0 0
 0  0 0 0 1 0
 0  0 0 0 0 1
4-1';1,1 1 1
12 
#1 
6	% 
 0 -1 0 0 0  0
 0  0 0 1 0  0
 0  0 1 0 0  0
 1  0 0 0 0  0
 0  0 0 0 0 -1
 0  0 0 0 1  1
2-1,2-1;1;1 3 3
6 
#1 
6	% 
  0 -1  0 0 0 0
  0  0  0 1 0 0
  0  0 -1 0 0 0
 -1  0  0 0 0 0
  0  0  0 0 0 1
  0  0  0 0 1 0
2-1,2-1;1;1 3 1
6 
#1 
6	% 
  0 -1  0 0 0 0
  0  0  0 1 0 0
  0  0 -1 0 0 0
 -1  0  0 0 0 0
  0  0  0 0 1 0
  0  0  0 0 0 1
1,1;1;1;1;1 1 1
15 
#3 
6	% 
 0 0 0 0 1 0
 0 0 0 0 0 1
 1 0 0 0 0 0
 0 1 0 0 0 0
 0 0 1 0 0 0
 0 0 0 1 0 0
6	% 
 0 0  1 0 0 1
 0 0 -1 0 0 0
 1 0  0 0 0 0
 0 1  0 0 0 0
 0 0  0 1 0 0
 0 0  0 0 1 0
6	% 
 0 0  1 1 0 0
 0 0 -1 0 0 0
 1 0  0 0 0 0
 0 1  0 0 0 0
 0 0  0 0 1 0
 0 0  0 0 0 1
1,1;1;1;1;1 1 3
42 
#4 
6	% 
 0 0 0 0  1 1
 0 0 0 0 -1 0
 1 0 0 0  0 0
 0 0 1 0  0 0
 0 0 0 1  0 0
 0 1 0 0  0 0
6	% 
 0 0  1 0 0 1
 0 0 -1 0 0 0
 1 0  0 0 0 0
 0 0  0 0 1 0
 0 0  0 1 0 0
 0 1  0 0 0 0
6	% 
 0 0  1 1 0 0
 0 0 -1 0 0 0
 1 0  0 0 0 0
 0 1  0 0 0 0
 0 0  0 0 0 1
 0 0  0 0 1 0
6	% 
 0 1 0 0 0 0
 0 0 1 0 0 0
 0 0 0 0 0 1
 0 0 0 0 1 0
 0 0 0 1 0 0
 1 0 0 0 0 0
1,1;1;1;1;1 1 9
72 
#3 
6	% 
 0 0 1 0 1 -1
 1 0 0 0 0  0
 0 0 0 1 0  0
 0 0 0 0 0  1
 0 1 0 0 0  0
 0 0 0 0 1  0
6	% 
 0 1  1 -1 0 0
 1 0  0  0 0 0
 0 0  0  0 0 1
 0 0 -1  1 0 0
 0 0  0  0 1 0
 0 1  1  0 0 0
6	% 
 0 1 -1 0  1 0
 0 0  0 0  0 1
 0 0  0 1  0 0
 0 0  1 0 -1 0
 1 0  0 0  0 0
 0 1  0 0  1 0
1,1;1;1;1;1 1 2
56 
#3 
6	% 
 0 0 1 0 1 -1
 1 0 0 0 0  0
 0 1 0 0 0  0
 0 0 0 1 0  0
 0 0 0 0 0  1
 0 0 0 0 1  0
6	% 
 0 1  1 -1 0 0
 1 0  0  0 0 0
 0 0  0  0 0 1
 0 0  0  0 1 0
 0 0 -1  1 0 0
 0 1  1  0 0 0
6	% 
 0 1 0 -1  1 0
 1 0 0  0  0 0
 0 0 1  0  0 0
 0 0 0  0  0 1
 0 0 0  1 -1 0
 0 1 0  0  1 0
2-2;1,1;1;1 1 6
48 
#2 
6	% 
 0  0 0 0 0 -1
 0  0 0 0 1  1
 1  0 0 0 0  0
 0  0 0 1 0  0
 0  0 1 0 0  0
 0 -1 0 0 0  0
6	% 
 0  0 0 0 -1 0
 1  0 0 0  1 0
 0  0 0 0  0 1
 0  0 0 1  0 0
 0  0 1 0  0 0
 0 -1 0 0  0 0
3;1,1;1 2 1
12 
#2 
6	% 
 0 0 0 1 0 0
 0 0 1 0 0 0
 0 1 0 0 0 0
 0 0 0 0 1 0
 0 0 0 0 0 1
 1 0 0 0 0 0
6	% 
 0 0 0 1  0 0
 0 0 1 0  0 0
 0 1 0 0  0 0
 0 0 0 0 -1 0
 1 0 0 0  1 0
 0 0 0 0  0 1
2-2;1,1;1;1 1 5
48 
#2 
6	% 
 0  1 1 -1 0 1
 1  0 0  0 0 0
 0  0 0  0 1 0
 0  0 0  1 0 0
 0  0 1  0 0 0
 0 -1 0  0 0 0
6	% 
 1 0  0 0 0 0
 0 0  0 0 1 0
 0 0  0 0 0 1
 0 0  0 1 0 0
 0 0 -1 0 0 0
 0 1  0 0 0 0
2-2;1,1;1;1 1 7
32 
#1 
6	% 
 1  0  0  0  0  0
 0  1  1 -1  0 -1
 0 -1 -1  1 -1  0
 0 -2 -2  1 -1  1
 0 -2 -1  2 -1  1
 0 -1 -2  2 -1  1
1,1;1;1;1;1 1 11
36 
#2 
6	% 
 1 0 0 0  0  0
 0 0 1 0  0  0
 0 0 0 0  1  0
 0 0 0 1 -1 -1
 0 1 0 0  1  1
 0 0 0 0  0 -1
6	% 
 0  0  0 0 1 0
 0  0  0 0 0 1
 0  1  0 0 0 0
 0 -1  1 1 0 0
 1  1 -1 0 0 0
 0  0  1 0 0 0
3;1,1;1 1 6
16 
#1 
6	% 
 0  0 0 0 -1 0
 0  0 0 0  0 1
 0  0 0 1 -1 0
 0  0 1 0 -1 0
 0 -1 0 0  1 0
 1  0 0 0  1 0
1,1;1;1;1;1 1 46
16 
#1 
6	% 
  0  0 0 0 -1 0
  0  0 0 0  0 1
  0  0 0 1  1 0
  0 -1 0 0 -1 0
 -1  0 0 0 -1 0
  0  0 1 0 -1 0
3;2-1;1 2 1
4 
#1 
6	% 
 0 1 0 0 0 0
 0 0 0 1 0 0
 0 0 1 0 0 0
 0 0 0 0 0 1
 0 0 0 0 1 0
 1 0 0 0 0 0
3;2-1;1 1 6
8 
#1 
6	% 
 0  0 0 0 0 1
 0  0 0 0 1 0
 0  0 0 1 0 0
 0  0 1 0 0 0
 0 -1 0 0 0 0
 1  0 0 0 0 0
1,1;1;1;1;1 1 25
9 
#2 
6	% 
 0 0 0  0  1 1
 0 0 0  0 -1 0
 0 0 1  0  0 0
 0 0 0 -1  0 0
 1 0 0  0  0 0
 0 1 0  0  0 0
6	% 
 0 1 0  0 0 0
 0 0 1  0 0 0
 0 0 0  0 0 1
 0 0 0 -1 0 0
 1 0 0  0 0 0
 0 0 0  0 1 0
1,1;1;1;1;1 1 28
36 
#2 
6	% 
 0  1  0 0 0 0
 0 -1  1 0 0 1
 0  0  0 1 0 0
 0  0  1 0 0 0
 1  0  0 0 0 0
 0  1 -1 0 1 0
6	% 
  1 0 0  0 0 0
 -1 0 1 -1 0 0
  0 0 0  0 0 1
  0 0 0 -1 0 0
  0 0 0  0 1 0
  1 1 0  1 0 0
3;1,1;1 1 12
8 
#1 
6	% 
 -1  0 0 1 0 0
 -1  0 1 0 0 0
  1 -1 0 0 0 0
  0  0 0 0 1 0
  0  0 0 0 0 1
  1  0 0 0 0 0
3;1,1;1 1 11
16 
#1 
6	% 
 0 0  0  0 -1  0
 0 0  0  0  0  1
 0 0  0 -1 -1  1
 0 0 -1  0 -1  1
 0 1  0  0  1 -1
 1 0  0  0  1 -1
1;1;1;1;1;1 1 2
7 
#2 
6	% 
 1 0 0 0 0 0
 0 0 0 0 0 1
 0 0 1 0 0 0
 0 0 0 0 1 0
 0 0 0 1 0 0
 0 1 0 0 0 0
6	% 
 1 0 0 0 0 0
 0 1 0 0 0 0
 0 0 1 0 0 0
 0 0 0 1 0 0
 0 0 0 0 0 1
 0 0 0 0 1 0
1;1;1;1;1;1 1 1
1 
#1 
6	% 
 1 0 0 0 0 0
 0 1 0 0 0 0
 0 0 1 0 0 0
 0 0 0 1 0 0
 0 0 0 0 1 0
 0 0 0 0 0 1
2-2;1;1;1;1 1 5
16 
#1 
6	% 
 1  0 0 0 0 0
 0  0 0 0 1 0
 0  0 0 0 0 1
 0  0 0 1 0 0
 0  0 1 0 0 0
 0 -1 0 0 0 0
1;1;1;1;1;1 1 7
9 
#2 
6	% 
 1 0 0 0 0 0
 0 1 0 0 0 0
 0 0 0 1 0 0
 0 0 0 0 0 1
 0 0 1 0 0 0
 0 0 0 0 1 0
6	% 
 0 0 0 0 1 0
 0 0 0 0 0 1
 0 1 0 0 0 0
 0 0 0 1 0 0
 1 0 0 0 0 0
 0 0 1 0 0 0
1;1;1;1;1;1 1 18
3 
#1 
6	% 
 0 1 0 0 0 0
 0 0 0 0 0 1
 0 0 0 1 0 0
 1 0 0 0 0 0
 0 0 1 0 0 0
 0 0 0 0 1 0
2-2;1,1;1;1 1 8
16 
#1 
6	% 
 1 0 0 0 0 0
 0 0 0 0 0 1
 0 0 0 0 1 0
 0 0 0 1 0 0
 0 0 1 0 0 0
 0 1 0 0 0 0
2-2;1,1;1;1 1 11
32 
#1 
6	% 
 -1  0  0 0 -1 -1
  1  0  0 0  0  1
 -1  0  0 0 -1  0
  0  0  0 1  0  0
  0  0 -1 0  0  0
  0 -1  0 0  0  0
3;1,1;1 2 4
8 
#1 
6	% 
  0 0 0 1  0  0
  0 0 1 0  0  0
  0 1 0 0  0  0
 -1 0 0 0 -1 -1
  1 0 0 0  0  1
 -1 0 0 0 -1  0
1,1;1;1;1;1 1 54
16 
#1 
6	% 
 0 0 0 0  0 1
 0 0 0 0 -1 0
 0 0 0 1  0 0
 0 1 0 0  0 0
 1 0 0 0  0 0
 0 0 1 0  0 0
3;1;1;1 1 7
8 
#1 
6	% 
  0  0 0 0 1 0
  0  0 0 0 0 1
  0  0 0 1 0 0
  0  0 1 0 0 0
  0 -1 0 0 0 0
 -1  0 0 0 0 0
2-2;1;1;1;1 1 7
16 
#1 
6	% 
 1  0  0 0 0 0
 0  0  0 0 0 1
 0  0  0 0 1 0
 0  0  0 1 0 0
 0  0 -1 0 0 0
 0 -1  0 0 0 0
1,1;1;1;1;1 1 48
2 
#1 
6	% 
 0 0  0  0 0 -1
 0 0  0  0 1  1
 0 0  0 -1 0  0
 0 0 -1  0 0  0
 0 1  0  0 0  0
 1 0  0  0 0  0
1;1;1;1;1;1 1 41
2 
#1 
6	% 
 0 0  0  0 0 1
 0 0  0  0 1 0
 0 1  0  0 0 0
 0 0  0 -1 0 0
 0 0 -1  0 0 0
 1 0  0  0 0 0
1;1;1;1;1;1 1 30
2 
#1 
6	% 
  0 0 0 0 0 1
  0 0 0 0 1 0
  0 0 1 0 0 0
  0 1 0 0 0 0
  0 0 0 1 0 0
 -1 0 0 0 0 0
3;1;1;1 1 17
8 
#1 
6	% 
  0  0 0 0 0 -1
  0  0 0 0 1  0
  0  0 0 1 0  0
  0  0 1 0 0  0
  0 -1 0 0 0  0
 -1  0 0 0 0  0
3;1;1;1 2 1
4 
#1 
6	% 
 0 0 0 1 0 0
 0 1 0 0 0 0
 1 0 0 0 0 0
 0 0 1 0 0 0
 0 0 0 0 1 0
 0 0 0 0 0 1
3;1;1;1 2 3
4 
#1 
6	% 
 0 0 0 1 0 0
 1 0 0 0 0 0
 0 1 0 0 0 0
 0 0 1 0 0 0
 0 0 0 0 0 1
 0 0 0 0 1 0
