#37

2-1;1,1;1;1 1 18
1 
#1 
6	% 
 1 0 0 0 0 0
 0 1 0 0 0 0
 0 0 1 0 0 0
 0 0 0 1 0 0
 0 0 0 0 1 0
 0 0 0 0 0 1
1,1,1,1,1,1 1 1
1 
#1 
6	% 
 1 0 0 0 0 0
 0 1 0 0 0 0
 0 0 1 0 0 0
 0 0 0 1 0 0
 0 0 0 0 1 0
 0 0 0 0 0 1
2-1;1,1,1,1 1 1
1 
#1 
6	% 
 1 0  0  0  0  0
 0 1  0  0  0  0
 0 0  0 -1 -1 -1
 0 0 -1  0 -1 -1
 0 0 -1 -1  0 -1
 0 0  1  1  1  1
1,1,1,1,1;1 1 1
2 
#1 
6	% 
  0 0  0  0 -1  0
 -1 0 -1  0 -1 -1
 -1 0  0 -1 -1 -1
  0 0 -1 -1  0 -1
  1 0  1  1  1  1
  0 1  0  0  0  0
1,1,1,1;1,1 1 3
6 
#3 
6	% 
  1 0  1 1  1  1
  2 1  1 0  1  0
  0 0 -1 0  0 -1
 -1 0  0 0 -1  0
  1 0  1 0  0  0
  0 0  0 1  1  0
6	% 
  1 0  0 0  0 0
  2 1  1 0 -1 0
  0 0  1 0  0 1
 -1 0 -1 0  0 0
  1 0  0 0 -1 0
  0 0  0 1  1 0
6	% 
  0  0  0 1  0 -1
  0  0  0 0  0 -1
  0 -1  0 0 -1  1
  1  0  0 0  0  1
  0  1  0 0  0 -1
 -1  0 -1 0  0 -1
1,1,1,1,1;1 1 2
4 
#2 
6	% 
  0 0 0  1  0  0
  1 0 0  0  0  0
  0 0 0  0  0  1
  1 1 1  1 -1  1
 -1 0 0 -1  1 -1
  1 0 1  1  0  1
6	% 
  0  0  0  1  0 -1
  0  0  1  0  0 -1
  1 -1  1  1  1  0
  0  0  0  0  1 -1
 -1  0 -1 -1 -1  1
  0 -1  1  1  1 -1
1,1,1,1;1,1 1 1
1 
#1 
6	% 
 0  0 -1 -1  0 -1
 0  0  0 -1 -1 -1
 0  0 -1  0 -1 -1
 0  0  1  1  1  1
 0 -1  0  0  0  0
 1  1  0  0  0  0
2-1;1,1;1,1 1 7
1 
#1 
6	% 
 0 1 0 0 0 0
 1 0 0 0 0 0
 0 0 0 0 1 0
 0 0 0 0 0 1
 0 0 1 0 0 0
 0 0 0 1 0 0
2-1;1,1,1;1 1 4
2 
#1 
6	% 
 1 0  0 0  0  0
 0 1  0 0  0  0
 0 0  0 1  0  0
 0 0 -1 0  1 -1
 0 0  0 0 -1  0
 0 0 -1 0  0  0
1,1,1;1,1,1 1 3
2 
#1 
6	% 
  1  0 1  1  1  1
  0 -1 0 -1  0  1
  0  1 0  1  0  0
 -1  0 0 -1 -1  0
  0  1 0  0  0 -1
  1  0 1  0  0  1
1,1,1,1;1,1 1 2
4 
#1 
6	% 
 1 0  0  0 0  0
 0 0  0  0 0  1
 0 0 -1 -1 1 -1
 0 1  0  0 0  0
 0 0  1  0 0  0
 0 0  0  0 1  0
1,1,1;1,1,1 1 2
2 
#1 
6	% 
  0  1  0  0  0  0
  1  1  0  1  0  1
  0  0 -1 -1 -1  1
  0  0  0  0  1  0
 -1 -1  1  0  0 -1
  1  1  1  1  0  0
1,1,1;1,1,1 1 4
2 
#1 
6	% 
 0 0 -1  1  0 -1
 0 0 -1  0  0 -1
 1 0  1 -1 -1  1
 0 0  0  1  1 -1
 0 1  1 -1 -1  1
 0 0  0  1  1  0
1,1,1,1;1;1 1 1
1 
#1 
6	% 
 0 0 -1 -1  0 -1
 0 0 -1  0 -1 -1
 0 0  0 -1 -1 -1
 0 0  1  1  1  1
 1 0  0  0  0  0
 0 1  0  0  0  0
1,1,1;1,1;1 1 3
4 
#1 
6	% 
 0 0 -2 -1 0  1
 0 0 -1  0 1  0
 0 0  3  1 0 -1
 1 0 -1  0 0  1
 1 0  0  0 0  0
 0 1  0  0 0  0
1,1,1;1,1;1 1 8
4 
#2 
6	% 
  0 0 -1  0  1  0
 -2 0 -1 -1  1  1
  3 0  3  1 -3 -1
  0 0 -1 -1  0 -1
 -1 0  0  0  1  1
  0 1  0  0  0  0
6	% 
 0 0 -1 -1 -1 -1
 0 0 -2 -1 -2 -1
 1 0  4  3  4  3
 0 0  0 -1 -1  0
 0 0 -1  0 -1 -1
 0 1  0  0  0  0
1,1,1,1;1;1 1 2
4 
#1 
6	% 
 1 0  0 0  0 0
 0 0  0 0  0 1
 0 0  0 1  0 0
 0 1  0 0  0 0
 0 0  0 0 -1 0
 0 0 -1 0  0 0
1,1;1,1;1,1 1 4
2 
#1 
6	% 
  0 -1 -1  0 -1  0
 -1  0  0 -1  0 -1
  1  0  0  0  0  1
  0  1  0  0  1  0
  0 -1 -1  0  0  0
 -1  0  0 -1  0  0
1,1;1,1;1,1 1 5
1 
#1 
6	% 
 1 0 0 0 0 0
 0 1 0 0 0 0
 0 0 0 0 1 0
 0 0 0 0 0 1
 0 0 1 0 0 0
 0 0 0 1 0 0
1,1,1;1,1;1 1 9
6 
#2 
6	% 
  2  2  0  1  0  1
  1  1  0  0  0  0
 -2 -3  0 -1  0 -1
  1  1  0  0  0  1
  0  0  0  1 -1 -1
  0  0 -1  0 -1  0
6	% 
  0  0 -2 -1 0  1
  0  0 -1  0 1  0
  0  0  3  1 0 -1
  0  0 -1  0 0  1
  0 -1  0  0 0  0
 -1 -1  0  0 0  0
1,1,1;1,1;1 1 12
8 
#3 
6	% 
 -1  1  0 -2  0 -2
 -2  2 -1 -2 -1 -2
  4 -4  1  5  1  5
 -1  1  0 -1 -1 -1
  2 -2  0  3  1  2
  0  1  0 -1  0 -1
6	% 
 0  0 -1  0  1  0
 0  0  0  1  0 -1
 1 -1  2 -1 -2  1
 1  1  0  1  0  0
 0 -1  1 -1 -1  0
 0  0  0  0  1  0
6	% 
 -1  1  0  0  0  0
  0  0 -1  1  1 -1
  2 -2  2 -1 -2  1
  0  0  0  0  1 -1
  1 -1  1  0 -1  1
 -1  0  0  0  0  0
1,1;1,1;1,1 1 10
2 
#1 
6	% 
 -1 1  0  0 -1  0
  0 0 -1 -1  1  0
  1 0  0  1  0  1
 -1 1 -1  0  0  0
  0 1  0  1  0  1
  0 0  1  0 -1 -1
1,1,1;1,1;1 1 7
4 
#1 
6	% 
 0  2  1  0 -1  0
 0  4  2  1 -2 -1
 0 -7 -4 -2  4  2
 1  2  1  1 -1  0
 1  0  0  0  0  0
 0  1  1  0  0  0
1,1,1;1,1;1 1 2
2 
#1 
6	% 
 0 0 -1 0  1  0
 0 0  0 1  0  1
 0 0  1 0 -1 -1
 1 0  0 0  0  0
 0 1  0 0  0  0
 0 0  0 0  1  0
1,1,1,1;1;1 1 5
5 
#2 
6	% 
  0  1  1  1 -1 -1
  1  0  1  1 -1 -1
  1  1  1  0 -1 -1
 -1 -1 -1 -1  2  1
  1  1  2  1 -1 -1
 -1 -1 -1 -1  1  0
6	% 
  0  0  0  1 0 -1
 -1  1 -1  0 1 -1
 -1  0  0  1 0  0
  1 -1  1 -1 0  1
 -1  1  0  1 1 -1
  0 -1  0 -1 0  0
1,1,1;1;1;1 1 2
2 
#1 
6	% 
 0 0  0 -1  0 1
 0 0  0  1  0 0
 1 0  0  0  0 0
 0 1  0  0  0 0
 0 0  0  0 -1 0
 0 0 -1  0  0 0
1,1;1,1;1;1 1 23
1 
#1 
6	% 
 0 1 0 0 0 0
 1 0 0 0 0 0
 0 0 0 0 1 0
 0 0 0 0 0 1
 0 0 1 0 0 0
 0 0 0 1 0 0
1,1,1;1;1;1 1 10
2 
#1 
6	% 
 0  0  0 0  0 1
 0  0  0 1  0 0
 0  0  0 0 -1 0
 0 -1  0 0  0 0
 1  0  0 0  0 0
 0  0 -1 0  0 0
1,1;1,1;1;1 1 34
1 
#1 
6	% 
 0 0 0  1 1  1
 0 0 0 -1 0  0
 0 1 0  0 0  0
 0 0 0  0 0 -1
 0 0 1  1 0  1
 1 0 0  0 0  0
1,1,1,1;1;1 1 3
1 
#1 
6	% 
 0 0 -1 -1  0 -1
 0 0  0 -1 -1 -1
 0 0 -1  0 -1 -1
 0 0  1  1  1  1
 0 1  0  0  0  0
 1 0  0  0  0  0
1,1;1,1;1;1 1 16
4 
#1 
6	% 
 -1 0 0 -1  0 -1
  0 1 0  0  0  0
  0 0 0  0  1  0
  1 0 1  1 -1  0
  0 0 1  0  0  0
 -1 0 1  0 -1 -1
1,1,1;1;1;1 1 7
2 
#1 
6	% 
 1 0  1 1 -1 -1
 0 1  0 0  0  0
 0 0  0 0 -1  0
 0 0 -1 0  1  1
 0 0 -1 0  0  0
 0 0  1 1 -1  0
1,1;1,1;1;1 1 9
1 
#1 
6	% 
 0 -1  0  0  0  0
 1  1  0  0  0  0
 0  0  0  0  1  0
 0  0  1  0 -1 -1
 0  0  1  0  0  0
 0  0 -1 -1  1  0
1,1;1,1;1;1 1 25
4 
#1 
6	% 
  0  0 -1 -1  1  0
  0 -1  0  1  0  1
  0  0  0  0 -1  0
  0  0 -1  0  1  1
  0  0 -1  0  0  0
 -1  0  0 -1  0 -1
1,1,1;1;1;1 1 15
2 
#1 
6	% 
  1 -1 0 0 1 0
 -1  1 0 0 0 1
  0  1 0 0 0 0
 -1  1 1 0 0 0
  1  0 0 0 0 0
  1 -1 0 1 0 0
1,1;1;1;1;1 1 11
1 
#1 
6	% 
 1 0  0 0  0 0
 0 1  0 0  0 0
 0 0  0 0 -1 0
 0 0 -1 0  1 1
 0 0  1 1 -1 0
 0 0 -1 0  0 0
1,1;1;1;1;1 1 28
1 
#1 
6	% 
 0 0  1 0  0 0
 0 0 -1 0  1 1
 0 1  0 0  0 0
 0 0  0 0  1 0
 1 0  0 0  0 0
 0 0  1 1 -1 0
