#74

2-2;2-1;1;1 1 10
1 
#1 
6	% 
 1 0 0 0 0 0
 0 1 0 0 0 0
 0 0 1 0 0 0
 0 0 0 1 0 0
 0 0 0 0 1 0
 0 0 0 0 0 1
1,1,1,1,1,1 1 1
1 
#1 
6	% 
 1 0 0 0 0 0
 0 1 0 0 0 0
 0 0 1 0 0 0
 0 0 0 1 0 0
 0 0 0 0 1 0
 0 0 0 0 0 1
2-1;1,1,1,1 1 2
1 
#1 
6	% 
  0 -1 -1 0 -2 -3
  0 -1  0 0  0  0
  0  0  0 0 -1 -2
 -1 -1  0 0 -2 -3
  1  0  0 1  0  0
 -1  1  0 0  1  2
1,1,1,1,1;1 1 2
12 
#5 
6	% 
  0  0  0 0 -1  0
  0  0  1 0 -1 -1
  1  1  1 1  0  1
  0  1  0 0 -2 -2
 -1 -1 -1 0  1  0
  0  1  1 1 -2 -1
6	% 
  0 0 -2  0  0 -1
 -1 0 -1  0 -1 -1
  0 0 -1  1  0  0
  0 0 -2  0 -1 -1
  0 1  2 -1  1  1
  0 1 -3  1 -1 -1
6	% 
  1  0  0  0  0  0
  0  0  1  0  0  0
  1  0  1 -1  0  0
  0 -1  0 -1 -1 -1
 -1  1 -1  1  0  1
  1 -1  1 -1 -1  0
6	% 
  0  1  0 -1  0  0
  0  0  0 -1 -1 -1
  0  1  1 -1  0  0
  0  1 -1 -1  1  0
 -1 -1  0  2 -1  0
 -1  1  0 -2  0 -1
6	% 
 -1 -2  1 -1 -1 -1
 -2 -2  1 -1 -1 -1
 -1 -2  1 -2 -1 -1
 -2 -2  1 -1  0 -1
  2  3 -1  2  1  2
 -2 -3  2 -2 -1 -2
1,1,1,1;1,1 1 1
1 
#1 
6	% 
  0 0  0 -1 -1 -1
 -1 0  0  0 -1 -1
 -1 0  0 -1  0 -1
  1 0  0  1  1  1
  0 0 -1  0  0  0
  0 1  1  0  0  0
1,1,1,1;1,1 1 2
6 
#3 
6	% 
 0 1  0  0 1 1
 0 0  1  0 2 3
 0 0 -1  0 0 0
 1 0  0  1 0 0
 0 0  0 -1 0 0
 0 0  0 -1 1 1
6	% 
 1 -1 -1 -1 1 1
 0  0 -1  0 0 0
 0 -1 -1 -2 1 1
 0  0  0  0 1 2
 0  1  1  1 0 0
 0 -1 -1 -1 1 1
6	% 
  0  0 1 0  1  1
  0  1 0 1  1  1
  0 -1 0 0  0  0
  1  0 0 0  1  0
 -1  0 0 0 -1 -1
 -1  0 0 0  0  0
2-1;1,1,1;1 1 6
6 
#2 
6	% 
 0 0 -2  0 -2 -3
 0 0  1  1  0  0
 0 1  1  0  2  3
 1 0  0 -1  1  1
 0 0 -1  1 -1 -1
 0 1 -2  0 -2 -3
6	% 
 0  0 0  0 -1  0
 0  0 0  1  0  0
 0  1 0  0  2  2
 1  0 0 -1  1  1
 0  0 0  1 -1 -1
 0 -1 1  0 -2 -2
2-1;1,1,1;1 1 7
2 
#1 
6	% 
 0 -1  0 0  0 0
 0  0 -1 0  0 0
 1  0  0 0  1 0
 0  0  0 1 -1 0
 0 -1 -1 0 -1 0
 0  1  1 0  0 1
2-1;1,1;1,1 1 2
1 
#1 
6	% 
  0 0  0 0 -1 -2
  0 0 -1 0  0  0
  0 1  1 0  0  0
 -1 0  0 0 -2 -3
  1 0  0 1  0  0
 -1 0  0 0  1  2
1,1,1,1;1,1 1 3
40 
#7 
6	% 
  1  0  2 1  1  2
  0  0  0 0  1  1
  0  1 -1 0  0  0
 -1 -1  0 0 -1 -2
  0 -1  1 1  0  1
  0  1  0 0  0  0
6	% 
  0 -1  0  0  0  0
 -1 -1 -1 -1 -1 -1
  1  0  0 -1  1  2
  0  1  0  1  0  0
 -1 -1  0  0 -1 -1
  1  0  0 -1  0  1
6	% 
  0  0 -1 1  0  0
 -1  0  1 0  0  0
  0 -1  1 0 -1  1
  1  0  0 0  1  0
 -1  0  0 0  0 -1
  0 -1  0 0 -1  1
6	% 
  0  0 -1 1  0  0
  0  0  1 0  2  1
 -1 -1  1 0  0  0
  1  2 -1 0 -1  0
  1  2 -1 0  2  1
 -1 -1  0 0 -1 -1
6	% 
  0  0  0  0 -1 -1
  1  0  0  1  0  1
  1 -1  1  0  0  0
 -1  0 -1  0  0 -1
  0  0 -1  1 -1  0
  0  1  0 -1  1  1
6	% 
 -1  0  0  0  1  1
  2  2 -1  1  1  1
  1  0 -1  0 -1  0
 -1 -1  2 -1  0 -1
  1  1  1  1  1  0
 -1  0 -1  0  0  1
6	% 
  0  0 0 1  0  1
  0  0 0 1 -1 -1
  1  0 0 0  0  0
 -1  1 0 0  1  0
 -1 -1 1 0 -2 -1
  1  0 0 0  1  1
1,1,1;1,1,1 1 2
6 
#3 
6	% 
 -1  0  0 -1 -1 -2
  0  0  0  0 -1  0
 -1 -1 -1  1 -1 -1
  0 -1  0  0  0  0
  1  1  0  0  1  1
  0  1  0 -1  0  0
6	% 
  0  0 -1 0  0  0
  0 -1  0 0  0  0
 -1  0  0 0  0  0
  1  0  0 1  1  1
  0  1  1 0  0 -1
  0 -1 -1 0 -1  0
6	% 
  0  0  0 -1 -1 -1
  0  0  0  0  1  0
 -2 -1 -1  0 -1 -1
  0 -1  0  0  0  0
  1  1  0  0  1  1
  1  1  0  0  0  0
1,1,1;1,1,1 1 3
18 
#3 
6	% 
  0 0  0  0  1  2
 -1 0  0 -1  0  0
  2 1 -1  1  0  0
 -1 0  0  0  0  0
  2 1  0  1  1  1
 -1 0  0  0 -1 -1
6	% 
  0  2 -1  0  3  4
 -1  0 -1 -1  0  0
  0  1  0  1  1  1
  0 -1  1  0 -2 -2
  0 -1  1  1 -2 -2
  0  1  0  0  2  2
6	% 
 -1  0  0  0  1 -2
  0  0  0 -1  0  0
  0  0  0  0  0 -1
  1  1 -1  0 -1  2
  0  0  0  0 -1  0
 -1 -1  0  0  1 -2
2-1;1,1;1,1 1 10
6 
#1 
6	% 
 0  0  1 1  0  0
 0 -1  2 0  0  2
 0  1  1 0  2  0
 1  0 -1 0  0  0
 0  0 -1 0  0 -1
 0  0 -1 0 -1  0
1,1,1;1,1,1 1 4
12 
#1 
6	% 
 -1  0  0  0 -1 -2
  0 -1  1  0  0  0
  1  1 -1 -1  1  2
  0  0  0  1  1  0
  1  1  0 -1  0  1
  0 -1  0  0  0  0
2-2;1,1,1,1 1 1
1 
#1 
6	% 
  0 1 0  0  0  0
  0 0 1  0  0  0
  0 0 0 -1 -1 -1
 -1 0 0  0 -1 -1
 -1 0 0 -1  0 -1
  1 0 0  1  1  1
2-2;2-1;1,1 1 2
1 
#1 
6	% 
  0 0  0 0 -1 -2
 -1 0  0 0 -2 -3
  0 1  0 0  0  0
  0 1 -1 0  0  0
  1 0  0 1  0  0
 -1 0  0 0  1  2
1,1,1,1;1;1 1 4
1 
#1 
6	% 
  0 1  2 0  3  4
  0 0  1 0  1  1
  0 0 -3 0 -3 -4
  0 0  2 0  1  1
 -1 0 -1 0 -1 -1
  0 0 -1 1 -1 -1
1,1,1;1,1;1 1 10
12 
#2 
6	% 
 0  1 0  0  0  0
 0  0 0  0 -1 -1
 0 -1 0  0  3  4
 0  0 1  0  0  0
 0  0 0 -1  0  0
 1  0 0 -1  1  1
6	% 
  0  2 -1 0  2   4
  0  2 -1 0  3   5
  0 -4  2 0 -5 -10
  0  1 -1 0  1   2
  0  1  0 1  1   2
 -1  0  0 1 -1  -1
1,1,1;1,1;1 1 9
44 
#8 
6	% 
  0 0  2 0  1  1
  0 1  2 0  2  2
  0 0 -3 0 -2 -2
  1 0  1 1  1  0
 -1 0  0 0 -1  0
 -1 0  0 1 -1 -1
6	% 
  2  0 0  2  1  1
  1  0 0  1  0  0
 -2  0 0 -3 -1 -1
  1  0 2  1  1  0
  0 -1 0  0  0  0
  0 -2 1  0  0  0
6	% 
  0  0 0 0 -1 -1
  1  0 0 0  0  0
 -1  0 0 0  2  1
  0  0 1 1 -1 -1
  0 -1 0 0  0  0
  0 -2 1 0  0  0
6	% 
 -1 0  0  1  0 0
  0 0  0  0  1 1
  1 0  0 -1 -1 0
  0 0  1  1  0 0
  0 1  0  0  0 0
  0 2 -1  0  0 0
6	% 
 -1  0 0 -1 0  0
  0  0 1  0 0  0
  1 -1 0  1 0  0
  0  0 0 -1 0  0
 -1  0 0  1 0 -1
  0  0 0  0 1 -1
6	% 
  1 0 0  1 1 1
  1 0 0  1 0 1
 -1 0 0 -1 0 0
  1 0 0  0 1 1
  0 1 0  0 0 0
  0 0 1  0 0 0
6	% 
 -2 0 0 -2 -1 -1
 -2 0 0 -1 -1 -1
  3 0 0  2  1  1
 -1 0 0 -1 -1  0
  0 1 0  0  1 -1
  0 0 1  0  0  0
6	% 
  0 0 0 0 -1 -1
  1 0 0 0  0  0
 -1 0 0 0  2  1
  0 0 0 1 -1 -1
  0 1 0 0  0  0
  0 0 1 0  0  0
1,1,1;1,1;1 1 12
72 
#6 
6	% 
 -1 -2  4 -1  1 -1
  0 -1  2  0  1 -1
  2  4 -8  2 -3  3
  0  0  1  0  1  0
  1  1 -4  1 -2  1
  0 -1  2 -1  1  0
6	% 
 1  0  2 1  1 -1
 0  0 -1 0  0  0
 0  0 -1 0 -1  1
 0  1 -1 0 -1 -1
 0 -1  0 0  1  2
 1  0  1 0  1  0
6	% 
 0 0 -1  0  0  0
 0 0 -2  0 -1 -1
 1 0  4 -1  1  1
 1 0 -1  1  0 -1
 0 0  2 -1  0  1
 0 1 -1  0  0  0
6	% 
  2  0  0 -2  1  1
  1 -2  1 -1  0  0
 -4  2 -1  4 -2 -2
  1 -1  1  0  0  0
 -2  1 -1  2 -1 -1
  1  0  0 -1  1  0
6	% 
 0  0  0  0 1 1
 0  0  1  0 0 0
 1  0 -1 -1 0 0
 0 -1  1  0 0 0
 1  1 -1  0 0 0
 0  0  0  0 1 0
6	% 
  0  1 -2  0  2  2
 -1  0  0 -1  1  1
  1 -2  4  1 -6 -6
  0  0  0 -1  1  1
  0 -1  2  1 -3 -4
  0  1 -1  0  1  1
1,1,1;1,1;1 1 2
6 
#3 
6	% 
  1 0 0  1 1 1
  1 0 0  1 0 1
 -1 0 0 -1 0 0
  0 1 0  0 0 0
  0 0 1  0 0 0
  1 0 0  0 1 1
6	% 
  2 0 0  2  1  1
  1 0 0  1  0  0
 -2 0 0 -3 -1 -1
  0 1 0  0  0  0
  0 0 1  0  0  0
  1 0 0  1  1  0
6	% 
  0 0 0 0 -1 -1
  1 0 0 0  0  0
 -1 0 0 0  2  1
  0 1 0 0  0  0
  0 0 1 0  0  0
  0 0 0 1 -1 -1
1,1,1,1;1;1 1 5
40 
#7 
6	% 
 0  0  0  0  1  1
 0  0  0  0  2  1
 0  0  0 -1  2  2
 0 -1  1  0 -3 -3
 0  0 -1  0  3  3
 1  0  0  0 -1 -1
6	% 
 0  0 1  0 -1 -1
 0  0 0  0 -2 -1
 0  0 0 -1 -1 -1
 0 -1 0  0  2  1
 0 -1 1  0 -2 -1
 1  0 0  0  2  2
6	% 
 1 -1  0  1  0  0
 1 -1 -1  1  0  0
 0 -1 -1  0 -1  0
 0  2  1 -1  1  0
 1 -2 -1  0  0  1
 0  1  1  0  0 -1
6	% 
  0 0  1  0 -1  0
  0 0  1 -1  0  0
  0 1  1  0 -1  0
 -1 0 -2  1  1  0
 -1 0  2 -1 -2 -1
  0 1 -2  0  1  0
6	% 
  0 0 -1  1 0  0
 -1 0  0  1 0  0
 -1 0 -1  0 0 -1
  1 1  0 -1 0  0
 -1 1 -1  1 0  0
  1 0  1  0 1  0
6	% 
  1  0  0  0 0  0
  1  0  0 -1 0  0
  1  0  0  0 0 -1
 -2 -1  1  0 0  0
  2  0 -1  0 0  0
 -1  0  0  0 1  0
6	% 
 0  0  0  0  1  0
 0 -1 -1 -1  0 -1
 1  0  0  0  2  0
 0  1  0  0 -1  1
 0  0 -1  0  1 -1
 1  0  0  0 -1  1
2-2;1,1,1;1 1 2
6 
#3 
6	% 
 -1 0 0 -1 -1 -2
  0 0 0  0 -1  0
  0 0 0  1  0  0
  0 1 0  0  0  0
  0 0 1  0  0  0
 -1 0 0  0 -1 -1
6	% 
  0 0 0 -1  0  0
 -1 0 0 -1 -1 -1
  1 0 0  1  0  1
  0 1 0  0  0  0
  0 0 1  0  0  0
 -1 0 0 -1 -1  0
6	% 
  0 0 0 1 -1  0
  0 0 0 0  1  0
 -1 0 0 0  0  0
  0 1 0 0  0  0
  0 0 1 0  0  0
 -1 0 0 0 -1 -1
1,1,1;1,1;1 1 5
2 
#1 
6	% 
 -1  0  0 -1 0 0
  0  1  0  0 0 0
  0 -1 -1  0 0 0
  0  0  0 -1 1 1
  0  0  0  0 2 3
  1  0  0 -1 1 1
1,1,1;1,1;1 1 7
36 
#6 
6	% 
 0 0 -1  0  0  0
 0 0  0  2 -1 -1
 0 0  1 -3  2  1
 0 0  0  1 -1 -1
 1 0  0  0  0  0
 0 1 -1  0  0  0
6	% 
  0 0 -1 0  0  0
  0 0 -2 0 -1 -1
  0 0  4 0  3  4
 -1 0 -1 0 -1 -1
 -1 0  0 1 -1 -1
  0 1 -1 0  0  0
6	% 
  0  0 1 0  0  0
  2  0 0 0  1  1
 -3  0 0 1 -2 -2
  1  0 0 0  0  0
  0  0 0 0  1  2
  0 -1 1 0  0  0
6	% 
  0 1 1 0  2  2
  0 0 0 0 -1 -1
  0 0 0 0  1  2
 -1 0 0 0 -1 -1
 -1 0 0 1 -1 -1
  0 1 0 0  1  1
6	% 
 0 -2  1 -2  0  2
 0  0  0  0 -1  1
 0  2 -1  1  2 -3
 0  0  0  0 -1  0
 1  0  0  0  0  0
 0 -1  0 -1  0  1
6	% 
  0 2 -1 0  0  0
  2 0  0 0  1  1
 -3 0  0 1 -2 -2
  1 0  0 0  0  0
  0 0  0 0  1  2
  0 1 -1 0  0  0
1,1,1,1;1;1 1 3
3 
#1 
6	% 
  0  0  0 -1 -1 -1
 -1  0  0  0 -1 -1
 -1  0  0 -1  0 -1
  1  0  0  1  1  1
  0 -1  0  0  0  0
  0  1 -1  0  0  0
1,1,1;1,1;1 1 6
12 
#4 
6	% 
 0 0  0 -2  1  1
 0 1  1  0  0  0
 0 0 -1  2 -1 -1
 0 0  0 -1  1  1
 1 0  0  0  1  1
 0 0  0 -1  1  0
6	% 
  0 0  0 0 -1 -1
  0 0  1 0  0  0
  0 1 -1 0  1  1
 -1 0  0 0 -1 -1
 -1 0  0 1 -1 -1
  0 0  0 0 -1  0
6	% 
 0 -2  0 0 -1  1
 0 -2  1 0 -1  1
 0  3 -1 0  1 -1
 0 -1  0 0 -1  0
 0  0  0 1  0  0
 1 -1  0 0  0  1
6	% 
 0 -2 -2 -2  1  1
 0 -1 -2 -2  1  1
 0  2  3  2 -1 -1
 0 -1 -1 -1  0  0
 0  0  0  0  1  2
 1 -1 -1 -1  1  1
1,1,1;1,1;1 1 11
72 
#8 
6	% 
  0  0  0  0 -1 -1
 -2 -1  2  0 -3 -3
  3  1 -2  0  5  5
  0  1  0 -1  0  0
 -1 -2  1  1 -2 -2
  0  0  0  0  0 -1
6	% 
 -2  0  0 0 -1 -1
 -4 -1  2 0 -2 -2
  9  2 -4 1  4  4
 -1  1  0 0  0  0
 -2  0  1 0 -1 -1
 -1  0  0 0 -1  0
6	% 
  0 -2 0 0 -1 -1
  0 -1 0 0 -1 -1
  0  4 0 1  3  3
  1 -1 0 0  0  0
 -1 -1 1 0 -1 -1
  0 -1 0 0  0 -1
6	% 
 0 0  0  2 -1 -1
 0 0 -1  2 -1 -1
 1 0  1 -5  3  3
 0 0  0  1  0  0
 0 1 -1  1  1  1
 0 0  0  1 -1  0
6	% 
 0  0  0 -2 -1 -1
 0  1 -1  0 -1 -1
 0 -1  1  3  3  3
 0  0  0 -1  0 -1
 0  1  0  0 -1  0
 1  0  0 -1  0  0
6	% 
 0  0  0  0 -1 -1
 0  1  1  0  1  1
 0 -1 -1  0  0  1
 0  0  0 -1  0  0
 0  1  0  1  0  0
 1  0  0  0  0  0
6	% 
 0  0  0 0 -1 -1
 0  1 -1 0  0  2
 0 -1  1 0  2 -1
 0  1  1 1 -1 -1
 0  0 -1 0  0  1
 1  0  0 0  0  0
6	% 
 0  2  2  2 -1 -1
 0  1  1  2  0 -2
 0 -3 -3 -5  1  4
 0  1  1  1  0  0
 0  0  1  1 -1 -2
 1  1  1  1  0  0
1,1,1,1;1;1 1 6
6 
#3 
6	% 
  0 1  0  0  1 1
  0 0  0 -1  0 0
  0 0 -1  0  0 0
  0 0  0  0 -1 0
  1 0  0  0  1 1
 -1 0  0  0 -1 0
6	% 
 -1  1  1  1 -1 -1
  0  1  0  0  0  0
  0  0  1  0  0  0
  0 -1 -1 -1  1  1
  0  1  1  1 -1  0
  0  0  0  0  1  0
6	% 
 0  1  1  0  1  1
 0  0  1  0  2  3
 0  1  1  0  2  3
 1 -1 -1  0 -2 -3
 0  1  1 -1  3  4
 1  0  0  1  0  0
1,1;1,1;1;1 1 19
9 
#2 
6	% 
 1 0 0  0  1  1
 0 0 0 -1  1  0
 0 0 0  1 -1 -1
 0 0 1  0  0  0
 0 0 0  1  0  0
 0 1 0  0  0  0
6	% 
 -1 0 0 1 -1 -1
  0 0 0 0  1  2
  1 0 0 0  1  1
  0 0 1 0  0  0
 -1 0 0 0  0  0
  0 1 0 0  0  0
1,1,1;1;1;1 1 10
18 
#3 
6	% 
  0 0  0 -1  0  0
 -1 0  0 -1 -1 -1
  1 0  0  1  0  1
  0 0 -1  0  0  0
  0 1  0  0  0  0
 -1 0  0 -1 -1  0
6	% 
 -1 0  0  0 1 0
  1 0  0  0 1 1
  0 0  0 -1 0 0
  0 0 -1  0 0 0
  0 1  0  0 0 0
  0 0  0 -1 1 1
6	% 
  0 0  0  0 0 1
  0 0  0  0 1 0
  0 0  0 -1 0 0
  0 0 -1  0 0 0
  0 1  0  0 0 0
 -1 0  0  0 0 0
1,1;1,1;1,1 1 2
3 
#2 
6	% 
 1 0  0  0  1  1
 0 0 -1  0  0  0
 0 1  1  0  0  0
 0 0  0 -1  1  0
 0 0  0  1 -1 -1
 0 0  0  1  0  0
6	% 
 -1 0  0 1 -1 -1
  0 0 -1 0  0  0
  0 1  1 0  0  0
  0 0  0 0  1  2
  1 0  0 0  1  1
 -1 0  0 0  0  0
1,1;1,1;1;1 1 34
6 
#1 
6	% 
  0 0 0 -1 0 1
 -1 0 0  0 0 0
  0 0 1  0 0 0
  0 0 0  1 0 0
  1 0 0  0 1 0
  0 1 0  0 0 0
1,1;1,1;1,1 1 5
2 
#1 
6	% 
  0 0 -1  0  0 0
  0 1  1  0  0 0
  0 0  0  0  0 1
 -1 0  0  0  0 0
  0 0  0  0 -1 0
  0 0  0 -1  0 0
2-2;1,1;1,1 1 2
3 
#2 
6	% 
 -1 0 0 1 -1 -1
  0 0 0 0  1  2
  1 0 0 0  1  1
  0 1 0 0  0  0
  0 0 1 0  0  0
 -1 0 0 0  0  0
6	% 
 -1 0 0 0 0 -1
  0 0 0 1 0  0
  1 0 0 0 1  1
  0 1 0 0 0  0
  0 0 1 0 0  0
 -1 0 0 0 0  0
1,1,1;1;1;1 1 16
36 
#6 
6	% 
 0 0 0 0  0 -1
 0 1 0 0  0 -1
 0 0 1 0  0  1
 1 0 0 0  0 -1
 0 0 0 1 -1 -2
 1 0 0 1  0  0
6	% 
 0  1  1 0  2  3
 0  1  2 0  2  4
 0 -2 -1 0 -2 -4
 1  1  1 0  2  3
 0  1  1 1  1  2
 1  0  0 1  0  0
6	% 
 0 0 -1 -1 -1 -1
 0 1 -2 -1 -2 -2
 0 1  1  1  2  2
 1 0 -1 -1 -1 -1
 0 0 -1 -1 -1 -2
 1 0  0  0  1  0
6	% 
  1  0 -1 -1  1  1
  1 -1 -2 -3  2  2
 -1 -1  3  3 -2 -2
  1  0 -2 -2  2  2
  1  0 -2 -2  1  2
  0  0  0  0  0  1
6	% 
 1 -1  2 -1  1  1
 0 -1  3 -2  1  1
 0  2 -3  2 -1 -1
 0 -1  2 -1  1  1
 0 -1  2 -1  0  1
 0  0  0  0  0  1
6	% 
 0  1  1  1  1  1
 0  2  1  1  1  1
 0 -1 -2 -1 -1 -1
 0  1  1  1  1  0
 1  1  1  1  1  1
 1  0  0  0  1  0
1,1;1,1;1;1 1 38
36 
#4 
6	% 
 0 -2 -1 0 -2  0
 0 -1 -2 0  0  2
 0  1  1 0  0 -1
 1  1  1 0  1  0
 1 -1 -1 0  0  1
 1  0  0 1  0  0
6	% 
  1 -2 -1 -1  1  1
 -1 -3  1 -1  0  0
  1  2  0  1  0  0
  0  2  0  1 -1 -1
  0 -2  0 -1  0  0
  0  0  0  0 -1  0
6	% 
 0 1  0  2 -1 -1
 0 1 -1  2 -1 -1
 0 0  0 -1  0  1
 1 0  0 -1  1  1
 1 0  0  1  0  0
 1 0  0  0  1  1
6	% 
  0  0 1  1  1  1
  0 -1 0  1 -2 -2
  0  1 1 -1  3  3
 -1  0 0 -1  0  0
 -1  0 0  1 -1 -1
 -1  0 0  0 -1  0
1,1;1,1;1;1 1 11
6 
#3 
6	% 
  0 0  0  0 -1 -2
  0 0 -1  0  0  0
  0 1  1  0  0  0
 -1 0  0  0  1  2
  0 0  0  1 -2 -3
 -1 0  0 -1  0  0
6	% 
 1 0  0 -1  1  1
 0 0 -1  0  0  0
 0 1  1  0  0  0
 0 0  0  1 -1 -1
 0 0  0 -1  1  0
 0 0  0  0 -1  0
6	% 
 -1  0 0  0 -1 -1
  0 -1 0  0  0  0
  0  1 1  0  0  0
  1  0 0  0  0  1
 -1  0 0 -1  0  0
  0  0 0  1 -1  0
1,1,1;1;1;1 1 18
4 
#2 
6	% 
  0 1 0 0  0  0
  0 0 1 0  0  0
  0 0 0 0  1 -1
  0 0 0 0  0  1
  0 0 0 1 -1  0
 -1 0 0 0 -1  0
6	% 
 0  1  0  0  0  0
 0  0  1  0  0  0
 0 -2 -2 -2  1  1
 0  1  1  1 -1 -1
 1  1  1  1  0  0
 0  1  1  1 -1  0
1,1;1,1;1,1 1 9
36 
#4 
6	% 
 1  0 0 -1  1  1
 0 -1 0  0 -1 -1
 0  0 1  0 -1 -1
 0  0 0  0 -1  0
 0  0 0  1 -1  0
 0  0 0 -1  1  1
6	% 
 -1  0  0  0 -2 -2
  0 -1  1  0 -1  1
  0 -1  0  0 -1  1
  0  0 -2 -1  0  1
  1  0 -2 -1  2  2
 -1  0  0  0 -1 -2
6	% 
  0 0  0 0 -1 -2
  2 1 -1 0  1  1
  2 0 -1 0  1  1
  1 0  0 1  0  0
  0 0  0 1  1  2
 -1 0  0 0 -2 -3
6	% 
  0  0 0 1  1  1
 -2 -1 1 0 -1 -1
 -2 -1 0 0 -1 -1
 -1  0 1 0  0 -1
  0  0 1 0  0 -1
  1  0 0 0  1  1
1,1,1;1;1;1 1 8
6 
#2 
6	% 
 0  1 -1 0  2  3
 0 -2  1 0 -2 -4
 1  1 -1 0  2  3
 1  0  0 1  0  0
 0  1 -2 0  2  4
 1 -1  1 0 -1 -2
6	% 
 0  1  1 0  2  3
 0 -2 -1 0 -2 -4
 1  1  1 0  2  3
 1  0  0 1  0  0
 0  1  2 0  2  4
 1 -1 -1 0 -1 -2
1,1;1,1;1;1 1 35
6 
#1 
6	% 
 0  1  2  0  0 -1
 0  0  0 -1  0  0
 0 -2 -1  0 -1  0
 1  0  0  0  0  0
 0  1  1  0  1  0
 0 -1 -1  0  0  1
1,1;1,1;1;1 1 5
1 
#1 
6	% 
 0 0 0  0 0 1
 0 1 0  0 0 0
 0 0 1  0 0 0
 0 0 0  0 1 1
 1 0 0  0 0 0
 0 0 0 -1 0 0
1,1,1;1;1;1 1 13
2 
#1 
6	% 
  0  1  0 0 0  0
  0  0  1 0 0  0
 -1  1  1 0 0 -1
  0  0  0 1 0  0
  0  1  1 0 1  0
  0 -1 -1 0 0  1
2-1;1,1;1;1 1 11
3 
#1 
6	% 
 0  0  0  0  2  3
 0  0  0  1  1  2
 1  0  0 -1  1  1
 0 -1  0  0  0  0
 0  0  0  1 -2 -3
 0  1 -1  0  0  0
2-1;1,1;1;1 1 28
12 
#2 
6	% 
 1 0  0 0  1  1
 0 1  2 0  1 -1
 0 1 -3 0 -1  1
 0 0  0 1 -1 -1
 0 0 -1 0 -1  0
 0 0  1 0  0 -1
6	% 
 1  0  0 0  0  1
 0 -1 -2 0 -4 -4
 0  2  1 0  4  4
 0  0  0 1  0 -1
 0  1  1 0  3  2
 0 -1 -1 0 -2 -3
2-1;1,1;1;1 1 16
1 
#1 
6	% 
 0 0 -1 0 0 0
 0 1  1 0 0 0
 1 0  0 0 0 0
 0 0  0 1 0 0
 0 0  0 0 1 0
 0 0  0 0 0 1
2-1;1;1;1;1 1 25
3 
#1 
6	% 
 1 0 0 0 0 0
 0 0 1 0 0 0
 0 1 0 0 0 0
 0 0 0 1 0 0
 0 0 0 0 1 0
 0 0 0 0 0 1
1,1;1,1;1;1 1 25
48 
#4 
6	% 
 -1  0 -1 -1 -1  0
  0 -1  2  0  1  1
  1  0  0  0  1  0
 -1  0  1 -1  0  1
  0  0  0 -1  0  1
  0 -1 -1  0 -1 -1
6	% 
  0 0  0 -1  0  1
  0 0  0  0  1  0
 -1 0  1  1 -1 -1
  1 0  0  0  1  0
  1 1 -1 -1  1  1
  0 0  0  0  0  1
6	% 
  0  0  1 -1  0  1
  0  0  0  0  1  0
 -1 -1 -2  1 -1 -1
  1  0  1  0  1  0
  1 -1  3 -1  1  1
  0  0  0  0  0  1
6	% 
  0 0  0  0 -1  0
  0 0  0 -1  1  1
  0 0 -1  0  0  0
  0 0  0  0  0  1
  0 1  0  0  0  0
 -1 0  0  0 -1 -1
1,1;1,1;1;1 1 10
12 
#2 
6	% 
 0 0  0  0 0 1
 1 0  0  0 1 1
 0 0  0  0 1 1
 0 1  0  0 0 0
 0 1 -1  0 0 0
 0 0  0 -1 1 1
6	% 
  0 0  0  0  3  4
 -1 0  0  0 -1 -1
  0 0  0  0 -1 -1
  0 0  1  0  0  0
  0 1 -1  0  0  0
  0 0  0 -1  0  0
1,1,1;1;1;1 1 15
24 
#2 
6	% 
  0  0 -2 0 -1  0
  0  0  1 1  0 -1
  0 -1  1 0  0  0
  0  0  2 0  0 -1
  0 -1  0 0  0  0
 -1  0 -1 0 -1  0
6	% 
  0  0  0 1 -2 -2
  0  0 -1 0  2  2
  0  0  0 0  1  0
 -1  0  0 0  1  1
  0  0  0 0  0 -1
  0 -1  1 0 -2 -2
1,1;1,1;1,1 1 10
24 
#2 
6	% 
  0  0  0 -1  0  1
 -1 -1  0  1 -1 -1
  0  0  1  0  1  0
 -1  0  0  0 -1  0
  0  0  1  0  0  1
  1  1 -1 -1  1  1
6	% 
  0 1  0  0  2  2
  1 0  0  0  1  0
 -1 0  0  1 -2 -1
  0 1 -1  0  2  2
 -1 0  0  1 -1  0
  0 0  0 -1  1  0
1,1;1,1;1,1 1 6
6 
#1 
6	% 
 0  0  0  0 0 1
 0 -1  0 -1 1 1
 0  0  0  0 1 1
 0  1  0  0 0 0
 0  1 -1  0 0 0
 1 -1  1  0 1 1
1,1;1,1;1;1 1 9
4 
#1 
6	% 
  0 1 0  0  0  0
  0 0 1  0  0  0
  0 0 0  1  0  0
 -1 0 0 -1 -1 -2
 -1 0 0  0 -1 -1
  1 0 0  1  2  1
1,1;1,1;1;1 1 28
24 
#2 
6	% 
 0 0  1  0  1  1
 0 0  0 -1  1  1
 0 1 -1  0  1  1
 1 0  0  0  0  1
 0 0  0  0 -1  0
 0 0  0  0  0 -1
6	% 
  0 -3  1 0 -4 -4
  0 -2  2 1 -3 -3
  0 -3  2 0 -4 -4
 -1  0 -1 0 -1  0
  0  2 -1 0  2  3
  0  2 -1 0  3  2
2-2;1,1;1,1 1 5
2 
#1 
6	% 
  0 1  0  0  0  0
  0 1 -1  0  0  0
 -1 0  0  0 -1 -2
  1 0  0  0  1  1
  0 0  0 -1 -1  0
  0 0  0  1  0  0
1,1,1;1;1;1 1 12
2 
#1 
6	% 
 0  0  1  0  0  0
 0 -1  1  0  0  0
 0  0 -1 -1  0  1
 1  0  1  0  0  0
 0  0  0  0  0 -1
 0  0  0  0 -1  0
1,1;1,1;1;1 1 24
72 
#8 
6	% 
 1 0  0  0  0  0
 0 1  3  2 -1 -1
 0 1 -4 -2  1  1
 0 0 -2 -1  0  1
 0 0 -2 -1  1  1
 0 0  0  0  0 -1
6	% 
  1 0  0 1  0  0
  0 1 -3 0 -1 -1
  0 1  2 0  1  1
  0 0  1 0  1  0
 -1 0  1 0  0  0
  1 0  0 0  0  1
6	% 
 1  0  0  0  0  0
 0  2 -1  0  2 -2
 0 -1  2  0 -2  2
 0 -1  1 -1 -1  2
 0 -1  1  0 -1  2
 0  0  0  1 -1 -1
6	% 
 1  0  0  0  0  0
 0  2  1  0  2 -2
 0 -1 -2  0 -2  2
 0 -1 -1 -1 -1  2
 0 -1 -1  0 -1  2
 0  0  0  1 -1 -1
6	% 
  1 0  0 1  0  0
  0 1  0 0  1 -1
  0 0 -1 0 -1  1
  0 0  0 0 -1  0
 -1 0  0 0 -1  0
  1 0  0 0  1  1
6	% 
  0  0  0  0  2  3
  0 -3  1 -2  1  1
  0  3 -2  2 -1 -1
 -1  2 -1  1 -1 -1
  0  2 -1  1 -1 -1
  1  0  0  0  1  1
6	% 
  0 0  0  0  2  3
  0 1  3  2 -1 -1
  0 1 -4 -2  1  1
 -1 0 -2 -1  0  0
  0 0 -2 -1  0  0
  1 0  0  0  1  1
6	% 
  0  0  0  1 -1  0
  2  1 -3  0  1  1
 -2 -2  3  0 -1 -1
 -1 -1  2  0  0  0
 -1 -1  2 -1  0  0
  0  0  0  1 -1 -1
1,1;1,1;1;1 1 30
6 
#1 
6	% 
  1  0  1  1  0  0
 -1 -1  0  0 -1 -1
 -1  1 -1 -1  0  0
  0 -1  0  1 -1 -1
  0  0  0  0  0  1
  0  0  0  0 -1  0
2-2;1,1;1;1 1 4
1 
#1 
6	% 
 0  0 0  0 0 1
 0 -1 1  0 0 0
 0  0 0  0 1 1
 0  0 1  0 0 0
 0  0 0 -1 0 0
 1  0 0  0 0 0
1,1;1;1;1;1 1 16
3 
#1 
6	% 
 0  0  0  0  2  3
 0  0  0  0 -1 -1
 0  0 -1  0  0  0
 0  0  0 -1  1  1
 0 -1  1  0  0  0
 1  0  0  0  1  1
1,1;1;1;1;1 1 30
12 
#2 
6	% 
  0 1 -1 0  1 -1
 -1 0  0 0 -1  0
  0 0 -1 0 -1  1
  0 0  0 1  0  0
  0 0  0 0  1  0
  0 0  0 0  0  1
6	% 
  0 -2 -1 0 -4 -4
 -1  1  1 0  2  2
  0  1  2 0  4  4
  0  0  0 1 -1  0
  0 -1 -1 0 -3 -2
  0  1  1 0  2  3
2-2;1,1;1;1 1 14
4 
#1 
6	% 
  0 1 0  0  0  0
  0 0 1  0  0  0
 -1 0 0  0 -1  0
  1 0 0  1  0 -1
  0 0 0  1  0 -1
 -1 0 0 -1 -1  0
1,1;1;1;1;1 1 27
1 
#1 
6	% 
  0  1 1 0 0  0
  0 -1 0 0 0  0
  0  0 0 1 0 -1
 -1  0 0 0 0  0
  0  0 0 0 0  1
  0  0 0 0 1  0
1,1;1;1;1;1 1 28
12 
#1 
6	% 
  0  0  0 -1  0  1
  1  0  0  1  0 -1
  0  0 -1  0  0  0
  1  0  0  0  1  0
  0 -1  1  0  0  0
 -1  0  0 -1 -1  0
1,1;1;1;1;1 1 29
12 
#2 
6	% 
 0 0  1 0  0 0
 0 0  0 1 -1 0
 0 1 -1 0  0 0
 1 0  0 0  1 1
 0 0  0 0  1 0
 0 0  0 0  0 1
6	% 
  1 -1  2  1  0  0
  1  0  1  0  1  0
 -1 -1 -1 -1  0  0
  0  0  1  1 -1 -1
  0  0  0  0 -1  0
  0  0  0  0  0 -1
1,1;1;1;1;1 1 51
24 
#4 
6	% 
 0 -1 -4 0 -1  1
 0 -1  5 0  1 -1
 0  0 -2 0  0  1
 0  0 -2 1 -1  0
 1  0 -2 0  0  1
 0  0  4 0  1 -1
6	% 
 0 1  4  2 -1 -1
 0 1 -5 -2  1  1
 0 0  2  1  0  0
 1 0  2  1  0  0
 0 0  2  1 -1  0
 0 0 -4 -2  1  1
6	% 
 0 0 -1  2 -1 -1
 0 1  0 -2  1  1
 0 0  0  1  0  0
 1 0  0  1  0  0
 0 0  0  1 -1  0
 0 0  0 -2  1  1
6	% 
 0 0  1 0  0  0
 0 1 -1 0  0  0
 1 0  0 0  1  1
 0 0  0 1  0  0
 0 0  0 0  0  1
 0 0  0 0 -1 -1
1,1;1;1;1;1 1 40
18 
#3 
6	% 
 0  0  0 1 0 -1
 0 -1  0 0 0  0
 0  1 -1 0 0  0
 1  0  0 0 1  0
 0  0  0 0 1  0
 1  0  0 0 1  1
6	% 
 1  0  0 -1  1 1
 0 -1  0  0  0 0
 0  1 -1  0  0 0
 0  0  0 -1  0 1
 0  0  0 -1  0 0
 0  0  0  0 -1 0
6	% 
  0  0  0 0 -1 -2
  0 -1  0 0  0  0
  0  1 -1 0  0  0
  0  0  0 1 -2 -3
 -1  0  0 0 -2 -3
 -1  0  0 1 -1 -1
1,1;1;1;1;1 1 45
1 
#1 
6	% 
  0 0 -1 0  0  0
  0 1  1 0  0  0
 -2 0  0 0 -1 -1
  1 0  0 0  1  1
  1 0  0 1  0  0
  1 0  0 0  1  0
2-2;1,1;1;1 1 15
6 
#3 
6	% 
 -1 0  0  0 -1 -1
  0 1  0  0  0  0
  0 1 -1  0  0  0
  1 0  0  0  0  1
 -1 0  0 -1  0  0
  0 0  0  1 -1  0
6	% 
 1 0  0 -1  1  1
 0 1  0  0  0  0
 0 1 -1  0  0  0
 0 0  0  1 -1 -1
 0 0  0 -1  1  0
 0 0  0  0 -1  0
6	% 
  0 0  0  0 -1 -2
  0 1  0  0  0  0
  0 1 -1  0  0  0
 -1 0  0  0  1  2
  0 0  0  1 -2 -3
 -1 0  0 -1  0  0
1;1;1;1;1;1 1 35
3 
#1 
6	% 
  0 0 1 0  0  0
  0 1 0 0  0  0
 -1 0 0 0  0  0
 -1 0 0 1 -1 -1
 -1 0 0 0 -1  0
  2 0 0 0  1  1
1;1;1;1;1;1 1 19
3 
#1 
6	% 
 0 0 1 0  0  0
 0 0 0 1  0 -1
 0 1 0 0  0  0
 1 0 0 0  0  0
 0 0 0 0 -1  0
 0 0 0 0  0 -1
2-2;1;1;1;1 1 19
1 
#1 
6	% 
  0 1  0 0  0  0
  0 1 -1 0  0  0
 -2 0  0 0 -1 -1
  1 0  0 0  1  1
  1 0  0 1  0  0
  1 0  0 0  1  0
2-2;1;1;1;1 1 13
1 
#1 
6	% 
  0  0 1 0 0  0
  0 -1 1 0 0  0
  0  0 0 1 0 -1
 -1  0 0 0 0  0
  0  0 0 0 1  0
  0  0 0 0 0  1
