#31

2-1;1,1;1;1 1 22
1 
#1 
6	% 
 1 0 0 0 0 0
 0 1 0 0 0 0
 0 0 1 0 0 0
 0 0 0 1 0 0
 0 0 0 0 1 0
 0 0 0 0 0 1
1,1,1,1,1,1 1 1
1 
#1 
6	% 
 1 0 0 0 0 0
 0 1 0 0 0 0
 0 0 1 0 0 0
 0 0 0 1 0 0
 0 0 0 0 1 0
 0 0 0 0 0 1
2-1;1,1,1,1 1 2
1 
#1 
6	% 
 0 -1 1  1 1  0
 0  0 1  1 0  0
 0  1 0  1 0 -1
 0  0 0  1 0 -1
 1  0 0  0 0  1
 0  0 0 -1 0  0
1,1,1,1,1;1 1 2
6 
#3 
6	% 
  2 -1 -1 -1 -1  1
  1 -1 -1 -1 -1  1
  1 -2 -1 -1  0  1
  2 -1  0 -1 -2  2
 -3  2  1  2  2 -3
  2 -2 -1 -2 -2  2
6	% 
  0  0  0 0 -1  0
 -1  0  0 0  0  0
 -1  0  1 0 -1  0
 -1  0  0 0 -1  1
  1 -1 -1 0  1 -1
 -1  0  1 1 -1  1
6	% 
 0 -1  1 -1 1 0
 0  0  0 -1 0 0
 0  0  1 -1 0 0
 0 -1  1 -1 0 0
 1  1 -1  2 0 1
 1 -1  1 -2 0 0
1,1,1,1;1,1 1 3
10 
#4 
6	% 
  1  0 0  0  0  0
  0 -1 0  1  0  2
 -1 -1 0  0 -1  0
  0  1 0  0  0 -2
  0  0 0  1  0  1
  1  0 1 -1  0  2
6	% 
 -1  0 -1  0 1 -1
 -1  0  0  0 0  0
  0 -1  1  0 0  1
  0  1  0  0 0 -1
 -1  0  0 -1 0  0
  0  0 -1  1 0 -1
6	% 
 1  0 1  0 -1 1
 1  1 1  1 -1 0
 0  0 0  1  0 0
 0  0 0 -1  1 0
 0  1 1  0  0 0
 0 -1 0  0  0 0
6	% 
  0  0  0 0 -1  0
  0  0 -1 0 -1  2
 -1  0  0 0  0  0
  0  0  1 1  1 -1
  0 -1 -1 0 -1  1
 -1  0  0 0  0 -1
1,1,1,1;1,1 1 2
1 
#1 
6	% 
  0  0  0 1 1 -1
  0 -1  0 0 1  0
  0 -1 -1 0 0  0
  1  0  0 0 0  0
 -1  1  0 0 0 -1
 -1 -1  0 0 0  0
2-1;1,1;1,1 1 8
1 
#1 
6	% 
 1  0 0  0 0  1
 0  0 0  0 0 -1
 0  0 0  1 1 -1
 0  0 0 -1 0  0
 0 -1 1  0 0  1
 0 -1 0  0 0  0
2-1;1,1,1;1 1 6
2 
#1 
6	% 
  0  0 -1  0 1 -1
  1  1  1  1 0  0
  0  1  1  0 0  0
 -1  0  0  0 0  0
  1 -1 -1 -1 0  1
  0  0 -1 -1 0  0
1,1,1;1,1,1 1 3
4 
#2 
6	% 
  2  1  0 -1 0  0
  0  1  0  1 0 -1
  0  0  0 -1 0  0
  0  0 -1  1 0  0
 -1 -1  0  0 0  0
  2  1  0  0 1  0
6	% 
  0  1  1  1 -1  0
 -1  0  0  0  0  1
  0  0  0  1 -1 -1
  0 -1  0  0  0  0
  0  0 -1 -1  0 -1
  0  1  0  0  0 -1
1,1,1;1,1,1 1 4
2 
#1 
6	% 
 -1 -1  0  0  0 -1
  0  1  0  0 -1  0
  0  0  0  0  1  1
  1  0  0  1  0 -1
  0  0  1  0  0  2
  0  0 -1 -1  0  0
1,1,1,1;1;1 1 5
9 
#3 
6	% 
 -1  0 0 0  0  0
 -1  0 1 0  1  0
 -1  0 0 1  1 -1
  2  0 0 0 -1  1
 -1  0 0 0  1  0
  1 -1 0 0 -1  1
6	% 
 0  1  1  1 0  2
 0  1  1  1 1  1
 1  1  1  1 0  2
 0 -1 -2 -2 0 -2
 0  2  2  1 0  2
 1 -1 -1 -1 0 -1
6	% 
 -1  0  0  0  0 1
 -1 -1 -1 -1  1 0
 -1  0 -1  0  0 0
  2  1  1  0 -1 0
 -2  0 -1 -1  1 0
  1  0  0  0 -1 0
1,1,1;1,1;1 1 10
14 
#5 
6	% 
 -2  1 -1  1  1 -2
 -1  0 -1  0  1 -1
  5 -1  3 -1 -3  4
 -1  1 -1  0  0 -1
 -1  0  0  0  1 -1
 -1  0  0  0  0 -1
6	% 
  0 -2 -1 0  1  0
  0 -4 -1 0  1  1
  0  9  3 1 -3 -2
  0 -1  0 0  1  0
 -1 -2 -1 0  0  0
 -1  0  0 0  0 -1
6	% 
  0 -1  1  1  1  0
  1  1  0 -1  0  0
 -3 -1 -1  1 -1  0
  0 -1  1  0  0  1
  0  1  0  0  0 -1
 -1  0  0  0  0 -1
6	% 
  2 0  1  0  1   3
  2 0  1  0  1   4
 -5 0 -3  0 -3 -12
  1 0  0  0  1   1
  1 0  0 -1  1   2
  0 1  0 -1  0   0
6	% 
 -3  2 -1  2  1 -3
 -1  1  0  1  0 -1
  6 -4  1 -4 -1  5
 -2  1  0  1  1 -2
  0  0  0  1  0  0
  0 -1  0  1  0  0
1,1,1,1;1;1 1 4
1 
#1 
6	% 
 0  1  1 0  0  0
 0  0  0 1 -1  0
 0 -2 -1 0  1  0
 0  2  0 0  0 -1
 0 -1  0 0  0  1
 1 -1  0 0  0  1
1,1;1,1;1,1 1 6
1 
#1 
6	% 
 1  0 0  0 0  2
 0  1 0  0 0 -1
 0  0 0  0 0 -1
 0 -1 0  0 1  0
 0  0 1  1 0  0
 0  0 0 -1 0  0
1,1,1;1,1;1 1 12
8 
#3 
6	% 
  0 0  0  0  0 -1
  0 0  1  0  1  3
  0 1 -1 -1 -1 -2
  0 0  0  0  1  1
  0 1  0  0 -1 -1
 -1 0  0  0  0 -1
6	% 
  0 -1  0 -1 0  0
  0  0  0  0 0 -1
  0  0 -1  0 1  1
  1  0  0  0 0  0
 -1  0 -1  0 0  0
  0 -1  0  0 0  0
6	% 
  0  0  0  0  0 -1
  0  1  1  1 -1  2
  0 -1 -2 -1  2 -2
  0  1  1  0  0  1
  0 -1 -2  0  0 -1
 -1  0  0  0  0 -1
1,1;1,1;1,1 1 10
2 
#1 
6	% 
  1 0 1 0  1  1
  0 0 0 1  0 -3
 -1 0 0 0 -1  0
  1 0 1 0  1  0
  1 0 1 0  0  1
  0 1 0 0  0  2
1,1;1,1;1,1 1 7
2 
#1 
6	% 
 -1  0  0  0  0  0
  2  0  1 -1  0  2
  1  1 -1  0  1 -1
  0 -1  1 -1 -1  2
  0  0 -1  1  1 -2
  0  0  0 -1 -1  2
1,1,1;1,1;1 1 7
2 
#1 
6	% 
 0  1 0  1  2 -2
 0  2 0  2  2 -3
 0 -4 1 -4 -5  7
 0  1 0  1  1 -2
 1  0 0  0  0  0
 0  0 0  1  1 -1
1,1,1;1;1;1 1 16
2 
#1 
6	% 
 0  1 -1  1  1 -2
 0  1 -3  2  2 -4
 0 -2  3 -1 -2  4
 0  1 -2  1  1 -2
 1  1 -2  1  1 -2
 1  0  0  0  0  1
1,1;1,1;1;1 1 30
1 
#1 
6	% 
 0  0  0  1 -1 0
 0  0  1 -1  1 1
 0 -1 -1  0  0 0
 0  1  1  0  1 0
 1  0  0  0  0 0
 1  0  0  0  0 1
1,1,1,1;1;1 1 6
1 
#1 
6	% 
 0  1  1  0  0  0
 0  1  0  0 -1  0
 0  0  1  1  0  0
 1 -1 -1 -1  0  1
 0  1  1  1  0 -1
 1  0  0  0  0  1
1,1,1;1;1;1 1 8
2 
#1 
6	% 
  0 -1 -1 -1 1  0
  0  1  1  2 0 -1
  0 -1 -1 -1 0  0
 -1  0  0  0 0 -1
  0 -2 -1 -1 0  1
  0  1  1  1 0 -1
1,1;1,1;1;1 1 21
1 
#1 
6	% 
 0  0  0  1 -1  0
 0 -1 -2 -1  2 -1
 0  2  2  0 -2  1
 0  1  1  0 -1  1
 0 -1 -1  0  0  0
 1  1  1  0 -1  1
1,1,1;1,1;1 1 11
4 
#1 
6	% 
 0 -2 -2 -2 0  1
 0 -1  0 -1 0  1
 0  4  1  4 1 -4
 0 -1 -1 -1 0  1
 0  0  0 -1 0  1
 1 -1 -1 -1 0  1
1,1;1,1;1;1 1 14
4 
#1 
6	% 
 -1 -1  0  1  0  0
  0  1 -1  0  0 -1
  0 -2  2 -3 -2  4
  0  1 -1  1  1 -2
  1 -2  2 -3 -2  5
  0  0 -1  1  0 -1
1,1,1;1;1;1 1 9
2 
#1 
6	% 
  1  0  0 0  0  0
 -1  0  0 1  1 -1
  0  0 -1 0  0  0
 -1  0 -1 0  0 -1
  1 -1  1 0  0  1
  0  0 -1 0 -1  0
1,1;1,1;1;1 1 13
1 
#1 
6	% 
 1  0 0  0 0  2
 0  1 0  0 0  0
 0 -1 0 -1 1  1
 0  0 0  1 0  0
 0  1 1  1 0 -1
 0  0 0  0 0 -1
1,1;1,1;1;1 1 28
4 
#1 
6	% 
  0 0 0  0 1 1
  0 0 0 -1 0 0
  0 0 1  0 0 2
  1 1 0  0 0 0
  1 0 0  0 0 1
 -1 0 0  0 0 0
1,1,1;1;1;1 1 15
2 
#1 
6	% 
  0 0 0  0 1 -2
  0 0 0 -1 0  1
 -1 0 0  0 0  0
  0 0 1  0 0  2
 -1 0 0  0 0 -1
  0 1 0  0 0 -1
1,1;1;1;1;1 1 23
1 
#1 
6	% 
  0  0  0 1  1 -1
  0  0  0 0 -1  1
 -1  0  0 0  0  0
  0  0 -1 0  0  0
  0 -1  1 0  0  1
  0  0 -1 0 -1  0
1,1;1;1;1;1 1 33
1 
#1 
6	% 
  1  4  2  3 -2 -1
  0 -2 -2 -3  1  1
  1  1  0  1 -1  0
  1  0  0  0  0  0
 -1  0  0  0  0 -1
  1  1  1  1  0  0
