#23

2-2;1,1;1;1 1 14
1 
#1 
6	% 
 1 0 0 0 0 0
 0 1 0 0 0 0
 0 0 1 0 0 0
 0 0 0 1 0 0
 0 0 0 0 1 0
 0 0 0 0 0 1
1,1,1,1,1,1 1 1
1 
#1 
6	% 
 1 0 0 0 0 0
 0 1 0 0 0 0
 0 0 1 0 0 0
 0 0 0 1 0 0
 0 0 0 0 1 0
 0 0 0 0 0 1
1,1,1,1,1;1 1 2
8 
#3 
6	% 
 0 -1  1  0 -1  0
 0  0  1  1  0  1
 0 -1  0  1 -1  0
 0  0  1  0  0  1
 1  0 -1 -1  1 -1
 1 -1  1  1 -1  1
6	% 
  0 0 0  1  0  0
  1 0 0  0  0  0
  0 0 0  0  0  1
  1 1 1  1 -1  1
 -1 0 0 -1  1 -1
  1 0 1  1  0  1
6	% 
 -2  1 -1 -1 -1 -1
 -2  1 -1 -1 -1  0
 -2  1 -2 -1 -1 -1
 -2  1 -1  0 -1 -1
  3 -1  2  1  2  1
 -3  2 -2 -1 -2 -1
1,1,1,1;1,1 1 3
14 
#4 
6	% 
  1 0  1 1  1  1
  2 1  1 0  1  0
  0 0 -1 0  0 -1
 -1 0  0 0 -1  0
  1 0  1 0  0  0
  0 0  0 1  1  0
6	% 
  0  0  0 1  0 0
  0  0  0 0  0 1
  0  1  0 0 -1 0
 -1  0  0 0  0 0
 -1  1  0 0  0 0
  0 -1 -1 0  0 0
6	% 
  1 0  0 0  0 0
  2 1  1 0 -1 0
  0 0  1 0  0 1
 -1 0 -1 0  0 0
  1 0  0 0 -1 0
  0 0  0 1  1 0
6	% 
  0  0 1  0  0  0
 -2  1 0 -1 -1  1
  0 -1 0 -1  0  0
  1  1 0  1  0  0
 -1  2 0  0  0  1
  0 -1 0  0  0 -1
1,1,1,1;1,1 1 1
1 
#1 
6	% 
 0  0 -1 -1  0 -1
 0  0  0 -1 -1 -1
 0  0 -1  0 -1 -1
 0  0  1  1  1  1
 0 -1  0  0  0  0
 1  1  0  0  0  0
1,1,1;1,1,1 1 4
6 
#2 
6	% 
  0  1  0  1 1 -1
  1  0  0  1 0 -1
 -1  0  0 -1 0  2
  0 -1 -1  1 0 -1
 -1  1  0 -2 0  1
  1 -1  0  1 0 -1
6	% 
  1 -1 0  1 1  1
  1  0 0  1 0  1
 -1  1 0 -1 0 -2
  1  0 1  1 0  1
 -1  0 0 -2 0 -1
  1 -1 0  1 0  1
1,1,1;1,1,1 1 2
2 
#1 
6	% 
  0  1  0  0  0  0
  1  1  0  1  0  1
  0  0 -1 -1 -1  1
  0  0  0  0  1  0
 -1 -1  1  0  0 -1
  1  1  1  1  0  0
2-2;1,1,1,1 1 1
1 
#1 
6	% 
 0 1  0  0  0  0
 1 0  0  0  0  0
 0 0  0 -1 -1 -1
 0 0 -1  0 -1 -1
 0 0 -1 -1  0 -1
 0 0  1  1  1  1
1,1,1,1;1;1 1 3
3 
#1 
6	% 
  0  0 -1  0 -1 -1
  0  0 -1 -1  0 -1
  0  0  0 -1 -1 -1
  0  0  1  1  1  1
 -1  0  0  0  0  0
  1 -1  0  0  0  0
1,1,1;1,1;1 1 9
14 
#3 
6	% 
 0  0 -2 -1 0  1
 0  0 -1  0 1  0
 0  0  3  1 0 -1
 0  1 -1  0 0  1
 1  0  0  0 0  0
 2 -1  0  0 0  0
6	% 
  2  2  0  1  0  1
  1  1  0  0  0  0
 -2 -3  0 -1  0 -1
  1  1  0  0  0  1
  0  0  0  1 -1 -1
  0  0 -1  0 -1  0
6	% 
 0 0 -1  0  1 0
 0 0  0  1  0 1
 0 0  1 -1 -1 0
 0 0  0  0  1 0
 1 0  0  0  0 0
 0 1  0  0  0 0
1,1,1;1,1;1 1 12
24 
#6 
6	% 
  0 1 0  0  0  0
  0 0 0 -1  0  1
  0 0 1  1 -1 -1
  0 0 0 -1  0  0
  0 0 1  1  0  0
 -1 1 0  0  0  0
6	% 
  0 1  0  0  0  0
  0 0 -1 -1 -1 -1
  0 0  2  1  2  1
  0 0  0  0 -1 -1
  0 0  1  0  1  1
 -1 1  0  0  0  0
6	% 
 -2  1  0 -2  0 -2
 -4  2 -1 -3 -1 -3
  8 -4  1  6  1  6
 -2  1  0 -2 -1 -1
  4 -2  0  4  1  2
 -1  0  0 -1  0 -1
6	% 
 0  0 -1 -2  1  2
 0  2  0 -1  0  1
 0 -3  2  5 -2 -5
 0  1  0 -1  0  0
 1 -2  1  3 -1 -2
 0  0  0 -1  1  1
6	% 
  0  0 -1 0  1  0
  2 -1  0 0  0  0
 -2  1  2 1 -2 -1
  1 -1  0 0  0  0
 -1  1  1 1 -1  0
  0  0 -1 0  0  0
6	% 
 -2  1  0 -2  0  2
 -4  2 -1 -2  1  2
  8 -4  1  5 -1 -5
 -2  1  0 -1  1  1
  4 -2  0  3 -1 -2
 -1  0  0 -1  0  1
1,1,1,1;1;1 1 5
13 
#3 
6	% 
  0  2  1  0 -1  1
  0  1  1  1 -1  1
  0  1  1  0  0  1
 -1 -1 -1 -1  1 -1
 -1  2  1  1 -1  1
  0 -1  0  0  1 -1
6	% 
  0  0  0 0  0 -1
  0  0  0 1  0 -1
  0  0  0 0 -1 -1
  1 -1  0 0  0  2
 -1  0  0 0  0 -2
  0  0 -1 0  0  1
6	% 
  0  1  1  1 -1 -1
  1  0  1  1 -1 -1
  1  1  1  0 -1 -1
 -1 -1 -1 -1  2  1
  1  1  2  1 -1 -1
 -1 -1 -1 -1  1  0
1,1;1,1;1,1 1 10
6 
#1 
6	% 
  0  1  0 0 1 0
 -1  0  0 0 0 0
  2 -1  0 0 0 1
  0 -1 -1 0 0 0
  2 -1  0 1 0 0
 -1  1  0 0 0 0
1,1;1,1;1,1 1 5
1 
#1 
6	% 
 1 0 0 0 0 0
 0 1 0 0 0 0
 0 0 0 0 1 0
 0 0 0 0 0 1
 0 0 1 0 0 0
 0 0 0 1 0 0
2-2;1,1;1,1 1 5
1 
#1 
6	% 
  0 1 0 0 0 0
 -1 1 0 0 0 0
  0 0 0 0 1 0
  0 0 0 0 0 1
  0 0 1 0 0 0
  0 0 0 1 0 0
1,1,1;1,1;1 1 2
2 
#1 
6	% 
 0 0 -1 0  1  0
 0 0  0 1  0  1
 0 0  1 0 -1 -1
 1 0  0 0  0  0
 0 1  0 0  0  0
 0 0  0 0  1  0
2-2;1,1,1;1 1 2
2 
#1 
6	% 
 0 0  0 0  0 1
 0 0  0 1  0 0
 0 0  0 0 -1 0
 0 1  0 0  0 0
 1 0  0 0  0 0
 0 0 -1 0  0 0
1,1,1;1;1;1 1 10
6 
#1 
6	% 
 0  0  0 0  0 1
 0  0  0 1  0 0
 0  0  0 0 -1 0
 1  0  0 0  0 0
 1 -1  0 0  0 0
 0  0 -1 0  0 0
1,1;1,1;1;1 1 34
3 
#1 
6	% 
  0  0 0  1 1  1
  0  0 0 -1 0  0
 -1  0 0  0 0  0
  0  0 0  0 0 -1
  0  0 1  1 0  1
  1 -1 0  0 0  0
1,1;1,1;1;1 1 25
12 
#2 
6	% 
  0 -1 0 -1 0  0
 -1  2 0  1 0  1
  0  0 0  0 1  0
  0  1 0  0 0  1
  0  0 1  0 0  0
 -1 -1 0 -1 0 -1
6	% 
  0 0 0 -1 0  0
  1 0 0  1 0  1
  0 0 0  0 1  0
  0 0 0  0 0  1
  0 0 1  0 0  0
 -1 1 0 -1 0 -1
1,1,1;1;1;1 1 15
6 
#2 
6	% 
 0 -2 0 0 1 0
 0  1 0 0 0 1
 1  0 0 0 0 0
 0  2 1 0 0 0
 1 -1 0 0 0 0
 0 -1 0 1 0 0
6	% 
  0 0  1 -1 -1  0
  1 0  0  1  0 -1
  0 0 -1  0  0  0
  0 0 -1  0  1 -1
  0 0  0  0 -1  0
 -1 1  0 -1  0  1
1,1;1,1;1;1 1 9
1 
#1 
6	% 
 0 -1  0  0  0  0
 1  1  0  0  0  0
 0  0  0  0  1  0
 0  0  1  0 -1 -1
 0  0  1  0  0  0
 0  0 -1 -1  1  0
1,1;1;1;1;1 1 28
3 
#1 
6	% 
  0  0  1 0  0 0
  0  0 -1 0  1 1
 -1  0  0 0  0 0
  0  0  0 0  1 0
  1 -1  0 0  0 0
  0  0  1 1 -1 0
