#34

4-2;1,1 1 1
1 
#1 
6	% 
 1 0 0 0 0 0
 0 1 0 0 0 0
 0 0 1 0 0 0
 0 0 0 1 0 0
 0 0 0 0 1 0
 0 0 0 0 0 1
1,1,1,1,1,1 1 1
1 
#1 
6	% 
 1 0 0 0 0 0
 0 1 0 0 0 0
 0 0 1 0 0 0
 0 0 0 1 0 0
 0 0 0 0 1 0
 0 0 0 0 0 1
1,1,1,1,1;1 1 2
12 
#2 
6	% 
 0 -1  1  0 -1  0
 0  0  1  1  0  1
 0 -1  0  1 -1  0
 0  0  1  0  0  1
 1  0 -1 -1  1 -1
 1 -1  1  1 -1  1
6	% 
 -2  1 -1 -1 -1 -1
 -2  1 -1 -1 -1  0
 -2  1 -2 -1 -1 -1
 -2  1 -1  0 -1 -1
  3 -1  2  1  2  1
 -3  2 -2 -1 -2 -1
1,1,1,1;1,1 1 3
48 
#4 
6	% 
  1  0  1  0  0 -1
 -1 -1 -1 -1 -1 -1
  0  0 -1  0  0  0
  0  1  1  0  0  1
 -1  0  0 -1  0 -1
  1  0  0  0  0  0
6	% 
 0  0 0 -1 1  0
 0  0 0 -2 0 -1
 1  0 0  0 0  0
 0  0 1  1 0  1
 0  0 1 -2 0 -1
 1 -1 0  0 0  0
6	% 
  0  0  0  0 -1  0
  0  0  0  0 -1 -1
 -1  0 -1  0  0 -1
  1 -1  0  0  1  0
 -1  0  0  0 -1  0
  1 -1  1 -1  0  1
6	% 
  0  0  0  0 1 -1
  0  0  0 -1 1  0
  0  2 -1  0 0  0
  1 -2  1  1 0  1
 -1 -1  1 -2 0 -1
  0  2 -1  1 0  0
1,1,1,1;1,1 1 1
3 
#2 
6	% 
  0 -1 -1 -1 0  0
 -1  0 -1 -1 0  0
 -1 -1  0 -1 0  0
  1  1  1  1 0  0
  0  0  0  0 0 -1
  0  0  0  0 1  1
6	% 
 0  0 -1 -1  0 -1
 0  0  0 -1 -1 -1
 0  0 -1  0 -1 -1
 0  0  1  1  1  1
 0 -1  0  0  0  0
 1  1  0  0  0  0
2-1;1,1,1;1 1 8
36 
#2 
6	% 
  0 0  0 0  0  1
  0 0  0 0 -1  0
 -1 0  0 0  0 -1
  0 0 -1 0  0 -1
  0 0 -1 1  0  1
 -1 1  0 0  0  1
6	% 
  0 0  0  0 1 0
  0 0  0  0 0 1
  1 0  0  0 0 0
  0 0 -1  0 0 0
  0 0  1 -1 0 0
 -1 1  0  0 0 0
1,1,1;1,1,1 1 2
12 
#2 
6	% 
 -2  1  0  0 -1 -1
  0  0  0  0  1  0
  0  1 -1  0  0  0
  0 -1 -1 -1  0  0
  1  0  1  1  0  0
 -1  1  1  1  0  0
6	% 
  0  1  0  0 -1 0
  0  1  0  0  1 1
 -2  1 -1 -1  0 0
  0  0 -1  0  0 0
  1 -1  1  0  0 0
  1  0  1  0  0 0
2-1',2-1';1,1 1 1
6 
#1 
6	% 
  1  1  0 -1 0  0
  0  1  1  1 0  0
 -1  0  0  1 0  0
  0 -1 -1  0 0  0
  0  0  0  0 0 -1
  0  0  0  0 1  1
2-2;1,1,1,1 1 1
2 
#1 
6	% 
 0 1  0  0  0  0
 1 0  0  0  0  0
 0 0  0 -1 -1 -1
 0 0 -1  0 -1 -1
 0 0 -1 -1  0 -1
 0 0  1  1  1  1
2-2',2-2';1,1 1 1
2 
#1 
6	% 
 0 0 1  0 0  0
 0 0 1 -1 0  0
 1 0 1  0 0  0
 0 1 1 -1 0  0
 0 0 0  0 0 -1
 0 0 0  0 1  1
2-2;1,1,1;1 1 2
12 
#2 
6	% 
  0 -1 0 0 0 -1
  0  1 0 0 1  1
 -1  0 0 0 0  0
  0  0 1 0 0  0
  0  0 0 1 0  0
 -1  1 0 0 0  0
6	% 
  0 0 0 0 0 1
  0 0 0 0 1 0
  1 0 0 0 0 0
  0 0 1 0 0 0
  0 0 0 1 0 0
 -1 1 0 0 0 0
1,1,1,1;1;1 1 5
36 
#3 
6	% 
 0  0  0 -1 -1 -1
 0  1  0  0 -1  0
 1  0  0 -1 -1 -1
 0 -1 -1  1  2  1
 0  1 -1  0 -2 -1
 1 -1  0  1  1  1
6	% 
 0  0  0  0  0  1
 0  1  0  0 -1  1
 0  1  0 -1  0  1
 1 -1  0  0  1 -1
 1  0  0  0 -1  1
 0 -1 -1  1  0 -1
6	% 
 -2  1 -1  2  0 -1
 -2  1 -1  2 -1 -2
 -2  1  0  1 -1  0
  3 -2  1 -2  1  1
 -3  1 -1  2 -1 -1
  2 -1  1 -1  1  0
1,1,1;1,1;1 1 2
24 
#4 
6	% 
 0 1 0 0 0  0
 0 0 1 0 0  0
 0 0 0 1 0  0
 0 0 0 0 0 -1
 0 0 0 0 1  1
 1 0 0 0 0  0
6	% 
 0 1 0 0 0 0
 0 0 0 0 1 0
 0 0 0 0 0 1
 0 0 1 0 0 0
 0 0 0 1 0 0
 1 0 0 0 0 0
6	% 
 -2  1 0  0  0 0
  0  0 1  1  0 0
  2 -1 0 -1  0 0
  0  0 0  0  1 1
  0  0 0  0 -1 0
 -1  0 0  0  0 0
6	% 
 0 0  1  1 0 0
 0 0  1  1 1 0
 0 0 -1 -1 0 1
 1 0  0  0 0 0
 0 1  0  0 0 0
 0 0  1  0 0 0
1,1,1;1,1;1 1 9
72 
#4 
6	% 
  0 0 -2  1  0 0
  0 0  0  0  1 1
  0 0  2 -1 -1 0
  0 0 -1  0  0 0
 -1 0  0  0  0 0
 -2 1  0  0  0 0
6	% 
 0  0  1 0  0  0
 0  0  0 0  1  0
 0  0 -2 0 -1 -1
 0 -2  0 1  0  0
 1  0  0 0  0  0
 2 -1  0 0  0  0
6	% 
  2 -1 0 0 0 0
  2 -1 0 0 1 0
 -2  1 0 0 0 1
  1 -1 0 0 0 0
  0 -1 0 1 0 0
  0  0 1 0 0 0
6	% 
 0 0 0  1  0  0
 0 0 0  0  1  0
 0 0 0 -2 -1 -1
 0 0 1  0  0  0
 1 0 0  0  0  0
 0 1 0  0  0  0
1,1,1,1;1;1 1 3
6 
#1 
6	% 
  0  0 -1  0 -1 -1
  0  0 -1 -1  0 -1
  0  0  0 -1 -1 -1
  0  0  1  1  1  1
 -1  0  0  0  0  0
  1 -1  0  0  0  0
1,1,1;1;1;1 1 19
36 
#2 
6	% 
  0 0  0 0 0  1
  0 1  0 1 1  1
 -1 0  0 0 0 -1
  0 0 -1 1 0  1
  0 0  1 0 0  1
 -1 1  0 0 0  1
6	% 
  0 0  0 0 -1 -1
  0 0  0 0  0 -1
  0 0  1 0  1  1
 -1 1  0 0 -1 -1
  0 0 -1 1 -1 -1
 -1 0  0 0 -1 -1
2-2,2-2;1,1 2 1
8 
#2 
6	% 
  0 1  1 -1 0  0
 -1 1  0 -1 0  0
 -1 1 -1  0 0  0
 -1 0 -1  1 0  0
  0 0  0  0 0 -1
  0 0  0  0 1  1
6	% 
  0 1 0  0 0  0
 -1 1 0  0 0  0
  0 0 0 -1 0  0
  0 0 1 -1 0  0
  0 0 0  0 0 -1
  0 0 0  0 1  1
1,1;1,1;1,1 1 5
24 
#3 
6	% 
 0 0 0 0 0 -1
 0 0 0 0 1  1
 0 0 1 0 0  0
 0 0 0 1 0  0
 1 0 0 0 0  0
 0 1 0 0 0  0
6	% 
 0  0  0  0 0 -1
 0  0  0  0 1  1
 1  0  1 -2 0  0
 0 -1 -1  1 0  0
 1 -1  1 -2 0  0
 0  1  0  1 0  0
6	% 
  0  0  0  0 0 -1
  0  0  0  0 1  1
  1  0  0  1 0  0
 -1 -1 -1 -1 0  0
  1 -1  0  1 0  0
 -1  2  1 -2 0  0
2-2;2-2;1,1 1 5
6 
#1 
6	% 
 0  0  0 0 0 -1
 0  0  0 0 1  1
 0 -1  0 0 0  0
 1 -1  0 0 0  0
 0  0  0 1 0  0
 0  0 -1 1 0  0
2-2;1,1;1,1 1 1
2 
#1 
6	% 
 0  0  0 1 0  0
 0  0 -1 1 0  0
 0 -1  0 0 0  0
 1  1  0 0 0  0
 0  0  0 0 0 -1
 0  0  0 0 1  1
1,1;1,1;1,1 1 1
1 
#1 
6	% 
 0 -1 0  0 0  0
 1  1 0  0 0  0
 0  0 0 -1 0  0
 0  0 1  1 0  0
 0  0 0  0 0 -1
 0  0 0  0 1  1
1,1,1;1;1;1 1 10
36 
#2 
6	% 
 0  0  0  0 0 1
 0  0  0  0 1 0
 0  0  0 -1 0 0
 1  0  0  0 0 0
 1 -1  0  0 0 0
 0  0 -1  0 0 0
6	% 
 0  0  0 0 0 1
 0  0  0 0 1 0
 0  0  0 1 0 0
 1  0  0 0 0 0
 1 -1  0 0 0 0
 0  0 -1 0 0 0
1,1;1,1;1;1 1 4
6 
#1 
6	% 
  0  0 1 0 0 0
  0  0 0 1 0 0
  0  0 0 0 1 0
  0  0 0 0 0 1
 -1  0 0 0 0 0
  1 -1 0 0 0 0
2-2;2-2;1,1 1 1
1 
#1 
6	% 
  0 1  0 0 0  0
 -1 1  0 0 0  0
  0 0  0 1 0  0
  0 0 -1 1 0  0
  0 0  0 0 0 -1
  0 0  0 0 1  1
2-1;1,1;1;1 1 26
18 
#2 
6	% 
 0  0  0 0  1 1
 0  0  0 0 -1 0
 1  0  0 0  0 0
 0  0 -1 0  0 0
 0  0 -1 1  0 0
 1 -1  0 0  0 0
6	% 
  0  0  0 0  1 1
  0  0  0 0 -1 0
 -1  0  0 0  0 0
  0  0  1 0  0 0
  0  0 -1 1  0 0
  1 -1  0 0  0 0
1,1;1,1;1;1 1 9
36 
#3 
6	% 
 0  0  0 0 0 -1
 0  0  0 0 1  1
 1  0  0 0 0  0
 0 -1 -1 0 0  0
 1 -1  0 0 0  0
 0  1 -1 1 0  0
6	% 
 0  0 0  0  1 1
 0  0 0  0 -1 0
 1  0 0  0  0 0
 0 -2 0  1  0 0
 1 -1 0  0  0 0
 0  2 1 -1  0 0
6	% 
  0 0  0  0 0 -1
  0 0  0  0 1  1
  0 0  0  1 0  0
  1 0  1 -2 0  0
  0 0  1 -1 0  0
 -1 1 -1  2 0  0
2-1;2-1;1,1 1 6
9 
#1 
6	% 
  0  0  0  0 1 0
  0  0  0  0 0 1
  0  0 -1  0 0 0
  0  0  1 -1 0 0
 -1  0  0  0 0 0
  1 -1  0  0 0 0
2-1,2-1;1,1 3 1
18 
#1 
6	% 
  0 -1 -1  0 0  0
 -1  0  0  1 0  0
 -1  1  0  1 0  0
  0  1  1 -1 0  0
  0  0  0  0 0 -1
  0  0  0  0 1  1
4-2';1,1 1 1
6 
#1 
6	% 
 0 -1  0 0 0  0
 1 -1  0 0 0  0
 0  0  0 1 0  0
 0  0 -1 1 0  0
 0  0  0 0 0 -1
 0  0  0 0 1  1
2-1,2-1;1,1 1 1
6 
#1 
6	% 
 0  0 0 -1 0  0
 0 -1 0  0 0  0
 0  0 1  1 0  0
 1  1 0  0 0  0
 0  0 0  0 0 -1
 0  0 0  0 1  1
2-2,2-2;1,1 1 1
6 
#1 
6	% 
  0 -7  0 -5 0 0
  7 -7  5 -5 0 0
  0  4  0  3 0 0
 -4  4 -3  3 0 0
  0  0  0  0 1 0
  0  0  0  0 0 1
2-2;1,1;1;1 1 3
6 
#1 
6	% 
  0  0 0 0 1 0
  0  0 0 0 0 1
  0  0 1 0 0 0
  0  0 0 1 0 0
 -1  0 0 0 0 0
  1 -1 0 0 0 0
1,1;1;1;1;1 1 25
9 
#1 
6	% 
 0  0  0  0  1  0
 0  0  0  0 -1 -1
 0  0 -1  0  0  0
 1  0  0  0  0  0
 1 -1  0  0  0  0
 0  0  1 -1  0  0
1,1;1;1;1;1 1 48
9 
#1 
6	% 
  0 0  0 0  1 1
  0 0  0 0 -1 0
  0 0 -1 1  0 0
 -1 0  0 0  0 0
  0 0  1 0  0 0
 -1 1  0 0  0 0
