#113

5-1;1 1 1
1 
#1 
6	% 
 1 0 0 0 0 0
 0 1 0 0 0 0
 0 0 1 0 0 0
 0 0 0 1 0 0
 0 0 0 0 1 0
 0 0 0 0 0 1
1,1,1,1,1,1 1 1
1 
#1 
6	% 
 1 0 0 0 0 0
 0 1 0 0 0 0
 0 0 1 0 0 0
 0 0 0 1 0 0
 0 0 0 0 1 0
 0 0 0 0 0 1
1,1,1,1,1;1 1 1
6 
#2 
6	% 
  0  0  0 -1  0 0
 -1  0 -1 -1 -1 0
 -1 -1  0 -1 -1 0
  0 -1 -1  0 -1 0
  1  1  1  1  1 0
  0  0  0  0  0 1
6	% 
 0  0  0  0 -1  0
 0 -1 -1  0 -1 -1
 0 -1  0 -1 -1 -1
 0  0 -1 -1  0 -1
 0  1  1  1  1  1
 1  0  0  0  0  0
2-1;1,1;1,1 1 3
60 
#1 
6	% 
  0  0 1 0 0 0
  0  0 0 1 0 0
 -1 -1 0 0 1 0
  0  0 0 0 0 1
  1  1 0 0 0 0
 -1  0 0 0 1 0
2-1;1,1,1;1 1 1
40 
#2 
6	% 
 0 0 0  0 1  0
 0 1 0  0 0  0
 0 0 1  0 0  1
 0 0 0 -1 0  0
 0 0 0  0 0 -1
 1 0 0  0 0  0
6	% 
  0 0  0  0 1 0
  0 1  0  0 0 0
  0 0 -1 -1 0 0
 -1 0  0 -1 0 0
  1 0  1  1 0 0
  0 0  0  0 0 1
2-1;1,1,1;1 1 4
60 
#1 
6	% 
  0  0 1 0  0  0
  0  0 0 1  0  0
 -1 -1 0 0  1  0
 -1 -1 0 0  1 -1
  1  0 0 0 -1  0
 -1 -1 0 0  0  0
2-1;1,1;1,1 1 1
30 
#1 
6	% 
 0 0 0 0 1  0
 0 1 0 0 0  0
 0 0 1 0 0  0
 0 0 0 1 0  0
 0 0 0 0 0 -1
 1 0 0 0 0  1
1,1,1,1;1,1 1 1
15 
#2 
6	% 
 0 -1 -1  0 -1  0
 0 -1  0 -1 -1  0
 0  0 -1 -1 -1  0
 0  1  1  1  1  0
 0  0  0  0  0 -1
 1  0  0  0  0  1
6	% 
  0 -1 0  0 -1 -1
 -1  0 0  0 -1 -1
 -1 -1 0  0  0 -1
  1  1 0  0  1  1
  0  0 0 -1  0  0
  0  0 1  1  0  0
1,1,1,1;1,1 1 3
60 
#1 
6	% 
 1 -1 -1 0  0 -1
 0  0  0 0  0 -1
 0  0  1 0  0  0
 0  1  0 1  0  1
 0  0 -1 0 -1 -1
 0 -1  0 0  0  0
2-1;1,1,1,1 1 1
10 
#1 
6	% 
  0 1  0  0 0  0
  0 0  0  0 1  0
  0 0 -1 -1 0 -1
 -1 0  0 -1 0 -1
 -1 0 -1  0 0 -1
  1 0  1  1 0  1
2-1;1,1,1;1 1 8
120 
#1 
6	% 
  1 0  0  0  0  0
  0 0  0  0  0  1
 -1 0  0  0 -1 -1
 -1 0  0 -1  0 -1
  1 0 -1  0  0  1
  1 1  0  0  0  1
1,1,1;1,1,1 1 1
10 
#1 
6	% 
  0 -1  0  0 -1  0
 -1  0  0  0 -1  0
  1  1  0  0  1  0
  0  0  0 -1  0 -1
  0  0 -1  0  0 -1
  0  0  1  1  0  1
1,1,1;1,1,1 1 3
60 
#1 
6	% 
  0  0  0  1 -1  1
 -1  0  0  0  0  0
  1  0  0  1  0  1
 -1 -1  0 -1  0 -1
  1  0  0  0  1 -1
 -1  0 -1  0 -1  1
2-1;1,1;1,1 1 9
120 
#1 
6	% 
 1  0  0  0 0 0
 0  0  0  0 0 1
 0  0  0  0 1 0
 0  0 -1  0 0 0
 0  0  0 -1 0 0
 0 -1  0  0 0 0
1,1,1;1,1,1 1 2
60 
#1 
6	% 
  0  0  0  0  0  1
  0 -1  0 -1 -1 -1
 -1  0  0  0  0  0
  0  0 -1  0  0  0
  1  1  1  0  0  0
  1  0  1  0 -1  0
1,1,1,1;1,1 1 2
80 
#2 
6	% 
 1  0  0  0  0  0
 0  0  0  0  0  1
 0 -1 -1  0  1 -1
 0  1  0  1  1  0
 0  0  0 -1 -1  0
 0 -1  0 -1  0  0
6	% 
  1  0 0  0  0 0
  1  1 1  1  1 0
  1  0 0  0 -1 0
  0  0 0  0  0 1
 -1 -1 0 -1  0 0
  1  1 1  0  0 0
2-1',2-1';1,1 1 1
30 
#1 
6	% 
 0 0 1  1 -1  0
 0 1 0  1  1  0
 0 0 0  0  1  0
 0 0 0 -1  0  0
 0 0 0  0  0 -1
 1 0 0  0  0  1
1,1,1,1,1;1 1 2
20 
#1 
6	% 
  0  0  0  0  1  0
  1  0  0  0  0  0
  0 -1 -1 -1  0 -1
  1  0  0  0  1 -1
 -1  1  1  0 -1  1
  1 -1  0 -1  1 -1
2-1',2-1';1;1 1 1
30 
#1 
6	% 
 0 -1  0 -1 -1 0
 0  0 -1 -1  1 0
 0  1 -1  0  1 0
 0  1  1  1  0 0
 1  0  0  0  0 0
 0  0  0  0  0 1
2-2;1,1,1,1 1 2
40 
#1 
6	% 
  1  0  0  0  0  0
  0  0 -1 -1 -1 -1
  2  2  1  1  1  0
 -1 -1  0  0  1  1
  1  1  0 -1  0 -1
 -1 -1  1  0  0  1
1,1,1,1;1;1 1 1
15 
#2 
6	% 
 0 -1  0 -1 -1 0
 0 -1 -1  0 -1 0
 0  0 -1 -1 -1 0
 0  1  1  1  1 0
 1  0  0  0  0 0
 0  0  0  0  0 1
6	% 
 0 -1  0 0 -1 -1
 0 -1 -1 0  0 -1
 0  0 -1 0 -1 -1
 0  1  1 0  1  1
 1  0  0 0  0  0
 0  0  0 1  0  0
1,1,1;1,1;1 1 1
60 
#3 
6	% 
 0  0  1  0  0 0
 0  0  1  1  0 0
 0 -1 -1 -1  0 0
 0  0  0  0 -1 0
 1  0  0  0  1 0
 0  0  0  0  0 1
6	% 
 0 1 0  0  0  1
 0 0 0 -1  0  0
 0 0 0  0  0 -1
 0 0 0  0 -1  0
 0 0 1  0  1  0
 1 0 0  0  0  0
6	% 
 0 0  0 1  1 0
 0 0 -1 0  0 0
 0 0  0 0 -1 0
 0 1  0 0  0 0
 0 0  0 0  0 1
 1 0  0 0  0 0
1,1,1;1,1;1 1 3
240 
#3 
6	% 
 0  0  2  1  1 0
 0  0  1  0  0 0
 0 -1 -2 -1 -1 0
 1  0  1  1  0 0
 1  0  0  0  0 0
 0  0  0  0  0 1
6	% 
 0 -1  0 0  1  0
 0  0  1 0  0  0
 0  1 -1 1 -1  0
 0 -1  0 0  0 -1
 0 -1  0 0 -1 -1
 1  0  0 0  0  0
6	% 
 0  1 0 0 -1 0
 0  1 0 0 -1 1
 0 -1 1 0  1 0
 0  1 0 0  0 0
 0  1 0 1  1 0
 1  0 0 0  0 0
2-2;1,1,1;1 1 3
120 
#2 
6	% 
  1 0 0  0 0 0
 -1 1 0  0 0 0
  0 0 0  0 0 1
  0 0 0  0 1 0
  0 0 0 -1 0 0
  0 0 1  0 0 0
6	% 
 0  0  0  0  0 -1
 0  1  1  1 -1  1
 1  0  0  0  0  0
 0 -1 -1 -1  0  0
 0  1  0  1 -1  0
 0  0 -1 -1  1  0
1,1,1;1,1;1 1 8
120 
#2 
6	% 
  2  1 -1  1 -1 0
  2  1 -1  0  0 0
 -5 -3  3 -1  1 0
  1  0 -1  1  0 0
  1  1  0  0  0 0
  0  0  0  0  0 1
6	% 
 0  1  0  0  1  0
 0  1 -1  1  1 -2
 0 -3  2 -2 -3  3
 0  1  0  0  0  0
 0  0 -1  0  1 -1
 1  0  0  0  0  0
1,1,1,1;1;1 1 2
80 
#2 
6	% 
 1  0  0 0 0 0
 0  0  0 0 1 0
 0  0  0 1 0 0
 0  0  0 0 0 1
 0  0 -1 0 0 0
 0 -1  0 0 0 0
6	% 
 0  0 1 0  0 0
 0  0 0 1  0 0
 0  0 0 0  0 1
 1  0 0 0  0 0
 0  0 0 0 -1 0
 0 -1 0 0  0 0
4-3';1;1 1 3
96 
#1 
6	% 
  0  0  0  0 0 1
 -1 -1  0  1 0 0
  1  0  0 -1 1 0
  1  0 -1  0 1 0
  0 -1 -1  0 1 0
  0 -1 -1  1 0 0
2-1;1;1;1;1 1 3
30 
#1 
6	% 
 0 0 1 0 0 0
 0 0 0 1 0 0
 1 0 0 0 0 0
 0 0 0 0 0 1
 0 0 0 0 1 0
 0 1 0 0 0 0
2-1;1,1;1;1 1 4
120 
#2 
6	% 
 0 0 0 1  0  0
 0 0 1 0  0  0
 0 0 0 0  0 -1
 1 0 0 0  0  0
 0 1 0 0  0  1
 0 0 0 0 -1 -1
6	% 
  0  0 0 1  0 0
  0  0 1 0  0 0
 -1 -1 0 0  1 0
  0  0 0 0  0 1
  1  0 0 0 -1 0
 -1 -1 0 0  0 0
2-2;2-1;1;1 1 5
40 
#1 
6	% 
  0 0 1 0 0 0
  0 0 0 1 0 0
  0 0 0 0 0 1
  0 0 0 0 1 0
  0 1 0 0 0 0
 -1 0 0 0 0 0
2-1;1,1;1;1 1 1
60 
#2 
6	% 
 0 0 0  0 1 0
 0 1 0  0 0 0
 0 0 0 -1 0 0
 0 0 1  1 0 0
 1 0 0  0 0 0
 0 0 0  0 0 1
6	% 
 0 0 0 0 1  0
 0 1 0 0 0  0
 0 0 0 0 0 -1
 0 0 1 0 0  1
 1 0 0 0 0  0
 0 0 0 1 0  0
3;1,1,1 2 1
10 
#1 
6	% 
 0 0  0  0 1  0
 0 1  0  0 0  0
 1 0  0  0 0  0
 0 0  0 -1 0 -1
 0 0 -1  0 0 -1
 0 0  1  1 0  1
2-1;1,1;1;1 1 6
30 
#1 
6	% 
 0 0 1 0 0  0
 0 0 0 1 0  0
 0 0 0 0 0 -1
 1 0 0 0 0  1
 0 0 0 0 1  0
 0 1 0 0 0  0
2-2;2-1;1,1 1 3
40 
#1 
6	% 
  0  0 0 1  0  0
  0  0 1 0  0  0
  1  1 0 0 -1  1
 -1 -1 0 0  0 -1
  1  0 0 0 -1  1
  0 -1 0 0  1 -1
2-1;1;1;1;1 1 1
10 
#1 
6	% 
 0 0 0 0 1 0
 0 1 0 0 0 0
 1 0 0 0 0 0
 0 0 1 0 0 0
 0 0 0 1 0 0
 0 0 0 0 0 1
2-1;2-1;1,1 1 1
15 
#1 
6	% 
 0 0 0 1 0  0
 0 0 1 0 0  0
 0 0 0 0 1  0
 0 1 0 0 0  0
 0 0 0 0 0 -1
 1 0 0 0 0  1
2-1;2-1;1;1 1 1
15 
#1 
6	% 
 0 0 0 0 1 0
 0 1 0 0 0 0
 0 0 0 1 0 0
 0 0 1 0 0 0
 1 0 0 0 0 0
 0 0 0 0 0 1
1,1;1,1;1,1 1 1
15 
#1 
6	% 
 0  1 0  0 0  0
 0 -1 0 -1 0  0
 0  0 1  0 0  0
 0  0 0  0 1  0
 0  0 0  0 0 -1
 1  0 0  0 0  1
1,1,1;1;1;1 1 1
20 
#2 
6	% 
 0 1  0 0  1 0
 0 0 -1 0  0 0
 0 0  0 0 -1 0
 1 0  0 0  0 0
 0 0  0 1  0 0
 0 0  0 0  0 1
6	% 
  0 -1 0 0 0 -1
 -1  0 0 0 0 -1
  1  1 0 0 0  1
  0  0 1 0 0  0
  0  0 0 1 0  0
  0  0 0 0 1  0
2-2;1,1;1,1 1 3
120 
#2 
6	% 
 0  1  1  1 -1  0
 0  0  0  0  0 -1
 1  0  0  0  0  1
 0 -1 -1 -1  0  0
 0  1  0  1 -1  0
 0  0 -1 -1  1  0
6	% 
  1  1 0  0 -1  1
  0  0 0 -1  0  0
  0  0 1  1  0  0
 -1 -1 0  0  0 -1
  1  0 0  0 -1  1
  0 -1 0  0  1 -1
1,1;1,1;1,1 1 5
30 
#1 
6	% 
 0  0  0  0  0 -1
 1  0  0  0  0  1
 0  1  1  1  0  0
 0 -1  0 -1  0  0
 0  0  1  1 -1  0
 0  0 -1  0  1  0
1,1,1;1;1;1 1 2
120 
#2 
6	% 
 0  0 0 1  0 0
 0  0 1 0  0 0
 1  0 0 0  0 0
 0  0 0 0  0 1
 0  0 0 0 -1 0
 0 -1 0 0  0 0
6	% 
 -1  0 0 0  0 1
 -1 -1 0 0  1 0
  0  0 1 0  0 0
  0  0 0 1  0 0
  1  0 0 0 -1 0
 -1 -1 0 0  0 0
1,1;1,1;1;1 1 7
120 
#2 
6	% 
 0 0 0 1  0 0
 0 0 1 0  0 0
 1 0 0 0  0 0
 0 0 0 0  0 1
 0 1 0 0  0 0
 0 0 0 0 -1 0
6	% 
 -1 -1 0 0 1 0
  0  0 0 0 0 1
  0  0 1 0 0 0
  0  0 0 1 0 0
  1  1 0 0 0 0
 -1  0 0 0 1 0
1,1;1,1;1;1 1 23
30 
#1 
6	% 
 1  0  0  0  0 0
 0  0  0  0  0 1
 0  1  1  1  0 0
 0 -1  0 -1  0 0
 0  0  1  1 -1 0
 0  0 -1  0  1 0
1,1;1,1;1;1 1 1
45 
#2 
6	% 
 0 1 0  0 0 0
 0 0 0  0 1 0
 0 0 0 -1 0 0
 0 0 1  1 0 0
 1 0 0  0 0 0
 0 0 0  0 0 1
6	% 
 0  1 0 0 1  0
 0 -1 0 0 0  0
 0  0 0 0 0 -1
 1  0 0 0 0  1
 0  0 1 0 0  0
 0  0 0 1 0  0
1,1,1;1,1;1 1 2
120 
#2 
6	% 
 0 -1 0  0  1 0
 0  0 0  1  0 0
 0  1 1 -1 -1 0
 1  0 0  0  0 0
 0  0 0  0  0 1
 0  0 0  0  1 0
6	% 
  2  1 0 0 -1  0
  1  0 0 0  0 -1
 -2 -1 0 0  1  1
  0  0 1 0  0  0
  0  0 0 1  0  0
  1  1 0 0  0  0
1,1;1,1;1,1 1 2
120 
#2 
6	% 
 0 0 0 1  0  0
 0 0 0 0  0 -1
 1 0 0 0  0  1
 0 0 1 0  0  0
 0 1 0 0  0  0
 0 0 0 0 -1  0
6	% 
 -1 -1 0  0 1 0
  0  0 0 -1 0 0
  0  0 1  1 0 0
  0  0 0  0 0 1
  1  1 0  0 0 0
 -1  0 0  0 1 0
1,1,1;1;1;1 1 5
40 
#2 
6	% 
 0  0 0 0  1  0
 0 -1 0 0  0 -1
 0  1 0 0 -1  0
 1  0 0 0  0  0
 0  0 0 1  0  0
 0  0 1 0  0  0
6	% 
  0 -1 0 0 -1 0
 -1  0 0 0 -1 0
  1  1 0 0  1 0
  0  0 0 0  0 1
  0  0 0 1  0 0
  0  0 1 0  0 0
1,1;1,1;1;1 1 4
30 
#1 
6	% 
 0 0 0 0  0 -1
 1 0 0 0  0  1
 0 0 0 0 -1  0
 0 1 0 0  1  0
 0 0 0 1  0  0
 0 0 1 0  0  0
1,1,1;1;1;1 1 10
60 
#1 
6	% 
  0  0 0  0 0 1
  0  0 0  0 1 0
  0 -1 0  0 0 0
  0  0 0 -1 0 0
  0  0 1  0 0 0
 -1  0 0  0 0 0
1,1;1,1;1;1 1 19
60 
#1 
6	% 
 -1 -1 0 0 1 0
  0  0 0 0 0 1
  1  1 0 0 0 0
  0  0 0 1 0 0
 -1  0 0 0 1 0
  0  0 1 0 0 0
1,1,1,1;1;1 1 3
10 
#1 
6	% 
  0 -1 0 0 -1 -1
 -1  0 0 0 -1 -1
 -1 -1 0 0  0 -1
  1  1 0 0  1  1
  0  0 0 1  0  0
  0  0 1 0  0  0
1,1,1;1;1;1 1 7
120 
#2 
6	% 
 0  0 0  0 0 1
 1  0 0  0 0 0
 0  0 1  0 0 0
 0  0 0  0 1 0
 0 -1 0  0 0 0
 0  0 0 -1 0 0
6	% 
 1  1  1 1  1 0
 0  0  0 0  0 1
 0  0  1 0  0 0
 0 -1 -1 0 -1 0
 0 -1  0 0  0 0
 0  1  1 1  0 0
1,1;1,1;1;1 1 9
60 
#1 
6	% 
 0  0 0  0  0 -1
 1  0 0  0  0  1
 0  0 0 -1  0  0
 0  0 1  1  1  0
 0  0 0  0  1  0
 0 -1 0 -1 -1  0
1,1;1,1;1;1 1 8
120 
#1 
6	% 
  0 0  0  0  0 1
 -1 0  0 -1 -1 0
  1 0  0  0  1 0
  0 1  0  0  0 0
  0 0 -1  0  0 0
 -1 0  0 -1  0 0
1,1;1,1;1,1 1 4
120 
#1 
6	% 
  0  0 0  0  0 1
 -1  0 0 -1 -1 0
  1  0 0  0  1 0
  0  0 1  0  0 0
  0 -1 0  0  0 0
 -1  0 0 -1  0 0
1,1,1;1,1;1 1 9
120 
#1 
6	% 
 -2  0  0 -1 -1 0
 -1  0  0  0  0 1
  3  0  0  1  1 0
 -1  0  0 -1  0 0
  0  0 -1  1 -1 0
  0 -1 -1  0  0 0
1,1,1;1;1;1 1 19
40 
#1 
6	% 
  1 0 0 0  0 0
  0 0 0 0  0 1
 -1 0 0 0 -1 0
  1 1 0 0  0 0
  1 0 1 0  0 0
  1 0 0 1  0 0
2-2;1,1,1;1 1 5
80 
#1 
6	% 
 0  0 0  0  0 -1
 0 -1 0  0  0  0
 0  0 1  0  0  0
 0  1 1  0 -1  1
 0  1 1 -1  0  1
 1  1 1  0  0  1
1,1;1,1;1;1 1 36
120 
#1 
6	% 
  0 0 0  0 0 1
  1 0 0  0 0 0
  1 0 1  0 0 0
 -1 0 0  0 1 0
  1 0 0 -1 0 0
  1 1 0  0 0 0
4-3';1,1 1 2
96 
#1 
6	% 
  1  1  1 -1 -1  1
  0  0  1 -2 -1  1
  1  0  2 -1  0  1
 -2 -1 -1  0  0 -1
  1  2  0  0 -1  1
  0 -1  0  1  2 -1
1,1,1,1;1;1 1 5
60 
#1 
6	% 
  1  0 0  0 0  0
  0  0 0  0 0  1
  1  0 0  0 1  1
 -1  0 1  0 0 -1
  1 -1 0  0 0  1
 -1  0 0 -1 0 -1
2-1;1,1;1;1 1 26
60 
#1 
6	% 
 0 0  0  0  0 -1
 1 0  0  0  0  1
 0 0  0  0 -1  0
 0 0  0 -1  0  0
 0 0 -1  0  0  0
 0 1  0  0  0  0
3;1,1,1 1 3
40 
#1 
6	% 
  1  0 0 0 0  0
  0  0 0 0 0  1
  1  0 0 0 1  1
  1  0 0 1 0  1
 -1  0 1 0 0 -1
 -1 -1 0 0 0 -1
2-1;1,1;1;1 1 24
240 
#2 
6	% 
 0 0  0  0  0 -1
 1 0  0  0  0  0
 0 0  0  0 -1 -1
 0 1  0  0  0  1
 0 0  0 -1  0 -1
 0 0 -1  0  0  1
6	% 
 1 0  0  0  0 0
 0 0  0  0  0 1
 0 0  0  0 -1 0
 0 1  0  0  0 0
 0 0  0 -1  0 0
 0 0 -1  0  0 0
1,1;1,1;1;1 1 2
240 
#3 
6	% 
 0 0 1 -1 0 1
 0 1 0  0 0 0
 0 0 0  0 1 0
 1 0 0  0 0 0
 0 0 0  1 0 0
 0 0 1  0 0 0
6	% 
 -1 -1 0 0  1 0
  0  0 0 1  0 0
  0  0 0 0  0 1
  0  0 1 0  0 0
  1  0 0 0 -1 0
 -1 -1 0 0  0 0
6	% 
 -1 -1 0  0  1 0
  0  0 0 -1  0 0
  0  0 1  1  0 0
  0  0 0  0  0 1
  1  0 0  0 -1 0
 -1 -1 0  0  0 0
1,1,1;1,1;1 1 4
80 
#2 
6	% 
  0  0  1 0  0 1
  0  0  1 0  0 0
  0  0 -1 1  0 0
  0 -1  0 0  0 0
 -1 -1  0 0  1 0
  0 -1  0 0 -1 0
6	% 
  0 -1  0  0 -1  0
 -1  0  0  0 -1  0
  1  1  0  0  1  0
  0  0 -1  0  0 -1
  0  0 -1  1  0 -1
  0  0 -1 -1  0  0
2-2;1,1,1;1 1 4
40 
#1 
6	% 
  0 0 1  0 0  1
  0 0 0 -1 0  0
  0 0 0  0 0 -1
  0 0 0  0 1  0
  0 1 0  0 0  0
 -1 0 0  0 0  0
1,1;1,1;1;1 1 16
240 
#2 
6	% 
 0 0  0  1 -1  1
 1 0  0  0  0  0
 0 0 -1  0  0  0
 0 0  0 -1  0 -1
 0 1  0  0  0  0
 0 0  0  0 -1  1
6	% 
 -1 0  0 -1 -1 0
  0 0  0  0  0 1
  0 0  1  0  0 0
  1 1 -1  1  0 0
  0 1  0  0  0 0
 -1 1 -1  0 -1 0
1,1,1;1,1;1 1 7
240 
#2 
6	% 
 0 1 -1  0  0 0
 0 0  0 -1  1 0
 0 0  0  2 -2 1
 1 0  0  0  1 0
 1 0  0  0  0 0
 0 1  0  0  0 0
6	% 
  0 -1 -1  0  0  0
  2  0  0  1  1  0
 -3  0  0 -2 -2  0
  1  0  0  0  1 -1
  0  0  0  0  0 -1
  0 -1  0  0  0  0
2-2;1,1;1,1 1 4
80 
#1 
6	% 
 0  1 -1  0  0  1
 0  0  1  0  0 -1
 0 -1  0  0  0 -1
 0  0  0  0 -1  0
 0  0  0 -1  0  0
 1  0  0  0  0  0
2-1;1;1;1;1 1 22
60 
#1 
6	% 
 1 0  0  0  0 0
 0 0  0  0  0 1
 0 0  0  0 -1 0
 0 0  0 -1  0 0
 0 0 -1  0  0 0
 0 1  0  0  0 0
4-1;1,1 1 1
5 
#1 
6	% 
 0 0 1 0 0  0
 0 1 0 0 0  0
 0 0 0 0 1  0
 0 0 0 1 0  0
 0 0 0 0 0 -1
 1 0 0 0 0  1
2-1,2-1;1,1 1 1
60 
#1 
6	% 
 0 0 0 0 -1  0
 0 0 0 1  0  0
 0 0 1 0  0  0
 0 1 0 0  0  0
 0 0 0 0  0 -1
 1 0 0 0  0  1
2-1;2-1;1,1 1 6
30 
#1 
6	% 
 0 0 0 0 0 -1
 1 0 0 0 0  1
 0 0 0 1 0  0
 0 0 1 0 0  0
 0 0 0 0 1  0
 0 1 0 0 0  0
4-1;1;1 1 1
5 
#1 
6	% 
 0 0 1 0 0 0
 0 1 0 0 0 0
 0 0 0 0 1 0
 0 0 0 1 0 0
 1 0 0 0 0 0
 0 0 0 0 0 1
2-1;2-1;1;1 1 11
30 
#1 
6	% 
 1 0 0  0  0 0
 0 0 0  0  0 1
 0 0 0 -1  0 0
 0 0 1  0  0 0
 0 0 0  0 -1 0
 0 1 0  0  0 0
4-1';1;1 1 1
60 
#1 
6	% 
 0 0 0 -1  0 0
 0 0 0  0 -1 0
 0 0 1  0  0 0
 0 1 0  0  0 0
 1 0 0  0  0 0
 0 0 0  0  0 1
2-1,2-1;1;1 3 1
30 
#1 
6	% 
 0 0 0 1 0 0
 0 0 0 0 1 0
 0 0 1 0 0 0
 0 1 0 0 0 0
 1 0 0 0 0 0
 0 0 0 0 0 1
2-1,2-1;1,1 3 1
30 
#1 
6	% 
 0 -1  0 -1 -1  0
 0  0 -1 -1  1  0
 0  1 -1  0  1  0
 0  1  1  1  0  0
 0  0  0  0  0 -1
 1  0  0  0  0  1
2-1,2-1;1;1 1 1
60 
#1 
6	% 
 0  0 -1  0  0 0
 0 -1  0  0  0 0
 0  0  0 -1  0 0
 0  0  0  0 -1 0
 1  0  0  0  0 0
 0  0  0  0  0 1
2-1,2-1;1;1 2 1
60 
#1 
6	% 
 0 1 0  1 -1 0
 0 0 1 -1 -1 0
 0 0 0  0  1 0
 0 0 0  1  0 0
 1 0 0  0  0 0
 0 0 0  0  0 1
4-1';1,1 1 1
60 
#1 
6	% 
 0 0 0 -1  0  0
 0 0 0  0 -1  0
 0 0 1  0  0  0
 0 1 0  0  0  0
 0 0 0  0  0 -1
 1 0 0  0  0  1
2-1,2-1;1,1 2 1
60 
#1 
6	% 
 0 1 0  1 -1  0
 0 0 1 -1 -1  0
 0 0 0  0  1  0
 0 0 0  1  0  0
 0 0 0  0  0 -1
 1 0 0  0  0  1
2-2;1,1;1;1 1 5
120 
#2 
6	% 
 0  1 1 1 -1 0
 1  0 0 0  0 0
 0  0 0 0  0 1
 0  0 0 0  1 0
 0  0 1 0  0 0
 0 -1 0 0  0 0
6	% 
 0  1 1 0 -1 1
 1  0 0 0  0 0
 0  0 0 1  0 0
 0  0 0 0  1 0
 0  0 1 0  0 0
 0 -1 0 0  0 0
1,1;1;1;1;1 1 1
15 
#2 
6	% 
 0 1 0 0 0 0
 0 0 1 0 0 0
 1 0 0 0 0 0
 0 0 0 1 0 0
 0 0 0 0 1 0
 0 0 0 0 0 1
6	% 
 0 1 0 0 0 0
 0 0 0 0 0 1
 1 0 0 0 0 0
 0 0 1 0 0 0
 0 0 0 1 0 0
 0 0 0 0 1 0
1,1;1;1;1;1 1 9
120 
#2 
6	% 
 0 1 1  1 0 0
 0 0 0  0 0 1
 0 0 0  0 1 0
 0 0 0 -1 0 0
 1 0 0  0 0 0
 0 0 1  0 0 0
6	% 
 0 0 0  0 0 -1
 1 0 0  0 0  0
 0 0 0  0 1  0
 0 1 0  0 0  1
 0 0 1  0 0  0
 0 0 0 -1 0 -1
2-2;1,1;1;1 1 6
120 
#2 
6	% 
 0  0 0 0 -1 0
 1  0 0 0  1 0
 0  0 0 0  0 1
 0  0 0 1  0 0
 0  0 1 0  0 0
 0 -1 0 0  0 0
6	% 
 0 1  0 0 0 0
 0 0  0 0 0 1
 1 0  0 0 0 0
 0 0  0 0 1 0
 0 0  0 1 0 0
 0 0 -1 0 0 0
1,1;1;1;1;1 1 2
80 
#2 
6	% 
 0 1  1 -1 0 0
 1 0  0  0 0 0
 0 0  0  0 0 1
 0 0  0  0 1 0
 0 0 -1  1 0 0
 0 1  1  0 0 0
6	% 
 0 1 0 -1 0  1
 1 0 0  0 0  0
 0 0 1  0 0  0
 0 0 0  0 1  0
 0 0 0  1 0 -1
 0 1 0  0 0  1
1,1;1;1;1;1 1 3
60 
#2 
6	% 
 0 0  1 1 0 0
 0 0 -1 0 0 0
 0 0  0 0 0 1
 0 1  0 0 0 0
 0 0  0 0 1 0
 1 0  0 0 0 0
6	% 
 0 0 0 0 0 -1
 0 0 0 1 0  1
 1 0 0 0 0  0
 0 1 0 0 0  0
 0 0 0 0 1  0
 0 0 1 0 0  0
1,1;1;1;1;1 1 11
60 
#1 
6	% 
 1 0 0  0  0 0
 0 0 0  0  0 1
 0 0 0  1  0 0
 0 0 1 -1 -1 0
 0 1 0  1  1 0
 0 0 0  0 -1 0
3;1,1;1 2 1
30 
#2 
6	% 
 0  0 0 0 1 0
 0  0 0 1 0 0
 0  0 1 0 0 0
 0 -1 0 0 0 0
 1  1 0 0 0 0
 0  0 0 0 0 1
6	% 
 0 0 0 0 1 0
 0 0 0 1 0 0
 0 1 0 0 0 0
 0 0 1 0 0 0
 0 0 0 0 0 1
 1 0 0 0 0 0
3;1,1;1 1 6
80 
#2 
6	% 
 -1 -1 -1 -1 -1 0
  0  0  0  0  0 1
 -1  0 -1 -1 -1 0
 -1 -1  0 -1 -1 0
  1  1  1  0  1 0
  1  1  1  1  0 0
6	% 
 0  1  1 -1 -1  1
 1  0  0  0  0  0
 0  1  1 -1  0  1
 0  1  1  0 -1  1
 0 -1  0  1  1 -1
 0  0 -1  1  1 -1
2-2;1,1;1;1 1 7
80 
#1 
6	% 
  0  0  0  0  0 1
  0  1  0  0  0 0
 -1  0  0  0  0 0
 -1 -1  0  0 -1 0
 -1 -1  0 -1  0 0
 -1 -1 -1  0  0 0
1,1;1;1;1;1 1 46
80 
#2 
6	% 
 1  0 0  0  0 0
 0  0 0  0  0 1
 0  0 0  0 -1 0
 0 -1 0  0  0 0
 0  0 0 -1  0 0
 0  0 1  0  0 0
6	% 
 0  0  0 0 0 1
 1  0  0 0 0 0
 0  0  0 0 1 0
 0  0 -1 0 0 0
 0  0  0 1 0 0
 0 -1  0 0 0 0
4-3;1;1 1 3
16 
#1 
6	% 
  0 0  0 0 0 1
  0 0  0 0 1 0
  0 0  0 1 0 0
  0 0 -1 0 0 0
  0 1  0 0 0 0
 -1 0  0 0 0 0
3;1;1;1 2 3
10 
#1 
6	% 
 0 0 0 1 0 0
 1 0 0 0 0 0
 0 0 1 0 0 0
 0 0 0 0 0 1
 0 0 0 0 1 0
 0 1 0 0 0 0
3;1,1;1 2 4
20 
#1 
6	% 
 0  0 0 1 0 0
 0  0 1 0 0 0
 1  0 0 0 0 0
 0  0 0 0 0 1
 0  0 0 0 1 0
 0 -1 0 0 0 0
3;2-1;1 2 1
10 
#1 
6	% 
 1 0 0 0 0 0
 0 0 0 0 1 0
 0 1 0 0 0 0
 0 0 0 1 0 0
 0 0 1 0 0 0
 0 0 0 0 0 1
3;1;1;1 2 1
10 
#1 
6	% 
 0 0 0 0 1 0
 0 0 0 1 0 0
 0 1 0 0 0 0
 1 0 0 0 0 0
 0 0 1 0 0 0
 0 0 0 0 0 1
1,1;1;1;1;1 1 25
15 
#1 
6	% 
 0 0 0  0 0 -1
 1 0 0  0 0  1
 0 0 0  0 1  0
 0 0 0 -1 0  0
 0 1 0  0 0  0
 0 0 1  0 0  0
1;1;1;1;1;1 1 7
15 
#1 
6	% 
 1 0 0 0 0 0
 0 0 0 0 0 1
 0 0 0 1 0 0
 0 0 0 0 1 0
 0 1 0 0 0 0
 0 0 1 0 0 0
1;1;1;1;1;1 1 2
10 
#1 
6	% 
 1 0 0 0 0 0
 0 0 0 0 0 1
 0 0 1 0 0 0
 0 0 0 0 1 0
 0 0 0 1 0 0
 0 1 0 0 0 0
1;1;1;1;1;1 1 1
1 
#1 
6	% 
 1 0 0 0 0 0
 0 1 0 0 0 0
 0 0 1 0 0 0
 0 0 0 1 0 0
 0 0 0 0 1 0
 0 0 0 0 0 1
2-2;1;1;1;1 1 5
40 
#1 
6	% 
 1  0 0 0 0 0
 0  0 0 0 0 1
 0  0 0 1 0 0
 0  0 0 0 1 0
 0  0 1 0 0 0
 0 -1 0 0 0 0
3;1,1;1 1 12
40 
#1 
6	% 
 0 -1  0  0 -1  0
 0 -1  0 -1  0  0
 0  1 -1  0  0  0
 0  0  0  0  0 -1
 1  0  0  0  0  1
 0  1  0  0  0  0
1,1;1;1;1;1 1 48
10 
#1 
6	% 
 0  0  0 0 0 -1
 1  0  0 0 0  1
 0  0 -1 0 0  0
 0  0  0 1 0  0
 0  0  0 0 1  0
 0 -1  0 0 0  0
1;1;1;1;1;1 1 30
10 
#1 
6	% 
 1  0 0  0  0 0
 0  0 0  0  0 1
 0  0 0  0 -1 0
 0  0 1  0  0 0
 0 -1 0  0  0 0
 0  0 0 -1  0 0
2-2;1,1;1;1 1 8
40 
#1 
6	% 
 0  0 0 0 0 1
 0  0 0 1 0 0
 0  0 1 0 0 0
 0  0 0 0 1 0
 0 -1 0 0 0 0
 1  0 0 0 0 0
2-2;1;1;1;1 1 7
40 
#1 
6	% 
 0  0 0 0 0 1
 0  0 0 1 0 0
 0  0 1 0 0 0
 0  0 0 0 1 0
 0 -1 0 0 0 0
 1  0 0 0 0 0
2-2;1,1;1;1 1 11
80 
#1 
6	% 
  0 0  0 0 0 -1
  0 1  0 0 0  1
  0 0 -1 0 0 -1
  0 0  0 0 1  0
  0 0  0 1 0  0
 -1 0  0 0 0  0
4-3;1,1 1 2
16 
#1 
6	% 
  1  1  1 -1 -1  1
 -1 -1 -1  1  0 -1
  1  1  1  0 -1  1
  1  1  0 -1 -1  1
  1  0  1 -1 -1  1
  0 -1 -1  1  1 -1
3;1;1;1 1 7
40 
#1 
6	% 
 1  0 0 0 0 0
 0  0 0 0 0 1
 0  0 0 0 1 0
 0  0 0 1 0 0
 0  0 1 0 0 0
 0 -1 0 0 0 0
