#78

3;1;1;1 2 2
1 
#1 
6	% 
 1 0 0 0 0 0
 0 1 0 0 0 0
 0 0 1 0 0 0
 0 0 0 1 0 0
 0 0 0 0 1 0
 0 0 0 0 0 1
1,1,1,1,1,1 1 1
1 
#1 
6	% 
 1 0 0 0 0 0
 0 1 0 0 0 0
 0 0 1 0 0 0
 0 0 0 1 0 0
 0 0 0 0 1 0
 0 0 0 0 0 1
1,1,1,1,1;1 1 2
10 
#3 
6	% 
 -1  1  0  0 0  0
 -1  0  0  0 0  0
 -1  0 -1  0 0  1
  0  1  0  1 1 -1
  1 -1  0 -1 0  0
 -1  1  0  1 1  0
6	% 
  0 0 0  1  0  0
  1 0 0  0  0  0
  0 0 0  0  1  0
  1 1 1  1  1  1
 -1 0 0 -1 -1 -1
  1 0 1  1  1  0
6	% 
 0  0  0 -1  0  0
 1  0  0  0  0  0
 0 -1 -1 -1  0  1
 0  0  1 -1 -1  1
 0  1  0  2  1 -1
 0 -1  0 -1  0  1
1,1,1,1,1;1 1 1
2 
#1 
6	% 
 0  0  0  0 -1  0
 0 -1 -1  0 -1 -1
 0 -1  0 -1 -1 -1
 0  0 -1 -1  0 -1
 0  1  1  1  1  1
 1  0  0  0  0  0
2-1;1,1,1,1 1 2
3 
#1 
6	% 
  0  1  1  0  0 -1
  0  1  0  0  0  0
  1  1 -1  0  1 -1
  1  1  0  0  1 -1
  0  0  0 -1 -1  0
 -1 -1  0  0  0  1
1,1,1;1,1,1 1 2
16 
#4 
6	% 
  0  1 0 0 0  0
  1  1 1 0 0 -1
  0  0 0 0 1  0
  0  0 0 1 0  0
 -1 -1 0 0 0  1
  1  1 1 0 0  0
6	% 
 -1  1  0 0  0  0
  0 -1  0 0 -1  0
  0  0  0 1  1 -1
  0  0 -1 0  0  1
  0  0  1 0  0  0
  0  0  1 0 -1  0
6	% 
  0  1  0  0  0  0
  1  1  1  0 -1  1
  0  0 -1 -1 -1  1
  0  0  0  1 -1  0
 -1 -1  0  0  1 -1
  1  1  1  0  0  0
6	% 
  0 0  0 -1 -1  0
 -1 0  0  0 -1  0
  0 1 -1  0  1 -1
  0 0 -1  0  0  1
  0 0  1  0  0  0
  0 0  1  0 -1  0
1,1,1,1;1,1 1 3
12 
#2 
6	% 
  0  1  0  0  0  0
 -1 -1 -1 -2  0 -1
  0  0  0  0  2 -1
  1  0  0  1 -2  1
 -1  0 -1 -1 -2  0
  0  0  1  0  1  0
6	% 
  0  1  0  0 -1  0
 -1 -1 -1  0 -2  1
  0  0  1  1  0  1
  1  0  0 -1  1 -1
 -1  0 -1 -1 -1  0
  0  0  1  1 -1  1
1,1,1,1;1,1 1 2
26 
#5 
6	% 
  0  0 -1 -1  0  0
  0  1 -2 -1  1 -1
  0 -1 -1 -1  0  0
  1  0  0  0  0  0
 -1  0  2  1 -1  0
 -1  0 -2 -1  0  0
6	% 
 0  0  0 -1  0  0
 0 -1 -1 -1 -1 -1
 0 -1  0  0  0  0
 1  0  0  0  0  0
 0  1  1  1  0  0
 0 -1  0 -1  0 -1
6	% 
 -1 -1 1 0 -1  1
  0 -1 0 0  0  0
 -1 -1 0 0 -1  2
  0  0 0 1  1  0
  1  1 0 0  0 -1
 -1 -1 0 0 -1  1
6	% 
  1  0  0  0  0  0
  1  0  0 -1  0  0
  1  1  1  0 -1  1
  0  0 -1  2  2  1
 -1 -1  0  0  0 -1
  1  1  1 -1 -1  0
6	% 
 0 -1  0 -1 0  0
 0  0 -1  0 1 -1
 0 -1  0  0 0  0
 1  0  0  0 0  0
 0  1  1  1 0  0
 0 -1 -1  0 1  0
2-1;1,1,1;1 1 5
6 
#2 
6	% 
 -1  0 -1 0 1 -1
 -1 -1 -1 0 1 -1
  1  0  0 0 0  1
  0  0  0 1 0  0
  0  0  0 0 1  0
  1  0  1 0 0  0
6	% 
 1 1 1 0  0 -1
 1 0 0 0  0  0
 0 0 1 0 -1  0
 0 0 0 1  1  0
 0 0 0 0 -1  0
 0 0 0 0  0 -1
1,1,1,1;1,1 1 1
1 
#1 
6	% 
 0  0 -1 -1  0 -1
 0  0  0 -1 -1 -1
 0  0 -1  0 -1 -1
 0  0  1  1  1  1
 0 -1  0  0  0  0
 1  1  0  0  0  0
2-1;1,1,1;1 1 2
6 
#1 
6	% 
 0 -1 1 0 -1  1
 0 -1 0 0 -1  2
 1  0 0 0  0  0
 0 -1 0 0 -1  1
 0  0 0 1  1  0
 0  1 0 0  0 -1
1,1,1;1,1,1 1 3
12 
#1 
6	% 
 -1  0 -1  0 -4  1
  0 -1  1  0 -1  1
  0  1 -1  0 -2  0
  1 -1  0 -1  2 -1
  0  1  0  0  3 -1
 -1 -1 -1 -1 -2  0
2-1;1,1;1,1 1 4
6 
#1 
6	% 
 0  1  0 0  0  0
 1  0  1 0  0 -1
 0 -1  0 0  0 -1
 0  0  0 1  1  0
 0  0  0 0 -1  0
 0 -1 -1 0  0  0
2-1;1,1;1,1 1 2
3 
#1 
6	% 
 0  0 1 0 -1  1
 0 -1 0 0  0  0
 1  1 0 0  0  0
 0  0 0 0 -1  1
 0  0 0 1  1  0
 0  0 0 0  0 -1
2-2;1,1,1,1 1 2
4 
#1 
6	% 
  1 0  0 1 0  1
  1 0  0 0 0  0
  1 1  0 0 0  0
 -1 0  0 0 1 -1
  1 0 -1 1 1  0
 -1 0  0 0 0 -1
1,1,1,1;1;1 1 2
20 
#3 
6	% 
 0 0 -1 -1 0  0
 0 1 -1  0 1 -1
 0 0 -2 -1 0  1
 1 0  0  0 0  0
 0 0  2  1 0  0
 0 0 -2 -1 1  0
6	% 
 0 1  0 0 0 0
 0 0  0 1 0 0
 0 0  0 0 1 0
 1 0  0 0 0 0
 0 0  0 0 0 1
 0 0 -1 0 0 0
6	% 
 0  0  0 -1  1  0
 0 -1  0  0  2  0
 0 -1 -1 -1 -1  1
 1  0  0  0  0  0
 0  1  0  1  0 -1
 0 -1 -1 -1  1  0
1,1,1,1;1;1 1 6
3 
#1 
6	% 
  1  1 -1  0  1 -1
  1  0  0  0  0  0
  0  1  0  0  0  0
 -1 -1  0  0 -1  1
  1  1  0  1  1 -1
  0  0  0 -1 -1  0
1,1,1;1,1;1 1 6
18 
#2 
6	% 
 0 0  2 0 -1  0
 0 1  1 0  0 -1
 0 0 -3 0  1  1
 1 0  1 1  0  0
 1 0  0 0  0  0
 0 0  1 0 -1  0
6	% 
  2  2 0  2  1 0
  1  1 0  0  0 0
 -2 -3 0 -2 -1 0
  1  1 1  1  0 0
  0  0 1  0 -1 1
  1  1 0  1  0 0
1,1,1;1,1;1 1 7
48 
#4 
6	% 
 0 0 -2 -2 -1  2
 0 0 -1 -2 -1  1
 0 1  2  4  2 -2
 1 0  0 -1 -1  1
 1 0  0  0  0  0
 0 0 -1 -1  0  1
6	% 
 0 0 -2 -2 1 -2
 0 0 -1 -2 0 -1
 1 0  2  4 0  2
 0 1  0 -1 0 -1
 0 1  0  0 0  0
 0 0 -1 -1 1 -1
6	% 
 -2  0 -1  0  2 -1
 -2  0 -1 -1  2 -1
  5  0  2  2 -4  2
 -1 -1 -1 -1  1 -1
  0 -1 -1 -1  0 -1
 -1  0  0  0  1 -1
6	% 
 0 0  1  2  1 -1
 0 0  2  2  1 -2
 0 1 -4 -4 -2  4
 0 0  1  1  0 -1
 1 0  0  0  0  0
 0 0  0  1  1 -1
1,1,1;1,1;1 1 2
10 
#3 
6	% 
 0 0  2 0 -1  0
 0 0  2 1  0 -1
 0 0 -3 0  1  1
 1 0  0 0  0  0
 0 1  0 0  0  0
 0 0  1 0 -1  0
6	% 
 0 0 -1 0  0 -1
 0 0  0 1  1  0
 0 0  1 0 -1  1
 1 0  0 0  0  0
 0 1  0 0  0  0
 0 0  0 0  0 -1
6	% 
 0 0 -2  1  1 0
 0 0 -1  1  0 1
 0 0  2 -2 -1 0
 1 0  0  0  0 0
 0 1  0  0  0 0
 0 0 -1  1  1 0
1,1,1;1,1;1 1 9
24 
#4 
6	% 
  2  2  1  0 -1  1
  1  1  0  0  0  0
 -2 -3 -1  0  1 -1
  1  1  1  1  0  0
  0  0  0 -1  0  0
  0  0  0  0  1  0
6	% 
  2  2  1  0 0 -1
  1  1  0  0 0  0
 -2 -3 -1  0 0  1
  1  1  1  1 0  0
  0  0  0 -1 0  0
  0  0  0  0 1  0
6	% 
  2  2  0  2  1 0
  1  1  0  0  0 0
 -2 -3  0 -2 -1 0
  1  1  0  1  0 0
  0  0  0  0  1 1
  0  0 -1  0  0 1
6	% 
  2  2  0  2  1  0
  1  1  0  0  0  0
 -2 -3  0 -2 -1  0
  1  1  0  1  0  0
  0  0  0  0  2 -1
  0  0 -1  0  1 -1
1,1,1,1;1;1 1 5
12 
#2 
6	% 
 -1  0  1  0 -1  1
 -1 -1  1  0 -1  1
  0  0  1  1 -1  2
  1  0 -2 -1  1 -2
 -1  0  2  1 -2  2
  0  0 -2 -1  1 -1
6	% 
 -1  0  1  0  0 -1
 -1 -1  1  0  0 -1
  0  0  1  1  1 -2
  1  0 -2 -1 -1  2
 -1  0  2  1  0 -2
  0  0 -2 -1  0  1
1,1,1;1,1;1 1 5
36 
#6 
6	% 
 0  2  1  1 0  1
 0  2  0  1 1  0
 0 -3 -1 -1 0 -1
 0  1  1  0 0  0
 1  0  0  0 0  0
 0  0  1  0 0 -1
6	% 
  2 0  1  0 -1  1
  1 0  0  0  0  0
 -3 1 -1  0  1 -1
  1 0  1  0 -1  0
  0 0  0 -1 -1  0
  0 0  1  0  0 -1
6	% 
 0 0 -1 0  0  1
 1 0  0 0  0  0
 0 1  2 0  0 -2
 0 0  0 1  0  1
 0 0  0 1  1  0
 0 0  1 0 -1  1
6	% 
 0  2  1 1 0 -1
 0  1  0 0 0  0
 0 -3 -1 0 0  1
 1  1  1 1 0  0
 1  0  0 0 0  0
 0  0  0 1 1  0
6	% 
 -2 0 -1  1  1 -1
 -2 0  0  1  0  0
  3 0  1 -1 -1  1
 -1 1  0  1  1 -1
  0 1  1  0  0 -1
  0 0  0  1  1  0
6	% 
 0  2  1 0 -1  1
 0  1  0 0  0  0
 1 -3 -1 0  1 -1
 0  1  1 1  0  0
 0  0  1 2  0 -1
 0  0  0 1  1  0
2-2;1,1,1;1 1 5
4 
#1 
6	% 
  1  0  0  0  0  0
  1  1  1 -1 -1  0
 -1 -1  0  1  1 -1
 -2 -1 -1  1  2 -1
 -2 -1 -1  1  1 -1
 -2 -1  0  2  1  0
1,1,1,1;1;1 1 4
6 
#2 
6	% 
 0  1  0 0  0  0
 1  0  0 0  0  0
 0 -3  0 1 -1  0
 0  2  0 0  1  0
 0 -1 -1 0  0  0
 0 -1  0 0  0 -1
6	% 
  1 1  1 0  0 -1
  1 0  0 0  0  0
 -2 0 -3 0  1  1
  0 0  2 0 -1  0
  0 0 -1 0  1  0
  0 0 -1 1  1  0
1,1,1;1,1;1 1 3
32 
#5 
6	% 
 0 0 -2 -1  0 0
 0 0 -1 -1 -1 1
 0 0  2  2  1 0
 0 0 -1 -1  0 0
 0 1  0  0  0 0
 1 0  0  0  0 0
6	% 
 0  0 -2  0  1 0
 0 -1 -1  0  0 1
 0  1  2  0 -1 0
 0  0 -1  0  0 0
 0  0  0 -1 -1 0
 1  0  0  0  0 0
6	% 
 0 0  0 0  1  0
 0 0  1 0  0  0
 0 0 -1 0 -2 -1
 0 1  0 1  1  0
 0 1  0 0  0  0
 1 0  0 0  0  0
6	% 
 0  0 0  0 -1 0
 0  1 0  0  0 0
 0 -1 0 -1  0 0
 0  0 1  0 -1 0
 0  0 1  0 -1 1
 1  0 0  0  0 0
6	% 
 0 0 -1  0 0 -1
 0 0  0  1 1  0
 0 0  1 -1 0  1
 0 1  0  0 0 -1
 0 1  0  0 0  0
 1 0  0  0 0  0
1,1,1;1,1;1 1 8
24 
#2 
6	% 
 0 0 -1  1  2 -1
 0 0 -1  2  2 -1
 0 1  3 -4 -6  3
 0 0  0  1  1  0
 0 0 -1  1  1  0
 1 0  0  0  0  0
6	% 
 0  0 -1  0  0  1
 0  2  1  2  1 -1
 0 -3 -1 -4 -2  1
 0  0  0  0  1  1
 0  1  0  1 -1 -1
 1  0  0  0  0  0
2-2;1,1,1;1 1 3
8 
#1 
6	% 
 0  1  0  0  0  0
 0  0  2  1  1 -3
 1  0  0  0  0  0
 0 -1 -2 -1 -1  2
 0  1  2  1  0 -2
 0 -1 -1  0 -1  3
1,1,1,1;1;1 1 1
1 
#1 
6	% 
 0 0 -1 -1  0 -1
 0 0 -1  0 -1 -1
 0 0  0 -1 -1 -1
 0 0  1  1  1  1
 1 0  0  0  0  0
 0 1  0  0  0  0
1,1;1,1;1;1 1 3
24 
#3 
6	% 
 0 1  2  0  0 -2
 0 0  0 -1  0  0
 1 0  0  0  0  0
 0 0 -1  0  0  1
 0 0  1  0 -1  0
 0 0  1  1  0  0
6	% 
 0 -3 0 -2  0 0
 0  0 0  1  1 0
 1  0 0  0  0 0
 0  2 0  1  0 0
 0 -1 0 -1 -1 1
 0 -1 1 -1 -1 0
6	% 
 0 1  2  0 -2  2
 0 0  0 -1  0  0
 1 0  0  0  0  0
 0 0 -1  0  1 -1
 0 0  1  1 -1  0
 0 0  1  2  0  0
1,1;1,1;1;1 1 16
48 
#4 
6	% 
 0 -1 -1  0  0  1
 1  0  0  0  0  0
 0  0 -1 -1  0 -1
 0  1  1  1  0  0
 0  0  1  1 -1  1
 0 -1  0  1  0  1
6	% 
 0 -1 -1  0  1 -1
 1  0  0  0  0  0
 0  0 -1 -1 -1  1
 0  1  2  1  0 -1
 0  0  1  1  0 -1
 0 -1  1  1  1 -2
6	% 
 0 -1  0 -2 -1  0
 1  0  0  0  0  0
 0  0  1  0  1  0
 0  1 -1  1 -1 -1
 0  0  0  0 -1 -1
 0 -1 -1 -1 -2 -1
6	% 
 0 -1  0 -2 -1 0
 1  0  0  0  0 0
 0  0  1  0  1 0
 0  1 -1  1 -2 1
 0  0  0  0 -2 1
 0 -1 -1 -1 -3 1
2-2;1,1,1;1 1 6
4 
#1 
6	% 
 1 0  0 0 0  0
 0 1  0 0 0  0
 0 0  0 1 0  0
 0 0 -1 1 1  0
 0 0 -1 0 1 -1
 0 0  1 0 0  0
1,1;1,1;1;1 1 5
6 
#2 
6	% 
 0 0  2 -1 -2  2
 1 0  0  0  0  0
 0 1  0  0  0  0
 0 0 -1  1  1 -1
 0 0  0 -1 -1  1
 0 0  1 -1 -1  0
6	% 
 0 0  3 0 -2 1
 1 0  0 0  0 0
 0 1  0 0  0 0
 0 0 -2 0  1 0
 0 0  1 0 -1 0
 0 0  1 1  0 0
1,1;1,1;1;1 1 9
12 
#2 
6	% 
 0 -1  0  0  0  0
 1  1  0  0  0  0
 0  0  1  1  0  0
 0  0 -1 -1  0 -1
 0  0  0 -1  0 -1
 0  0  1  1 -1  1
6	% 
 0 -1  0  0  0  0
 1  1  0  0  0  0
 0  0  0 -1 -1  0
 0  0  0  0  2 -1
 0  0  0 -1  0  0
 0  0 -1  0 -1  0
1,1,1;1;1;1 1 7
24 
#2 
6	% 
 0  1 -1  0 1 -1
 1  0  0  0 0  0
 0  1  0  1 0  1
 0 -1  0 -1 0  0
 0 -1 -1 -1 0  0
 0  1  0  1 1  0
6	% 
 0  1 -1  0 0  1
 1  0  0  0 0  0
 0  1  0  1 1 -1
 0 -1  0 -1 0  0
 0 -1 -1 -1 0  0
 0  1  0  1 1  0
1,1,1;1;1;1 1 12
6 
#2 
6	% 
 1 -1  0  0  0  0
 0 -1 -1  0  1 -1
 0  1  0  1  0  1
 0 -1 -1  0  0  0
 0  0  0 -1 -1  0
 0  0  0  1  0  0
6	% 
 -1  0 0  0  0 0
  0 -1 0  0  0 0
  0  0 0 -1 -1 1
  0  0 1  0  0 0
  0  0 0  1  1 0
  0  0 0 -1  0 0
1,1;1,1;1;1 1 12
24 
#2 
6	% 
  1  0 0  0 0  0
  0  1 0  0 0  0
  1 -1 0  1 1 -1
  0  1 1  0 0  0
  1  0 0  1 1  0
 -1  0 0 -1 0  0
6	% 
 1 0  0 0 0  0
 0 1  0 0 0  0
 0 0  0 0 0 -1
 0 0 -1 1 1  0
 0 0  0 1 0  0
 0 0  0 1 1  0
1,1;1,1;1,1 1 4
24 
#2 
6	% 
 -1  0  0 -2 -1  0
  0 -1 -1  0  1 -1
  0  1  0  0 -2  1
  1  0  0  1  1  0
 -1  0  0 -1  0  0
  0 -1 -1  0 -1  0
6	% 
 0 -1 -1  0 0  1
 1  0  0  0 1  0
 0  0 -1 -1 0 -1
 0  1  1  1 0  0
 0 -1  0  1 0  1
 0  0 -1 -1 1 -1
1,1;1,1;1,1 1 5
6 
#1 
6	% 
 1 0  0  0  0  0
 0 1  0  0  0  0
 0 0  0  0  2 -1
 0 0  0  1 -2  1
 0 0  1  0  1  0
 0 0 -1 -1 -2  0
1,1,1;1;1;1 1 13
6 
#1 
6	% 
  1  0 0  0 0 0
  0  1 0  0 0 0
  1  1 1  1 0 0
  0  0 0  0 0 1
  1  1 0  1 1 0
 -1 -1 0 -1 0 0
1,1,1;1;1;1 1 11
6 
#1 
6	% 
 0 1  0  0 0  0
 0 1 -1  0 1 -1
 1 0  0  0 0  0
 0 0  0 -1 0  0
 0 1 -1  0 1  0
 0 1 -1 -1 0  0
1,1,1;1;1;1 1 2
10 
#3 
6	% 
 0 0  0 1 1 -1
 0 0 -1 0 0  1
 1 0  0 0 0  0
 0 1  0 0 0  0
 0 0  1 0 0  0
 0 0 -1 0 1  0
6	% 
 0 0  0 1 -1 0
 0 0  0 0  1 0
 1 0  0 0  0 0
 0 1  0 0  0 0
 0 0  0 0  0 1
 0 0 -1 0  0 0
6	% 
 0 0 -1 -1 -1  1
 0 0  0  1 -1  0
 1 0  0  0  0  0
 0 1  0  0  0  0
 0 0  0  0  1 -1
 0 0 -1  0  0  0
1,1;1,1;1;1 1 18
12 
#1 
6	% 
 0 0  1  0 -1 1
 0 1  0  0  0 0
 1 0  0  0  0 0
 0 0  0 -1 -1 0
 0 0  1  0 -1 0
 0 0 -1  1  1 0
1,1;1,1;1,1 1 8
6 
#1 
6	% 
 0  1  0  0  0 0
 0  0  1  0 -1 1
 1  0  0  0  1 0
 0  0  1  0 -1 0
 0  1  0  1  0 0
 0 -1 -1 -1  0 0
1,1;1,1;1,1 1 3
12 
#2 
6	% 
 1 0  2  0  0 -2
 0 1  0  0  0  0
 0 0  0 -1  0  0
 0 0 -1  0  0  1
 0 0  1  0  0  0
 0 0  1  0 -1  0
6	% 
 0 0  2  5  5 -2
 0 1  0  0  0  0
 1 0  0  1  0  0
 0 0 -1 -3 -3  1
 0 0  1  2  1  0
 0 0  1  1  1  0
2-2;1,1;1,1 1 4
8 
#1 
6	% 
 -1  0 -1  0  0  1
  0  1  1 -1 -1  0
  0 -1  0  1  1 -1
  0 -1 -1  1  2 -1
  0 -1 -1  1  1 -1
  0 -1  0  2  1  0
1,1,1;1;1;1 1 3
12 
#2 
6	% 
 0  1 0  0  0 0
 0 -1 0 -1  0 0
 1  0 0  0  0 0
 0  0 1  0  0 0
 0  0 0  0 -1 0
 0  0 0  0  0 1
6	% 
 0 -1 -1  0  0 1
 0  1  2  0 -1 0
 1  0  0  0  0 0
 0  0  1  0 -1 0
 0  0 -2  0  1 0
 0  0  1 -1 -1 0
2-1;1,1;1;1 1 5
12 
#2 
6	% 
 0 -1 -1 0 1 -1
 1  0  0 0 0  0
 0  1  0 0 0  1
 0  0  0 1 0  0
 0  0  0 0 1  0
 0  1  1 0 0  0
6	% 
 0 -1 -1 0 0  1
 1  0  0 0 0  0
 0  1  0 0 1 -1
 0  0  0 1 0  0
 0  0  0 0 1  0
 0  1  1 0 0  0
2-1;1,1;1;1 1 7
3 
#1 
6	% 
 0 -1 0 0 0  0
 1  1 0 0 0  0
 0  0 0 1 0  0
 0  0 0 0 1  0
 0  0 0 0 1 -1
 0  0 1 0 0  0
1,1;1,1;1;1 1 7
3 
#1 
6	% 
 0 0 -1  2  2 1
 0 0  0  1  0 0
 1 0  0  0  0 0
 0 1  0  0  0 0
 0 0  1 -1 -1 0
 0 0  0  0  0 1
1,1;1,1;1,1 1 2
3 
#1 
6	% 
 0  0  0 1  1 0
 0 -1  0 0  0 0
 1  1  0 0  0 0
 0  0 -1 0  0 1
 0  0  1 0 -1 0
 0  0  1 0  0 0
1,1;1,1;1;1 1 23
6 
#1 
6	% 
 0 1  0  0  0  0
 1 0  0  0  0  0
 0 0  0  0  2 -1
 0 0  0  1 -2  1
 0 0  1  0  1  0
 0 0 -1 -1 -2  0
2-2;1,1;1,1 1 3
4 
#1 
6	% 
 0  0  0 0 -1  1
 0 -1  0 0  0  0
 1  1  0 0  0  0
 0  0  0 1  0  1
 0  0  0 1  1 -1
 0  0 -1 0  0  0
2-1;1,1;1;1 1 2
3 
#1 
6	% 
 0 0 1 0 -1  1
 1 0 0 0  0  0
 0 1 0 0  0  0
 0 0 0 0 -1  1
 0 0 0 1  1  0
 0 0 0 0  0 -1
1,1;1,1;1;1 1 15
6 
#1 
6	% 
 -1  0 -1  0  1 -1
  0 -1 -1  0  0  1
  1  1  1  0  0  0
  1 -1  0  0 -1  1
  0  0  0 -1 -1  0
  0  0  0  1  0  0
1,1;1,1;1;1 1 6
12 
#2 
6	% 
  1  0  0  0  0  0
  0 -3 -2  0  0  2
  2  2  2  0 -1  0
 -2  0 -1  0  1 -1
  1  1  1 -1 -1  0
  1  1  1  0 -1  0
6	% 
 0  1  0  0  0  0
 1  0  0  2  0  0
 0  2  1 -1 -1  1
 0 -2 -1  0  1 -1
 0  1  1 -1 -1  0
 0  1  0 -1 -1  1
1,1,1;1;1;1 1 4
4 
#2 
6	% 
  1 1  1  0  0 -1
 -1 0  0  0  0  0
  0 0 -1  0  0  1
  0 0  1 -1 -1 -1
  0 0  1  0 -1  0
  0 0  1 -1 -1  0
6	% 
 1  0  0 0  0  0
 0 -1  0 0  0  0
 0  2  1 0 -1  1
 0 -2 -1 1  1 -1
 0 -1 -1 1  1  0
 0 -1  0 1  1 -1
1,1;1,1;1;1 1 11
3 
#1 
6	% 
 0  0 1  0 -1  1
 0 -1 0  0  0  0
 1  1 0  0  0  0
 0  0 0  0  1 -1
 0  0 0 -1 -1  1
 0  0 0  1  1  0
3;1,1,1 2 2
1 
#1 
6	% 
 1 1  1  0  0 -1
 0 1  1  0  0 -1
 0 0  0  0  0 -1
 0 0  1  0 -1  1
 0 0 -1 -1  0 -1
 0 0 -1  0  0  0
1,1;1,1;1;1 1 22
6 
#1 
6	% 
 1  0 0  0  1 0
 0  1 0  0  0 0
 0  0 0  0  0 1
 0  0 1  0  0 0
 0 -1 0 -1 -1 0
 0  1 0  1  0 0
2-1;1;1;1;1 1 4
3 
#1 
6	% 
 1 0 0 0 0 0
 0 1 0 0 0 0
 0 0 0 0 0 1
 0 0 0 1 0 0
 0 0 0 0 1 0
 0 0 1 0 0 0
1,1;1;1;1;1 1 17
12 
#2 
6	% 
 0 1  0  0  0 0
 1 0  0  0  0 0
 0 0  0 -1 -1 1
 0 0 -1  0  0 0
 0 0  0 -1 -1 0
 0 0  0 -1  0 0
6	% 
 0 1  0  0  0  0
 1 0  0  0  0  0
 0 0  0 -1  0 -1
 0 0 -1  0  0  0
 0 0  0 -1 -1  0
 0 0  0 -1  0  0
1,1;1;1;1;1 1 24
3 
#1 
6	% 
 0 0 1  0 -1  1
 1 0 0  0  0  0
 0 1 0  0  0  0
 0 0 0 -1  0  0
 0 0 0  1  1 -1
 0 0 0  0  0  1
1,1;1;1;1;1 1 11
12 
#2 
6	% 
 1 0  0  0  0  0
 0 1  0  0  0  0
 0 0  1  1  0  0
 0 0 -1 -1 -1  1
 0 0  1  1  0 -1
 0 0  0 -1 -1  1
6	% 
 1 0  0  0  0  0
 0 1  0  0  0  0
 0 0  1  1  0  0
 0 0 -1 -1  0 -1
 0 0  1  1 -1  1
 0 0  0 -1  0 -1
1,1;1;1;1;1 1 14
12 
#1 
6	% 
 0 1  0  0  0 0
 1 0  0  0  0 0
 0 0  0 -1 -1 1
 0 0 -1  0  0 0
 0 0  0  1  0 0
 0 0  0  1  1 0
1,1;1;1;1;1 1 27
3 
#1 
6	% 
 1 0 0  0  0 0
 0 1 0  0  0 0
 0 0 0 -1 -1 1
 0 0 1  0  0 0
 0 0 0  1  1 0
 0 0 0 -1  0 0
1,1;1;1;1;1 1 6
8 
#2 
6	% 
 0 1 0 0  0 0
 1 0 0 0  0 0
 0 0 0 0 -1 0
 0 0 0 0 -1 1
 0 0 0 1  1 0
 0 0 1 0 -1 0
6	% 
 0 1  0  0  0  0
 1 0  0  0  0  0
 0 0 -1 -1 -1  1
 0 0  0  0 -1  1
 0 0  1  0  0 -1
 0 0  0 -1 -1  1
1,1;1;1;1;1 1 4
6 
#2 
6	% 
 0 0 -2 -1 1 -2
 1 0  0  0 0  0
 0 1  0  0 0  0
 0 0  1  1 0  1
 0 0  0 -1 0 -1
 0 0 -1 -1 0  0
6	% 
 0 0  3 0 -2 1
 1 0  0 0  0 0
 0 1  0 0  0 0
 0 0 -2 0  1 0
 0 0  1 0 -1 0
 0 0  1 1  0 0
1,1;1;1;1;1 1 7
1 
#1 
6	% 
 1 0 0  0 0 0
 0 1 0  0 0 0
 0 0 0 -1 0 0
 0 0 0  2 1 0
 0 0 0  1 0 1
 0 0 1  1 0 0
2-2;1,1;1;1 1 7
8 
#1 
6	% 
  0 1 0  0  0  0
 -1 0 0  1  1 -1
  1 0 1 -1 -1  0
  1 0 0 -1  0  0
  1 0 0 -1 -1  0
  1 0 1  0 -1  1
3;1,1;1 2 3
1 
#1 
6	% 
 0 -1  0  0  0  0
 1  1  0  0  0  0
 0  0  0  0  0 -1
 0  0  1  0 -1  1
 0  0 -1 -1  0 -1
 0  0 -1  0  0  0
2-2;1,1;1;1 1 12
4 
#1 
6	% 
 1 0 0 0  0  0
 0 1 0 0  0  0
 0 0 0 1  0  1
 0 0 1 0 -1  1
 0 0 0 1  0  0
 0 0 0 0  1 -1
3;1,1;1 2 2
2 
#1 
6	% 
 0 1  1  0  0 -1
 1 0  0  0  0  0
 0 0  0  0  0 -1
 0 0  1  0 -1  1
 0 0 -1 -1  0 -1
 0 0 -1  0  0  0
2-2;1,1;1;1 1 5
4 
#1 
6	% 
 0 0 -1 0  0  1
 1 0  0 0  0  0
 0 1  0 0  0  0
 0 0  1 0  0 -2
 0 0 -1 0 -1  2
 0 0  2 1  0 -1
2-2;1,1;1;1 1 10
8 
#1 
6	% 
 0 1  1  0  0 -1
 1 0  0  0  0  0
 0 0  0 -1 -1  0
 0 0  0  0  0 -1
 0 0 -1  0  1 -1
 0 0  0  1  0  1
1;1;1;1;1;1 1 4
1 
#1 
6	% 
 1 0 0  0  0  0
 0 1 0  0  0  0
 0 0 1  0 -1  0
 0 0 0 -1  0  0
 0 0 1  1  0 -1
 0 0 1  1  0  0
1;1;1;1;1;1 1 10
3 
#1 
6	% 
 1 0  0 0  0  0
 0 1  0 0  0  0
 0 0  0 0  0  1
 0 0  0 0 -1  1
 0 0  0 1  0  0
 0 0 -1 0  1 -1
2-2;1;1;1;1 1 6
4 
#1 
6	% 
 1 0  0 0 0  0
 0 1  0 0 0  0
 0 0  0 1 1  0
 0 0 -1 0 0  0
 0 0  0 1 0  0
 0 0  0 0 1 -1
