#24

2-1;2-1;1;1 1 31
1 
#1 
6	% 
 1 0 0 0 0 0
 0 1 0 0 0 0
 0 0 1 0 0 0
 0 0 0 1 0 0
 0 0 0 0 1 0
 0 0 0 0 0 1
1,1,1,1,1,1 1 1
1 
#1 
6	% 
 1 0 0 0 0 0
 0 1 0 0 0 0
 0 0 1 0 0 0
 0 0 0 1 0 0
 0 0 0 0 1 0
 0 0 0 0 0 1
1,1,1,1;1,1 1 3
5 
#3 
6	% 
 -1 -1  0 -2 -2 -2
  0  0  1 -1  0  0
  1  0 -1  1  2  1
  0  1  1  1 -1  0
 -1  0  2 -1 -2 -1
  0 -1 -1 -1  0  0
6	% 
  1  1  0  1  1 -1
  1  0  0  0  0  0
  0  0  0  0 -1  1
 -2 -1 -1 -1  0  0
  1  0 -1  1  2 -1
  1  1  1  0  0  0
6	% 
 -1 -1  0 1  0 -1
 -1  2  1 0 -1 -1
  0  0  0 0  0  1
  1 -1 -1 0  0  1
 -1  1  0 0 -1 -1
 -1 -1  0 0  0  0
1,1,1,1,1;1 1 2
4 
#1 
6	% 
  1  0  0 1  1  1
  1  0  0 0  0  0
  0 -1  0 0  0  1
  1  0 -1 0 -1 -1
 -1  1  0 0  1  0
  1 -1 -1 0  0  0
2-1',2-1';1;1 1 7
2 
#1 
6	% 
  0  0 0  1  0  0
  0  1 0  0  0  0
 -1 -1 0  0  0  0
  0  0 1 -1  0  0
  0  0 0 -1 -1  0
  0  0 0  0  0 -1
1,1,1;1,1,1 1 3
4 
#1 
6	% 
 -1 -1  0 -1 -1  1
  1  0  1  0 -1  1
 -1 -1  0  0  1 -1
  1  1  0  0  0  0
 -1 -1 -1  0  0 -1
  0  0  0  0  0  1
2-1;1,1;1,1 1 11
4 
#1 
6	% 
  0  0 0  0 -1 0
 -1  0 0  0  0 0
  0  0 0 -1 -1 0
 -1 -1 0  0  0 0
  0  0 0  0  0 1
  0  0 1 -1  0 0
1,1,1,1;1,1 1 2
2 
#1 
6	% 
  0  0 1  0  0  0
 -1 -1 0 -1 -1  1
  0  0 0  1  0  0
  0 -1 0  0  0  0
  0  0 0  0  0 -1
 -1 -1 0  0  0  0
1,1,1;1,1,1 1 4
4 
#1 
6	% 
 0  1 -1  2 0  0
 0  0 -1  2 0  0
 0 -1  2 -3 1  0
 0  1  0  1 0  1
 1 -1  0 -1 0 -2
 0  1  0  0 0  1
1,1,1,1;1;1 1 5
4 
#2 
6	% 
  0 0  1 -1  0  0
  0 0  1 -1  0 -1
  0 1  1  0  1  0
  0 0 -2  1  0  0
  0 0  1 -1  1  0
 -1 0 -1  0 -1 -1
6	% 
  0  0 -1 1  0  0
 -2 -1 -1 0 -1  1
 -1 -1 -1 0 -1  0
  1  1  1 0  2 -1
 -1 -1 -2 0 -1  1
  0  0  1 0  1 -1
1,1,1;1;1;1 1 16
4 
#1 
6	% 
  0 0  0 0 0  1
 -1 0  0 0 0  2
  0 1  0 0 0 -3
  0 0  0 0 1  2
  0 0  0 1 1  2
  0 0 -1 1 1  0
1,1,1;1,1;1 1 11
12 
#3 
6	% 
  0  0 -1 0 -1  0
  1  1  0 0  0  1
 -2 -2  0 0  0 -3
 -1  1 -1 0  0 -1
  1  0  0 0  0  1
  0  0 -1 1  0  0
6	% 
  0  0 -1 0 -1 -2
  1  1  0 0  0 -1
 -2 -2  0 0  0  3
 -1  1 -1 1  0 -2
  1  0  0 0  0  0
  0  0 -1 0  0 -1
6	% 
 -2 -2  1 -2 -1 -2
 -1  1  0  0  0 -1
  4  1 -1  2  1  4
 -1 -1  1 -1  0 -1
  0  1  0  0  0 -1
 -1 -1  0 -1  0 -1
1,1;1,1;1,1 1 12
2 
#2 
6	% 
  1 0 -1 0  1 1
  0 1  0 1  0 0
 -1 0  0 0 -2 0
 -1 0  0 0 -1 0
  1 1  1 0  1 0
  0 0 -1 1  0 1
6	% 
  0  0  0  0  1 -1
 -2 -2 -2  0  0 -1
  0 -1  0 -1 -1  1
 -1  0 -1  0 -1  0
 -1  0 -1  1  1 -1
 -2 -1 -1  0  1 -2
1,1;1,1;1;1 1 39
6 
#2 
6	% 
 -1 -1 -1 -2 -3  2
  1  1  1  1  2 -3
 -1 -1 -1 -1 -1  2
  1  0  1  1  2 -1
  1  1  0  1  2 -2
  0  1  1  1  2 -2
6	% 
 -1  0  1 -2 -1 -1
  1  1 -1  1  1  1
 -1 -1  1 -1 -1  0
  1  0 -1  1  0  1
  0  0 -1  1  1  1
  1  0  0  1  1  1
1,1;1,1;1;1 1 37
4 
#2 
6	% 
  1  1  2  0  1 -1
  0  1  1  0  1 -1
  0  0 -2  1 -1  2
  0  0  1  0  1 -1
 -1 -1  1 -1 -1 -1
 -1  0  0  0  0 -1
6	% 
 0 -1  0 0  0 1
 0  0  0 1  1 0
 1  1  1 0 -1 0
 0  0  0 0  1 0
 0 -1 -1 0  1 0
 0  0 -1 1  1 0
1,1,1,1;1;1 1 6
2 
#1 
6	% 
 -1 0 -1  0 -1 0
  0 1  0  0  0 0
  0 0  0  0  0 1
  0 0  0  0  1 0
  0 0 -1  1  0 0
  0 0  0 -1  0 0
1,1,1;1,1;1 1 7
4 
#1 
6	% 
  0  0 -1  0 -1  0
 -1 -1  0 -2 -2  1
  2  2  1  3  4 -2
 -1 -1  0 -1 -1  0
 -1 -2  0  0  0 -1
  0  0 -1  0  0  0
2-1,2-1;1;1 1 7
2 
#1 
6	% 
 0  0 0  1  0 0
 0 -1 0  0  0 0
 1  1 0  0  0 0
 0  0 0 -1 -1 0
 0  0 1 -1  0 0
 0  0 0  0  0 1
2-1,2-1;1;1 3 6
2 
#1 
6	% 
  0  0 1  0  0 0
 -1 -1 0  0  0 0
  0 -1 0  0  0 1
  0  0 0 -1 -1 0
 -1 -1 0  0  0 1
  0  0 1  0  1 0
1,1;1,1;1;1 1 26
2 
#1 
6	% 
 -1 -2  0  0  0 -1
 -1 -1 -2  0 -2  2
 -2 -2 -2  0 -2  1
  1  1  2 -1  1 -1
 -1 -1 -1  0 -2  1
  0  0  0 -1  0  0
2-1;1;1;1;1 1 46
2 
#1 
6	% 
 0 1  0  0  0  0
 0 0  1 -1 -1  0
 0 0  0  0  1  0
 0 1  0  0  0 -1
 1 0  0  0  0  0
 0 0 -1  0  0  0
1,1;1,1;1,1 1 4
1 
#1 
6	% 
  0  0  1 1 -1  0
 -1 -2  0 0  0 -1
  0  0  0 0  0  1
  0  0 -1 0  0  0
  0  0  0 0 -1  0
 -1 -1  0 0  0  0
1,1;1;1;1;1 1 50
1 
#1 
6	% 
  0  0  0 -1  0  0
  0  1  0  0  0  0
 -1 -1 -2  1 -1  1
  0  0 -1  0 -1  1
 -1  0 -1  0 -1  0
  1  1  1  0  2 -1
1;1;1;1;1;1 1 49
1 
#1 
6	% 
 0 -1  0 0 0  0
 0  0  0 0 1  0
 1  1  0 0 0  0
 0  0  0 1 0  0
 0  0 -1 1 0  0
 0  1  0 0 0 -1
