#55

2-1;1;1;1;1 1 3
1 
#1 
6	% 
 1 0 0 0 0 0
 0 1 0 0 0 0
 0 0 1 0 0 0
 0 0 0 1 0 0
 0 0 0 0 1 0
 0 0 0 0 0 1
1,1,1,1,1,1 1 1
1 
#1 
6	% 
 1 0 0 0 0 0
 0 1 0 0 0 0
 0 0 1 0 0 0
 0 0 0 1 0 0
 0 0 0 0 1 0
 0 0 0 0 0 1
2-1;1,1,1,1 1 1
1 
#1 
6	% 
 1 0  0  0  0  0
 0 1  0  0  0  0
 0 0  0 -1 -1 -1
 0 0 -1  0 -1 -1
 0 0 -1 -1  0 -1
 0 0  1  1  1  1
1,1,1,1,1;1 1 1
4 
#2 
6	% 
  0 0  0  0 -1  0
 -1 0 -1  0 -1 -1
 -1 0  0 -1 -1 -1
  0 0 -1 -1  0 -1
  1 0  1  1  1  1
  0 1  0  0  0  0
6	% 
  0  0 0  0 -1  0
 -1  0 0 -1 -1 -1
 -1 -1 0  0 -1 -1
  0 -1 0 -1  0 -1
  1  1 0  1  1  1
  0  0 1  0  0  0
1,1,1,1,1;1 1 2
4 
#2 
6	% 
  1  0  0  0  0  0
  0  0  1  0  0  0
  1  0  1 -1  0  0
  0 -1  0 -1 -1 -1
 -1  1 -1  1  0  1
  1 -1  1 -1 -1  0
6	% 
  0  0  0  1  0 -1
  0  0  1  0  0 -1
  1 -1  1  1  1  0
  0  0  0  0  1 -1
 -1  0 -1 -1 -1  1
  0 -1  1  1  1 -1
1,1,1,1;1,1 1 1
7 
#4 
6	% 
 0  0 -1 -1  0 -1
 0  0  0 -1 -1 -1
 0  0 -1  0 -1 -1
 0  0  1  1  1  1
 0 -1  0  0  0  0
 1  1  0  0  0  0
6	% 
  0 0  0 -1 -1 -1
 -1 0  0  0 -1 -1
 -1 0  0 -1  0 -1
  1 0  0  1  1  1
  0 0 -1  0  0  0
  0 1  1  0  0  0
6	% 
  0 -1 -1 -1 0  0
 -1  0 -1 -1 0  0
 -1 -1  0 -1 0  0
  1  1  1  1 0  0
  0  0  0  0 0 -1
  0  0  0  0 1  1
6	% 
  0 -1 0  0 -1 -1
 -1  0 0  0 -1 -1
 -1 -1 0  0  0 -1
  1  1 0  0  1  1
  0  0 0 -1  0  0
  0  0 1  1  0  0
2-1;1,1,1;1 1 4
2 
#1 
6	% 
 1 0  0  0  0  0
 0 1  0  0  0  0
 0 0 -1 -1 -1 -1
 0 0 -2 -1 -1 -1
 0 0  1  1  0  1
 0 0 -1 -1 -1  0
2-1;1,1,1;1 1 1
2 
#1 
6	% 
 0 1 0 0  0  0
 1 0 0 0  0  0
 0 0 0 1  0  1
 0 0 0 0 -1  0
 0 0 0 0  0 -1
 0 0 1 0  0  0
1,1,1,1;1,1 1 2
12 
#3 
6	% 
  0 0  1  0  0  0
 -1 0  1  0  0  0
  0 0  1 -1  0  0
  0 1  0  0  1 -1
  1 0 -1  1  0  1
 -1 0  1 -1 -1  0
6	% 
  1  0 0  0  0  0
  0 -1 0 -1 -1 -1
  1  0 0 -1  0  0
  0  0 1  0  1 -1
 -1  1 0  1  0  1
  1 -1 0 -1 -1  0
6	% 
  0  0  0  0 1  0
 -1  1  0 -1 0 -1
  0  0  0  1 0  0
  1  1  1  0 0  0
  0 -1 -1  0 0  0
 -1  0 -1  0 0  0
1,1,1;1,1,1 1 2
8 
#3 
6	% 
  0  1  0  0  0  0
  1  1  0  0  1 -1
  0  0  0 -1  0  0
  0  0 -1 -1 -1 -1
 -1 -1  1  1  0  1
  1  1  1  1  1  0
6	% 
  0  0 -1 0  0  0
  0 -1  0 0  0  0
 -1  0  0 0  0  0
  1  0  0 1  1  1
  0  1  1 0  0 -1
  0 -1 -1 0 -1  0
6	% 
  0  0  0  0 0 1
  0  0  0  0 1 0
 -1  1 -1 -1 0 0
  0  0 -1  0 0 0
  1  0  1  0 0 0
  0 -1  1  0 0 0
1,1,1;1,1,1 1 1
4 
#2 
6	% 
  0 -1 -1  0  0  0
 -1  0 -1  0  0  0
  1  1  1  0  0  0
  0  0  0  0 -1 -1
  0  0  0 -1  0 -1
  0  0  0  1  1  1
6	% 
  0  0 -1 -1  0  0
 -1  0  0 -1  0  0
  1  0  1  1  0  0
  0  0  0  0 -1 -1
  0 -1  0  0  0 -1
  0  1  0  0  1  1
1,1,1,1;1,1 1 3
4 
#1 
6	% 
  1 -1  0 1  0 0
 -1  1 -1 0  0 0
  0  1  0 0  0 0
  0 -1  1 0  0 1
 -1  0 -1 0 -1 0
  1  0  0 0  0 0
2-1;1,1;1,1 1 1
1 
#1 
6	% 
 0 1 0  0 0  0
 1 0 0  0 0  0
 0 0 0 -1 0  0
 0 0 1  1 0  0
 0 0 0  0 0 -1
 0 0 0  0 1  1
2-1;1,1;1,1 1 3
2 
#1 
6	% 
 1 0  0  0  0  0
 0 1  0  0  0  0
 0 0 -1  0 -1  1
 0 0  0 -1 -1 -1
 0 0  1  1  1  0
 0 0 -1  1  0  1
1,1,1;1,1,1 1 3
4 
#1 
6	% 
  0  0  1  0  0  0
  0  0  0 -1  0  0
  0  1  0  0  0  0
  0 -1 -1  0 -1  0
 -1  0  0  0  0  0
  1  0  1  0  0 -1
1,1,1,1;1;1 1 1
6 
#3 
6	% 
 0 0 -1 -1  0 -1
 0 0 -1  0 -1 -1
 0 0  0 -1 -1 -1
 0 0  1  1  1  1
 1 0  0  0  0  0
 0 1  0  0  0  0
6	% 
  0 0 0 -1 -1 -1
 -1 0 0  0 -1 -1
 -1 0 0 -1  0 -1
  1 0 0  1  1  1
  0 1 0  0  0  0
  0 0 1  0  0  0
6	% 
  0 -1 0 0 -1 -1
 -1  0 0 0 -1 -1
 -1 -1 0 0  0 -1
  1  1 0 0  1  1
  0  0 1 0  0  0
  0  0 0 1  0  0
1,1,1;1,1;1 1 3
28 
#5 
6	% 
 0 0  2 0  1  1
 0 0  1 0  0  0
 0 0 -3 1 -1 -1
 1 0  1 0  1  0
 1 0  0 0  0  0
 0 1  0 0  0  0
6	% 
  2 0 0  2  1 -1
  2 0 0  1  1 -1
 -3 0 0 -3 -2  2
  1 0 1  1  1  0
  0 0 1  0  1  1
  0 1 0  0  0  0
6	% 
 0  2 0  0  1  1
 0  1 0  0  0  0
 0 -2 0 -1 -1 -1
 1  1 0  0  1  0
 1  0 0  0  0  0
 0  0 1  0  0  0
6	% 
  2  2 0  0  1 -1
  1  1 0  0  0  0
 -2 -3 0  0 -1  1
  1  1 0  0  0 -1
  0  0 0 -1 -1 -1
  0  0 1  0  0  0
6	% 
  1  1 0  0 0 0
  1  1 0  0 1 0
 -1 -1 0  0 0 1
  1  0 0  0 0 0
  0  0 0 -1 0 0
  0  0 1  0 0 0
1,1,1;1,1;1 1 1
16 
#6 
6	% 
 0 0 0  0 -1 -1
 0 0 0  0 -1  0
 1 0 0  0  1  1
 0 0 0 -1  0  0
 0 0 1  1  0  0
 0 1 0  0  0  0
6	% 
 0 0  0  0 1  1
 0 0 -1  0 0  0
 0 0  0  0 0 -1
 0 0  0 -1 0  0
 1 0  0  1 0  0
 0 1  0  0 0  0
6	% 
 1 0  0  1 0 0
 0 0 -1  0 0 0
 0 0  0 -1 0 0
 0 0  0  0 1 0
 0 0  0  0 0 1
 0 1  0  0 0 0
6	% 
 1 0 0  0 0  1
 0 0 0  0 1  1
 0 0 0  0 0 -1
 0 0 0 -1 0  0
 0 1 0  1 0  0
 0 0 1  0 0  0
6	% 
 0  0 0  1 0 1
 0  0 0  1 0 0
 0  0 0 -1 1 0
 0 -1 0  0 0 0
 1  1 0  0 0 0
 0  0 1  0 0 0
6	% 
  0 -1 0 -1 0 0
 -1  0 0 -1 0 0
  1  1 0  1 0 0
  0  0 0  0 1 0
  0  0 0  0 0 1
  0  0 1  0 0 0
1,1,1,1;1;1 1 2
12 
#3 
6	% 
  1 0  0  0  0  0
  1 0  0 -1  0  0
  0 0 -1 -1 -1  1
  0 1  0  0  0  0
 -1 0  1  1  0 -1
  1 0 -1 -1 -1  0
6	% 
  1  0 0  0  0  0
  1  0 0 -1  0  0
  0 -1 0 -1 -1 -1
  0  0 1  0  0  0
 -1  1 0  1  0  1
  1 -1 0 -1 -1  0
6	% 
  0  0 0 1 0 0
  0  0 0 0 1 0
  0  0 0 0 0 1
  0  0 1 0 0 0
  0 -1 0 0 0 0
 -1  0 0 0 0 0
1,1,1;1,1;1 1 4
12 
#3 
6	% 
  0  1 0 1  0  0
  0  1 0 0  0  0
  0 -1 1 0  0  0
  0  0 0 0 -1  0
 -1  0 0 0 -1 -1
  0  0 0 0 -1  1
6	% 
  0 -1  0 -1  0  0
 -1  0  0 -1  0  0
  1  1  0  1  0  0
  0  0  0  0 -1  0
  0  0 -1  0 -1 -1
  0  0  0  0 -1  1
6	% 
  0  0  0  0 1  1
  0  0 -1  0 0  0
  0  0  0  0 0 -1
 -1  0  0 -1 0  0
 -1  1  0 -1 0  0
 -1 -1  0  0 0  0
1,1,1;1,1;1 1 2
16 
#5 
6	% 
 0  0  2 0  1  1
 0  0  1 0  0  0
 0 -1 -2 0 -1 -1
 1  0  0 0  0  0
 0  0  0 1  0  0
 0  0  1 0  1  0
6	% 
 0 0  2  2  1  1
 0 0  1  1  0  0
 0 0 -2 -3 -1 -1
 1 0  0  0  0  0
 0 1  0  0  0  0
 0 0  1  1  1  0
6	% 
  2  2 0 0  1  1
  1  1 0 0  0  0
 -2 -3 0 0 -1 -1
  0  0 1 0  0  0
  0  0 0 1  0  0
  1  1 0 0  1  0
6	% 
 -1  1 0 0 0  0
  0  0 0 0 1  1
  1 -1 0 0 0 -1
  0  0 1 0 0  0
  0  0 0 1 0  0
  0  1 0 0 0  0
6	% 
 -1  1 0  0 0  0
  0  0 1  1 0  0
  1 -1 0 -1 0  0
  0  0 0  0 0 -1
  0  0 0  0 1  1
  0  1 0  0 0  0
1,1,1,1;1;1 1 3
2 
#2 
6	% 
  0 -1 -1 -1 0 0
 -1  0 -1 -1 0 0
 -1 -1  0 -1 0 0
  1  1  1  1 0 0
  0  0  0  0 0 1
  0  0  0  0 1 0
6	% 
 0 0 -1 -1  0 -1
 0 0  0 -1 -1 -1
 0 0 -1  0 -1 -1
 0 0  1  1  1  1
 0 1  0  0  0  0
 1 0  0  0  0  0
1,1,1,1;1;1 1 5
4 
#1 
6	% 
  0  0  0  1  0  0
 -1  1 -1  0 -1 -1
 -1  0 -1  1  0  0
  1 -1  1 -1  1  0
 -1  1 -1  1  0 -1
  0 -1  1 -1  0  0
1,1,1;1,1;1 1 9
8 
#2 
6	% 
 -1  1  0 0 0  0
  0  0  1 1 0  0
  1 -1 -1 0 0  0
  0  1  0 0 0  0
 -1 -1  0 0 0 -1
  0  0  0 0 1 -1
6	% 
  0  0  2  2  1  1
  0  0  1  1  0  0
  0  0 -3 -2 -1 -1
  0  0  1  1  1  0
  0 -1  0  0  0  0
 -1 -1  0  0  0  0
1,1,1;1,1;1 1 7
16 
#2 
6	% 
  0  0  2 0  1  1
 -1  1  0 0  0  0
  1 -1 -1 0 -1 -1
  0  1  0 0  0  0
  1  1  0 1  0  0
  0  0  1 0  1  0
6	% 
 -1 1 0 -2  0  0
  0 0 0 -2  1 -1
  0 0 0  3 -2  2
  0 0 0 -1  1  0
  0 0 1  0  1  1
 -1 0 0 -1  0  0
1,1,1;1,1;1 1 8
8 
#1 
6	% 
  1 -1 0  2  1  1
  2 -2 0  4  1  1
 -3  3 0 -7 -3 -3
  1  0 0  1  0  1
  1 -1 0  2  1  0
  0  0 1  0  0  0
1,1,1;1;1;1 1 1
4 
#2 
6	% 
 0 0 0  0 1  1
 0 0 0 -1 0  0
 0 0 0  0 0 -1
 1 0 0  0 0  0
 0 1 0  0 0  0
 0 0 1  0 0  0
6	% 
  0 0 0 0 -1 -1
 -1 0 0 0  0 -1
  1 0 0 0  1  1
  0 1 0 0  0  0
  0 0 1 0  0  0
  0 0 0 1  0  0
1,1;1,1;1;1 1 7
12 
#3 
6	% 
 0 0 -1  0 -1  1
 0 0  0 -1 -1 -1
 1 0  0  0  0  0
 0 1  0  0  0  0
 0 0  1  1  1  0
 0 0 -1  1  0  1
6	% 
 -1 0 0  0 -1  1
  0 0 0 -1 -1 -1
  0 1 0  0  0  0
  0 0 1  0  0  0
  1 0 0  1  1  0
 -1 0 0  1  0  1
6	% 
 -1  0 0 0 -1  1
  0 -1 0 0 -1 -1
  0  0 1 0  0  0
  0  0 0 1  0  0
  1  1 0 0  1  0
 -1  1 0 0  0  1
1,1;1,1;1;1 1 1
6 
#3 
6	% 
 0 0  1 1  0 0
 0 0 -1 0  0 0
 0 0  0 0  1 1
 0 0  0 0 -1 0
 1 0  0 0  0 0
 0 1  0 0  0 0
6	% 
 0 0 0 -1  0 0
 1 0 0  1  0 0
 0 0 0  0  1 1
 0 0 0  0 -1 0
 0 1 0  0  0 0
 0 0 1  0  0 0
6	% 
 0 -1 0 0  0 0
 1  1 0 0  0 0
 0  0 0 0  1 1
 0  0 0 0 -1 0
 0  0 1 0  0 0
 0  0 0 1  0 0
1,1,1;1;1;1 1 2
14 
#4 
6	% 
 0 0  0 -1  0  0
 0 0 -1 -1 -1  1
 1 0  0  0  0  0
 0 1  0  0  0  0
 0 0  1  1  0 -1
 0 0 -1 -1 -1  0
6	% 
  0 0 0 -1  0  0
 -1 0 0 -1 -1 -1
  0 1 0  0  0  0
  0 0 1  0  0  0
  1 0 0  1  0  1
 -1 0 0 -1 -1  0
6	% 
  0 -1 0 0  0  0
 -1 -1 0 0 -1 -1
  0  0 1 0  0  0
  0  0 0 1  0  0
  1  1 0 0  0  1
 -1 -1 0 0 -1  0
6	% 
  0  0 0 0 0 1
  0  0 0 0 1 0
  0  0 1 0 0 0
  0  0 0 1 0 0
  0 -1 0 0 0 0
 -1  0 0 0 0 0
1,1;1,1;1,1 1 2
14 
#4 
6	% 
 0  0 -1  0 -1  1
 0 -1  0  0  0  0
 1  1  0  0  0  0
 0  0  0 -1 -1 -1
 0  0  1  1  1  0
 0  0 -1  1  0  1
6	% 
 -1  0 0  0 -1 -1
  0  0 0 -1  0  0
  0  0 1  1  0  0
  0 -1 0  0 -1  1
  1  1 0  0  1  0
 -1  1 0  0  0 -1
6	% 
 0 -1  0  0 -1  1
 0  0  0 -1  0  0
 1  0  0  1  0  0
 0  0 -1  0 -1 -1
 0  1  1  0  1  0
 0 -1  1  0  0  1
6	% 
 0  0 0 1 0 0
 0  0 0 0 1 0
 0  0 0 0 0 1
 0  0 1 0 0 0
 1  0 0 0 0 0
 0 -1 0 0 0 0
1,1;1,1;1,1 1 1
3 
#2 
6	% 
 0 -1 0  0 0  0
 1  1 0  0 0  0
 0  0 0 -1 0  0
 0  0 1  1 0  0
 0  0 0  0 0 -1
 0  0 0  0 1  1
6	% 
 0  1 1  0 0  0
 0 -1 0  0 0  0
 0  0 0 -1 0  0
 1  0 0  1 0  0
 0  0 0  0 0 -1
 0  0 0  0 1  1
1,1,1;1;1;1 1 5
6 
#3 
6	% 
 0 0 0  0 1  1
 0 0 0 -1 0  0
 0 0 0  0 0 -1
 0 0 1  0 0  0
 0 1 0  0 0  0
 1 0 0  0 0  0
6	% 
 1 0  0  1 0 0
 0 0 -1  0 0 0
 0 0  0 -1 0 0
 0 1  0  0 0 0
 0 0  0  0 0 1
 0 0  0  0 1 0
6	% 
  0 -1 0 -1 0 0
 -1  0 0 -1 0 0
  1  1 0  1 0 0
  0  0 1  0 0 0
  0  0 0  0 0 1
  0  0 0  0 1 0
1,1;1,1;1;1 1 19
4 
#2 
6	% 
 0 0 -1  0 -1  1
 0 0  0 -1 -1 -1
 0 0  1  1  1  0
 0 1  0  0  0  0
 0 0 -1  1  0  1
 1 0  0  0  0  0
6	% 
 0  0 0 1 0 0
 0  0 1 0 0 0
 1  0 0 0 0 0
 0  0 0 0 0 1
 0 -1 0 0 0 0
 0  0 0 0 1 0
1,1;1,1;1;1 1 4
4 
#3 
6	% 
 0 0  1 1  0  0
 0 0 -1 0  0  0
 0 0  0 0  1  0
 0 0  0 0 -1 -1
 0 1  0 0  0  0
 1 0  0 0  0  0
6	% 
 0  1 1  0 0 0
 0 -1 0  0 0 0
 0  0 0 -1 0 0
 1  0 0  1 0 0
 0  0 0  0 0 1
 0  0 0  0 1 0
6	% 
 0 -1 0  0 0 0
 1  1 0  0 0 0
 0  0 0 -1 0 0
 0  0 1  1 0 0
 0  0 0  0 0 1
 0  0 0  0 1 0
1,1,1;1;1;1 1 10
4 
#2 
6	% 
 0  0  0 -1  0  0
 0  0 -1 -1 -1  1
 0  0  1  1  0 -1
 0 -1  0  0  0  0
 1  0  0  0  0  0
 0  0 -1 -1 -1  0
6	% 
  0  0 0 1 0  0
  0  0 1 0 0  0
  0 -1 0 0 0  0
  0  0 0 0 0 -1
  0  0 0 0 1  0
 -1  0 0 0 0  0
2-1;1,1;1;1 1 4
4 
#1 
6	% 
 0 1 0 0 0  0
 1 0 0 0 0  0
 0 0 0 1 1  1
 0 0 1 0 0  0
 0 0 0 0 0 -1
 0 0 0 0 1  0
2-1;1,1;1;1 1 6
1 
#1 
6	% 
 1 0 0  0 0 0
 0 1 0  0 0 0
 0 0 0 -1 0 0
 0 0 1  1 0 0
 0 0 0  0 0 1
 0 0 0  0 1 0
2-1;1,1;1;1 1 1
1 
#1 
6	% 
 0 1 0 0  0 0
 1 0 0 0  0 0
 0 0 0 0  1 1
 0 0 0 0 -1 0
 0 0 1 0  0 0
 0 0 0 1  0 0
1,1;1,1;1;1 1 2
28 
#5 
6	% 
 -1 0 0 0 -1 -1
  0 0 1 0  0  0
  0 0 0 1  0  0
  0 1 0 0  0  0
  1 0 0 0  0  1
 -1 0 0 0 -1  0
6	% 
 0 0 -1  0 -1 -1
 0 0  0 -1  0  0
 1 0  0  1  0  0
 0 1  0  0  0  0
 0 0  1  0  0  1
 0 0 -1  0 -1  0
6	% 
 -1 0 0  0 -1 -1
  0 0 0 -1  0  0
  0 1 0  1  0  0
  0 0 1  0  0  0
  1 0 0  0  0  1
 -1 0 0  0 -1  0
6	% 
 0  0 0 1 1  1
 0 -1 0 0 0  0
 1  1 0 0 0  0
 0  0 1 0 0  0
 0  0 0 0 0 -1
 0  0 0 0 1  0
6	% 
 1 -1 1 0  0  0
 0  0 0 0  1  0
 0  0 0 0 -1 -1
 0  0 0 1  0  0
 0  1 0 0  0  0
 1  0 0 0  0  0
1,1,1;1;1;1 1 7
8 
#1 
6	% 
 -1  1 0 -1 -1 -1
  0  0 1  0  0  0
 -1  0 0 -1  0  0
  1 -1 0  1  0  1
  0 -1 0  1  0  0
 -1  1 0 -1 -1  0
1,1;1,1;1;1 1 16
16 
#2 
6	% 
  1 -1 0  1 0  0
  0  0 1  0 0  0
 -1 -1 0  0 0 -1
  1  2 0 -1 1  1
  1  1 0  0 1  0
  2  1 0  1 1  1
6	% 
 0 0 0 1  0 0
 0 0 1 0  0 0
 0 1 0 0  0 0
 0 0 0 0  0 1
 1 0 0 0  0 0
 0 0 0 0 -1 0
1,1;1,1;1,1 1 4
8 
#1 
6	% 
 1 -1 0  1 0  0
 0  0 1  0 1 -1
 0  0 0  0 0  1
 0  1 0 -1 0  0
 1  0 0  1 0  0
 0  0 0  0 1  0
1,1;1,1;1;1 1 23
2 
#1 
6	% 
  0  0 1 0  0 0
  0  0 0 1  0 0
  0  0 0 0  0 1
 -1  0 0 0  0 0
  0  0 0 0 -1 0
  0 -1 0 0  0 0
1,1;1,1;1,1 1 5
2 
#1 
6	% 
  0  0 0 -1  0 0
  0  0 1  1  0 0
  0  0 0  0  0 1
 -1  0 0  0  0 0
  0  0 0  0 -1 0
  0 -1 0  0  0 0
1,1;1,1;1;1 1 9
4 
#1 
6	% 
  0  0 0 1  0  0
  0  0 1 0  0  0
  0  1 0 0  0  0
  1 -1 0 0  0 -1
  1  0 0 0  0  0
 -1  1 0 0 -1  0
1,1;1,1;1;1 1 8
8 
#1 
6	% 
  1 -1 1 0 0  0
  0  0 0 1 1 -1
  0  0 0 0 0  1
 -1  0 0 0 0  0
  0 -1 0 0 0  0
  0  0 0 0 1  0
1,1;1;1;1;1 1 2
8 
#2 
6	% 
 0 0 0 -1 -1 -1
 1 0 0  0  0  0
 0 1 0  0  0  0
 0 0 1  0  0  0
 0 0 0  1  0  1
 0 0 0 -1 -1  0
6	% 
 -1 0 0 0 -1  1
  0 1 0 0  0  0
  0 0 1 0  0  0
  0 0 0 1  0  0
  1 0 0 0  0 -1
 -1 0 0 0 -1  0
1,1;1;1;1;1 1 3
7 
#4 
6	% 
 0 0  1 1 0 0
 0 0 -1 0 0 0
 1 0  0 0 0 0
 0 1  0 0 0 0
 0 0  0 0 0 1
 0 0  0 0 1 0
6	% 
 0 0 0 -1 0 0
 1 0 0  1 0 0
 0 1 0  0 0 0
 0 0 1  0 0 0
 0 0 0  0 0 1
 0 0 0  0 1 0
6	% 
 0 -1 0 0 0 0
 1  1 0 0 0 0
 0  0 1 0 0 0
 0  0 0 1 0 0
 0  0 0 0 0 1
 0  0 0 0 1 0
6	% 
 0 0 0 0  1  0
 0 0 0 0 -1 -1
 0 0 1 0  0  0
 0 0 0 1  0  0
 0 1 0 0  0  0
 1 0 0 0  0  0
1,1;1;1;1;1 1 1
1 
#1 
6	% 
 0 0 0 0 1 0
 0 0 0 0 0 1
 1 0 0 0 0 0
 0 1 0 0 0 0
 0 0 1 0 0 0
 0 0 0 1 0 0
1,1;1;1;1;1 1 9
8 
#2 
6	% 
 0 0 0 1 1  1
 0 0 1 0 0  0
 0 1 0 0 0  0
 0 0 0 0 0 -1
 1 0 0 0 0  0
 0 0 0 0 1  0
6	% 
 1 -1 0 1 0 0
 0  0 1 0 0 0
 0  0 0 0 0 1
 0  1 0 0 0 0
 0  0 0 0 1 0
 1  0 0 0 0 0
1,1;1;1;1;1 1 25
1 
#1 
6	% 
 0  0  1 1 0 0
 0  0 -1 0 0 0
 0  0  0 0 0 1
 0 -1  0 0 0 0
 1  0  0 0 0 0
 0  0  0 0 1 0
1,1;1;1;1;1 1 11
4 
#1 
6	% 
 0 0 0 1  0  0
 0 0 1 0  0  0
 0 0 0 0  1  0
 0 1 0 0 -1 -1
 1 0 0 0  1  1
 0 0 0 0  0 -1
1;1;1;1;1;1 1 2
1 
#1 
6	% 
 1 0 0 0 0 0
 0 1 0 0 0 0
 0 0 1 0 0 0
 0 0 0 1 0 0
 0 0 0 0 0 1
 0 0 0 0 1 0
1;1;1;1;1;1 1 7
1 
#1 
6	% 
 0 0 0 1 0 0
 0 0 1 0 0 0
 0 1 0 0 0 0
 0 0 0 0 0 1
 1 0 0 0 0 0
 0 0 0 0 1 0
