#20

2-2,2-2;2-2 1 1
1 
#1 
6	% 
 1 0 0 0 0 0
 0 1 0 0 0 0
 0 0 1 0 0 0
 0 0 0 1 0 0
 0 0 0 0 1 0
 0 0 0 0 0 1
1,1,1,1,1,1 1 1
1 
#1 
6	% 
 1 0 0 0 0 0
 0 1 0 0 0 0
 0 0 1 0 0 0
 0 0 0 1 0 0
 0 0 0 0 1 0
 0 0 0 0 0 1
1,1,1,1;1,1 1 3
6 
#2 
6	% 
 0  0 0 -1 1  0
 0  0 0 -2 0 -1
 1  0 0  0 0  0
 0  0 1  1 0  1
 0  0 1 -2 0 -1
 1 -1 0  0 0  0
6	% 
  0  0  0  0 -1  0
  0  0  0  0 -1 -1
 -1  0 -1  0  0 -1
  1 -1  0  0  1  0
 -1  0  0  0 -1  0
  1 -1  1 -1  0  1
1,1,1,1,1;1 1 2
6 
#2 
6	% 
  0  0  1 1  0 1
  0 -1  0 0  0 0
 -1 -1  1 0  0 0
  0  0  1 0  0 1
  0  1 -1 0 -1 0
  0 -1  1 0 -1 1
6	% 
 0  1  0 -1  0  0
 0  1  0  0  0  0
 0  1 -1 -1  0  0
 1  2  1  1  2 -1
 0 -2  0  0 -1  0
 0  2  0  0  1 -1
1,1,1,1;1,1 1 1
1 
#1 
6	% 
  0 -1 -1 -1 0  0
 -1  0 -1 -1 0  0
 -1 -1  0 -1 0  0
  1  1  1  1 0  0
  0  0  0  0 0 -1
  0  0  0  0 1  1
1,1,1;1,1,1 1 4
18 
#2 
6	% 
  1  0  0  0  0 0
  1  0  1  0 -1 1
 -2  1 -1  0  0 0
  1 -1  0  0  0 0
 -2  1 -1  1  0 0
  1 -1  1 -1 -1 0
6	% 
 0  0 -1  0  0 -1
 0 -1 -1  1  1 -2
 1 -1  2 -1  0  2
 0  0 -1  1  0 -1
 1  0  2 -1  0  2
 0  1 -1  0 -1 -1
2-2',2-2';1,1 1 1
1 
#1 
6	% 
 0 0  0 1 0  0
 0 0 -1 1 0  0
 1 0  0 1 0  0
 0 1 -1 1 0  0
 0 0  0 0 0 -1
 0 0  0 0 1  1
2-2;1,1,1,1 1 1
1 
#1 
6	% 
  0  0  0  0 0 1
  0  0  0  0 1 0
  0 -1 -1 -1 0 0
 -1  0 -1 -1 0 0
 -1 -1  0 -1 0 0
  1  1  1  1 0 0
2-2',2-2',2-2' 1 1
2 
#1 
6	% 
  0 -1  1 -1 1  0
 -1  0  0 -1 1 -1
  0 -1  0 -1 0  0
 -1  0 -1  0 0  0
 -1 -1  0 -1 0  0
 -2  1 -1  0 0  0
1,1;1,1;1,1 1 5
3 
#1 
6	% 
  0  0  0  0  1 1
  0  0  0  0 -1 0
 -1  1 -2  1  0 0
  1 -1  1 -1  0 0
 -1  0 -2  1  0 0
  1  0  1  0  0 0
1,1,1;1,1;1 1 12
36 
#4 
6	% 
  0 -2 0 -2 -1  2
  0 -1 0  1  0  0
  0  5 0  2  2 -4
 -1  0 1  0  0  0
  1  2 0  1  1 -2
  0 -1 0 -1 -1  1
6	% 
 0  2 0  2 0 1
 0  0 0  1 0 0
 0 -1 0 -2 0 0
 0  0 1  0 0 0
 1 -1 0 -1 0 0
 0  1 0  1 1 0
6	% 
  0  0 -4  2 0 -5
  2 -1 -2  1 0 -4
 -2  1  8 -4 0 12
  1 -1 -1  0 0 -2
 -1  0  4 -2 0  6
  0  0 -2  1 1 -3
6	% 
  0  0  0 0 -2 1
  2 -1  0 0  0 0
 -4  2 -2 1  0 0
  1 -1  0 0  0 0
 -2  2 -1 1  0 0
  0  0  0 0 -1 1
2-2;1,1;1,1 1 5
3 
#1 
6	% 
  0  0  0  0  0 1
  0  0  0  0 -1 1
 -1  1 -2  1  0 0
  1 -1  1 -1  0 0
 -1  0 -2  1  0 0
  1  0  1  0  0 0
2-2,2-2;1,1 1 1
1 
#1 
6	% 
  0 -7  0 -5 0 0
  7 -7  5 -5 0 0
  0  4  0  3 0 0
 -4  4 -3  3 0 0
  0  0  0  0 1 0
  0  0  0  0 0 1
1,1,1,1;1;1 1 3
3 
#1 
6	% 
  0 -1 -1 -1  0  0
 -1  0 -1 -1  0  0
 -1 -1  0 -1  0  0
  1  1  1  1  0  0
  0  0  0  0 -1  0
  0  0  0  0  1 -1
2-2',2-2';1;1 1 2
3 
#1 
6	% 
 -1 0 0 0  0  0
 -1 1 0 0  0  0
 -1 1 0 1  0  0
  0 1 1 0  0  0
  0 0 0 0 -1  0
  0 0 0 0  1 -1
1,1;1,1;1;1 1 34
9 
#1 
6	% 
  0  0  1  0 0 0
 -1  0 -1  0 0 0
  0  0  0  0 0 1
  1 -1  1 -1 0 0
  0  0 -1  1 0 0
  0  0  0  0 1 0
2-2',2-2';2-2 1 1
1 
#1 
6	% 
  0 1  0 1  0 0
 -1 1 -1 1  0 0
  0 0  0 1  0 0
  0 0 -1 1  0 0
  0 0  0 0  0 1
  0 0  0 0 -1 1
2-2,2-2;1;1 1 2
3 
#1 
6	% 
  0 -1  0  1  0 0
  1 -1 -1  1  0 0
  0  2  0 -1  0 0
 -2  2  1 -1  0 0
  0  0  0  0  1 0
  0  0  0  0 -1 1
2-2,2-2,2-2 1 1
6 
#1 
6	% 
  0  1  0 0  0  0
 -1  1  0 0  0  0
  0  1  0 1  0  0
 -1  1 -1 1  0  0
  0 -1  0 0  0 -1
  1 -1  0 0 -1  0
2-2,2-2,2-2 2 1
6 
#1 
6	% 
  0 1  0  1  0 0
 -1 1 -1  1  0 0
  0 0  0 -1  0 0
  0 0  1 -1  0 0
  0 0  0  0  0 1
  0 0  0  0 -1 1
