#35

4-2;2-1 1 3
1 
#1 
6	% 
 1 0 0 0 0 0
 0 1 0 0 0 0
 0 0 1 0 0 0
 0 0 0 1 0 0
 0 0 0 0 1 0
 0 0 0 0 0 1
1,1,1,1,1,1 1 1
1 
#1 
6	% 
 1 0 0 0 0 0
 0 1 0 0 0 0
 0 0 1 0 0 0
 0 0 0 1 0 0
 0 0 0 0 1 0
 0 0 0 0 0 1
1,1,1,1,1;1 1 2
6 
#1 
6	% 
  1  0  0  0  0  0
  0  0  1  0  0  0
  0 -1  0 -1 -1 -1
  1  0  1  0  0 -1
 -1  1 -1  1  0  1
  1 -1  1  0 -1 -1
2-1',2-1';1;1 1 7
9 
#1 
6	% 
  1  1  1  1  1  3
  1  1 -1 -1 -1  0
  0 -1  1  1  1  1
 -1 -1  0  0 -1 -2
 -1 -1  0 -1  0 -2
  0  0  1  1  1  1
1,1,1;1,1,1 1 3
6 
#1 
6	% 
  1  1 -1 -1 -1 0
 -1  0 -1  0  2 1
  1  1  1  0 -1 0
 -1 -1  0  0  1 0
  1  0  1  1 -2 0
  0  0 -1 -1  1 0
2-1',2-1',2-1' 1 1
6 
#1 
6	% 
 -1 0 0 -2 1 -1
  0 1 1  0 0  0
 -1 0 0 -1 0 -1
  0 0 1  0 0  0
  0 0 1  1 0  0
  1 0 0  2 0  2
2-1;1,1;1,1 1 9
9 
#1 
6	% 
  1  0  1  0  0 1
 -1 -2  1  2  2 0
  0  1 -1  0 -1 0
 -1  0  0  1  1 0
  1  1  0 -1 -1 0
  0 -1  1  1  0 0
1,1,1,1;1,1 1 3
15 
#2 
6	% 
  2 -2  2  1  1  1
  1  0  1  0  0  1
 -1  1 -1 -1  0  0
  0  1 -1  0 -1 -1
  0  1  1  1  0  1
  1 -2  1  0  1  0
6	% 
  0  0 1  0 1  1
  0  1 1 -1 0  0
 -1  2 0  0 0  1
  1 -2 0  1 0 -1
  1 -2 0 -1 0 -2
 -1  1 0  0 0  1
1,1,1;1,1,1 1 4
9 
#1 
6	% 
  0  0  1  0  1  0
  0  1  1  1  1  1
 -1 -1 -2 -2 -1 -2
  0  2  1  1  0  2
  1 -3 -2 -1 -2 -3
  0  2  1  1  1  2
1,1,1;1,1,1 1 2
1 
#1 
6	% 
  0  1  0 0  0  0
  1  1  0 0  0  1
  0  0 -1 0 -1 -1
  0  0  0 1  1  1
 -1 -1  1 0  0  0
  1  1  1 0  0  1
2-2;1,1,1,1 1 2
2 
#1 
6	% 
  1 0  1 -1 -1  3
  1 0  0  0  0  0
  1 1  0  0  0  0
 -1 0 -1  0  0 -2
  1 0  0  0 -1  1
 -1 0  0  1  0 -1
2-2',2-2';1,1 1 3
2 
#1 
6	% 
 -2 1 0 -1  0 -1
  0 2 1  0  0  2
  1 0 0  0  1  0
 -2 0 0 -1 -1 -1
 -2 2 1 -1  0  0
  0 2 1  0 -1  2
1,1,1,1;1;1 1 5
9 
#1 
6	% 
 0  1  0  0  0  1
 1  2 -1 -1 -1  1
 0  1 -1  0  0  1
 0 -3  1  1  0 -2
 0  3 -1  0 -1  2
 0 -2  1  0  0 -1
1,1,1;1,1;1 1 12
18 
#1 
6	% 
  0  0 -2 -1 -1 -2
  0  1  0  0  0  0
  0  0  2  0  0  1
  1 -1  0  0  0 -1
 -1  2  1  0  0  2
  0  0 -1  0 -1 -1
2-2;1,1,1;1 1 5
6 
#1 
6	% 
  1 -1  1  0  0  0
  0  0  1  0  1  1
  0  0 -1 -1  0 -1
  0  1 -2 -1 -1 -1
 -1  0 -2 -1 -1 -2
 -1  1 -2 -1 -1 -2
1,1,1;1,1;1 1 9
6 
#1 
6	% 
  0  2  0  0  0  1
 -1  1  0  0  0  0
  1 -2  0  0  0 -1
  0  1 -1 -1 -1 -1
  0  0  1  0  1  1
  0  0  0 -1  1  0
2-1,2-1;2-1 2 4
9 
#1 
6	% 
 -1 -2  1  2  2  0
 -1 -2 -1 -2 -2 -5
  1  2  0  0  0  2
  0  0  1  1  2  2
  0  0  1  2  1  2
  1  1  0  0  0  2
2-1,2-1;1;1 2 11
9 
#1 
6	% 
  1  1 -1 -1 -1  0
  1  1  1  1  1  3
 -1 -2  0  0  0 -2
  0  0  1  2  1  2
  0  0  1  1  2  2
 -1 -1  0  0  0 -2
2-1',2-1';2-1 1 3
9 
#1 
6	% 
 -1  1  1  2  2  3
 -1 -2 -1  1  1 -2
  1  0  0 -2 -1 -1
  0  2  1  0  0  2
  0  1  1  0  0  2
  1  0  0 -1 -2 -1
2-2,2-2;1;1 2 5
2 
#1 
6	% 
 0  1 0 -1  0  0
 0  0 1  0  0  1
 1  0 0  0  1  1
 1  0 0 -1  0  0
 0 -1 1  0  0  0
 0  0 0  0 -1 -1
1,1;1,1;1;1 1 36
9 
#1 
6	% 
 -1  2  1 -2 -2 0
  1  0  1  0  0 1
  1 -1  0  0  1 0
  0  0 -1  1  1 0
  0  1  1 -1 -1 0
  1 -1  0  1  0 0
2-1,2-1,2-1 3 1
18 
#1 
6	% 
  0 -1 -1  1 -1 -1
  1  1  0  0 -1  0
  0  0 -1 -1  1  0
  1 -1  0  1  0  1
  1  0  1  0  0  1
 -1  0  1  0  0  0
2-2;2-2;1;1 1 15
6 
#1 
6	% 
 -1 0 0 -1 0 -1
  1 0 0  0 1  1
  1 0 0  0 0  0
  1 1 0  0 0  1
 -1 0 1  0 0  0
  2 0 0  0 0  1
2-1,2-1,2-1 2 1
6 
#1 
6	% 
  0  0  1  1  0  1
  1  1  0  0  0  1
  0  0  1  0 -1  0
  1  0  0  0  0  0
 -1 -1 -1 -1  1 -1
 -1 -1  1  1 -1  0
4-2';2-1 1 2
6 
#1 
6	% 
 -1 0 0 0  1 0
  0 1 1 0  0 1
  0 0 1 0  0 0
  1 0 0 1  0 1
  0 0 0 0 -1 0
  0 1 0 1  0 1
4-2;1;1 1 5
1 
#1 
6	% 
 -1 0 -1 0 0 -1
  0 0  1 0 1  1
  0 0 -1 1 0  0
  0 1  1 0 0  1
  0 0 -1 0 0 -1
  0 0 -2 0 0 -1
1,1;1,1;1;1 1 25
9 
#1 
6	% 
  1  1  1 1  1  3
 -1 -2  0 0  0 -2
  0  0 -1 0 -1 -1
 -1 -1  1 1  1  0
  0  0  1 1  0  1
  1  1  0 0  0  2
1,1;1,1;1,1 1 10
9 
#1 
6	% 
  0 -1  1  0 1  1
  1  1 -1  0 0  1
 -1 -1  0  0 0 -2
  0 -1 -1 -1 0 -1
 -1 -2  0  0 0 -2
  1  1  1  0 0  2
2-2,2-2;1,1 1 3
6 
#1 
6	% 
  0 0 -1  0  1  0
  0 0 -1  1  0  0
  0 0  0 -1 -1 -1
  0 1  0  0 -1  0
 -1 0  1  0  0  0
  0 0  0 -1  0  0
2-2;1,1;1,1 1 6
6 
#1 
6	% 
 -1  2  0  0 0  2
 -1  3  0  0 0  2
  1  0  0  0 1 -1
  0  4  0  1 1  1
  0 -4  1 -1 0  0
 -1  4 -1  0 0  1
2-2;1,1,1;1 1 6
2 
#1 
6	% 
  0  0  1 -1  0  0
  0  0  1  0  1  1
 -1  0  0  0  0  0
  0 -1  1 -1  1  0
  1 -1  0  0  0  0
  0  0 -1  1 -1 -1
2-2,2-2;1;1 2 6
6 
#1 
6	% 
 -1 0 -1  0 0 -1
  0 0 -1  0 1  0
 -1 0  0 -1 0 -1
  0 0 -1 -1 0 -1
 -1 1  0 -1 0  0
  0 1  1  0 0  1
2-2;2-2;1;1 1 14
1 
#1 
6	% 
 0 -1 -1  0 0 -1
 0  0 -1  0 1  0
 0 -1  0 -1 0 -1
 0  0 -1 -1 0 -1
 1 -1  0 -1 0 -1
 0  0  1  0 0  0
2-2;2-2;1,1 1 8
1 
#1 
6	% 
 -1  1 0 0 1 1
 -1  1 0 1 0 1
  1 -1 1 0 0 0
 -1  1 0 0 0 0
 -1  0 0 0 0 0
  0  1 0 0 0 1
2-2;1,1;1;1 1 18
6 
#1 
6	% 
  0  0  1  0 1  1
  0  0 -1 -1 0 -1
  0 -1  0  0 0 -1
  1  0  0  0 0  0
 -1  1 -1  0 0  0
  0  0  1  0 0  0
