#6

2-1,2-1;1,1 3 2
1 
#1 
6	% 
 1 0 0 0 0 0
 0 1 0 0 0 0
 0 0 1 0 0 0
 0 0 0 1 0 0
 0 0 0 0 1 0
 0 0 0 0 0 1
1,1,1,1,1,1 1 1
1 
#1 
6	% 
 1 0 0 0 0 0
 0 1 0 0 0 0
 0 0 1 0 0 0
 0 0 0 1 0 0
 0 0 0 0 1 0
 0 0 0 0 0 1
2-1',2-1';1,1 1 2
1 
#1 
6	% 
 0 0  0  0 -1  0
 0 1  0  0  1  0
 1 0  0  0  0  0
 0 0  1 -1  1  0
 0 0 -1  1 -1  1
 0 0  1  0  1 -1
1,1,1,1;1,1 1 3
4 
#1 
6	% 
  1  0  0  1 1  0
 -1  0  1  0 1  0
 -1  1 -1  0 0  1
  0 -1  1 -1 0 -1
  0 -1  2 -1 1 -1
  1  1 -1  1 0  0
1,1,1,1;1,1 1 2
1 
#1 
6	% 
 0  1  0 0 0  0
 0  1  1 1 1  1
 0  0  1 0 0  0
 1  0  0 0 0  0
 0 -1 -1 0 0 -1
 0  1  1 1 0  0
1,1;1,1;1,1 1 9
2 
#1 
6	% 
  1  0  0 0  0  0
  0  0  0 0 -1  0
  0  0 -1 1  0  1
  0 -1 -1 1 -1  1
 -1  0 -1 0  0  1
  1  1  0 0  1 -1
