#55

2-2;2-2;2-2 1 2
1 
#1 
6	% 
 1 0 0 0 0 0
 0 1 0 0 0 0
 0 0 1 0 0 0
 0 0 0 1 0 0
 0 0 0 0 1 0
 0 0 0 0 0 1
1,1,1,1,1,1 1 1
1 
#1 
6	% 
 1 0 0 0 0 0
 0 1 0 0 0 0
 0 0 1 0 0 0
 0 0 0 1 0 0
 0 0 0 0 1 0
 0 0 0 0 0 1
1,1,1,1,1;1 1 2
12 
#3 
6	% 
  1  0  0  0  0  0
  0  0  1  0  0  0
  1  0  1 -1  0  0
  0 -1  0 -1 -1  1
 -1  1 -1  1  0 -1
  1 -1  1 -1 -1  0
6	% 
 0 -1  1  0 -1  0
 0  0  1  1  0  1
 0 -1  0  1 -1  0
 0  0  1  0  0  1
 1  0 -1 -1  1 -1
 1 -1  1  1 -1  1
6	% 
 -2  1 -1 -1 -1 -1
 -2  1 -1 -1 -1  0
 -2  1 -2 -1 -1 -1
 -2  1 -1  0 -1 -1
  3 -1  2  1  2  1
 -3  2 -2 -1 -2 -1
1,1,1,1;1,1 1 1
1 
#1 
6	% 
 0  0 -1 -1  0 -1
 0  0  0 -1 -1 -1
 0  0 -1  0 -1 -1
 0  0  1  1  1  1
 0 -1  0  0  0  0
 1  1  0  0  0  0
1,1,1;1,1,1 1 2
6 
#1 
6	% 
 -1  1  0  0 0 0
  0  1  0  1 0 0
  0  0 -1 -1 0 1
  0  0 -1  0 1 0
  0 -1  1  0 0 0
  0  1  1  1 0 0
1,1,1,1;1,1 1 3
54 
#4 
6	% 
 0  0  1  0 0 0
 0  1  1 -1 0 0
 0  1  0  0 1 0
 1 -1 -1  1 0 0
 1  0  1 -1 0 0
 0 -1  0  0 0 1
6	% 
  0 1  0  0  0  0
 -1 0  0  1  0  0
  0 0  1  2  1  0
  0 0 -1 -2 -1  1
  0 0 -1 -1 -1  1
  0 0  1  0  0 -1
6	% 
  0  0  0 -1 -1 1
 -2  1 -1 -1 -1 0
 -1  0  0  0  0 0
  1 -1  0  0  1 0
 -1  0  0 -1 -1 0
  1 -1  0  0  0 0
6	% 
  0  1  0  0  0  0
 -1  0  0  1  1 -1
 -1 -1 -1  0  0  0
  1  0  0 -1 -1  0
 -1  0  0  0  0 -1
  1  1  1  1  0  0
1,1,1;1,1,1 1 4
54 
#2 
6	% 
 -1  1  0  0  0  1
 -1  1 -1 -2 -1  1
  2 -1  1  2  1 -1
 -1  0  0 -1 -1  0
  2 -1  1  1  1 -1
 -1  0 -1 -1 -1  1
6	% 
  0 -2 -1  1  1 -1
  1 -2 -1  1  1  0
  0  3  2 -1 -1  2
  0 -2 -1  0  1 -1
  0  3  2  0 -2  1
 -1 -1 -1 -1  0 -1
2-2;1,1,1,1 1 2
2 
#1 
6	% 
  1 0  1  3 -1 1
  1 0  0  0  0 0
  1 1  0  0  0 0
 -1 0 -1 -2  0 0
  1 0  0  1  0 1
 -1 0  0 -1  1 0
2-2;1,1,1,1 1 1
1 
#1 
6	% 
 0 1  0  0  0  0
 1 0  0  0  0  0
 0 0  0 -1 -1 -1
 0 0 -1  0 -1 -1
 0 0 -1 -1  0 -1
 0 0  1  1  1  1
2-2',2-2';1,1 1 1
2 
#1 
6	% 
 0  0 -1 1 1 -1
 0  0  0 1 0  0
 0  0  0 1 1  0
 0  0  1 1 0  0
 0 -1  0 0 0  0
 1  1  0 0 0  0
2-2',2-2';1,1 1 2
4 
#1 
6	% 
  0  0  1  2 -1 1
  1  0  0  0  0 0
  0  1  0  0  0 0
  0 -1 -1 -1  0 0
 -1  0  0  0  0 1
 -1  1  0  0  1 0
2-2',2-2',2-2' 1 1
4 
#1 
6	% 
 0  0  0 -1 -1 1
 0  0  0  0 -1 0
 0 -1 -1 -1  0 0
 1 -1  0 -1 -1 0
 1 -1  0 -1 -1 1
 1  0  0  0 -1 0
1,1,1;1,1;1 1 12
216 
#6 
6	% 
  0  0 -2 -2 -1 1
  0 -1  0  0  0 0
  0  1  2  1  0 0
  1 -1  0  1  0 0
 -1  1  1 -1  0 0
  0  0 -1 -1  0 1
6	% 
  0  0  0  0 -1  1
 -2  1  2  2 -2  2
  4 -2 -3 -3  5 -5
 -1  0  1  1 -1  1
  2  0 -1 -2  2 -2
  0  0  0  0  0  1
6	% 
 0 -3  0  0  0  2
 0  0  1  1 -1  2
 0  4 -1 -1  1 -5
 0  0 -2  0 -1  0
 0  2  1  0  1 -2
 1 -2  0  0  0  1
6	% 
  0 -1  0  0  0  0
  0  0 -1  0  1 -1
  0  2  2  0 -1  3
  0  0  0  1  1 -1
  0  1  0 -1 -1  2
 -1  0  0  0  0  0
6	% 
  2 -1  0  2  0  0
  0  0  0  1 -1 -1
 -4  2  0 -3  0  0
  0  0  0  1  0 -1
 -2  1 -1 -2  0  0
  1  0  0  1  0  0
6	% 
  2 -1  0  0  0  2
  4 -2  2  2 -2  3
 -8  4 -3 -3  3 -6
  2 -1  0  1 -1  1
 -4  2 -2 -2  1 -3
  1 -1  0  0  0  1
2-2;1,1,1;1 1 5
18 
#3 
6	% 
  1  0  0  0  0  0
  2  1  1  1  0 -1
 -2 -1 -1 -1 -1  0
 -3 -1 -2 -1  0  0
 -3 -1 -1 -2 -1  1
 -3 -1 -1 -1 -1  1
6	% 
 0 -1 -1 -1 -1 0
 1  0  0  0  0 0
 1 -1  0  0  0 0
 0  0 -1  0  0 0
 0  0  0 -1 -1 1
 0  0 -1 -1  0 0
6	% 
  0 0 -1 -1 0  1
  1 0  0  0 0  0
 -1 1  0  0 0  0
  0 0  1  0 0  0
  0 0  0  1 1 -1
  0 0  1  1 0  0
1,1,1,1;1;1 1 5
45 
#3 
6	% 
 0  1  1  1  1 -1
 0  1  1  2  1 -1
 1  1  1  1  1 -1
 0 -2 -1 -2 -2  1
 0  2  1  2  1 -2
 1 -2 -1 -1 -1  1
6	% 
  0  0 0 -1  0  0
  0  0 1 -1  0  0
  0  0 0 -1  0 -1
  1 -1 0  2  0  0
 -1  0 0 -2  0  0
  0  0 0  1 -1  0
6	% 
  1  1  1  1  1 -1
  1  2  1  1  1 -1
  0  1  1  1  2 -1
 -1 -2 -2 -1 -1  1
  1  2  1  2  2 -2
  0 -1 -1 -1 -1  2
1,1,1;1,1;1 1 9
54 
#3 
6	% 
  0  2  0  1 0 0
 -1  1  0  0 0 0
  1 -2  0 -1 0 0
  0  1  1  1 0 0
  0  0 -1 -1 0 1
  0  0  0  0 1 1
6	% 
  0 0 -1 0  1  1
  0 0  0 1  0 -1
  0 0  2 0 -1 -1
  0 0  0 0  0  1
 -1 1  0 0  0  0
 -2 1  0 0  0  0
6	% 
  0  0 0 -1  0  2
  0  0 1  0  1  2
  0  0 0  1 -1 -3
  0  0 0 -1  0  1
 -1  0 0 -1  0  0
  0 -1 0  0  0  0
1,1,1;1,1;1 1 2
6 
#1 
6	% 
 0 0  2  2  1 -1
 0 0  1  1  0  0
 0 0 -3 -2 -1  1
 1 0  0  0  0  0
 0 1  0  0  0  0
 0 0  1  1  1  0
2-2;1,1,1;1 1 2
6 
#1 
6	% 
 0 0  0 -1  0  0
 0 0 -1 -1 -1  1
 0 0  1  1  0 -1
 0 1  0  0  0  0
 1 0  0  0  0  0
 0 0 -1 -1 -1  0
2-2',2-2';1;1 1 4
12 
#1 
6	% 
  0 -1  0  1  0  0
 -1  0 -1  1  1 -1
 -1  1 -1  0  1  0
 -1  1  0  1  1 -1
  0  1 -1 -1  0  0
  0 -1  0  0 -1  0
2-2;1,1;1,1 1 3
2 
#1 
6	% 
 0  0 -1 -1 -1 0
 0 -1  0  0  0 0
 1  1  0  0  0 0
 0  0  2  1  1 0
 0  0 -1 -2 -2 1
 0  0  2  2  1 0
1,1;1,1;1;1 1 34
27 
#1 
6	% 
  0  0  0 0  0 -1
  0  0 -1 0  1 -1
 -1  0  0 0  0  0
  0  0  0 1  0  0
  0  0  0 0 -1  0
  1 -1  0 0  0  0
1,1,1;1;1;1 1 10
18 
#1 
6	% 
 0  0 -1 -1 -1  0
 0  0  0  0 -1  2
 0  0  0  1  1 -1
 1  0  0  0  0  0
 1 -1  0  0  0  0
 0  0 -1  0  0  0
1,1,1,1;1;1 1 3
3 
#1 
6	% 
  0  0 -1  0 -1 -1
  0  0 -1 -1  0 -1
  0  0  0 -1 -1 -1
  0  0  1  1  1  1
 -1  0  0  0  0  0
  1 -1  0  0  0  0
1,1;1,1;1,1 1 5
9 
#1 
6	% 
 0 -1  0  0  0  0
 1  1  0  0  0  0
 0  0 -1  0  1 -2
 0  0  1  0 -1  1
 0  0  0 -1  1  0
 0  0  0  1  0  0
2-2;2-2;1,1 1 3
2 
#1 
6	% 
 0 0 -1 -1 -1 0
 0 1  0  0  0 0
 1 0  0  0  0 0
 0 0  2  1  1 0
 0 0 -1 -2 -2 1
 0 0  2  2  1 0
2-2',2-2';2-2 1 1
2 
#1 
6	% 
  0 0 1  0  0 1
  0 0 0 -1  0 1
  0 0 0  0  0 1
  0 0 0 -1 -1 1
 -1 1 0  0  0 0
 -1 0 0  0  0 0
2-2',2-2';1;1 1 2
6 
#1 
6	% 
  0 0  0 -1  0 1
  0 0 -1 -1  0 0
  0 0  0 -1 -1 1
  0 0  0 -1 -1 0
 -1 1  0  0  0 0
  1 0  0  0  0 0
2-2;1,1,1;1 1 6
6 
#1 
6	% 
  1  0  0  0  0  0
  0 -1  0  0  0  0
  0  0  1  0 -1  0
  1  0  0  1  0 -1
  0  0  0  1  1 -1
 -1  0 -1 -1  0  0
1,1;1,1;1;1 1 25
108 
#2 
6	% 
  0 0 0  0 0  1
  0 0 0  1 1 -1
 -1 0 0 -1 0  0
  0 0 0  1 0 -1
 -1 1 0  1 0  0
  0 0 1  0 0  1
6	% 
  0 0 0 -1 0  1
  0 0 0  1 1 -1
  1 0 0  2 0  0
  0 0 0  0 0 -1
 -1 1 0 -2 0  0
  0 0 1  0 0  1
1,1;1,1;1;1 1 9
9 
#1 
6	% 
 0 -1 0 0 0  0
 1  1 0 0 0  0
 0  0 0 0 1  1
 0  0 0 1 0 -1
 0  0 1 1 0 -1
 0  0 0 0 0  1
2-2;2-2;1;1 1 7
6 
#1 
6	% 
 1  0  0  0  0  0
 1 -1  0  0  0  0
 0  0  0  1  0 -1
 0  0  1  0 -1  0
 0  0  0  1  1 -1
 0  0 -1 -1  0  0
2-2;1,1;1,1 1 6
36 
#2 
6	% 
 1  0  0  0  0 0
 1 -1  0  0  0 0
 0  0  0 -1 -1 0
 0  0  0 -1 -1 1
 0  0  1  0  0 0
 0  0 -1  0  1 0
6	% 
 -1  0  0  0  0 0
  1 -1  0  0  0 0
  1 -1  0 -1  0 1
  2 -1  0 -1 -1 1
 -2  1 -1  0  1 0
  1  0  1  1  0 0
1,1,1;1;1;1 1 15
54 
#2 
6	% 
  0  1  0  1  1 -1
  0 -1 -1 -1 -2  1
 -1  0  0  0  0  0
  0 -1 -1  0  0  0
 -1  1  0  0  0  0
  0  1  1  1  1 -2
6	% 
  2 -1 0 1 0 -1
 -2  1 0 0 1  1
 -1  0 0 0 0  0
 -2  1 0 0 0  1
  1 -1 0 0 0  0
  2 -1 1 1 0 -1
1,1;1,1;1,1 1 10
54 
#1 
6	% 
 -1  1  0  0 -1 -1
  0 -1  0  1  1 -1
  0  0 -1 -1  0  1
 -1  0  0  0 -1 -1
  0  0 -1 -1 -1  0
  0  1  1  1  0  0
2-2,2-2;1,1 2 2
12 
#1 
6	% 
  0  0  1  2 -1 1
  1  0  0  0  0 0
  0  1  0  0  0 0
  0 -1 -1 -1  0 0
 -1  0  0  0  0 1
 -1  1  0  0  1 0
2-2,2-2;1,1 2 1
6 
#1 
6	% 
 0  0 -1  3 1 -2
 0  0 -2  2 3 -3
 0  0 -2  1 4 -3
 0  0  0 -3 1  1
 0 -1  0  0 0  0
 1  1  0  0 0  0
2-2;1,1;1,1 1 5
9 
#1 
6	% 
 1  0  0  0  0  0
 1 -1  0  0  0  0
 0  0  1  2  1 -1
 0  0 -1 -1  0  1
 0  0  1  1  1 -1
 0  0 -1 -1 -1  0
2-2,2-2;1,1 1 2
12 
#1 
6	% 
  0 0 -1 -1  0  1
  0 1  0  2  0  0
 -1 1 -2  2  2 -2
  0 0  1  1  0  0
  0 0  0 -1 -1  1
  0 0  1  0  0  0
2-2,2-2;1;1 2 2
18 
#1 
6	% 
  0  0  1 1 -2  1
  0  0 -1 3  1 -2
  0  0 -2 4  3 -4
  0  0 -2 1  4 -3
 -1  0  0 0  0  0
  1 -1  0 0  0  0
2-2,2-2;1;1 1 4
36 
#1 
6	% 
 -1  0 -1  0  1 -1
 -1  1 -1  1  1 -1
  2 -1  1 -1 -2  1
  2 -1  2  0 -1  1
  1 -2  0 -2 -1  1
 -1  2 -1  1  1  0
2-2,2-2,2-2 2 1
72 
#2 
6	% 
  0 -1  0 -1  0  0
 -1  0 -1  0  1 -1
  0  1  0 -1 -1 -1
  1  0  0  1  1 -2
  0  0  0  1  1 -1
  0  0  0  1  1  0
6	% 
 -1  0 0 -1  0 1
  0 -1 0 -1 -1 1
  2  0 1 -2 -1 1
  0  2 2 -1 -2 2
 -1  2 1  0 -1 1
 -2  1 0  1  0 0
2-2,2-2;1;1 2 4
36 
#1 
6	% 
 1 0  0  0 0  0
 0 1  0  0 0  0
 0 0  0  0 0 -1
 0 0 -1 -1 0  0
 0 0  1  0 0  0
 0 0  0  1 1  0
2-2;2-2;1,1 1 2
1 
#1 
6	% 
 0 -1  0  0  0 0
 1  1  0  0  0 0
 0  0  1  1  0 0
 0  0 -1 -1 -1 0
 0  0  1  0  0 1
 0  0  0 -1 -1 0
2-2',2-2';2-2 1 2
4 
#1 
6	% 
  0 1  0  0  0 0
 -1 1  0  0  0 0
  1 0  1  0  0 1
  0 0 -1 -1 -1 0
  0 1  1  0  0 0
 -1 1 -1 -1  0 0
2-2;1,1;1;1 1 16
36 
#2 
6	% 
 1  0  0  0  0  0
 1 -1  0  0  0  0
 0 -1 -1  0  1  0
 0 -2 -1 -1  0  0
 0  2  0  1  1 -1
 0 -1  0  0 -1  0
6	% 
  2 -1  1  1  0 -1
 -2  1 -1 -1 -1  0
 -1  1 -1  0  0  0
 -2  1 -1 -1 -1  1
  2 -1  1  2  1 -1
 -1  0 -1 -1  0  0
1,1;1;1;1;1 1 28
27 
#1 
6	% 
  0  0 -1 -1 -1  0
  0  0  1  2  1 -1
 -1  0  0  0  0  0
  0  0  1  1  0 -1
  1 -1  0  0  0  0
  0  0 -1 -1 -1  1
2-2;1,1;1;1 1 14
9 
#1 
6	% 
 1 0  0  0  0  0
 0 1  0  0  0  0
 0 0  1  1  0 -1
 0 0 -1 -2 -1  1
 0 0 -1 -1 -1  0
 0 0  1  1  1 -1
2-2;1,1;1;1 1 12
6 
#1 
6	% 
 1 0 0  0  0  0
 0 1 0  0  0  0
 0 0 1  0  0  1
 0 0 0 -1 -1  1
 0 0 1  1  0  0
 0 0 0  0  0 -1
2-2;1;1;1;1 1 14
18 
#1 
6	% 
  1 0  0  0  0  0
 -1 1  0  0  0  0
  0 0  0  0 -1  0
  0 0  0  1  0 -1
  0 0  0  1  1  0
  0 0 -1 -1  0  0
2-2;1,1;1;1 1 8
6 
#1 
6	% 
  0  0 -1 -1 -1  0
 -1  0  0  0  0  0
  1 -1  0  0  0  0
  0  0  2  1  1  0
  0  0  1  2  2 -1
  0  0  2  2  1  0
2-2,2-2;2-2 2 1
6 
#1 
6	% 
  0 0  0  0 -1 -1
  0 0 -1 -1 -1  0
  0 0 -1 -1 -1  1
  0 0 -1  0  1  1
 -1 1  0  0  0  0
 -1 0  0  0  0  0
2-2;2-2;1;1 1 6
3 
#1 
6	% 
 -1  0  0  0  0  0
  1 -1  0  0  0  0
  0  0  0  1  0 -1
  0  0 -1  0  1  0
  0  0  1  1  0  0
  0  0  0 -1 -1  1
2-2;1,1;1;1 1 18
36 
#2 
6	% 
 1  0  0  0  0  0
 1 -1  0  0  0  0
 0  0  1  0  0  0
 0  0  0  1  1 -1
 0 -2 -1 -1 -1  0
 0  2  0  0  1  0
6	% 
  1 0  0  1  0  0
 -1 1  0 -1  0  0
  0 0  1  0  0  1
  0 0  1  0 -1  0
  0 0 -1  1  1 -1
  0 0  1  0  0  0
2-2,2-2;2-2 2 2
12 
#1 
6	% 
  0 1  0 0 0  0
 -1 1  0 0 0  0
  0 1  1 0 0  0
  0 0 -1 1 1 -1
 -1 1  1 0 0  1
 -1 0 -1 0 1  0
2-2,2-2;2-2 1 2
12 
#1 
6	% 
  0 1  0 -1  0  0
 -1 1 -1  0  1 -1
  0 0  0  1  1 -1
  0 0 -1 -1 -1  0
  0 0  0  1  1  0
  0 0  0  0 -1  0
