#35

3;1;1;1 1 9
1 
#1 
6	% 
 1 0 0 0 0 0
 0 1 0 0 0 0
 0 0 1 0 0 0
 0 0 0 1 0 0
 0 0 0 0 1 0
 0 0 0 0 0 1
1,1,1,1,1,1 1 1
1 
#1 
6	% 
 1 0 0 0 0 0
 0 1 0 0 0 0
 0 0 1 0 0 0
 0 0 0 1 0 0
 0 0 0 0 1 0
 0 0 0 0 0 1
1,1,1,1,1;1 1 2
8 
#2 
6	% 
  0  1  1  0  0 -1
 -1  0  0 -1  0 -1
 -1  0  1  0  1 -1
  0 -1  0 -1 -1  0
  1  0 -1  1  0  1
 -1  0  1 -1  1 -2
6	% 
  0  0  0  1  0 -1
  0  0  1  0  0 -1
  1 -1  1  1  1  0
  0  0  0  0  1 -1
 -1  0 -1 -1 -1  1
  0 -1  1  1  1 -1
2-1;1,1,1;1 1 8
6 
#2 
6	% 
  1 -1 0  0 0  1
 -1 -1 0  0 0  0
  0  1 0  0 1 -1
  0  1 0 -1 0 -1
  0 -1 1  0 0  0
  0 -1 0  0 0  0
6	% 
 -1 -1  1 1 1  0
 -1  1  0 0 0 -1
  1  0 -1 0 0  1
  1  0  0 0 0  0
 -1  0  0 0 1 -1
 -1  0  0 1 0  0
1,1,1,1;1,1 1 3
18 
#3 
6	% 
  0  0 -1 1  0  1
  1 -1  2 0 -1  0
  0 -1  0 0 -1  1
  0  1 -1 0  1 -1
  1  0  1 0  1 -1
 -1  0  0 0  0  0
6	% 
 -1 1  0  0  0 -1
 -2 0 -1 -1  1 -1
  0 0  0  0  1  0
  1 0  0  1 -1  1
 -1 0 -1 -1  0  0
  0 0  1  1  0  0
6	% 
 -2 0 -1  1  1 -1
  1 1  0  1  1  0
  1 0  0 -1  0  0
  0 0  0  0 -1  1
  0 0 -1  1  0  1
 -1 0  0  0  1 -1
1,1,1,1;1,1 1 2
1 
#1 
6	% 
 0  0  0 1 0 1
 0  0  1 0 1 1
 0  0 -1 0 0 0
 1  1  0 0 0 0
 0 -1  0 0 0 0
 0 -1  0 0 0 1
2-1;1,1;1,1 1 9
6 
#1 
6	% 
  1 -1 -1 -1  1 1
 -1 -1  1  1  1 0
  0  1  0  1 -1 0
 -1  0  1  1 -1 0
  1  0 -1 -1  0 1
  0 -1 -1  0  1 1
1,1,1;1,1,1 1 3
12 
#2 
6	% 
  0  0 -1 -1  0  0
 -1 -1  0  0  1 -1
  0  1  0  0  0  0
  0  0  0  1 -1  1
  0  1  0  0 -1  0
  0  0  0 -1  0  0
6	% 
 -1 -1 -1 -1 -1  0
  0  0 -1  0  1  0
 -1  0  0 -1 -1 -1
  1  1  0  0  1  0
  0  1  1  1  0  0
 -1 -1 -1 -1  0  0
2-2;1,1,1,1 1 2
4 
#1 
6	% 
  1  0  1  0  0  0
  1  0 -1  0  0  1
  0 -1  0 -1 -1  0
 -1  1  0  0  1 -1
  1 -1  0 -1  0  0
 -1  1  0  1  1 -1
1,1,1,1;1;1 1 5
15 
#2 
6	% 
  1  1  0 0  0  0
  0  2  0 0  2 -1
  0  1  0 0  1 -1
  1 -2  0 1 -2  2
 -1  2 -1 0  2 -1
  0 -1  0 0  0  0
6	% 
  0  0 -1  1 0  1
 -1  1 -1  1 0  0
 -1  0 -1  0 0  0
  1 -1  2 -1 0 -1
 -1  1 -2  1 1  0
  0 -1  1  0 0  0
1,1,1;1,1;1 1 10
42 
#5 
6	% 
 -1  1 -1 -1  0 -1
 -1  1  0  0  1 -1
  2 -2  1  1 -2  2
  0  1  0 -1  0 -1
 -1  0 -1  1  0  1
  0  0  0  0 -1  1
6	% 
 -2 0 -1  1  0  0
 -4 0 -1  1  0 -1
  9 1  3 -3  0  1
 -1 0 -1  0 -1  0
 -2 0  0  1  0  0
  0 0  0  0 -1  1
6	% 
  0  0  1 1 1  0
 -1  1  1 0 0 -1
  2 -2 -3 0 0  2
  0  0  0 1 0  1
 -1  0  1 0 0 -1
 -1 -1  0 0 0  0
6	% 
  0  0 0 -1 -1 -1
  0  0 0  0  0  1
  0  0 1  1  1 -1
  0  0 0  0 -1  0
  0 -1 0  0  0  1
 -1 -1 0  0  0  0
6	% 
  0  0  1 -1  1 -2
 -1  1  1 -1  0 -2
  1 -1 -2  2 -2  5
  0  0  0 -1  0 -1
 -1  0  1  0  0 -1
 -1 -1  0  0  0  0
1,1,1;1,1;1 1 7
6 
#1 
6	% 
  0 0 0 -2 -1 -1
  0 0 0 -2  0 -1
  0 0 1  3  1  1
 -1 0 0 -1  0 -1
 -1 1 0  0  0 -1
  0 0 0 -1  0 -1
2-2;1,1,1;1 1 5
8 
#1 
6	% 
 -1  1  1 -1  1 -2
  0  1  0 -1  0 -1
  1  0  0  1  0  1
  1 -1  0  2 -1  2
  1 -1 -1  2 -1  3
  1 -1 -1  2  0  2
1,1,1,1;1;1 1 4
1 
#1 
6	% 
  0 0 1  2  1  2
  0 0 0  1  0  1
  0 0 0 -3 -1 -2
  0 0 0  2  0  1
 -1 0 0 -1  0 -1
  0 1 0 -1  0 -1
2-1;1,1;1;1 1 27
3 
#1 
6	% 
 1  3  0  0  0 -1
 0 -1  0 -1  0  0
 0 -2  0  0  0  1
 0 -1  0  0 -1  1
 0 -1  0  0  0  1
 0  1 -1  0  0  0
2-1;1,1;1;1 1 25
12 
#2 
6	% 
 -1 -1  1  1 -1  0
  0 -1  0  0 -1  1
  1 -1  0  0  0  1
  1  0  0 -1  0  0
 -1  0  0  0  0 -1
  0  1 -1  0  0  0
6	% 
 -1  1  0  0 0 -1
 -1  0 -1  0 0  0
 -1 -1  0  0 0  0
  0 -1  0  0 1  0
  0  1  0 -1 0 -1
  1  0  0  0 0  1
3;1,1,1 1 3
1 
#1 
6	% 
  2 0 0  0  0  1
  1 1 0  0  0  0
  1 0 0  0 -1  1
  1 0 0 -1  0  0
 -1 0 1  0  0 -1
 -1 0 0  0  0  0
1,1,1;1;1;1 1 9
6 
#1 
6	% 
  0 0  0 0  1 0
  0 0  0 1  1 0
  0 1  0 0  0 0
 -1 0  0 0  0 0
  0 0 -1 0  0 0
  0 0  0 0 -1 1
1,1;1,1;1,1 1 7
6 
#1 
6	% 
  0  0 -1 -1 -2  0
  0  1  1  1  2 -1
 -1  0  1  0  1 -1
  1  1  0  0  1 -1
  0 -1  0  1  1  1
  0  1 -1 -1 -1 -1
1,1;1,1;1;1 1 14
12 
#1 
6	% 
  0  0 -1 -1 -1  0
  0  1  1  0  1 -1
  1 -1 -1  2  0  3
 -1  1  1 -1  0 -2
  1 -1 -1  2  1  2
  0  1  0 -1 -1 -1
1,1,1;1;1;1 1 8
6 
#1 
6	% 
  0  0 1 -1  0 -1
  0  0 0  1 -1  1
 -1  0 0 -1  0 -1
 -1 -1 0  0  0  0
  0  0 0 -1  0  0
 -1  0 0  1  0  0
1,1,1;1;1;1 1 19
4 
#2 
6	% 
  3  1 -1 -1  1 1
  1  1  0  0  0 0
 -2 -1  0  1 -1 0
  2  1 -1  0  1 1
  2  1 -1 -1  0 1
  2  1 -1 -1  1 0
6	% 
  2 0  1 1  1 1
  1 1  0 0  0 0
 -1 0 -1 0 -1 0
  1 0  1 1  0 1
  1 0  1 1  1 0
  1 0  0 1  1 1
1,1;1,1;1,1 1 6
3 
#1 
6	% 
 -3 1  0  0  0 -2
  1 0  1  2  0  0
  2 0  0  0  0  1
  0 0 -1 -1  0  1
  0 0  0 -2  1 -1
  1 0  0  2 -1  1
1,1;1,1;1;1 1 36
12 
#2 
6	% 
 -1 -1  2  2 -2 0
  1 -1  1 -1 -1 1
  1  0  0 -1  1 0
  0  1 -1  0  1 0
  0 -1  1  1 -1 1
  1  0 -1 -1  0 1
6	% 
 -1 -1  1 -1 -1 0
  1 -1  1  1  1 1
  1  0  0  0  1 0
  0  1 -1  0  0 0
  0 -1  0  0  0 1
  1  0  0  1  0 1
1,1;1,1;1;1 1 13
3 
#1 
6	% 
 -3 1  0  0  0 -2
 -1 0 -1  0 -1  0
 -1 0  1  1  1  0
 -1 0 -1 -1  0 -1
  1 0 -2 -1 -1  1
  2 0  0  0  0  1
2-2;1,1;1,1 1 4
4 
#1 
6	% 
 -1 -1  0  0  0  0
  0  1  1  1  2 -1
  0  1 -1 -1 -2  0
  0  0  0  0 -1  0
  0  0 -1  0 -1  1
  0  0  0 -1 -1  0
1,1;1,1;1;1 1 21
3 
#1 
6	% 
  0 0  0 -1 -2 0
  0 0  1  1  2 0
  0 0 -2  0 -2 1
 -1 0 -1  0 -1 0
  0 0  1  0  1 0
  0 1 -1  0 -1 0
2-1;1;1;1;1 1 24
3 
#1 
6	% 
  0 1 0 0 -1  0
 -1 0 0 0 -1  0
  0 0 0 1  1  0
  0 0 0 0  2 -1
  0 0 1 0 -1  0
  0 0 0 0 -1  0
1,1;1;1;1;1 1 23
3 
#1 
6	% 
  0  0  0 1  0  1
 -1  0  0 0  1 -1
 -1 -1  0 0  0  0
 -1  0  0 0  0 -1
  0  0 -1 0 -1  1
  0  0  0 0  1 -1
1,1;1;1;1;1 1 47
8 
#2 
6	% 
  1 -1  1  1  1 1
 -1  0 -1 -1 -1 0
  0 -1  1  0  1 0
  1  0  0  1  1 1
  0 -1  1  1  0 1
  1  1  0  0  0 0
6	% 
  1 -1  1 -1 -1 1
 -1  0 -1  1  1 0
  0 -1  1 -1  0 0
  1  0  0 -1 -1 1
  0 -1  1  0 -1 1
  1  1  0  0  0 0
3;1,1;1 1 7
2 
#1 
6	% 
 -1  1 1  1 1 -1
 -1  0 0  0 1 -1
  0 -1 0 -1 0  0
 -1  0 1  0 0 -1
  0 -1 0  0 0  0
 -1 -1 0  0 0  0
2-2;1,1;1;1 1 9
4 
#1 
6	% 
  1 0  2 -1  2 -1
 -1 1  0  0  0 -1
  1 0 -2  1 -2  2
  0 0 -1  1 -2  1
  0 0 -2  1 -1  1
  0 0 -2  1 -2  2
3;1,1;1 1 13
1 
#1 
6	% 
  0 0 0  0 -1  1
  0 0 0 -1  0  0
  0 0 1  0  0 -1
  0 1 0  0  0 -1
 -1 1 0  0  0 -1
  0 0 0  0  0 -1
1,1;1;1;1;1 1 49
1 
#1 
6	% 
 -3 1 0  0  0 -2
 -1 0 1  0  0 -1
 -1 0 0  0 -1  0
 -1 0 0 -1  0 -1
  1 0 0  0  0  0
  2 0 0  0  0  1
1;1;1;1;1;1 1 32
1 
#1 
6	% 
  1 1 0 0 0  0
 -1 0 0 0 0  0
  1 0 0 0 1  0
  1 0 1 0 0  0
 -1 0 0 1 0  0
 -2 0 0 0 0 -1
