#8

2-2;2-2;1;1 1 15
1 
#1 
6	% 
 1 0 0 0 0 0
 0 1 0 0 0 0
 0 0 1 0 0 0
 0 0 0 1 0 0
 0 0 0 0 1 0
 0 0 0 0 0 1
1,1,1,1,1,1 1 1
1 
#1 
6	% 
 1 0 0 0 0 0
 0 1 0 0 0 0
 0 0 1 0 0 0
 0 0 0 1 0 0
 0 0 0 0 1 0
 0 0 0 0 0 1
1,1,1;1,1,1 1 3
4 
#2 
6	% 
 -1 -1 -1 -1  1  1
  1 -1  1 -1  1  2
 -1  0 -1  1 -1 -1
  1  0  1  0  1  1
 -1  1  0  1  0 -2
  0 -1  0 -1  1  2
6	% 
 -1  0 0  0  0  0
  0  0 0  1 -1 -1
  1  0 0  0  1  1
 -1  0 1  0  0 -1
  0  0 0 -1  0  1
  0 -1 0  0  0  0
1,1,1,1;1,1 1 3
3 
#1 
6	% 
 -1 -1  1  0 -1 -1
 -1 -1  1 -1 -1  0
  0  1  0 -2  1  1
  1  1 -1  1  0  0
  0 -1  1  0 -1  0
 -1 -1  0  0  0 -1
2-2',2-2';1,1 1 3
1 
#1 
6	% 
 1  0  1 -2  0  0
 0 -1  2  2  0 -1
 0  0  2  1 -1 -3
 1  0 -1 -2  1  2
 1 -1  2  1  0 -1
 0 -1 -1  1  1  2
1,1;1,1;1;1 1 36
3 
#1 
6	% 
 1 -1  1 -1 -1 0
 0  0  0  0  1 0
 0  0  0  1  1 0
 0  1  0  0  0 0
 1  0  0  0  0 0
 0  0 -1  0  1 1
2-2,2-2;1,1 1 3
1 
#1 
6	% 
  1 -1  1 -1  0  0
  1  0 -2 -1  1  3
  0  1 -1 -2 -1  0
  0  1 -1 -1  0  1
 -1  0  1  1  0 -1
  0  0  1 -1 -1 -1
2-2,2-2;1;1 2 5
1 
#1 
6	% 
  2  2  2 -1 -1 -2
 -1 -2  1  2 -2 -1
  2 -1  2  2 -2 -2
  2  0  2  0 -1 -1
 -1 -2  0  1  0  1
  0  1 -1 -2  2  2
