#47

4-3;1;1 1 2
1 
#1 
6	% 
 1 0 0 0 0 0
 0 1 0 0 0 0
 0 0 1 0 0 0
 0 0 0 1 0 0
 0 0 0 0 1 0
 0 0 0 0 0 1
1,1,1,1,1,1 1 1
1 
#1 
6	% 
 1 0 0 0 0 0
 0 1 0 0 0 0
 0 0 1 0 0 0
 0 0 0 1 0 0
 0 0 0 0 1 0
 0 0 0 0 0 1
1,1,1,1,1;1 1 2
12 
#2 
6	% 
  0 0  0  1  0 -1
  0 0  1  0  0 -1
  1 1  1  1  1  0
  0 0  0  0  1 -1
 -1 0 -1 -1 -1  1
  0 1  1  1  1 -1
6	% 
  0  1 -1  0 1  0
  0  1  0  0 0  0
 -1  0 -1 -1 0  1
  0  1  1 -1 0  0
  1 -1  0  1 0 -1
 -1  1  0 -1 0  0
2-1;1,1,1;1 1 8
30 
#2 
6	% 
  1  0  0  0 0  0
  1 -1  0  0 0  0
 -1  1  1  0 0 -1
 -1  1 -1  0 1  0
  1 -1  1 -1 0  0
  1 -1 -1  0 0  0
6	% 
  1  0  0  0 0 0
  0  1  0  0 0 0
 -1 -1 -1  0 0 1
 -1 -1 -1  0 1 0
  1  1  1 -1 0 0
  1  1  1  0 0 0
1,1,1,1;1,1 1 3
50 
#3 
6	% 
 0  1  0 -1  1  1
 1  1  2  0 -1 -1
 0  0  0 -2 -1  0
 0 -1 -1  2  1  0
 0  1  1  2  0 -1
 0  0  0 -3  0  1
6	% 
  1  1 -1  1  2 -1
 -1 -1  0 -1  1  0
 -1  0  1 -1 -1 -1
  1  0  0  1 -1  1
  0 -1  0 -1  1  1
  0  1 -1  1  1 -2
6	% 
 0  1  0 -1 0  0
 1  1  0  2 1 -1
 0  0  1  0 0  0
 0 -1 -1 -1 0  1
 0  1 -1  1 1  0
 0  0  1 -1 0  0
1,1,1,1;1,1 1 1
1 
#1 
6	% 
 0  0 -1 -1  0 -1
 0  0  0 -1 -1 -1
 0  0 -1  0 -1 -1
 0  0  1  1  1  1
 0 -1  0  0  0  0
 1  1  0  0  0  0
2-1;1,1;1,1 1 11
30 
#1 
6	% 
 0 1  0  1 1 -1
 1 0  0  1 1 -1
 0 0  1 -1 0  0
 0 0 -1  0 0  1
 0 0 -1  0 0  0
 0 0 -1  0 1  0
1,1,1;1,1,1 1 4
30 
#1 
6	% 
 -1  0  0  0 -1  0
  0  0 -1  1  0  1
  1  0  0 -1  1 -1
  0  1  0 -1  0  1
  0 -1  0 -1  1 -1
  0  0  1  1 -1  0
1,1,1;1,1,1 1 2
10 
#1 
6	% 
  0  1  0  0  0  0
  1  1  0  1 -1  0
  0  0 -1 -1 -1 -1
  0  0  0  0  0  1
 -1 -1  1  0  1  0
  1  1  1  1  0  0
2-2;1,1,1,1 1 2
10 
#1 
6	% 
 0 0 1 -1 0  0
 1 0 0  0 0  0
 0 1 0  0 0  0
 0 0 0  1 0 -1
 0 0 0 -1 1  0
 0 0 0  1 0  0
1,1,1;1,1;1 1 12
120 
#3 
6	% 
  1  1  0  0  0  0
  2  2  0  1 -2  1
 -4 -4 -1 -1  4 -1
  1  1  1  1 -1  0
 -2 -2 -2 -1  2  0
  1  0  0  0  0  0
6	% 
 -1 -1  0  0  0 -2
 -2 -2  0 -1  1 -3
  4  4  0  1 -1  8
 -1 -1  0 -1  0 -1
  2  2 -1  0 -1  5
 -1  0  0  0  0 -1
6	% 
  0  0  0 -2  0  1
 -1  1 -1 -2 -1  2
  2 -2  1  6  1 -4
  0  1 -1 -1  0  1
  1 -1  1  3  0 -2
  0  0  0 -1  0  0
2-2;1,1,1;1 1 5
30 
#2 
6	% 
 -1 -1 -2 -1 -1 -1
  0  1  0  0  0  0
 -1  0  0  0  0  0
  0  0  1  0  0  1
  0  0  1  0  1  0
  0  0  1  1  0  0
6	% 
  1  0  0  0  0  0
  1 -2 -1  2 -1 -1
 -1  2  1 -1  1  1
 -2  3  1 -2  1  2
 -2  3  1 -2  2  1
 -2  3  2 -2  1  1
4-3';1;1 1 2
6 
#1 
6	% 
 0 0 -1  1  0  1
 0 0  1 -1 -1  0
 0 0 -1  1  1 -1
 0 0  1  0 -1  1
 0 1  0  0  0  0
 1 0  0  0  0  0
1,1,1,1;1;1 1 5
35 
#2 
6	% 
 0  0 0  1 -1  0
 0  0 0  1  0 -1
 0 -1 0  1 -1  0
 0  0 0 -1  1  1
 0  0 1  1 -1 -1
 1  0 0 -1  1  0
6	% 
  1  0  0 -1  1  1
  0  1  0 -1  1  1
  1  1  1 -1  0  1
 -1 -1 -1  1 -1 -1
  1  1  1 -2  1  1
 -1 -1 -1  1 -1  0
1,1,1,1;1;1 1 3
1 
#1 
6	% 
 0 0 -1 -1  0 -1
 0 0  0 -1 -1 -1
 0 0 -1  0 -1 -1
 0 0  1  1  1  1
 0 1  0  0  0  0
 1 0  0  0  0  0
1,1,1;1,1;1 1 9
50 
#2 
6	% 
  0 0 0 -2 0  1
  0 0 1 -1 0  0
  0 0 0  3 1 -2
  0 0 0 -1 0  0
  0 1 0  0 0  2
 -1 1 0  0 0  0
6	% 
 0  2  1  0 -1  0
 0  1  0  0  0  0
 1 -3 -1  0  1  0
 0  1  1  1  0 -1
 0  0  0 -1  0  1
 0  0  0  0  0  1
2-1;1,1;1;1 1 26
15 
#1 
6	% 
 0 -1  0  0 0 0
 1  1  0  0 0 0
 0  0 -1  0 0 1
 0  0 -1  0 1 0
 0  0  1 -1 0 0
 0  0  1  0 0 0
2-1;1,1;1;1 1 32
60 
#2 
6	% 
 -1  0  0 -2 -2  2
  0 -1  0  2  2 -2
 -1  1  1 -4 -4  4
  1 -1  1  4  3 -4
  1 -1  1  3  4 -4
  1 -1 -1  4  4 -3
6	% 
 0 1  0 0 0  0
 1 0  0 0 0  0
 0 0  1 0 0 -1
 0 0 -1 1 0  0
 0 0 -1 0 1  0
 0 0 -1 0 0  0
1,1,1;1;1;1 1 19
20 
#2 
6	% 
 1 1  0 0 0  0
 0 1  0 0 0  0
 0 0  1 0 0 -1
 0 0 -1 0 1  0
 0 0 -1 0 0  0
 0 0 -1 1 0  0
6	% 
  1  0  0 0  0 0
  1 -1  0 0  0 0
 -1  0 -1 0  0 1
  1  0  1 0 -1 0
  1  0 -1 1  0 0
  1  0 -1 0  0 0
1,1;1,1;1;1 1 9
15 
#1 
6	% 
 0 -1  0 0  0  0
 1  1  0 0  0  0
 0  0  1 0 -1  0
 0  0 -1 0  1  1
 0  0 -1 0  0  1
 0  0  1 1 -1 -1
1,1;1,1;1,1 1 5
15 
#1 
6	% 
 1 0  0  0  0  0
 0 1  0  0  0  0
 0 0 -1  0  0  0
 0 0  1  2  0 -1
 0 0 -1  1  0  0
 0 0  1 -2 -1  0
4-3';1,1 1 1
6 
#1 
6	% 
 0 0  1 -1  0  1
 0 0 -1  1 -1  0
 0 0  1  0  1 -1
 0 0  0 -1 -1  1
 1 0  0  0  0  0
 0 1  0  0  0  0
1,1,1;1;1;1 1 15
30 
#1 
6	% 
  1 -1  1 0  0 0
 -1  1 -1 0  0 1
  0  1  0 0  0 0
 -1  1 -1 1  0 0
  1  0  0 0  0 0
  1 -1  1 0 -1 0
1,1;1,1;1;1 1 39
60 
#2 
6	% 
  2 -1  2 0 -1 -1
 -1  2 -2 1  0  0
  1 -1  1 0  0 -1
 -1  1 -1 0  0  0
 -1  1 -1 0  1  0
 -1  1 -1 1  0  0
6	% 
  0 -1  0  0  0  1
 -1  0  0 -1  1  0
  1  0  1  0 -1  0
  0  1 -1  0  0  0
 -1  0  1 -1  0  0
  0  1  1  0  0 -1
1,1,1;1,1;1 1 2
10 
#1 
6	% 
 0 0 -2 0  0  1
 0 0 -2 1  1  0
 0 0  3 0 -1 -1
 1 0  0 0  0  0
 0 1  0 0  0  0
 0 0 -1 0  0  0
2-2;1,1;1,1 1 3
10 
#1 
6	% 
 0  0 0  0 1 -1
 0 -1 0  0 0  0
 1  1 0  0 0  0
 0  0 0 -1 0  1
 0  0 1  0 0 -1
 0  0 0  0 0  1
1,1;1,1;1;1 1 34
15 
#1 
6	% 
 0 0  1 -1  0 -1
 0 0 -1  2  0  0
 0 1  0  0  0  0
 0 0  0  1  1  0
 0 0  0 -1 -1  1
 1 0  0  0  0  0
1,1,1;1;1;1 1 10
10 
#1 
6	% 
 0  0  0 0 1 0
 0  0  0 1 0 0
 0  0  0 0 0 1
 0 -1  0 0 0 0
 1  0  0 0 0 0
 0  0 -1 0 0 0
2-1;1;1;1;1 1 35
15 
#1 
6	% 
 0 1  0  0  0 0
 1 0  0  0  0 0
 0 0 -1  0  0 1
 0 0  1  0 -1 0
 0 0  1 -1  0 0
 0 0  1  0  0 0
2-2;1,1;1,1 1 6
20 
#1 
6	% 
  0 1  0 -1  0 0
 -1 0  0 -1  0 0
  0 0  0 -1  0 1
  0 0  0 -1  1 1
  0 0 -1  1 -1 0
  0 0  1  0  0 0
1,1;1,1;1;1 1 25
60 
#1 
6	% 
  1 -1  1  0  0 -1
  0  0 -1  0  0  0
 -2  1  0  0 -1  1
  1 -1 -1  0  1  0
  1 -2  0  0  1 -1
  0  0  1 -1  0  0
1,1;1,1;1,1 1 10
30 
#1 
6	% 
  0 0 -1  0 -1  1
  0 0  1  1  1 -2
  0 1  0  0  0  0
  0 0  1  1  0 -1
 -1 0  0  0  0  0
  0 0 -1 -1 -1  1
2-2;1,1,1;1 1 6
10 
#1 
6	% 
 1  1  0  1 -1 0
 0  1  0  1 -1 0
 0  0 -1  1  1 0
 0  1  0  0 -1 1
 0  0  1 -1 -1 1
 0 -1  0 -1  0 0
3;1,1,1 1 3
5 
#1 
6	% 
  1  0  0 0  0  0
  0  1  0 0  0  0
  1  1  1 0  0 -1
  1  1  1 0 -1  0
 -1 -1 -1 1  0  0
 -1 -1 -1 0  0  0
2-2;1,1;1;1 1 16
20 
#1 
6	% 
  0  1  0  0  0  0
 -1  0  0  0  0  0
 -1 -1  0  0 -1  1
 -2 -2 -1  1 -1  1
  2  2  1 -1  0 -1
 -1 -1  0  1  0  0
1,1;1;1;1;1 1 54
40 
#2 
6	% 
  0  1  0  0  0 0
 -1  0  0  0  0 0
 -1 -1 -1  0  1 0
 -1 -1  0 -1  1 0
 -1 -1  0  0  1 0
  1  1  0  0 -1 1
6	% 
  0 1  1 -1  0 -1
 -1 0 -1  1  0  1
  0 0  0  0 -1  1
  0 0  0  1 -1  0
  0 0 -1  0  1  0
  0 0  0  0 -1  0
1,1;1;1;1;1 1 28
15 
#1 
6	% 
 0 0 0  0  1 -1
 0 0 0  1 -1  1
 0 1 0  0  0  0
 0 0 0  1 -1  0
 1 0 0  0  0  0
 0 0 1 -1  1 -1
2-2;1,1;1;1 1 8
10 
#1 
6	% 
 0 0  1  0  0  0
 0 1  0  0  0  0
 1 0  0  0  0  0
 0 0 -1  0  0 -1
 0 0 -1  0 -1  0
 0 0 -1 -1  0  0
3;1,1;1 1 11
10 
#1 
6	% 
  0  1  0 0  0  0
  1  0  0 0  0  0
  1  1  1 0  0 -1
  1  1  1 0 -1  0
 -1 -1 -1 1  0  0
 -1 -1 -1 0  0  0
2-2;1,1;1;1 1 18
20 
#1 
6	% 
 -1  0 -2  0  0  0
  0  1  2  0  0  0
  0  0  1 -1 -1  0
  0  0  1 -1  0 -1
  1  1  2  1  1  1
 -1 -1 -3 -1  0  0
3;1,1;1 1 12
5 
#1 
6	% 
 0  0 0 0  0 -1
 0  0 0 0 -1  0
 0  0 0 1  0  0
 0 -1 0 0  0  0
 1  1 0 0  0  0
 0  0 1 0  0  0
1,1;1;1;1;1 1 48
5 
#1 
6	% 
 0 -1  0  0 0 0
 1  1  0  0 0 0
 0  0  1 -1 0 0
 0  0 -1  0 0 1
 0  0 -1  0 1 0
 0  0 -1  0 0 0
2-2;1,1;1;1 1 12
10 
#1 
6	% 
 1 0  0  0  0  0
 0 1  0  0  0  0
 0 0  0  0  1  0
 0 0  1  1 -1 -1
 0 0  0 -1  1  1
 0 0 -1  0  0  1
1;1;1;1;1;1 1 41
5 
#1 
6	% 
 0 1  0 0 0 0
 1 0  0 0 0 0
 0 0 -1 1 0 0
 0 0 -1 0 0 1
 0 0 -1 0 1 0
 0 0  1 0 0 0
4-3;1,1 1 1
1 
#1 
6	% 
 0  0 0 1 0 0
 0  0 1 0 0 0
 0  0 0 0 0 1
 0  0 0 0 1 0
 0 -1 0 0 0 0
 1  1 0 0 0 0
2-2;1;1;1;1 1 14
10 
#1 
6	% 
 0 1  0 0  0  0
 1 0  0 0  0  0
 0 0  1 1 -1 -1
 0 0  0 1  0 -1
 0 0 -1 0  1  1
 0 0  0 0 -1  0
3;1;1;1 1 17
5 
#1 
6	% 
 0 -1  0  0 0 0
 1  0  0  0 0 0
 0  0 -1  0 0 1
 0  0 -1  0 1 0
 0  0  1 -1 0 0
 0  0  1  0 0 0
