#35

2-2;2-2;2-2 1 4
1 
#1 
6	% 
 1 0 0 0 0 0
 0 1 0 0 0 0
 0 0 1 0 0 0
 0 0 0 1 0 0
 0 0 0 0 1 0
 0 0 0 0 0 1
1,1,1,1,1,1 1 1
1 
#1 
6	% 
 1 0 0 0 0 0
 0 1 0 0 0 0
 0 0 1 0 0 0
 0 0 0 1 0 0
 0 0 0 0 1 0
 0 0 0 0 0 1
1,1,1,1;1,1 1 3
14 
#4 
6	% 
  1 0  2 -1  2 -1
  2 1  2 -1  0  0
  0 0 -1  0 -1  0
 -1 0 -1  0  0  0
  1 0  1 -1  0  0
  0 0  1 -1  1 -1
6	% 
  1  0  0  0 0  0
  0  1  0 -1 0  0
 -1  0 -1  0 1 -1
  0 -1  1  0 0  0
  0  1  1 -1 0  0
  1  0 -1  1 1  0
6	% 
  1 0  0 -1 0  1
  2 1  1  0 1 -1
  0 0  0  0 0 -1
 -1 0 -1  0 0  0
  1 0  0  0 1 -1
  0 0  0 -1 0  0
6	% 
  1 0  1 1  1  1
  2 1  1 0  1  0
  0 0 -1 0  0 -1
 -1 0  0 0 -1  0
  1 0  1 0  0  0
  0 0  0 1  1  0
1,1,1,1;1,1 1 1
1 
#1 
6	% 
 0  0 -1 -1  0 -1
 0  0  0 -1 -1 -1
 0  0 -1  0 -1 -1
 0  0  1  1  1  1
 0 -1  0  0  0  0
 1  1  0  0  0  0
1,1,1,1,1;1 1 2
6 
#2 
6	% 
 0 -1  1  0 -1  0
 0  0  1  1  0  1
 0 -1  0  1 -1  0
 0  0  1  0  0  1
 1  0 -1 -1  1 -1
 1 -1  1  1 -1  1
6	% 
 -2  1 -1 -1 -1 -1
 -2  1 -1 -1 -1  0
 -2  1 -2 -1 -1 -1
 -2  1 -1  0 -1 -1
  3 -1  2  1  2  1
 -3  2 -2 -1 -2 -1
1,1,1;1,1,1 1 4
42 
#4 
6	% 
  0 -1  1  0  0  0
  0  0  1  0  1 -1
 -1  1 -2  0 -1  0
  0 -1  1 -1  0  0
  1  0 -2  2 -1  1
  0  0  1 -1  1  0
6	% 
  1  0  0  0  0 0
  1  0  1  0 -1 1
 -2  1 -1  0  0 0
  1 -1  0  0  0 0
 -2  1 -1  1  0 0
  1 -1  1 -1 -1 0
6	% 
 -1  0 -1  1  0  1
  0 -1 -1  0  0  0
  1  0  1 -1 -1  1
 -1  1  0  1  1  0
  1 -1  1  0 -1  0
  0  1  0  0  1 -1
6	% 
  0  1  0  1 1 -1
  1  0  0  1 0 -1
 -1  0  0 -1 0  2
  0 -1 -1  1 0 -1
 -1  1  0 -2 0  1
  1 -1  0  1 0 -1
2-2;1,1,1,1 1 1
1 
#1 
6	% 
 0 1  0  0  0  0
 1 0  0  0  0  0
 0 0  0 -1 -1 -1
 0 0 -1  0 -1 -1
 0 0 -1 -1  0 -1
 0 0  1  1  1  1
2-2',2-2';1,1 1 1
1 
#1 
6	% 
 0  0 1  0 0  0
 0  0 1 -1 0  0
 0  0 1 -1 1 -1
 0  0 0 -1 0 -1
 0 -1 0  0 0  0
 1  1 0  0 0  0
2-2',2-2',2-2' 1 1
2 
#1 
6	% 
  0 -1  1 -1 1  0
 -1  0  0 -1 1 -1
  0 -1  0 -1 0  0
 -1  0 -1  0 0  0
 -1 -1  0 -1 0  0
 -2  1 -1  0 0  0
1,1,1;1,1;1 1 12
84 
#8 
6	% 
  0 1  0  0  0  0
  0 0 -2  1 -2  1
  0 0  4 -2  2 -1
  0 0 -1  1 -1  1
  0 0  2 -2  1 -1
 -1 1  0  0  0  0
6	% 
 2 -1 0  0  0  0
 0  0 0  0 -2  1
 0  0 2 -1  2 -1
 0  0 0  0 -1  1
 0  0 1 -1  1 -1
 1 -1 0  0  0  0
6	% 
 0 -1 0  0  0  0
 0 -2 0 -1  0 -1
 0  4 0  0  0  1
 0 -1 1 -1  1 -1
 0  2 0  0 -1  1
 1 -1 0  0  0  0
6	% 
  2 -1 0  2  0  0
  4 -2 0  4  0  1
 -8  4 0 -9  0 -1
  2 -1 0  2 -1  1
 -4  2 1 -5  1 -1
  1 -1 0  1  0  0
6	% 
  0 1 0  0  0  0
  0 0 0 -1  0  1
  0 0 1  1 -1 -1
  0 0 0 -1  0  0
  0 0 1  1  0  0
 -1 1 0  0  0  0
6	% 
  0 1  0 0  0 0
  0 0  1 0 -1 0
  0 0 -1 1  0 1
  0 0  0 0 -1 0
  0 0  0 1  1 0
 -1 1  0 0  0 0
6	% 
 -2  1  0 -2  0  2
 -4  2 -1 -2 -1  3
  8 -4  1  5  1 -6
 -2  1  0 -1 -1  2
  4 -2  0  2  1 -4
 -1  0  0 -1  0  1
6	% 
 -2  1  0 -2  0 -2
 -4  2 -1 -3 -1 -3
  8 -4  1  6  1  6
 -2  1  0 -2 -1 -1
  4 -2  0  4  1  2
 -1  0  0 -1  0 -1
2-2,2-2;1,1 1 1
1 
#1 
6	% 
 0 0  0 -8  0 -5
 0 0  8 -8  5 -5
 0 0  0  5  0  3
 0 0 -5  5 -3  3
 1 0  0  0  0  0
 0 1  0  0  0  0
1,1;1,1;1;1 1 39
108 
#6 
6	% 
  1  2  2 -1  0 0
  1 -3  0  0 -2 1
 -1  2  0  0  1 0
 -1 -1 -1  1  0 0
  1 -2  0  0 -1 1
 -1 -1 -1  0  0 0
6	% 
 1 -2  0 0  0 -1
 1  1  0 1  0  0
 0 -1 -1 0  0  0
 0  1  0 0 -1  1
 0  1 -1 1  0  0
 0  1  0 0  1  0
6	% 
 1 -2  1 0  1 -1
 1  1 -1 1 -1  0
 0 -1  0 0  1  0
 0  1  0 0 -1  1
 0  1 -1 1  0  0
 0  1 -1 0  0  0
6	% 
  1 -2  1 -1  1  0
  1  1  1  0  1 -1
 -1  0 -1  0  0  0
 -1  1  0  0 -1  0
  1  0  0  0  1 -1
 -1  1 -1  1  0  0
6	% 
 -1  2  1 -1 -1 1
 -1 -1 -1  0  1 0
  0  1  0  0 -1 1
  0 -1  0  0  1 0
  0 -1 -1  1  0 0
  0 -1 -1  0  0 0
6	% 
 -1  0 -1  1 -1  1
  1 -1  0 -1  0 -1
 -1  1  0  1  0  0
  1  0  0  0  1 -1
  1 -1  0  0  0 -1
  1  0  1 -1  0  0
1,1;1,1;1,1 1 5
7 
#3 
6	% 
 0 -1  0  0  0  0
 1  1  0  0  0  0
 0  0 -1  1 -2  1
 0  0  1 -1  1 -1
 0  0 -1  0 -2  1
 0  0  1  0  1  0
6	% 
 0 -1  0  0  0  0
 1  1  0  0  0  0
 0  0 -1  0 -1  2
 0  0  1  0  0  0
 0  0 -1 -1 -1  1
 0  0  0  0  1 -1
6	% 
 1 0 0 0 0 0
 0 1 0 0 0 0
 0 0 0 0 1 0
 0 0 0 0 0 1
 0 0 1 0 0 0
 0 0 0 1 0 0
1,1,1;1;1;1 1 19
12 
#2 
6	% 
 1 1  0 0  0  0
 0 1  0 0  0  0
 0 0  0 0 -1  0
 0 0 -1 0  0  0
 0 0  0 0  1 -1
 0 0 -1 1  0  0
6	% 
 0  1  0 0  0  0
 1  1  0 1  0 -1
 0 -1  0 0 -1  1
 0  1 -1 1  0  0
 0  1  1 0  0  0
 0  1  0 0 -1  0
2-2;1,1;1,1 1 5
7 
#3 
6	% 
  0 1  0  0  0  0
 -1 1  0  0  0  0
  0 0 -1  1 -2  1
  0 0  1 -1  1 -1
  0 0 -1  0 -2  1
  0 0  1  0  1  0
6	% 
  0 1  0  0  0  0
 -1 1  0  0  0  0
  0 0 -1  0 -1  2
  0 0  1  0  0  0
  0 0 -1 -1 -1  1
  0 0  0  0  1 -1
6	% 
  0 1 0 0 0 0
 -1 1 0 0 0 0
  0 0 0 0 1 0
  0 0 0 0 0 1
  0 0 1 0 0 0
  0 0 0 1 0 0
1,1;1,1;1;1 1 34
21 
#3 
6	% 
  0  0  0  0  1 -2
  0  0  0  0 -1  1
 -1  0  0  0  0  0
  0  0  1  0  0  0
  0  0 -1 -1  0  0
  1 -1  0  0  0  0
6	% 
  0  0 0  1 1  1
  0  0 0 -1 0  0
 -1  0 0  0 0  0
  0  0 0  0 0 -1
  0  0 1  1 0  1
  1 -1 0  0 0  0
6	% 
  0  0 0 1  1  1
  0  0 0 0 -1  0
 -1  0 0 0  0  0
  0  0 0 0  0 -1
  0  0 1 0  1  1
  1 -1 0 0  0  0
1,1,1,1;1;1 1 3
3 
#1 
6	% 
  0  0 -1  0 -1 -1
  0  0 -1 -1  0 -1
  0  0  0 -1 -1 -1
  0  0  1  1  1  1
 -1  0  0  0  0  0
  1 -1  0  0  0  0
2-2',2-2';2-2 1 1
1 
#1 
6	% 
  0 0  0 0  0 -1
  0 0  0 0 -1  0
  0 0 -1 1 -1  0
  0 0  0 1 -1  1
  0 1  0 0  0  0
 -1 1  0 0  0  0
2-2',2-2';1;1 1 2
3 
#1 
6	% 
  0  0 0 0 -1 0
  0  0 0 0 -1 1
  0  0 0 1 -1 1
  0  0 1 0  0 1
 -1  0 0 0  0 0
  1 -1 0 0  0 0
2-2,2-2;1,1 2 1
1 
#1 
6	% 
 0  0  1 -1  1 -1
 0  0  0 -1  0 -1
 0  0 -1  0  0 -1
 0  0 -1  1 -1  0
 0 -1  0  0  0  0
 1  1  0  0  0  0
2-2,2-2;1;1 1 2
3 
#1 
6	% 
  0 0  0  5  0  3
  0 0 -5  5 -3  3
  0 0  0 -8  0 -5
  0 0  8 -8  5 -5
  1 0  0  0  0  0
 -1 1  0  0  0  0
2-2,2-2,2-2 2 1
18 
#2 
6	% 
 0  0  0 1  0  1
 0  0 -1 1 -1  1
 0  0  0 0  0 -1
 0  0  0 0  1 -1
 0 -1  0 0  0  0
 1 -1  0 0  0  0
6	% 
  0  1 -1  1 -1  0
 -1  1 -1  0  0 -1
  0 -1  2 -1  2 -1
  1 -1  1  1  1  1
  0  0  0  1  0  1
  0  0 -1  1 -1  1
2-2;2-2;1,1 1 5
1 
#1 
6	% 
 0 -1  0 0 0  0
 1  1  0 0 0  0
 0  0  0 0 0 -1
 0  0  0 0 1 -1
 0  0  0 1 0  0
 0  0 -1 1 0  0
2-2',2-2';2-2 1 3
4 
#1 
6	% 
 1  0  1  0 1 0
 1 -1  0  1 0 1
 0  0  0  0 1 0
 0  0  0  0 0 1
 0  0 -1  0 0 0
 0  0  0 -1 0 0
2-2,2-2,2-2 1 1
6 
#1 
6	% 
  0 1  0  0  0  0
 -1 1  0  0  0  0
  0 0  0 -1  0  0
  0 0 -1  0  0  0
  0 0  0  0  0 -1
  0 0  0  0 -1  0
2-2,2-2;1;1 2 2
3 
#1 
6	% 
  0  0  0  1 -1  1
  0  0 -1  1 -1  0
  0  0 -1  0 -1  0
  0  0  0 -1  0 -1
 -1  0  0  0  0  0
  1 -1  0  0  0  0
2-2;2-2;1;1 1 16
3 
#1 
6	% 
 -1  0 0  0 0  0
  1 -1 0  0 0  0
  0  0 0  0 1  0
  0  0 1 -1 0  0
  0  0 1  0 0  0
  0  0 0  0 1 -1
1,1;1;1;1;1 1 54
72 
#4 
6	% 
 -1  0  0 0  0 0
 -1  1  0 0  0 0
  0  2  0 0 -1 0
  0  2  0 0 -1 1
  0  2  1 0  0 0
  0 -2 -1 1  0 0
6	% 
  1 0  0 0  0 0
 -1 1  0 0  0 0
  0 0  0 0 -1 0
  0 0  0 0 -1 1
  0 0  1 0  0 0
  0 0 -1 1  0 0
6	% 
 1  0  0 0  0 0
 1 -1  0 0  0 0
 0 -1 -1 0  0 0
 0 -1  0 0 -1 1
 0 -1  0 0  1 0
 0  1 -1 1  0 0
6	% 
  1 0  0  1  0 -1
 -1 1  0 -1  0  1
  0 0 -1  0  0  0
  0 0  0  0  1  0
  0 0  0  0 -1  1
  0 0 -1  1  0  0
2-2,2-2;2-2 1 1
1 
#1 
6	% 
  0 0  0  1  0 1
  0 0 -1  1 -1 1
  0 0  0 -1  0 0
  0 0  1 -1  0 0
  0 1  0  0  0 0
 -1 1  0  0  0 0
1;1;1;1;1;1 1 41
9 
#1 
6	% 
 -1  0  0  0 0  0
  1 -1  0  0 0  0
  0  0  0  0 1 -1
  0  0 -1  0 0  0
  0  0  0  0 1  0
  0  0  1 -1 0  0
2-2;1;1;1;1 1 20
3 
#1 
6	% 
  0 1 0  0 0  0
 -1 1 0  0 0  0
  0 0 0  0 1  0
  0 0 1 -1 0  0
  0 0 0  0 1 -1
  0 0 1  0 0  0
1,1;1;1;1;1 1 48
3 
#1 
6	% 
 0 -1  0 0  0 0
 1  1  0 0  0 0
 0  0  0 0 -1 1
 0  0 -1 0  0 0
 0  0  0 0  1 0
 0  0 -1 1  0 0
2-2,2-2;2-2 2 1
1 
#1 
6	% 
  0 0 -1  1 -1  0
  0 0 -1  0  0 -1
  0 0  0 -1  0 -1
  0 0  1 -1  1 -1
  0 1  0  0  0  0
 -1 1  0  0  0  0
2-2,2-2;2-2 2 3
12 
#1 
6	% 
  0 1  0 0  0 0
 -1 1  0 0  0 0
  0 0  0 0  0 1
  0 0  0 0 -1 1
  0 0  0 1  0 0
  0 0 -1 1  0 0
2-2,2-2;2-2 1 3
12 
#1 
6	% 
  0 1 0  0  0 0
 -1 1 0  0  0 0
  0 0 0  0 -1 0
  0 0 0  0 -1 1
  0 0 1  0  0 0
  0 0 1 -1  0 0
