#34

2-2;1,1;1;1 1 2
1 
#1 
6	% 
 1 0 0 0 0 0
 0 1 0 0 0 0
 0 0 1 0 0 0
 0 0 0 1 0 0
 0 0 0 0 1 0
 0 0 0 0 0 1
1,1,1,1,1,1 1 1
1 
#1 
6	% 
 1 0 0 0 0 0
 0 1 0 0 0 0
 0 0 1 0 0 0
 0 0 0 1 0 0
 0 0 0 0 1 0
 0 0 0 0 0 1
1,1,1,1,1;1 1 2
7 
#3 
6	% 
  0  0  1  0 -1  0
  0 -1  0  0  0  0
  0 -1  1  0  1  1
  1  0  1  0  0  1
 -1  1 -1 -1  0 -1
  1 -1  1 -1  1  1
6	% 
  0 0 0  1  0  0
  1 0 0  0  0  0
  0 0 0  0  1  0
  1 1 1  1  1 -1
 -1 0 0 -1 -1  1
  1 0 1  1  1  0
6	% 
  0  1  0  0  0 -1
  0  1  0  0  0  0
 -1  0 -1 -2  1 -2
  0  1  1  0  0  0
  1 -1  0  1 -1  1
 -1  1  0 -1  0 -1
1,1,1,1;1,1 1 2
8 
#4 
6	% 
 0  0  0 -1  0  0
 0 -1 -1 -1 -1 -1
 0 -1  0  0  0  0
 1  0  0  0  0  0
 0  1  1  1  0  0
 0 -1  0 -1  0 -1
6	% 
  0 0  1  0 -1  0
 -1 0  1  0 -1  0
  0 0  0  0 -2 -1
  0 1  0  2 -1  0
  0 0 -1 -1  2  0
  0 0  1 -1 -1  0
6	% 
 1 0  0  0  0 0
 0 0  0  0  1 0
 0 0 -1 -1 -1 1
 0 1  0  0  0 0
 0 0  1  0  0 0
 0 0  0  0  0 1
6	% 
  0  0  0  0  0 -1
 -1  0  0  0  0  0
  0  0 -1  0  0  0
  0 -1  0  0 -1  0
  1  1  1  1  0  1
 -1  1 -1 -1  1 -1
1,1,1,1,1;1 1 1
1 
#1 
6	% 
  0 0  0  0 -1  0
 -1 0 -1  0 -1 -1
 -1 0  0 -1 -1 -1
  0 0 -1 -1  0 -1
  1 0  1  1  1  1
  0 1  0  0  0  0
1,1,1,1;1,1 1 1
1 
#1 
6	% 
  0 -1 -1 0  0 -1
 -1  0 -1 0  0 -1
 -1 -1  0 0  0 -1
  1  1  1 0  0  1
  0  0  0 0 -1  0
  0  0  0 1  1  0
1,1,1;1,1,1 1 3
6 
#2 
6	% 
 -1 0 -1 -2  1  1
  0 1  1  0  1  1
  0 0 -1  0 -1  0
  1 0  1  1  1  0
  0 0  0  0 -1 -1
 -1 0  0 -1  2  1
6	% 
 -1  0  0 0  1  0
  0 -1  1 0  0  1
  0  1  0 0  1 -1
  1  0  1 1 -1  1
  0  1 -1 0 -1  0
 -1  0  1 1  0  1
1,1,1,1;1,1 1 3
6 
#2 
6	% 
 1  1 1 0  1 -1
 0  1 0 0  0  0
 0  0 0 0 -1  1
 0 -1 0 1  0  0
 0  1 0 1 -1  0
 0  0 1 0  1  0
6	% 
 1 -1  0  0  0  0
 0 -1  1  0  0 -1
 0  1  1  1  0  0
 0  1 -1  0 -1  0
 0 -1  0  0 -1 -1
 0 -1  0 -1  1  1
1,1,1;1,1,1 1 1
1 
#1 
6	% 
  0  0  0 1  1  0
  0 -1  0 0  0  0
  0  0  0 0 -1  0
  0  0 -1 0  0 -1
 -1  0  0 0  0 -1
  1  0  1 0  0  1
1,1,1;1,1,1 1 2
1 
#1 
6	% 
  0  1 0 0 0  0
  1  1 1 0 0 -1
  0  0 0 0 1  0
  0  0 0 1 0  0
 -1 -1 0 0 0  1
  1  1 1 0 0  0
2-2;1,1,1,1 1 1
1 
#1 
6	% 
  0  0  0 1 0  0
  0  0  0 0 1  0
  0 -1 -1 0 0 -1
 -1  0 -1 0 0 -1
 -1 -1  0 0 0 -1
  1  1  1 0 0  1
1,1,1;1,1;1 1 7
18 
#6 
6	% 
 0  0  0 0  1  0
 0  2  1 0  2  1
 0 -3 -2 0 -5 -2
 1  1  1 0  1  0
 1  0  0 0  0  0
 0  0  0 1  0  0
6	% 
  2  0  2  0  5 -2
  2  0  1  0  2 -1
 -5  0 -3  0 -6  3
  1 -1  0  0  1 -1
  0 -1 -1  0  0 -1
  1  0  1 -1  3 -1
6	% 
 0 0  0 1 -2  0
 0 0 -1 0  0 -1
 0 1  2 0  0  2
 1 0  0 0  0 -1
 1 0  0 0  0  0
 0 0  0 1 -1  0
6	% 
 0 0 1  0  0 -1
 0 0 0 -1  2  0
 1 0 0  2 -4  0
 0 0 0  0  1  0
 0 1 0  1  0  0
 0 0 1  0  0  0
6	% 
  2 0  1 0  2 -1
  0 0  0 0  1  0
 -1 0 -1 0 -4  1
  0 1  0 1  0  0
  0 1  0 0  0  0
  1 0  1 0  1  0
6	% 
 -2  0 -2 -2 1  2
  0  0 -1  0 0  1
  1  0  2  0 0 -2
  0 -1 -1  0 0  0
  0 -1 -1  0 0 -1
 -1  0 -1 -1 1  1
1,1,1;1,1;1 1 4
7 
#3 
6	% 
 1 0  0  0 0  1
 0 0 -1  0 0  0
 0 0  0  0 0 -1
 0 1  0 -1 1  0
 0 1  0  0 1  0
 0 0  0 -2 1  0
6	% 
  0  1  0 0 1  0
  0  1  0 0 0  0
  0 -1  0 1 0  0
  0  0 -1 0 0  0
 -1  0 -1 0 0  1
  0  0 -1 0 0 -1
6	% 
 0  0  1 0 0 0
 0  0  1 0 0 1
 1  0 -1 0 0 0
 0  0  0 1 0 0
 0 -1  0 0 0 0
 0  0  0 0 1 0
1,1,1,1;1;1 1 2
7 
#3 
6	% 
 0 0  1  0 -1  0
 0 0  0  0 -2 -1
 1 0  1  0  0  1
 0 1  0  0  0  0
 0 0 -1 -1  2  0
 0 0  1 -1 -1  0
6	% 
 1 0  0 0 0  0
 0 0  0 0 1  0
 0 0  0 1 0  0
 0 1  0 0 0  0
 0 0  0 0 0 -1
 0 0 -1 0 0  0
6	% 
  0 0  0  0  0 1
 -1 0 -1 -1  2 0
  0 0  1  0  0 0
  0 1  0  0  0 0
  0 0  0  0 -1 0
  0 0  0 -1  1 0
1,1,1;1,1;1 1 9
6 
#2 
6	% 
  2  2  1  0 0 -1
  1  1  0  0 0  0
 -2 -3 -1  0 0  1
  1  1  1  0 2  0
  0  0  0 -1 0  0
  0  0  0 -2 1  0
6	% 
  2  2  1 0 0 -1
  1  1  0 0 0  0
 -2 -3 -1 0 0  1
  1  1  1 0 0  0
  0  0  0 1 0  0
  0  0  0 0 1  0
1,1,1,1;1;1 1 5
6 
#2 
6	% 
 1  1  1  0  1 -1
 0  1  1  0  2 -1
 0  0  1  0  1  0
 0 -1 -1 -1 -1  1
 0  1  1 -1  2 -1
 0  0  0  0 -1  1
6	% 
  1  0 0  0  0 0
  1 -1 0  0  0 0
  1  0 0  0  0 1
 -2  0 0 -1  1 0
  2  0 0  0 -1 0
 -1  0 1  0  0 0
1,1,1,1;1;1 1 3
3 
#1 
6	% 
  0 -1 -1  0  0 -1
 -1  0 -1  0  0 -1
 -1 -1  0  0  0 -1
  1  1  1  0  0  1
  0  0  0 -1  0  0
  0  0  0  1 -1  0
1,1,1;1,1;1 1 3
1 
#1 
6	% 
 0 0 -1  0 0 -1
 0 0  0  1 1  0
 0 0  1 -1 0  1
 1 0  0  0 0 -1
 1 0  0  0 0  0
 0 1  0  0 0  0
1,1;1,1;1,1 1 4
6 
#2 
6	% 
  0 1  0  1 -2  0
 -1 0 -1  0  0  1
  1 0  0 -2  0 -1
  0 0  0  0  1  0
  0 0  0  1 -1  0
 -1 0 -1 -2  0  0
6	% 
 -1 0 -1  0 0  1
  0 1  0  0 1  0
  0 0  0 -1 0  0
  1 0  0  0 0 -1
 -1 0 -1  0 0  0
  0 0  0 -1 1  0
2-2;1,1;1,1 1 2
1 
#1 
6	% 
 -1  0 -1 0 0  1
  0 -1 -1 0 0 -1
  1  1  1 0 0  0
  0  0  0 1 0  0
  0  0  0 0 1  0
 -1  1  0 0 0  1
1,1;1,1;1,1 1 2
1 
#1 
6	% 
 -1  0 -1 0  0  1
  0  0  0 0 -1  0
  0  0  0 1  1  0
  0 -1 -1 0  0 -1
  1  1  1 0  0  0
 -1  1  0 0  0  1
2-2;1,1,1;1 1 2
1 
#1 
6	% 
  0 -1  0 0 0  0
 -1 -1 -1 0 0  1
  1  1  0 0 0 -1
  0  0  0 1 0  0
  0  0  0 0 1  0
 -1 -1 -1 0 0  0
1,1,1;1,1;1 1 2
1 
#1 
6	% 
  2  2  1  0 0 -1
  1  1  0  0 0  0
 -2 -3 -1  0 0  1
  0  0  0  1 1  0
  0  0  0 -1 0  0
  1  1  1  0 0  0
1,1,1;1,1;1 1 8
6 
#2 
6	% 
 -2 0 -1  0  0  1
  0 0  1 -1  2 -1
  3 0 -1  2 -4  1
 -1 0  0  1  0  1
  0 0  0 -2  1 -1
  0 1  0  0  0  0
6	% 
  2 0  1 0  1 -1
  2 0  1 0  0 -1
 -5 0 -3 0 -2  3
  1 0  1 1  0  0
  1 0  0 0  0 -1
  0 1  0 0  0  0
2-2;1,1,1;1 1 1
1 
#1 
6	% 
  0 0  0 1  0  0
  0 0  0 1 -1  0
  0 0 -1 0  0 -1
 -1 0  0 0  0 -1
  1 0  1 0  0  1
  0 1  0 0  0  0
1,1,1;1,1;1 1 1
1 
#1 
6	% 
 1 0  0 0  0  1
 0 0 -1 0  0  0
 0 0  0 0  0 -1
 0 0  0 0 -1  0
 0 0  0 1  1  0
 0 1  0 0  0  0
1,1;1,1;1;1 1 19
3 
#1 
6	% 
 -1  0 -1 0 0  1
  0 -1 -1 0 0 -1
  1  1  1 0 0  0
  0  0  0 0 1  0
 -1  1  0 0 0  1
  0  0  0 1 0  0
1,1,1;1;1;1 1 5
3 
#1 
6	% 
 1 0  0 0 0  1
 0 0 -1 0 0  0
 0 0  0 0 0 -1
 0 1  0 0 0  0
 0 0  0 0 1  0
 0 0  0 1 0  0
1,1,1;1;1;1 1 10
3 
#1 
6	% 
  0 -1  0 0  0  0
 -1 -1 -1 0  0  1
  1  1  0 0  0 -1
  0  0  0 0 -1  0
  0  0  0 1  0  0
 -1 -1 -1 0  0  0
1,1;1,1;1;1 1 8
6 
#2 
6	% 
 -1 0 -1  0 0 1
  0 1  0  0 1 0
  0 0  0 -1 0 0
  1 0  1  0 0 0
 -1 0  0  0 0 1
  0 0  0 -1 1 0
6	% 
 -1 0 -1 0  0 1
  0 1  0 1 -2 0
  0 0  0 0  1 0
  1 0  1 0  0 0
 -1 0  0 0  0 1
  0 0  0 1 -1 0
1,1;1,1;1;1 1 16
6 
#2 
6	% 
 -1 0 -1 0  0  1
  0 1  0 0  0  0
  0 0  0 1  0  0
  1 0  0 0 -2 -1
  0 0  0 1 -1  0
 -1 0 -1 0 -2  0
6	% 
 -1 0 -1  0  0  1
  0 1  0  0  0  0
  0 0 -1 -1  1 -1
  1 0  1  0  0  0
  0 0  1  0 -1  1
 -1 0  0  0  0  1
1,1,1;1;1;1 1 7
6 
#2 
6	% 
 -1 0 -1  0 -2  1
  0 1  0  0  0  0
  0 0  0 -1  0  0
  1 0  0  0  1 -1
  0 0  0 -1  1  0
 -1 0 -1  0 -1  0
6	% 
 1 0  1 1 -2 -1
 0 1  0 0  0  0
 0 0  0 0  0 -1
 0 0 -1 0  1  1
 0 0 -1 0  0  0
 0 0  1 1 -1 -1
1,1;1,1;1;1 1 2
1 
#1 
6	% 
 -1 0 -1 0 0  1
  0 0  0 1 0  0
  0 0  0 0 1  0
  0 1  0 0 0  0
  1 0  0 0 0 -1
 -1 0 -1 0 0  0
1,1;1;1;1;1 1 9
3 
#1 
6	% 
 -1 0 -1  0  0  1
  0 1  0  0  0  0
  0 0  0 -1  0  0
  1 0  0  0  0 -1
  0 0  0  1 -1  0
 -1 0 -1  0  0  0
