#39

3;1;1;1 1 8
1 
#1 
6	% 
 1 0 0 0 0 0
 0 1 0 0 0 0
 0 0 1 0 0 0
 0 0 0 1 0 0
 0 0 0 0 1 0
 0 0 0 0 0 1
1,1,1,1,1,1 1 1
1 
#1 
6	% 
 1 0 0 0 0 0
 0 1 0 0 0 0
 0 0 1 0 0 0
 0 0 0 1 0 0
 0 0 0 0 1 0
 0 0 0 0 0 1
2-1;1,1,1;1 1 8
6 
#2 
6	% 
 1  0  0  0 0 -1
 0  0  0  0 0 -1
 0  0  0  0 1  1
 0  0  0 -1 0  2
 0  0 -1  0 0 -2
 0 -1  0  0 0 -1
6	% 
  1 0  0  0  0  0
  0 0  0  0  0  1
 -1 0  0  0 -1 -1
 -1 0  0 -1  0 -1
  1 0 -1  0  0  1
  1 1  0  0  0  1
1,1,1,1,1;1 1 1
1 
#1 
6	% 
 0  0  0  0 -1  0
 0 -1 -1  0 -1 -1
 0 -1  0 -1 -1 -1
 0  0 -1 -1  0 -1
 0  1  1  1  1  1
 1  0  0  0  0  0
1,1,1,1,1;1 1 2
7 
#2 
6	% 
  0  1  0 -1  0  0
  1  0  0  0  0  0
  1  1 -1 -1 -1  0
  1  1  0  0  1 -1
 -1 -1  1  1  0  0
  1  1 -1 -1  0 -1
6	% 
  0  0 -1  0 0  0
 -1  0  0  0 0  0
 -1  0 -1  0 0  1
 -1  0 -1  1 0  0
  1 -1  1 -1 0 -1
 -1  0 -1  1 1  1
1,1,1,1;1,1 1 3
12 
#3 
6	% 
 0  0 1 -1  0 1
 1  1 1 -1  1 0
 0  0 0  0  1 0
 0  0 0  1 -1 0
 0  1 1  0  0 0
 0 -1 0  0  0 0
6	% 
  1 0  0  0  0  0
  1 0  0 -1  1  2
 -1 0 -1 -1  0  0
  0 0  0  1  0 -2
  0 0  0  0  1  1
  1 1  0  0 -1  0
6	% 
  1  1 1 -1  1  0
 -1 -1 0 -2 -1  2
 -1  0 0  0 -1  1
  0  0 0  1  1 -2
  0 -1 0 -1  0  0
  1  1 0  0  0  0
2-1;1,1;1,1 1 9
6 
#2 
6	% 
 1  0  0  0  0  0
 0 -1 -1  1 -1 -3
 0  0  0  0  1  0
 0  0 -1  0  0 -1
 0  0  0 -1  0  1
 0 -1  0  0  0  0
6	% 
 0 0 0  0  0 1
 1 1 1 -1  1 0
 0 0 0  1  0 0
 0 1 0  0  0 0
 0 0 0  0 -1 0
 0 0 1  0  0 0
1,1,1,1;1,1 1 2
7 
#2 
6	% 
  0  0  0 1 1 -1
  0 -1  0 0 1  0
  0 -1 -1 0 0  0
  1  0  0 0 0  0
 -1  1  0 0 0 -1
 -1 -1  0 0 0  0
6	% 
 0  0  0 1  0  0
 0  0  0 0  0  1
 0 -1 -1 0 -1 -1
 1  0  0 0  0  0
 0  1  0 0  0  0
 0  0  0 0 -1  0
1,1,1;1,1,1 1 3
12 
#3 
6	% 
  1  1  1  1 -1 0
  0 -1  0  0 -1 1
  1  1  1  0  1 0
 -1 -1 -1  0  0 0
 -1  1  0 -1  1 0
  1  0  0  1 -1 0
6	% 
 -1 -1 -1  1 -1  0
  0  2  1  1 -2  2
  0 -1 -1  0  1 -1
  1  1  1  0  0  0
  0 -1  0 -1  1  0
 -1  0  0  1 -1  0
6	% 
  0 -2 -1 -1 -2  2
 -1  0  0  0  0  0
  1 -1  0  0  0 -1
 -1  1  0  1  1 -1
  1  0  0  0  1 -2
 -1 -1  0 -1 -1  2
2-2;1,1,1,1 1 2
4 
#1 
6	% 
 0 0 0 0  0 1
 1 0 0 0  0 0
 0 1 0 0  0 0
 0 0 0 0 -1 0
 0 0 0 1  0 0
 0 0 1 0  0 0
2-1;1,1;1;1 1 27
3 
#1 
6	% 
 -3 0 0  0  0 -2
  1 0 0 -1  0  1
  2 0 0  0  0  1
  1 0 0  0 -1  1
  1 1 0  0  0  0
 -1 0 1  0  0  0
2-1;1,1;1;1 1 24
6 
#2 
6	% 
 0  1  1 -1  1  3
 1  0  0  0  0  0
 0  1  1  0  1  2
 0 -1  0  1 -1 -2
 0  1  1 -1  0  3
 0  0 -1  1 -1 -3
6	% 
 0 0  0  0  0 -1
 1 0  0  0  0  0
 0 0  0  0 -1 -1
 0 1  0  0  0  1
 0 0  0 -1  0 -1
 0 0 -1  0  0  1
2-1;1,1;1;1 1 25
6 
#2 
6	% 
 -3 -1 -1  1 -1  0
 -1  0  0  0 -1  0
  0  0  0  0  0 -1
  1  0  0 -1  0  0
 -1 -1  0  0  0  1
  1  0  1  0  0  1
6	% 
 -3 -1  1 -1 -1  2
 -1  0  0  0 -1  0
  0  0  0  0  0 -1
  1  0  0  1  0 -1
 -1 -1  0  0  0  1
  1  0 -1  0  0  0
1,1,1;1,1;1 1 8
12 
#3 
6	% 
 0  1  0  0  1  0
 0  1 -1  1  1 -2
 0 -3  2 -2 -3  3
 0  1  0  0  0  0
 0  0 -1  0  1 -1
 1  0  0  0  0  0
6	% 
 0 -1 -1 -1  1 -2
 0  0 -1 -1  0 -3
 0  2  3  3 -2  6
 0  0  0 -1  1 -1
 0  0 -1  0  0 -2
 1  0  0  0  0  0
6	% 
 0 -2 0 -2 -2  3
 0 -1 0  0 -1  1
 0  4 1  1  4 -4
 0 -1 0 -1 -1  1
 0  0 0  0 -1  1
 1  0 0  0  0  0
2-2;1,1,1;1 1 3
4 
#1 
6	% 
 0  0  0  0  0 -1
 0  1 -1  1  1  1
 1  0  0  0  0  0
 0 -1  1  0 -1  0
 0  1  0  1  1  0
 0  0  1 -1 -1  0
1,1,1,1;1;1 1 2
7 
#2 
6	% 
 0  0 1 0 0 0
 0  0 0 1 0 0
 0  0 0 0 0 1
 1  0 0 0 0 0
 0  0 0 0 1 0
 0 -1 0 0 0 0
6	% 
 0  1 0  0  1 -1
 0  1 1  1  1 -1
 0  0 0 -1  1  0
 1  0 0  0  0  0
 0 -1 0  0 -2  2
 0  1 0  0  2 -1
2-2;1,1,1;1 1 5
4 
#1 
6	% 
  1 0  0 0 0  0
  2 0  1 0 0  1
 -2 0 -1 0 0  0
 -2 0 -1 0 1 -1
 -2 0 -1 1 0 -1
 -2 1 -1 0 0 -1
1,1,1;1,1;1 1 7
18 
#3 
6	% 
 0  0 -2 0  0 -1
 0 -1 -2 0 -1  0
 0  2  3 1  2 -1
 1  0 -1 0 -1  0
 1  0  0 0  0  0
 0  0 -1 0  0 -1
6	% 
 0 1  2 0 1  0
 0 0  2 0 0  1
 0 0 -5 1 0 -3
 0 0  1 0 0  0
 1 0  0 0 0  0
 0 1  1 0 0  0
6	% 
 0 1  0  0 1 0
 0 0 -1  1 0 0
 0 0  2 -2 0 1
 1 0  0  1 0 0
 1 0  0  0 0 0
 0 1  0  0 0 0
1,1,1;1,1;1 1 10
18 
#4 
6	% 
  0 -1  1  1  1  0
  2 -1  1  2  2 -1
 -3  3 -3 -5 -5  2
  0 -1  0  1  0  0
  1  0  1  1  1  0
  0  0  0  0  0  1
6	% 
  0 -1 -1 -1  1  0
 -2 -2 -1 -1  2  0
  3  4  3  3 -4  0
  0  0 -1  0  1 -1
 -1 -1  0 -1  1  1
  0  0  0  0  0  1
6	% 
  2 0  1  1  0   3
  2 0  1  1  0   4
 -5 0 -3 -3  0 -12
  1 0  0  1  0   1
  1 0  0  1 -1   2
  0 1  0  0 -1   0
6	% 
 0  0  1 -1  0  1
 0  1  2 -2  1  1
 1 -1 -4  4 -1 -3
 0  0  1  0  0  2
 0  1  1 -1  0  1
 0  1  0  0 -1  0
1,1,1,1;1;1 1 5
9 
#2 
6	% 
  1 0 0 0  0  0
  2 0 0 1  1 -1
  1 0 0 0  1  0
 -1 1 0 0 -1  0
  1 0 1 0  1  0
 -1 0 0 0 -1  1
6	% 
 -1  0  0  0  0 1
 -1 -1 -1  1 -1 0
 -1  0 -1  0  0 0
  2  1  1 -1  0 0
 -2  0 -1  1 -1 0
  1  0  0 -1  0 0
3;1,1,1 1 3
1 
#1 
6	% 
  1  0 0 0 0  0
  0  0 0 0 0  1
  1  0 0 0 1  1
  1  0 0 1 0  1
 -1  0 1 0 0 -1
 -1 -1 0 0 0 -1
1,1,1;1;1;1 1 19
4 
#2 
6	% 
 1  0 0  0 0 0
 0  0 0  0 0 1
 0  0 0  0 1 0
 0  0 0 -1 0 0
 0  0 1  0 0 0
 0 -1 0  0 0 0
6	% 
 1  0  0 0 0  0
 0  0  0 0 0  1
 0  0  0 0 1  0
 0  0 -1 0 0 -1
 0 -1  0 0 0  0
 0  0  0 1 0 -1
1,1,1;1;1;1 1 7
9 
#2 
6	% 
 0 1  1 -1  1  1
 1 0  0  0  0  0
 0 0  1  0  0  1
 0 0 -1  1 -1 -1
 0 0  0  1  0 -1
 0 1  1 -1  0  1
6	% 
 0 -1 1 -1 -1  2
 1  0 0  0  0  0
 0 -1 0  0 -1  1
 0  1 0  1  1 -1
 0  0 0  1  1 -1
 0 -1 0 -1 -1  2
1,1;1,1;1;1 1 13
9 
#2 
6	% 
 1  0 0 0  0  2
 0  1 0 0  0  0
 0 -1 0 1 -1  1
 0  0 0 0  1  0
 0  1 1 0  1 -1
 0  0 0 0  0 -1
6	% 
 -3  0 -2 -2  0  0
 -1  0  0 -1  1  0
 -1 -1 -1  0 -1  0
 -1  1  0 -1  0  0
  1  1  1  0  1 -1
  2  0  1  1  0  0
1,1;1,1;1,1 1 6
9 
#2 
6	% 
 1  0  0  0  0  2
 0  1  0  0  0 -1
 0  0  0  0  0 -1
 0 -1  0 -1  0  1
 0  0 -1  0  1 -1
 0  0  0  0 -1  0
6	% 
 -3  0  0 -2  2  0
  1  0  1  0 -1  1
  2  0  0  1 -1  0
  0 -1  0  0  0  0
  0  0 -1  0  0 -1
  1  1  0  1  0 -1
1,1;1,1;1;1 1 36
12 
#3 
6	% 
  0 0 0 0 0  1
  1 0 0 0 0  0
  1 0 0 0 1 -1
 -1 0 1 0 0  0
  1 0 0 1 0  0
  1 1 0 0 0 -1
6	% 
  0 0  0  0 0 1
  1 0  0  0 0 0
  1 0  0  0 1 0
 -1 0 -1  0 0 0
  1 0  0 -1 0 0
  1 1  0  0 0 0
6	% 
  0 0 0 0 0  1
  1 0 0 0 0  0
  1 0 1 0 0  0
 -1 0 0 1 0 -1
  1 0 0 0 1  0
  1 1 0 0 0 -1
1,1,1;1;1;1 1 9
3 
#1 
6	% 
 -1  0  0 0  0  0
 -1  0  0 0 -1  0
 -2 -1  0 1 -1  1
 -2 -1 -1 0 -1  1
  1  1  0 0  0 -1
  0  0  0 0  0  1
2-1;1;1;1;1 1 23
3 
#1 
6	% 
 1 0  0  0 0  0
 0 0  0  0 1  0
 0 0  0  0 0  1
 0 0 -1  0 0  0
 0 0  0 -1 0  1
 0 1  0  0 0 -1
2-2;1,1;1,1 1 4
4 
#1 
6	% 
 -1 0  0 0 0 -1
  0 0  1 0 0  1
  0 0 -1 0 0  0
  0 0 -1 0 1 -1
  0 0 -1 1 0 -1
  0 1 -1 0 0 -1
1,1;1,1;1;1 1 17
9 
#2 
6	% 
 1  0  0  0  0  0
 0  1  0  1  0 -1
 0  0  0 -1  0  1
 0 -1  0  0 -1  1
 0  0  0 -1  0  0
 0  0 -1  1  0 -1
6	% 
 1  0  0  0  0  0
 0  1  1 -1  1  0
 0 -1  0  1  0  1
 0 -1 -1  0 -1 -1
 0  0  0  1 -1  1
 0  1  0 -1  1 -2
3;1,1;1 1 13
1 
#1 
6	% 
 0  1  0  0 -1 0
 0  1  0 -1  0 0
 0 -1 -1  0  0 0
 1 -1  0  0  0 1
 1  0  0  0  0 1
 0 -2  0  0  0 1
1,1;1;1;1;1 1 46
4 
#2 
6	% 
 0  0 0  0 0 1
 1  0 0  0 0 0
 0  0 0  0 1 0
 0  0 1  0 0 0
 0 -1 0  0 0 0
 0  0 0 -1 0 0
6	% 
 0 0 0  0  0 -1
 1 0 0  0  0  0
 0 0 0  0 -1  0
 0 0 1  0  0  1
 0 0 0 -1  0  1
 0 1 0  0  0  0
1,1;1;1;1;1 1 22
3 
#1 
6	% 
 1 0 0 0  0  0
 0 0 0 1  0  0
 0 0 0 0 -1  0
 0 0 1 0  0  1
 0 1 0 0  0 -1
 0 0 0 0  0  1
3;1,1;1 1 6
1 
#1 
6	% 
 0 0  0  0  0 1
 1 0  0  0  0 0
 0 0  0  0 -1 0
 0 0  0 -1  0 0
 0 0 -1  0  0 0
 0 1  0  0  0 0
2-2;1,1;1;1 1 7
4 
#1 
6	% 
 1 0  0 0  0 0
 0 0  0 0  1 0
 0 0  0 0 -1 1
 0 0  0 1 -1 0
 0 0 -1 0 -1 0
 0 1  0 0 -1 0
3;1,1;1 1 7
1 
#1 
6	% 
 1  1 -1  1 1 -2
 0  0  0  0 1 -1
 0  0  0 -1 0  0
 0  0 -1  0 0 -1
 0 -1  0  0 0  0
 0  0  0  0 0 -1
1,1;1;1;1;1 1 47
4 
#2 
6	% 
 1 0 0  0  0  0
 0 1 0  0  0  0
 0 0 0  0 -1  1
 0 0 1  0  0  0
 0 0 0 -1  0  1
 0 0 0  0  0 -1
6	% 
 1  0  0 0 0  0
 0  0 -1 0 0  0
 0  0  0 0 1  0
 0 -1  0 0 0  0
 0  0  0 1 0  0
 0  0  0 0 0 -1
1,1;1;1;1;1 1 49
1 
#1 
6	% 
 1 0 0  0  0  2
 0 1 0  0  0  0
 0 0 0  0 -1  1
 0 0 0 -1  0  1
 0 0 1  0  0  0
 0 0 0  0  0 -1
1;1;1;1;1;1 1 31
1 
#1 
6	% 
 1  0 0  0  0 0
 0 -1 0  0  0 0
 0  0 0 -1  0 1
 0  0 1  0  0 0
 0  0 0  0 -1 1
 0  0 0  0  0 1
