#52

2-2;1;1;1;1 1 12
1 
#1 
6	% 
 1 0 0 0 0 0
 0 1 0 0 0 0
 0 0 1 0 0 0
 0 0 0 1 0 0
 0 0 0 0 1 0
 0 0 0 0 0 1
1,1,1,1,1,1 1 1
1 
#1 
6	% 
 1 0 0 0 0 0
 0 1 0 0 0 0
 0 0 1 0 0 0
 0 0 0 1 0 0
 0 0 0 0 1 0
 0 0 0 0 0 1
1,1,1,1,1;1 1 2
9 
#3 
6	% 
  1 -1  1  1 1  1
  0 -1  0  0 0  0
  0 -1  1  0 0 -1
  1  0  1  1 1  0
 -1  1 -1 -1 0  1
  1 -1  1  0 1  0
6	% 
 -1 -2  1 -1 -1 -1
 -2 -2  1 -1 -1 -1
 -1 -2  1 -2 -1 -1
 -2 -2  1 -1  0 -1
  2  3 -1  2  1  2
 -2 -3  2 -2 -1 -2
6	% 
  0 0 -2  0  0 -1
 -1 0 -1  0 -1 -1
  0 0 -1  1  0  0
  0 0 -2  0 -1 -1
  0 1  2 -1  1  1
  0 1 -3  1 -1 -1
1,1,1,1,1;1 1 1
1 
#1 
6	% 
 0  0  0  0 -1  0
 0 -1 -1  0 -1 -1
 0 -1  0 -1 -1 -1
 0  0 -1 -1  0 -1
 0  1  1  1  1  1
 1  0  0  0  0  0
1,1,1,1;1,1 1 2
12 
#4 
6	% 
  1  0  0  0  0  0
  1  0 -1  0  0  0
  0 -1 -1 -1 -1 -1
  0  0  0  0  1  0
 -1  1  1  1  1  0
  1 -1 -1  0  0 -1
6	% 
 0  1  0 0  0  1
 0  1 -1 0  0 -1
 0  1  0 0  0  2
 1  0  0 0  0  0
 0 -1  1 1  0 -2
 0  1 -1 0 -1  1
6	% 
  0  0  0 1  0  0
  0  0  0 0  0  1
  0 -2  1 0 -1 -1
  1  0  0 0  0  0
 -1  1 -1 0  0  0
 -1 -1  0 0  0  0
6	% 
 0 0 -1  0 -1 -1
 0 0  0  1 -1  0
 0 0  0 -1 -1 -1
 1 0  0  0  0  0
 0 1  0  0  1  1
 0 1 -1  0 -1 -1
1,1,1,1;1,1 1 3
18 
#2 
6	% 
  2  0  0  1  1  0
  1  2 -1 -1 -1  1
 -1  0  1  0 -1 -1
  0 -1 -1  0  1  0
  0  1 -2 -1  0  1
  1  0  1  1  0  0
6	% 
  0  0  0  0  0 -1
  1  0 -1  0  0 -1
  0  1 -1  0 -1  1
 -1 -1  1 -1  1  1
  1 -1  0 -1  1  1
  0  1  0  1  0 -2
1,1,1,1;1,1 1 1
1 
#1 
6	% 
  0 0  0 -1 -1 -1
 -1 0  0  0 -1 -1
 -1 0  0 -1  0 -1
  1 0  0  1  1  1
  0 0 -1  0  0  0
  0 1  1  0  0  0
1,1,1;1,1,1 1 2
3 
#1 
6	% 
  1 0  0  0 -1  0
  1 0  0  1  1 -1
  0 1 -1  0  0  0
  0 0 -1 -1 -1 -1
 -1 0  1  0  0  1
  1 0  1  1  1  0
1,1,1;1,1,1 1 1
1 
#1 
6	% 
  0 -1 -1  0  0  0
 -1  0 -1  0  0  0
  1  1  1  0  0  0
  0  0  0  0 -1 -1
  0  0  0 -1  0 -1
  0  0  0  1  1  1
1,1,1;1,1,1 1 3
18 
#2 
6	% 
  0  0 0  1  2 -1
 -1  0 0  0  0  0
  0  0 0  1  2  0
 -1 -1 1 -1 -2  0
  0  0 0  0 -1  1
 -1 -1 0  0  1 -1
6	% 
  0  0  0  1  2 -1
 -1  0  1  0  0  0
  0  0 -1  0  1 -1
  0 -1  0  0 -1  0
  0  0 -1 -1 -2  0
  0  1 -1  0  1  0
2-2;1,1,1,1 1 1
1 
#1 
6	% 
  0 1 0  0  0  0
  0 0 1  0  0  0
  0 0 0 -1 -1 -1
 -1 0 0  0 -1 -1
 -1 0 0 -1  0 -1
  1 0 0  1  1  1
1,1,1,1;1;1 1 2
9 
#3 
6	% 
 0  1  1  1  1  1
 0  1  1  1  1  0
 0  1  0  1  1  2
 1  0  0  0  0  0
 0 -1 -1 -2 -1 -1
 0  1  1  1  2  2
6	% 
 0  0  0 1 0 0
 0  0  0 0 1 0
 0  0  0 0 0 1
 1  0  0 0 0 0
 0  0 -1 0 0 0
 0 -1  0 0 0 0
6	% 
 0  0 0 1 0 0
 0  0 0 0 1 0
 0  0 0 0 0 1
 1  0 0 0 0 0
 0  0 1 0 0 0
 0 -1 0 0 0 0
1,1,1;1,1;1 1 7
54 
#6 
6	% 
 0 -2 0 -1 -1 -1
 0 -1 0  0  0 -2
 0  4 0  1  1  6
 0 -1 1  0  0 -1
 1  0 0  0  0  0
 0 -1 0  0 -1 -1
6	% 
 0  0  0 1 1 -1
 0 -2  1 0 0  0
 0  4 -2 0 0  1
 0 -1  0 0 0  0
 1  0  0 0 0  0
 0  0  0 1 0 -1
6	% 
 0 -2 1  0  0  0
 0  0 0  1  1  1
 0  0 0 -3 -2 -2
 1  0 0  1  1  0
 1  0 0  0  0  0
 0 -1 1  0  0  0
6	% 
 -4 -2 1  0  0  0
 -2  0 0  1  1 -1
  5  0 0 -2 -2  2
 -1  0 0  2  1  0
  0  0 0  2  1  1
 -2 -1 1  0  0  0
6	% 
 0 0 -1  2  0  0
 0 0  0  3  1  1
 0 0  0 -7 -2 -2
 1 0  0  2  1  0
 1 0  0  0  0  0
 0 1 -1  1  0  0
6	% 
  0 0  1  0  0  0
  2 0  2  1  1 -1
 -3 0 -5 -2 -2  2
  1 0  1  2  1  0
  0 0  0  2  1  1
  0 1  0  0  0  0
1,1,1;1,1;1 1 6
6 
#1 
6	% 
 0  2  2  1  1  1
 0  1  1  0  0  0
 0 -2 -3 -1 -1 -1
 1  1  1  1  1  0
 1  0  0  0  0  0
 0  1  1  1  0  0
1,1,1;1,1;1 1 11
36 
#2 
6	% 
  2  0  0  1  1 -1
  2 -1  2  3  3 -3
 -5  1 -2 -5 -5  5
  1 -2  0  0  0 -1
  1  1  1  2  2 -1
  1  0  0  1  0 -1
6	% 
 0  0  2 -1 -1  1
 0  0  1 -1 -1  1
 1  0 -4  3  3 -3
 0  0  1 -1 -1  0
 0 -1  1 -1 -1  0
 0  0  1  0 -1  0
1,1,1;1,1;1 1 2
3 
#1 
6	% 
 0 0 0 -1 -1 -1
 1 0 0  0  0  0
 0 0 0  1  1  0
 0 1 0  0  0  0
 0 0 1  0  0  0
 0 0 0  0 -1 -1
1,1,1,1;1;1 1 5
18 
#2 
6	% 
  0  0  0 0  0  1
 -1  0  0 0  0  2
  0  0  0 0 -1  1
  0 -1  1 0  0 -3
  0  0 -1 0  0  3
  0  0  0 1  0 -2
6	% 
 1 0  0  0 0  1
 1 0  0  0 0  2
 0 0  1  0 1  2
 0 1 -1  0 0 -3
 0 1  0  0 0  3
 0 0 -1 -1 0 -1
2-2;1,1,1;1 1 2
3 
#1 
6	% 
  0 0 0  0  0 1
 -1 0 0 -1 -1 1
  1 0 0  0  1 0
  0 0 1  0  0 0
  0 1 0  0  0 0
 -1 0 0 -1  0 1
1,1,1;1,1;1 1 4
9 
#3 
6	% 
  0 -1 -1  0  0  0
 -1  0 -1  0  0  0
  1  1  1  0  0  0
  0  0  0 -1  0 -1
  0  0  0 -1 -1 -2
  0  0  0 -1  1  1
6	% 
  0 0 0  0 1  1
  0 0 0 -1 0  0
  0 0 0  0 0 -1
  0 1 0  0 0  0
 -1 0 0  0 0  0
  0 0 1  0 0  0
6	% 
 0  0 0  1 0 1
 0  0 0  1 0 0
 0  0 0 -1 1 0
 1 -1 1  0 0 0
 1  0 1  0 0 0
 0 -2 1  0 0 0
1,1,1,1;1;1 1 6
3 
#1 
6	% 
  1  0  0 0 0 0
  0  1  0 0 0 0
  0  0  1 0 0 0
 -1 -1 -1 0 0 1
  1  1  1 0 1 0
  0  0  0 1 0 0
2-2;1,1,1;1 1 1
1 
#1 
6	% 
 0 1  0  0  0  0
 0 1 -1  0  0  0
 0 0  0  0 -1 -1
 0 0  0 -1  0 -1
 0 0  0  1  1  1
 1 0  0  0  0  0
1,1,1;1,1;1 1 8
18 
#2 
6	% 
 0  0  0  1  1  1
 0 -1  1  1  1  1
 0  2 -2 -3 -2 -2
 0  1  1  1  1  0
 0 -1  0  0  0  1
 1  0  0  0  0  0
6	% 
 0  1  1  1 -1 -1
 0  1  1  0  0  0
 0 -2 -2 -1  2  1
 0  1  0  1  0  0
 0  0  1 -1 -1 -1
 1  0  0  0  0  0
1,1,1;1,1;1 1 1
1 
#1 
6	% 
 0 0  0  1 0 1
 0 0  0  1 0 0
 0 0  0 -1 1 0
 0 0 -1  0 0 0
 0 1  1  0 0 0
 1 0  0  0 0 0
1,1,1;1,1;1 1 3
3 
#1 
6	% 
 0 0  2  1  1 -1
 0 0  1  0  0  0
 0 1 -3 -1 -1  1
 0 0  1 -1  0 -1
 0 0  0 -2 -1 -1
 1 0  0  0  0  0
1,1,1;1,1;1 1 9
18 
#2 
6	% 
  2 0 0  1 1 -1
  1 0 0  0 0  0
 -3 0 0 -1 0  1
  1 0 0  0 0 -1
  0 1 0  1 1  1
  0 0 1  0 0  0
6	% 
 -2  0 0 -1 -1  1
 -1  0 0  0  1  0
  3  0 0  1  1 -1
 -1  0 0  0  0  1
  0 -1 0 -1 -1 -1
  0 -2 1  0  0  0
1,1,1,1;1;1 1 3
3 
#1 
6	% 
  0  0  0 -1 -1 -1
 -1  0  0  0 -1 -1
 -1  0  0 -1  0 -1
  1  0  0  1  1  1
  0 -1  0  0  0  0
  0  1 -1  0  0  0
1,1,1;1;1;1 1 11
3 
#1 
6	% 
 0 1  0  0  0 0
 0 0 -1  0  0 0
 1 0  0  0  0 0
 0 0  0 -1  0 1
 0 0 -1 -1 -1 0
 0 0 -1 -1  0 0
1,1;1,1;1,1 1 4
18 
#2 
6	% 
 0 0  0 1  2 -1
 1 1 -2 0  0  0
 0 0  1 0  0  0
 0 0  0 0 -1  1
 0 0  0 1  2  0
 0 1 -1 0  0  0
6	% 
 0  0 0  1  2 -1
 1  0 1  0  0  0
 0 -1 0  0  0  0
 0  0 0 -1 -2  0
 0  0 0  0  1 -1
 0 -1 1  0  0  0
1,1;1,1;1;1 1 26
18 
#2 
6	% 
  1  0  0 0  0  0
 -1  2  1 1  1  1
  1  3 -1 1  1  1
  0 -1  0 0 -1 -1
  0  1  0 1  1  0
  0  0  0 0 -1  0
6	% 
  1  0 0  0 0 0
 -1 -1 0  0 0 0
  1 -1 1  0 0 0
  0  0 0 -1 0 0
  0  0 0  0 0 1
  0  0 0  0 1 0
1,1;1,1;1,1 1 2
3 
#1 
6	% 
 -1 0  0 -1 -1 -1
  0 0 -1  0  0  0
  0 1  1  0  0  0
  0 0  0  0  1  0
  1 0  0  1  1  0
 -1 0  0  0  0 -1
1,1;1,1;1;1 1 11
3 
#1 
6	% 
 1  0 0  1  1 1
 0 -1 0  0  0 0
 0  1 1  0  0 0
 0  0 0 -1 -1 0
 0  0 0  0  1 1
 0  0 0  0 -1 0
1,1,1;1;1;1 1 16
18 
#2 
6	% 
 -1 -1  2 -1 -1 -1
 -2 -1  3 -2 -2 -2
  2  2 -3  2  2  2
 -1 -1  2 -1 -1 -2
 -1 -1  2 -1 -2 -2
  0  0  0  1  0 -1
6	% 
 1 0 -1  0  0  0
 0 1 -4 -1 -1 -1
 0 1  3  1  1  1
 0 0 -2  0  0 -1
 0 0 -2  0 -1 -1
 0 0  0  1  0 -1
2-2;1,1;1,1 1 2
3 
#1 
6	% 
 -1 0 0 -1 -1 -1
  0 0 0  0  1  0
  1 0 0  1  1  0
  0 0 1  0  0  0
  0 1 0  0  0  0
 -1 0 0  0  0 -1
1,1,1;1;1;1 1 14
1 
#1 
6	% 
  0 -1 -1 0 0 0
 -1  0 -1 0 0 0
  1  1  1 0 0 0
  0  0  0 0 0 1
  0  0  0 0 1 0
  0  0  0 1 0 0
1,1,1;1;1;1 1 7
18 
#2 
6	% 
 0  1 -1 1  1  0
 1  0  0 0  0  0
 0  0 -1 0  0  1
 0 -1  1 0 -1 -2
 0 -1  0 0  0 -1
 0  1 -1 1  0  1
6	% 
 0  1  1 1  1  0
 1  0  0 0  0  0
 0  0  1 0  0  1
 0 -1 -1 0 -1 -2
 0 -1  0 0  0 -1
 0  1  1 1  0  1
1,1;1,1;1;1 1 33
18 
#1 
6	% 
 1  0  0  0  0 0
 0 -1  0  0  0 0
 0  0  1  0  0 0
 0  1  1  0  1 0
 0 -1  1  0  1 1
 0  0 -2 -1 -1 0
1,1;1,1;1;1 1 2
3 
#1 
6	% 
 0 0  0 1  1  2
 0 0 -1 0  0  0
 0 1  1 0  0  0
 1 0  0 0  0  0
 0 0  0 0 -1 -2
 0 0  0 1  0  1
1,1;1,1;1,1 1 9
18 
#1 
6	% 
  1  0 0 0  0  0
  0 -1 0 0  0  1
  0  0 1 1  1  0
  0  0 0 1  1  0
 -1  0 0 0  1  0
  1  0 0 0 -1 -1
1,1;1,1;1;1 1 24
36 
#2 
6	% 
 1  0 0  1  1 -1
 0 -1 1  0  0  0
 0  1 0  0  0  0
 0  0 0 -1  0  0
 0  0 0 -1 -1  0
 0  0 0  1  0 -1
6	% 
 1 0  0  1  1 -1
 0 1  3  1  1  1
 0 1 -4 -1 -1 -1
 0 0 -2  0 -1 -1
 0 0 -2 -1 -1  0
 0 0  0  0  1  0
1,1,1;1;1;1 1 10
9 
#1 
6	% 
  0 0  0  0  0 1
 -1 0  0 -1 -1 1
  1 0  0  0  1 0
  0 1  0  0  0 0
  0 1 -1  0  0 0
 -1 0  0 -1  0 1
1,1;1,1;1;1 1 8
18 
#2 
6	% 
  0  0 0 -1 -1  2
 -1 -2 1  0  0  0
  1  1 0  0  0  0
  0  0 0  1  0 -1
  0  0 0  0 -1  0
 -1 -1 1  0  0  0
6	% 
 0  0 0 -1 -1  2
 1  0 1  0  0  0
 0 -1 0  0  0  0
 0  0 0  1  0 -1
 0  0 0  0 -1  0
 0 -1 1  0  0  0
1,1,1;1;1;1 1 5
3 
#1 
6	% 
 0  0  0  0  1  0
 0  0  0  0  1  1
 0  0  0 -1 -1 -1
 1  0  0  0  0  0
 0 -1  0  0  0  0
 0  1 -1  0  0  0
1,1;1,1;1;1 1 16
18 
#2 
6	% 
 0  0  0 -2 -1 -1
 1  0  0  0  0  0
 0 -1  0  0  0  0
 0  2 -1  1  1  0
 0  1 -1  0  0  0
 0  2 -1  0  0 -1
6	% 
 0 0  0 -2 -1 -1
 1 0  0  0  0  0
 0 1  0  0  0  0
 0 0 -1  0  0  1
 0 1 -1  0  0  0
 0 0 -1 -1 -1  0
1,1;1,1;1;1 1 19
9 
#1 
6	% 
 -1 0 0 -1 -1  1
  0 0 0 -2 -1 -1
  1 0 0  1  1  0
  0 0 1  0  0  0
 -1 0 0  0  0  1
  0 1 0  0  0  0
2-2;1,1;1;1 1 2
3 
#1 
6	% 
 0 0 0 1  1 -2
 1 0 0 0  0  0
 0 0 0 0 -1  1
 0 0 1 0  0  0
 0 1 0 0  0  0
 0 0 0 1  0 -2
1,1;1;1;1;1 1 9
9 
#1 
6	% 
 0  0  0 -1 -1 2
 1  0  0  0  0 0
 0  0 -1  0  0 0
 0  0  0  0  1 0
 0 -1  1  0  0 0
 0  0  0 -1  0 1
1,1;1;1;1;1 1 35
18 
#2 
6	% 
 1  0 0  0  0  0
 0 -4 1 -1 -1  1
 0  3 1  1  1 -1
 0  0 0  0 -1 -1
 0 -2 0  0 -1  0
 0 -2 0 -1 -1  0
6	% 
 1  0  0  0  0  0
 0 -2 -1 -1 -1 -1
 0  1  2  1  1  1
 0  0  0 -1  0  1
 0 -1 -1 -1  0  0
 0 -1 -1 -1 -1  0
2-2;1,1;1;1 1 15
3 
#1 
6	% 
  1  0 0 0 0 0
  0  0 1 0 0 0
  0 -1 1 0 0 0
 -1  0 0 0 0 1
  1  0 0 0 1 0
  0  0 0 1 0 0
1,1;1;1;1;1 1 26
1 
#1 
6	% 
 0 1 0 0  0 0
 0 0 1 0  0 0
 1 0 0 0  0 0
 0 0 0 0  0 1
 0 0 0 1  0 0
 0 0 0 0 -1 0
1,1;1;1;1;1 1 40
9 
#1 
6	% 
 1  0  0 0 0  0
 0  0 -1 0 0  0
 0 -1  1 0 0  0
 1  0  0 1 0 -1
 1  0  0 1 1  0
 0  0  0 1 0  0
1,1;1;1;1;1 1 38
6 
#2 
6	% 
 1 1 -2  0 0 0
 0 0  1  0 0 0
 0 1 -1  0 0 0
 0 0  0 -1 0 1
 0 0  0  1 0 0
 0 0  0  1 1 0
6	% 
 1  0 1  0 0 0
 0 -1 0  0 0 0
 0 -1 1  0 0 0
 0  0 0 -1 0 1
 0  0 0  1 0 0
 0  0 0  1 1 0
1;1;1;1;1;1 1 24
3 
#1 
6	% 
 1  0  0  0 0  0
 0  0 -1  0 0  0
 0 -1  1  0 0  0
 0  0  0  0 0 -1
 0  0  0  0 1  0
 0  0  0 -1 0  0
