#9

4-1';1;1 1 6
1 
#1 
6	% 
 1 0 0 0 0 0
 0 1 0 0 0 0
 0 0 1 0 0 0
 0 0 0 1 0 0
 0 0 0 0 1 0
 0 0 0 0 0 1
1,1,1,1,1,1 1 1
1 
#1 
6	% 
 1 0 0 0 0 0
 0 1 0 0 0 0
 0 0 1 0 0 0
 0 0 0 1 0 0
 0 0 0 0 1 0
 0 0 0 0 0 1
2-1',2-1';1,1 1 3
1 
#1 
6	% 
 -1  0  0 1  0 -1
  1  0  0 0 -1  0
  0  0 -1 0  1  0
  0 -1 -1 0  0  0
  1  0  0 0  1  1
  0 -1  0 0  0  0
1,1,1,1;1,1 1 3
5 
#2 
6	% 
  0  0 0  0  1 -1
 -1  0 0  0  1  1
  0  0 0  1  0  0
  1  0 1 -1 -1  1
 -1 -1 0 -1  0  0
  0  0 0  1  0 -1
6	% 
  1  1  1 1  0  0
 -2  1 -1 0  1 -1
 -1  0 -1 0  1  0
  1 -1  1 0 -2  0
 -1  1 -1 0  0 -1
  1  0  1 0  0  1
1,1,1;1,1,1 1 4
4 
#1 
6	% 
 0  0  0 -1  1  0
 1  0  0 -1  1  1
 0  0  0  1 -1  1
 0  1  0  0  1 -1
 0 -1  0  0 -2  1
 0  1 -1  0  1 -1
2-1,2-1;1,1 2 4
1 
#1 
6	% 
  1  0  2 1 -1  0
 -1 -1 -1 0 -1 -1
  0  1  0 0 -1 -1
  0  1  1 0  0  0
 -1 -1 -1 0  1  0
  0  0  1 0 -2 -1
2-1,2-1;1;1 3 7
1 
#1 
6	% 
  0 0 0 1  0  0
  0 1 0 0  1  0
  0 0 1 0 -1  0
 -1 0 0 0  0 -1
  0 0 0 0 -1  0
  0 0 0 0  0 -1
1,1;1,1;1,1 1 11
2 
#1 
6	% 
  0  0  0  0 -1 -1
  1 -1  0 -2  0  2
 -1  0  1 -2  0  1
 -1  1  1  1  0 -1
  0  0  0  1  2  1
  1 -1 -1  0 -2 -1
1,1;1,1;1;1 1 39
2 
#1 
6	% 
 -1  0 -2  1  1 -1
  0  1  1 -2  0  1
  0 -1 -1  1  0 -1
  1  0  1 -1 -1  1
  0  1  1 -1  0  0
  1  0  1 -1  0  1
