#6

1,1;1;1;1;1 1 48
1 
#1 
6	% 
 1 0 0 0 0 0
 0 1 0 0 0 0
 0 0 1 0 0 0
 0 0 0 1 0 0
 0 0 0 0 1 0
 0 0 0 0 0 1
1,1,1,1,1,1 1 1
1 
#1 
6	% 
 1 0 0 0 0 0
 0 1 0 0 0 0
 0 0 1 0 0 0
 0 0 0 1 0 0
 0 0 0 0 1 0
 0 0 0 0 0 1
1,1,1,1;1,1 1 1
1 
#1 
6	% 
 0  0 -1 -1  0 -1
 0  0  0 -1 -1 -1
 0  0 -1  0 -1 -1
 0  0  1  1  1  1
 0 -1  0  0  0  0
 1  1  0  0  0  0
1,1,1,1;1,1 1 3
6 
#1 
6	% 
  1 0  0 0 0 0
  2 1  1 0 1 0
  0 0  0 0 0 1
 -1 0 -1 0 0 0
  1 0  0 0 1 0
  0 0  0 1 0 0
1,1;1,1;1,1 1 5
3 
#1 
6	% 
 0 -1  0  0  0  0
 1  1  0  0  0  0
 0  0  1  1  1  0
 0  0 -1 -1  0  0
 0  0  0  1  1 -1
 0  0  0  0 -1  1
1,1,1;1;1;1 1 19
4 
#1 
6	% 
 1 0  0 0  0 0
 0 1  0 0  0 0
 0 0  0 0  0 1
 0 0 -1 0  0 0
 0 0  0 1  0 0
 0 0  0 0 -1 0
