#45

3;3 1 3
1 
#1 
6	% 
 1 0 0 0 0 0
 0 1 0 0 0 0
 0 0 1 0 0 0
 0 0 0 1 0 0
 0 0 0 0 1 0
 0 0 0 0 0 1
1,1,1,1,1,1 1 1
1 
#1 
6	% 
 1 0 0 0 0 0
 0 1 0 0 0 0
 0 0 1 0 0 0
 0 0 0 1 0 0
 0 0 0 0 1 0
 0 0 0 0 0 1
1,1,1,1,1;1 1 2
12 
#1 
6	% 
  1  1  0  0 -1  0
  0  1  0  0  0  1
  2  0  1  1 -1 -1
  0  1  1  0  0  1
 -1 -1 -1 -1  1  0
  1  1  1  0 -1  1
2-1;1,1,1;1 1 8
24 
#2 
6	% 
 -1  0  1  1 0 -1
  0  0  0  1 0 -1
  1  0 -1  0 1  1
  1  0 -1 -1 0  0
  0  0  1  1 0 -1
 -1 -1  0  1 0 -1
6	% 
 -1 0  0  0  0 1
 -1 0  0  0  1 1
  0 0 -1  0 -1 0
  0 0  0  0 -1 1
  0 0  0 -1  1 0
  1 1  0  0  2 0
1,1,1,1;1,1 1 3
51 
#3 
6	% 
 1  1  0  0  0  0
 1 -1 -1  1 -1 -1
 1 -1  0  0 -1 -1
 0  1  1 -1  1  1
 1 -1 -1  0 -1 -1
 1  1  0 -1  1  0
6	% 
  0  1  1  0  0  1
  0  0  0  0 -1  0
  1  0 -1  0  1  0
 -1 -1  0  1 -1 -1
  0  0  1  1  0 -1
  0  1  0 -1  0  1
6	% 
  0 -1  0 0 1 0
  0  1  0 0 0 0
  0  0 -1 0 0 0
  1  1  0 1 1 0
  0  0  1 0 0 1
 -1 -1  0 0 0 0
2-1;1,1;1,1 1 11
36 
#1 
6	% 
 0 1 0 -1  1  1
 0 1 0  0  1  0
 0 0 0 -1 -1  0
 0 0 0  1  0  0
 1 0 0  1  0 -1
 0 1 1  0  0  0
2-1',2-1';1,1 1 3
18 
#1 
6	% 
  0  1 -1  1  1  0
  0 -2  0  1 -1 -1
  1  0  0  0  0  0
  1  1  0 -1  0  0
 -1 -1  1  0  0  0
  1  1  0  0  0  0
1,1,1;1,1,1 1 4
36 
#1 
6	% 
 -2  0  0  0  2  1
 -1  0  0  0  1  0
  1 -1  0  0 -3 -1
 -1  0  0 -1  2  1
  2  0 -1  1 -2 -2
 -1  0  0 -1  1  1
2-2;1,1,1,1 1 2
8 
#1 
6	% 
  1 0 0 0 -1 -1
  1 0 0 0  0 -1
  1 1 0 0  0  0
 -2 0 0 0  0  3
  2 0 1 0  0 -2
 -2 0 0 1  0  2
2-2',2-2';1,1 1 3
32 
#1 
6	% 
 -1  0 -1  0  2  0
 -1  2  2 -3 -1  2
  1  1  0 -2  0 -1
  0 -1 -1  1  1 -1
  0  1  1 -2 -1  0
  0 -1  0  1 -1  0
1,1,1;1,1;1 1 12
144 
#3 
6	% 
 -2  4  2 -3 -2  3
 -1  2  0 -2 -1  1
  4 -9 -3  7  4 -6
  0  1  0 -1 -1  0
  2 -5 -2  4  2 -3
 -1  2  1 -2 -1  2
6	% 
 -2  0  2 -1 -2  1
  0 -2  0  1 -1 -1
  3  3 -3  0  4  0
  0 -1  0  1  0  0
  2  2 -1  0  2  0
 -1  0  1  0 -1  0
6	% 
  0  0  0 -1  2 -1
 -1 -1 -1 -1  0 -1
  2  2  2  3 -3  3
  0 -1 -1  0  0 -1
  1  2  1  1 -1  2
  0  0  0  0  1 -1
2-2;1,1,1;1 1 5
48 
#1 
6	% 
 -1 0  1  0 0  1
 -1 0  0 -1 0  1
  1 0  0  0 0  0
  2 1  0  0 0 -1
  2 0 -1  1 1 -1
  2 0 -1  1 0 -1
1,1,1,1;1;1 1 5
42 
#2 
6	% 
 -1  0 0  0  1  1
  0  1 0  0  1  1
 -1  1 1 -1  0  1
  1 -1 0  1 -1 -2
 -1  1 0  0  1  1
  1  0 0  0  0 -1
6	% 
 0  0  0 0  1  0
 1  0  0 1  3  0
 0  0 -1 0  1  0
 0  1  1 0 -2  0
 0 -1 -1 1  2 -1
 1  1  0 0  0  0
2-1;1,1;1;1 1 35
36 
#2 
6	% 
 -1  0  0 0 1  0
  1  0 -1 0 0 -1
  0 -1 -1 1 0  0
  0  0  1 0 0  1
  1  0  0 1 0  0
  0  1  0 0 1  0
6	% 
  0  1  2  0  0  1
 -1  0  0  0  0  0
  0  0  0 -1 -1 -1
  1  0 -1  0  0  0
  0 -1 -1  0 -1 -1
  0  0  1  1  0  0
2-1;1,1;1;1 1 32
72 
#2 
6	% 
 -1  0  1 0  0 0
  0 -1  0 0 -1 0
 -1  1  1 0  1 1
  1  0  0 0 -1 0
  1 -1 -1 1  0 0
  0 -1 -1 0 -1 0
6	% 
  0  1  1 -1  3 0
 -1  0  0  0 -3 1
  1  1  1 -1  5 0
  0  0 -1  1 -4 1
 -1 -1  0  1 -5 1
 -1 -1 -1  0 -5 1
3;1,1,1 1 3
2 
#1 
6	% 
 -1 0 0 0  1  1
  0 0 0 0  1  0
 -2 0 0 0  1  3
 -2 0 0 1  1  2
  2 0 1 0 -1 -2
  3 1 0 0  0 -2
2-2;2-1;1;1 1 13
24 
#1 
6	% 
  0  0  0 -1 -1  0
  0  0 -1  0  0  0
  1  0  0  1  1  0
 -1 -1 -1  0 -1  0
  0  0  0  0 -1  0
  1  0  0  0  0 -1
1,1,1;1;1;1 1 15
36 
#1 
6	% 
 1 -2 -1  1 -2 -2
 0  2  1 -1  1  1
 0  1  0 -1  1  1
 0  2  1 -1  2  1
 0 -1  0  0 -1  0
 0 -1  0  0 -2 -1
2-2,2-2;1,1 1 3
96 
#1 
6	% 
  0  0  0 1 0 0
  1  0  0 0 0 0
  0 -1  0 1 0 0
 -1  0  0 0 1 1
  0 -1 -1 1 1 0
  0  0  0 0 1 0
1,1;1,1;1,1 1 11
33 
#3 
6	% 
  2  0 0 -1 0 -1
  1  1 0  2 1  1
  0  0 1  2 0  1
 -1 -1 0  0 0  0
 -4  0 0  1 0  2
  4  1 0 -2 0 -2
6	% 
  1  1 -1 -2  1  2
  0  1  2  1  0  0
 -2 -1  0  0 -1 -1
 -1 -2 -2  0  0 -1
 -1 -2  1  3 -1 -3
  3  3  0 -2  2  3
6	% 
  1  2 -1  1  1 -1
  0  0  1  0  1  2
 -1 -1  0 -2 -1  0
  0 -1 -1 -1 -2 -2
 -1 -3  1 -1 -2  1
  2  3 -1  3  3  0
1,1;1,1;1;1 1 31
54 
#2 
6	% 
  1  2  2  0  1  1
 -1 -1 -1 -1 -2 -1
  0  1  1  1  1  1
 -1  0  0  0  0  1
  1  1  0  1  2  1
  0  0 -1  1  1  0
6	% 
  3  4  4 -3 -3 -1
 -4 -3 -3  2  1  2
  3  3  2 -1 -1 -2
  0  0  0  1  0 -1
  2  3  3 -2 -3 -1
  0  1  0  0 -1  0
1,1,1;1;1;1 1 19
20 
#2 
6	% 
  2  1  1 -1  2 -2
 -1  0  0  0  0  1
 -1 -1 -1  1 -2  0
  1  1  0 -1  2 -1
  0  0  1 -1  1 -1
  1  1  1  0  2 -1
6	% 
 -1  0  0 -1 -1 0
  0  0  0  1  1 1
  1  0  0  0  0 0
  0  0 -1  0  0 0
 -1  0  0 -1  0 1
 -1 -1  0  0 -1 0
2-2;1,1;1,1 1 6
24 
#1 
6	% 
 -1 -1  0  0 -1 0
  0  0  1  0  0 0
  0  1  1  0  1 0
  1  1  1  0  2 0
 -2 -1 -1  0 -1 1
  1  1  1 -1  0 0
1,1;1,1;1;1 1 39
72 
#2 
6	% 
  1 0 0  1  1  0
 -1 0 0 -1  0  0
  1 0 0  1  1 -1
 -1 0 1 -1  0  0
 -1 0 0  0 -1  0
  0 1 0 -1  1  0
6	% 
 -1 -2  1 -1 -2  1
  1  2 -1  1  1 -1
  0 -1  1 -1  0  1
  1  2 -1  1  3  0
  1  2  0  1  0 -1
  1  2 -1  0  2 -1
2-1;1;1;1;1 1 37
18 
#1 
6	% 
  0  0  0  1  0  0
 -1  0  0 -1  0  0
  0  0  0  0 -1 -1
  1 -1 -1  1  0 -1
  1  0 -1  0  0 -1
 -1  0  0 -1  0  1
2-1;2-1;1,1 1 10
9 
#1 
6	% 
 -1 -2 -1  0  0 -1
  0  1  1  0  0  1
  0  1  0  0  0  0
 -1  0  0 -1 -1  0
  0 -1  0  1  0 -1
 -1 -1  0 -1 -1 -1
2-1,2-1;1,1 2 4
36 
#1 
6	% 
  0  0 0  1  0 -1
  1  0 1  1  0  1
  2  1 0  1  1  0
  1  1 0  0  0 -1
 -2 -1 0 -2 -1  0
  1  1 1  1  0  0
2-1,2-1;1;1 3 7
36 
#1 
6	% 
  1  0 0  0  0  0
  0 -2 0  0 -1 -1
  1  2 1 -2  0  1
  0  1 0 -1  0  0
  0  1 1  0  1  1
 -1  0 0 -1  0  0
2-2;2-2;1,1 1 8
16 
#1 
6	% 
  1  0  0 1  0 -1
  1  0 -1 0  0 -1
 -1  0  0 0  0  0
  1 -1 -1 1  0 -1
  1  0  0 0 -1 -1
  1  0  0 0  0 -1
3;2-2;1 1 6
8 
#1 
6	% 
  0  1  1 0  0 0
 -1 -1  0 0  0 0
  0  0  0 0  0 1
  1  1 -1 0  1 1
 -1 -1  0 0 -1 0
  1  1  0 1  1 0
3,3 3 1
24 
#1 
6	% 
 -1  0  0  0  1  1
 -1  1  1 -1  0  1
 -1  0  0  0  0  1
  0  0  0  0 -1 -1
  0 -1 -1  0  0  0
  0  0  1  0  0  0
1,1;1;1;1;1 1 54
48 
#2 
6	% 
  1  1 -2 -1  1 0
 -1 -1  2  0 -1 1
 -1  0  1  0  0 1
  0 -1  0  1  0 0
  0  0  1  0  0 0
  0  0 -1  0  1 0
6	% 
 0 -1 0  1  0 -1
 0  1 0  0  0  0
 0  1 0 -1 -1  0
 0  2 1 -1  0  1
 0  1 0  0  0  1
 1 -1 0  1  0 -1
1,1;1;1;1;1 1 34
9 
#1 
6	% 
 0  1  1 -1 -1  0
 1 -1 -2  1  1 -1
 0  1  1 -1  0  1
 0 -1 -1  0  0  0
 0  2  2 -1 -1  1
 0  2  1 -1  0  1
2-2;1,1;1;1 1 16
24 
#1 
6	% 
  0  1  0 0  1  1
  1  0 -1 0  0 -1
  1 -1 -1 1  0 -2
  2 -1 -1 0 -1 -3
 -2  1  1 0  2  3
  1 -1 -1 0 -1 -1
3;1,1;1 1 11
12 
#1 
6	% 
  0 0  1  0 0  1
  0 0  1  1 0  0
  0 0  1  1 1  1
  0 1  2  0 0  1
 -1 0 -1 -1 0  0
  0 0 -1 -1 0 -1
2-1;1;1;1;1 1 45
6 
#1 
6	% 
  0 0  0 -1 -1  0
  0 0  0  0  0 -1
 -1 0  1  0  0  0
  0 1  0  0  1  0
  0 0  1  0  0  1
  0 0 -1 -1  0  0
2-1;2-1;1;1 1 29
9 
#1 
6	% 
  0  1  0  0  1  1
  1  1  0  0  1  0
  0 -1 -1  0 -1 -1
  0  0  1 -1 -1  0
  1  1  0  1  1  0
 -1  0  0  0  0  0
3;1,1;1 1 15
6 
#1 
6	% 
 1  0  0 0 -1 -1
 1  0  0 0  0 -1
 1 -1 -1 1  0 -1
 2  0 -1 0  0 -1
 1  0 -1 0  0 -1
 1 -1 -1 0 -1 -2
3;2-1;1 1 9
6 
#1 
6	% 
  0  0  0  0  1  1
  0  0 -1  0  0  0
 -1  0  0 -1 -1  0
  0 -1 -1  0 -1 -1
  1  0  0  0 -1 -1
  1  0  0  0  0 -1
1,1;1;1;1;1 1 57
15 
#2 
6	% 
 -3  0  0 -1 -1  2
  2  0 -1  0  1 -2
  0 -1 -1  0 -1 -1
  1  1  1  1  1  1
  0  0 -1  0  0 -1
  0  0 -1 -1  0  0
6	% 
  0  0  1  1  0  0
  0 -1  0  0 -1 -1
 -1  0  1  0  0  0
  1  1 -1 -1  1  1
  0 -1  0  1  0 -1
 -1 -1  1  0 -1  0
2-2;1;1;1;1 1 22
8 
#1 
6	% 
  0  1 0 0 1 0
  0  1 1 0 0 0
  0  0 0 0 1 1
  0  0 0 1 1 0
  0 -1 0 0 0 0
 -1  0 0 0 0 0
1;1;1;1;1;1 1 45
6 
#1 
6	% 
  0  1  0  0  1  1
 -1  0  0 -1  0  1
  1 -1 -1  1  0 -1
 -1  0  0  0  0  1
  1 -1 -1  0 -1 -2
  0  1  1  0  0  1
3;1;1;1 1 20
6 
#1 
6	% 
  0 0  0  0  0 -1
  1 0 -1  0  1 -1
  0 1  1  0  0  1
  0 0  0 -1  0 -1
  0 0  0  0 -1  0
 -1 0  0  0  0  1
3;1;1;1 1 23
2 
#1 
6	% 
 1  0 -1 0  0 -1
 0 -1  0 0  0  0
 0 -1  0 0 -1 -1
 0  0  1 0  0  0
 1 -1 -1 1  0 -1
 1  0  0 0  0  0
1;1;1;1;1;1 1 47
1 
#1 
6	% 
  0  0 -1  0  0  0
 -1  1  1 -1  0  1
  0  1  0 -1  0  1
  0 -1  0  0 -1 -1
  0 -1 -1  0  0  0
  0 -1  0  1  0  0
