#62

4-2;1;1 1 2
1 
#1 
6	% 
 1 0 0 0 0 0
 0 1 0 0 0 0
 0 0 1 0 0 0
 0 0 0 1 0 0
 0 0 0 0 1 0
 0 0 0 0 0 1
1,1,1,1,1,1 1 1
1 
#1 
6	% 
 1 0 0 0 0 0
 0 1 0 0 0 0
 0 0 1 0 0 0
 0 0 0 1 0 0
 0 0 0 0 1 0
 0 0 0 0 0 1
1,1,1,1;1,1 1 3
72 
#6 
6	% 
  1  0  1  0  0 -1
 -1 -1 -1 -1 -1 -1
  0  0 -1  0  0  0
  0  1  1  0  0  1
 -1  0  0 -1  0 -1
  1  0  0  0  0  0
6	% 
  0 0 0  1  0 0
  0 0 1  2  1 1
 -1 0 0  0  0 0
  0 0 0 -1 -1 0
  0 0 0  1  0 1
 -1 1 0  0  0 0
6	% 
  0  0 1  0 -1 -1
 -2  1 0 -1 -1 -1
  0  0 0  0  1  0
  1 -1 0  0  0  1
 -1  0 0  0 -1  0
  0  0 0  0  0 -1
6	% 
 0  0 0 -1 1  0
 0  0 0 -2 0 -1
 1  0 0  0 0  0
 0  0 1  1 0  1
 0  0 1 -2 0 -1
 1 -1 0  0 0  0
6	% 
  0  0  0  0 1 -1
  0  0  0 -1 1  0
  0  2 -1  0 0  0
  1 -2  1  1 0  1
 -1 -1  1 -2 0 -1
  0  2 -1  1 0  0
6	% 
  0  0  0  0 -1  0
  0  0  0  0 -1 -1
 -1  0 -1  0  0 -1
  1 -1  0  0  1  0
 -1  0  0  0 -1  0
  1 -1  1 -1  0  1
1,1,1,1,1;1 1 2
14 
#3 
6	% 
 0 -1  1  0 -1  0
 0  0  1  1  0  1
 0 -1  0  1 -1  0
 0  0  1  0  0  1
 1  0 -1 -1  1 -1
 1 -1  1  1 -1  1
6	% 
  1  0  0  0  0  0
  0  0  1  0  0  0
  1  0  1 -1  0  0
  0 -1  0 -1 -1 -1
 -1  1 -1  1  0  1
  1 -1  1 -1 -1  0
6	% 
 -2  1 -1 -1 -1 -1
 -2  1 -1 -1 -1  0
 -2  1 -2 -1 -1 -1
 -2  1 -1  0 -1 -1
  3 -1  2  1  2  1
 -3  2 -2 -1 -2 -1
1,1,1,1;1,1 1 1
3 
#2 
6	% 
 0  0 -1 -1  0 -1
 0  0  0 -1 -1 -1
 0  0 -1  0 -1 -1
 0  0  1  1  1  1
 0 -1  0  0  0  0
 1  1  0  0  0  0
6	% 
  0 -1 -1 -1 0  0
 -1  0 -1 -1 0  0
 -1 -1  0 -1 0  0
  1  1  1  1 0  0
  0  0  0  0 0 -1
  0  0  0  0 1  1
2-1;1,1,1;1 1 8
36 
#2 
6	% 
  0 0  0 0  0  1
  0 0  0 0 -1  0
 -1 0  0 0  0 -1
  0 0 -1 0  0 -1
  0 0 -1 1  0  1
 -1 1  0 0  0  1
6	% 
  0 0  0 0 1 0
  0 0  0 0 0 1
  1 0  0 0 0 0
  0 0  1 0 0 0
  0 0 -1 1 0 0
 -1 1  0 0 0 0
1,1,1;1,1,1 1 4
48 
#3 
6	% 
  1  1  1  1 1 0
  1  1  1  0 0 0
 -1 -1 -2 -1 0 0
  1  1  1  1 0 1
 -2 -1 -1 -1 0 0
  1  0  1  1 0 0
6	% 
 -1  1  0  0 -1  1
 -1  1 -1  0 -1  1
  2 -2  1 -1  1 -2
 -1  0  0  0 -1  1
  2  0  1  0  2 -1
 -1  0 -1  1 -1  1
6	% 
  0  0  1  0  0 -1
  1 -1  0  1  0  1
  0  0 -1  0  0  0
  0  0  1 -1  1  0
  0  0 -1  1  0  0
 -1  0  0 -1 -1  0
2-1',2-1';1,1 1 1
6 
#1 
6	% 
  1  1  0 -1 0  0
  0  1  1  1 0  0
 -1  0  0  1 0  0
  0 -1 -1  0 0  0
  0  0  0  0 0 -1
  0  0  0  0 1  1
1,1,1;1,1,1 1 2
14 
#3 
6	% 
  0  1  0  0  0  0
  1  1  0  0  1 -1
  0  0  0 -1  0  0
  0  0 -1 -1 -1 -1
 -1 -1  1  1  0  1
  1  1  1  1  1  0
6	% 
 -2  1  0  0 -1 -1
  0  0  0  0  1  0
  0  1 -1  0  0  0
  0 -1 -1 -1  0  0
  1  0  1  1  0  0
 -1  1  1  1  0  0
6	% 
  0  1  0  0 0  0
  1  1  2 -1 0  0
  0  0  0 -1 0 -1
  0  0  0  1 1  1
 -1 -1 -1  0 0  0
  1  1  1 -1 0  0
2-1;1,1;1,1 1 11
36 
#2 
6	% 
 0  0  0  0  0  1
 0  0  0  0  1  0
 1 -1  0  0 -1  0
 0  0 -1  0  0 -1
 0  0  1 -1  0 -1
 1  0  0  0  1  0
6	% 
  0 0 0  0 0 1
  0 0 0  0 1 0
  1 0 0  0 0 0
  0 0 1 -1 0 0
  0 0 1  0 0 0
 -1 1 0  0 0 0
2-1',2-1';1;1 1 3
6 
#1 
6	% 
  1  1  0 -1 0 0
  0  1  1  1 0 0
 -1  0  0  1 0 0
  0 -1 -1  0 0 0
  0  0  0  0 0 1
  0  0  0  0 1 0
2-2;1,1,1,1 1 1
2 
#1 
6	% 
 0 1  0  0  0  0
 1 0  0  0  0  0
 0 0  0 -1 -1 -1
 0 0 -1  0 -1 -1
 0 0 -1 -1  0 -1
 0 0  1  1  1  1
2-2',2-2';1,1 1 1
2 
#1 
6	% 
 0 0  0 1 0  0
 0 0 -1 1 0  0
 1 0  0 1 0  0
 0 1 -1 1 0  0
 0 0  0 0 0 -1
 0 0  0 0 1  1
1,1,1;1;1;1 1 19
36 
#2 
6	% 
  0 0  0 0 0  1
  0 1  0 1 1  1
 -1 0  0 0 0 -1
  0 0 -1 1 0  1
  0 0  1 0 0  1
 -1 1  0 0 0  1
6	% 
  0 0  0 0 -1 -1
  0 0  0 0  0 -1
  0 0  1 0  1  1
 -1 1  0 0 -1 -1
  0 0 -1 1 -1 -1
 -1 0  0 0 -1 -1
2-2,2-2;1,1 2 1
8 
#2 
6	% 
  0 1  1 -1 0  0
 -1 1  0 -1 0  0
 -1 1 -1  0 0  0
 -1 0 -1  1 0  0
  0 0  0  0 0 -1
  0 0  0  0 1  1
6	% 
  0 1 0  0 0  0
 -1 1 0  0 0  0
  0 0 0 -1 0  0
  0 0 1 -1 0  0
  0 0 0  0 0 -1
  0 0 0  0 1  1
1,1;1,1;1,1 1 5
36 
#4 
6	% 
 0 0 0 0 0 -1
 0 0 0 0 1  1
 0 0 1 0 0  0
 0 0 0 1 0  0
 1 0 0 0 0  0
 0 1 0 0 0  0
6	% 
 0 -1  0  0  0 0
 1  1  0  0  0 0
 0  0  0  0  0 1
 0  0 -1  0  0 0
 0  0  0  0 -1 0
 0  0  0 -1  0 0
6	% 
 0  0  0  0 0 -1
 0  0  0  0 1  1
 1  0  1 -2 0  0
 0 -1 -1  1 0  0
 1 -1  1 -2 0  0
 0  1  0  1 0  0
6	% 
  0  0  0  0 0 -1
  0  0  0  0 1  1
  1  0  0  1 0  0
 -1 -1 -1 -1 0  0
  1 -1  0  1 0  0
 -1  2  1 -2 0  0
2-2;2-2;1,1 1 5
6 
#1 
6	% 
 0  0  0 0 0 -1
 0  0  0 0 1  1
 0 -1  0 0 0  0
 1 -1  0 0 0  0
 0  0  0 1 0  0
 0  0 -1 1 0  0
1,1;1,1;1;1 1 39
108 
#3 
6	% 
  1 -1  1 -1  1 -2
 -1  0 -1  0 -2  1
  0  0  1  0  1 -1
  0  0 -1  1 -1  1
 -1  0  0  0 -1  1
 -1  1  0  0 -1  1
6	% 
 0  0  0 -2 -1  0
 0 -2  0  0  0 -1
 1  1  0  0  0  1
 0  0  1  1  1  0
 1 -2  0  0  0 -1
 0  0 -1  2  1  0
6	% 
  0  0  2 -1  0  1
  2 -1  0  0  1  0
 -1  0  0  0 -1  0
  0  0 -1  0  0 -1
  1 -1  0  0  1  0
  0  0 -1  1  0 -1
1,1,1;1,1;1 1 12
240 
#8 
6	% 
  2  0  2  0  1 -1
  2  1  2  1  2 -2
 -5 -1 -5 -1 -4  4
  1  0  1  1  1 -1
 -2  0 -3 -1 -2  2
  1  0  1  0  1  0
6	% 
  0  1  0 0 0  0
  0  2  0 0 1 -1
  0 -4 -1 2 0  0
  0  1  1 0 1  0
  0 -2 -1 1 0  0
 -1  1  0 0 0  0
6	% 
 0 -1 0  0  0  0
 0  0 0  2  1 -1
 0  2 0 -3 -1  1
 0  0 0  1  0 -1
 0  1 1 -2  0  1
 1 -1 0  0  0  0
6	% 
  0  0 -2 0 -1 -1
  0  1  0 0  0  0
  0 -1  3 0  2  2
  1  0  0 0  0  0
 -1  0  1 1  1  1
  0  0 -1 0  0 -1
6	% 
  4 -2  2 -4  3  3
  2 -1  2 -4  2  2
 -6  3 -5 10 -6 -6
  1 -1  1 -2  1  1
 -3  1 -3  5 -3 -3
  2 -1  1 -2  2  1
6	% 
  0  0 0  0 1 1
  0  1 0  0 0 0
  0 -1 2 -1 0 0
  1  0 0  1 0 0
 -1  0 1 -2 0 0
  0  0 0  0 1 0
6	% 
 0  0 -1  2 -2 -2
 0  2  0  0 -1 -1
 0 -3  2 -4  5  5
 0  1  0  0 -1  0
 1 -2  1 -2  3  2
 0  0 -1  1 -1 -1
6	% 
 -2  1  0  0 0  0
  0  0  1 -2 1 -1
  4 -2 -1  2 0  0
  0  0  1 -1 1  0
  2 -1 -1  1 0  0
 -1  1  0  0 0  0
2-2;1,1,1;1 1 2
16 
#3 
6	% 
  0 -1 0 0 0 -1
  0  1 0 0 1  1
 -1  0 0 0 0  0
  0  0 1 0 0  0
  0  0 0 1 0  0
 -1  1 0 0 0  0
6	% 
  0 -1 0 0  0  0
 -1 -1 0 0 -1 -1
  1  1 0 0  0  1
  0  0 0 1  0  0
  0  0 1 0  0  0
 -1 -1 0 0 -1  0
6	% 
  0 0 0 0 0 1
  0 0 0 0 1 0
  1 0 0 0 0 0
  0 0 1 0 0 0
  0 0 0 1 0 0
 -1 1 0 0 0 0
1,1,1,1;1;1 1 5
60 
#5 
6	% 
 0  0  0 -1 -1 -1
 0  1  0  0 -1  0
 1  0  0 -1 -1 -1
 0 -1 -1  1  2  1
 0  1 -1  0 -2 -1
 1 -1  0  1  1  1
6	% 
 0  0  0  0  0  1
 0  1  0  0 -1  1
 0  1  0 -1  0  1
 1 -1  0  0  1 -1
 1  0  0  0 -1  1
 0 -1 -1  1  0 -1
6	% 
 0  1  1  1  1 -1
 0  1  1  2  1 -1
 1  1  1  1  1 -1
 0 -2 -1 -2 -2  1
 0  2  1  2  1 -2
 1 -2 -1 -1 -1  1
6	% 
  0 0  0 -1 0  0
  0 0  1 -1 0  0
  1 0  1  0 0  0
  0 0 -1  1 1  0
  0 0  1 -1 0 -1
 -1 1 -1  0 0  0
6	% 
 -2  1 -1  2  0 -1
 -2  1 -1  2 -1 -2
 -2  1  0  1 -1  0
  3 -2  1 -2  1  1
 -3  1 -1  2 -1 -1
  2 -1  1 -1  1  0
1,1,1;1,1;1 1 2
28 
#5 
6	% 
 0 1 0 0 0  0
 0 0 1 0 0  0
 0 0 0 1 0  0
 0 0 0 0 0 -1
 0 0 0 0 1  1
 1 0 0 0 0  0
6	% 
 0 1 0 0 0 0
 0 0 0 0 1 0
 0 0 0 0 0 1
 0 0 1 0 0 0
 0 0 0 1 0 0
 1 0 0 0 0 0
6	% 
 0 0  2  2  1  1
 0 0  1  1  0  0
 0 0 -2 -3 -1 -1
 1 0  0  0  0  0
 0 1  0  0  0  0
 0 0  1  1  1  0
6	% 
 0 0  1  1 0 0
 0 0  1  1 1 0
 0 0 -1 -1 0 1
 1 0  0  0 0 0
 0 1  0  0 0 0
 0 0  1  0 0 0
6	% 
 -2  1 0  0  0 0
  0  0 1  1  0 0
  2 -1 0 -1  0 0
  0  0 0  0  1 1
  0  0 0  0 -1 0
 -1  0 0  0  0 0
1,1,1;1,1;1 1 9
120 
#8 
6	% 
  0 0 -2  1  0 0
  0 0  0  0  1 1
  0 0  2 -1 -1 0
  0 0 -1  0  0 0
 -1 0  0  0  0 0
 -2 1  0  0  0 0
6	% 
 0  0  1 0  0  0
 0  0  0 0  1  0
 0  0 -2 0 -1 -1
 0 -2  0 1  0  0
 1  0  0 0  0  0
 2 -1  0 0  0  0
6	% 
  0 0  2  2  1  1
  0 0  1  1  0  0
  0 0 -3 -2 -1 -1
  0 2  1  1  1  0
 -1 0  0  0  0  0
 -2 1  0  0  0  0
6	% 
 0 1 0 0  0 0
 0 0 1 0  0 0
 0 0 0 1  0 0
 1 0 0 0  1 1
 0 0 0 0 -1 0
 0 0 0 0 -1 1
6	% 
 -2  1  0 0 0  0
  0  0  1 1 0  0
  2 -1 -1 0 0  0
 -1  0  0 0 0  0
  0  0  0 0 0 -1
  0  0  0 0 1 -1
6	% 
 0 0  2  2  1  1
 0 0  1  1  0  0
 0 0 -3 -2 -1 -1
 0 0  1  1  1  0
 1 0  0  0  0  0
 0 1  0  0  0  0
6	% 
 0 0 0  1  0  0
 0 0 0  0  1  0
 0 0 0 -2 -1 -1
 0 0 1  0  0  0
 1 0 0  0  0  0
 0 1 0  0  0  0
6	% 
 0 0 -2  1 -2 -2
 0 0  0  0 -1 -1
 0 0  2 -1  2  3
 0 0 -1  0 -1 -1
 1 0  0  2  0  0
 0 1  0  0  0  0
1,1,1,1;1;1 1 3
7 
#2 
6	% 
  0  0 -1  0 -1 -1
  0  0 -1 -1  0 -1
  0  0  0 -1 -1 -1
  0  0  1  1  1  1
 -1  0  0  0  0  0
  1 -1  0  0  0  0
6	% 
  0 -1 -1 -1 0 0
 -1  0 -1 -1 0 0
 -1 -1  0 -1 0 0
  1  1  1  1 0 0
  0  0  0  0 0 1
  0  0  0  0 1 0
2-2',2-2';1;1 1 2
2 
#1 
6	% 
 0  1 0 0 0 0
 1  0 0 0 0 0
 1  0 1 0 0 0
 1 -1 0 1 0 0
 0  0 0 0 0 1
 0  0 0 0 1 0
2-2;1,1;1,1 1 1
2 
#1 
6	% 
 0  0  0 1 0  0
 0  0 -1 1 0  0
 0 -1  0 0 0  0
 1  1  0 0 0  0
 0  0  0 0 0 -1
 0  0  0 0 1  1
1,1,1;1;1;1 1 10
60 
#5 
6	% 
 0  0  0  0 0 1
 0  0  0  0 1 0
 0  0  0 -1 0 0
 1  0  0  0 0 0
 1 -1  0  0 0 0
 0  0 -1  0 0 0
6	% 
 0  0  0 0 0 1
 0  0  0 0 1 0
 0  0  0 1 0 0
 1  0  0 0 0 0
 1 -1  0 0 0 0
 0  0 -1 0 0 0
6	% 
 0  0  0 -1  0  0
 0  0 -1 -1 -1  1
 0  0  1  1  0 -1
 1  0  0  0  0  0
 1 -1  0  0  0  0
 0  0 -1 -1 -1  0
6	% 
  0 -1 0 -1 0  0
  0  1 1  1 0  0
 -1  0 0  0 0  0
  0  0 0  0 0 -1
  0  0 0  0 1  0
 -1  1 0  0 0  0
6	% 
  0 0 0 1 0  0
  0 0 1 0 0  0
  1 0 0 0 0  0
  0 0 0 0 0 -1
  0 0 0 0 1  0
 -1 1 0 0 0  0
1,1;1,1;1;1 1 34
60 
#4 
6	% 
  0  0  1  0  0 -1
  0  0 -1  0  0  0
 -1  0  0  0  0  0
  0  0  0  1  0  0
  0  0  0 -1 -1  0
  1 -1  0  0  0  0
6	% 
 0  1 1  1 0 0
 0 -1 0  0 0 0
 0  0 0  0 0 1
 0  0 0 -1 0 0
 1  1 0  1 0 0
 0  0 0  0 1 0
6	% 
 -1  1  0  1 0 0
  0 -1  0 -1 0 0
  0  0  0  0 0 1
  0 -1 -1  1 0 0
  1  0  1 -1 0 0
  0  0  0  0 1 0
6	% 
 -1  1  0 -2 0 0
  1 -2 -1  2 0 0
  0  0  0  0 0 1
  1  1  1  1 0 0
 -1  0  0 -2 0 0
  0  0  0  0 1 0
1,1;1,1;1;1 1 4
7 
#2 
6	% 
  0  0 1 0 0 0
  0  0 0 1 0 0
  0  0 0 0 1 0
  0  0 0 0 0 1
 -1  0 0 0 0 0
  1 -1 0 0 0 0
6	% 
 0 -1 0  0 0 0
 1  1 0  0 0 0
 0  0 0 -1 0 0
 0  0 1  1 0 0
 0  0 0  0 0 1
 0  0 0  0 1 0
2-2;2-2;1,1 1 1
1 
#1 
6	% 
  0 1  0 0 0  0
 -1 1  0 0 0  0
  0 0  0 1 0  0
  0 0 -1 1 0  0
  0 0  0 0 0 -1
  0 0  0 0 1  1
1,1;1,1;1,1 1 1
1 
#1 
6	% 
 0 -1 0  0 0  0
 1  1 0  0 0  0
 0  0 0 -1 0  0
 0  0 1  1 0  0
 0  0 0  0 0 -1
 0  0 0  0 1  1
4-2;1,1 1 1
1 
#1 
6	% 
  0 0  0 1 0  0
  0 0 -1 1 0  0
  0 1  0 0 0  0
 -1 1  0 0 0  0
  0 0  0 0 0 -1
  0 0  0 0 1  1
2-1;1,1;1;1 1 26
18 
#2 
6	% 
 0  0  0 0  1 1
 0  0  0 0 -1 0
 1  0  0 0  0 0
 0  0 -1 0  0 0
 0  0 -1 1  0 0
 1 -1  0 0  0 0
6	% 
  0  0  0 0  1 1
  0  0  0 0 -1 0
 -1  0  0 0  0 0
  0  0  1 0  0 0
  0  0 -1 1  0 0
  1 -1  0 0  0 0
2-1;1,1;1;1 1 32
72 
#2 
6	% 
 0 -1  0 -1 -1  0
 0  1  0  1  0 -1
 1 -2  0 -2 -1  1
 0  2  1  1  1 -1
 0  2 -1  2  1 -1
 1  1  0  2  1 -1
6	% 
 0  0  0  0 -1  0
 0  0  0  0  0 -1
 0  0 -1  0 -1  1
 1 -1  0  0  1 -1
 1  0  0  0  1 -1
 0  0  1 -1  1 -1
2-2,2-2;1;1 2 2
8 
#2 
6	% 
  1 0  1  0 0 0
  0 1  1 -1 0 0
  0 1  0 -1 0 0
 -1 1 -1  0 0 0
  0 0  0  0 0 1
  0 0  0  0 1 0
6	% 
 1 0  0  0 0 0
 0 1  0  0 0 0
 0 0 -1  0 0 0
 0 0  0 -1 0 0
 0 0  0  0 0 1
 0 0  0  0 1 0
2-2;2-2;1;1 1 16
6 
#1 
6	% 
 0  0 0  0 0 1
 0  0 0  0 1 0
 1  0 0  0 0 0
 0  0 1 -1 0 0
 0  0 1  0 0 0
 1 -1 0  0 0 0
4-2';1,1 1 1
6 
#1 
6	% 
 0 -1  0 0 0  0
 1 -1  0 0 0  0
 0  0  0 1 0  0
 0  0 -1 1 0  0
 0  0  0 0 0 -1
 0  0  0 0 1  1
2-1;2-1;1,1 1 6
9 
#1 
6	% 
  0  0  0  0 1 0
  0  0  0  0 0 1
  0  0 -1  0 0 0
  0  0  1 -1 0 0
 -1  0  0  0 0 0
  1 -1  0  0 0 0
2-1,2-1;1;1 3 3
18 
#1 
6	% 
  0 -1 -1  0 0 0
 -1  0  0  1 0 0
 -1  1  0  1 0 0
  0  1  1 -1 0 0
  0  0  0  0 0 1
  0  0  0  0 1 0
2-1,2-1;1,1 3 1
18 
#1 
6	% 
  0 -1 -1  0 0  0
 -1  0  0  1 0  0
 -1  1  0  1 0  0
  0  1  1 -1 0  0
  0  0  0  0 0 -1
  0  0  0  0 1  1
2-1;2-1;1;1 1 21
9 
#1 
6	% 
 0  0 1  0 0 0
 0  0 0  0 0 1
 0  0 1 -1 0 0
 1  0 0  0 0 0
 1 -1 0  0 0 0
 0  0 0  0 1 0
2-1,2-1;1;1 1 3
6 
#1 
6	% 
 0  0 0 -1 0 0
 0 -1 0  0 0 0
 0  0 1  1 0 0
 1  1 0  0 0 0
 0  0 0  0 0 1
 0  0 0  0 1 0
2-1,2-1;1,1 1 1
6 
#1 
6	% 
 0  0 0 -1 0  0
 0 -1 0  0 0  0
 0  0 1  1 0  0
 1  1 0  0 0  0
 0  0 0  0 0 -1
 0  0 0  0 1  1
2-2;1,1;1,1 1 5
12 
#1 
6	% 
  0  0 1  0  0  0
  0  0 1 -1  0  0
  1 -1 0  0  1 -1
 -1  1 0  0  0  1
  1  0 0  0  1 -1
 -1  0 0  0 -1  0
1,1,1;1;1;1 1 15
72 
#3 
6	% 
  0  1 -1  0  0 0
  0  0  0  1  0 1
 -1  0  0  0  0 0
  0 -1 -1  1  0 0
 -1  1  0  0  0 0
  0  0  0 -1 -1 0
6	% 
  0 -1 0  1 0  0
  0  0 0  0 0 -1
 -1  0 0  0 0  0
  0  1 1 -1 0  0
 -1  1 0  0 0  0
  0  0 0  0 1  0
6	% 
 -2  1  0  0  0 1
  2 -1  0 -1  0 0
  1  0  0  0  0 0
  2 -1  0  0 -1 0
 -1  1  0  0  0 0
 -2  1 -1  1  0 0
1,1;1,1;1,1 1 10
72 
#3 
6	% 
 0  1 1  0 0  0
 1 -2 0 -1 0  0
 0  0 0  0 1  0
 0 -1 1 -1 0  0
 0  0 0  0 0 -1
 1  1 0  1 0  0
6	% 
 -1  0  0  0 -1  1
  0  2  0 -1  0  0
  0  0 -1  0  0 -1
 -1  1  0  0 -1  1
  0  0 -1  0 -1  0
  0 -2 -1  1  0  0
6	% 
 1  0  2 -1  0  0
 0 -2  0 -1 -1  0
 0  0 -1  2  1  1
 1 -1  2 -1  0  0
 0  0  1  1  1  1
 0  2  0 -1  0 -1
1,1;1,1;1;1 1 25
216 
#7 
6	% 
  0  1  1 -1  0 0
 -1 -2 -1  2  0 0
  0  0  0  0  0 1
  0 -1  0  1  0 0
  0  0  0  0 -1 0
 -1  3  1 -2  0 0
6	% 
  0 -1 -1  0 -1 -1
  0  0  0  0  1  0
 -1  2  0  1  0  0
  0 -1  1 -1  1  1
 -1 -1  0 -1  0  0
  0  0  0  0  0 -1
6	% 
  0 -2 0 0 -1  0
 -1  4 0 0  1 -1
  0  0 0 1  0  0
  0  2 0 0  0 -1
  0  0 1 0  0  0
 -1 -3 0 0 -1  1
6	% 
  0 -2 0  0 -1  0
 -1  4 0  0  1 -1
  0  0 0 -1  0  0
  0  2 0  0  0 -1
  0  0 1  0  0  0
 -1 -3 0  0 -1  1
6	% 
  0 0 0  0 -1  0
  1 0 0  0  1 -1
  0 0 0 -1  0  0
  0 0 0  0  0 -1
  0 0 1  0  0  0
 -1 1 0  0 -1  1
6	% 
 -1  1 0  0 -1  1
  2 -1 0  0  1 -2
  0 -2 0  1  0  0
  1  0 0  0  1 -1
  0  2 1 -1  0  0
 -2  1 0  0 -2  1
6	% 
  0 0  0  1  0 0
  0 0  0  0  0 1
  1 0  1 -2  0 0
  0 0 -1  1  0 0
 -1 1 -1  2  0 0
  0 0  0  0 -1 0
1,1;1,1;1;1 1 9
60 
#5 
6	% 
  0  0 1 0  0 0
  0  0 0 1  0 0
 -1  0 0 0  0 0
  0  1 0 0  0 1
 -1  1 0 0  0 0
  0 -1 0 0 -1 0
6	% 
  0 0 1 0  0  0
  0 0 0 1  0  0
  0 0 0 0 -1  0
  1 0 0 0  1 -1
  0 0 0 0  0 -1
 -1 1 0 0 -1  1
6	% 
 0  0  0 0 0 -1
 0  0  0 0 1  1
 1  0  0 0 0  0
 0 -1 -1 0 0  0
 1 -1  0 0 0  0
 0  1 -1 1 0  0
6	% 
 0  0 0  0  1 1
 0  0 0  0 -1 0
 1  0 0  0  0 0
 0 -2 0  1  0 0
 1 -1 0  0  0 0
 0  2 1 -1  0 0
6	% 
  0 0  0  0  1  0
  0 0  0  0 -1 -1
  0 0 -1  1  0  0
  1 0  2 -1  0  0
  0 0  1  0  0  0
 -1 1 -2  1  0  0
2-2;2-2;1;1 1 2
1 
#1 
6	% 
 0 1  0 0 0 0
 1 0  0 0 0 0
 0 0  0 1 0 0
 0 0 -1 1 0 0
 0 0  0 0 0 1
 0 0  0 0 1 0
2-1;1;1;1;1 1 35
18 
#2 
6	% 
 0  0  0 0 0 1
 0  0  0 0 1 0
 1  0  0 0 0 0
 0  0  1 0 0 0
 0  0 -1 1 0 0
 1 -1  0 0 0 0
6	% 
  0  0  0 0 0 1
  0  0  0 0 1 0
 -1  0  0 0 0 0
  0  0 -1 0 0 0
  0  0 -1 1 0 0
  1 -1  0 0 0 0
4-2';1;1 1 2
6 
#1 
6	% 
 0 -1  0 0 0 0
 1 -1  0 0 0 0
 0  0  0 1 0 0
 0  0 -1 1 0 0
 0  0  0 0 0 1
 0  0  0 0 1 0
2-2,2-2;1,1 1 1
6 
#1 
6	% 
  0 -7  0 -5 0 0
  7 -7  5 -5 0 0
  0  4  0  3 0 0
 -4  4 -3  3 0 0
  0  0  0  0 1 0
  0  0  0  0 0 1
2-2,2-2;1;1 1 2
6 
#1 
6	% 
  0  4  0  3 0 0
 -4  4 -3  3 0 0
  0 -7  0 -5 0 0
  7 -7  5 -5 0 0
  0  0  0  0 0 1
  0  0  0  0 1 0
1,1;1;1;1;1 1 48
9 
#1 
6	% 
  0 0  0 0  1 1
  0 0  0 0 -1 0
  0 0 -1 1  0 0
 -1 0  0 0  0 0
  0 0  1 0  0 0
 -1 1  0 0  0 0
1,1;1;1;1;1 1 54
72 
#2 
6	% 
 0 -1  0 -1 0 1
 0  1  0  1 1 0
 1  0  0  0 0 0
 0  0 -1  1 0 0
 0  0  1  0 0 0
 1 -1  0  0 0 0
6	% 
  0 0  0 0 0 1
  0 0  0 0 1 0
 -1 0  0 0 0 0
  0 0 -1 1 0 0
 -1 1  0 0 0 0
  0 0  1 0 0 0
1;1;1;1;1;1 1 41
9 
#1 
6	% 
  0  0 0  0 0 1
  0  0 0  0 1 0
  0  0 1 -1 0 0
 -1  0 0  0 0 0
  0  0 1  0 0 0
  1 -1 0  0 0 0
2-2;1,1;1;1 1 3
8 
#2 
6	% 
  0  0 0 0 1 0
  0  0 0 0 0 1
  0  0 1 0 0 0
  0  0 0 1 0 0
 -1  0 0 0 0 0
  1 -1 0 0 0 0
6	% 
 0 0 0 -1 0 0
 0 0 1  1 0 0
 0 1 0  0 0 0
 1 0 0  0 0 0
 0 0 0  0 0 1
 0 0 0  0 1 0
2-2;1,1;1;1 1 14
24 
#2 
6	% 
  0  0 1 0  0  0
  0  0 0 1  0  0
 -1  0 0 0  0  0
  0  2 0 0  0 -1
 -1  1 0 0  0  0
  0 -2 0 0 -1  0
6	% 
  0 0 1 0  0  0
  0 0 0 1  0  0
  0 0 0 0 -1  0
  1 0 0 0  1  1
  0 0 0 0  0  1
 -1 1 0 0 -1 -1
1,1;1;1;1;1 1 25
15 
#2 
6	% 
 0  0 1 0 0 0
 0  0 0 1 0 0
 0  0 0 0 0 1
 1  0 0 0 0 0
 1 -1 0 0 0 0
 0  0 0 0 1 0
6	% 
 0  0  0  0  1  0
 0  0  0  0 -1 -1
 0  0 -1  0  0  0
 1  0  0  0  0  0
 1 -1  0  0  0  0
 0  0  1 -1  0  0
1,1;1;1;1;1 1 28
108 
#5 
6	% 
 -1  1 0  0 0 0
  0 -2 0  1 0 0
  0  0 0  0 0 1
 -1  0 0  0 0 0
  0  0 0  0 1 0
  0  2 1 -1 0 0
6	% 
 1 -1 0  0 0 0
 0  1 1  0 0 0
 0  0 0  0 0 1
 1  0 0  0 0 0
 0  0 0  0 1 0
 0 -1 1 -1 0 0
6	% 
  0  0  0 0  0  1
  0  0  1 0  1 -1
 -1  0  0 0  0  0
  0  0  0 0  1  0
  1 -1  0 0  0  0
  0  0 -1 1 -1  1
6	% 
  0  0  1 -1 0 0
  0  0 -2  0 0 1
 -1  0  0  0 0 0
  0  0  0 -1 0 0
  1 -1  0  0 0 0
  0  0  2  0 1 0
6	% 
  0 0 -1  1 0 0
  1 0  1 -2 0 0
  0 0  0  0 0 1
  0 0  0 -1 0 0
  0 0  0  0 1 0
 -1 1 -1  2 0 0
2-2;1;1;1;1 1 11
6 
#1 
6	% 
  0  0 1  0 0 0
  0  0 1 -1 0 0
 -1  0 0  0 0 0
  0  0 0  0 0 1
  1 -1 0  0 0 0
  0  0 0  0 1 0
1;1;1;1;1;1 1 18
9 
#1 
6	% 
 -1  0 0 0 0 0
  0  0 0 0 0 1
  0  0 0 1 0 0
  1 -1 0 0 0 0
  0  0 1 0 0 0
  0  0 0 0 1 0
