#65

3;2-1;1 1 7
1 
#1 
6	% 
 1 0 0 0 0 0
 0 1 0 0 0 0
 0 0 1 0 0 0
 0 0 0 1 0 0
 0 0 0 0 1 0
 0 0 0 0 0 1
1,1,1,1,1,1 1 1
1 
#1 
6	% 
 1 0 0 0 0 0
 0 1 0 0 0 0
 0 0 1 0 0 0
 0 0 0 1 0 0
 0 0 0 0 1 0
 0 0 0 0 0 1
1,1,1,1,1;1 1 2
10 
#3 
6	% 
  0  1  1  0  0 -1
 -1  0  0 -1  0 -1
 -1  0  1  0  1 -1
  0 -1  0 -1 -1  0
  1  0 -1  1  0  1
 -1  0  1 -1  1 -2
6	% 
  0  0  0  1  0 -1
  0  0  1  0  0 -1
  1 -1  1  1  1  0
  0  0  0  0  1 -1
 -1  0 -1 -1 -1  1
  0 -1  1  1  1 -1
6	% 
  1  0  0  1 1 1
  0  0 -1  0 0 0
  0  0 -1  1 0 0
  1  0  0  1 0 1
 -1 -1  1 -1 0 0
  1 -1 -1  1 0 1
2-1;1,1,1,1 1 2
1 
#1 
6	% 
  0 0 -1  0  1  0
  0 0 -1  0  0  0
  0 0  0  1  1  1
 -1 0 -1  1  1  0
  1 1  0  0  0  0
 -1 0  1 -1 -1 -1
2-1;1,1,1;1 1 8
6 
#2 
6	% 
  1 -1 0  0 0  1
 -1 -1 0  0 0  0
  0  1 0  0 1 -1
  0  1 0 -1 0 -1
  0 -1 1  0 0  0
  0 -1 0  0 0  0
6	% 
 -1 -1  1 1 1  0
 -1  1  0 0 0 -1
  1  0 -1 0 0  1
  1  0  0 0 0  0
 -1  0  0 0 1 -1
 -1  0  0 1 0  0
1,1,1,1;1,1 1 3
30 
#4 
6	% 
  0  0 -1 1  0  1
  1 -1  2 0 -1  0
  0 -1  0 0 -1  1
  0  1 -1 0  1 -1
  1  0  1 0  1 -1
 -1  0  0 0  0  0
6	% 
 -1 1  0  0  0 -1
 -2 0 -1 -1  1 -1
  0 0  0  0  1  0
  1 0  0  1 -1  1
 -1 0 -1 -1  0  0
  0 0  1  1  0  0
6	% 
 -2 0 -1  1  1 -1
  1 1  0  1  1  0
  1 0  0 -1  0  0
  0 0  0  0 -1  1
  0 0 -1  1  0  1
 -1 0  0  0  1 -1
6	% 
  1  0  1  0  0  0
 -1  0  0 -1  0 -1
 -1 -1 -1 -1  2 -2
  1  1  0  1 -2  2
 -1  1  0 -1 -1  0
  1 -1  1  1  2 -1
2-1;1,1,1;1 1 6
6 
#1 
6	% 
 0  0 1 -1 -1 -1
 0  1 0  1  0  0
 0  0 0  1  1  0
 1 -1 0  0  0  1
 0  1 0 -1  0 -1
 0  0 0 -1  0 -1
2-1;1,1;1,1 1 9
6 
#1 
6	% 
  1 -1 -1 -1  1 1
 -1 -1  1  1  1 0
  0  1  0  1 -1 0
 -1  0  1  1 -1 0
  1  0 -1 -1  0 1
  0 -1 -1  0  1 1
1,1,1,1;1,1 1 2
1 
#1 
6	% 
 0  0  0 1 0 1
 0  0  1 0 1 1
 0  0 -1 0 0 0
 1  1  0 0 0 0
 0 -1  0 0 0 0
 0 -1  0 0 0 1
2-1',2-1';1;1 1 7
6 
#1 
6	% 
 -1 -1  1 -1 -1  0
  1 -1 -1  1 -1  3
 -1  0  1 -1 -1 -1
  0  1  1  0  1 -2
  0  1  0 -1  1 -2
 -1  0  1 -1  0 -1
1,1,1;1,1,1 1 3
12 
#2 
6	% 
 -1 -1 -1 -1 -1  0
  0  0 -1  0  1  0
 -1  0  0 -1 -1 -1
  1  1  0  0  1  0
  0  1  1  1  0  0
 -1 -1 -1 -1  0  0
6	% 
  0  0 -1 -1  0  0
 -1 -1  0  0  1 -1
  0  1  0  0  0  0
  0  0  0  1 -1  1
  0  1  0  0 -1  0
  0  0  0 -1  0  0
2-1;1,1;1,1 1 8
3 
#1 
6	% 
 -1 1 0  0 0 -1
  2 0 0  0 0  1
  0 0 0 -2 1 -1
  1 0 0  0 0  0
  0 0 1  1 0 -1
  1 0 0  1 0  1
2-1;1,1;1,1 1 11
6 
#1 
6	% 
 -1 -1  1  1  0  0
 -1  1  0  0 -1 -1
  0 -1  0  0  1  0
  0  1 -1  0  0  0
  0  1  0 -1  0 -1
  0  1  0  0  0 -1
1,1,1;1,1,1 1 4
6 
#1 
6	% 
 -1 -1  0 -1 -1  0
  0 -1 -1 -2 -1  0
  0  2  1  2  2 -1
  1 -1 -1  0  0  1
  0  2  2  1  1 -1
  0 -1 -1 -1 -1  0
2-2;1,1,1,1 1 2
4 
#1 
6	% 
  1  0  1  0  0  0
  1  0 -1  0  0  1
  0 -1  0 -1 -1  0
 -1  1  0  0  1 -1
  1 -1  0 -1  0  0
 -1  1  0  1  1 -1
1,1,1;1,1;1 1 7
6 
#1 
6	% 
  0 0 0 -2 -1 -1
  0 0 0 -2  0 -1
  0 0 1  3  1  1
 -1 0 0 -1  0 -1
 -1 1 0  0  0 -1
  0 0 0 -1  0 -1
1,1,1,1;1;1 1 5
27 
#3 
6	% 
  1  1  0 0  0  0
  0  2  0 0  2 -1
  0  1  0 0  1 -1
  1 -2  0 1 -2  2
 -1  2 -1 0  2 -1
  0 -1  0 0  0  0
6	% 
 0 -1  0 -1 -1 0
 0 -2 -1 -1 -1 1
 0 -1  0  0  0 1
 1  2  0  1  0 0
 1 -2  0 -1  0 1
 0  1  0  0 -1 0
6	% 
  0  0 -1  1 0  1
 -1  1 -1  1 0  0
 -1  0 -1  0 0  0
  1 -1  2 -1 0 -1
 -1  1 -2  1 1  0
  0 -1  1  0 0  0
1,1,1;1,1;1 1 12
24 
#3 
6	% 
 0  2  0  0  3 -1
 0  2 -1 -1  4 -1
 0 -4  1  1 -8  2
 0  1  0 -1  2 -1
 1 -2  0  1 -4  2
 0  1  0  0  2 -1
6	% 
 0  2  0 0  0 -1
 0  0  1 1 -1  0
 0 -2 -1 0  1  1
 0  0  0 0 -1  0
 0 -1  0 0  1  0
 1  1  0 0  0  0
6	% 
  2 0  0  0  0  1
  0 0 -1 -1 -1  0
 -2 0  1  2  2 -1
  0 0 -1  0 -1  1
 -1 0  1  1  1 -1
  1 1  0  0  0  0
1,1,1;1,1;1 1 10
42 
#5 
6	% 
 -1  1 -1 -1  0 -1
 -1  1  0  0  1 -1
  2 -2  1  1 -2  2
  0  1  0 -1  0 -1
 -1  0 -1  1  0  1
  0  0  0  0 -1  1
6	% 
 -2 0 -1  1  0  0
 -4 0 -1  1  0 -1
  9 1  3 -3  0  1
 -1 0 -1  0 -1  0
 -2 0  0  1  0  0
  0 0  0  0 -1  1
6	% 
  0  0  1 -1  1 -2
 -1  1  1 -1  0 -2
  1 -1 -2  2 -2  5
  0  0  0 -1  0 -1
 -1  0  1  0  0 -1
 -1 -1  0  0  0  0
6	% 
  0  0  1 1 1  0
 -1  1  1 0 0 -1
  2 -2 -3 0 0  2
  0  0  0 1 0  1
 -1  0  1 0 0 -1
 -1 -1  0 0 0  0
6	% 
  0  0 0 -1 -1 -1
  0  0 0  0  0  1
  0  0 1  1  1 -1
  0  0 0  0 -1  0
  0 -1 0  0  0  1
 -1 -1 0  0  0  0
1,1,1,1;1;1 1 4
1 
#1 
6	% 
  0 0 1  2  1  2
  0 0 0  1  0  1
  0 0 0 -3 -1 -2
  0 0 0  2  0  1
 -1 0 0 -1  0 -1
  0 1 0 -1  0 -1
2-2;1,1,1;1 1 5
16 
#2 
6	% 
 -1  1  1 -1  1 -2
  0  1  0 -1  0 -1
  1  0  0  1  0  1
  1 -1  0  2 -1  2
  1 -1 -1  2 -1  3
  1 -1 -1  2  0  2
6	% 
  0  0  1 -1  1 -1
  1 -1  0  0  0  1
 -1 -1  0  0  0  0
 -1  0 -1  1 -1  0
 -1  0 -1  1 -2  1
 -1  0 -2  1 -1  1
2-2;2-1;1,1 1 4
4 
#1 
6	% 
 0 1 -2 -2  1 -2
 0 0  4  4 -2  3
 1 0 -2 -2  1 -1
 0 0  6  6 -3  4
 0 0  5  6 -3  5
 0 0  6  5 -3  4
2-1;1,1;1;1 1 27
3 
#1 
6	% 
 1  3  0  0  0 -1
 0 -1  0 -1  0  0
 0 -2  0  0  0  1
 0 -1  0  0 -1  1
 0 -1  0  0  0  1
 0  1 -1  0  0  0
2-1;1,1;1;1 1 32
12 
#2 
6	% 
 1  1 0 0 0  0
 1 -1 0 0 0  1
 0  1 0 0 1 -1
 0 -1 1 0 0  0
 0 -1 0 1 0  1
 0 -1 0 0 0  0
6	% 
  1 -1 0 0  0  1
 -1 -1 0 0  0  0
  1  0 0 0 -1  1
 -1  0 1 0  0 -1
 -1  0 0 1  0  0
 -1  0 0 0  0  0
2-1;1,1;1;1 1 25
12 
#2 
6	% 
 -1 -1  1  1 -1  0
  0 -1  0  0 -1  1
  1 -1  0  0  0  1
  1  0  0 -1  0  0
 -1  0  0  0  0 -1
  0  1 -1  0  0  0
6	% 
 -1  1  0  0 0 -1
 -1  0 -1  0 0  0
 -1 -1  0  0 0  0
  0 -1  0  0 1  0
  0  1  0 -1 0 -1
  1  0  0  0 0  1
3;1,1,1 1 3
1 
#1 
6	% 
  2 0 0  0  0  1
  1 1 0  0  0  0
  1 0 0  0 -1  1
  1 0 0 -1  0  0
 -1 0 1  0  0 -1
 -1 0 0  0  0  0
1,1,1;1;1;1 1 9
6 
#1 
6	% 
  0 0  0 0  1 0
  0 0  0 1  1 0
  0 1  0 0  0 0
 -1 0  0 0  0 0
  0 0 -1 0  0 0
  0 0  0 0 -1 1
1,1;1,1;1,1 1 7
6 
#1 
6	% 
  0  0 -1 -1 -2  0
  0  1  1  1  2 -1
 -1  0  1  0  1 -1
  1  1  0  0  1 -1
  0 -1  0  1  1  1
  0  1 -1 -1 -1 -1
1,1;1,1;1;1 1 14
12 
#1 
6	% 
  0  0 -1 -1 -1  0
  0  1  1  0  1 -1
  1 -1 -1  2  0  3
 -1  1  1 -1  0 -2
  1 -1 -1  2  1  2
  0  1  0 -1 -1 -1
1,1,1;1;1;1 1 8
6 
#1 
6	% 
  0  0 1 -1  0 -1
  0  0 0  1 -1  1
 -1  0 0 -1  0 -1
 -1 -1 0  0  0  0
  0  0 0 -1  0  0
 -1  0 0  1  0  0
2-1;1,1;1;1 1 22
3 
#1 
6	% 
 -1 1 0 0  0 -1
  1 0 0 1  1  1
 -1 0 0 0 -1  0
  1 0 1 0  1  0
  1 0 0 0  0  1
  2 0 0 0  0  1
1,1,1;1;1;1 1 19
4 
#2 
6	% 
  3  1 -1 -1  1 1
  1  1  0  0  0 0
 -2 -1  0  1 -1 0
  2  1 -1  0  1 1
  2  1 -1 -1  0 1
  2  1 -1 -1  1 0
6	% 
  2 0  1 1  1 1
  1 1  0 0  0 0
 -1 0 -1 0 -1 0
  1 0  1 1  0 1
  1 0  1 1  1 0
  1 0  0 1  1 1
1,1;1,1;1,1 1 6
3 
#1 
6	% 
 -3 1  0  0  0 -2
  1 0  1  2  0  0
  2 0  0  0  0  1
  0 0 -1 -1  0  1
  0 0  0 -2  1 -1
  1 0  0  2 -1  1
1,1;1,1;1;1 1 39
12 
#2 
6	% 
 -1 -1 -1 -1  1  0
 -1  1  1  1 -1 -1
  0 -1 -1 -1  1  0
  0  1  1  1  0 -1
  0  1  1  0 -1 -1
  0  1  0  1 -1  0
6	% 
 -1 -1  0 -2 -2  0
 -1  1 -2  0  0 -1
  0 -1  1 -1  0  0
  0  1 -1  1  1  0
  0  1 -1  0  1 -1
  0  1  0  1  1 -1
1,1;1,1;1,1 1 10
6 
#1 
6	% 
  0  1  1  0  0 -1
  1  0 -1  0 -1  2
 -1 -1  0  1  0  0
  0  1  0  0 -1  0
 -1  1  0  1  0 -1
  1  0  1 -1  1 -1
1,1;1,1;1;1 1 36
12 
#2 
6	% 
 -1 -1  2  2 -2 0
  1 -1  1 -1 -1 1
  1  0  0 -1  1 0
  0  1 -1  0  1 0
  0 -1  1  1 -1 1
  1  0 -1 -1  0 1
6	% 
 -1 -1  1 -1 -1 0
  1 -1  1  1  1 1
  1  0  0  0  1 0
  0  1 -1  0  0 0
  0 -1  0  0  0 1
  1  0  0  1  0 1
1,1;1,1;1;1 1 13
3 
#1 
6	% 
 -3 1  0  0  0 -2
 -1 0 -1  0 -1  0
 -1 0  1  1  1  0
 -1 0 -1 -1  0 -1
  1 0 -2 -1 -1  1
  2 0  0  0  0  1
1,1,1;1;1;1 1 15
6 
#1 
6	% 
 -1  0 0  0 1 -1
  1  0 1  0 0  0
  1 -1 0  0 0  1
  1  0 0 -1 0  0
 -1 -1 0  0 0  0
 -1  0 0  0 0 -1
1,1,1,1;1;1 1 6
1 
#1 
6	% 
 0  0  1  1  0  1
 0  0  0  1  1  1
 0  0  1  1  1  1
 1  0 -1 -1 -1 -1
 0 -1  1  1  1  2
 1  1  0  0  0  0
1,1,1;1,1;1 1 11
12 
#1 
6	% 
  0 0  2  0  0 -1
  0 0  2  1  1  0
  0 0 -5 -1 -1  2
  1 0  1  0  0  0
 -1 0  1  0  1 -1
  0 1  1  0  0 -1
2-1;1;1;1;1 1 24
3 
#1 
6	% 
  0 1 0 0 -1  0
 -1 0 0 0 -1  0
  0 0 0 1  1  0
  0 0 0 0  2 -1
  0 0 1 0 -1  0
  0 0 0 0 -1  0
2-2;1,1;1,1 1 4
4 
#1 
6	% 
 -1 -1  0  0  0  0
  0  1  1  1  2 -1
  0  1 -1 -1 -2  0
  0  0  0  0 -1  0
  0  0 -1  0 -1  1
  0  0  0 -1 -1  0
1,1;1,1;1;1 1 30
3 
#1 
6	% 
  0 0  0 -1  0 -1
 -1 0  0  1  1  0
  0 0 -1  0 -1  1
 -1 0  1  0  1 -1
  1 1  0  0  0  0
 -1 1  0  0  0 -1
1,1,1;1;1;1 1 16
6 
#1 
6	% 
 0 0  0 0 -1  0
 0 0 -1 0 -2 -1
 0 0  0 1  2  2
 1 0  0 0 -1  0
 0 1  0 0 -1 -1
 1 1  0 0  0  0
1,1;1,1;1;1 1 21
3 
#1 
6	% 
  0 0  0 -1 -2 0
  0 0  1  1  2 0
  0 0 -2  0 -2 1
 -1 0 -1  0 -1 0
  0 0  1  0  1 0
  0 1 -1  0 -1 0
2-1;2-1;1;1 1 19
3 
#1 
6	% 
 0 1 0  1 0  0
 1 0 0  1 0  1
 0 0 0 -1 1 -1
 0 0 0 -2 0 -1
 0 0 0  1 0  1
 0 0 1  1 0  0
2-1,2-1;1;1 1 8
12 
#1 
6	% 
 0 1  0  0  1 -1
 1 0 -1  1  1  1
 0 0  1  0 -1  0
 0 0  1 -1 -1 -1
 0 0  0  1  1  0
 0 0  0  0  1  0
2-1,2-1;1;1 2 11
12 
#1 
6	% 
  1 -1  1 -1 -1  1
  1  1 -1  1 -1  2
 -1  0  0  0  2 -2
  0  1 -1  2  0  1
  0  1 -2  1  0  1
 -1  0  0  0  1 -2
1,1;1,1;1;1 1 28
12 
#1 
6	% 
  1  0  0 1  1  1
  1  0  0 0  1  0
  1  0 -1 0 -1  1
  0 -1  0 0  0  0
 -1 -1  0 0  0  0
 -1  1  0 0  0 -1
2-1;1;1;1;1 1 40
1 
#1 
6	% 
 0 1 0  0  0 -1
 1 0 0  0  0  0
 0 0 0  0 -1  1
 0 0 1  0  0 -1
 0 0 0 -1  0  0
 0 0 0  0  0  1
2-1;1;1;1;1 1 36
3 
#1 
6	% 
 -1  0 0  0 -1  0
 -1  0 0 -1  0 -1
 -1  0 1  0  0 -1
 -1  0 0  0  0  0
  2  0 0  0  0  1
 -1 -1 0  0  0  0
1,1;1;1;1;1 1 33
3 
#1 
6	% 
  0  1  3  4  5  0
  0  0 -3 -2 -4  1
  0  1  1  1  1  0
 -1  1  0  0  0 -1
 -1 -1  0  0  0  0
  0  1  1  1  2 -1
1,1;1;1;1;1 1 23
3 
#1 
6	% 
  0  0  0 1  0  1
 -1  0  0 0  1 -1
 -1 -1  0 0  0  0
 -1  0  0 0  0 -1
  0  0 -1 0 -1  1
  0  0  0 0  1 -1
2-2;1,1;1;1 1 9
4 
#1 
6	% 
  1 0  2  2 -1  2
 -1 1  0  0  0 -1
  1 0 -2 -2  1 -1
  0 0 -1 -2  1 -2
  0 0 -2 -1  1 -1
  0 0 -2 -2  1 -1
3;1,1;1 1 7
2 
#1 
6	% 
 -1  1 1  1 1 -1
 -1  0 0  0 1 -1
  0 -1 0 -1 0  0
 -1  0 1  0 0 -1
  0 -1 0  0 0  0
 -1 -1 0  0 0  0
1,1;1;1;1;1 1 47
8 
#2 
6	% 
  1 -1  1 -1 -1 1
 -1  0 -1  1  1 0
  0 -1  1 -1  0 0
  1  0  0 -1 -1 1
  0 -1  1  0 -1 1
  1  1  0  0  0 0
6	% 
  1 -1  1  1  1 1
 -1  0 -1 -1 -1 0
  0 -1  1  0  1 0
  1  0  0  1  1 1
  0 -1  1  1  0 1
  1  1  0  0  0 0
3;1,1;1 1 13
1 
#1 
6	% 
  0 0 0  0 -1  1
  0 0 0 -1  0  0
  0 0 1  0  0 -1
  0 1 0  0  0 -1
 -1 1 0  0  0 -1
  0 0 0  0  0 -1
3;1,1;1 1 11
2 
#1 
6	% 
  1 -1 0  0  0  1
  1  1 0  0  0  0
  1  0 0  0 -1  1
  1  0 0 -1  0  0
 -1  0 1  0  0 -1
 -1  0 0  0  0  0
1,1;1;1;1;1 1 49
1 
#1 
6	% 
 -3 1 0  0  0 -2
 -1 0 1  0  0 -1
 -1 0 0  0 -1  0
 -1 0 0 -1  0 -1
  1 0 0  0  0  0
  2 0 0  0  0  1
1,1;1;1;1;1 1 54
8 
#2 
6	% 
 -1  1  1  1 -1 -1
 -1 -1 -1 -1  1  0
  0 -1 -2 -1  1  1
  0 -1 -1 -1  2  0
  0 -1 -1 -2  1  0
  0  1  1  1 -1 -1
6	% 
 -1 -1 -1 -1 -1  0
  1 -1  1  1  1  1
  1  0  1  1  1  0
  1  0  0  1  1  1
  1  0  1  0  1  0
 -1  0 -1 -1  0 -1
1;1;1;1;1;1 1 42
1 
#1 
6	% 
  1 0 -1  0 0  1
 -1 0  0 -1 0 -1
 -1 1  0  0 0 -1
 -1 0  0  0 1 -1
 -1 0  0  0 0 -1
  2 0  0  0 0  1
1;1;1;1;1;1 1 32
1 
#1 
6	% 
  1 1 0 0 0  0
 -1 0 0 0 0  0
  1 0 0 0 1  0
  1 0 1 0 0  0
 -1 0 0 1 0  0
 -2 0 0 0 0 -1
2-2;1,1;1;1 1 17
4 
#1 
6	% 
  1 1  0  0  0  0
  0 1 -2  1 -2  1
  0 0 -2  1 -1  1
 -1 0  2 -1  2 -2
  0 0 -2  1 -2  2
  0 0 -1  1 -2  1
3;1;1;1 1 9
1 
#1 
6	% 
 0 1 0 0 0 -1
 1 0 0 0 0  1
 0 0 1 0 0  0
 0 0 0 0 1 -1
 0 0 0 1 0  1
 0 0 0 0 0  1
3;1;1;1 1 18
1 
#1 
6	% 
 0  1  0  0 0 -1
 1 -1  0  0 0  1
 0 -1  0  0 1  0
 0  1  0 -1 0 -1
 0  1 -1  0 0  0
 0  2  0  0 0 -1
