#46

2-1;1;1;1;1 1 2
1 
#1 
6	% 
 1 0 0 0 0 0
 0 1 0 0 0 0
 0 0 1 0 0 0
 0 0 0 1 0 0
 0 0 0 0 1 0
 0 0 0 0 0 1
1,1,1,1,1,1 1 1
1 
#1 
6	% 
 1 0 0 0 0 0
 0 1 0 0 0 0
 0 0 1 0 0 0
 0 0 0 1 0 0
 0 0 0 0 1 0
 0 0 0 0 0 1
2-1;1,1,1,1 1 2
1 
#1 
6	% 
 0 -1  1  0  0  0
 0  0  1  0  0  0
 1  1  2  1  0 -1
 0  0  2  0 -1 -1
 0  0  0  1  1  1
 0  0 -2 -1 -1  0
1,1,1,1,1;1 1 2
5 
#3 
6	% 
  0  1  0  0  0  0
  0  0  1  0  0  0
 -1  1  1  0  1  0
 -1  0  0 -1 -1  1
  1 -1 -1  0  0 -1
 -1  1  1 -1 -1  0
6	% 
  1  0  0  0  0  0
  0  0  1  0  0  0
  0 -1  0 -1 -1 -1
  1  0  1  0 -1  0
 -1  1 -1  1  1  0
  1 -1  1  0 -1 -1
6	% 
  1 -1 1  1  0  1
  0 -1 0  0  0  0
  0 -2 0  1  0  0
  1 -1 0  2  0  1
 -1  2 0 -2 -1 -1
  1 -2 0  1 -1  0
1,1,1,1,1;1 1 1
3 
#1 
6	% 
 0  0  0  0 -1  0
 0 -1 -1  0 -1 -1
 0 -1  0 -1 -1 -1
 0  0 -1 -1  0 -1
 0  1  1  1  1  1
 1  0  0  0  0  0
1,1,1,1;1,1 1 2
20 
#6 
6	% 
  1  0  0  0 0 0
  1  0 -1  0 0 0
  0 -1 -1 -1 0 1
  0  0  0  0 1 0
 -1  1  1  1 0 0
  1 -1 -1  0 0 1
6	% 
  1  1  1  0  1 0
  1  0  1  0  1 0
  1  1  0  0  1 0
  0  0  0 -1  0 1
 -1 -1 -1  1 -1 0
  1  1  1  1  2 0
6	% 
 0  1  0 0  0 0
 0  1 -1 0  1 0
 0  1  0 0 -1 0
 1  0  0 0  0 0
 0 -1  1 1  1 0
 0  1 -1 0  0 1
6	% 
 0  1  0 0 0  0
 0  1  1 1 1  1
 0  0  1 0 0  0
 1  0  0 0 0  0
 0 -1 -1 0 0 -1
 0  1  1 1 0  0
6	% 
  1  1  1  1  0  1
  1  0  1  1  0  1
  1  1  0  1  0  1
  0  0  0  0 -1 -1
 -1 -1 -1 -1  1 -1
  1  1  1  2  1  2
6	% 
 0  1  1  1 0  1
 0  1  1  0 0  1
 0  0  1  1 0  1
 1  0  0  0 0  0
 0 -1 -1 -1 1 -1
 0  1  1  2 1  2
2-1;1,1,1;1 1 3
1 
#1 
6	% 
  0 -1 -1 0 0 0
 -1  0 -1 0 0 0
  1  1  1 0 0 0
  0  0  0 1 0 0
  0  0  0 0 1 0
  0  0  0 0 0 1
2-1;1,1,1;1 1 2
3 
#1 
6	% 
 0 1 1  1  0 -1
 0 1 0  1  0 -1
 1 0 0  0  0  0
 0 0 0  0 -1 -1
 0 0 0  1  1  1
 0 0 0 -1 -1  0
1,1,1,1;1,1 1 1
3 
#1 
6	% 
 0  0 -1 -1  0 -1
 0  0  0 -1 -1 -1
 0  0 -1  0 -1 -1
 0  0  1  1  1  1
 0 -1  0  0  0  0
 1  1  0  0  0  0
1,1,1;1,1,1 1 1
1 
#1 
6	% 
  0 -1 -1  0  0  0
 -1  0 -1  0  0  0
  1  1  1  0  0  0
  0  0  0  0 -1 -1
  0  0  0 -1  0 -1
  0  0  0  1  1  1
1,1,1;1,1,1 1 2
15 
#3 
6	% 
  0  0 -1 0  0 0
  0 -1  0 0  0 0
 -1  0  0 0  0 0
  0  0  0 0 -1 0
  1  1  1 1  1 0
  1 -1 -1 0  1 1
6	% 
  0  0 -1 0 0  0
  0 -1  0 0 0  0
 -1  0  0 0 0  0
  0  0  0 1 0 -1
  1  1  1 0 1  1
  1 -1 -1 0 0  1
6	% 
  0  0  0  0 -1 -1
  1  0  0  1  0 -1
  0  0 -1  0  0  0
  0 -1 -1 -1  0 -1
 -1  1  1  0  0  1
  1  1  1  1  0  0
2-1;1,1;1,1 1 2
3 
#1 
6	% 
 1 0  0  1  0 -1
 0 0 -1  0  0  0
 0 1  1  0  0  0
 0 0  0  0 -1 -1
 0 0  0  1  1  1
 0 0  0 -1 -1  0
1,1,1,1;1;1 1 2
15 
#3 
6	% 
 0  0  1  0 -1  0
 0 -1  1  0  0  0
 0 -1  1 -1 -2  1
 1  0  0  0  0  0
 0  1 -1  0  1 -1
 0 -1  1 -1 -2  0
6	% 
 0  1  0 0  0  0
 0  1  0 0 -1  0
 0  1  1 1  1  1
 1  0  0 0  0  0
 0 -1 -1 0  0 -1
 0  1  1 1  0  0
6	% 
 0  0  0 0 -1 -1
 0  1  1 1 -1 -2
 0  0  1 0  1  1
 1  0  0 0  0  0
 0 -1 -1 0  0  1
 0  1  1 1  0  0
1,1,1;1,1;1 1 5
18 
#3 
6	% 
 0  0  0 -1 0 1
 0  1  0  0 0 0
 0 -1 -1  0 0 0
 1  0  0  0 1 1
 1  0  0  0 0 0
 0  0  0  1 1 1
6	% 
 0  2  2 0  1 0
 0  1  1 0  0 0
 0 -3 -2 0 -1 0
 1  1  1 1  1 0
 1  0  0 0  0 0
 0  0  0 1  1 1
6	% 
 0  2  2  1  1  1
 0  1  1  0  0  0
 0 -3 -2 -1 -1 -1
 1  1  1  1  1  0
 1  0  0  0  0  0
 0  0  0  1  0 -1
1,1,1,1;1;1 1 4
3 
#2 
6	% 
  1 0 0  0 0  0
  0 1 0  0 0  0
 -3 0 1 -1 0  1
  2 0 0  1 0 -1
 -1 0 0  0 1  1
 -1 0 0  0 0  1
6	% 
  1 -1 1  0  0  0
  1  0 0  0  0  0
 -1  3 0  0  1  0
  0 -2 0  0 -1  0
  0  1 0 -1  0  0
  0  1 0  0  0 -1
1,1,1;1,1;1 1 2
15 
#3 
6	% 
  2 0 0  1 1 -1
  1 0 0  0 0  0
 -3 0 0 -1 0  1
  0 1 0  0 0  0
  0 0 1  0 0  0
  1 0 0  1 1  0
6	% 
  2 0 0  1  0  1
  1 0 0  0 -1  0
 -2 0 0 -1  1 -1
  0 1 0  0  0  0
  0 0 1  0  0  0
  1 0 0  1  0  0
6	% 
  0 0 0 -1 0 -1
  1 0 0  0 0  0
 -1 0 0  2 0  1
  0 1 0  0 0  0
  0 0 1  0 0  0
  0 0 0  0 1  0
1,1,1;1,1;1 1 4
5 
#3 
6	% 
  0 -1 -1  0  0  0
 -1  0 -1  0  0  0
  1  1  1  0  0  0
  0  0  0  0  1 -1
  0  0  0  0  1  0
  0  0  0 -1 -1 -1
6	% 
  0 -1 -1  0  0  0
 -1  0 -1  0  0  0
  1  1  1  0  0  0
  0  0  0 -1 -1  0
  0  0  0 -1 -1 -1
  0  0  0 -1  0  1
6	% 
  0 -1 -1  0  0  0
 -1  0 -1  0  0  0
  1  1  1  0  0  0
  0  0  0 -2 -1 -1
  0  0  0 -2  0 -1
  0  0  0 -1 -2 -1
1,1,1;1,1;1 1 6
18 
#3 
6	% 
 0  2 0  1 0  1
 0  1 0  0 0  0
 0 -3 1 -1 0 -1
 1  1 0  1 1  1
 1  0 0  0 0  0
 0  1 0  1 0  0
6	% 
  0  0 0 -1 0 -1
  0  1 0  0 0  0
  0 -1 1  1 0  1
 -1  0 0 -1 0  0
 -1  0 0 -1 0  1
  0  0 0  0 1  0
6	% 
  0  0 0 -1 0  1
  0  1 0  0 0  0
  0 -1 1  1 0 -1
 -1  0 0 -1 0  0
 -1  0 0 -1 0 -1
  0  0 0  0 1  1
1,1,1,1;1;1 1 6
3 
#2 
6	% 
  1  0  0 0  0 0
  0  1  0 0  0 0
  0  0  1 0  0 0
 -1 -1 -1 0 -1 0
  1  1  1 0  1 1
  0  0  0 1  0 0
6	% 
 0 -1 0 -1  0 1
 1  0 0  0  0 0
 0  0 1  0  0 0
 0  0 0  1  0 0
 0  0 0  0  1 1
 0  0 0  0 -1 0
1,1,1;1,1;1 1 3
45 
#6 
6	% 
 0 0 -2 -2 -1 0
 0 0 -1 -1  0 1
 0 0  3  2  1 0
 0 1 -1 -1  0 0
 0 1  0  0  0 0
 1 0  0  0  0 0
6	% 
 0  2  2  1 0 -1
 0  1  1  0 0  0
 0 -2 -3 -1 0  1
 0  1  1  1 1  0
 0  0  0  0 1  0
 1  0  0  0 0  0
6	% 
 0 0 0 -1 0 -1
 0 0 1  0 0  0
 0 0 0  0 0  1
 0 1 0  0 1  0
 0 1 0  0 0  0
 1 0 0  0 0  0
6	% 
 0 0  2  1  0  1
 0 0  1  0 -1  0
 0 0 -2 -1  1 -1
 0 1  1  1  0  0
 0 1  0  0  0  0
 1 0  0  0  0  0
6	% 
 0  0  2  0  1  0
 0 -1  1  0  0  0
 0  1 -2  0 -1  0
 0  0  1  0  0 -1
 0  0  0 -1 -1 -1
 1  0  0  0  0  0
6	% 
 0  2  2  1  2  1
 0  1  1  0  0  0
 0 -2 -3 -1 -2 -1
 0  1  1  2  1  1
 0  0  0  1  0  0
 1  0  0  0  0  0
1,1,1,1;1;1 1 1
3 
#1 
6	% 
 0 0 -1 -1  0 -1
 0 0 -1  0 -1 -1
 0 0  0 -1 -1 -1
 0 0  1  1  1  1
 1 0  0  0  0  0
 0 1  0  0  0  0
1,1,1;1,1;1 1 1
3 
#1 
6	% 
 0 0  0  1 0 1
 0 0  0  1 0 0
 0 0  0 -1 1 0
 0 0 -1  0 0 0
 0 1  1  0 0 0
 1 0  0  0 0 0
1,1,1;1;1;1 1 3
9 
#2 
6	% 
 0  1  0  0 0 0
 0 -1 -1  0 0 0
 1  0  0  0 0 0
 0  0  0  1 1 0
 0  0  0 -1 0 1
 0  0  0  1 0 0
6	% 
 0 -1  1 0  0 0
 0  1 -2 0 -1 0
 1  0  0 0  0 0
 0  0 -1 1  0 0
 0  0  2 0  1 0
 0  0 -1 0  0 1
1,1,1;1;1;1 1 11
9 
#2 
6	% 
 0 1  0  0 0 0
 0 0 -1 -1 0 1
 1 0  0  0 0 0
 0 0  0  1 1 1
 0 0  0  0 0 1
 0 0  0  0 1 1
6	% 
 0 1 0 0 0 0
 0 0 1 0 0 0
 1 0 0 0 0 0
 0 0 0 0 0 1
 0 1 1 1 1 1
 0 1 1 0 1 1
1,1;1,1;1,1 1 2
15 
#3 
6	% 
 -1 0  0 -1 0 1
  0 0 -1  0 0 0
  0 1  1  0 0 0
  0 0  0  0 1 0
  1 0  0  1 0 0
 -1 0  0  0 0 1
6	% 
 -1 0  0  0 -1 0
  0 0 -1  0  0 0
  0 1  1  0  0 0
  0 0  0 -1  0 1
  1 0  0  1  1 0
 -1 0  0  1  0 0
6	% 
 0  0 -1 -1 -2 -1
 0 -1  0  0  0  0
 1  1  0  0  0  0
 0  0  0  1  0  0
 0  0  1  1  1  1
 0  0 -1  0 -1  0
1,1;1,1;1;1 1 5
9 
#2 
6	% 
 1 0 0  2  0 -2
 0 1 0  0  0  0
 0 0 1  0  0  0
 0 0 0 -1  0  1
 0 0 0  0 -1 -1
 0 0 0  0  0 -1
6	% 
 1 0 0  0  2  0
 0 1 0  0  0  0
 0 0 1  0  0  0
 0 0 0  0 -1  0
 0 0 0 -1  0  0
 0 0 0  0  0 -1
1,1;1,1;1;1 1 11
9 
#2 
6	% 
  1 0  0 0  0  0
  0 0 -1 0  0  0
  0 1  1 0  0  0
 -1 0  0 0  0  1
  1 0  0 0 -1 -1
  0 0  0 1  1  1
6	% 
  1 0  0 0  0 0
  0 0 -1 0  0 0
  0 1  1 0  0 0
 -1 0  0 0 -1 0
  1 0  0 0  1 1
  0 0  0 1  0 0
1,1,1;1;1;1 1 6
1 
#1 
6	% 
  0 -1 -1 0  0 0
 -1  0 -1 0  0 0
  1  1  1 0  0 0
  0  0  0 0 -1 0
  0  0  0 0  1 1
  0  0  0 1  1 0
1,1,1;1;1;1 1 14
1 
#1 
6	% 
  0 -1 -1 0  0  0
 -1  0 -1 0  0  0
  1  1  1 0  0  0
  0  0  0 0  0  1
  0  0  0 0 -1 -1
  0  0  0 1  1  1
2-1;1,1;1;1 1 3
3 
#1 
6	% 
 0 1 0 0 0 0
 0 0 1 0 0 0
 1 0 0 0 0 0
 0 0 0 1 0 0
 0 0 0 0 1 0
 0 0 0 0 0 1
2-1;1,1;1;1 1 2
3 
#1 
6	% 
 0 0 1  1  0 -1
 1 0 0  0  0  0
 0 1 0  0  0  0
 0 0 0  0 -1 -1
 0 0 0  1  1  1
 0 0 0 -1 -1  0
1,1,1;1;1;1 1 2
15 
#3 
6	% 
 0 0 -1  0  1  0
 0 0 -1 -1 -1  1
 1 0  0  0  0  0
 0 1  0  0  0  0
 0 0  1  0  0 -1
 0 0 -1 -1 -1  0
6	% 
 0 0 -1 -1 -1 -1
 0 0  0  0  1  0
 1 0  0  0  0  0
 0 1  0  0  0  0
 0 0  1  0  0  1
 0 0 -1 -1  0  0
6	% 
 0 0  0  0 1  1
 0 0 -1 -1 0  1
 1 0  0  0 0  0
 0 1  0  0 0  0
 0 0  1  0 0 -1
 0 0 -1 -1 0  0
1,1;1,1;1;1 1 3
18 
#2 
6	% 
 0 1 0 0  2  0
 0 0 1 0  0  0
 1 0 0 0  0  0
 0 0 0 0 -1  0
 0 0 0 0  0 -1
 0 0 0 1  1  0
6	% 
 0 1 0 0  2 0
 0 0 1 0  0 0
 1 0 0 0  0 0
 0 0 0 0 -1 0
 0 0 0 0  1 1
 0 0 0 1  1 0
1,1;1,1;1;1 1 2
15 
#3 
6	% 
 0 0  0 1  2 -1
 0 0 -1 0  0  0
 0 1  1 0  0  0
 1 0  0 0  0  0
 0 0  0 0 -1  1
 0 0  0 1  2  0
6	% 
 0 0  0 1 1  1
 0 0 -1 0 0  0
 0 1  1 0 0  0
 1 0  0 0 0  0
 0 0  0 0 0 -1
 0 0  0 1 0  0
6	% 
 0 0  0 1 1 0
 0 0 -1 0 0 0
 0 1  1 0 0 0
 1 0  0 0 0 0
 0 0  0 0 0 1
 0 0  0 1 0 0
1,1;1,1;1,1 1 3
6 
#1 
6	% 
 1 0  0  2  2  2
 0 1  0  0  0  0
 0 0 -1  0  0  0
 0 0  0 -1 -1 -1
 0 0 -1  0  1  1
 0 0  1  1  1  0
1,1;1,1;1;1 1 18
18 
#2 
6	% 
 0 0 1  1  0 1
 0 1 0  0  0 0
 1 0 0  0  0 0
 0 0 0 -1 -1 0
 0 0 0  0  0 1
 0 0 0  0  1 0
6	% 
 0 0 1  1  0 -1
 1 0 0  0  0  0
 0 1 0  0  0  0
 0 0 0 -1 -1 -1
 0 0 0  0  0 -1
 0 0 0  0  1  1
1,1;1,1;1,1 1 8
6 
#1 
6	% 
 0 1 0 0  0  0
 1 0 0 1  0 -1
 0 0 1 0  0  0
 0 0 0 1  0  0
 0 0 0 0 -1  0
 0 0 0 0  1  1
1,1;1,1;1;1 1 7
15 
#3 
6	% 
 0 0 -1  0 -1 0
 0 0  0 -1  0 1
 1 0  0  0  0 0
 0 1  0  0  0 0
 0 0  1  1  1 0
 0 0 -1  1  0 0
6	% 
 0 0 -1 -1 -2 -1
 0 0  0  1  0  0
 1 0  0  0  0  0
 0 1  0  0  0  0
 0 0  1  1  1  1
 0 0 -1  0 -1  0
6	% 
 0 0 -1 -1 0 1
 0 0  0  0 1 0
 1 0  0  0 0 0
 0 1  0  0 0 0
 0 0  1  1 0 0
 0 0 -1  0 0 1
1,1,1;1;1;1 1 1
1 
#1 
6	% 
 0 0 0  0 1  1
 0 0 0 -1 0  0
 0 0 0  0 0 -1
 1 0 0  0 0  0
 0 1 0  0 0  0
 0 0 1  0 0  0
1,1;1;1;1;1 1 4
9 
#2 
6	% 
 0 0 1  2  0 -2
 1 0 0  0  0  0
 0 1 0  0  0  0
 0 0 0 -1  0  1
 0 0 0  0 -1 -1
 0 0 0  0  0 -1
6	% 
 1 0 0  0  2  0
 0 1 0  0  0  0
 0 0 1  0  0  0
 0 0 0  0 -1  0
 0 0 0 -1  0  0
 0 0 0  0  0 -1
1,1;1;1;1;1 1 5
3 
#1 
6	% 
 0 1 0 0  0 0
 0 0 1 0  0 0
 1 0 0 0  0 0
 0 0 0 0  1 1
 0 0 0 0 -1 0
 0 0 0 1  1 0
1,1;1;1;1;1 1 2
5 
#3 
6	% 
 0 0 0 1 2 -1
 1 0 0 0 0  0
 0 1 0 0 0  0
 0 0 1 0 0  0
 0 0 0 0 0  1
 0 0 0 1 1  0
6	% 
 0 0 0 1 1  1
 1 0 0 0 0  0
 0 1 0 0 0  0
 0 0 1 0 0  0
 0 0 0 0 0 -1
 0 0 0 1 0  0
6	% 
 0 0 0 2 0 1
 1 0 0 0 0 0
 0 1 0 0 0 0
 0 0 1 0 0 0
 0 0 0 0 1 0
 0 0 0 1 1 1
1,1;1;1;1;1 1 26
3 
#1 
6	% 
 0 1 0 0 0 0
 0 0 1 0 0 0
 1 0 0 0 0 0
 0 0 0 0 0 1
 0 0 0 1 1 1
 0 0 0 0 1 1
1,1;1;1;1;1 1 24
9 
#2 
6	% 
 0 0 -1 -1  0 -1
 1 0  0  0  0  0
 0 1  0  0  0  0
 0 0  0 -1 -1  0
 0 0  1  1  1  1
 0 0 -1 -1  0  0
6	% 
 0 0 1 0  0 0
 1 0 0 0  0 0
 0 1 0 0  0 0
 0 0 0 0 -1 0
 0 0 0 1  1 0
 0 0 0 0  0 1
1;1;1;1;1;1 1 3
1 
#1 
6	% 
 1 0 0 0  0 0
 0 1 0 0  0 0
 0 0 1 0  0 0
 0 0 0 0  1 1
 0 0 0 0 -1 0
 0 0 0 1  1 0
1;1;1;1;1;1 1 17
1 
#1 
6	% 
 1 0 0  0  0  0
 0 1 0  0  0  0
 0 0 1  0  0  0
 0 0 0  0  0  1
 0 0 0 -1 -1 -1
 0 0 0  0  1  1
