#68

3;2-1;1 1 4
1 
#1 
6	% 
 1 0 0 0 0 0
 0 1 0 0 0 0
 0 0 1 0 0 0
 0 0 0 1 0 0
 0 0 0 0 1 0
 0 0 0 0 0 1
1,1,1,1,1,1 1 1
1 
#1 
6	% 
 1 0 0 0 0 0
 0 1 0 0 0 0
 0 0 1 0 0 0
 0 0 0 1 0 0
 0 0 0 0 1 0
 0 0 0 0 0 1
1,1,1,1,1;1 1 2
14 
#5 
6	% 
  1  0  0  0  0  0
  0  0  1  0  0  0
  0 -1  0 -1 -1 -1
  1  0  1  0  0 -1
 -1  1 -1  1  0  1
  1 -1  1  0 -1 -1
6	% 
  1  0  0 -1  0  1
  1  0  0 -1  1  0
  2  1 -1  0  1  1
  2  0  0 -1  0  0
 -3 -1  0  1 -1 -1
  2  0 -1 -1  1  1
6	% 
  1  1  1  0  1  1
  1  1  1  1  0  1
  1  1  1  1  1  1
  1  1  1  0  0  2
 -1 -2 -1 -1 -1 -2
  1  1  2  1  1  2
6	% 
  0 -1  1  0  0  0
  0 -1  0  0  0  0
  1 -1  1 -1  1 -1
 -1 -1  1 -1  0  0
  0  2 -1  2 -1  0
  0 -2  1 -1  0 -1
6	% 
 0  0 -2  0  0 -1
 0 -1 -1 -1  0 -1
 0  0 -1  0  1  0
 0  0 -1 -1  0 -1
 1  1  2  1 -1  1
 1  0 -1 -1  1 -1
2-1;1,1,1,1 1 2
4 
#2 
6	% 
  0  0  0 0 -1  1
  0  0  0 0  0  1
  0  1 -1 1  1  2
 -1  0 -1 0  0  2
  1  1  1 0  0  0
 -1 -1  0 0  0 -2
6	% 
 0 -1  1  0  0  0
 0  0  1  0  0  0
 1  1  2  1  1 -1
 0  0  2  0  1 -1
 0  0  0  1 -1  0
 0  0 -2 -1  0  0
1,1,1;1,1,1 1 1
1 
#1 
6	% 
  0 -1 -1  0  0  0
 -1  0 -1  0  0  0
  1  1  1  0  0  0
  0  0  0  0 -1 -1
  0  0  0 -1  0 -1
  0  0  0  1  1  1
2-1;1,1,1;1 1 6
24 
#5 
6	% 
  0 -1  1 -1 -1 -1
  0  1  0  1  1  0
  0  1 -1  2  1  1
 -1 -1 -1  0  0  0
  0  0  1 -1 -1  0
  0 -1  1 -1 -2 -1
6	% 
  0 -1  1 -1 -1  1
 -2  0  0 -1  0  1
 -2  0 -1  0  0  0
  0  0  0  0  0 -1
  2  0  0  0  1  0
  1 -1  0  0  0  0
6	% 
 1 1  1  1 1 -1
 0 0  0  0 1  0
 0 0 -1  0 0  0
 0 0  0  0 0 -1
 0 0  0 -1 0  1
 0 1  0  0 0  0
6	% 
 0 0 0  1 0 0
 0 0 1 -1 0 0
 0 0 0 -1 1 0
 1 0 0  0 0 0
 0 1 0  1 0 0
 0 0 0  0 0 1
6	% 
  0  0 -1 0  0  0
  0  1  1 1  0 -1
 -1  0  0 0  0  0
  0  0  0 0  0  1
  0 -1 -1 0 -1  0
 -1 -1 -1 0  0  0
1,1,1,1;1,1 1 3
45 
#6 
6	% 
  2  0  0  1  1 1
 -2 -1  1 -1 -1 0
 -2 -1 -1 -1  0 0
  1  1  0  1  0 0
  0  0  1  0 -1 0
  0 -1 -1  0  1 0
6	% 
 1 -1 -1 0  0 -1
 0  0  0 0  0 -1
 0  0  1 0  0  0
 0  1  0 1  0  1
 0  0 -1 0 -1 -1
 0 -1  0 0  0  0
6	% 
  0  0 -1  0  0  1
  0  1  1  1  1  1
  0  1  1  0  1  0
 -1 -2 -1 -1 -1 -1
 -1  1  0  1  1  1
  0 -1 -1 -1  0  0
6	% 
  0  0  0  1  0  0
 -2 -1  1  1 -2  2
 -1 -1  0  0  0  1
  2  1  0 -1  1 -1
 -1  0  1  1 -1  1
  0  0 -1 -1  1  0
6	% 
  1 0  0 -1  1 -1
  2 1  1  1  2 -2
  0 0  0  1 -1  0
 -1 0 -1 -1 -1  2
  1 1  0  0  2 -1
  0 0  0  0  0 -1
6	% 
  0  0  1 -1  1 -1
  0  1  2  0  1 -1
 -1  0  0  0  0  0
  1  0  0  1 -1  0
  1  1  1  0  0 -1
 -1 -1 -1  0  0  0
1,1,1,1;1,1 1 2
14 
#5 
6	% 
  1  0  0  0 0 0
  1  0 -1  0 0 0
  0 -1 -1 -1 1 0
  0  0  0  0 0 1
 -1  1  1  1 0 0
  1 -1 -1  0 1 0
6	% 
 0  0 0  0 1  0
 0  0 0  0 0  1
 0 -1 1 -1 0 -1
 1  0 0  0 0  0
 0  1 0  0 0  0
 0  0 1  0 0  0
6	% 
 0  0 0  0  1 0
 0  0 0 -1  1 0
 0  0 0  1  1 1
 0 -1 1  0  0 0
 1  1 0  0 -1 0
 0  1 0  0  1 0
6	% 
  1  0  0  0  0  0
  1  0 -1  0  0  0
  0 -1 -1 -1 -1  1
  0  0  0 -1  1 -2
 -1  1  1  1  0  0
  1 -1 -1  0 -1  1
6	% 
  0 1  1 0 1  0
  0 0  0 0 0 -1
  0 1  1 1 0  1
  1 0  1 0 0  0
 -1 0 -2 0 0  0
 -1 1 -1 0 0  0
2-1;1,1,1;1 1 3
4 
#2 
6	% 
 0 0 0  0 -1 -1
 0 0 0 -1  0 -1
 0 0 0  1  1  1
 0 1 0  0  0  0
 1 0 0  0  0  0
 0 0 1  0  0  0
6	% 
  0 -1 -1  0 0  0
 -1  0 -1  0 0  0
  1  1  1  0 0  0
  0  0  0 -1 0  1
  0  0  0  0 0 -1
  0  0  0  0 1  0
2-1',2-1';1,1 1 3
6 
#1 
6	% 
 -2 -1 -1  0  0 -1
  1  1  1  1  0  0
  1  1  0  0  1  0
  1  0  0 -1  1  0
  1  1  1  0 -1  1
  0  0 -1  0  1 -1
1,1,1;1,1,1 1 3
45 
#6 
6	% 
  1  1 1 0 0 0
  0  0 0 0 0 1
  0  0 0 0 1 0
 -1 -1 0 0 0 0
  0  0 0 1 0 0
  1  0 1 0 0 0
6	% 
 -1 0  0  0  0 1
  0 1 -1  1 -1 0
  1 0  1  0  1 0
  0 0 -1  0  0 0
  0 0  1 -1  0 0
 -1 0 -1  0  0 0
6	% 
 -2  1 -1  0 0  0
  0  0  0  0 0  1
 -1  0 -1  0 0  0
  1 -1  1 -1 0  0
  0 -1  0  0 0  0
 -1  1 -1  0 1 -1
6	% 
  0  0  0  0  0 1
 -1  0  0  0  0 0
  0  0  0 -1  0 0
  0  0 -1  0  0 0
  0  0  0  0 -1 1
  0 -1  0  0  0 0
6	% 
  1  1  0  1 -1  0
  0 -2 -2  0  0 -1
  1  1  2  1  0  1
 -1 -1 -1 -1  0 -1
 -1  1  0  0  1  1
  1  0  0  0 -1 -1
6	% 
  0  1  0 0  0  0
  0  0  0 0  0  1
  1  0  0 0 -1  1
 -1 -1 -1 0  0 -1
  1  1  1 1  0  0
 -1  0  0 0  0 -1
2-1;1,1;1,1 1 5
24 
#5 
6	% 
 0 0 0 0 0 1
 0 1 0 0 0 0
 0 0 0 0 1 0
 1 0 0 0 0 0
 0 0 1 0 0 0
 0 0 0 1 0 0
6	% 
 -1 -1 -1  0  0  0
  0  0  0  0 -1  0
  1  0  1 -1 -1  1
  0  0  0  0  0  1
  0  0  0  1  0 -1
  1  1  0  1  1 -1
6	% 
 0 0 0  1 -1  2
 0 0 1  0  0  0
 0 0 0  0  1 -2
 1 0 0  0  0  0
 0 1 0  0  0  0
 0 0 0 -1  0 -1
6	% 
  1  1 1 0  0  0
  2  0 0 1  0 -1
  0 -1 0 0  0  0
  0  0 0 0  0  1
 -2  0 0 0 -1  0
 -1 -1 0 0  0  0
6	% 
 1 -1  2  0  0  0
 0  0  0  0 -1  0
 0  0 -1 -1 -1  1
 0  0  0  0  0  1
 0  0  0  1  0 -1
 0  1  0  1  1 -1
2-1',2-1';1;1 1 5
6 
#1 
6	% 
  0  0 0  0 0 -1
  0  0 0  0 1  0
  0  0 1  0 0  0
 -1  0 0  0 0  0
  0  0 0 -1 0  1
 -1 -1 0  0 0  0
2-2;1,1,1,1 1 2
4 
#1 
6	% 
 1 0 0  0 0  0
 0 1 0  0 0  0
 0 0 1  0 0  0
 0 0 0  1 0 -1
 0 0 0 -1 1  0
 0 0 0  1 0  0
1,1,1,1;1;1 1 4
12 
#4 
6	% 
 -1  1 1  0  0  0
 -1  0 0  0  0  0
  3 -1 0  1  1 -1
 -2  0 0 -1 -1  1
  1  0 0  0  1  0
  1  0 0  0  1 -1
6	% 
 0  1 0  0 0  0
 1  0 0  0 0  0
 0 -3 1  0 0 -1
 0  2 0  0 0  1
 0 -1 0 -1 0  0
 0 -1 0  0 1 -1
6	% 
  0  0  0 -1 0  0
  0  0  0  0 0 -1
  0  2 -2  3 1  1
  0 -1  1 -2 0  0
 -1  0 -1  1 0  0
  0  0 -1  1 0  0
6	% 
  0 0 0 0 0 -1
  0 0 0 1 0  0
 -1 0 0 0 1  1
  1 0 0 0 0  0
  0 1 0 0 0  0
  0 0 1 0 0  0
1,1,1;1,1;1 1 7
90 
#12 
6	% 
 0  0  0 1 1  2
 0 -1  1 0 0  0
 0  2 -2 0 0 -1
 1  0  1 0 0  0
 1  0  0 0 0  0
 0  0  0 1 0  1
6	% 
  0  0  0 1 1 0
 -2 -1 -1 0 0 0
  4  2  2 0 0 1
 -1  0  0 0 0 0
  0 -1  0 0 0 0
  0  0  0 1 0 0
6	% 
 -2 0 0 -1 -1 -2
  1 0 0  0  0 -2
 -1 0 0  0  0  3
  1 1 0  0  0 -1
  1 1 1  0  0  0
 -1 0 0 -1  0 -1
6	% 
 -1 -1 1  0  0  0
  2  0 0  1  1 -1
 -3  0 0 -2 -2  2
  1  0 0  1  0  0
  0  0 0  1 -1  0
 -1 -1 0  0  0  0
6	% 
 1  1 -1 0 0  4
 0  0  0 0 0 -1
 0 -1  1 0 0 -2
 0  0  0 0 1 -1
 0  0  0 1 1 -1
 1  1  0 0 0  2
6	% 
 0 1 1  0  0  0
 0 0 0 -1  1  1
 1 0 0  2 -2 -2
 0 0 0  1  0  1
 0 0 0  1  0  0
 0 1 0  0  0  0
6	% 
  2  1  1 0 0  2
  0  0  0 0 0  1
 -1 -1 -1 0 0 -4
  0  0  0 0 1  0
  0  0  0 1 1 -1
  1  1  0 0 0  1
6	% 
 0  0  0  3 -1 1
 0  1 -1  2  0 0
 0 -2  2 -5  0 0
 1  1  0  1  0 0
 1  0  0  0  0 0
 0  0  0  2 -1 0
6	% 
  0  0  0  1 -1 1
  2  1  1  0  0 0
 -4 -2 -2 -1  0 0
  1  0  0  0  0 0
  0  1  0  0  0 0
  0  0  0  1 -1 0
6	% 
  2 0 0  1  1 -1
  1 0 0  0  0  0
 -2 0 0 -2 -1  1
  1 1 0  0  0  0
  1 1 1  0  0  0
  1 0 0  0  1  0
6	% 
 0 -1  1  0  0  0
 0  2  2  1 -1  0
 0 -3 -4 -2  2  0
 0  1  1  0 -1 -1
 0  0  0  0  0 -1
 1  0  1  0  0  0
6	% 
 0  1 -1  0  0  0
 0  2  2  1  1 -1
 0 -4 -3 -2 -2  2
 0  1  1  0  1 -1
 0  0  0 -1  1 -2
 1  1  0  0  0  0
1,1,1;1,1;1 1 10
144 
#15 
6	% 
  2  1  1  0  0  0
  2  1  1  0  0  1
 -5 -3 -3  0  0 -3
  1  0  1 -1 -1  1
  1  1  0  0  1  0
  0  0  0 -1  1  0
6	% 
  0  1  1  0  0  0
  2  1  1  1  1 -1
 -3 -3 -3 -2 -2  2
  0  0  1  0  0 -1
  1  1  0  0  1  0
  0  0  0 -1  1  0
6	% 
  0  1 -1  0  0  0
  0 -1 -1 -1 -1  1
  0  1  4  2  2 -2
  1  1  0  0  0  1
 -1 -1 -1 -1  0 -1
  0  0  0 -1  1  0
6	% 
 0  1 -1  0 0  0
 0  2  0  0 0  1
 0 -3  2  0 0 -1
 1  1  0  1 1 -1
 0  1  0 -1 0  1
 0  0  0 -1 1  0
6	% 
 -1 -2  0  0  0  0
  1  0  2  1  1 -1
 -1  1 -3 -2 -2  2
  0 -1  0  0  0  0
  0  0  1  0  1 -1
  0  0  0 -1  1  0
6	% 
 -1 0 -2  0 0 -2
 -1 0 -2  0 0 -3
  3 1  5  0 0  7
  1 0 -1  1 1 -2
 -1 0 -1 -1 0 -1
  0 0  0 -1 1  0
6	% 
 0 -2  2 -1 -1  1
 0 -1  1  0  0  0
 0  4 -4  0  1 -1
 0 -1  1 -1  0  1
 0  0  1  0  0  0
 1  1  1  0  0  0
6	% 
  2  0  0  1 -2 0
  3  0  0  1 -2 0
 -7  0  0 -3  5 1
  1  0  0  0 -1 0
  1  0 -1  1 -1 0
 -1 -1 -1  0  0 0
6	% 
  0  0  0 0 -2  1
  0 -1  1 0 -2  1
  0  2 -2 1  5 -3
  0  0  0 0 -1  0
  0 -1  0 0 -1  1
 -1 -1 -1 0  0  0
6	% 
  2  0  0  1 -1  1
  1  0  0  0  0  0
 -3  0  0 -1  1 -2
  1  0  0  1  0  0
  0  0 -1  0  0  0
 -1 -1 -1  0  0  0
6	% 
  0  0  0  1 1 -1
 -1 -1 -1  0 0  0
  2  2  2 -1 0  0
  0  0  0  0 1  0
 -1  0 -1  0 0  0
  0  1 -1  0 0  0
6	% 
  2  0 0  1 -2 0
  3  0 0  1 -2 0
 -7  0 0 -3  5 1
  1  0 0  0 -1 0
  2  0 1  1 -1 0
  0 -1 1  0  0 0
6	% 
 1  1 -1  0  0  2
 0  0  0  0  0  1
 0 -1  1  0  0 -4
 1  1  0  0  0  1
 0  0  0  0 -1  1
 0  0  0 -1 -1  1
6	% 
  2  1  1 0 0  0
  2  1  1 0 0  1
 -5 -3 -3 0 0 -3
  1  1  0 0 0  0
  1  0  1 0 1  0
  0  0  0 1 1 -1
6	% 
 0  1 -1  0  0  0
 0  2  0  1  0  0
 0 -3  2 -1  0  0
 1  1  0  0  1 -1
 0  1  0  1 -1  0
 0  0  0  1 -1 -1
1,1,1,1;1;1 1 5
45 
#6 
6	% 
  1  0 0  0 0  0
  0  0 0  0 0  1
  1  0 0  0 1  1
 -1  0 1  0 0 -1
  1 -1 0  0 0  1
 -1  0 0 -1 0 -1
6	% 
 0  0  1  0  0  0
 0 -1  0 -1 -1 -1
 1  0  2  0  0  0
 0  1 -1  1  0  0
 0 -1  1  0 -1  0
 1  1 -1  0  0  0
6	% 
 0  0 0  0 0 -1
 1  1 1  1 1  0
 0 -1 0  0 0 -1
 0  0 0 -1 0  1
 0  0 0  0 1 -1
 1  1 0  0 0  1
6	% 
  0  0  0  0  0 -1
  0 -1  1 -1  1 -2
 -1 -1  0 -1  1 -1
  1  1 -1  2 -1  2
 -1 -1  1 -1  2 -3
  0  0 -1  1 -1  1
6	% 
 1  1  1  1 -1  1
 0  1  1  1 -1  0
 0  1  1  0 -1  2
 0 -1 -2 -1  1 -2
 0  2  1  1 -1  2
 0 -1 -1 -1  0 -1
6	% 
 0 -1  0 -1  0  0
 0  0 -1  1 -1  1
 0  0  0  1 -1  0
 1  1  1 -1  1 -1
 1  0  0  1 -1  1
 0  0  0  0  0 -1
1,1,1;1,1;1 1 4
14 
#5 
6	% 
  0 -1 -1  0 0 0
 -1  0 -1  0 0 0
  1  1  1  0 0 0
  0  0  0  0 1 1
  0  0  0  0 0 1
  0  0  0 -1 1 0
6	% 
  0  0  0  1 0 1
  0  0  0  1 0 0
  0  0  0 -1 1 0
  1  0 -1  0 0 0
  1  0  0  0 0 0
 -1 -1 -1  0 0 0
6	% 
  0  0  0  1 0 1
  0  0  0  1 0 0
  0  0  0 -1 1 0
  0 -1  0  0 0 0
 -1 -1 -1  0 0 0
  0 -1  1  0 0 0
6	% 
  0 -1 -1  0  0  0
 -1  0 -1  0  0  0
  1  1  1  0  0  0
  0  0  0 -1 -1  0
  0  0  0 -2 -1  1
  0  0  0  1 -1 -1
6	% 
  0  0  0  0  1  0
  0  0  0  0  1  1
  0  0  0 -1 -1 -1
 -1 -2 -1  0  0  0
  0 -2 -1  0  0  0
 -2 -1 -1  0  0  0
2-2;2-1;1,1 1 4
4 
#1 
6	% 
 0  1 0 0  0 0
 0 -1 1 0  0 0
 1  1 0 0  0 0
 0 -1 1 0 -1 0
 0 -1 1 1 -1 0
 0 -1 1 0 -1 1
2-2;1,1,1;1 1 5
20 
#3 
6	% 
 -1 0  0 0  0 0
  1 0  1 0  0 0
  0 1  0 0  0 0
  0 1 -1 0 -1 1
  0 1 -1 1 -1 0
  0 1 -1 0 -1 0
6	% 
  1  0  0  0 0  0
  0  0  1  0 0  0
  0 -1  0  0 0  0
 -1 -1 -1  0 1 -1
 -1 -1 -1 -1 1  0
 -1 -1 -1  0 1  0
6	% 
  0  1  0  0 0  0
 -1  0  0  0 0  0
 -1 -1 -1  0 0  0
  0 -2 -1  0 1 -1
  0 -2 -1 -1 1  0
  0 -2 -1  0 1  0
1,1,1;1,1;1 1 11
84 
#9 
6	% 
 0 -1 -1 -2  0  0
 0 -2 -2  1 -1  1
 0  4  4  2  1 -1
 1  0  0 -1  0  0
 0 -1 -1  1 -1  0
 0  0 -1 -1  0  0
6	% 
 -2 -1 -1  0 -2  2
  0  0  0  1 -2  0
  2  1  1 -2  5 -1
 -1  0  0  1 -1  1
  0  0  0  0 -1  0
 -1  0 -1  0 -1  1
6	% 
 0 -1 -1  0  0 0
 0 -2 -2 -1 -1 0
 0  4  4  2  2 1
 0 -1  0  0  0 0
 0 -1 -1 -1  0 0
 1  0  0  0  0 0
6	% 
  2  0  0  1 -1  1
  2  1  1  1 -1  1
 -5 -2 -2 -3  3 -3
  1  1 -1  0 -1  1
  1  0  1  1  0  0
  1  0  0  0  0  1
6	% 
  0  0  4 -1 -1  1
  0 -1  3 -1 -1  1
  0  1 -8  2  2 -2
  0  0  2 -1  0  0
 -1 -1  1 -1  0  0
  0  0  2 -1  0  1
6	% 
  0 0  0  1  1 -1
 -1 0 -2  1  1 -1
  2 1  3 -2 -2  2
  1 0  0  1  0  0
  0 0 -1  1  0  0
  0 0  0  0  1  0
6	% 
 0 -1  1 -2 -2  2
 0  0  0 -3 -1  1
 0  1 -1  7  4 -4
 0  0  1 -1 -1  1
 0 -1 -1 -1 -1  0
 1  0  1 -1 -1  1
6	% 
 0  1 -1  0 0  0
 0  2 -2  2 0 -1
 0 -4  4 -3 1  1
 0  1  0  0 0  0
 0  1 -1  1 0  0
 1  1  0  0 0  0
6	% 
 0 -1 -1  0  0  2
 0 -3 -3 -1  1  1
 0  5  5  1 -1 -4
 0 -2  1 -1 -1  2
 0 -1 -2  0  1  0
 1  0  0  0  0  1
1,1,1,1;1;1 1 6
6 
#3 
6	% 
 0  1  1  1  1  1
 0  1  1  1  1  0
 0  1  1  1  0  1
 1 -1 -1 -1 -1 -1
 0  2  1  1  1  1
 1  0  1  0  0  0
6	% 
  1  0  0 0  0 0
  0  1  0 0  0 0
  0  0  1 0  0 0
 -1 -1 -1 0 -1 1
  1  1  1 0  1 0
  0  0  0 1 -1 0
6	% 
  0  0 0 0 1 0
  0  0 0 0 0 1
  0  0 0 1 0 0
  0  1 0 0 0 0
 -1 -1 0 0 0 0
  1  1 1 0 0 0
2-2;1,1,1;1 1 4
4 
#1 
6	% 
  0 -1 -1 0  0  0
 -1  0 -1 0  0  0
  1  1  1 0  0  0
  0  0  0 1  0 -1
  0  0  0 0 -1  1
  0  0  0 0  0 -1
1,1;1,1;1;1 1 8
45 
#6 
6	% 
 -1 -1 -1 0  0 0
  0  0  0 0 -1 0
  0  0  0 1  0 0
  1  1  0 0  0 0
 -1  0 -1 0  0 0
  0  0  0 0 -1 1
6	% 
 -1 -1 -1 0  0  0
  0  0  0 1  1  1
  0  0  0 0 -1 -1
  1  1  0 0  0  0
 -1  0 -1 0  0  0
  0  0  0 1  1  0
6	% 
 0 0 0  1 -2 -1
 0 2 1  0  0  0
 1 0 0  0  0  0
 0 0 0 -1  2  0
 0 0 0  0 -1 -1
 1 1 1  0  0  0
6	% 
  0  0  0  1  1 1
  0 -2 -1  0  0 0
 -1  0  0  0  0 0
  0  0  0 -1 -1 0
  0  0  0  0  1 1
 -1 -1 -1  0  0 0
6	% 
 0  0 0 -1 -2 1
 1  1 1  0  0 0
 0 -1 0  0  0 0
 0  0 0  1  0 0
 0  0 0  0 -1 1
 1  1 0  0  0 0
6	% 
 0  0 0  1 1 1
 1  1 1  0 0 0
 0 -1 0  0 0 0
 0  0 0 -1 0 0
 0  0 0  0 0 1
 1  1 0  0 0 0
2-1;1,1;1;1 1 12
18 
#4 
6	% 
 -1 0 0  0  0  0
  1 1 0  1  1 -1
  0 0 0  0  1 -1
  0 0 0 -1  1  0
  1 0 1 -1 -1  1
  0 0 0 -1  0  0
6	% 
 -1 0 0 0 0  0
  1 1 0 0 0  1
  0 0 0 1 0 -1
  0 0 0 1 1 -1
  1 0 1 0 0 -1
  0 0 0 1 0  0
6	% 
  0  0  0  0  0  1
  0  0  0 -1  0  0
 -1 -1  0 -1 -1  1
 -1  0  0  0  0  0
  0  0  0  0  1 -1
 -1  0 -1  1  1 -1
6	% 
  0 0 0  0 0  1
  1 0 0  0 1 -1
  0 1 0  0 0  0
  1 1 1  0 0  0
 -1 0 0 -1 0  0
  1 1 0  0 0  0
2-1;1,1;1;1 1 15
24 
#5 
6	% 
 0 0 0  0 0 1
 0 1 0  0 0 0
 0 0 0  0 1 0
 1 0 0  0 0 0
 0 0 1  0 0 0
 0 0 0 -1 0 0
6	% 
 0 0 0  2 1 -1
 0 0 1  0 0  0
 0 0 0 -1 0  1
 1 0 0  0 0  0
 0 1 0  0 0  0
 0 0 0  0 1  0
6	% 
 1 0 0  0 0  0
 0 0 0 -1 0  1
 0 0 1  0 0  0
 0 0 0  0 0 -1
 0 0 0  0 1  0
 1 1 0  0 0  0
6	% 
 -1 -1 -1  0 0  0
  0  0  0 -1 0  1
  1  0  1  0 0  0
  0  0  0  0 0 -1
  0  0  0  0 1  0
 -1 -1  0  0 0  0
6	% 
 0 2 1  0 0  0
 0 0 0 -1 0  1
 1 0 0  0 0  0
 0 0 0  0 0 -1
 0 0 0  0 1  0
 1 1 1  0 0  0
1,1,1;1;1;1 1 8
72 
#10 
6	% 
  0 -1  1 -1 -1  1
 -1  1 -2  1  1 -1
  1 -1  1 -1  0  1
  0  0  0  0  0  1
  0 -2  1 -1 -1  1
 -1  1 -1  0  1  0
6	% 
 0  0  0  0 0  1
 0  1 -1  0 1 -1
 1  0  1  0 0  1
 1  0  0  0 0  0
 0 -1  1 -1 0  1
 1  1  0  0 0 -1
6	% 
 -1 0  0  0 0 1
  2 0  0  0 1 0
  0 1  0  0 0 0
  0 1 -1  0 0 0
 -2 0  0 -1 0 0
  1 1  0  0 0 0
6	% 
 -1 0 0 0 0 -1
  2 0 1 0 0 -1
 -1 0 0 1 0 -1
  0 0 0 1 1 -1
 -1 1 0 0 0  1
  1 0 0 1 0  0
6	% 
  1  0 0 0  0  0
 -1  0 1 0  0  0
  1  0 0 1  0 -1
  0  0 0 0  0 -1
  1 -1 0 0  0  0
 -1  0 0 0 -1  0
6	% 
  1 0  0 0 0 -1
 -1 0 -1 0 0  0
  0 0  0 1 0 -1
  0 0  0 1 1 -1
  1 1  0 0 0  0
  0 0  0 1 0  0
6	% 
 0 1  2  1 -1  0
 1 0 -2 -1  1  0
 0 0  1  1  0 -1
 0 0  0  0  0 -1
 1 1  3  1 -1  0
 0 0 -1  0  1 -1
6	% 
 0  0  0  0  0 -1
 0  1 -1  0 -1  1
 1  0  1  0  0  0
 1  0  0  0  0  0
 0 -1  1 -1  0  0
 1  1  0  0  0  0
6	% 
  0  0 0 0 0 -1
 -1  0 0 0 1 -1
  0 -1 0 0 0  0
  0 -1 1 0 0  0
  1  0 0 1 0  0
 -1 -1 0 0 0  0
6	% 
 0 -1 2  0  0  0
 1  2 1  1  1 -1
 0 -1 0  0 -1  0
 0  0 0  0  0 -1
 1 -1 0 -1 -1  1
 0  1 0  1  0 -1
1,1;1,1;1;1 1 14
54 
#5 
6	% 
  0 -1  1  0 0  0
  0  1 -1  0 1 -1
 -1  0 -1  0 0  1
  0  0  0  0 0 -1
  0  1  0  0 0  1
  0 -1  1 -1 0  0
6	% 
  0  1 -1  0  0  0
 -1 -1  1 -1  0  0
  3  0  1  1  1 -1
 -2  0  0 -1 -1  1
  2 -1  0  1  1 -1
 -1  1 -1 -1  0  1
6	% 
 -1 -1 -1  0 0  0
  1  1  1  0 1 -1
  0  0  1  0 0  1
  0  0  0  0 0 -1
  0  1  0  0 0  1
 -1 -1 -1 -1 0  0
6	% 
  0  0  0  0 0 -1
  1  0  1  0 0  0
 -2 -2 -2 -1 0  1
  1  1  1  0 0  0
 -2 -2 -2  0 1  0
  1  1  0  0 0  0
6	% 
  0  0  0 0  0 -1
  1  0  1 0  0  1
 -1 -1 -1 1  0  0
  1  1  1 0  0  0
 -1 -1 -1 0 -1  1
  0  0  1 0  0 -1
1,1;1,1;1,1 1 7
18 
#2 
6	% 
 0  1 -1  1  1 -1
 1  0  2  0 -1  1
 1  0  1  0 -1  0
 0  0  0  0  0  1
 0 -1  0 -1  0  0
 1  2  0  1  0  0
6	% 
  0  1 -1  0  0  1
 -1 -1  1 -1  0  0
  1 -1  0  0  1 -1
 -2  0  0 -1 -1  1
  2  0  1  1  0 -1
 -1  1 -1 -1  0  1
1,1;1,1;1,1 1 4
45 
#6 
6	% 
  2 -1  1  0 0 0
  0  0  0  0 0 1
 -1 -1 -1  0 1 0
  0  1  0  0 0 0
  1  0  1  0 0 0
 -1 -1 -1 -1 0 0
6	% 
 -1 -1 -1  0 0 0
  0  0  0  0 0 1
  0  0  0  0 1 0
  1  0  1  0 0 0
 -1 -1  0  0 0 0
  0  0  0 -1 0 0
6	% 
  0  0  0  0 0 1
  0 -2 -1  0 0 0
 -1  0  0  0 0 0
  0  0  0  0 1 0
  0  0  0 -1 0 0
 -1 -1 -1  0 0 0
6	% 
 -1 -1 -1  0 0  0
  0  0  0 -2 1 -1
  0 -1  1  0 0  1
  1  1  0  0 0  0
 -1  0 -1  0 0  0
  0 -1  1 -1 1  0
6	% 
  1 1  1  0 0  0
  0 0  0  2 1 -1
 -1 0  0 -2 0  1
 -1 0 -1  0 0  0
  0 0  1  0 0  0
 -1 0  0  1 1  0
6	% 
 0 0 0 1 -1  2
 0 2 1 0  0  0
 1 0 0 0  0  0
 0 0 0 0  1 -2
 0 0 0 1  0  1
 1 1 1 0  0  0
1,1,1;1;1;1 1 16
42 
#7 
6	% 
 0  1  1  1  1  1
 0  1  1  2  1  1
 0 -1 -1 -1 -2 -1
 0  0  1  1  1  1
 1  1  1  1  1  1
 1  0  1  0  0  0
6	% 
 0  0  0  0  1 -1
 0 -1  1 -1  2 -1
 0  1 -1  0 -2  1
 0  0  1  0  1 -1
 1  0  1  0  1 -1
 1  1  1  0  0  0
6	% 
 0 0 0  0  0  1
 0 0 0 -1  0  3
 0 0 0  0 -1 -2
 0 1 0  0  0  2
 1 1 0  0  0  2
 1 1 1  0  0  0
6	% 
  1  0 0 0 0 0
  3 -1 0 0 0 0
 -3  0 1 0 0 0
  2  0 0 0 1 0
  2  0 0 1 0 0
  0  0 0 0 0 1
6	% 
 0  0 1  0  0  0
 1 -1 0 -1 -1  1
 1  2 1  1  1 -1
 0 -1 0  0 -1  1
 0 -1 0 -1  0  1
 0  0 0  0  0  1
6	% 
  0 1 -1  0  0  0
 -1 0 -3 -1 -1  1
  2 0  3  1  1 -1
 -1 0 -2 -1  0  1
 -1 0 -2  0 -1  1
  0 0  0  0  0  1
6	% 
 0 0  0 -1 0 0
 0 0  0 -3 1 0
 0 0  0  2 0 1
 1 0  0 -2 0 0
 0 0 -1 -2 0 0
 1 1  0  0 0 0
1,1;1,1;1;1 1 29
72 
#7 
6	% 
  0 -2 -2 -1 -1  1
 -2  0  0  0  1 -3
 -2  0  0  1  0 -3
  1  0  1  0  0  1
  1  1  1  0  0  1
  0  0 -1  0  0  0
6	% 
  0  0  0  0 0 -1
  0  0  0  0 1  0
  0  0  0 -1 0  1
  1  0  0  0 0  0
  0 -1  0  0 0  0
 -1  0 -1  0 0  0
6	% 
  0 -1  1  1 1 -1
  0  0 -1 -1 0  0
  0  0 -1 -1 0  1
  1  0  0  0 0  0
  0  0 -1  0 0  0
 -1 -1  0  0 0  0
6	% 
  0 -2  2 0 0 -3
  0  1 -1 0 1  1
  0  1 -1 1 0  1
 -1  0  0 0 0  0
  0  1  0 0 0  1
  1  0  1 0 0 -1
6	% 
 -1  0 0 -1  1 -1
  1  0 1 -1 -2  2
  0 -1 0 -1 -2  2
  0  0 0  0  1  0
  1  0 0  1  0  0
 -1  0 0  0  0 -1
6	% 
  0  0  0 0  1 -1
  0  1  1 0  0  1
  0  1  1 1 -1  0
  0  0 -1 0  0  0
  1  0  0 0  0  0
 -1 -1  0 0  0  0
6	% 
 -1 -1 -1 -1  1 -1
  3  0  1  4  3 -3
  3  1  0  4  3 -3
 -1  0  0 -2 -1  2
 -1  0  0 -2 -1  1
  0  0  0  1 -1  0
1,1;1,1;1,1 1 11
24 
#3 
6	% 
  2  1  1 0 0  3
 -1 -2 -2 0 1 -2
 -1 -2 -2 1 0 -2
  0  0  1 0 0  0
 -3 -1 -1 0 0 -4
  3  2  1 0 0  4
6	% 
  0 -2 -2  0  0 -3
  1 -1  4  2  1  0
 -1 -2  3  1  2  0
 -1  1 -2 -2  0  1
  0  4  1 -1 -1  5
  1 -2 -2  1 -1 -4
6	% 
 -1  0  0 -1  1 -1
  0  1 -2 -1 -1  2
  1  2 -1  0 -2  1
  1  0  2  1  0 -1
  2 -1  1  2 -1  1
 -3 -1 -1 -2  2 -1
1,1,1;1;1;1 1 6
4 
#2 
6	% 
  0 -1 -1 0  0  0
 -1  0 -1 0  0  0
  1  1  1 0  0  0
  0  0  0 0  0  1
  0  0  0 0 -1  0
  0  0  0 1  0 -1
6	% 
  0 0 0  0  1  0
  0 0 0  0  1  1
  0 0 0 -1 -1 -1
 -1 0 0  0  0  0
  1 0 1  0  0  0
  1 1 0  0  0  0
1,1;1,1;1;1 1 20
72 
#10 
6	% 
 1  0 0  0  0  0
 0  0 1 -2  2  0
 0  0 0  1 -1  0
 0  0 0  0  1 -1
 0 -1 0 -2  2  0
 0  0 0  0  1  0
6	% 
  0 -1  0  0  0  0
 -1  1  0 -2  2  0
  0  0  0  1 -1  0
  0  0  0  0  1 -1
 -1 -2 -1 -2  2  0
  0  0  0  0  1  0
6	% 
  0 -1 1  0  0 0
  8  1 0  2 -2 0
 -4  0 0 -1  1 0
  2  0 0  0 -1 1
  7 -1 0  2 -2 0
  2  0 0  0 -1 0
6	% 
  0  0  0 -2 -1  1
  0  2 -2  1  0 -1
  0 -1  1  0  0  0
 -1  0 -1  0  0  0
  0  2 -2  0 -1  0
  0  0 -1  0  0  0
6	% 
 0  0  0 -1 1  0
 0  1 -1  1 0  2
 0 -1  1  0 0 -2
 1  1  0  0 0  1
 0  1 -1 -1 0  3
 0  1  0  0 0  1
6	% 
 0 0 0 -2 -1  1
 0 0 0  1  0 -1
 1 0 0  0  0  0
 0 1 0  0  0  0
 0 0 0  0 -1  0
 0 0 1  0  0  0
6	% 
  0 0 0 -1 1 0
 -1 0 0  1 0 0
  1 0 0  0 0 0
  0 1 0  0 0 0
 -1 0 0 -1 0 1
  0 0 1  0 0 0
6	% 
 1  0 0  0  0  0
 0  0 1  1  1 -1
 0  0 0 -1 -1  1
 0  0 0  1  0 -1
 0 -1 0  1  1 -1
 0  0 0  1  0  0
6	% 
  0 -1  0  0  0  0
 -1  1  0  1  1 -1
  0  0  0 -1 -1  1
  0  0  0  1  0 -1
 -1 -2 -1  1  1 -1
  0  0  0  0  1 -1
6	% 
  0 -1 1  0  0  0
 -2  1 0 -1 -1  1
  2  0 0  1  1 -1
 -1  0 0  0 -1  0
 -3 -1 0 -1 -1  1
 -1  0 0  0 -1  1
2-2;1,1;1,1 1 4
20 
#3 
6	% 
  1  1  1  0 0  0
 -1  0 -1  0 0  0
 -1 -1  0  0 0  0
  0 -1  1  0 1 -1
  0 -1  1 -1 1  0
  0 -1  1  0 1  0
6	% 
  1 1  1 0  0 0
  0 0 -1 0  0 0
 -1 0 -1 0  0 0
  1 0  0 0 -1 1
  1 0  0 1 -1 0
  1 0  0 0 -1 0
6	% 
 1 0  1 0  0 0
 0 1  0 0  0 0
 0 0 -1 0  0 0
 0 0  0 0 -1 1
 0 0  0 1 -1 0
 0 0  0 0 -1 0
1,1;1,1;1;1 1 26
42 
#7 
6	% 
 0  0  0 -1  0  0
 0  2 -2  1 -1 -2
 0  2 -2  2 -2 -1
 1 -1  2 -1  1  1
 0  1 -2  1 -1 -1
 1  1  1  0  0  0
6	% 
 0  0 0 -1 1  0
 0 -1 1  1 0 -4
 0 -1 1 -1 0 -3
 1  1 0  0 0  2
 0 -1 0  0 0 -2
 1  1 1  0 0  0
6	% 
 1  0 0  0 0  0
 0  0 1  0 0  0
 0 -1 0  0 0  0
 0  0 0 -1 0  0
 0  0 0  1 0 -1
 0  0 0 -1 1  0
6	% 
  0  1  0  0  0  0
 -3 -1 -1 -2 -2  2
 -3 -2 -2 -2 -2  2
  2  1  1  1  2 -2
 -2 -1 -1 -1 -2  1
  0  0  0 -1  1  0
6	% 
  0 -1 1  0  0  0
 -2  1 0 -1 -1  1
 -3 -1 0 -1 -1  1
  1  0 0  0  1 -1
 -1  0 0  0 -1  0
  0  0 0 -1  1  0
6	% 
  0  0  0  0  0 1
  0  2  2  2 -1 0
  0  2  2  1 -2 0
 -1 -2 -2 -1  1 0
  0  1  2  1 -1 0
 -1  0 -1  0  0 0
6	% 
  0  0  0 -1  0  0
  0  2  2  1 -1 -2
  0  2  2  2 -2 -1
 -1 -2 -2 -1  1  1
  0  1  2  1 -1 -1
 -1  0 -1  0  0  0
1,1,1;1;1;1 1 14
2 
#2 
6	% 
  0  0 0 1  0  1
  0  0 0 0 -1  0
  0  0 0 0  0 -1
  0  1 0 0  0  0
 -1 -1 0 0  0  0
  1  1 1 0  0  0
6	% 
  0 -1 -1  0 0  0
 -1  0 -1  0 0  0
  1  1  1  0 0  0
  0  0  0  0 0 -1
  0  0  0  0 1  0
  0  0  0 -1 0  0
2-2;2-1;1;1 1 7
4 
#1 
6	% 
 0  1 0 0 0  0
 0 -1 1 0 0  0
 1  1 0 0 0  0
 0  0 0 1 0 -1
 0  0 0 0 1 -1
 0  0 0 0 0 -1
2-1;2-1;1,1 1 8
3 
#1 
6	% 
  0  0 0  0  0  1
  0  0 0 -1  0  0
  0  0 1 -1 -1  1
 -1  0 0  0  0  0
  0  0 0  0  1 -1
 -1 -1 0 -1 -1  1
2-1,2-1;1;1 2 7
12 
#1 
6	% 
  2  1  1  0 0  1
 -1 -1 -1  0 1 -1
  0  1  0  0 0  0
  1  1  1  0 0  0
 -1 -1 -1 -1 0  0
  1  1  0  0 0  0
2-1,2-1;1,1 2 4
12 
#1 
6	% 
  0  0  0  0  0  1
  0  0  0 -1  0  0
  0 -1  0 -1 -1  1
 -1 -1 -1  0  0  0
  0  0  0  0  1 -1
 -1 -1  0 -1 -1  1
2-1;2-1;1;1 1 14
3 
#1 
6	% 
 0 0 0  0 0  1
 0 0 0  0 1 -1
 0 1 0  0 0  0
 1 1 1  0 0  0
 0 0 0 -1 0  0
 1 1 0  0 0  0
2-1,2-1;1;1 1 5
12 
#1 
6	% 
  0  0  0  0 0  1
  0  0  0 -1 0  0
  0 -1  0  0 0  0
 -1 -1 -1  0 0  0
  0  0  0  0 1 -1
 -1 -1  0  0 0  0
2-1,2-1;1,1 1 3
12 
#1 
6	% 
 -1 0 0  0  0  0
  1 1 0  1  1 -1
  0 0 0  1  0 -1
  0 0 0  1 -1  0
  1 0 1 -1 -1  1
  0 0 0  1  0  0
2-1;1,1;1;1 1 29
12 
#3 
6	% 
 0  0  0  0  0 -1
 0  1  1  2  1 -1
 0 -1 -1 -1 -2  2
 1  1  1  1  1 -1
 0  0 -1 -1 -1  1
 1  0  1  0  0  0
6	% 
 -1 0 0  0  0  0
  1 1 0  1  1 -1
  1 0 1 -1 -1  1
  0 0 0  1  0  0
  0 0 0 -1  0  1
  0 0 0  1 -1  0
6	% 
 0  0  0  0  0 -1
 0  1 -1  2  1 -1
 0 -1  1 -1 -2  2
 1  1  0  1  1 -1
 0 -1  0 -1 -1  1
 1  1  1  0  0  0
3;1,1,1 1 1
1 
#1 
6	% 
  0  0  0 0 0 1
  0  0  0 0 1 0
  0  0  0 1 0 0
  0 -1 -1 0 0 0
 -1  0 -1 0 0 0
  1  1  1 0 0 0
2-1;1;1;1;1 1 10
6 
#2 
6	% 
 -1 0 0 0 0  0
  1 1 0 0 0  0
  0 0 0 1 0 -1
  0 0 0 1 1 -1
  1 0 1 0 0  0
  0 0 0 1 0  0
6	% 
 0 0 0  0 0  1
 0 0 0  0 1 -1
 1 0 1  0 0  0
 1 0 0  0 0  0
 0 0 0 -1 0  0
 1 1 0  0 0  0
1,1;1,1;1;1 1 37
18 
#2 
6	% 
 -2 -1 -1 -1  1 -2
 -1  0 -1 -1  1 -1
  2  2  2  3  0  0
 -1 -1 -1 -2  0  0
  0 -1 -1 -1 -2  1
  0  0 -1 -1 -1  1
6	% 
 0  0  0  1 -1 0
 1  1  0  0  0 0
 0 -1 -1 -1  0 1
 0  1  0  0  0 0
 0  1  1  1  0 0
 1  1  1  0  0 0
1,1;1,1;1,1 1 12
6 
#1 
6	% 
 0  1  1  1  0 0
 1  0  0  0 -1 1
 0 -2  0 -1  0 1
 0 -1  0 -1  0 1
 0  1 -1  1 -1 0
 1  0  1  0  0 1
2-1;1;1;1;1 1 26
4 
#2 
6	% 
  0 0  0  0 0  1
  0 0  0 -1 0  0
  0 0  0  0 1 -1
 -1 0 -1  0 0  0
  1 1  1  0 0  0
  0 0 -1  0 0  0
6	% 
 -1 0 0  0 0 0
  1 1 0  0 0 0
  1 0 1  0 0 0
  0 0 0 -1 0 1
  0 0 0  1 0 0
  0 0 0 -1 1 0
1,1;1;1;1;1 1 38
14 
#5 
6	% 
  0 0  0 0  0 -1
  0 0  0 1  0  1
  0 0  0 0 -1 -1
 -1 0 -1 0  0  0
  1 1  1 0  0  0
  0 0  1 0  0  0
6	% 
 2 1 -1 0  0 0
 0 0  1 0  0 0
 1 1  0 0  0 0
 0 0  0 0 -1 0
 0 0  0 1  0 0
 0 0  0 0  0 1
6	% 
 -1 -1 -1 0  0 0
  1  0  1 0  0 0
 -1 -1  0 0  0 0
  0  0  0 0 -1 0
  0  0  0 1  0 0
  0  0  0 0  0 1
6	% 
  0  0 0 1  0 -1
  0  0 0 0 -1  1
  0  0 0 1  0  0
 -1 -1 0 0  0  0
  1  1 1 0  0  0
  0  1 0 0  0  0
6	% 
 0 2 1 0  0 0
 1 0 0 0  0 0
 1 1 1 0  0 0
 0 0 0 0 -1 0
 0 0 0 1  0 0
 0 0 0 0  0 1
1,1;1;1;1;1 1 37
36 
#6 
6	% 
  0  0 0  0 0  1
  0  0 0  0 1 -1
  0  0 0 -1 0  0
  0  1 0  0 0  3
 -1 -1 0  0 0 -3
  1  1 1  0 0  0
6	% 
  0  0 0 -1 -1  1
  0  0 0  0  1 -1
  0  0 0  0  1  0
  0  1 0 -1 -1  1
 -1 -1 0  1  1 -1
  1  1 1  0  0  0
6	% 
  0  0  0 0 0 -1
  0  0  0 0 1  0
  0  0  0 1 0  0
 -1 -1 -1 0 0 -2
  1  1  0 0 0  2
  0 -1  0 0 0  0
6	% 
 0 -2 -2 -1 -1  1
 0  1  1  0  1 -1
 0  1  1  0  1  0
 1 -3 -3 -2 -2  2
 0  3  4  2  2 -2
 1  1  0  0  0  0
6	% 
 0  1 -1  2 -2  2
 0 -1  0 -1  1 -1
 1  0  1 -1  1 -1
 0  2 -2  4 -3  3
 0 -2  2 -4  4 -3
 0  0  0  1  0 -1
6	% 
  1 0 0  0  0 0
  0 0 1  0  0 0
  0 1 0  0  0 0
  3 0 0  0  1 0
 -3 0 0  0 -1 1
  0 0 0 -1  1 0
1,1;1;1;1;1 1 10
24 
#5 
6	% 
 0 0 0 0  0 -1
 0 0 0 1  0  1
 1 0 1 0  0  0
 1 0 0 0  0  0
 0 0 0 0 -1 -1
 1 1 0 0  0  0
6	% 
 -1 -1 -1 0  0  0
  1  0  1 0  0  0
  0  0  0 0 -1  0
  0  0  0 0  0 -1
 -1 -1  0 0  0  0
  0  0  0 1  0 -1
6	% 
  0  1  0 0  0  0
 -1  0  0 0  0  0
  0  0  0 0 -1  0
  0  0  0 0  0 -1
 -1 -1 -1 0  0  0
  0  0  0 1  0 -1
6	% 
 1  1 1 0  0  0
 0 -1 0 0  0  0
 0  0 0 0 -1  0
 0  0 0 0  0 -1
 1  1 0 0  0  0
 0  0 0 1  0 -1
6	% 
 0 0 0 -1 0 0
 0 0 0  0 1 0
 1 0 1  0 0 0
 1 0 0  0 0 0
 0 0 0 -1 0 1
 1 1 0  0 0 0
1,1;1;1;1;1 1 20
27 
#4 
6	% 
  0  1 -1 0 0  2
  0 -1  1 1 0 -2
  0 -1  0 0 0 -1
  0  0  0 1 1 -1
 -1 -1  0 0 0 -1
  0  1 -1 1 0  1
6	% 
 0  1 -1 0  0  0
 0 -1  1 0 -1  0
 0  0  1 0  0  0
 0  0  0 0  0 -1
 1  0  1 0  0  0
 0  1 -1 1  0 -1
6	% 
 -1  0  0 0 0  0
  1  0  0 1 0  0
  0  0 -1 0 0  0
  0  0  0 1 1 -1
  0 -1  0 0 0  0
 -1  0  0 1 0 -1
6	% 
  1  1  1 0  0  0
 -1 -1 -1 0 -1  0
  0 -1  0 0  0  0
  0  0  0 0  0 -1
  0  0 -1 0  0  0
  1  1  1 1  0 -1
2-2;1,1;1;1 1 9
12 
#2 
6	% 
  0 -1 0 0  0 0
  1  1 1 0  0 0
 -1 -1 0 0  0 0
  1  0 0 0 -1 1
  1  0 0 1 -1 0
  1  0 0 0 -1 0
6	% 
  1  0  1 0  0 0
 -1 -1 -1 0  0 0
  1  1  0 0  0 0
  0  1 -1 0 -1 1
  0  1 -1 1 -1 0
  0  1 -1 0 -1 0
3;1,1;1 1 4
5 
#3 
6	% 
 2 1 -1 0 0 0
 0 0  1 0 0 0
 1 1  0 0 0 0
 0 0  0 0 0 1
 0 0  0 0 1 0
 0 0  0 1 0 0
6	% 
 -1 -1 -1 0 0 0
  1  0  1 0 0 0
 -1 -1  0 0 0 0
  0  0  0 0 0 1
  0  0  0 0 1 0
  0  0  0 1 0 0
6	% 
 0 2 1 0 0 0
 1 0 0 0 0 0
 1 1 1 0 0 0
 0 0 0 0 0 1
 0 0 0 0 1 0
 0 0 0 1 0 0
2-2;1,1;1;1 1 11
20 
#3 
6	% 
 1 0 0 0  0 0
 0 0 1 0  0 0
 1 1 0 0  0 0
 0 0 0 0 -1 1
 0 0 0 1 -1 0
 0 0 0 0 -1 0
6	% 
 -1 -1 -1 0  0 0
  1  0  1 0  0 0
 -1 -1  0 0  0 0
  0  0  0 0 -1 1
  0  0  0 1 -1 0
  0  0  0 0 -1 0
6	% 
  0 -2 -1 0 0  0
 -1  0  0 0 0  0
 -1 -1 -1 0 0  0
  0  0  0 1 0 -1
  0  0  0 0 1 -1
  0  0  0 0 0 -1
1,1;1;1;1;1 1 50
9 
#2 
6	% 
  0  0  0 -1  0  0
 -1  0 -1  0  0  0
  0  1  1  2 -1 -2
  0  1  0  1 -1 -1
 -1  0  0  1 -1 -1
  0 -1 -1 -2  2  1
6	% 
 -1  0  0  0  0  0
  0  0  0  1  0 -1
  1  2 -1  1 -1  1
  0  1 -1  1 -1  0
  0  1 -1  1  0  0
  0 -1  2 -1  1 -1
2-2;1,1;1;1 1 17
12 
#2 
6	% 
 1  1 0  0 0  0
 1  1 1  0 0  0
 0  0 0 -1 1  0
 0 -1 0  0 0  0
 0  0 0  0 1  0
 0  0 0  0 1 -1
6	% 
 1  1 1  0 0  0
 1  1 0  0 0  0
 0  0 0 -1 1  0
 0 -1 0  0 0  0
 0  0 0  0 1  0
 0  0 0  0 1 -1
1;1;1;1;1;1 1 26
4 
#2 
6	% 
  0 0  0 0  1 0
  0 0  0 0 -1 1
  0 0  0 1 -1 0
  0 0  1 0  0 0
 -1 0 -1 0  0 0
  1 1  1 0  0 0
6	% 
 -1 0 0 0  0  0
  1 0 1 0  0  0
  1 1 0 0  0  0
  0 0 0 0  0 -1
  0 0 0 1  0  0
  0 0 0 0 -1  0
1;1;1;1;1;1 1 33
1 
#1 
6	% 
  0 0  0  0 0 -1
  0 1  0  0 0  0
  0 0  0  0 1  0
 -1 0  0  0 0  0
 -1 0 -1  0 0  0
  0 0  0 -1 0  0
1;1;1;1;1;1 1 13
3 
#1 
6	% 
 0 0 0 -1  0 1
 0 0 0  1  0 0
 1 0 1  0  0 0
 1 0 0  0  0 0
 0 0 0  1 -1 0
 1 1 0  0  0 0
2-2;1;1;1;1 1 17
4 
#1 
6	% 
  0 -1  0 0  0 0
  1  0  0 0  0 0
  0  0  0 0 -1 1
 -1  0 -1 0  0 0
  0  0  0 1 -1 0
  0  0  0 0 -1 0
2-2;1;1;1;1 1 9
4 
#1 
6	% 
  1 0 1 0  0 0
 -1 0 0 0  0 0
  1 1 0 0  0 0
  0 0 0 0 -1 1
  0 0 0 1 -1 0
  0 0 0 0 -1 0
3;1;1;1 1 13
1 
#1 
6	% 
 0 0  0 0 1 0
 0 0  0 1 0 0
 0 0  0 0 0 1
 1 0  1 0 0 0
 1 1  1 0 0 0
 0 0 -1 0 0 0
3;1;1;1 1 5
1 
#1 
6	% 
 -1 0 0 0 0 0
  1 0 1 0 0 0
  1 1 0 0 0 0
  0 0 0 0 0 1
  0 0 0 0 1 0
  0 0 0 1 0 0
