#38

3;1;1;1 1 18
1 
#1 
6	% 
 1 0 0 0 0 0
 0 1 0 0 0 0
 0 0 1 0 0 0
 0 0 0 1 0 0
 0 0 0 0 1 0
 0 0 0 0 0 1
1,1,1,1,1,1 1 1
1 
#1 
6	% 
 1 0 0 0 0 0
 0 1 0 0 0 0
 0 0 1 0 0 0
 0 0 0 1 0 0
 0 0 0 0 1 0
 0 0 0 0 0 1
2-1;1,1,1;1 1 8
6 
#2 
6	% 
  1  1  1 -1  1  1
  1  1  1 -1  1  2
 -1 -1 -1  1  0 -1
 -1 -1  0  1 -1  0
  1  1  1  0  1  0
  0  1  1 -1  1  1
6	% 
  0 0 0 0 0 1
  0 1 0 0 0 0
  0 0 0 0 1 0
  0 0 0 1 0 0
  0 0 1 0 0 0
 -1 0 0 0 0 0
1,1,1,1,1;1 1 2
8 
#2 
6	% 
  1  0  0  1  0  1
 -1  0  0  0  0  0
  0  0  1  1  0  1
  0  0  0  1  1  1
  0 -1 -1 -1 -1 -2
  0 -1  1  1  1  1
6	% 
  0  0  1  0 0 -1
  0  1  0  0 0 -1
  1  1  1  1 1  0
  0  0  0  1 0 -1
 -1 -1 -1 -1 0  1
  0  1  1  1 1 -1
1,1,1,1;1,1 1 3
18 
#3 
6	% 
  1  0 1 -1  1  1
 -1 -1 0  0 -1  0
  0  0 0  0 -1  0
  0  1 0  1  0 -1
  0 -1 1  0  0  1
  1  0 0  0  0  0
6	% 
 0  0  0  0  0 -1
 1  1  1  1 -1  1
 0  0  0  0 -1  0
 0 -1 -1  0  1 -1
 1  1  0  1  0 -1
 0  0  0 -1  0  1
6	% 
  0  0 -1  1  0  1
 -1  0 -1  0 -1 -1
  0  1  0  0  0  0
  0 -1  1 -1  1  0
 -1 -1 -1  1  0 -1
  0  1  0  0  0  1
2-1;1,1;1,1 1 11
6 
#1 
6	% 
 -1 -1  0  0 -1 -1
  0  1 -1  1  0 -2
  0 -2  1 -1 -1  1
  1  2  0  1  1  0
  1  2 -1  0  1  0
  1  2 -1  1  0 -1
1,1,1,1;1,1 1 2
1 
#1 
6	% 
 1 0  1 -1  1 0
 0 0  0 -1  1 0
 0 0  1  0  1 0
 0 1  0  0  0 0
 0 0 -1  1 -1 0
 0 0  1 -1  1 1
1,1,1;1,1,1 1 4
6 
#1 
6	% 
 0  1  1  1 -1  0
 0  1  1  1  0  0
 0 -1 -2 -1  0 -1
 1  1  1  1  0  1
 0 -1 -1 -2  0  0
 0  1  1  1  0  1
1,1,1;1,1,1 1 3
6 
#1 
6	% 
 -2  0 -1 -1 -2  2
  0 -1  0  0  0  2
 -1  0  0 -1  0 -1
  1  0  0  1  1 -1
  0  0  0  1  1 -3
 -1  0  0 -1 -1  2
2-2;1,1,1,1 1 2
4 
#1 
6	% 
 0 0 0 0  0 1
 1 0 0 0  0 0
 0 1 0 0  0 0
 0 0 0 0 -1 0
 0 0 0 1  0 0
 0 0 1 0  0 0
2-1;1,1;1;1 1 27
3 
#1 
6	% 
 0 -3 0  0  0 -2
 0  1 0 -1  0  1
 0  2 0  0  0  1
 0  1 0  0 -1  1
 1  1 0  0  0  0
 0 -1 1  0  0  0
2-1;1,1;1;1 1 32
12 
#2 
6	% 
  0 -1  0 0 0 -1
  0 -1  0 0 0  0
  0  0  0 0 1  0
  0  0 -1 0 0 -1
  0  0  0 1 0 -1
 -1  0  0 0 0  0
6	% 
 0 -1  0 0  0 -1
 0 -1  0 0  0  0
 0  0  0 0 -1 -1
 0  0 -1 0  0  1
 0  0  0 1  0  1
 1  0  0 0  0  1
1,1,1;1,1;1 1 11
12 
#1 
6	% 
 -2 0  0  0  0  1
  0 0 -1  1 -2  0
  3 0  2 -2  3 -1
 -1 0  0  0  0  0
  0 0  0  1 -1  2
 -1 1  0  0  0  1
1,1,1,1;1;1 1 5
15 
#2 
6	% 
 1  0 0 0  0 -1
 0  0 0 0  1 -1
 0  0 0 1  0 -2
 0 -1 0 0 -1  1
 0 -1 0 0  1 -2
 0  0 1 0  0  2
6	% 
  0 -1  0  0  0 1
 -1 -1 -1  1 -1 0
  0 -1 -1  0  0 0
  1  2  1 -1  0 0
  0 -2 -1  1 -1 0
  0  1  0 -1  0 0
2-2;1,1,1;1 1 5
8 
#1 
6	% 
 -2  0 -1  1  1  0
  0 -1  0  0  0  0
  0 -1  0  0  0 -1
  1  0  0 -1  0 -1
  1  0  0  0 -1 -1
  1  0  1  0  0 -1
1,1,1;1,1;1 1 12
24 
#3 
6	% 
  0  0  0  0  0  1
 -1  0 -1  1 -1 -2
  1  0  2 -2  1  2
  0  0  0  1 -1 -1
  0  0  1 -1  1  1
  0 -1  0  0  0  0
6	% 
 0 0  0  0  0 -1
 1 0  1  1 -1  0
 0 0 -1 -1  0  3
 1 0  0  1  0 -1
 0 0  0 -1  0  2
 0 1  0  0  0  0
6	% 
 -1  0  0 0 -1  0
  0  0  0 0  0 -1
  0  0 -1 1  0  1
  0  1  0 0  0  0
  0 -1 -1 0  0  0
 -1  0  0 0  0  0
1,1,1,1;1;1 1 6
1 
#1 
6	% 
  1 0  1  0  0  0
  1 0  0  0 -1  0
  0 0  1  1  0  0
 -1 1 -1 -1  0  1
  1 0  1  1  0 -1
  0 1  0  0  0  1
3;1,1,1 1 3
1 
#1 
6	% 
 0 0  0  0  0 1
 0 1  0  0  0 0
 0 0  0  0 -1 0
 0 0  0 -1  0 0
 0 0 -1  0  0 0
 1 0  0  0  0 0
1,1,1;1,1;1 1 10
6 
#1 
6	% 
  0  2  1  1 0  3
  0  2  1  1 0  2
  0 -5 -3 -3 0 -9
  0  1  0  1 0  1
  0  1  1  0 1  1
 -1  0  0  0 1  0
1,1,1;1,1;1 1 7
6 
#1 
6	% 
 1 0 0  2 1 -2
 0 0 0  2 0 -1
 0 0 1 -5 0  3
 0 0 0  1 0 -1
 0 1 0  0 0  0
 1 0 0  1 0 -1
1,1;1,1;1;1 1 13
3 
#1 
6	% 
  0 1 0 0  0  2
  1 0 0 0  0  0
 -1 0 0 1 -1  1
  0 0 0 0  1  0
  1 0 1 0  1 -1
  0 0 0 0  0 -1
1,1,1;1;1;1 1 19
4 
#2 
6	% 
  0 0 0  0 0 1
  0 1 0  0 0 0
  0 0 0  0 1 0
  0 0 1  0 0 0
  0 0 0 -1 0 0
 -1 0 0  0 0 0
6	% 
  1  1 1 -1  1  1
  0  0 0  0  0 -1
 -1 -1 0  1 -1  0
  1  1 1 -1  0  1
  1  1 1  0  1  0
  0  1 1 -1  1  1
1,1,1;1;1;1 1 15
6 
#1 
6	% 
 0  0 0 1  0 -2
 0  0 0 0 -1  1
 0 -1 0 0  0  0
 0  0 1 0  0  2
 0 -1 0 0  0 -1
 1  0 0 0  0 -1
1,1;1,1;1,1 1 6
3 
#1 
6	% 
  0 1  0  0  0  2
  1 0  0  0  0 -1
  0 0  0  0  0 -1
 -1 0  0 -1  0  1
  0 0 -1  0  1 -1
  0 0  0  0 -1  0
1,1;1,1;1;1 1 39
12 
#2 
6	% 
 -1 -3  1 -1 -1  0
  1  3 -1  1  1 -1
 -1 -2  1 -1  0  0
  1  2 -1  0  1 -1
  0  2 -1  1  1  0
  1  2  0  1  1 -1
6	% 
 -1 -1 -1 -1  1  0
  1  1  1  1 -1  1
  0 -1 -1 -1  1 -2
  1  1  1  0 -1  0
  1  1  0  1 -1  1
  1  1  1  1  0 -1
2-1;1;1;1;1 1 36
3 
#1 
6	% 
  0  0 0 0 1 -1
  0  0 0 1 0 -1
  0  0 1 0 0  0
 -1  0 0 0 0  0
  0  0 0 0 0  1
  0 -1 0 0 0 -1
2-2;1,1;1,1 1 4
4 
#1 
6	% 
  0 1  0 0 0  1
 -1 0  0 0 0  0
  1 0  0 0 0 -1
  1 0  0 0 1 -1
  1 0  0 1 0 -1
  1 0 -1 0 0 -1
1,1,1;1;1;1 1 16
6 
#1 
6	% 
 -1 0  0 -1  0  1
 -3 0 -1 -2  0  2
  3 0  0  2 -1 -2
 -2 1  0 -1  0  2
 -2 0  0 -1  0  1
  0 1  0  0  0  0
1,1;1,1;1;1 1 30
3 
#1 
6	% 
  0 0  0  1 -1  0
  0 0  0 -1  0  0
 -1 0 -1  0  0  0
  1 0  0  0  0 -1
  0 1  0  0  0  1
  0 1  0  0  0  0
1,1;1,1;1,1 1 10
6 
#1 
6	% 
 1 -1 -1  1  0 -2
 0  1  0 -1  1  0
 0  0  1  0  0  2
 1  1 -1  0  1 -1
 1  0  0  0  0  1
 0 -1  0  1 -1 -1
1,1;1,1;1;1 1 28
12 
#1 
6	% 
 -1  0 0 1  0  3
  0  0 0 0 -1  1
  1  0 1 0  0  3
 -1 -1 0 0  0  0
  0 -1 0 0  0 -1
  0  1 0 0  0  0
3;1,1;1 1 13
1 
#1 
6	% 
  1 0  0  0 -1 0
  1 0  0 -1  0 0
 -1 0 -1  0  0 0
 -1 1  0  0  0 1
  0 1  0  0  0 1
 -2 0  0  0  0 1
2-2;1,1;1;1 1 17
4 
#1 
6	% 
  0 1  0 0 0  1
  1 1  0 0 0  0
  1 0  0 1 0 -1
 -1 0  0 0 0  0
  1 0 -1 0 0 -1
  1 0  0 0 1 -1
1,1;1;1;1;1 1 33
3 
#1 
6	% 
  4  1  2 -2  3 -1
 -2  0 -2  1 -3  1
  1  1  0 -1  1  0
  0  1  0  0  0  0
  0 -1  0  0  0 -1
  1  1  1  0  1  0
3;1,1;1 1 11
2 
#1 
6	% 
  0 -1 0 0 0 -1
  0  1 0 0 0  0
  0  0 0 0 1  1
  0  0 0 1 0  1
  0  0 1 0 0 -1
 -1  0 0 0 0 -1
1,1;1;1;1;1 1 54
8 
#2 
6	% 
  0 -1  0 0 0  0
  0 -1  0 0 0 -1
  0  0  0 1 0  0
  0  0 -1 0 0  0
  0  0  0 0 1  0
 -1  0  0 0 0  0
6	% 
 0 -1 0 0 0  0
 0 -1 0 0 0 -1
 0  0 0 0 1 -2
 0  0 1 0 0 -1
 1  0 0 0 0 -2
 0  0 0 1 0  1
1,1;1;1;1;1 1 49
1 
#1 
6	% 
 0 1 0  0  0  2
 1 0 0  0  0  0
 0 0 0  0 -1  1
 0 0 0 -1  0  1
 0 0 1  0  0  0
 0 0 0  0  0 -1
1;1;1;1;1;1 1 42
1 
#1 
6	% 
 0 0 -1  0 0  0
 0 0  0 -1 0  0
 0 1  0  0 0  0
 0 0  0  0 1 -1
 1 0  0  0 0 -1
 0 0  0  0 0  1
