#20

1,1;1;1;1;1 1 31
1 
#1 
6	% 
 1 0 0 0 0 0
 0 1 0 0 0 0
 0 0 1 0 0 0
 0 0 0 1 0 0
 0 0 0 0 1 0
 0 0 0 0 0 1
1,1,1,1,1,1 1 1
1 
#1 
6	% 
 1 0 0 0 0 0
 0 1 0 0 0 0
 0 0 1 0 0 0
 0 0 0 1 0 0
 0 0 0 0 1 0
 0 0 0 0 0 1
1,1,1,1;1,1 1 3
6 
#3 
6	% 
  1  0  0 -1 -1  0
 -1 -1 -1  0  0 -1
 -1  0  0  1  1 -1
  0  0  1  0 -1  1
  0  0  0 -1 -1  1
  1  0  0 -1  0  0
6	% 
  1  1 -1  0  0  0
 -1 -1 -1  2 -1 -2
  0 -1  0  0  0  0
  0  1  0 -1  1  0
 -1  0 -1  1 -1 -1
  1  0  0 -1  0  1
6	% 
 -1 0 -1  1 -1  1
  0 1  0 -1 -1  0
  1 0  0 -1  0 -1
  1 0  0  0  1  0
 -1 0  0  0  0  1
 -1 0 -1  0 -1  0
1,1,1,1,1;1 1 2
4 
#2 
6	% 
  1  1  1  1  0  2
  1  1  1  1  1  1
  1  1  0  1  1  1
  1  1  0  2  0  0
 -2 -1 -1 -2 -1 -2
  1  2  0  2  1  1
6	% 
  0  1 0 -1  0  0
 -1  0 0  0  0  0
  0  0 0  0  0 -1
  0  1 1 -2  1  1
  0 -1 0  2 -1  0
  0  1 1 -1  1  0
1,1,1;1,1,1 1 4
2 
#1 
6	% 
 0  0  1  0 -1  1
 0  0  1  0  0  1
 1  0 -1  1  1  0
 0  0  0 -1 -1  1
 0 -1 -1  2  1 -1
 0  0  0 -1 -1  0
1,1,1;1,1,1 1 3
2 
#1 
6	% 
  0 0 -1  0  0  0
 -1 1 -1  0  0 -1
  1 0  0  0  0  0
  0 0  0 -1  0  1
  1 0  1 -1 -1  1
  0 0  0  1  1  0
1,1,1,1;1,1 1 2
1 
#1 
6	% 
  0 0 -1  0  0 -2
  0 0 -1  2  3 -2
  0 0 -3  0  0 -5
 -1 1 -1  0  0 -1
  1 0  3 -1 -1  5
  1 0 -2  0  0 -4
1,1,1;1,1;1 1 12
8 
#3 
6	% 
 -1 1  0  1  1  0
  0 0  1  1  1  1
  0 0 -1 -1 -2 -2
  0 0  1  0  0  1
  0 0 -1  0  0 -2
 -1 0  0  1  1  0
6	% 
 -1 -1  1  0  0  1
  0  0  1 -1  0  0
  2  2 -3  1  1 -3
  0  0  0 -1 -1 -1
  1  1 -1  1  1 -1
 -1  0  0  0  0  0
6	% 
 -2 -2  1 1  0  2
 -1 -1  1 0  1  0
  2  2 -2 0 -1 -1
  0 -1  1 0  0  0
  1  1 -1 0  0  0
 -1 -1  0 0  0  1
1,1;1,1;1,1 1 10
2 
#1 
6	% 
 0 0  0 -1  0  0
 0 0 -1  1 -1  0
 1 0  0 -1  1  2
 0 0 -1  0  0  0
 0 1  0  0  1  1
 0 0  1 -1  0 -1
1,1;1,1;1,1 1 9
1 
#1 
6	% 
  1 1  0 -1 -1  0
  0 0  0 -1 -2  0
  0 0  1  0  0  2
  0 0 -1  0  0 -1
 -1 0 -1  0  0 -1
  1 0  1 -1 -1  1
1,1,1;1,1;1 1 11
2 
#1 
6	% 
 -2  0 -1  1  0 -2
 -2 -2  0  2  1 -1
  5  3  1 -4 -2  3
 -1  0  0  0  0 -1
 -1 -1  0  1  1 -1
 -1  0 -1  0  0 -1
1,1,1,1;1;1 1 5
5 
#2 
6	% 
  0 0  0  0  1 -1
  1 1  0 -1  1 -1
 -1 0  0  0  0 -2
  0 0  0  1 -1  2
  0 0  1  0  1 -2
  0 1 -1  0  0  1
6	% 
 -1  0 -1  1 -1  1
 -1 -1  0  1 -1  2
 -1 -1  0  1  0  2
  2  1  0 -2  1 -2
 -2 -1 -1  1 -1  2
  1  1  0 -1  1 -1
1,1,1,1;1;1 1 4
1 
#1 
6	% 
  0 0 -2 -1 -1 -3
  0 0 -2  0  0 -3
  0 0  3  0 -1  4
  0 0 -1 -1 -1 -1
 -1 0  0  1  1  0
  0 1  0  0  0  0
1,1,1;1,1;1 1 10
4 
#1 
6	% 
  0 0  2  2  1 -1
  0 0  3  1  1 -1
  0 0 -7 -4 -3  3
  1 1  1  0  1  1
 -1 0  1  1  0 -2
 -1 1 -1  0  0 -1
1,1,1;1,1;1 1 7
2 
#1 
6	% 
 0 0 -1  1  0 -2
 0 0 -1  1 -1 -3
 0 0  1 -1  2  3
 1 0  0  0 -1 -1
 1 1  0 -1 -1  0
 0 0  0  1  0 -1
1,1;1,1;1;1 1 35
1 
#1 
6	% 
 0  0 -2  2  3 -4
 0 -1  0  0  0  0
 0  0  2 -2 -4  3
 1  0  0 -1 -1  0
 0  0 -1  2  3 -2
 0  0  2 -1 -2  3
1,1;1,1;1;1 1 28
4 
#1 
6	% 
  0  1 -2  1  0  1
  0 -1  0  1  0  0
  0 -1 -1  2 -1  0
 -1  0 -1  0  0 -1
  0  0  0 -1  0  0
  0  0  1  0  0  0
1,1;1,1;1;1 1 27
1 
#1 
6	% 
 1 1  0 -1 -1  0
 0 0  1 -1  1 -2
 0 0 -2  3 -4  4
 1 0 -1  1 -3  3
 1 0  3 -3  3 -4
 0 0 -3  2 -4  4
1,1,1;1;1;1 1 15
2 
#1 
6	% 
  1  1 -1  0 0  0
 -1 -1  0  0 0  1
  0 -1  1  0 0  1
 -1 -1  1  0 1  1
  1  0  0  0 0  0
  1  1 -1 -1 0 -1
1,1,1;1;1;1 1 8
2 
#1 
6	% 
 0 0  0  0 -1  0
 0 0  1 -2  1  2
 1 0  0  0 -1  0
 1 1  0 -1 -1  0
 0 0 -2  1 -1 -2
 1 0  1 -1  0  1
