#29

2-1;1;1;1;1 1 33
1 
#1 
6	% 
 1 0 0 0 0 0
 0 1 0 0 0 0
 0 0 1 0 0 0
 0 0 0 1 0 0
 0 0 0 0 1 0
 0 0 0 0 0 1
1,1,1,1,1,1 1 1
1 
#1 
6	% 
 1 0 0 0 0 0
 0 1 0 0 0 0
 0 0 1 0 0 0
 0 0 0 1 0 0
 0 0 0 0 1 0
 0 0 0 0 0 1
1,1,1,1;1,1 1 3
8 
#4 
6	% 
  1 0 0  0 -2  0
  0 1 0 -1 -1  0
 -1 0 0  0  1 -1
  0 0 0  1  1  0
  0 1 0  0 -1  0
  1 0 1  0  0  0
6	% 
 0  0  1  0  0  1
 1  1  1  0 -1  2
 0  0  0  0 -1  2
 0  0 -1  0  1 -2
 0  1  1  0  0  1
 0 -1 -1 -1  0 -1
6	% 
  1  0  0 0  0 0
  0  0 -2 0 -1 1
  0  1 -1 0  0 0
 -1  0  1 0  1 0
  1 -1  0 1  0 1
  0  0  1 1  0 0
6	% 
  1  0 0  1  0  1
  2  1 1  0  1 -2
  0 -1 0  0  0  0
 -1  1 0 -1 -1  1
  1  1 1 -1  0  0
  0  0 0  1  0  0
1,1,1,1,1;1 1 2
3 
#2 
6	% 
  0  0  0  0 -1  0
 -1  0  0  0  0  0
 -1  0  1  0 -1  0
 -1  0  0  0 -1  1
  1 -1 -1  0  1 -1
 -1  0  1 -1 -1  1
6	% 
  0 -1  1  0  0  0
 -1  0  0  0  0  0
 -1 -2  2  1  0  0
 -1  0  1 -1  0  0
  1  2 -3 -1 -1  0
 -1 -1  2  0  0 -1
2-1;1,1,1;1 1 8
2 
#1 
6	% 
 1  0  1  0 0  1
 0  0  1  0 0  1
 0  0 -2 -1 0 -2
 0  0 -1  0 0 -2
 0  0  2  0 1  1
 0 -1  2  0 0  2
1,1,1,1,1;1 1 1
1 
#1 
6	% 
 0  0  0  0 -1  0
 0 -1 -1  0 -1 -1
 0 -1  0 -1 -1 -1
 0  0 -1 -1  0 -1
 0  1  1  1  1  1
 1  0  0  0  0  0
1,1,1;1,1,1 1 3
8 
#4 
6	% 
  1 1  1  1  1 -1
  0 0 -1  0 -2 -1
  1 0  1  0  2  0
 -1 0 -1 -1 -1  0
 -1 0  0  0  1  1
  1 1  0  0  0 -1
6	% 
  1 -1  0  1  0 0
  0  0  0  1  0 1
  0 -1 -1  0  0 0
 -1  0  0  0  0 1
  0  0  0 -1 -1 1
  1 -1  0  1  0 1
6	% 
  1  0  1  2  1  1
  0  0 -2  0 -1  1
  0  0  1  0  1  0
 -1 -1  0  0 -1  0
  0  1  0 -1  0 -1
  1 -1  1  2  0  1
6	% 
  0  1 1 0 -1  2
 -1  0 0 0  0  0
  1  1 1 1  0  1
 -1 -1 0 0  0  0
  1  0 0 0  1 -2
 -1  0 0 0 -1  1
1,1,1,1;1,1 1 2
3 
#2 
6	% 
 0  0  0 0 1  0
 0  0  0 0 0  1
 0 -1 -1 1 0 -1
 1  0  0 0 0  0
 0  1  0 0 0  0
 0  0  0 1 0  0
6	% 
  0  1 -1  0  0 0
  0  1  0 -1  0 0
  0  1 -2 -1 -1 1
  1  0  0  0  0 0
 -1 -1  1  1  1 0
 -1  0  0  0  0 1
2-1;1,1;1,1 1 9
2 
#1 
6	% 
 0 0  1  0 0  1
 1 1 -1 -1 1 -1
 0 0  0  1 0  0
 0 0  0  0 1 -1
 0 0  1  0 0  0
 0 1  0  0 0  0
1,1,1;1;1;1 1 7
3 
#2 
6	% 
 0  1 1 -1  0  1
 1  0 0  0  0  0
 0  0 0 -1 -1  0
 0 -1 0  1  2 -1
 0 -1 0  0  1  0
 0  1 1 -1 -1  0
6	% 
 0  2 -3 -2  0  0
 1  0  0  0  0  0
 0  2 -2 -2  0 -1
 0 -1  2  2  0  0
 0 -1  1  1 -1  0
 0  2 -2 -1  0  0
1,1,1;1,1;1 1 8
8 
#4 
6	% 
 0 -1  1  1  1  1
 0 -1  0  1  0  0
 0  2 -1 -2 -2 -1
 0  0  1  1  1  0
 0 -1  0  0  0  0
 1  0  0  0  0  0
6	% 
 0  0 -1 -1  0 -2
 0  1  1 -1 -1  1
 0 -1  0  3  1  2
 0  0 -1 -1  0 -1
 0  1  1  0  0  0
 1  0  0  0  0  0
6	% 
 0  1 -2 -1  0  0
 0  1 -1 -1  1 -1
 0 -4  5  4 -2  2
 0  1 -1  0  0  0
 0  0  0  0  1  0
 1  0  0  0  0  0
6	% 
 0  2  1  0  1 -3
 0  3  1 -1  1 -5
 0 -6 -2  1 -2  9
 0  0  0  1  1 -2
 0  2  1 -1  0 -2
 1  0  0  0  0  0
1,1;1,1;1;1 1 27
3 
#2 
6	% 
 1  0  0  0 0  0
 0 -2  1  2 0  0
 0  4 -1 -3 1 -1
 0  1  0 -1 1  0
 0 -4  2  4 0  1
 0  3 -1 -4 1 -1
6	% 
 1  0  0  0 0  0
 0 -3  1  3 0  1
 0  5 -1 -6 1 -1
 1  3  0 -3 1 -1
 1 -6  2  6 0  1
 0  6 -1 -5 1 -1
1,1;1,1;1,1 1 9
5 
#3 
6	% 
 1  0 0  0  0  0
 0  2 0 -2  1 -1
 0 -2 1  2  0  0
 0 -2 0  1 -1  1
 0 -1 0  1 -1  0
 0  0 1  1  1  0
6	% 
 1  0  0  0 0  0
 0 -1 -1 -1 0  0
 0  0  1  1 1 -1
 0  0  2  1 1 -1
 0  1  1  1 0 -1
 0  0  0  1 0  1
6	% 
  1  0 0  0 0  0
  0  2 1 -2 0 -2
  0  0 0  0 1 -3
  0  0 0  0 0 -1
 -1 -1 0  0 0  0
  1  0 0  1 0  1
1,1,1;1;1;1 1 19
4 
#2 
6	% 
  1 0  0  0  0 0
  0 0  0  0  1 0
 -1 0  0  0 -1 1
  1 0  0 -1  0 0
  1 0 -1  0  0 0
  1 1  0  0  0 0
6	% 
  1 0  0  1  0  1
  0 0  0 -1  0 -1
 -1 0  0 -1  0  0
  1 0  0  0 -1  1
  1 0 -1  0  0  0
  1 1  0  0  0  0
1,1;1,1;1;1 1 36
12 
#4 
6	% 
 0  0  1  0 0  1
 1  1 -1 -1 1 -1
 0  0  1  0 1  0
 0 -1  1  0 0  1
 0  0 -1 -1 0 -1
 0  0  0  0 0  1
6	% 
  0 1 -1 -1  2 -1
  1 0  0  0  0  0
  1 0  0  0 -1  1
 -1 0  1  0  0  0
  1 1  0  0  0  0
  1 0  0  1  0  0
6	% 
 0  0  0  1 0  1
 1  1 -1 -1 1 -1
 0  0  0  1 1  0
 0 -1  0  1 0  1
 0  0 -1 -1 0 -1
 0  0  0  0 0  1
6	% 
 0 -2 -1 -1 -1  2
 1  0  0  0  0  0
 0  0  0  0  1 -1
 0  0  0  1  0  0
 0 -1  0  0  0  0
 0  0  1  0  0  0
1,1,1,1;1;1 1 5
3 
#2 
6	% 
 1  1  1 -1 -1  1
 0  1  1 -1  0  1
 0  1  0 -1 -2  1
 0 -1 -1  2  2 -1
 0  2  1 -1 -2  1
 0 -1 -1  1  1  0
6	% 
  1 0  0  0  0  0
  0 1 -1 -1  0  0
 -1 1  0 -1  0 -1
  1 0  0  1  0  0
 -1 1  0  0  0  0
  1 0 -1  0 -1  0
1,1,1;1;1;1 1 17
1 
#1 
6	% 
 1  0  0  0  0  0
 0  6 -1 -5  1 -1
 0 -3  1  3  0  1
 0 -3  0  3 -1  1
 0  3  0 -2  1 -1
 0 -2  0  2 -1  0
1,1,1;1,1;1 1 11
10 
#5 
6	% 
  2 -3  1  3 -1  1
  2 -2  1  2 -1  1
 -5  8 -3 -8  3 -3
  1 -1  1  2  0  0
  1 -1  1  1  0  0
  1 -2  1  2  0  1
6	% 
 0  1  0 -1  0 -2
 0  3  1 -3  1 -7
 1 -5 -1  5 -1 11
 0  0  0  0  0 -1
 0  2  1 -2  0 -3
 0  1  0  0  0 -1
6	% 
  4  1  2 -1 -2  2
  2  1  1 -1 -1  1
 -7 -3 -4  3  4 -4
  2  0  1  0 -1  2
  1  2  1 -2  0 -3
  2  1  1  0 -1  1
6	% 
  2 -3   3  1 -1  1
  2 -4   4  1 -1  1
 -5 11 -11 -3  3 -3
  1 -1   2  1  0  0
  1 -2   2  1  0  0
  1 -2   2  1  0  1
6	% 
  2  1  1  1  1 -1
  2  1  0  1  0  0
 -5 -3 -2 -3 -2  2
  1 -2  1  3  0  0
  1  1  0  0  0  0
  1  0  1  1  1  0
1,1,1,1;1;1 1 2
3 
#2 
6	% 
 0  0 1  0 0 0
 0  0 0  0 1 0
 0  0 0  0 0 1
 1  0 0  0 0 0
 0  0 0 -1 0 0
 0 -1 0  0 0 0
6	% 
 0  1 -1  0  0  0
 0 -1  1  1  0  0
 0  1  0 -1  0  0
 1  0  0  0  0  0
 0  0  0  0  0 -1
 0  1 -1 -1 -1  0
1,1,1;1,1;1 1 7
6 
#3 
6	% 
 0 -1  0 1  0  0
 0  0  1 0  1  1
 0  0 -2 0 -3 -2
 1  0  1 0  1  0
 1  0  0 0  0  0
 0 -1  0 0  0  0
6	% 
 0  3 -4 -3  0  0
 0  3 -3 -3  1 -1
 0 -7  7  7 -2  2
 0  1 -1 -1  1  0
 1  0  0  0  0  0
 0  2 -2 -1  0  0
6	% 
 0 -3  1  5 -1  1
 0 -2  1  4 -1  1
 0  4 -2 -9  2 -2
 1 -1  1  2  0  0
 1  0  0  0  0  0
 0 -2  1  3  0  1
2-1;1,1;1;1 1 24
2 
#1 
6	% 
 0  0 1  0 0  1
 1  0 0  0 0  0
 0  0 1  0 0  0
 0  0 0  0 1 -1
 0  0 0 -1 0  0
 0 -1 0  0 0  0
2-1;1,1;1;1 1 34
1 
#1 
6	% 
 1 0 0 0  0  0
 0 0 0 0 -1  1
 0 0 0 1  0  0
 0 1 0 0  0 -1
 0 0 1 0  0  0
 0 0 0 0  0 -1
2-1;1,1;1;1 1 33
2 
#1 
6	% 
  1  0  0 0  0 0
 -1  0  0 1  0 0
  1  0  0 0 -1 1
 -1  0 -1 0  0 0
 -2 -1  0 1  1 0
 -1 -1  0 0  0 0
1,1;1,1;1;1 1 33
5 
#3 
6	% 
 1  0  0  0  0  0
 0  0  1  1  1 -1
 0  1  1  0  1 -1
 0 -1  0  1 -1  0
 0  1  0  0  0 -1
 0  1 -1 -2  0  0
6	% 
 1  0  0  0  0  0
 0  0  0  0 -1  2
 0  1  1 -1  0 -1
 0 -1  0  0  0  1
 0  1  1 -2 -1  1
 0 -1 -1  1  1 -2
6	% 
 1  0  0 0 0  0
 0  0  1 1 1 -1
 0  1  1 1 0  0
 0  0  1 0 0  1
 0  0  1 1 1  0
 0 -1 -1 0 0  0
1,1;1;1;1;1 1 36
1 
#1 
6	% 
 1  0  0  0  0  0
 0  0  0 -1  0 -1
 0 -4  1  4 -1  0
 0  5 -1 -4  1 -1
 0 -3  1  3  0  1
 0  2  0 -2  1  0
1,1;1;1;1;1 1 46
4 
#2 
6	% 
 0 1 -1 -1  2 -1
 1 0  0  0  0  0
 0 0  0  0 -1  1
 0 0 -1  0  0  0
 0 1  0  0  0  0
 0 0  0 -1  0  0
6	% 
 0 0  0  1  0  1
 1 0  0  0  0  0
 0 0  0  0  0  1
 0 0 -1 -1  0 -1
 0 1  0 -1  0 -1
 0 0  0 -1 -1  0
1;1;1;1;1;1 1 39
1 
#1 
6	% 
 1  0  0 0 0  0
 0 -1  1 1 0  1
 0  0  0 1 0  0
 0  0  0 0 1 -1
 0  0 -1 0 0  0
 0 -1  0 0 0  0
1,1;1;1;1;1 1 56
1 
#1 
6	% 
 1 0  0  0 0  0
 1 1 -1 -1 0 -1
 0 0  0 -1 0  0
 0 0  0  0 1 -1
 0 0  1  0 0  0
 0 1  0  0 0  0
1,1;1;1;1;1 1 55
4 
#2 
6	% 
 -1 -1 1 1 -1  1
  0 -1 1 1  0  1
  0  0 0 0  1 -1
  0  0 0 1  0  0
  0  1 0 0  0  0
  0  0 1 0  0  0
6	% 
  3 1 -1 1 -1  1
  2 0  0 1  0  1
 -1 0  0 0  1 -1
  1 0  0 1  0  0
 -1 0  1 0  0  0
  1 1  0 0  0  0
