#29

2-1;1;1;1;1 1 23
1 
#1 
6	% 
 1 0 0 0 0 0
 0 1 0 0 0 0
 0 0 1 0 0 0
 0 0 0 1 0 0
 0 0 0 0 1 0
 0 0 0 0 0 1
1,1,1,1,1,1 1 1
1 
#1 
6	% 
 1 0 0 0 0 0
 0 1 0 0 0 0
 0 0 1 0 0 0
 0 0 0 1 0 0
 0 0 0 0 1 0
 0 0 0 0 0 1
1,1,1,1;1,1 1 3
8 
#4 
6	% 
  1  0  0 0 0  0
 -1 -1 -2 0 0 -1
  0  0  0 1 0  1
  0  1  1 0 0  0
  0  0 -2 0 0 -1
  0 -1  0 0 1  0
6	% 
  2  0 -1  0 0  0
  1  1  4 -1 0  0
 -1 -1  0  0 0 -1
 -1  0 -2  1 0  0
  1  1  1  0 0  0
  1  0  0 -1 1  0
6	% 
  1  0  0  0  0  0
  1  1 -1  1  1  1
 -1 -1 -1  0  1  0
  0  0  1 -1 -1 -1
  0  1 -1  1  1  0
  1  0  0  0 -1  1
6	% 
  0  0  1 -1 -1  0
  1  1  2  0  0 -1
  1  1  0  0  1  0
  0 -1 -1  0  0  0
  0  0  1  0  0 -1
 -1  0  0 -1  0  1
1,1,1,1,1;1 1 2
3 
#2 
6	% 
 -1  0  1 1 0  0
 -1  0  1 0 1  0
 -1  0  1 0 0  0
 -2 -1  0 0 0 -1
  2  0 -1 0 0  1
 -2 -1  2 0 0  0
6	% 
  1  0 1 -1  0 1
  0 -1 1 -1  0 0
  0  0 0 -1  1 0
  1 -1 0  0  1 0
 -1  1 0  1 -1 0
  1 -1 1 -1  1 0
2-1;1,1,1;1 1 8
2 
#1 
6	% 
  0  0 -1 0 0 0
 -1  0 -3 0 0 0
  1  0  2 0 0 1
  1  0  1 0 1 0
 -1  0 -2 1 0 0
 -1 -1 -1 0 0 0
1,1,1,1,1;1 1 1
1 
#1 
6	% 
 0  0  0  0 -1  0
 0 -1 -1  0 -1 -1
 0 -1  0 -1 -1 -1
 0  0 -1 -1  0 -1
 0  1  1  1  1  1
 1  0  0  0  0  0
1,1,1;1,1,1 1 3
8 
#4 
6	% 
  1 -1  2 -1 -1  1
  0 -1 -2  0  0 -1
 -1  0  2  0  0  1
  0  0 -2  1  0 -1
  1  1  1  0  0  0
  0 -1  0  0 -1  0
6	% 
  0  1 1 0  0 -1
 -1  0 0 0  0  0
  1  0 0 0 -1  0
 -1 -1 0 0  0  0
  1  0 0 1  0  0
 -1  0 0 0  0 -1
6	% 
 -1  0  1  0  0  0
  0  0  1 -1 -1  0
  0  0  1  0  0 -1
  1  0 -1  0  1  0
  0 -1 -1  0  0  0
 -1  0  0  0  1  0
6	% 
  0  1 -2 -1 0  0
 -1  0  0  0 0  0
  1  0 -2  0 0 -1
 -1 -1  1  0 0  0
  1  0  1  0 1  0
 -1  0  0 -1 0  0
1,1,1,1;1,1 1 2
3 
#2 
6	% 
 0  0 -1  0 -1  0
 0  0  0  1 -1  0
 0 -1  0 -1 -1 -1
 1  0  0  0  0  0
 0  1  0  0  1  0
 0  0 -1  0 -1 -1
6	% 
  0  0  1 -1 -1  0
  0  0  0  0 -1 -1
  0 -1  1 -1  0  0
  1  0  0  0  0  0
 -1  1 -2  1  1  0
 -1 -1  1 -1 -1  0
2-1;1,1;1,1 1 9
2 
#1 
6	% 
 0 0 -1 0  0  0
 1 1  0 1 -1  1
 0 0 -1 0  1  0
 0 1 -1 0  0  0
 0 0  0 0  0 -1
 0 0  0 1  0  0
1,1;1,1;1,1 1 6
5 
#3 
6	% 
 1  0  2  0  0  0
 0  0 -1  0  0 -1
 0  0 -1  0  0  0
 0  0  1  0 -1  1
 0 -1  1 -1  0  0
 0  1 -1  0  0  0
6	% 
 1 0  2  0  0  0
 0 0  0  0 -1  0
 0 0 -1  0  0  0
 0 0  0 -1  1  0
 0 1  0  0  0  1
 0 0 -1  0  0 -1
6	% 
 -3 -2  2  0  0  2
  1  1  0  1  0  0
  2  1 -1  0  0 -1
  0 -1 -1 -1  0 -1
  0  1 -1  0 -1  1
  1  0  0  0  1 -1
1,1;1,1;1;1 1 13
3 
#2 
6	% 
 1  0  2  0  0 0
 0  0  0  0  1 0
 0  0  1  1 -1 1
 0  0  1 -1  0 0
 0 -1  0 -1  1 0
 0  0 -1  0  0 0
6	% 
 1  0  2 -2 -2  0
 0  0  1  0 -1  1
 0 -1  0 -1  0 -1
 0  1  0  0 -1  0
 0  1 -1  1  0  1
 0  0 -1  1  1  0
1,1,1;1,1;1 1 8
8 
#4 
6	% 
 0  2 -3  1 -1  2
 0  1  0  1 -1  1
 0 -4  4 -3  3 -4
 0  1 -2  1  0  1
 0  1  0  0 -1  0
 1  0  0  0  0  0
6	% 
 0 -1 -2  1 -1 -1
 0  0 -3  0 -1 -1
 0  2  6 -2  3  3
 0  0 -2  1  0 -1
 0  0 -1  0 -1  0
 1  0  0  0  0  0
6	% 
 0  1  0  1  1 -1
 0  2  2  1  1 -2
 0 -4 -3 -3 -3  4
 0  1  0  1  0  0
 0  1  1  0  1 -1
 1  0  0  0  0  0
6	% 
 0 -2 -1 0  2 -2
 0 -3 -2 0  4 -3
 0  7  3 1 -7  7
 0 -1 -1 0  1 -1
 0 -1 -1 0  2 -2
 1  0  0 0  0  0
1,1,1;1;1;1 1 7
3 
#2 
6	% 
 0  1 -1 1 -1 1
 1  0  0 0  0 0
 0 -1  2 0  0 0
 0  0 -1 0  1 0
 0  0 -1 0  0 1
 0  0  0 1  0 0
6	% 
 0  0 -1 1  1  0
 1  0  0 0  0  0
 0 -1 -1 0  1 -1
 0  1  0 0 -1  0
 0  1  0 0 -1  1
 0  0 -1 0  1 -1
1,1,1;1;1;1 1 19
4 
#2 
6	% 
  1 0  1  0 0  0
  0 0 -1  0 0  0
 -1 0 -1  0 0 -1
  1 1  0  0 0  0
  1 0  0  0 1  0
  1 0  1 -1 0  0
6	% 
 1  0  2 0 0  0
 0  0 -1 0 0  0
 0  0 -2 0 0 -1
 0 -1  2 0 0  0
 0  0  1 1 0  0
 0  0  1 0 1  0
1,1;1,1;1;1 1 36
12 
#4 
6	% 
  0  1 -3  1 -1 1
  1  0  0  0  0 0
  1  0  0  0  1 0
 -1 -1  1  0  0 0
  1  0  0  0  0 1
  1  0  1 -1  0 0
6	% 
 0  0 -1 0 0  0
 1  1 -2 1 1 -1
 0  0  0 1 0  0
 0 -1  1 0 0  0
 0  0 -1 0 1  0
 0  0  0 0 0 -1
6	% 
 1 1  0 -1  1  1
 0 0 -1  0  0  0
 0 0  1  0 -1  0
 0 0 -1  1  0  0
 0 1  0  0  0  0
 0 0  0  0  0 -1
6	% 
 0 0 -1 0 0  0
 1 1 -2 1 1 -1
 0 0  0 1 0  0
 0 0  1 0 0  1
 0 1 -1 0 0  0
 0 0  0 0 1  0
1,1,1;1,1;1 1 10
10 
#5 
6	% 
 0  1  0 -1  1  1
 0  0  0 -1  1  0
 1 -1  0  3 -3 -1
 0  1 -1  0  1  0
 0  0  1 -1  0  0
 0  0  1  0  0  0
6	% 
  0  0 -2 -1 -1 0
  2  0 -1  0  0 0
 -3  0  4  1  1 0
  0  0 -1  0 -1 0
  1  0  0  0  0 1
  0 -1  1  0  0 1
6	% 
 0  2 0  1 -1  2
 0  1 0  0  0  1
 1 -4 0 -1  1 -4
 0  1 1  1  0  1
 0  0 0  0  0  1
 0 -1 1  0  0  1
6	% 
 -2 -1  2 -1 -1  1
 -6 -2  3 -1 -1  2
 11  4 -7  3  3 -4
 -1  1  1 -1  0  2
 -3 -2  2  0 -1  0
  0  0  1  0  0  0
6	% 
 -2 -1  0  1 -1 -1
 -4 -2  0  2 -1 -1
  9  4  0 -4  3  3
 -1  1 -1  2 -1  0
 -2 -2  1  0  0 -1
  0  0  1  0  0  0
1,1,1;1;1;1 1 9
1 
#1 
6	% 
  1 0  0  0  0  0
  1 1  0  0 -1  0
  1 1  0  1  0  1
  1 1 -1  1  0  1
 -1 0  0 -1  0 -1
  0 0 -1  1  1  0
1,1,1,1;1;1 1 5
3 
#2 
6	% 
  1  1  0  1 -1  1
  1  1 -1  1 -1  1
  2  1  1  1 -1  2
 -2 -2 -1 -1  2 -2
  2  2  0  2 -1  2
 -2 -2  0 -1  1 -1
6	% 
  1  0  0  0  0  0
  2  0  1 -1 -1  0
  1 -1  1  0 -1  0
 -2  1 -1  0  1  1
  2 -1  0  0 -1 -1
 -1  0  0  0  1  1
1,1,1;1,1;1 1 7
6 
#3 
6	% 
 0 -1 -1 0  2 -1
 0 -2 -1 0  2 -2
 0  3  1 1 -3  3
 0 -1 -1 0  1 -1
 1  0  0 0  0  0
 0  0 -1 0  1 -1
6	% 
 0  1  3  0  0  1
 0  2  1  1 -1  2
 0 -4 -3 -2  2 -4
 0  1  0  1  0  1
 1  0  0  0  0  0
 0  1  1  0  0  0
6	% 
 0  0 -1 0  2  0
 0  1 -1 0  2  1
 0 -2  1 1 -3 -2
 1  1 -1 0  1  0
 1  0  0 0  0  0
 0  0  0 0  1  0
1,1,1,1;1;1 1 2
3 
#2 
6	% 
 0  0  0  1  0  0
 0 -1 -1  1 -1 -1
 0  0 -1  1  1  0
 1  0  0  0  0  0
 0  0  1 -1  0  1
 0 -1  0  1  0  0
6	% 
 0  0  1 -1 -1  0
 0  0  0  0 -1 -1
 0 -1  2 -1 -1  1
 1  0  0  0  0  0
 0  1 -1  1  1  0
 0 -1  2 -1 -1  0
2-1;1,1;1;1 1 24
2 
#1 
6	% 
 0  0 -1 0 0 0
 1  0  0 0 0 0
 0  0  1 0 0 1
 0 -1  0 0 0 0
 0  0  0 0 1 0
 0  0 -1 1 0 0
2-1;1,1;1;1 1 27
1 
#1 
6	% 
 -3 0 -2 0  0  0
  1 0  0 1  0  0
  2 0  1 0  0  0
  1 0  0 0  0 -1
  1 1  0 0  0  0
 -1 0  0 0 -1  0
2-1;1,1;1;1 1 25
2 
#1 
6	% 
 -3 -1  0  1 -1 -1
 -1  0 -1  0  0 -1
  0  0 -1  0  0  0
  1  0 -1  0  1  0
 -1 -1  1  0  0  0
  1  0  1 -1  0  0
1,1;1,1;1;1 1 17
5 
#3 
6	% 
 1  0  0  0  0  0
 0  1  0  0  0  1
 0  0  0  0  0 -1
 0 -1  1  0 -1  0
 0  0 -1  0  0 -1
 0  0  1 -1  0  1
6	% 
 1  0  0  0  0  0
 0 -1  0 -1  1 -1
 0  0  1  1  0  1
 0  0 -1  0 -1  0
 0  1  0  1  0  0
 0  0 -1 -1  0  0
6	% 
 1  0  0  0  0  0
 0 -1  1  0 -1  0
 0  1  0  0  0  0
 0  0 -1  0  1 -1
 0  1 -1  0  0  0
 0 -1  1 -1  0  0
1;1;1;1;1;1 1 31
1 
#1 
6	% 
 1 0  0 0 0  0
 0 0  0 0 0 -1
 0 0 -1 0 1  0
 0 0  0 1 0  0
 0 1 -1 0 0  0
 0 0 -1 0 0  0
1,1;1;1;1;1 1 22
1 
#1 
6	% 
 1  0 0  0  0 0
 0  0 1  0  0 1
 0  0 0  0 -1 0
 0 -1 1  0  0 0
 0  0 0 -1  0 0
 0  0 1  0  0 0
1,1;1;1;1;1 1 49
1 
#1 
6	% 
 1 0  2  0  0 0
 0 1  0  0  0 0
 0 0  1  0  0 1
 0 0  1 -1  0 0
 0 0  0  0 -1 0
 0 0 -1  0  0 0
1,1;1;1;1;1 1 46
4 
#2 
6	% 
 0 0 -1  0 0  0
 1 0  0  0 0  0
 0 0 -1  0 0 -1
 0 0  1 -1 0  0
 0 1  0  0 0  0
 0 0  0  0 1  0
6	% 
 0 0 -1  0  0 0
 1 0  0  0  0 0
 0 0  0  0  0 1
 0 1  0  0  0 0
 0 0  1 -1  0 0
 0 0  1  0 -1 0
1,1;1;1;1;1 1 47
4 
#2 
6	% 
 1  0  0  0  0  0
 0  0  1 -1  0  0
 0  0  0  0  0 -1
 0 -1  0  0  0  0
 0  0  1  0 -1  0
 0  0 -1  0  0  0
6	% 
 1 0  0  0  0 0
 0 1  0  0  0 0
 0 0  1  0  0 1
 0 0  0  0 -1 0
 0 0  1 -1  0 0
 0 0 -1  0  0 0
