#41

2-1;1,1;1;1 1 10
1 
#1 
6	% 
 1 0 0 0 0 0
 0 1 0 0 0 0
 0 0 1 0 0 0
 0 0 0 1 0 0
 0 0 0 0 1 0
 0 0 0 0 0 1
1,1,1,1,1,1 1 1
1 
#1 
6	% 
 1 0 0 0 0 0
 0 1 0 0 0 0
 0 0 1 0 0 0
 0 0 0 1 0 0
 0 0 0 0 1 0
 0 0 0 0 0 1
2-1;1,1,1,1 1 2
1 
#1 
6	% 
  0  0 -1  0  0  1
  0  0  0  0  0  1
 -1 -1 -1  0  1  0
 -1 -1 -1 -1  0  1
  0  1  0  1  1  0
  1  0  1 -1 -1 -1
1,1,1,1,1;1 1 2
5 
#3 
6	% 
  0 0  0  1 0  0
 -1 0  0  1 0  0
 -1 0  0  2 0 -1
  0 0 -1  1 0  0
  0 0  0 -2 1  0
  0 1  0  3 0  0
6	% 
  0 0 0  1  0  0
  1 0 0  0  0  0
  0 0 0  0  1  0
  1 1 1  1  1 -1
 -1 0 0 -1 -1  1
  1 0 1  1  1  0
6	% 
 -1  1  0 0  2  1
  0  1  1 0  1  1
  0  2  1 0  2  2
 -1  2  0 0  2  1
  1 -2 -1 1 -2 -2
 -1  3  1 1  3  2
1,1,1,1;1,1 1 3
5 
#3 
6	% 
 1  0 1 1  0  1
 1  1 1 0  1  1
 0  0 0 0  1  0
 0  0 0 0 -1 -1
 0  1 1 0  0  0
 0 -1 0 0  0  0
6	% 
  1 0 0 -1  0 0
  0 1 0  0 -1 0
 -1 0 0  0  0 1
  0 0 0  0  1 0
  0 1 0  1  0 0
  1 0 1  0  0 0
6	% 
 -2  0 -1  0 -1  1
 -1  1  0  0  0  0
  1  0  0 -1  0 -1
  1  0  0  1  0  0
 -1  1  0  1  1  0
 -1 -1 -1 -1 -1  0
1,1,1,1,1;1 1 1
1 
#1 
6	% 
 0  0  0  0 -1  0
 0 -1 -1  0 -1 -1
 0 -1  0 -1 -1 -1
 0  0 -1 -1  0 -1
 0  1  1  1  1  1
 1  0  0  0  0  0
1,1,1,1;1,1 1 2
6 
#4 
6	% 
 1  0  0  0  0  0
 0  0  0  0  0  1
 0 -1 -1  0  1 -1
 0  1  0  1  1  0
 0  0  0 -1 -1  0
 0 -1  0 -1  0  0
6	% 
 0  0  0  1 0 1
 0 -1 -1  1 1 0
 0  0  0 -1 0 0
 1  0  0  0 0 0
 0  1  0  0 0 0
 0  0  0  1 1 0
6	% 
 0  0  0 -1  0 0
 0 -1 -1 -1 -1 1
 0 -1  0  0  0 0
 1  0  0  0  0 0
 0  1  1  1  0 0
 0 -1  0 -1  0 1
6	% 
 0  0  1 0 -1  0
 0  1  1 0  0  1
 0 -1  0 0 -2 -1
 1  0  0 0  0  0
 0  1 -1 1  2  0
 0  0  1 1 -1  0
2-1;1,1;1,1 1 5
1 
#1 
6	% 
 -1  0 -1 0  0 -1
  0  1  1 0 -2 -1
  1  1  1 0 -1  0
  0  1  0 1  1  0
  0 -2 -1 0  1  1
  1 -1  0 0  1  1
2-1;1,1,1;1 1 2
1 
#1 
6	% 
 0 -1 -1  0  1 -1
 0 -1 -1  0  1 -2
 1  0  0  0  0  0
 0 -1 -1 -1  0 -1
 0  1  0  1  1  0
 0  0  1 -1 -1  1
2-1;1,1,1;1 1 6
1 
#1 
6	% 
  1  1 1  0 -1 -1
 -1  0 0  0  1  0
 -1 -1 0  0  1  1
  0 -1 0 -1 -1  0
  1  1 0  0  0  0
  1  1 1  0 -1  0
1,1,1;1,1,1 1 3
5 
#3 
6	% 
  0  1  0  1 1  0
 -1  0  0  1 0  0
  0  0 -1 -1 0  0
  0 -1  0 -1 0  0
  0  0  0 -1 0 -1
  0  1  0  0 0  0
6	% 
  1  1  1 0 -1 -1
  0 -1  0 1 -1  0
  1  1  1 0  1  0
 -1 -1 -1 0  0  0
 -1  1  0 0  1  1
  1  0  0 0 -1 -1
6	% 
  0  0  1  1  1 -1
 -1 -1  0  0 -1  0
  0  0  0  1  2 -1
  0  1  0  0  0  0
  0  1 -1 -1 -1  0
  0  0  0  0  1  0
1,1,1;1,1,1 1 2
1 
#1 
6	% 
  1 0 0  0  0 0
  0 0 0 -1  0 0
  0 0 0  0  0 1
  0 0 1  0  0 0
 -1 0 0  0 -1 0
  1 1 0  0  0 0
1,1,1,1;1;1 1 2
5 
#3 
6	% 
 0  0 1  0  0 0
 0  0 0  1  0 0
 0  0 0  0  0 1
 1  0 0  0  0 0
 0  0 0  0 -1 0
 0 -1 0 -1  0 0
6	% 
 0 1  0 0 0  0
 0 0  0 1 0  0
 0 0  0 0 1  0
 1 0  0 0 0  0
 0 0  0 0 0 -1
 0 0 -1 0 0  0
6	% 
 0  0  0 1  1  1
 0 -1  0 0  1 -1
 0  0 -1 0  0  1
 1  0  0 0  0  0
 0  0  1 0 -1  0
 0 -1 -1 0  0  0
1,1,1;1,1;1 1 5
2 
#1 
6	% 
 0 -1 0 0  1 0
 0  0 1 0  0 0
 0  2 0 0 -2 1
 1  0 0 1  1 0
 1  0 0 0  0 0
 0  1 0 1  1 0
1,1,1,1;1;1 1 4
1 
#1 
6	% 
  1  0  0 0  0  0
  1  0 -1 0  0 -1
 -3 -1  1 0  1  0
  2  1  0 0 -1  0
 -1  0  0 1  1  0
 -1  0  0 0  1  0
1,1,1;1,1;1 1 7
9 
#5 
6	% 
 0 1  0  1 -1  0
 0 0 -1  2  0  1
 0 0  2 -3  0 -2
 1 0  0  1  0  1
 1 0  0  0  0  0
 0 1  0  1  0  0
6	% 
 0 -2 -1 -2 -2  1
 0 -2  0 -1  0  0
 0  5  1  3  1 -1
 1 -1  0  0  0  0
 1  0  0  0  0  0
 0 -1  0 -1 -1  1
6	% 
 -2 -2 -1 0  2 1
  0 -1  0 0  1 0
  1  2  0 0 -2 0
  0 -1  0 0  0 0
  0  0  0 1  0 0
 -1 -1 -1 0  1 0
6	% 
 0  0 -1 0 -2 1
 0  1  0 0 -1 0
 0 -2  0 0  1 0
 1  1  0 1  0 0
 1  0  0 0  0 0
 0  0 -1 0 -1 0
6	% 
 0 -1  0 0  1  0
 0  2  1 0  0 -1
 0 -3 -2 0 -2  2
 1  1  1 0  0  0
 1  0  0 0  0  0
 0  0  0 1  1  0
1,1,1;1,1;1 1 10
4 
#2 
6	% 
  2  0  1  0  0  1
  2  0  1  1  0  1
 -5  0 -3 -3  0 -3
  1  0  0  0  0  1
  1  0  1  0 -1  0
  0 -1  0 -1 -1  0
6	% 
 0  2  1  0 -2 -1
 0  1  0  0 -1  0
 1 -4 -1  0  4  1
 0  1  1  0 -1  0
 0  0  0  0 -1  0
 0 -1  0 -1 -1  0
1,1,1,1;1;1 1 5
4 
#2 
6	% 
  1  0  0  0  0 0
  1 -1 -1 -2  1 1
  1 -1  0 -2  0 0
 -2  1  1  2 -1 0
  2 -1  0 -2  1 1
 -1  0  0  1 -1 0
6	% 
  1  1  1 0 -1 -1
  1  1  1 1  0 -1
  2  1  1 0 -1 -2
 -2 -1 -2 0  2  2
  2  2  2 0 -1 -2
 -2 -1 -2 0  1  1
1,1;1,1;1,1 1 6
2 
#1 
6	% 
 1  0  0  2  0  0
 0  0  0 -1 -1  0
 0  0  0 -1  0  0
 0  0  0  0  0 -1
 0  0 -1  0  0  0
 0 -1  0 -1  0  0
1,1;1,1;1,1 1 4
1 
#1 
6	% 
  0  1  0 1 1  0
 -1  0 -1 0 0 -1
  1  0  0 0 0  1
  0 -1  0 0 0  0
  0  0  0 0 1  0
 -1  0 -1 0 0  0
1,1,1;1,1;1 1 8
5 
#3 
6	% 
 0  0 -1  0  0 -1
 0  1 -1  2  1 -1
 0 -1  3 -3 -1  3
 0  0  0  0  0 -1
 0  1 -1  1  0  0
 1  0  0  0  0  0
6	% 
 0 -1 -1 -3  1  1
 0 -2 -1 -4  2  1
 0  4  3  9 -4 -3
 0  0  0 -1  1  1
 0 -1 -1 -2  1  0
 1  0  0  0  0  0
6	% 
 0  1  1  0 -1 -1
 0  1  0 -2 -3  0
 0 -3 -2  1  4  2
 0  0  1  0 -1  0
 0  1  0 -1 -1  0
 1  0  0  0  0  0
1,1;1,1;1,1 1 9
2 
#1 
6	% 
  1  0 0  0 0 0
  0  2 1  0 0 0
  0  0 0  0 2 1
  0  0 0  0 1 0
 -1 -1 0 -1 0 0
  1  0 0  1 0 0
1,1,1;1,1;1 1 11
4 
#2 
6	% 
 0 -1 -2 -2 -1 -2
 0 -1 -1 -2 -1 -1
 1  3  4  6  3  4
 0  1 -2 -1 -2  0
 0 -1  0 -1  0 -1
 0  0 -1 -1  0 -1
6	% 
 0  1 -2 0 -1  2
 0  0 -1 0  0  1
 1 -1  4 0  1 -4
 0  1 -1 0  0  1
 0  0  0 0  0  1
 0  1 -1 1  0  1
1,1,1;1,1;1 1 9
1 
#1 
6	% 
 -2 -1  0 0 -1  0
 -1  0  0 1  0  0
  3  1  0 0  1  0
 -1  0  0 0 -1  0
  0  0  0 0  0 -1
  0  0 -1 0  0 -1
1,1,1;1,1;1 1 3
1 
#1 
6	% 
 0  1 0 0 -1 0
 0  1 0 0 -1 1
 0 -1 1 0  1 0
 0  1 0 0  0 0
 0  1 0 1  1 0
 1  0 0 0  0 0
1,1,1;1;1;1 1 3
1 
#1 
6	% 
 0  2 1  0 -2  2
 0 -2 0  0  2 -3
 1  0 0  0  0  0
 0 -1 0 -1  0 -1
 0  1 0  0 -1  2
 0 -1 0  0  0 -1
1,1,1;1;1;1 1 11
1 
#1 
6	% 
 0  0  0 0 0 1
 0 -1 -1 0 1 0
 1  0  0 0 0 0
 0  1  0 1 1 0
 0  0  0 0 1 0
 0  0  0 1 1 0
1,1;1,1;1;1 1 20
1 
#1 
6	% 
 1  0  0 0  0 0
 0 -2  0 0  2 1
 0  1  0 0 -1 0
 0  0  0 1  1 0
 0 -2 -1 0  2 0
 0  0  0 0  1 0
1,1;1,1;1;1 1 26
1 
#1 
6	% 
 1  0  0  0  0 0
 0  0  0  0  0 1
 0  0 -1  0  0 0
 0 -1  0 -1  0 0
 0  0  0  0 -1 0
 0  0  0 -1  0 0
1,1,1;1;1;1 1 8
1 
#1 
6	% 
  1  0  0 0  0  0
 -1  1  0 0 -1 -1
  1  0  0 1  1  0
  0  0  0 1  0  0
  1 -1 -1 0  1  0
 -1  1  0 1  0  0
1,1,1;1;1;1 1 16
1 
#1 
6	% 
 1  1  1 0 -1 -1
 0  2  1 0 -2 -2
 0 -2 -2 0  2  1
 0  2  1 0 -1 -1
 0  2  1 1 -1 -1
 0  1  0 1  1  0
1,1,1,1;1;1 1 6
1 
#1 
6	% 
 -1 -1 0  0 1 0
  0  0 1  0 0 0
  0  0 0  0 0 1
  0  1 0  0 0 0
  0  0 0  1 1 0
  0  0 0 -1 0 0
1,1,1;1,1;1 1 6
2 
#1 
6	% 
  0  1  2 0 -1  2
  0  0  1 0  0  1
  0 -1 -2 0  1 -3
 -1  0  1 0 -1  1
 -1 -1  0 0 -1  0
  0  1  1 1  0  1
1,1;1,1;1;1 1 17
2 
#1 
6	% 
 1  0  0  0  0  0
 0 -1 -1  0  1  1
 0  0  0 -1 -1 -1
 0  0  1  1  0  0
 0  1  0  0  0 -1
 0  0  0  1  0  1
1,1;1,1;1;1 1 10
2 
#1 
6	% 
 1  0 0  2  0 0
 0 -1 0 -1  0 0
 0  0 0 -1  0 0
 0  0 0  0  0 1
 0  0 1  0  0 0
 0  0 0 -1 -1 0
1,1,1;1;1;1 1 7
4 
#2 
6	% 
 0 -1 -1  0  1  1
 1  0  0  0  0  0
 0  0  0  0  1  0
 0  1  0  1 -1 -1
 0  1  0  1  0  0
 0 -1 -1 -1  1  0
6	% 
 0 -1 -1 1  2  1
 1  0  0 0  0  0
 0  0  0 0  0 -1
 0  0  0 0 -1  0
 0  0 -1 0  0  0
 0 -1  0 0  0  0
1,1;1,1;1;1 1 16
1 
#1 
6	% 
 0  1  0 1 1  0
 1  0  0 0 0  0
 0  0  0 0 0 -1
 0 -1 -1 0 0  1
 0  0 -1 0 0  0
 0  0 -1 0 1  1
1,1;1,1;1;1 1 33
2 
#1 
6	% 
 1  0 0  0  0 0
 0  0 0  1  1 1
 0  1 1  1  0 0
 0 -1 0  0  0 0
 0  0 0  1  0 0
 0  0 0 -1 -1 0
1,1;1,1;1;1 1 24
2 
#1 
6	% 
 1  1  0  2  1  0
 0  2  2  0 -2 -1
 0 -2 -1  0  2  2
 0 -1 -1  0  2  1
 0 -2 -1 -1  1  1
 0  0  0  1  0  0
1,1;1;1;1;1 1 12
1 
#1 
6	% 
 1 0 0 0 0 0
 0 0 0 1 1 0
 0 0 0 1 0 0
 0 0 0 0 0 1
 0 1 0 1 0 0
 0 0 1 0 0 0
1,1;1;1;1;1 1 35
1 
#1 
6	% 
 1  0  0 0  0  0
 0  2  1 0 -2 -2
 0 -2 -2 0  2  1
 0  1  0 1  1  0
 0  2  1 1 -1 -1
 0  2  1 0 -1 -1
