#81

2-1;2-1;2-1 1 4
1 
#1 
6	% 
 1 0 0 0 0 0
 0 1 0 0 0 0
 0 0 1 0 0 0
 0 0 0 1 0 0
 0 0 0 0 1 0
 0 0 0 0 0 1
1,1,1,1,1,1 1 1
1 
#1 
6	% 
 1 0 0 0 0 0
 0 1 0 0 0 0
 0 0 1 0 0 0
 0 0 0 1 0 0
 0 0 0 0 1 0
 0 0 0 0 0 1
2-1;1,1,1,1 1 2
3 
#1 
6	% 
 0 -1 1  1 1  0
 0  0 1  1 0  0
 0  1 0  1 0 -1
 0  0 0  1 0 -1
 1  0 0  0 0  1
 0  0 0 -1 0  0
1,1,1,1,1;1 1 2
12 
#2 
6	% 
  2 -1 -1 -1 -1  1
  1 -1 -1 -1 -1  1
  1 -2 -1 -1  0  1
  2 -1  0 -1 -2  2
 -3  2  1  2  2 -3
  2 -2 -1 -2 -2  2
6	% 
 0 -1  1 -1 1 0
 0  0  0 -1 0 0
 0  0  1 -1 0 0
 0 -1  1 -1 0 0
 1  1 -1  2 0 1
 1 -1  1 -2 0 0
1,1,1,1;1,1 1 2
15 
#2 
6	% 
  0  0  0 1 1 -1
  0 -1  0 0 1  0
  0 -1 -1 0 0  0
  1  0  0 0 0  0
 -1  1  0 0 0 -1
 -1 -1  0 0 0  0
6	% 
 0  0 1  0 0 1
 0  1 0  0 1 1
 0 -1 0  0 0 0
 1  0 0  1 0 0
 0  0 0 -1 0 0
 0  0 0 -1 0 1
2-1',2-1';1,1 1 2
6 
#1 
6	% 
 -2 1  0  0 0 -1
  1 0  0 -1 0  2
  0 0 -1  0 1 -1
 -1 0 -1  0 0 -1
  1 0  0  0 0  0
 -1 0  1  0 0  0
2-1;1,1,1;1 1 6
12 
#1 
6	% 
  0  0 -1  0 1 -1
  1  1  1  1 0  0
  0  1  1  0 0  0
 -1  0  0  0 0  0
  1 -1 -1 -1 0  1
  0  0 -1 -1 0  0
1,1,1,1;1,1 1 3
36 
#2 
6	% 
 -1  0 -1  0 1 -1
 -1  0  0  0 0  0
  0 -1  1  0 0  1
  0  1  0  0 0 -1
 -1  0  0 -1 0  0
  0  0 -1  1 0 -1
6	% 
  0  0  0 0 -1  0
  0  0 -1 0 -1  2
 -1  0  0 0  0  0
  0  0  1 1  1 -1
  0 -1 -1 0 -1  1
 -1  0  0 0  0 -1
2-1;1,1;1,1 1 6
9 
#2 
6	% 
 0  0 1 0 -1  1
 1  0 0 0  0  1
 0 -1 0 0  0  1
 0  0 0 1  0 -1
 0  0 0 0 -1  0
 0  0 0 0  1 -1
6	% 
 1 0 0 -1 0  1
 0 1 0  0 0  1
 0 0 1  0 0  1
 0 0 0  0 1 -1
 0 0 0 -1 0  0
 0 0 0  1 0 -1
1,1,1;1,1,1 1 3
22 
#3 
6	% 
  0 -2 -1 -2 -1  2
 -1  0  0  0  0  0
  1 -1  0  0  0 -1
 -1  1  0  1  1 -1
  1  0  0  1  0 -2
 -1 -1  0 -1 -1  2
6	% 
  1  0 0  0  0  1
  1  0 0  0  0  0
 -1  0 0  1  0 -1
  0  0 0 -1 -1  0
  0  1 0  0  0  0
  2 -1 1  0  0  2
6	% 
  0 -1 -1  0  1 -2
 -1  0  1  1  1 -1
  0  0 -1 -1 -1  0
 -1  1  1  1  0  0
  0  0 -1 -1 -1  1
 -1 -1  0  1  1 -2
2-1;1,1,1;1 1 7
12 
#1 
6	% 
  0 0 -1 0  0  0
  0 0  0 0 -1  0
 -1 1  0 0  0 -1
  1 0  0 1  0  0
  1 0 -1 0 -1  0
  1 0  1 0  1  1
2-1',2-1',2-1' 1 1
4 
#1 
6	% 
 -1  1 -1  1  0 -1
  2  1  0 -1  1  1
  1  1  0 -1  1  0
  0 -1  1 -1  0  1
  2  0  1 -1  0  2
  0 -1  0  0 -1  0
2-1',2-1';1;1 1 4
6 
#1 
6	% 
 -1 1  0 0 0  0
 -2 0  0 1 0 -2
  1 0  0 0 0  0
  0 0  0 0 0  1
  0 0  0 0 1  0
  0 0 -1 0 0  0
2-1;1,1;1,1 1 8
6 
#1 
6	% 
 1  0 0  0 0  1
 0  0 0  0 0 -1
 0  0 0  1 1 -1
 0  0 0 -1 0  0
 0 -1 1  0 0  1
 0 -1 0  0 0  0
1,1,1;1,1,1 1 2
10 
#2 
6	% 
 -1  0  0  0  0  0
  1  0  0 -1  0  0
  0  0 -1  0 -1  0
  0  1  0  0  1 -1
  0 -1  0  0  0  0
  0 -1  0  0  0  1
6	% 
  0  0 -1 -1  0  0
 -1  0  1  0  0  0
  0 -1  0  0 -1 -1
  0 -1  0  0  0  0
  1  1  0  0  0  1
 -1  1  0  0  0  0
2-1',2-1';1;1 1 6
6 
#1 
6	% 
  0  1  0  0 -1 0
  0  0 -1 -1  0 0
 -1 -1  1  1  0 0
  1 -1  0 -1  1 1
  1  0  0  0  0 0
  1  0  0  0  0 1
2-1;1,1;1,1 1 10
12 
#1 
6	% 
  1 0 0 1 0  0
  3 0 0 0 1  1
  3 0 1 0 0  2
 -1 1 0 0 0 -1
 -1 0 0 0 0 -1
 -1 0 0 0 0  0
1,1,1;1,1,1 1 4
12 
#1 
6	% 
  1  1  0  0  0  0
  1  1  0 -1  0  0
 -2 -1  0  1 -1  0
  1  0  0 -1  0  1
 -2 -1 -1  1  0 -2
  1  1  0 -1  0  1
2-1',2-1';2-1 1 2
6 
#1 
6	% 
 0 0  0 1  1 -1
 0 1 -1 0  0 -1
 0 0 -1 0 -1  0
 0 0  2 0  0  1
 1 0  1 0  0  1
 0 0  1 0  0  0
1,1,1;1,1;1 1 12
72 
#2 
6	% 
 -1 0  0 0  2 -1
 -2 0  0 0  2 -1
  2 1  0 1 -4  1
 -1 0  1 0  1  0
  1 1 -1 0 -2  0
  0 0  0 0  1  0
6	% 
  0 0  0  0  0 -1
  0 0  1  0 -1  2
  0 1 -1 -1  1 -1
  0 0  0  0 -1  1
  0 1  0  0  1 -1
 -1 0  0  0  0 -1
1,1,1;1,1;1 1 7
36 
#2 
6	% 
 -3 0 0  2  0 -1
 -2 0 0  2  0 -1
  2 1 0 -3  0  1
 -1 0 0  1 -1  0
  0 0 1  0 -1  1
 -2 0 0  1  0 -1
6	% 
 1 0 0  0  2 -1
 0 0 0  0  2 -1
 0 1 0  0 -3  1
 0 0 0 -1  1  0
 0 0 1 -1  0  1
 0 0 0  0  1 -1
1,1,1,1;1;1 1 4
3 
#1 
6	% 
 0  1  1 0  0  0
 0  0  0 1 -1  0
 0 -2 -1 0  1  0
 0  2  0 0  0 -1
 0 -1  0 0  0  1
 1 -1  0 0  0  1
1,1,1;1,1;1 1 10
48 
#2 
6	% 
  0  1 0 -1  2 -1
  0  2 0 -2  2 -1
  0 -4 1  4 -5  3
  0  1 0  0  1 -1
 -1  1 0 -1  1 -1
 -1  0 0  0  0 -1
6	% 
  0  1  1  1  1 -1
 -1  1  0  1  0 -1
  1 -3 -1 -3 -1  3
  0  1  1  0  0  0
  0  0  0  1  0  0
  1  0  0  0  0  1
1,1,1,1;1;1 1 5
36 
#2 
6	% 
 -1  0 0 0  0  0
 -1  0 1 0  1  0
 -1  0 0 1  1 -1
  2  0 0 0 -1  1
 -1  0 0 0  1  0
  1 -1 0 0 -1  1
6	% 
 -1 -1 0  0 -1  1
 -1 -1 0 -1  0  1
 -1 -2 1  0 -1  2
  1  3 0  1  1 -3
 -2 -3 0 -1 -1  2
  1  2 1  0  1 -1
1,1,1;1,1;1 1 9
24 
#1 
6	% 
  0  0  0 -2  0  1
  0  0  1 -1  0  1
  0  0 -1  2 -1 -1
  1  1  0 -1  0  0
 -2 -1  0  0  0  0
 -1  0  0  0  0 -1
1,1;1,1;1,1 1 8
15 
#3 
6	% 
 0  1 0 1  0 -1
 0  0 1 0 -1  1
 1  0 0 0  0  1
 0  0 0 0 -1  0
 0  1 0 0  0 -1
 0 -1 0 0  1  0
6	% 
 0 0 -1 1  0 -1
 0 1  0 0  1 -1
 1 0  0 0  0  1
 0 0  0 0  1 -1
 0 0 -1 0  0 -1
 0 0  1 0 -1  1
6	% 
 -1  0  0 1 0 -1
  0  1  0 0 1 -1
  0  0  1 0 0  1
  0  1 -1 0 0 -1
 -1  0 -1 0 0 -1
  1 -1  0 0 0  1
1,1;1,1;1,1 1 6
6 
#1 
6	% 
 1  0 0  0 0  2
 0  1 0  0 0 -1
 0  0 0  0 0 -1
 0 -1 0  0 1  0
 0  0 1  1 0  0
 0  0 0 -1 0  0
1,1;1,1;1,1 1 9
36 
#2 
6	% 
 1  0  0  0  0  0
 0 -1  1  0  0  1
 0  0  1 -1  0  1
 0  0  1  0 -1  1
 0  0  0  0 -1  1
 0  0 -1  0  0 -1
6	% 
  0  0 -1 0 0  0
 -1 -1  0 0 0  0
 -1  0  0 1 0 -1
 -1  1  0 1 1 -2
  0  1  1 1 1 -1
  1  0 -1 0 0  0
1,1,1;1,1;1 1 6
60 
#3 
6	% 
 0 0 -2 0 0 -1
 0 0 -1 1 0 -1
 0 0  3 0 1  1
 0 0 -1 0 0 -1
 1 0  0 0 0  0
 0 1 -1 0 0 -1
6	% 
 0 -2 0 0 0  1
 0 -1 0 1 0  0
 0  3 0 0 1 -2
 0 -1 0 0 0  0
 0  0 1 0 0  0
 1 -1 0 0 0  1
6	% 
 0 0 0  0 0 -1
 0 0 1  1 0  0
 0 0 0 -1 0  1
 0 1 0  0 0 -1
 0 1 0  0 1 -1
 1 0 0  0 0  0
1,1;1,1;1;1 1 30
6 
#1 
6	% 
 0  0  0  1 -1 0
 0  0  1 -1  1 1
 0 -1 -1  0  0 0
 0  1  1  0  1 0
 1  0  0  0  0 0
 1  0  0  0  0 1
1,1,1;1;1;1 1 16
36 
#2 
6	% 
 0  0  1  0 -1  1
 0 -2  2  1 -3  3
 0  1 -2 -2  3 -2
 1 -1  1  1 -2  2
 0 -1  1  1 -2  2
 1  0  0  0  0  1
6	% 
 0 0 0  0 -1  2
 0 1 0  0 -1  3
 0 0 0 -1  1 -3
 1 0 0  0 -1  2
 0 0 1  0 -1  2
 1 0 1  0  0  1
1,1;1,1;1;1 1 38
36 
#2 
6	% 
 0  0 0 1  1 -1
 0 -1 0 0  1  0
 0  0 1 0 -1  1
 1  0 0 0 -1  1
 1  0 0 0  1  0
 1  0 0 0  0  1
6	% 
 0 0 0 1 -1 -1
 0 1 0 0 -1  1
 0 0 0 0  1 -1
 1 0 0 0  1  0
 1 0 0 0 -1  1
 1 0 1 0  0  1
1,1,1;1;1;1 1 18
20 
#2 
6	% 
 0  0 -1 0 -1  0
 0  0  0 1  1 -1
 0  0  2 0  0  1
 0  0 -1 0  0 -1
 0 -1 -1 0  0  0
 1  0 -1 0  0  0
6	% 
  0 1  0 0 0  0
  0 0  0 0 1  0
  0 0  0 0 0  1
 -1 0  0 0 0 -1
  0 0 -1 0 0 -1
  0 0  0 1 0 -1
1,1;1,1;1;1 1 32
45 
#4 
6	% 
 0 -1  0 0 1  0
 0  0 -1 1 0 -1
 1  1  0 0 0  0
 0  1  1 0 0  0
 1  0  1 0 0  1
 1  0  0 0 0  1
6	% 
 0 1 0  1  0 -1
 0 0 1  0 -1  1
 1 0 0 -1  0  1
 0 0 0 -1  1  0
 1 0 0  0  1  0
 1 0 0  0  0  1
6	% 
  1  0  0 0 0  0
  0  1  0 0 1 -1
 -1  0  0 1 0 -1
 -1 -1  0 0 0  0
  0 -1  0 1 0  0
  0  0 -1 1 0 -1
6	% 
  0 -1 0 0 1  0
 -1  0 0 1 0 -1
  0  1 1 0 0  0
  1  1 0 0 0  0
  1  0 1 0 0  1
  0  0 1 0 0  1
1,1,1,1;1;1 1 6
15 
#2 
6	% 
 0  1  1  0  0  0
 0  1  0  0 -1  0
 0  0  1  1  0  0
 1 -1 -1 -1  0  1
 0  1  1  1  0 -1
 1  0  0  0  0  1
6	% 
 0  0  1  1  0  1
 0  0  0  1  1  1
 0  0  1  1  1  1
 1  0 -1 -1 -1 -1
 0 -1  1  1  1  2
 1  1  0  0  0  0
1,1;1,1;1;1 1 21
6 
#1 
6	% 
 0  0  0  1 -1  0
 0 -1 -2 -1  2 -1
 0  2  2  0 -2  1
 0  1  1  0 -1  1
 0 -1 -1  0  0  0
 1  1  1  0 -1  1
1,1,1;1;1;1 1 8
12 
#1 
6	% 
  0  1 1 -1  1  0
  0 -1 0  2 -1  0
  0  1 0 -1  1  0
 -1  0 0  0  0  0
  0  2 0 -1  1 -1
  0 -1 0  1 -1  1
1,1;1,1;1;1 1 35
12 
#1 
6	% 
  0  0 -2 1  1 -2
 -1  0  0 0 -1  0
  0 -1  2 0  1  1
  0  0  0 0 -1  0
  0  0 -1 0  1 -1
  0  0  1 0  1  0
1,1,1;1;1;1 1 13
12 
#1 
6	% 
 0  0 1 -1  0 1
 0  0 0 -1 -1 1
 0  0 0 -1  0 1
 1 -1 0  0  0 1
 0 -1 0 -1  0 1
 0 -1 0  1  0 0
1,1;1,1;1;1 1 22
9 
#2 
6	% 
 0 -1  0 0 -1  1
 0  0  1 1  0  0
 1 -1  0 0  0  1
 0 -1  0 0  0  1
 0  1 -1 0  0 -1
 0  1  1 0  0  0
6	% 
 0 -1  0 -1 0  1
 0  0  1  0 1  0
 1 -1  0  0 0  1
 0 -1  0  0 0  1
 0  1 -1  0 0 -1
 0  1  1  0 0  0
1,1,1;1,1;1 1 11
72 
#2 
6	% 
 0  0  0  0 0 -1
 0  1  2 -1 0 -1
 0 -1 -3  1 0  4
 0  1  0  1 1 -2
 0  0  1 -1 0  0
 1  0  0  0 0  0
6	% 
 0 -2 -2 -2 0  1
 0 -1  0 -1 0  1
 0  4  1  4 1 -4
 0 -1 -1 -1 0  1
 0  0  0 -1 0  1
 1 -1 -1 -1 0  1
2-1;2-1;1,1 1 5
3 
#1 
6	% 
 0 0 1 0 -3  2
 0 0 0 1 -1  0
 1 0 0 0  1  0
 0 1 0 0 -1  0
 0 0 0 0  1  0
 0 0 0 0  2 -1
2-1,2-1;1;1 3 5
12 
#1 
6	% 
 -2 0 0  1  0 -2
  1 1 0 -1  0  2
  2 0 1 -1  0  3
 -1 0 1  0  0  0
  0 0 1  0 -1  1
  0 0 1  0  1  0
2-1,2-1;1,1 3 2
12 
#1 
6	% 
  0  0 1 0 -1  1
 -3  1 0 1  0 -3
 -4  2 0 1  0 -3
 -1  1 0 0 -1  0
  2 -1 0 0  0  1
 -1  1 0 0  1 -1
2-1,2-1;2-1 3 2
12 
#1 
6	% 
  4 -1 0 -2 0  4
 -5  3 0  1 0 -3
 -4  4 0 -1 0  0
 -8  6 0  0 0 -3
 -4  3 0  0 1 -2
 -4  3 1  0 0 -1
2-1,2-1;1;1 3 4
12 
#1 
6	% 
 1 -1 0  0 0 0
 1  1 0 -1 0 2
 2  1 0 -2 0 4
 0  2 0 -2 0 3
 0  1 0 -1 1 1
 0  1 1 -1 0 2
2-1,2-1;1;1 2 8
12 
#1 
6	% 
 0 1  0 0  0 -1
 1 0  0 1  0  0
 0 0  0 0  1  0
 1 0  0 0 -1  1
 0 0 -1 0 -1  0
 0 0  1 0 -1  1
2-1,2-1;1,1 2 2
12 
#1 
6	% 
  0 1  0 0 0 -1
  1 0  0 1 0  0
  0 0 -1 0 1 -1
 -1 0 -1 0 0 -1
  1 0  0 0 0  1
 -1 0  1 0 0  0
2-1,2-1;2-1 2 2
12 
#1 
6	% 
 -1  0 0  1 0 -1
  0  1 0  0 0  0
  0 -1 0 -1 0  1
  0  0 0  2 0 -1
  0  0 0  1 1 -1
  0  0 1  1 0  0
2-1,2-1;1;1 2 5
12 
#1 
6	% 
 -1  0 0 -3 0  1
  0 -3 0  0 0  2
  0 -1 0  1 0  0
  0  2 0  0 0 -1
  0  1 1  0 0  0
  0  1 0  0 1 -1
2-1;2-1;1;1 1 22
3 
#1 
6	% 
 0 0  1 0 0  1
 0 0 -1 1 0 -1
 0 1 -1 0 0 -1
 1 0 -1 0 0  0
 0 0 -2 0 0 -1
 0 0  1 0 1  0
2-1;2-1;1;1 1 10
3 
#1 
6	% 
 1 0 0 0 0  1
 0 0 0 1 0 -1
 0 0 0 0 1  0
 0 1 0 0 0 -1
 0 0 1 0 0  0
 0 0 0 0 0 -1
2-1;1,1;1;1 1 22
12 
#1 
6	% 
 1  0 0 0  0  0
 0  0 0 0 -1  1
 0  0 0 1  0 -1
 0  0 1 0  0  1
 0 -1 0 0  0  1
 0  0 0 0  0  1
2-1;1,1;1;1 1 14
6 
#1 
6	% 
 0  0 -3  0 1 -2
 1  0 -1  0 0  0
 0  0 -1 -1 0  0
 0 -1  1  0 0  1
 0  0 -1  0 0  0
 0  0  2  0 0  1
2-1;1,1;1;1 1 28
24 
#1 
6	% 
 0 0  1  0  0  1
 0 0  0 -1  1  0
 0 1  0  0 -1  0
 1 0 -1  0  0  0
 0 0 -1  0 -1  0
 0 0 -1  0  1 -1
1,1,1;1;1;1 1 15
24 
#1 
6	% 
  3 -1  0 -1 -1  2
 -2  1  0  0  1 -1
 -2  1 -1  1  1 -2
 -2  1  0  1  1 -1
  2 -1 -1 -1 -1  1
  2  0  0 -1 -1  1
1,1;1,1;1;1 1 13
12 
#1 
6	% 
 0  0 1  0  3 -1
 0 -1 0  0  1  0
 1  1 0  1  1 -1
 0  0 0 -1  1  0
 0 -1 0 -1 -1  2
 0  0 0  0 -2  1
1,1,1;1;1;1 1 9
8 
#1 
6	% 
 -1 0  0  0  0  0
 -1 1  0  0  1 -1
 -2 1  1  1  0 -1
 -1 1  1  1  0  0
  1 0 -1 -1  0  0
  0 0  1  0 -1  1
1,1;1,1;1;1 1 25
24 
#1 
6	% 
 -2  1  1  1  1 -1
  0 -1 -1 -2  0  1
  1  0  0  0 -1  0
 -2 -1 -1 -1  1  0
 -2  0  0  0  1 -1
  0  2  1  1  0 -1
1,1;1,1;1;1 1 14
24 
#1 
6	% 
  1  0  1  0  1  0
 -1 -1  0  0 -1  1
  0  2 -2  2  1 -3
  0 -1  1 -1 -1  2
 -1  2 -2  2  1 -4
  1 -1  1  0  0  1
1,1;1,1;1,1 1 10
24 
#1 
6	% 
 -1 0  0 0  1 -1
 -1 0  1 1  0 -1
  1 0 -1 0 -1  0
  0 0  0 0  1  0
 -1 0 -1 0  1 -1
  1 1  1 0  0  1
1,1;1,1;1,1 1 7
8 
#1 
6	% 
 -1  0  0  0  0  0
  2  0  1 -1  0  2
  1  1 -1  0  1 -1
  0 -1  1 -1 -1  2
  0  0 -1  1  1 -2
  0  0  0 -1 -1  2
2-1;1,1;1;1 1 31
18 
#2 
6	% 
 1 0 0 0 0  2
 0 0 0 1 0 -1
 0 1 0 0 0 -1
 0 0 0 0 0  1
 0 0 1 0 0  0
 0 0 0 0 1 -1
6	% 
 0 0  3 0 0  2
 0 0 -1 1 0 -1
 0 1 -1 0 0 -1
 0 0  2 0 0  1
 1 0 -1 0 0  0
 0 0 -1 0 1 -1
2-1;1;1;1;1 1 42
3 
#1 
6	% 
 -1 1 0 0 0 -1
  1 0 0 1 0  0
 -1 0 0 0 0  0
 -1 0 1 0 0  0
  1 0 0 0 1  0
  2 0 0 0 0  1
2-1;1;1;1;1 1 29
6 
#1 
6	% 
 -1 1 0 0 0 -1
  1 0 0 0 1  0
 -1 0 1 0 0  0
 -1 0 0 1 0 -1
  1 0 0 0 0  1
 -1 0 0 0 0  0
2-1;1;1;1;1 1 20
3 
#1 
6	% 
  0  1 0 1  0 -1
  0 -1 0 0 -1  1
 -1  1 0 0  0 -1
  0 -1 1 0  0  1
  0 -1 0 0  0  1
  0 -2 0 0  0  1
1,1;1,1;1;1 1 24
72 
#2 
6	% 
 1 0  0  0  0  0
 0 1  0  0 -1  0
 0 0  0 -1  1  0
 0 0 -1  0  1 -1
 0 0  0  0  1  0
 0 0  1  0  0  0
6	% 
  0 0 -1  0  0  0
  0 1  0  0 -1  0
  0 0  0 -1  1  0
 -1 0  0  0  1 -1
  0 0  1  0  1  0
  1 0 -1  0  0  0
1,1;1,1;1;1 1 28
48 
#1 
6	% 
  0  0  0 -1  0  2
  0  1  0  1 -1 -1
  0  1  0  0  0  1
  1 -1 -1 -1  0  1
  1  0  0  0  0  1
 -1  0  0  0  0  0
2-1,2-1,2-1 3 1
48 
#1 
6	% 
 -1  1  0  0  1 -2
  1  0 -1  1  0 -1
 -1 -1 -1  0  0 -1
  1  0  0 -1 -1  1
  1  0  0  0 -1  1
  0  0  1  0  0  1
2-1,2-1,2-1 2 1
16 
#1 
6	% 
  0  0  0  1 -1  0
  0  1 -1  0  0 -1
 -1  0  0  1  0 -1
  0  1  0  0  0  0
  0 -1  0 -1  0  1
  0 -1  0  1  0  0
1,1;1;1;1;1 1 33
12 
#1 
6	% 
  2  0 -1 1  0 -1
 -1 -1  0 0  0  1
  1  0 -1 0  0  0
  0  0 -1 0 -1  0
  0  0  1 0 -1  1
  0  0 -1 0  0 -1
1,1;1;1;1;1 1 30
24 
#1 
6	% 
 -2  0 0 0  1 0
  2 -1 0 0 -1 1
  3  0 0 0 -1 1
  0  0 1 1  0 0
 -2  0 1 0  1 0
  2  0 1 0 -1 1
1,1;1;1;1;1 1 23
12 
#1 
6	% 
  1  0 0 1  0  0
 -1  0 1 0  0  0
  0  0 1 0 -1  1
  0  0 1 0  0  0
  0 -1 0 0  0  1
 -1  0 0 0  0 -1
1,1;1;1;1;1 1 51
24 
#1 
6	% 
  6 -3 0 0 0  2
 -5  3 0 0 0 -1
  2 -1 1 0 0  1
  2 -1 0 1 0  0
  2 -1 0 0 1  0
 -4  2 0 0 0 -1
1,1;1;1;1;1 1 42
18 
#2 
6	% 
  0 1 0  1 0 -1
 -1 0 0  1 0 -1
  0 0 0 -1 0  1
  0 0 1  1 0  0
  0 0 0  1 1 -1
  0 0 0 -2 0  1
6	% 
  0 1 0 0  1 -1
 -1 0 0 0  1 -1
  0 0 0 0 -1  1
  0 0 1 0  1  0
  0 0 0 1  1 -1
  0 0 0 0 -2  1
1,1;1;1;1;1 1 19
3 
#1 
6	% 
 0  3  0 1 0 -2
 0  1  0 0 1 -1
 0  1  0 0 0 -1
 0  1 -1 0 0 -1
 1 -1  0 0 0  1
 0 -2  0 0 0  1
1,1;1;1;1;1 1 53
15 
#2 
6	% 
 1 0 0 0 0  2
 0 1 0 0 0 -1
 0 0 1 0 0  1
 0 0 0 1 0  0
 0 0 0 0 1  0
 0 0 0 0 0 -1
6	% 
 0 0 0 1 -3  1
 1 0 0 0  1  0
 0 0 0 0 -1  1
 0 1 0 0 -1  0
 0 0 1 0 -1  1
 0 0 0 0  2 -1
1;1;1;1;1;1 1 46
1 
#1 
6	% 
 1 0 0 0 0  0
 0 1 0 0 0  0
 0 0 1 0 0  0
 0 0 0 1 0 -1
 0 0 0 0 1 -1
 0 0 0 0 0  1
1;1;1;1;1;1 1 37
3 
#1 
6	% 
  1 0 0 0 1  0
 -1 0 1 0 0  0
 -1 0 0 0 0  0
 -1 1 0 0 0 -1
  1 0 0 1 0  0
  2 0 0 0 0  1
1;1;1;1;1;1 1 22
3 
#1 
6	% 
  1 0 0 1  0  0
 -1 0 0 0 -1  0
 -1 0 1 0  0  0
 -1 1 0 0  0 -1
  2 0 0 0  0  1
 -1 0 0 0  0 -1
1;1;1;1;1;1 1 16
1 
#1 
6	% 
 -1 0 0 0  0  0
  0 0 0 0 -1  0
  0 0 0 1  0  0
  0 0 1 0  0  0
  0 1 0 0  0 -1
  0 0 0 0  0 -1
