#32

2-1;1;1;1;1 1 42
1 
#1 
6	% 
 1 0 0 0 0 0
 0 1 0 0 0 0
 0 0 1 0 0 0
 0 0 0 1 0 0
 0 0 0 0 1 0
 0 0 0 0 0 1
1,1,1,1,1,1 1 1
1 
#1 
6	% 
 1 0 0 0 0 0
 0 1 0 0 0 0
 0 0 1 0 0 0
 0 0 0 1 0 0
 0 0 0 0 1 0
 0 0 0 0 0 1
2-1;1,1,1,1 1 2
1 
#1 
6	% 
  0 0 -1  0  1  0
  0 0 -1  0  0  0
  0 0  0  1  1  1
 -1 0 -1  1  1  0
  1 1  0  0  0  0
 -1 0  1 -1 -1 -1
1,1,1,1,1;1 1 2
8 
#3 
6	% 
  0  0  0  1  0 -2
 -1 -1 -1  0  0 -1
  0  0 -1  1  1 -1
  0  0  0  1  1 -2
  0  1  1 -1 -1  2
 -1  0 -1  1  1 -3
6	% 
  0  0  1 1  0 1
  0 -1  0 0  0 0
 -1 -1  1 0  0 0
  0  0  1 0  0 1
  0  1 -1 0 -1 0
  0 -1  1 0 -1 1
6	% 
 0 -1  1 -1 1 0
 0  0  0 -1 0 0
 0  0  1 -1 0 0
 0 -1  1 -1 0 0
 1  1 -1  2 0 1
 1 -1  1 -2 0 0
1,1,1,1;1,1 1 2
15 
#3 
6	% 
 0  0  0 1 0 1
 0  0  1 0 1 1
 0  0 -1 0 0 0
 1  1  0 0 0 0
 0 -1  0 0 0 0
 0 -1  0 0 0 1
6	% 
  1  0 0  1  0  1
  1  1 1  1  0  1
  1 -1 0  2  0  2
  0  0 0  0 -1  0
 -1  0 0 -2  1 -1
  1  0 0  2  1  2
6	% 
 0  0 1 0  0 1
 0  1 0 1  0 1
 0 -1 0 0  0 0
 1  0 0 0  1 0
 0  0 0 0 -1 0
 0  0 0 0 -1 1
2-1;1,1,1;1 1 7
4 
#1 
6	% 
 0 0 -1  0  0  0
 0 0  0 -1  0  0
 1 0  0  0 -1  1
 0 1  0  0  1 -1
 0 0 -1 -1  1 -1
 0 0  1  1  1  0
1,1,1,1;1,1 1 3
8 
#1 
6	% 
  0  0  0 -1  0 0
  0  0 -1  0  0 1
  1 -1  0  0  1 1
  0  1  1  1 -1 0
 -1  0 -1 -1 -1 0
  1 -1  0  0  1 0
1,1,1;1,1,1 1 2
10 
#2 
6	% 
 -1 0  0  0 -1  0
  0 1  0  0  1 -1
  0 0  0 -1  0 -1
  0 0 -1  0  0  0
  1 0  1  0  0  1
 -1 0  1  0  0  0
6	% 
  0 -1  0 -1  0  0
  0 -1 -1  0  0  0
 -1  0  0  0  0  0
  0  0  0  0 -1 -1
  0  1  0  0  1  0
  0 -1  0  0  1  1
2-1;1,1;1,1 1 6
3 
#1 
6	% 
 0 0  0 0 -1 0
 0 0 -1 1  0 0
 1 0 -1 0  0 0
 0 1  1 0  0 0
 0 0  1 0 -1 0
 0 0  1 0  1 1
1,1,1;1,1,1 1 3
6 
#1 
6	% 
  0  0  0  0  1 -1
  0  0  1 -1  0  0
  0 -1 -1  0  0  0
  0  1  0  0 -1  0
 -1  0 -1  0  0 -1
  1  0  0  0  1  0
1,1,1,1;1;1 1 4
1 
#1 
6	% 
  0 0 1  2  1  2
  0 0 0  1  0  1
  0 0 0 -3 -1 -2
  0 0 0  2  0  1
 -1 0 0 -1  0 -1
  0 1 0 -1  0 -1
1,1,1;1,1;1 1 9
8 
#1 
6	% 
  0 0 0  2  0  1
  0 0 1  2  0  2
  0 0 0 -3  0 -2
  0 0 0  1 -1  1
  0 1 0  0  1 -1
 -1 1 0  0  0 -1
1,1,1;1,1;1 1 7
12 
#1 
6	% 
  1  1 0  2 0  1
  2  2 0  2 0  1
 -3 -3 0 -5 1 -3
  1  1 0  1 0  0
  0  0 1  0 0  0
  0  1 0  1 0  0
1,1,1,1;1;1 1 5
8 
#1 
6	% 
 0  0  1 0  1  0
 0  0  1 1  2  0
 0  0  0 0  1 -1
 1  0 -1 0 -2  1
 0 -1  1 0  2  0
 0  0  0 0 -1  0
1,1,1,1;1;1 1 6
15 
#3 
6	% 
  1  0 0 -1 0  0
  1  0 0  0 0  0
  0  0 1  0 0  0
 -1  0 0  1 1  0
  1  1 0 -1 0 -1
  0 -1 0  0 1  0
6	% 
  1  0 -1  0  0 0
  1  0  0  0  0 0
  0  1  0  0  0 0
 -1 -1  0  0 -1 0
  1  1  0  1  0 1
  0  0  0 -1 -1 0
6	% 
 0  0  1  1  0  1
 0  0  0  1  1  1
 0  0  1  1  1  1
 1  0 -1 -1 -1 -1
 0 -1  1  1  1  2
 1  1  0  0  0  0
1,1,1;1,1;1 1 6
60 
#5 
6	% 
 0  0  0 0 0 -1
 0  0  1 0 0  0
 1  0 -1 0 0  1
 0 -1  0 0 0  0
 0 -1  0 1 0  1
 0  0  0 0 1 -1
6	% 
 0  2 0 0 0  1
 0  1 0 0 0  0
 1 -3 0 0 0 -1
 0  1 1 0 0  1
 0  0 1 1 0  1
 0  1 0 0 1  0
6	% 
  0 0 0  0 0 -1
  0 0 0  1 0  0
  0 0 1 -1 0  1
 -1 0 0  0 0 -1
 -1 1 0  0 0 -1
  0 0 0  0 1 -1
6	% 
 0 0 0  0 0 -1
 0 0 1  1 0  0
 0 0 0 -1 0  1
 0 1 0  0 0 -1
 0 1 0  0 1 -1
 1 0 0  0 0  0
6	% 
 0 -2 0 0 0  1
 0 -1 0 1 0  1
 0  3 0 0 1 -2
 0 -1 0 0 0  0
 0  0 1 0 0  0
 1 -1 0 0 0  1
1,1,1;1,1;1 1 11
24 
#1 
6	% 
  0  0 0 0 0 -1
  1 -1 0 0 0  2
 -1  1 1 0 0 -2
  1  1 0 1 0  0
  0 -1 0 0 0  1
  0  0 0 0 1 -1
1,1,1;1;1;1 1 18
20 
#3 
6	% 
  0 0 1 0 0  0
  0 0 0 1 0  0
  0 0 0 0 0  1
 -1 0 0 0 0 -1
  0 1 0 0 0 -1
  0 0 0 0 1 -1
6	% 
  0 -1 0 -1  0  0
  0  0 1  1  0  1
  0  2 0  0  0 -1
  0 -1 0  0  0  1
 -1 -1 0  0  0  0
  0 -1 0  0 -1  1
6	% 
  0 1  0  1  0  0
 -1 0  0 -1  0 -1
  2 0  0  0  0  1
 -1 0  0  0  0 -1
 -1 0 -1  0  0 -1
 -1 0  0  0 -1  0
1,1;1,1;1;1 1 32
45 
#4 
6	% 
 0 0 -1  0 0  0
 0 0  0 -1 1 -1
 1 0  1  0 0  1
 0 0  1  1 0  1
 1 0  0  1 0  1
 1 1  0  0 0  0
6	% 
  0 -1 1 0 0  1
 -1  0 0 1 0  0
  0  1 0 0 1 -1
  1  1 0 0 0  0
  1  0 0 0 1  0
  0  0 0 0 1  0
6	% 
  0 0  1 1 0  1
 -1 1  0 0 0 -1
  0 0 -1 0 1 -1
  1 0 -1 0 0  0
  1 0  0 0 1  0
  0 0  0 0 1  0
6	% 
 0  0 -1 0 0  0
 0  1  0 0 1 -1
 0  0  1 1 0  1
 0 -1  1 0 0  1
 0 -1  0 1 0  1
 1  0  0 1 0  1
1,1;1,1;1,1 1 8
15 
#2 
6	% 
 0  0  0 1 -1  1
 1 -1  0 0  0  1
 0  0  1 0  0  1
 0 -1 -1 0  0  0
 0  0 -1 0 -1  0
 0  1  0 0  1 -1
6	% 
  1  0 0 1  0  1
  0 -1 1 0  0  1
  0  0 0 0 -1  0
  0 -1 0 0  1  1
  1  0 0 0  1  1
 -1  1 0 0  0 -1
1,1,1;1;1;1 1 13
4 
#1 
6	% 
  0 0  1  1 0  1
  0 0  0  1 0  0
 -1 0  1  1 0  0
  0 1  0  0 1 -1
  0 0  1  1 1  0
  0 0 -1 -1 1 -1
1,1;1,1;1;1 1 22
3 
#1 
6	% 
  0 0  1 0  0  1
  0 0  0 1 -1  1
  0 1  1 0  0  0
 -1 0  1 0  0  0
  0 0 -1 0  1 -1
  0 0 -1 0 -1  0
2-1;1,1;1;1 1 31
6 
#1 
6	% 
 0 0  3 0 0  2
 0 1 -1 0 0 -1
 1 0 -1 0 0  0
 0 0  2 0 0  1
 0 0 -1 1 0  0
 0 0 -1 0 1 -1
1,1;1,1;1;1 1 24
24 
#1 
6	% 
 0  0 1  0  0 0
 1  0 0 -1  0 0
 0 -1 0  1  0 1
 0  0 0  1  1 0
 0  0 0  1  0 1
 0  0 0  0 -1 0
1,1,1;1;1;1 1 16
12 
#1 
6	% 
  0 0  1  1 0  1
 -1 0  2  3 0  2
  0 1 -2 -3 0 -3
  0 0  1  2 0  2
  0 0  1  2 1  1
  0 0  0  0 1  0
1,1;1,1;1,1 1 9
12 
#1 
6	% 
 0  0  1  0  0 1
 0 -1  0 -1  0 0
 1  0  0  1  0 1
 1  1  0  1  1 0
 1  1 -1  1  0 0
 0  0  1  0 -1 1
1,1;1,1;1;1 1 38
12 
#1 
6	% 
  0 1 0  1 0  0
 -1 0 0  1 0  0
  0 0 1 -1 0  0
  0 0 0 -1 0 -1
  0 0 0  1 0  0
  0 0 0  0 1 -1
1,1;1;1;1;1 1 42
6 
#1 
6	% 
 0 0 1 0 0  0
 0 1 0 0 0 -1
 1 0 0 0 0  1
 0 0 0 1 0  0
 0 0 0 0 1 -1
 0 0 0 0 0  1
1,1;1;1;1;1 1 51
8 
#1 
6	% 
 0 -1 0 0 -3  2
 1  0 0 0  3 -1
 0  0 0 0 -1  1
 0  0 1 0 -1  1
 0  0 0 1 -1  1
 0  0 0 0  2 -1
1,1;1;1;1;1 1 53
15 
#3 
6	% 
 1 0 0 0 0  2
 0 1 0 0 0 -1
 0 0 1 0 0  1
 0 0 0 1 0  1
 0 0 0 0 1  0
 0 0 0 0 0 -1
6	% 
 0 0 1 0 0  2
 1 0 0 0 0  0
 0 1 0 0 0  0
 0 0 0 1 0  1
 0 0 0 0 1  0
 0 0 0 0 0 -1
6	% 
 1  3 0 0 0 -1
 0 -1 0 0 0  1
 0  1 1 0 0  0
 0  1 0 1 0  0
 0  1 0 0 1 -1
 0 -2 0 0 0  1
1;1;1;1;1;1 1 46
1 
#1 
6	% 
 1 0 0 0 0  0
 0 1 0 0 0  0
 0 0 1 0 0  0
 0 0 0 1 0  0
 0 0 0 0 1 -1
 0 0 0 0 0  1
1;1;1;1;1;1 1 37
1 
#1 
6	% 
 0 1 0 0 0 0
 1 0 0 0 0 0
 0 0 1 0 0 0
 0 0 0 1 0 0
 0 0 0 0 1 0
 0 0 0 0 0 1
