#27

2-1;2-1;1;1 1 29
1 
#1 
6	% 
 1 0 0 0 0 0
 0 1 0 0 0 0
 0 0 1 0 0 0
 0 0 0 1 0 0
 0 0 0 0 1 0
 0 0 0 0 0 1
1,1,1,1,1,1 1 1
1 
#1 
6	% 
 1 0 0 0 0 0
 0 1 0 0 0 0
 0 0 1 0 0 0
 0 0 0 1 0 0
 0 0 0 0 1 0
 0 0 0 0 0 1
1,1,1,1;1,1 1 3
19 
#5 
6	% 
 -1 -1  0  0  0 -2
  0 -1 -1 -1 -1 -1
  0  0  0  0  0  1
  0  1  1  1  0  1
  0  0  0 -1 -1  0
 -1  0  0  0  0  0
6	% 
 1 -1 -1 -1 -1  0
 0  0 -1  0  0  0
 0  0  0  1  0 -1
 0  1  2  0  0  1
 0  0 -1  0  1  0
 1 -1 -1 -1 -2 -1
6	% 
  0 1 0 0  1  2
  0 1 0 0  0  1
  0 0 0 0 -1 -2
 -1 0 0 1  1  2
  0 0 1 1  0  1
  1 0 0 0  1  1
6	% 
  0  1  1  1  0  1
  1 -1 -1  1  2 -2
  1 -3 -1  0  0 -3
 -1  1  0 -1 -1  1
  1  0  0  1  1  0
 -1 -1  0  0 -1 -1
6	% 
 0 0  1  0  0  0
 0 0  1  1  1  0
 0 0  0 -2 -1 -1
 1 0 -1 -1 -1  0
 1 0  2  2  1  0
 0 1  0  1  0  0
1,1,1,1,1;1 1 2
4 
#1 
6	% 
  0 0 -1  1  1  2
  0 0 -1  1  0  1
 -1 1 -1  1  1  2
  0 0 -1  2  0  1
  0 0  2 -2 -1 -2
 -1 0 -2  2  1  3
2-1',2-1';1,1 1 3
2 
#1 
6	% 
  1  1  1  1 0  0
  0 -3 -1  0 0 -2
 -1  0 -1 -1 0  0
 -2  0 -1 -1 0  0
  0  1  0  0 1  2
 -1  1  0  0 0  1
2-1;1,1,1;1 1 8
8 
#2 
6	% 
 -1  1 0 0  0 0
 -1  1 1 1  1 0
  2 -1 0 0 -1 0
  1 -1 0 0  0 1
 -2  1 0 0  0 0
 -1  2 1 0  0 0
6	% 
  0  0  1  0  1  0
  0  0 -1  0  0  0
  1  0  0  0  0  0
 -1  0 -1 -1  0  0
  0  0  0 -1 -1 -1
  0 -1  0  0  0  0
1,1,1;1,1,1 1 4
12 
#2 
6	% 
  0  1  1 0  0  1
 -1  0  1 0  0  0
  1 -1 -1 1  1  0
  0  0  0 0 -1  0
  0 -1  0 1  2 -1
  0  1  0 0 -1  2
6	% 
  1  1  1  1  0  0
  3  2  3  1 -1  0
 -3 -2 -3 -2  0  0
  2  0  1  1  0  0
 -4 -1 -2 -2  0  0
  3  1  1  1  0 -1
2-1;1,1;1,1 1 11
4 
#1 
6	% 
 0  0  1 -1  1  0
 1 -2  0  1  0 -1
 0  1  0 -1  0  0
 0 -1 -1  1  0  0
 1  0  0  1 -1  0
 1 -1  0  1  0 -1
1,1;1,1;1,1 1 11
17 
#5 
6	% 
  0  3  2  0  2  3
  1 -3 -3  1  2 -5
  2 -5 -4 -1  1 -6
  0  0  1 -1 -2  2
 -1 -4 -2  0 -5 -3
 -1  7  4  1  4  6
6	% 
  0  1  1  3  1  1
  0  0 -1 -2 -1 -1
 -1  0 -1 -2 -1  0
 -1  0  1  0  0  1
  0 -2 -1 -4 -1 -2
  1  1  1  4  2  0
6	% 
  1  1  2  1 -1  2
  1 -1 -1 -2 -1 -3
  1  1  0  1  0 -1
 -1  1  0  2  1  2
 -2 -2 -3 -1  2 -2
  1  0  2 -1 -2  1
6	% 
  0 -3 -1  0 -1 -3
  1  2  2  1  0  3
  2  2  1 -1 -1  0
  0  0 -1 -1  0 -2
 -1  4  1  0  2  4
 -1 -4 -1  1 -1 -2
6	% 
  0  2  1  0  1  2
 -2 -2 -2 -3 -2 -1
 -2 -1 -1  2  2  0
  1  1  1  3  2  0
  1 -3 -1  0 -2 -4
  0  3  1 -3 -1  3
1,1,1;1;1;1 1 19
20 
#4 
6	% 
  2 -1 0 1  0 1
  1 -1 0 0  0 0
 -1  2 1 0  0 0
  1 -1 0 0  0 1
  2 -1 0 0  0 0
  2 -1 0 0 -1 0
6	% 
  0 0  1  0  1  0
  0 0  1  1  1  0
  0 0 -1  0 -1 -1
 -1 0  0 -1  1  0
  1 0  1  0  1  0
  0 1  1 -1  0  0
6	% 
  1 -1  0 -1 -1 0
  1 -1  0  0  0 0
 -1  1  0  1  1 1
  0 -1 -1 -1 -1 0
  0 -1  0 -1  0 0
  1  0  0 -1 -1 0
6	% 
  0 0  0  1  1 0
  0 0 -1  1  1 0
 -1 0 -1 -2 -1 0
  0 1  1  1  1 0
  0 0  1  2  2 1
 -1 0  0  1  1 0
1,1,1;1,1;1 1 12
32 
#4 
6	% 
  1  1  0  2  0  2
  1  1 -1  2 -1  2
 -2 -3  1 -4  1 -5
  0  1  0  1 -1  2
  0 -2  0 -2  1 -4
  0  1  0  1  0  1
6	% 
 -1  0  0  2  2  1
  0 -1  0  2  2  1
  2  2  1 -4 -5 -2
  0 -2 -1  1  0 -1
  1  2  1 -2 -2  0
 -1  0  0  1  1  1
6	% 
 -1 -2 -2  2  0 -1
 -1 -1 -1  1  1  0
  2  3  3 -2 -1  1
 -1  0 -1  0  0  0
  2  1  2  0  0  1
 -1 -1 -1  1  0  0
6	% 
  1  0  2  2  2 1
  1 -1  1  2  1 0
 -3  3 -4 -6 -4 0
  2 -1  1  1  0 0
 -2  2 -2 -3 -2 0
  1  0  1  1  1 0
1,1;1,1;1;1 1 39
24 
#3 
6	% 
 0 -1 -1 -1 -1 -1
 1  0  1  1  1  1
 1 -1 -1 -1 -1 -1
 2  0  1  1  0  1
 0  1  1  1  1  0
 1 -1  0  1  1  1
6	% 
  1 -2  0  3  2  3
  2  0 -1 -3 -3 -2
 -1  0  1  2  2  2
  0  1  0 -2 -1 -2
  1  1  0 -2 -2 -1
  0  1  0 -2 -2 -2
6	% 
 -2  4  1 -1 -2 0
  1 -2  0 -1 -1 1
 -1  2  0  0  0 0
  1 -2 -1  0  0 0
  1 -1  0  0  0 1
  1 -2  0  0  1 0
1,1;1,1;1;1 1 31
10 
#3 
6	% 
  1  1  2  1 1  1
  0 -1 -1  1 0  0
  0  0  0  0 1  0
 -1 -1 -1  0 1  0
 -1  1  0 -1 0  0
 -1  0 -1 -1 0 -1
6	% 
  2 -1  0  2  0  2
 -2  0 -1 -3 -1 -3
  3  0  1  2  0  1
  1  0  0  0  0 -1
  2  0  1  3  1  2
  1  1  1  1  0  0
6	% 
 -1 -1 -1 -1 -1 -2
  1 -2  0  1  0 -1
  1  0  0 -1 -1 -1
  1 -1  0  0  0  0
  0  1  0 -1  0  0
  1  1  1  0  0  1
1,1,1,1;1;1 1 5
6 
#2 
6	% 
  0  2  1 0  1  2
  1  3  0 1  0  4
  0  2  0 0  1  3
  0 -4 -1 0 -1 -5
  1  4  1 0  1  4
 -1 -3 -1 0  0 -3
6	% 
  1 -1 1  1 0 -1
  0  0 0  1 1  1
  0 -1 0  1 0  0
 -1  2 0 -1 0  1
  0 -1 0  1 0 -1
 -1  1 0 -1 0  1
1,1,1;1;1;1 1 15
4 
#1 
6	% 
  0  0  0  1  0  1
 -1  0  0 -1  1  0
  0  1  1 -1  1  1
 -1  0  0 -1  0  0
  1 -2 -1  1 -1 -1
  0 -1 -1  1  0  0
2-1;2-1;1,1 1 10
1 
#1 
6	% 
 -2  0 -1 -1  0  1
  1  0  0  0 -1 -1
  2  0  1  1  0  0
  1  1  1  0  0  0
 -1 -1 -1 -1  0  0
 -1  0 -1 -1  0  0
2-1,2-1;1,1 2 4
4 
#1 
6	% 
 -1 -1 -1 0  1  0
  1  0  0 0 -1 -1
  0 -1  0 0  0  0
  0 -1  0 1  1  1
  1  1  1 0  0  0
  0 -1  0 1  1  0
2-1,2-1;1;1 3 7
4 
#1 
6	% 
 1 0 1 1  0 0
 1 0 0 0 -1 0
 1 0 1 1  1 0
 0 1 0 0  0 0
 0 0 1 0  1 0
 0 1 0 0  0 1
2-1;1,1;1;1 1 35
12 
#3 
6	% 
 1 -1 -1  0 -1 -1
 0  2  1  1  0  1
 0  0  0  0  1  0
 0 -1  0 -1  0 -1
 0  0  1  0  1  0
 0  0  0  1  0  0
6	% 
  0 -1 -1 -1  0  0
  0  0  0  1  0  1
  0  0  0  1  1  0
 -1  0  0 -1  0 -1
 -1  1  0  0  0  0
  0  0 -1 -1 -1  0
6	% 
 -2 -1 -1  0  1  0
  0 -1 -1 -1 -1 -2
  1  1  1  1  0  0
  0  2  1  0  0  2
  1  1  1  0 -1  0
 -1 -2 -1  0  0 -1
2-1;1,1;1;1 1 32
8 
#1 
6	% 
  0  1 0  1 0  1
 -1  0 0 -1 0 -1
  0  1 0  1 0  2
  0  0 1 -1 0 -1
 -1 -1 0 -1 1 -1
 -1 -1 0 -1 0 -1
2-1;1;1;1;1 1 37
2 
#1 
6	% 
 1 0  1  1  1  0
 0 0 -1  0 -1  0
 0 0  0  1  1  1
 0 1  1  0  0  1
 0 0  0  0  0  1
 0 0 -1 -1 -1 -1
1,1;1;1;1;1 1 57
15 
#4 
6	% 
  0  0 -1 -1  0 -2
 -1  1  0 -1 -1  1
 -1  0 -1 -1 -1 -1
  2 -1  1  2  1  1
 -1  0 -1 -2 -1 -1
 -1  1 -1 -1 -1  0
6	% 
  0  3  1  1  1  3
  1 -2  0  1  0 -2
 -1  1  0  0  0  0
  0 -1 -1 -2 -1 -1
  0  0  0  1  1  0
  1  1  1  1  0  0
6	% 
 -1  1  0  0  0  0
  0  0 -1 -2 -1 -1
 -2  0 -1 -1  0  0
  2 -1  1  2  1  1
 -1  1 -1 -1 -1  0
 -1  0 -1 -1  0 -1
6	% 
  1 -1  0  2  2  0
  1  1  1 -1 -2  1
  1 -1  1  1  1  0
 -2  1 -1 -2 -1 -1
  2  0  1  1  0  0
  1  0  1  1  1  1
1;1;1;1;1;1 1 45
2 
#1 
6	% 
 -1 0 0 0  1  0
  0 0 1 1  1  1
  1 0 0 0 -1 -1
  0 0 1 0  1  0
  1 1 0 0 -2  0
  0 0 0 0  1  0
1,1;1;1;1;1 1 34
1 
#1 
6	% 
  1  1  1  1  0  1
 -1 -1 -1 -1 -1 -2
  1  1  1  1  1  1
  0 -1 -1 -1 -1 -2
  1  3  2  1  1  3
  0  2  1  1  1  2
1,1;1;1;1;1 1 54
16 
#2 
6	% 
  1 -1  1  1  1 0
  0  0 -1 -1 -1 0
 -1  1 -1 -1 -1 1
 -1  0 -2 -1 -1 0
  0  1 -1 -1 -1 0
  0 -1  1  1  2 0
6	% 
  1 0  1  1 0 1
 -2 0 -1 -1 0 0
 -1 0  0  0 1 0
 -1 0 -1  0 0 0
 -1 0 -1 -1 0 0
  1 1  1  1 0 1
2-1;1;1;1;1 1 45
2 
#1 
6	% 
  1  0 0 0 -1  0
  0  0 0 0  0 -1
 -1  1 0 0  0  0
  0  0 1 1  1  0
  0  1 0 0  0  1
  1 -1 0 1  0  0
1;1;1;1;1;1 1 47
1 
#1 
6	% 
 -1  0 -1 -1 -1  0
  0  0  0  1  0  0
  0  0 -1  0 -1  0
  0 -1  0  0  1  0
 -1  0 -1 -1  0  0
  0  0  0 -1  0 -1
