#23

2-1;2-1;1,1 1 6
1 
#1 
6	% 
 1 0 0 0 0 0
 0 1 0 0 0 0
 0 0 1 0 0 0
 0 0 0 1 0 0
 0 0 0 0 1 0
 0 0 0 0 0 1
1,1,1,1,1,1 1 1
1 
#1 
6	% 
 1 0 0 0 0 0
 0 1 0 0 0 0
 0 0 1 0 0 0
 0 0 0 1 0 0
 0 0 0 0 1 0
 0 0 0 0 0 1
1,1,1,1;1,1 1 3
8 
#3 
6	% 
  1 0 0  0 0 0
  1 1 1 -1 0 0
  0 0 0  0 1 0
 -1 0 0  1 0 0
  1 0 1  0 0 0
  0 0 0  0 0 1
6	% 
  1 0 0  0 0  0
  1 1 1 -1 0  0
  0 0 0  0 1  0
 -1 0 0  1 0  0
  1 0 1  0 0  0
  0 0 0  0 0 -1
6	% 
  1 0  0 0  0 0
  2 1  1 0 -1 0
  0 0  1 0  0 1
 -1 0 -1 0  0 0
  1 0  0 0 -1 0
  0 0  0 1  1 0
1,1,1,1,1;1 1 2
4 
#1 
6	% 
  1  0  0  0  0  0
  0  0  1  0  0  0
  1  0  1 -1  0  0
  0 -1  0 -1 -1  1
 -1  1 -1  1  0 -1
  1 -1  1 -1 -1  0
2-1',2-1';1,1 1 1
2 
#1 
6	% 
 0  0 -1 -1 -1 0
 0  0  0 -1  1 1
 0  0  0  0  1 0
 0  0  0  1  0 0
 0 -1  0  0  0 0
 1  1  0  0  0 0
1,1,1,1;1,1 1 1
3 
#2 
6	% 
 0  0 -1 -1  0 -1
 0  0  0 -1 -1 -1
 0  0 -1  0 -1 -1
 0  0  1  1  1  1
 0 -1  0  0  0  0
 1  1  0  0  0  0
6	% 
  0 -1 -1 -1 0  0
 -1  0 -1 -1 0  0
 -1 -1  0 -1 0  0
  1  1  1  1 0  0
  0  0  0  0 0 -1
  0  0  0  0 1  1
1,1,1;1,1,1 1 2
4 
#1 
6	% 
  0  1 0  0 0 0
  1  1 1 -1 0 0
  0  0 0  0 0 1
  0  0 0  0 1 0
 -1 -1 0  1 0 0
  1  1 1  0 0 0
2-1;1,1,1;1 1 8
4 
#1 
6	% 
  0  1  0 0 0  0
 -1  1  0 0 0  0
  1 -1  0 1 0  0
  1 -1  0 0 0 -1
 -1  1  0 0 1  0
 -1  1 -1 0 0  0
1,1;1,1;1;1 1 9
4 
#2 
6	% 
 0 -1  0  0  0  0
 1  1  0  0  0  0
 0  0  0  1  0  0
 0  0  1 -1  0 -1
 0  0  1  0  0  0
 0  0 -1  1 -1  0
6	% 
 0 -1  0 0  0  0
 1  1  0 0  0  0
 0  0  0 1  0  0
 0  0  0 0  0 -1
 0  0 -1 0  0  0
 0  0  0 0 -1  0
1,1;1,1;1,1 1 5
4 
#3 
6	% 
 1 0 0 0 0 0
 0 1 0 0 0 0
 0 0 0 1 0 0
 0 0 0 0 1 0
 0 0 1 0 0 0
 0 0 0 0 0 1
6	% 
 0 -1  0  0 0  0
 1  1  0  0 0  0
 0  0  1  0 1  0
 0  0 -1  0 0  0
 0  0  0 -1 0 -1
 0  0  0  0 0  1
6	% 
 0 -1  0  0  0 0
 1  1  0  0  0 0
 0  0  0  0  0 1
 0  0 -1  0  0 0
 0  0  0  0 -1 0
 0  0  0 -1  0 0
1,1,1;1;1;1 1 10
4 
#1 
6	% 
  0 -1 0  0  0  0
 -1 -1 0  0 -1  1
  1  1 0  0  0 -1
  0  0 0 -1  0  0
  0  0 1  0  0  0
 -1 -1 0  0 -1  0
1,1,1;1,1;1 1 9
8 
#2 
6	% 
  2  2  0 0  1 -1
  1  1  0 0  0  0
 -2 -3  0 0 -1  1
  1  1  0 0  1  0
  0  0  0 1  0  0
  0  0 -1 1  0  0
6	% 
  2  2  1 -1  0  0
  1  1  0  0  0  0
 -2 -3 -1  1  0  0
  1  1  1  0  0  0
  0  0  0  0  0 -1
  0  0  0  0 -1 -1
1,1,1;1;1;1 1 19
4 
#1 
6	% 
  1  1 0  0  0  0
  0  1 0  0  0  0
 -1 -1 0  0  0 -1
  1  1 0  0 -1  0
  1  1 0 -1  0  0
  1  1 1  0  0  0
1,1,1,1;1;1 1 5
4 
#2 
6	% 
  1  0 0 0 0 0
  1 -1 0 0 0 0
  0  0 0 0 0 1
 -1  0 0 1 0 0
  1  0 1 0 0 0
  0  0 0 0 1 0
6	% 
  1  0 0  0 0 0
  1 -1 0  0 0 0
  0  0 0  0 0 1
 -1  0 0 -1 0 0
  1  0 1  0 0 0
  0  0 0  0 1 0
1,1,1;1,1;1 1 2
8 
#2 
6	% 
 0 0  2  2  1 -1
 0 0  1  1  0  0
 0 0 -3 -2 -1  1
 1 0  0  0  0  0
 0 1  0  0  0  0
 0 0  1  1  1  0
6	% 
  2  2 0 0  1 -1
  1  1 0 0  0  0
 -2 -3 0 0 -1  1
  0  0 1 0  0  0
  0  0 0 1  0  0
  1  1 0 0  1  0
1,1,1,1;1;1 1 3
2 
#1 
6	% 
  0 -1 -1 -1 0 0
 -1  0 -1 -1 0 0
 -1 -1  0 -1 0 0
  1  1  1  1 0 0
  0  0  0  0 0 1
  0  0  0  0 1 0
2-1,2-1;1,1 3 1
2 
#1 
6	% 
 0  0 0 0 1 0
 0  0 0 1 0 0
 0  0 0 0 0 1
 0  0 1 0 0 0
 0 -1 0 0 0 0
 1  1 0 0 0 0
2-1,2-1;1,1 1 1
2 
#1 
6	% 
 0  0  0 0 0 -1
 0  0 -1 0 0  0
 0  0  0 0 1  1
 0  0  1 1 0  0
 0 -1  0 0 0  0
 1  1  0 0 0  0
1,1;1,1;1,1 1 1
1 
#1 
6	% 
 0 -1 0  0 0  0
 1  1 0  0 0  0
 0  0 0 -1 0  0
 0  0 1  1 0  0
 0  0 0  0 0 -1
 0  0 0  0 1  1
1,1;1,1;1;1 1 4
2 
#1 
6	% 
 0 -1 0 0  0  0
 1  1 0 0  0  0
 0  0 0 0  1  0
 0  0 0 0 -1 -1
 0  0 0 1  0  0
 0  0 1 0  0  0
2-1;1,1;1;1 1 26
2 
#1 
6	% 
 0 -1 0  0  0 0
 1  1 0  0  0 0
 0  0 0 -1  0 0
 0  0 0  0  0 1
 0  0 0  0 -1 0
 0  0 1  0  0 0
1,1;1;1;1;1 1 25
1 
#1 
6	% 
 0 -1 0  0 0 0
 1  1 0  0 0 0
 0  0 0  0 0 1
 0  0 0 -1 0 0
 0  0 1  0 0 0
 0  0 0  0 1 0
1,1;1;1;1;1 1 48
1 
#1 
6	% 
 0 -1 0 0  0 0
 1  1 0 0  0 0
 0  0 0 0  0 1
 0  0 0 0 -1 0
 0  0 0 1  0 0
 0  0 1 0  0 0
