#39

2-1;2-1;1;1 1 13
1 
#1 
6	% 
 1 0 0 0 0 0
 0 1 0 0 0 0
 0 0 1 0 0 0
 0 0 0 1 0 0
 0 0 0 0 1 0
 0 0 0 0 0 1
1,1,1,1,1,1 1 1
1 
#1 
6	% 
 1 0 0 0 0 0
 0 1 0 0 0 0
 0 0 1 0 0 0
 0 0 0 1 0 0
 0 0 0 0 1 0
 0 0 0 0 0 1
1,1,1,1;1,1 1 3
16 
#4 
6	% 
  1  0 0  0  0  0
 -1 -1 1  1 -1 -1
  0  0 0  1  0 -1
  1  1 0 -1  0  2
  1 -1 0  0 -1  1
 -1  0 0  0  1 -1
6	% 
  1 0  0 0 0 -1
  0 1 -1 0 0  3
 -1 0  0 0 1  0
  0 0  1 0 0 -1
  0 1  0 0 0  1
  1 0  0 1 0 -1
6	% 
  1  0 0  0  0  0
  0  1 1  1  1 -1
 -2 -1 0 -1  0 -2
  1  0 0  0 -1  2
  2  0 0  1  0  1
 -2  1 0  0  1 -2
6	% 
  1 1  1  1  2  0
 -1 0  0 -1  2  0
 -1 0 -1  0 -1  0
  1 0  0  0 -1  0
  0 0  0 -1  2  0
  0 0  1  1  1 -1
1,1,1,1,1;1 1 2
6 
#2 
6	% 
  0  1  0  0  0  0
  1  1  0  0  0  1
  1  1  1  0  0  1
  1  0 -1 -1  1  1
 -1 -1  0  0 -1 -1
  1  1  0 -1  0  2
6	% 
  1  1 -1  0  1  1
  1  1 -1  1  0  1
  1  1 -1  1  1  1
  1  1 -1  0  0  2
 -1 -2  1 -1 -1 -2
  1  1 -2  1  1  2
2-1',2-1';1,1 1 2
2 
#1 
6	% 
 -1  0 0  1 0 -2
  0  0 0  2 1 -1
  0 -1 1  0 0 -1
  0 -1 0  0 0 -1
  0  0 0 -1 0  1
  0  1 0  0 0  0
1,1,1;1,1,1 1 3
14 
#5 
6	% 
 -1  0  0  0  0 -1
 -1 -1  1  1 -1 -1
  0  1  0  0  1 -1
 -1 -1  0  0  0  0
  2  0 -1 -1  0  2
 -2  0  1  0  0 -1
6	% 
  1  0  0 -1 -1  2
  0 -1 -1  0  0  0
  1  0  1  0  0  0
 -1  0  0  0  1 -1
  0  0  1  0  0 -1
  0  0  0  0 -1  1
6	% 
  0  1  1  1  1 -1
 -1  0  0  0  0  1
  0  0  1  1  1 -2
  0 -1 -1 -1  0  0
  0 -1  0 -1 -1  0
  0  1  1  1  0 -1
6	% 
  0  0  0  1  1 -1
 -1  0  0  0  0 -1
  0  0  0  0  1 -1
  1  0 -1 -1 -1  2
 -1  0  0 -1  0  0
  0 -1  0  1  1 -1
6	% 
  0  0  0  0 -1  1
  0  1 -1  0  0  1
  0  0  0  1 -1  0
  0  0  1 -1  0  0
  1  0  0  0  0  0
 -1 -1  0  0  0 -1
2-1;1,1,1;1 1 8
4 
#1 
6	% 
  1  1 -1  1  1  1
  0 -1 -1  0  0  0
  0  0  1 -1 -1  0
 -1  0  1  0 -1 -1
  1  0 -1  1  0  1
  1  0 -1  1  1  0
1,1,1,1;1,1 1 2
3 
#2 
6	% 
 0 1  0  0 0  1
 0 0 -1  0 0  0
 1 0  1  0 0  1
 0 0  0 -1 1  0
 0 0  0  1 0 -1
 0 0  0  1 0  0
6	% 
  0  0 0  1  0  1
 -1  0 0  0  0  0
 -1  0 0  1 -1  0
  0 -1 1  0  0 -1
  1  1 0 -1  0  0
 -1  1 0  1  0  1
2-1',2-1';1;1 1 4
2 
#1 
6	% 
 -1 0 0  1  0 -2
  0 0 0 -2 -1  1
  1 0 0 -2 -1  2
  0 0 0  2  2 -1
  0 0 1  1  1 -1
  0 1 0  1  1  0
2-1;1,1;1,1 1 9
4 
#1 
6	% 
  1  1 -1  1  1  1
 -1 -1 -1  1  1 -2
  0  0  1 -1 -1  0
 -1 -1  0 -1  0 -1
  1  1  0  0  1  1
  1  0 -1  1  1  0
1,1;1,1;1,1 1 6
8 
#4 
6	% 
  0 -3 1  0  0 -2
 -1  1 0  1  0  0
  0  2 0  0  0  1
  2  0 0 -1  0  1
  1  0 0  0  1 -1
 -1  1 0  0 -1  1
6	% 
 1  0  0 0 0  2
 0  0 -1 0 0  0
 0  0  0 0 0 -1
 0  0  1 0 1 -1
 0  1  0 1 0  0
 0 -1  0 0 0 -1
6	% 
  0 1  3  0  0 -1
  0 0 -1 -1 -2  2
  0 0 -2  0  0  1
  0 0  0  1  1 -1
 -1 0  0  0  0 -1
  1 0 -1  0  0  2
6	% 
  0 -3 1  0  0 -2
 -2  1 0  0  1 -2
  0  2 0  0  0  1
  1  0 0  0 -1  2
  2  0 0  1  0  1
 -2  1 0 -1  0 -1
1,1;1,1;1;1 1 36
12 
#2 
6	% 
 -1 -1 -1  1 -1 0
  0  1 -1  0  0 1
  0  1  0  0  0 0
  0  0  1 -1  0 0
  0  0 -1  0 -1 1
  1  1  0  0  0 1
6	% 
 -1 -1 -1  1 1 -2
 -1  1 -1 -1 1  1
  0  1  0 -1 0  1
  1  0  1  0 0  0
  0  0 -1  0 1  0
  0  1  0  0 0  1
1,1,1;1;1;1 1 19
4 
#1 
6	% 
 -1  2 0  1 -1 1
  0  1 1  0  0 0
  1 -1 0 -1  0 0
  0  1 0  1 -1 1
 -1  1 0  1 -1 0
 -1  1 0  0 -1 1
1,1;1,1;1;1 1 13
12 
#3 
6	% 
  0 -3 1 0 0 -2
  0 -1 0 0 0 -1
 -3 -1 0 0 1 -1
  1 -1 0 0 0  0
  3  1 0 1 0  0
  0  2 0 0 0  1
6	% 
  0 -3 1  0  0 -2
  0 -1 0  0  0 -1
  3 -1 0  0 -1  3
 -1 -1 0  0  0 -1
 -3  1 0 -1  0 -2
  0  2 0  0  0  1
6	% 
  0  0  0 1  3 -2
  1  0  1 0  1 -1
 -2 -1 -1 0  1 -1
  1  1  0 0  1  0
  1  1  1 0 -1  0
  0  0  0 0 -2  1
1,1,1;1;1;1 1 8
12 
#3 
6	% 
  0  1  1  1 -1  0
  0 -1 -2 -1  2  0
  0  0  1  1 -1 -1
 -1  0  0  0  0 -1
  0  1  2  2 -1 -1
  0  0 -1 -1  1  0
6	% 
 -1 0 0 0 0  2
  1 0 0 0 1 -4
 -1 1 0 0 0  2
  0 1 1 0 0  0
 -1 0 0 1 0  3
  1 1 0 0 0 -1
6	% 
  1 0 0 0 0 -1
 -1 0 1 0 0  0
  0 0 0 1 0 -1
  0 0 0 1 1 -1
  1 1 0 0 0  0
  0 0 0 1 0  0
1,1,1;1,1;1 1 10
56 
#9 
6	% 
  0  2 0 -1  1  1
  0  4 0 -1  1  2
  0 -7 1  3 -3 -4
  0  1 0  0  1  0
 -1  2 0 -1  0  1
 -1  0 0  0  0  0
6	% 
  3  0  0 -1  1  0
  1  1  1  0  0  0
 -6 -2 -2  1 -1  0
  2  0  0  0  1  0
  0  0  1  0  0 -1
  0 -1  1  0  0 -1
6	% 
  2  1 -1 0 0  0
  2  1 -1 0 0 -1
 -5 -3  3 0 0  0
  1  1  0 0 0  0
  1  0 -1 0 1 -1
  0  0  0 1 1 -1
6	% 
 -1 -1  1  0  0 -2
  1 -2  2 -1  1 -1
  0  4 -4  1 -1  4
  0  0  1  0  0 -1
  0 -1  1 -1  0  0
  0  0  0 -1 -1  1
6	% 
  1  1  1  0  0 0
  0 -1 -1 -1  1 0
 -2  0  0  1 -1 0
  0  1  0  0  0 0
  1 -1  0 -1  0 1
  0  0  0 -1 -1 1
6	% 
 -1  0 -2  0  0  1
 -1  2 -2  0  0  2
  3 -3  5  0  0 -4
 -1  0 -1  0  0  0
  0  1 -1  0 -1  2
  0  0  0 -1 -1  1
6	% 
  2 0 0  1 -1   3
  2 0 0  1 -1   4
 -5 0 0 -3  3 -12
  1 0 0  0 -1   2
  1 0 1  0 -1   2
  0 1 1  0  0   0
6	% 
  1  0  0 -1 -1  2
 -1 -1  1  1 -2  0
  0  1 -1  0  4 -3
  1  0  0  0 -1  1
 -1 -1  0  0 -1  0
  0 -1 -1  0  0  0
6	% 
 -1  0  0  1 -1 -1
 -2  1 -1  1 -1 -1
  4 -1  1 -2  2  3
 -1  0  0  0 -1  0
  0  0 -1  1  0 -1
  0 -1 -1  0  0  0
1,1;1,1;1;1 1 14
24 
#4 
6	% 
  1  1  1  0  0  0
 -1  0 -1  0 -1  1
 -1 -2  1 -2  2 -2
  0  1 -1  1 -1  1
  0 -2  1 -2  2 -1
  1  1  0  0 -1  1
6	% 
 -3  0  0 -1  1  0
  1  0 -1  0 -1  1
  2  1  1  2  1 -1
  0 -1 -1 -1 -1  1
  1  1  1  2  1 -2
 -1  0 -1 -1  0  1
6	% 
  1  1  1  0  0  1
 -1 -1  0 -1  0 -1
  0  2 -3  2 -2  2
  0 -1  1 -1  1 -1
 -1  2 -3  2 -2  2
  1  0  1 -1  0  1
6	% 
 -1  0 0 0  0  0
  1  0 1 0  0 -1
  4  0 0 1  0  3
 -1  0 0 0  0 -1
  4  0 0 0 -1  4
 -2 -1 0 0  0 -1
1,1,1;1;1;1 1 9
8 
#2 
6	% 
  1  0  0  0  0  0
  0 -1  0  0  1 -1
 -1 -1 -1 -1  0  0
  0 -1 -1 -1  0  1
  0  0  1  1  0 -1
  0  0  0 -1 -1  1
6	% 
  1  0 0  0 0  1
  0  0 1  0 0 -1
  0 -1 1  0 1 -1
  0 -1 1 -1 0  0
  1  1 0  0 0  1
 -1  0 0  0 0  0
1,1;1,1;1,1 1 7
8 
#2 
6	% 
 -2 -1 -1  0  0  0
  1  1  1  1  0 -1
  2  1  0  0 -1  2
 -1  0  0  1  1 -2
  2  0  1 -1  0  1
 -2 -1 -1  1  0 -1
6	% 
 1 0 0 0  0 0
 0 0 1 0  0 0
 0 0 0 0 -1 1
 1 0 0 0  0 1
 0 0 0 1  0 0
 1 1 0 0  0 1
1,1,1,1;1;1 1 5
12 
#3 
6	% 
 -1  0 0  0 0  0
 -3 -1 1 -1 1 -1
 -2 -1 0  0 0 -1
  3  1 0  1 0  0
 -3 -1 0  0 1 -1
  1  1 0  0 0  0
6	% 
 1  1 -1  1 -1  1
 0  1 -1  1 -1  0
 0  1 -1  0 -1  2
 0 -1  2 -1  1 -2
 0  2 -1  1 -1  2
 0 -1  1 -1  0 -1
6	% 
 -1 0  0  0  0 -1
 -1 1 -1  0  0  0
 -1 0 -1  0 -1  0
  1 0  1  0  0  1
 -2 0 -1  0  0 -1
  1 0  1 -1  0  1
1,1,1;1,1;1 1 7
12 
#3 
6	% 
 0  0  2  1 -1 -1
 0  2  0  0  0  1
 0 -3 -1 -1  1 -1
 1  1  0  0  0  1
 1  0  0  0  0  0
 0  0  1  1  0 -1
6	% 
 0  0 0  1 -1  3
 0  0 0  0  0  1
 1  0 0 -1  1 -5
 0 -1 0  0  0  0
 0 -1 1  0  0 -1
 0  0 0  1  0  1
6	% 
 0  1 -1 0  2  0
 0  2 -2 0  2  1
 0 -3  3 1 -3 -2
 1  1 -1 0  1  1
 1  0  0 0  0  0
 0  0 -1 0  1  0
1,1,1,1;1;1 1 4
3 
#2 
6	% 
 0  1 0  0 0  0
 1  0 0  0 0  0
 0 -3 1  0 0 -1
 0  2 0  0 0  1
 0 -1 0 -1 0  0
 0 -1 0  0 1 -1
6	% 
 1  0 0 -1 0  0
 1  0 0  0 0  0
 0  0 0  3 1  2
 0  0 0 -2 0 -1
 0 -1 0  1 0  0
 0  0 1  1 0  0
2-1;2-1;1,1 1 7
1 
#1 
6	% 
 0 1 -3  0  0  2
 0 0  1  0  0  0
 0 0  1  0 -1  0
 0 0  1 -1  0  0
 1 0  1  0  0  0
 0 0  2  0  0 -1
2-1,2-1;1,1 2 2
2 
#1 
6	% 
 1  0 0  0 0  1
 0  0 0  1 1 -1
 0 -1 1  0 0 -1
 0 -1 0 -1 0  0
 0  0 0  1 0 -1
 0  1 0 -1 0  1
2-1,2-1;1;1 2 5
2 
#1 
6	% 
  0 0 0 -1 -3  2
 -3 0 0  0  0 -2
 -1 0 0  0  1 -1
  2 0 0  0  0  1
  1 1 0  0  0  1
  1 0 1  0  0  0
2-1,2-1;1,1 2 3
2 
#1 
6	% 
  0 1 -1  0  0  1
  1 0  0 -1 -3  4
 -4 0  0 -6 -5  4
 -3 0 -1 -2  0 -1
  1 0  0  2  2 -2
 -3 0  1 -2  0 -2
2-1,2-1;1;1 2 6
2 
#1 
6	% 
 0 0 0  0 -1 0
 1 0 0 -1  1 1
 0 0 0 -1  1 1
 0 0 0  0  0 1
 0 0 1  0  0 0
 0 1 0  0  0 1
1,1;1,1;1;1 1 21
8 
#4 
6	% 
 -1  0 0  1  0 0
  4  0 0 -1  1 0
 -4  0 0  0 -2 1
 -2 -1 0  0 -1 0
  2  0 0  0  1 0
 -2  0 1  0 -1 0
6	% 
 0 -1 -2 -1  0  1
 0 -1  1  2 -2 -1
 0  2  0 -2  2  1
 0  1  0 -1  1  0
 0 -2 -1  0 -1  0
 1  1  0 -1  1  1
6	% 
  0 0 0 -1 -2  1
 -1 0 0  1  0 -1
  2 0 0  0  2  1
  1 1 0  0  1  1
 -1 0 0  0 -1 -1
  1 0 1  0  1  0
6	% 
 -1 0  0  0 -1 -1
  4 0  0 -1  1  4
 -4 0  0  2  0 -5
 -2 1  0  1  0 -2
  2 0  0 -1  0  2
 -2 0 -1  1  0 -2
1,1;1,1;1;1 1 22
3 
#2 
6	% 
 0  1 -1  0 0  1
 0  0  0  1 1 -1
 1  1  0  0 0  1
 0  1  0  0 0  1
 0 -1  0 -1 0  0
 0 -1  0  1 0 -1
6	% 
  1  0 0 0  0  1
  0  0 0 1  1 -1
  1  0 1 0  0  0
  1 -1 0 0  0  0
 -1  0 0 0 -1  0
 -1  0 0 0  1 -1
2-1;1,1;1;1 1 27
2 
#1 
6	% 
  0 1  3  0  0 -1
  0 0 -1  0 -1  1
  0 0 -2  0  0  1
 -1 0 -1  0  0  0
  0 0 -1  0  0  1
  0 0  1 -1  0  0
2-1;1,1;1;1 1 25
8 
#1 
6	% 
  1  1 -1 1 1  1
  0  1  0 0 1  0
  0  1  1 0 0  0
 -1  0  1 0 0 -1
  0  0 -1 1 0  0
  0 -1  0 0 0 -1
1,1;1,1;1,1 1 8
1 
#1 
6	% 
  0 0  0 1  1 -1
  0 1 -1 0  0  1
 -1 0  0 0  0 -1
  1 0 -1 0  0  1
  1 0  0 0  1  0
  0 0  1 0 -1  0
2-1;1;1;1;1 1 24
2 
#1 
6	% 
 -1  0 1 0 0 -1
 -1 -1 0 0 0 -1
  1  0 0 0 1  0
  2  0 0 0 0  1
 -1  0 0 1 0 -1
 -1  0 0 0 0 -1
1,1;1;1;1;1 1 49
1 
#1 
6	% 
  0 -3 1  0  0 -2
  0 -1 0  0  0  0
  0 -1 0  0 -1  0
  0 -1 0 -1  0  0
 -1  1 0  0  0  0
  0  2 0  0  0  1
1;1;1;1;1;1 1 32
1 
#1 
6	% 
 0  1 1 0 0  0
 0 -1 0 0 0  0
 0  1 0 1 0  0
 1  1 0 0 0  1
 0 -1 0 0 1 -1
 0 -2 0 0 0 -1
1,1;1;1;1;1 1 19
3 
#2 
6	% 
 0 -3 1 0 0 -2
 1 -1 0 0 0  0
 0 -1 0 1 0 -1
 0 -1 0 0 0  0
 0  1 0 0 1  0
 0  2 0 0 0  1
6	% 
  3  0 0 0 0  2
  1  0 1 0 0  0
  1  0 0 1 0  0
  1 -1 0 0 0  0
 -1  0 0 0 1 -1
 -2  0 0 0 0 -1
1;1;1;1;1;1 1 16
1 
#1 
6	% 
 1 0  0 0 0  0
 0 0 -1 0 0  1
 0 0  0 0 1 -1
 0 1  0 0 0  1
 0 0  0 1 0  0
 0 0  0 0 0  1
1,1;1;1;1;1 1 23
12 
#3 
6	% 
  2  0  0  0 -1  0
 -3 -1  0  0  1 -1
  0 -1 -1  0  0  0
  3 -1  0  1  0 -1
 -3  0  0 -1  0  0
  0  0  0  1  1 -1
6	% 
 0 0 1  0  1 -1
 0 0 0  0 -1  1
 1 0 0  0  0  1
 0 0 0 -1  0  1
 0 1 0  1  0  0
 0 0 0 -1 -1  1
6	% 
  2 0 0  0 -1  3
 -3 1 0  0  1 -3
  0 1 1  0  0  0
  3 1 0  1  0  3
 -3 0 0 -1  0 -2
  0 0 0  1  1 -1
1,1;1;1;1;1 1 47
8 
#1 
6	% 
 -1 -1 -1 1 -1  0
  0  0  1 0  1 -1
  0 -1  0 0  0  0
  0  0 -1 1  0  0
 -1 -1  0 0  0 -1
  0  1 -1 0  0  1
