#18

1,1;1;1;1;1 1 51
1 
#1 
6	% 
 1 0 0 0 0 0
 0 1 0 0 0 0
 0 0 1 0 0 0
 0 0 0 1 0 0
 0 0 0 0 1 0
 0 0 0 0 0 1
1,1,1,1,1,1 1 1
1 
#1 
6	% 
 1 0 0 0 0 0
 0 1 0 0 0 0
 0 0 1 0 0 0
 0 0 0 1 0 0
 0 0 0 0 1 0
 0 0 0 0 0 1
1,1,1,1;1,1 1 3
4 
#2 
6	% 
  1  1 -1  1  2  1
 -1 -1  0 -1  1  0
 -1  0  1 -1 -1 -2
  1  0  0  1 -1  1
  0 -1  0 -1  1  1
  0  1 -1  1  1 -1
6	% 
  0  0  0 -2  1  0
  0  0  0 -1  1  0
  0 -1 -1  1  0  0
  1  1  1  1 -1  1
  1  1  1 -1  1  0
 -1  0 -1 -1  0 -1
1,1,1,1,1;1 1 2
4 
#2 
6	% 
  2 0 0 1  0 1
  1 0 0 0  0 0
  1 0 0 0 -1 0
  2 1 0 0  1 1
 -2 0 1 0  0 0
  2 0 1 0  0 1
6	% 
  0  0  0  1  0 -1
  0  0  1  0  0 -1
  1 -1  1  1  1  0
  0  0  0  0  1 -1
 -1  0 -1 -1 -1  1
  0 -1  1  1  1 -1
1,1,1;1,1,1 1 3
3 
#1 
6	% 
 -1 -1  0 -1 -1 -1
  0  0 -1  0  0  1
  0 -1  1 -1  0  0
  1  1  0  1  0  0
  1  0  1  1  0  1
 -1 -1  0 -1  0 -1
1,1,1;1,1,1 1 2
1 
#1 
6	% 
  0  1  0 0  0  0
  1  1  0 0  0  1
  0  0 -1 0 -1 -1
  0  0  0 1  1  1
 -1 -1  1 0  0  0
  1  1  1 0  0  1
1,1,1,1;1,1 1 2
3 
#1 
6	% 
 -1 -1  0 0  0 -1
 -1 -1  0 0 -1 -1
  0 -1  0 0  1  0
  0  0 -1 1  0  0
  1  1  1 0  0  1
 -1 -1  1 0  0  0
1,1;1,1;1,1 1 9
3 
#1 
6	% 
  0 0 1  1  0  1
 -1 0 0  0  0 -1
  0 1 0  0  0 -1
  0 0 0  0 -1 -1
  0 0 0 -1 -1 -1
  0 0 0  1  0  1
1,1,1;1,1;1 1 9
1 
#1 
6	% 
  0  0 0 -2 0 -1
  0  0 1 -1 0  0
  0  0 0  3 1  2
  0  0 0 -1 0 -1
  0 -1 0  0 0  2
 -1 -1 0  0 0  0
1,1,1;1,1;1 1 11
9 
#2 
6	% 
  0  0 0 0  2 1
  1  1 0 0  0 0
 -1 -1 0 1 -1 0
  0  0 0 0  1 1
  1  0 0 0  0 0
  0  0 1 0  1 1
6	% 
  0  0 0 0 0 -1
  1 -1 0 0 0  2
 -1  1 0 1 0 -2
  1  1 0 0 1  0
  0 -1 0 0 0  1
  0  0 1 0 0  0
1,1,1,1;1;1 1 6
3 
#1 
6	% 
  0 -1 0 -1  0 -1
  1  0 0  0  0  0
  0  1 0  0  0  0
 -1  0 1  1  0  1
  1  0 0 -1 -1 -1
  0  0 1  0  1  1
1,1,1;1,1;1 1 6
3 
#1 
6	% 
 0  2 0 0 0  1
 0  1 0 0 0  0
 1 -3 0 0 0 -1
 0  1 0 1 0  1
 0  0 0 1 1  1
 0  1 1 0 0  1
1,1,1,1;1;1 1 5
3 
#1 
6	% 
  1 -1  0  1  0  2
  1 -1  0  1  1  1
  1  0  0  1  0  1
 -1  1 -1 -1 -1 -2
  1 -1 -1  1  1  1
  0  1  0 -1  0 -1
1,1,1;1,1;1 1 7
3 
#1 
6	% 
 1 -1 0 0 0  2
 0  0 0 0 0 -1
 0  0 1 0 0  1
 0  0 0 0 1  0
 0  0 0 1 1  1
 1  0 0 0 0  1
1,1;1,1;1;1 1 38
3 
#1 
6	% 
  0 -1  0 0  1  1
 -1  0  0 0  1  0
  1 -1  0 0 -1  1
  0  0 -1 0 -1 -1
  0  0 -1 0  1  0
  0  0 -1 1  0  0
1,1;1,1;1;1 1 24
3 
#1 
6	% 
 0 0  0 -1 1  0
 1 0  0  0 0  2
 0 1  0  0 0 -2
 0 0 -1  0 0 -1
 0 0  0  1 0  0
 0 0  1 -1 0  0
1,1,1;1;1;1 1 18
1 
#1 
6	% 
  1  0 0 0 0  0
  0  1 0 0 0  0
 -2 -2 0 0 0 -1
  1  1 1 0 0  1
  1  1 0 1 0  1
  1  1 0 0 1  1
1,1,1;1;1;1 1 16
3 
#1 
6	% 
  0  0 0 0 -1  2
 -1  0 0 0 -2  3
  0 -1 0 0  2 -3
  0  0 0 1 -1  3
  0  0 1 0 -1  3
  0  0 1 1  0  1
