#29

1;1;1;1;1;1 1 17
1 
#1 
6	% 
 1 0 0 0 0 0
 0 1 0 0 0 0
 0 0 1 0 0 0
 0 0 0 1 0 0
 0 0 0 0 1 0
 0 0 0 0 0 1
1,1,1,1,1,1 1 1
1 
#1 
6	% 
 1 0 0 0 0 0
 0 1 0 0 0 0
 0 0 1 0 0 0
 0 0 0 1 0 0
 0 0 0 0 1 0
 0 0 0 0 0 1
1,1,1,1,1;1 1 2
3 
#1 
6	% 
  0  1  0  0  0  0
  0  0  1  0  0  0
  0  1  1 -1  0  0
 -1  0  0 -1 -1 -1
  1 -1 -1  0  0  1
 -1  1  1 -1 -1  0
1,1,1,1,1;1 1 1
3 
#1 
6	% 
 0  0  0  0 -1  0
 0 -1 -1  0 -1 -1
 0 -1  0 -1 -1 -1
 0  0 -1 -1  0 -1
 0  1  1  1  1  1
 1  0  0  0  0  0
1,1,1,1;1,1 1 2
12 
#2 
6	% 
  1  0  0  0  0  0
  1  0 -1  0  0  0
  0 -1 -1 -1 -1 -1
  0  0  0  0  1  0
 -1  1  1  1  1  0
  1 -1 -1  0  0 -1
6	% 
 0  1  0  0 0  0
 0  1  0 -1 0  0
 0  1 -1  1 0  0
 1  0  0  0 0  0
 0 -1  1  1 1  0
 0  1 -1  0 0 -1
1,1,1,1;1,1 1 1
3 
#1 
6	% 
 0  0 -1 -1  0 -1
 0  0  0 -1 -1 -1
 0  0 -1  0 -1 -1
 0  0  1  1  1  1
 0 -1  0  0  0  0
 1  1  0  0  0  0
1,1,1;1,1,1 1 2
9 
#1 
6	% 
  1 0  0  0 -1  0
  1 0  0  1  1 -1
  0 1 -1  0  0  0
  0 0 -1 -1 -1 -1
 -1 0  1  0  0  1
  1 0  1  1  1  0
1,1,1;1,1,1 1 1
1 
#1 
6	% 
  0 -1 -1  0  0  0
 -1  0 -1  0  0  0
  1  1  1  0  0  0
  0  0  0  0 -1 -1
  0  0  0 -1  0 -1
  0  0  0  1  1  1
1,1,1,1;1;1 1 2
9 
#1 
6	% 
 0  0  1  0  0  0
 0 -1  0 -1 -1 -1
 0  0  1 -1  0  0
 1  0  0  0  0  0
 0  1 -1  0  0  1
 0 -1  1 -1 -1  0
1,1,1;1,1;1 1 6
18 
#1 
6	% 
 0  2  2  1  1  1
 0  1  1  0  0  0
 0 -2 -3 -1 -1 -1
 1  1  1  1  0  0
 1  0  0  0  0  0
 0  1  1  1  1  0
1,1,1;1,1;1 1 2
9 
#1 
6	% 
  2 0 0  1  1  1
  1 0 0  0  0  0
 -2 0 0 -2 -1 -1
  0 1 0  0  0  0
  0 0 1  0  0  0
  1 0 0  1  1  0
1,1,1;1,1;1 1 4
3 
#1 
6	% 
  0 -1 -1  0  0  0
 -1  0 -1  0  0  0
  1  1  1  0  0  0
  0  0  0 -2 -1  0
  0  0  0 -2 -1 -1
  0  0  0 -1 -1  1
1,1,1,1;1;1 1 6
3 
#1 
6	% 
  1  0  0 0  0 0
  0  1  0 0  0 0
  0  0  1 0  0 0
 -1 -1 -1 0  1 1
  1  1  1 0 -1 0
  0  0  0 1  1 0
1,1,1,1;1;1 1 1
3 
#1 
6	% 
 0 0 -1 -1  0 -1
 0 0 -1  0 -1 -1
 0 0  0 -1 -1 -1
 0 0  1  1  1  1
 1 0  0  0  0  0
 0 1  0  0  0  0
1,1,1;1,1;1 1 3
27 
#2 
6	% 
 0 0  2  1  1  1
 0 0  1  0  0  0
 0 0 -2 -2 -1 -1
 0 1  1  1  1  0
 0 1  0  0  0  0
 1 0  0  0  0  0
6	% 
 0 0  2  1  1 -1
 0 0  1  0  0  0
 0 1 -3 -1 -1  1
 0 0  1 -1  0 -1
 0 0  0 -2 -1 -1
 1 0  0  0  0  0
1,1,1;1,1;1 1 1
3 
#1 
6	% 
 0 0  0  1 0 1
 0 0  0  1 0 0
 0 0  0 -1 1 0
 0 0 -1  0 0 0
 0 1  1  0 0 0
 1 0  0  0 0 0
1,1,1;1;1;1 1 11
9 
#1 
6	% 
 0 1  0  0  0 0
 0 0 -1  0  0 0
 1 0  0  0  0 0
 0 0  0 -1  0 1
 0 0 -1 -1 -1 0
 0 0 -1 -1  0 0
1,1;1,1;1,1 1 2
9 
#1 
6	% 
 -1 0  0 -1 -1 -1
  0 0 -1  0  0  0
  0 1  1  0  0  0
  0 0  0  0  1  0
  1 0  0  1  1  0
 -1 0  0  0  0 -1
1,1;1,1;1;1 1 11
9 
#1 
6	% 
 1  0 0  1  1 1
 0 -1 0  0  0 0
 0  1 1  0  0 0
 0  0 0 -1 -1 0
 0  0 0  0  1 1
 0  0 0  0 -1 0
1,1,1;1;1;1 1 14
1 
#1 
6	% 
  0 -1 -1 0 0 0
 -1  0 -1 0 0 0
  1  1  1 0 0 0
  0  0  0 0 0 1
  0  0  0 0 1 0
  0  0  0 1 0 0
1,1,1;1;1;1 1 2
9 
#1 
6	% 
 0 0  0 -1  0  0
 0 0 -1 -1 -1 -1
 1 0  0  0  0  0
 0 1  0  0  0  0
 0 0  1  0  0  1
 0 0 -1 -1 -1  0
1,1;1,1;1;1 1 18
18 
#1 
6	% 
 0 0 1  1  1  1
 0 1 0  0  0  0
 1 0 0  0  0  0
 0 0 0 -1  0  1
 0 0 0  0  0  1
 0 0 0  0 -1 -1
1,1;1,1;1;1 1 2
9 
#1 
6	% 
 0 0  0  2 1  1
 0 0 -1  0 0  0
 0 1  1  0 0  0
 1 0  0  0 0  0
 0 0  0 -1 0 -1
 0 0  0  2 1  0
1,1;1,1;1,1 1 8
6 
#1 
6	% 
 1 0  0  0  0  0
 0 1  0  0  0  0
 0 0 -1 -1 -1 -1
 0 0  1  0  1  1
 0 0  1  0  0  1
 0 0  0  1  0 -1
1,1,1;1;1;1 1 1
1 
#1 
6	% 
 0 0 0  0 1  1
 0 0 0 -1 0  0
 0 0 0  0 0 -1
 1 0 0  0 0  0
 0 1 0  0 0  0
 0 0 1  0 0  0
1,1;1,1;1;1 1 7
9 
#1 
6	% 
 0 0 -1 -1 -1  1
 0 0  0 -2 -1 -1
 1 0  0  0  0  0
 0 1  0  0  0  0
 0 0  1  1  1  0
 0 0 -1  0  0  1
1,1;1;1;1;1 1 24
9 
#1 
6	% 
 0 0 -1 -1 -1 -1
 1 0  0  0  0  0
 0 1  0  0  0  0
 0 0  0 -1  0  1
 0 0  1  1  0  0
 0 0 -1 -1 -1  0
1,1;1;1;1;1 1 26
3 
#1 
6	% 
 0 1 0 0  0 0
 0 0 1 0  0 0
 1 0 0 0  0 0
 0 0 0 0  0 1
 0 0 0 1  0 0
 0 0 0 0 -1 0
1,1;1;1;1;1 1 2
3 
#1 
6	% 
 0 0 0 -2 -1 -1
 1 0 0  0  0  0
 0 1 0  0  0  0
 0 0 1  0  0  0
 0 0 0  0  0  1
 0 0 0 -1 -1  0
