#21

1;1;1;1;1;1 1 13
1 
#1 
6	% 
 1 0 0 0 0 0
 0 1 0 0 0 0
 0 0 1 0 0 0
 0 0 0 1 0 0
 0 0 0 0 1 0
 0 0 0 0 0 1
1,1,1,1,1,1 1 1
1 
#1 
6	% 
 1 0 0 0 0 0
 0 1 0 0 0 0
 0 0 1 0 0 0
 0 0 0 1 0 0
 0 0 0 0 1 0
 0 0 0 0 0 1
1,1,1,1,1;1 1 2
6 
#1 
6	% 
  0 -1  0  0  1 -1
  0 -1  0  0  1  0
  1  0  1  1  2 -1
 -1 -2  0 -1  0 -1
 -1  1 -1  0 -2  1
  0 -1  1  0  2 -1
1,1,1,1;1,1 1 2
6 
#1 
6	% 
 0  0  0 1 0  0
 0  0  0 0 0  1
 0 -1 -1 0 1 -1
 1  0  0 0 0  0
 0  1  0 0 0  0
 0  0  0 0 1  0
1,1,1,1;1,1 1 3
9 
#1 
6	% 
  0  0  0  1  0  0
  1  1  1  1  1  1
 -1  1  0  0  0  1
  0 -1  0 -1 -1 -1
  2  1  1  1  1  0
 -2 -1 -1  0  0  0
1,1,1;1,1,1 1 3
9 
#1 
6	% 
 -1 -1 -1  0 -1  1
  0  1  0 -1 -1  0
 -1 -1 -1  0  1  0
  1  1  1  0  0  0
  1 -1  0  0  1 -1
 -1  0  0  0 -1  1
1,1,1;1,1,1 1 1
1 
#1 
6	% 
  0 -1  0  0 -1  0
 -1  0  0  0 -1  0
  1  1  0  0  1  0
  0  0  0 -1  0 -1
  0  0 -1  0  0 -1
  0  0  1  1  0  1
1,1,1;1,1;1 1 4
6 
#1 
6	% 
  0  0  0  1  0  0
  0  0  0  1  0  1
  0  0 -1 -1  0 -1
 -1  0  0  0 -1  0
 -1 -1  0  0 -1  0
 -1  0  0  0  0  0
1,1,1;1,1;1 1 7
18 
#1 
6	% 
 1  2 0  0 0 0
 0  0 0 -1 0 0
 0 -1 0  2 1 0
 0  0 1 -1 0 0
 0  0 1 -1 0 1
 1  1 0  0 0 0
1,1,1,1;1;1 1 5
9 
#1 
6	% 
  0 1 0 0 -1  0
  0 1 0 1 -1  0
  0 0 0 0 -1  0
  1 0 1 0  2  0
 -1 0 0 0 -2 -1
  1 0 0 0  1  0
1,1,1,1;1;1 1 4
6 
#1 
6	% 
  0  0 -1 0  0  0
  0  0  0 0  0 -1
  0  2  3 1 -2  1
  0 -1 -2 0  1  0
 -1  0  1 0 -1  0
  0  0  1 0 -1  0
1,1,1;1,1;1 1 10
36 
#1 
6	% 
  0  0 0  1  0 -2
  0 -1 0  1  1 -2
  0  1 1 -3 -1  5
  0  0 0  0  0 -1
  0  0 0  1  1 -1
 -1  0 0  0  0  0
1,1;1,1;1,1 1 4
9 
#1 
6	% 
  0  0  1 -1  0 1
 -1 -1  0  0 -1 0
  1  0  0 -2  1 0
  0  0 -1  1  0 0
  0  0  1  0  0 0
 -1 -1  0 -2  0 0
1,1,1;1;1;1 1 6
2 
#1 
6	% 
  0 0 1  0 0  1
  0 0 0 -1 0  0
  0 0 0  0 0 -1
 -1 0 0  0 0  0
  1 0 0  0 1  0
  1 1 0  0 0  0
1,1;1,1;1;1 1 20
18 
#1 
6	% 
 0  0 -1  0  0 1
 0  1  1  2 -1 0
 0 -1  0 -2  1 0
 1  1  0  1  0 0
 0  1 -1  3 -1 0
 0  1  0  1  0 0
1,1,1;1;1;1 1 8
18 
#1 
6	% 
 0  0  0  1  0 0
 0  1  0 -1 -1 1
 1  0  0  1  1 0
 1  0  0  0  0 0
 0 -1 -1  1  1 0
 1  1  0 -1  0 0
1,1;1,1;1;1 1 8
9 
#1 
6	% 
 0  0  1  1 0 1
 1  1  0  0 1 0
 0 -1  0  0 0 0
 0  0 -1 -1 0 0
 0  0  0  1 0 1
 1  1  0  0 0 0
1,1;1,1;1;1 1 14
18 
#1 
6	% 
 0 1  0  0 -1 0
 0 0  0  0  0 1
 1 0  0 -1  1 0
 0 0  0  1  0 0
 0 0  0 -1  1 0
 0 0 -1  1  0 0
1,1;1,1;1,1 1 7
6 
#1 
6	% 
 -1  0 0  0  0 0
  0  1 0 -1 -1 1
  0  0 0  0 -1 0
  0  0 0 -1  0 0
  0 -1 0  0  0 0
  0  1 1 -1 -1 0
1,1;1;1;1;1 1 10
6 
#1 
6	% 
 0 0 1  2 0 -1
 0 0 0 -2 0  1
 1 0 0  0 1  0
 1 0 0  0 0  0
 0 0 1  1 0  0
 1 1 0  0 0  0
1,1;1;1;1;1 1 20
9 
#1 
6	% 
  0  1 0  2 -1  0
  0 -1 1 -2  1  0
  0 -1 0 -1  0  0
  0  0 1  0  0 -1
 -1 -1 0 -1  0  0
  0  1 1  1 -1  0
