#39

2-1;2-1;1;1 1 30
1 
#1 
6	% 
 1 0 0 0 0 0
 0 1 0 0 0 0
 0 0 1 0 0 0
 0 0 0 1 0 0
 0 0 0 0 1 0
 0 0 0 0 0 1
1,1,1,1,1,1 1 1
1 
#1 
6	% 
 1 0 0 0 0 0
 0 1 0 0 0 0
 0 0 1 0 0 0
 0 0 0 1 0 0
 0 0 0 0 1 0
 0 0 0 0 0 1
1,1,1,1;1,1 1 3
16 
#4 
6	% 
 0 0 0  0 -1 1
 0 0 0  1 -1 0
 0 0 0  0  1 0
 1 1 0 -1  1 0
 0 0 1  1 -1 0
 1 0 0  0 -1 0
6	% 
 -1 -1  0  0  0  0
 -1 -1 -1 -1  1  0
  2  0  0  0  0 -1
  0  1  0  0 -1  1
 -2  0 -1  0  1  1
  1 -1  1  0  0 -1
6	% 
 -1 0 0  0  1 0
 -1 0 0  0  1 1
 -1 0 1  1  0 0
  1 0 0 -1 -1 0
  0 0 0 -1  1 0
  1 1 0  1  0 0
6	% 
  0  1  1  0 1 -1
  0 -1 -1  1 0 -1
  1  0  1  0 0  0
 -1  0 -1 -2 0  1
 -1 -1 -2  0 0 -1
  1  1  1  1 0  0
1,1,1,1,1;1 1 2
6 
#2 
6	% 
  0 -1 1 -1 -1  0
 -1 -2 0 -1 -1  0
 -1 -2 0 -1 -2  1
  0 -1 0 -2 -1  1
  0  2 0  2  2 -1
 -1 -2 0 -2 -2  1
6	% 
  1 -1  0  0  0 0
  1 -1  0  1  0 0
  1 -1 -1  0 -1 0
  2  0  0  1  1 0
 -2  2  0 -1  0 1
  2 -1 -1  1  0 1
2-1',2-1';1,1 1 2
2 
#1 
6	% 
  0 0  1 0 0  0
 -1 0  0 1 0  0
  0 0  0 0 1 -1
  0 0  0 0 0 -1
  0 0  1 1 0  0
  0 1 -1 0 0  1
1,1,1;1,1,1 1 3
14 
#5 
6	% 
  0 1 -1  1 1 0
  0 0 -1  0 0 1
 -1 0  1  1 0 0
  1 0  0 -1 0 0
  1 1  0 -1 0 0
  0 0  0  1 0 0
6	% 
  1  0  0  0 -1 -1
 -1  0  0 -1  0  0
  1  1  0  1 -1  0
 -1 -1  0  0  1  1
 -1  0  1  1  1  0
  2  0 -1  0 -1 -1
6	% 
  1  0  0  1  0  0
 -1 -2 -1  0 -2  0
  2  1  1  0  1 -1
 -1 -1 -1 -1 -1  0
  0  2  0  0  1  1
  0 -1 -1  1 -1  0
6	% 
  0  0 0  0 1  0
 -1 -1 0  1 0 -1
  0  0 0 -1 0  0
  0  1 0  1 0  0
  1  0 0 -1 0  0
  0  0 1  1 0  0
6	% 
  0 -1  0  0 -1 0
 -1  0 -3 -2  0 1
  1  0  2  1  0 0
  0  0  0 -1  0 0
  1  1  2  2  0 0
  0  0 -1  0  0 0
2-1;1,1,1;1 1 8
4 
#1 
6	% 
  0  0 -1 0  1  0
  0  0  1 0  0 -1
  0  0  1 0 -1  1
 -1  0  0 1 -1  1
  0  0  0 1  1 -1
 -1 -1  0 0  1 -1
1,1,1,1;1,1 1 2
3 
#2 
6	% 
 -1 -1  0  0 1 -1
 -1 -1 -1  0 0  0
 -1 -2  1  0 0 -2
 -1  0  0 -1 0  0
  2  2  0  1 0  1
 -1 -2  0  1 0 -1
6	% 
 1 -1  1 0  0 0
 0  0 -1 0  0 0
 0 -1  2 1  0 0
 0  0  0 0 -1 1
 0  1 -1 0  1 0
 0  0  0 0  1 0
2-1',2-1';1;1 1 6
2 
#1 
6	% 
  0  1 -1  1  0  0
 -1  0  1  2  0  0
  1  0 -1 -2  1  0
  0 -1  2  0 -1  0
  0 -1  1  0 -1 -1
  0  0  0  0 -1  1
2-1;1,1;1,1 1 9
4 
#1 
6	% 
  0 0 -1 0 1 0
 -1 0 -1 0 0 1
  1 1  0 0 0 0
 -1 0  0 1 0 0
  0 0  0 1 0 0
  0 0 -1 0 0 0
1,1,1;1,1;1 1 11
56 
#9 
6	% 
  2  1 -1 0 -2 0
  1  1 -1 0  0 0
 -4 -3  3 1  1 0
  3  1  0 0 -1 0
 -2  0 -1 0  0 0
  1  1 -1 0 -1 1
6	% 
  1  0  0 0 0 -2
  0 -1  1 0 0 -2
 -2  1 -1 0 1  5
  1  0  0 0 0 -1
  0  0  1 0 0 -1
  0  0  0 1 0 -1
6	% 
 -1 -2  2 0  0 -2
  0 -1  3 0  0 -2
  1  4 -7 0  0  6
 -1 -1  1 1  0 -1
  0 -1  2 0 -1 -1
  0 -1  1 0  0 -1
6	% 
 -1 -2  2 -2  0 0
  0 -1  1 -2  0 0
  1  4 -4  5  0 1
  0 -1  2 -1 -1 0
  0  0  0 -1  1 0
  0 -1  1 -1  0 0
6	% 
  1  0  0 0 -2  0
  3  1 -1 0 -2 -2
 -5 -1  1 0  5  3
  1  1  1 1 -1  0
  1  0 -1 0 -1 -1
  1  0  0 0 -1  0
6	% 
  1  0  2  0 -2 0
  1 -1  1 -2 -2 0
 -3  1 -4  3  5 0
  0  0  1  0 -1 1
  0 -1  1 -1 -1 0
  1  0  1  0 -1 0
6	% 
 0  1  1  0 0 0
 0  0  1 -1 0 0
 0 -2 -4  1 1 0
 1  1  2  1 0 0
 0  0  0 -1 0 0
 0  1  0  0 0 1
6	% 
 0  3 -1 0  0 0
 1  3 -1 0  0 0
 0 -7  2 0  0 0
 0  1  0 0 -1 0
 0  2 -1 1  1 0
 0  2 -1 0  0 1
6	% 
  0 -1  1 0 -2 0
  1 -1  1 0 -2 0
 -1  2 -2 0  5 0
  0  0  1 1 -1 0
  1  0  1 0 -1 0
  0  0  0 0 -1 1
1,1;1,1;1,1 1 9
8 
#4 
6	% 
  0  1 -1  0 1  1
  0 -1  1 -1 0  0
 -1 -1  1 -1 0  0
 -1 -1  2 -1 0  0
  0  0  1  0 0 -1
  1  2 -2  1 0  1
6	% 
 -1 -1  0  0  0  0
 -1  0  0  0 -1  1
 -1  1 -1  0  1  1
  0  1 -1 -1  1  1
  1  1  0 -1  1  0
  0 -1  0  0  0 -1
6	% 
  0  1 -1  0 1  1
  0 -2  0 -1 0  0
  0  2  1  2 0  0
 -1  2  0  2 0  0
  0  2  1  2 0 -1
  1  1  0  0 0  1
6	% 
  0  0 0 0 1 -1
 -2 -1 0 0 0  0
 -1  0 1 0 0  0
 -1  0 1 1 0  0
  0  1 0 1 0  1
  1  0 0 0 0 -1
1,1,1;1;1;1 1 19
4 
#1 
6	% 
 -1 0  0  1 1  0
  1 0  0 -1 0 -1
 -1 0  0  1 0  0
  0 0 -1  0 0  0
  1 1  0  0 0  0
  0 0  0 -1 0  0
1,1;1,1;1;1 1 36
12 
#2 
6	% 
  0 0  0 -1 0 1
  1 1 -1 -1 1 0
  1 1  0  0 0 0
 -1 0  0  1 0 0
  0 0  0 -1 0 0
  0 0 -1  0 0 0
6	% 
  0 1  0 0  0 1
 -1 0  0 1  1 0
 -1 0 -1 1  1 0
  1 0  0 0 -1 0
  0 1  0 1  1 0
  0 0  0 0  1 0
1,1;1,1;1,1 1 12
8 
#2 
6	% 
 -1  0 -1 -1 1  0
 -1  0  0  1 0  0
  1  0  1  0 0  0
 -1 -1  1  0 0 -1
  1  1 -1 -1 1  0
 -1 -1  1  1 0 -1
6	% 
  1  0 -1  0 0  1
 -2 -1  0 -1 0 -1
 -2 -1  1  0 0 -1
 -2  0  0  0 1 -1
  0  0 -1  0 0  0
  0  0 -1 -1 1  0
1,1,1,1;1;1 1 5
12 
#3 
6	% 
  0  0  0  0  1 -1
  1  0  0 -1  0 -1
  0  0 -1 -1  1  0
  0  0  0  1 -1  1
  1  0  0 -1  1 -1
 -1 -1  0  1 -1  0
6	% 
 0  0  1  1 -1  0
 1  1  1  1 -1  0
 0 -1  2  0 -1 -1
 0  0 -2 -1  2  0
 1  0  2  1 -2  0
 0  0 -1  0  1 -1
6	% 
 -1  0 -1  1  1  0
  0  0  0  0  1 -1
 -2 -1 -1  1  1 -1
  2  1  1 -1 -2  1
 -1  0 -2  1  2 -1
  1  1  1 -1 -1  1
1,1,1;1;1;1 1 17
8 
#2 
6	% 
 0  1 -1 1  1  0
 0 -2  2 0 -3  0
 0  0  0 0  1 -1
 0  1 -2 0  2  0
 1  0  1 0 -1  0
 0  1 -1 0  1  1
6	% 
 -1  0 -1  1 1  0
  2  1  1 -3 0  0
 -1 -1  0  1 0 -1
 -2 -1  0  2 0  0
  1  1  0 -1 0  0
 -1  0 -1  1 0  1
1,1;1,1;1;1 1 27
12 
#3 
6	% 
  0  0  0  0 1 -1
  1  1 -1  1 0  0
  0 -1  2 -2 0  0
  0 -1  1 -1 0 -1
  1  1 -1  2 0 -1
 -1 -2  1 -2 0  0
6	% 
 1  0 0 1  0  0
 0  0 0 0  1 -1
 1  0 1 0 -2  0
 1  0 0 0 -1  0
 0  0 0 0  2 -1
 0 -1 0 0 -2  0
6	% 
  0  1 -1  0 1 1
  1  1  1  1 0 0
 -1 -2 -3 -2 0 0
 -1 -1 -2 -1 1 0
  2  3  2  2 1 0
 -2 -3 -2 -2 0 0
1,1,1;1;1;1 1 16
12 
#3 
6	% 
  0  1 -1 0  1  1
  0  2 -1 0  1  3
  1 -1  2 0 -1 -3
  0  1 -1 0  1  2
 -1  1 -1 1  1  2
  0  0  0 1  0  0
6	% 
 -1 -1  2  0 0 0
 -3 -3  4 -1 0 0
  2  3 -4  1 0 0
 -2 -2  2 -1 0 1
 -2 -2  2 -1 1 0
  0  1 -1  0 1 1
6	% 
  0  0  1 0  0  0
  1  0  3 0 -1 -1
 -1 -1 -2 0  1 -1
  1  0  2 0 -1  0
  0  0  2 1 -1  0
  0  0  0 1  0  0
1,1;1,1;1;1 1 37
24 
#4 
6	% 
 -1 -1  0  0  0  0
  0 -1  1  0  0 -1
  1  1 -1 -1  1  0
 -1 -1  1  1  0 -1
 -1 -1  0  1 -1  0
  0  0  0  1  0  0
6	% 
  1  0  1  0  0 -1
  0  0  0 -1  0  0
 -1  0 -1  0  1  0
 -1 -1  1  0 -1  0
  0 -1  1  0 -1 -1
  0 -1  1 -1 -1  0
6	% 
 -1 -1  0  0 0 -1
  1  0  0 -1 0  0
  0  0  0  0 0  1
  1  1 -1  0 1  0
  0  0 -1  0 0  0
  1  1 -1 -1 1  0
6	% 
 -1  0  0  1  0 0
  0  1  0  1  0 1
  2  1 -1 -1 -1 0
 -1  0  1  1  1 0
 -2 -1  1  0  1 0
 -1  0  0  0  1 1
1,1,1;1,1;1 1 7
12 
#3 
6	% 
 -1  0 -2  2  0 0
  0  1 -1  2  0 0
  0 -3  4 -6  0 0
  0  0  0  1 -1 0
  0  0  0  0 -1 1
  0  0 -1  1  0 0
6	% 
  1  0  0 -2  0 0
  1 -1  1 -2 -2 0
 -2  2 -2  4  3 1
  1  0  0 -1 -1 0
  1  1  0  0  0 0
  0  0  0 -1  0 0
6	% 
  2  3 -1 0  2  0
  1  2  0 0  2  0
 -3 -5  0 0 -4  0
  1  1  0 1  1  0
  0  0  0 1  0  0
  1  1  0 0  1 -1
1,1,1,1;1;1 1 6
3 
#2 
6	% 
  1  0  1  0 -1 -1
  1  1  0  0  0  0
  1  1  1  0  0  0
 -1 -1 -1  0  0  1
  2  1  1 -1  0 -1
  0  0  0  1  0  0
6	% 
  1 0 -1 0  0 0
  1 0  0 0  0 0
  0 0  0 1  0 0
 -1 0  1 0  0 1
  1 1 -2 0  1 0
  0 0  0 0 -1 1
2-1,2-1;1,1 3 2
2 
#1 
6	% 
  0 0  0  0 -1 1
  5 2  1 -5  0 0
  1 0  1 -2  0 0
  1 0  0  0 -1 0
 -1 0 -2  3  0 0
  1 1 -1  0  1 0
2-1,2-1;1;1 3 5
2 
#1 
6	% 
 1 1 -2  2  0 0
 3 1  2 -5  0 0
 4 2  1 -5  0 1
 0 1 -3  3  0 1
 0 0  0  0 -1 1
 0 1 -1  0  1 1
2-1;2-1;1,1 1 9
1 
#1 
6	% 
 0 1 -1  0  1 1
 0 0  0 -1  0 0
 1 0  0 -1 -1 0
 0 0 -1  0  0 0
 0 0  0  0  1 0
 1 1  0  0  0 0
2-1,2-1;1,1 1 2
2 
#1 
6	% 
 -1 -1  0 0 0  0
  0  0  0 1 0  0
  0  0  0 0 1 -1
 -1 -1  0 0 0 -1
  1  1  1 0 0  0
 -1  0 -1 0 0  1
2-1,2-1;1;1 1 6
2 
#1 
6	% 
  1  1  0 0  0  0
  0  0  0 1  0  0
 -1  0 -1 0  1  0
  0 -1  0 0 -1  0
  0 -1  1 0 -1 -1
  0  0  0 0 -1  1
1,1;1,1;1;1 1 38
8 
#4 
6	% 
  2  0 1  0  0 0
  3  1 0  0  0 0
 -3 -2 1 -1  0 0
 -2 -1 0  0 -1 0
  2  0 1  0 -1 0
  0  0 0  0 -1 1
6	% 
  0 1 -2 0  0  2
 -1 0 -1 0  0  2
  1 0  1 0 -1 -1
  1 0  1 0  0 -1
  0 0 -1 0  0  1
  0 0  0 1  0  0
6	% 
 -1 -1  1  1 0 0
 -1  0  1  2 0 0
  1  0 -1 -1 0 0
  1  1 -1 -1 1 0
 -1  0  0  1 1 0
  0  1 -1  0 1 1
6	% 
  0  0 -1 0  0 0
  1  1  0 0  0 0
 -2 -1  0 1  0 0
 -1 -1  1 0 -1 0
  1  0  0 0 -1 0
  0  0  0 0 -1 1
1,1;1,1;1;1 1 15
3 
#2 
6	% 
  0  1 -1  0  1 1
  0  0  0  1  0 0
 -1 -1  1 -1 -1 0
  1  0  0  1 -1 0
  0  0 -1  0  0 0
  1  1  0  0  0 0
6	% 
 0  0  1  0  0  0
 0  0  0  1  0  0
 0  1 -1 -1  1  0
 1  0  0  1 -1  0
 0 -1  1  0 -1 -1
 0  0  0  0 -1  1
2-1;1,1;1;1 1 33
8 
#1 
6	% 
 0 0 -1  0 1  0
 0 0  1  0 0  0
 1 0  0 -1 0  0
 0 0  0 -1 0  0
 0 0  1  0 0 -1
 1 1  0  0 0  0
2-1;1,1;1;1 1 34
2 
#1 
6	% 
  0  1 -1 0 1  1
  1  1  0 0 0  0
 -1  0  0 1 0  0
 -1 -1  1 1 0 -1
  0  0  1 0 0  0
 -1 -1  1 0 0 -1
1,1;1,1;1,1 1 3
1 
#1 
6	% 
  0  2 -2  0 1  3
  0  0  1  0 0  0
 -1  0  0 -1 0  0
  0 -1  1  0 0 -2
 -1  0 -1 -1 0  1
  0  0 -1  1 0  1
2-1;1;1;1;1 1 43
2 
#1 
6	% 
  1  1  0 0 1 0
  0  1  0 0 0 1
 -1  0  0 1 0 0
 -1 -1  0 0 0 0
 -1 -1 -1 0 0 0
  1  0  0 0 0 0
1,1;1;1;1;1 1 55
8 
#1 
6	% 
  1 1 -1 -1 1 0
  1 1 -1 -1 0 1
  0 0  0  1 0 0
  1 1  0  0 0 0
 -1 0  0  1 0 0
  0 0 -1  0 0 0
1,1;1;1;1;1 1 52
12 
#3 
6	% 
 -1 -1  1  0 0 0
  5  6 -6  2 0 0
  0  0 -1  0 0 0
  3  4 -4  1 1 0
  3  4 -4  1 0 1
 -2 -3  3 -1 0 0
6	% 
 -1 -1  1 0  0 0
  4  5 -5 0  2 0
  0  0 -1 0  0 0
  2  3 -3 0  1 0
  2  3 -3 1  1 0
 -2 -2  2 0 -1 1
6	% 
 -1 -1 -1  0 0 0
  5  6  6  2 0 0
  1  1  0  0 0 0
  3  4  3  1 1 0
  3  4  3  1 0 1
 -2 -3 -3 -1 0 0
1,1;1;1;1;1 1 56
1 
#1 
6	% 
  0 1 -1 0 1 1
  0 1  0 0 0 1
 -1 0  0 1 0 0
  1 1  0 0 0 0
  0 0  0 1 0 0
  0 0  1 0 0 0
1;1;1;1;1;1 1 48
1 
#1 
6	% 
 0 1 -1  1 1 0
 0 0  0 -1 0 1
 1 0  0 -1 0 0
 0 0  1  0 0 0
 1 1  0  0 0 0
 0 0  0 -1 0 0
1,1;1;1;1;1 1 41
3 
#2 
6	% 
  0 -1  1  0 -3 1
  0  0 -1  0  0 0
 -1 -1  0  1 -1 0
  1  0  0 -1  0 0
  0  0  0  1 -1 0
  0  0  0 -1  0 0
6	% 
 -2 -2 -1  0  0  0
  0 -1  1  0 -1 -1
 -1 -1  0  1  0 -1
  1  0  0 -1  0  0
 -1 -1  0  1 -1  0
  0  0  0 -1  0  0
1;1;1;1;1;1 1 36
1 
#1 
6	% 
 -1 0  0  2 0  0
  0 1 -1  0 0  2
  0 0  0 -1 0  0
  0 0  0 -1 0  1
  1 1  0 -1 0  1
  0 0  0  0 1 -1
