#48

3;2-2;1 1 4
1 
#1 
6	% 
 1 0 0 0 0 0
 0 1 0 0 0 0
 0 0 1 0 0 0
 0 0 0 1 0 0
 0 0 0 0 1 0
 0 0 0 0 0 1
1,1,1,1,1,1 1 1
1 
#1 
6	% 
 1 0 0 0 0 0
 0 1 0 0 0 0
 0 0 1 0 0 0
 0 0 0 1 0 0
 0 0 0 0 1 0
 0 0 0 0 0 1
2-1;1,1,1;1 1 8
6 
#2 
6	% 
 1  0  0  0  0  0
 0 -1  0  0  0  0
 0  1  0 -1  0  0
 0  1  1  0  0  0
 0 -1  0  0  0 -1
 0 -1 -1 -1 -1  0
6	% 
  1  0 0 0 0  0
  0  1 0 0 0  0
 -1 -1 0 1 0  0
 -1 -1 1 0 0  0
  1  1 0 0 0 -1
  1  1 1 1 1  0
1,1,1,1;1,1 1 1
1 
#1 
6	% 
 0  0 -1 -1  0 -1
 0  0  0 -1 -1 -1
 0  0 -1  0 -1 -1
 0  0  1  1  1  1
 0 -1  0  0  0  0
 1  1  0  0  0  0
1,1,1,1,1;1 1 2
12 
#3 
6	% 
 0 -1  1  0 -1  0
 0  0  1  1  0  1
 0 -1  0  1 -1  0
 0  0  1  0  0  1
 1  0 -1 -1  1 -1
 1 -1  1  1 -1  1
6	% 
  0  0  0  0 -1 1
  0  0  0 -1 -1 1
  0  1  0  0  0 0
 -1 -1 -1 -1 -1 0
  1  0  0  1  1 0
 -1  0 -1 -1 -1 1
6	% 
 -2  1 -1 -1 -1 -1
 -2  1 -1 -1 -1  0
 -2  1 -2 -1 -1 -1
 -2  1 -1  0 -1 -1
  3 -1  2  1  2  1
 -3  2 -2 -1 -2 -1
1,1,1,1;1,1 1 3
42 
#4 
6	% 
  0 -1  0  0  0  0
 -1 -1 -1  0 -1  0
  0  0 -2 -1 -1  1
  1  1  1  0  0  0
 -1 -1  0  0  0 -1
  0  0 -1 -1  0  1
6	% 
  0  1  0  0  0  0
 -1 -1 -2 -2 -1  1
  0 -1  0  0 -1  0
  1  0  1  1  1 -1
 -1  0 -1 -1  0  0
  0  1  0 -1 -1  1
6	% 
  0 -2 -1  1  0 -1
  0  0  0  1  1 -1
 -1  1  0  0  0  1
  1 -1  0 -1 -1  1
  1  0  0  1  1 -1
 -1  0 -1  0  0  0
6	% 
  0  0  0 1  0  0
 -2  1 -1 0 -1  0
  0 -1 -1 0  0  0
  1  1  1 0  0  0
 -1  2  0 0  0 -1
  0 -1  0 0  0  1
2-1;1,1;1,1 1 11
18 
#2 
6	% 
  1  1 -1  0  0 -1
 -1  2 -1  0 -1  0
  1 -1  0 -1  0  0
 -1  0  0  0  0  1
 -1  0  1  0  0  0
 -1  1 -1 -1 -1  0
6	% 
  1  1  1  0  1  0
 -1  2 -1  0  0 -1
  1 -1  1  0  0  0
 -1  0 -1 -1 -1  0
 -1  0  0  1  0  0
 -1  1  0  0  0 -1
1,1,1;1,1,1 1 2
6 
#1 
6	% 
  1  0  1 0  0 -1
 -1 -1 -1 0  0  1
  0  0  1 1  0  1
  0  0  0 0 -1  1
  0  0 -1 0  1 -1
  0  0  0 0  1 -2
1,1,1;1,1,1 1 4
18 
#2 
6	% 
  1  0  1  1  1 0
  2 -1  1  1  1 0
 -2  1 -2 -2 -2 1
  1 -1  0  1  0 0
 -2  1 -1 -2  0 0
  2 -1  0  1  0 0
6	% 
 -1  2 -1 -2 -1  0
  0  1  0  1  0  0
  0 -2  1  0  0  0
  1  1 -1  0  0  1
  0 -2  1  1  1  0
  0  1  0  0  0 -1
2-2;1,1,1,1 1 1
1 
#1 
6	% 
 0 1  0  0  0  0
 1 0  0  0  0  0
 0 0  0 -1 -1 -1
 0 0 -1  0 -1 -1
 0 0 -1 -1  0 -1
 0 0  1  1  1  1
2-2;1,1,1,1 1 2
4 
#1 
6	% 
  1  0  0 0 0 0
  0  1  0 0 0 0
  1  1  0 0 0 1
 -1 -1 -1 0 0 0
  1  1  0 1 0 0
 -1 -1  1 1 1 0
2-2',2-2';1,1 1 2
8 
#1 
6	% 
  0 0  0  0 -1 -2
  0 1  1 -1  0  0
 -1 1 -1 -2 -1  0
  0 0 -1  0  0  1
  0 0 -1 -1 -1 -1
  0 0  0 -1  0  1
2-1;1,1;1;1 1 26
3 
#1 
6	% 
 0 -1 0 0 0  0
 1  1 0 0 0  0
 0  0 0 1 0  0
 0  0 1 0 0  0
 0  0 0 0 0 -1
 0  0 1 1 1  0
2-1;1,1;1;1 1 32
36 
#4 
6	% 
 -1  1  0  0  0  0
 -1  0  0  0  0  0
  0  1  0 -1  0  0
  0 -1  0  0  0 -1
  0 -1 -1  0  0  0
  0 -1 -1 -1 -1  0
6	% 
 -1  0 -2 0 -1 -1
  1 -1  2 0  1  1
 -2  1 -3 1 -1 -2
  2 -1  3 0  2  2
  2 -1  4 0  2  1
  2 -1  4 1  2  2
6	% 
 -1  1  0  0  0 0
 -1  0  0  0  0 0
  0  1  0 -1  0 0
  0 -1  0  0  0 1
  0 -1  1  0  0 0
  0 -1 -1 -1 -1 0
6	% 
 -1 1  0  0  0 0
  1 0  0  0  0 0
  0 0  0 -1  0 0
  0 0  0  0  0 1
  0 0  1  0  0 0
  0 0 -1 -1 -1 0
2-2;2-1;1;1 1 11
3 
#1 
6	% 
 -1 1 0 0 0  0
  0 1 0 0 0  0
  0 0 0 1 0  0
  0 0 1 0 0  0
  0 0 0 0 0 -1
  0 0 1 1 1  0
1,1,1;1;1;1 1 10
18 
#1 
6	% 
 0  0  0 0 0 1
 0  0  0 0 1 0
 0  0  0 1 0 0
 1  0  0 0 0 0
 1 -1  0 0 0 0
 0  0 -1 0 0 0
2-2;1,1;1,1 1 3
4 
#1 
6	% 
 0  0 0  0 1 -1
 0 -1 0  0 0  0
 1  1 0  0 0  0
 0  0 0  0 0 -1
 0  0 1  0 0  0
 0  0 0 -1 0  0
1,1;1,1;1,1 1 5
3 
#1 
6	% 
 0 -1  0  0  0  0
 1  1  0  0  0  0
 0  0  1  0  0  0
 0  0 -1 -1  0 -1
 0  0  0 -1  0  0
 0  0  0  0 -1  0
1,1,1,1;1;1 1 3
3 
#1 
6	% 
  0  0 -1  0 -1 -1
  0  0 -1 -1  0 -1
  0  0  0 -1 -1 -1
  0  0  1  1  1  1
 -1  0  0  0  0  0
  1 -1  0  0  0  0
1,1;1,1;1;1 1 34
9 
#1 
6	% 
  0 0 -1 -1  0  0
  0 0  0  0 -1  0
 -1 1  0  0  0  0
  0 0  0 -1 -1  1
  0 0  1  1  1 -1
  1 0  0  0  0  0
1,1,1;1,1;1 1 2
6 
#1 
6	% 
 0 0  1  1 0 0
 0 0  1  1 1 0
 0 0 -1 -1 0 1
 1 0  0  0 0 0
 0 1  0  0 0 0
 0 0  1  0 0 0
2-2;2-2;1,1 1 3
4 
#1 
6	% 
 0  0 0  0  1 -1
 1 -1 0  0  0  0
 1  0 0  0  0  0
 0  0 0  0 -1  2
 0  0 0 -1  1 -1
 0  0 1  0 -1  1
1,1,1,1;1;1 1 5
39 
#3 
6	% 
 0 -1 0  1 0 0
 0  0 0  2 0 1
 1 -1 0  1 0 0
 0  1 1 -1 1 0
 0 -1 1  2 0 0
 1  0 0 -1 0 0
6	% 
 -1  1  0  0  0  0
 -1  2 -1  0 -2  1
 -1  1 -1  0 -1  1
  2 -2  1 -1  2 -1
 -2  2 -2 -1 -3  1
  1 -1  0  0  1  0
6	% 
  2 -1  1  1  1  0
  2 -1  1  2  1  0
  2 -1  2  1  1  0
 -3  1 -2 -2 -2  0
  3 -2  2  2  2  0
 -2  1 -1 -1 -1 -1
1,1,1;1,1;1 1 12
72 
#6 
6	% 
  0 -1 0  0  0  0
  0 -2 0 -1 -1  0
  0  4 0  1  0  1
  0 -1 1  1  0 -1
  0  2 0  0  0  1
 -1  0 0  0  0  0
6	% 
 0   5  0   4  2  2
 0   4  1   5  3  3
 0 -12 -1 -11 -6 -6
 0   2 -1   1  2  1
 0  -6  0  -5 -3 -3
 1   2  0   2  1  1
6	% 
 0  0  1  0  2 -1
 0 -1 -1  0 -1  0
 0  2 -1  0 -3  2
 1 -1 -1 -1 -1  0
 0  1  0  1 -1  1
 0  0  0  0  1  0
6	% 
  0  0  1 0  2 -1
 -2  1  3 0  3  0
  2 -1 -6 0 -8  2
 -1  1  2 1  2  0
  1 -1 -3 0 -4  1
  0  0  1 0  1 -1
6	% 
  2 -1  2 0  2  0
  4 -2  4 0  3  1
 -8  4 -9 0 -8 -1
  2 -1  3 1  2  0
 -4  2 -5 0 -4  0
  1  0  1 0  1  0
6	% 
 -2  1 0 0 0  0
  0  0 0 1 0 -1
  4 -2 2 0 1  1
  0  0 0 0 0 -1
  2 -1 1 0 0  1
 -1  0 0 0 0  0
2-2;1,1,1;1 1 5
24 
#2 
6	% 
  0 1  0  0 0 1
 -1 0  0  0 0 0
 -1 1  0  0 0 0
  0 0  0 -1 0 0
  0 0 -1  0 0 0
  0 0  1  1 1 0
6	% 
  0 0  0  0 0 -1
  1 0  0  0 0  0
 -1 1  0  0 0  0
  0 0  0 -1 0  1
  0 0 -1  0 0  1
  0 0  1  1 1  1
1,1,1;1,1;1 1 9
42 
#3 
6	% 
  0 0  2  1  0 1
  0 0  1  0  0 0
  0 0 -3 -1 -1 0
  0 1  1  1  0 0
 -1 0  0  0  0 0
 -2 1  0  0  0 0
6	% 
  2  2  1  2  1  0
  1  1  0  0  0  0
 -2 -3 -1 -2 -1  0
  1  1  0  1  0  0
  0  0  0  0 -1  0
  0  0  1  0  0 -1
6	% 
 0 0  0 -1  0 -1
 0 0  1 -1  0 -1
 0 0 -1  1 -1  2
 0 0  0 -1  0  0
 1 0  0  1  0 -1
 0 1  0  0  0  0
3;1,1,1 1 3
1 
#1 
6	% 
  1  0  0  0  0 0
  0  1  0  0  0 0
  1  1  0 -1  0 0
  1  1 -1  0  0 0
 -1 -1  0  0  0 1
 -1 -1 -1 -1 -1 0
2-2;1,1,1;1 1 2
6 
#1 
6	% 
 0 0  0  0 1 -1
 0 0 -1 -1 0 -1
 0 0  0  1 0  1
 0 1  0  0 0  0
 1 0  0  0 0  0
 0 0 -1 -1 0  0
1,1,1;1;1;1 1 19
4 
#2 
6	% 
 1 0  0  0  0 0
 0 1  0  0  0 0
 0 0  0 -1  0 0
 0 0  1  0  0 0
 0 0  0  0  0 1
 0 0 -1 -1 -1 0
6	% 
 1 0  0  0  0  0
 0 1  0  0  0  0
 0 0  0 -1  0  0
 0 0 -1 -1 -1  0
 0 0  0  0  0 -1
 0 0 -1  0  0  0
1,1;1,1;1;1 1 39
36 
#3 
6	% 
 -1  0  0  0 -1  1
  1 -1  0  0  1 -1
 -1  0  0 -1 -1  1
  1 -1  0  0  1  0
  1  0 -1 -1  0 -1
  1 -1  1  0  1 -1
6	% 
 -1  0 -2  0 -1 -1
  1 -1  2  0  1  1
 -1  0 -1  0 -1 -1
  1 -1  2  1  1  1
  1  0  2  0  1  0
  1 -1  1 -1  0  1
6	% 
 -1  0 -2 -2 -1  1
  1 -1  2  2  1 -1
 -1  0 -2 -2 -1  0
  1 -1  1  1  0 -1
  1  0  2  1  1 -1
  1 -1  1  2  1 -1
1,1,1;1;1;1 1 15
18 
#2 
6	% 
  0 0  1 1  1 0
  0 0  0 0  1 0
 -1 1  0 0  0 0
  0 0  0 1  0 0
 -1 0  0 0  0 0
  0 0 -1 0 -1 1
6	% 
 -1 1 -1  0 -1 0
  0 0  0  0  1 0
  0 0 -1 -1 -1 0
  1 0  1  0  1 0
  0 0  0 -1  0 0
  0 0 -1  0 -1 1
1,1;1,1;1;1 1 9
3 
#1 
6	% 
 0 -1  0 0  0  0
 1  1  0 0  0  0
 0  0  1 1  1  0
 0  0 -1 0 -2  0
 0  0  0 1  0  0
 0  0  2 0  2 -1
2-2;1,1;1,1 1 5
3 
#1 
6	% 
 1 -1  0 0 0  0
 0 -1  0 0 0  0
 0  0  2 1 1 -1
 0  0  0 0 0  1
 0  0  1 1 0 -1
 0  0 -1 0 0  0
2-1;1;1;1;1 1 35
9 
#1 
6	% 
 -1 1  0 0 0  0
  1 0  0 0 0  0
  0 0  0 1 0  0
  0 0 -1 0 0  0
  0 0  0 0 0 -1
  0 0  1 1 1  0
1,1;1,1;1,1 1 10
18 
#1 
6	% 
 1 -1  0 1 0 -1
 0  2  1 1 1  0
 0  0  0 0 1  0
 1  0  0 1 0 -1
 0  0  0 1 1 -1
 0 -2 -1 0 0  0
1,1;1,1;1;1 1 25
36 
#2 
6	% 
  0  2  2  0  2 -1
 -1 -3 -1  0  0  1
  0  0 -1 -1 -1  0
  0 -2  1  0  2  0
  0  0  0 -1  0  0
 -1  4  1  0  0 -1
6	% 
  0  0  1  0  2  0
  0  0 -1 -1 -1  0
  1 -1  1  0  0 -1
  0  0 -2  0 -2  1
 -1  0 -1  0  0  1
  0  0  0 -1  0  0
2-2,2-2;1,1 2 2
24 
#1 
6	% 
  0  0 0 1 0  0
 -1  1 0 0 0  0
 -1  0 0 0 0  0
  1  0 0 0 0 -1
  1 -1 1 0 0  0
  0 -1 1 1 1  0
2-2,2-2;1,1 1 2
24 
#1 
6	% 
  0  0  0  1  0  0
  1 -1  1  1  1  1
  1  0  2  1  1  0
  1 -2  0  1  1  1
 -1 -1 -2 -1 -1  1
 -2  1 -2 -1 -1 -1
3;1,1;1 1 12
1 
#1 
6	% 
 0  0 -1 -2 -1 0
 0  0 -2 -1 -1 0
 0  0  1  1  1 1
 0 -1  0  0  0 0
 1  1  0  0  0 0
 0  0  1  1  1 0
2-2;1,1;1;1 1 8
12 
#1 
6	% 
  0 0  0  0 1 -1
 -1 1  0  0 0  0
  1 0  0  0 0  0
  0 0  0  0 0 -1
  0 0  0 -1 0  0
  0 0 -1  0 0  0
1,1;1;1;1;1 1 28
9 
#1 
6	% 
  0  0 -1  0 0 0
  0  0  2  2 0 1
 -1  0  0  0 0 0
  0  0  0  1 0 0
  1 -1  0  0 0 0
  0  0 -1 -1 1 0
1,1;1;1;1;1 1 48
1 
#1 
6	% 
 0 -1  0  0  0 0
 1  1  0  0  0 0
 0  0 -1  0  0 0
 0  0  0  1  0 0
 0  0  0  0  0 1
 0  0 -1 -1 -1 0
1;1;1;1;1;1 1 41
3 
#1 
6	% 
 -1 1 0 0 0 0
  1 0 0 0 0 0
  0 0 1 0 0 0
  0 0 0 1 0 0
  0 0 0 0 0 1
  0 0 1 1 1 0
1,1;1;1;1;1 1 54
24 
#4 
6	% 
 -1 1  0 0 0  0
 -1 0  0 0 0  0
  0 0 -1 0 0  0
  0 0  0 0 0 -1
  0 0  1 1 1  0
  0 0  0 1 0  0
6	% 
 -1 1  0  0  0 0
 -1 0  0  0  0 0
  0 0  0  1  0 0
  0 0  0  0  0 1
  0 0 -1  0  0 0
  0 0 -1 -1 -1 0
6	% 
 -1  1  0 0 0  0
  1  0  0 0 0  0
  2 -1 -1 0 0  0
  2 -1  0 0 0 -1
  2 -1  1 1 1  0
 -2  1  0 1 0  0
6	% 
 -1  1  0  0  0 0
  1  0  0  0  0 0
  2 -1  1  0  0 0
  2 -1  0  0  0 1
  2 -1  0 -1  0 0
 -2  1 -1 -1 -1 0
3;1,1;1 1 11
6 
#2 
6	% 
 -1  1  0  0  0 0
  1  0  0  0  0 0
  0  2  0 -1  0 0
  0  2 -1  0  0 0
  0 -2  0  0  0 1
  0 -2 -1 -1 -1 0
6	% 
 -1 1  0  0  0 0
 -1 0  0  0  0 0
  0 0  0 -1  0 0
  0 0 -1  0  0 0
  0 0  0  0  0 1
  0 0 -1 -1 -1 0
2-2;1,1;1;1 1 14
3 
#1 
6	% 
 1 -1  0 0  0  0
 1  0  0 0  0  0
 0  0  1 1  1  0
 0  0 -1 0 -2  0
 0  0  0 1  0  0
 0  0  2 0  2 -1
2-2;1;1;1;1 1 20
1 
#1 
6	% 
 -1 1 0  0 0 0
 -1 0 0  0 0 0
  0 0 1  0 0 0
  0 0 0 -1 0 0
  0 0 0  0 0 1
  0 0 1  1 1 0
3;1;1;1 1 17
3 
#1 
6	% 
 1 -1 0 0 0  0
 1  0 0 0 0  0
 0  0 0 1 0  0
 0  0 1 0 0  0
 0  0 0 0 0 -1
 0  0 1 1 1  0
