#14

1;1;1;1;1;1 1 32
1 
#1 
6	% 
 1 0 0 0 0 0
 0 1 0 0 0 0
 0 0 1 0 0 0
 0 0 0 1 0 0
 0 0 0 0 1 0
 0 0 0 0 0 1
1,1,1,1,1,1 1 1
1 
#1 
6	% 
 1 0 0 0 0 0
 0 1 0 0 0 0
 0 0 1 0 0 0
 0 0 0 1 0 0
 0 0 0 0 1 0
 0 0 0 0 0 1
1,1,1,1;1,1 1 3
6 
#1 
6	% 
  1  0  0 0  0  0
 -1 -1 -1 1  1 -1
 -1  0  0 0  1 -1
  1  1  1 0 -1  1
 -1  0 -1 1  1 -1
  1  0  1 0  0  1
1,1,1,1,1;1 1 2
2 
#1 
6	% 
 1  0  0  0  0 1
 2  0  0 -1  1 1
 0 -1 -1  0  0 0
 0  0  1  0  1 0
 0  0  0  0 -1 0
 1  0  0  0  1 0
1,1,1;1,1,1 1 3
6 
#1 
6	% 
  1  0  0  0 0  0
  0  1  0 -1 0 -1
 -1  0  0  1 0  0
  1  0  0 -1 1  0
  0 -1  0  0 0  0
  1  1 -1  0 0  0
1,1,1,1;1,1 1 2
1 
#1 
6	% 
  0  0  1  1  0  1
  0 -1  1  1  1  1
  0  0  0  1 -1  1
  1  0  0  0  0  0
 -1  1 -1 -1  0 -2
 -1 -1  1  1  0  1
1,1;1,1;1,1 1 6
3 
#1 
6	% 
 1  0  0  0  0  2
 0  1  0  0  0 -1
 0  0  0  0  0 -1
 0 -1  0  0 -1  1
 0  0 -1 -1  0 -1
 0  0  0  1  0  0
1,1,1;1;1;1 1 19
4 
#1 
6	% 
 1  0 0 0 0 0
 0  0 0 0 0 1
 0  0 0 0 1 0
 0  0 0 1 0 0
 0 -1 0 0 0 0
 0  0 1 0 0 0
1,1;1,1;1;1 1 36
12 
#1 
6	% 
 1  0  0 0  0 1
 1  0  0 0  0 0
 1  0  0 1  0 1
 0  0 -1 0  0 0
 0  0  0 0 -1 0
 1 -1  0 0  0 1
1,1,1;1,1;1 1 10
12 
#1 
6	% 
 -2 -1 -1  1  1  0
 -1 -2 -1  2  1  1
  4  4  3 -4 -3 -1
 -1  0  0  1  1  0
 -1 -1 -1  1  0  0
 -1  0  0  0  0 -1
1,1,1,1;1;1 1 4
1 
#1 
6	% 
 0  2  1 0 -1  0
 0  1  1 0  0  0
 0 -3 -1 1  1  1
 0  2  0 0  0 -1
 0 -1  0 0  0  1
 1 -1  0 0  0  1
1,1;1,1;1;1 1 21
3 
#1 
6	% 
 0  1  0  0 -1  0
 0 -2 -1  2  1  1
 0  2  2 -2  0 -1
 0  1  1 -1  0  0
 0  0 -1  1  0  0
 1  1  1 -1  0  0
1,1;1;1;1;1 1 49
1 
#1 
6	% 
 1 0  0 0 0  2
 0 1  0 0 0  0
 0 0  0 0 1  0
 0 0 -1 0 0  0
 0 0  0 1 0  0
 0 0  0 0 0 -1
1,1;1;1;1;1 1 47
8 
#1 
6	% 
  1  0  0 0  0  0
 -1  0 -1 0  0 -1
  0  0  0 0 -1  0
  1 -1  0 0  0  1
  0  0  0 1  0  0
  1  0  0 0  0  1
