#54

2-2;2-1;1;1 1 5
1 
#1 
6	% 
 1 0 0 0 0 0
 0 1 0 0 0 0
 0 0 1 0 0 0
 0 0 0 1 0 0
 0 0 0 0 1 0
 0 0 0 0 0 1
1,1,1,1,1,1 1 1
1 
#1 
6	% 
 1 0 0 0 0 0
 0 1 0 0 0 0
 0 0 1 0 0 0
 0 0 0 1 0 0
 0 0 0 0 1 0
 0 0 0 0 0 1
2-1;1,1,1,1 1 1
1 
#1 
6	% 
 1 0  0  0  0  0
 0 1  0  0  0  0
 0 0  0 -1 -1 -1
 0 0 -1  0 -1 -1
 0 0 -1 -1  0 -1
 0 0  1  1  1  1
1,1,1,1,1;1 1 1
3 
#2 
6	% 
  0 0  0  0 -1  0
 -1 0 -1  0 -1 -1
 -1 0  0 -1 -1 -1
  0 0 -1 -1  0 -1
  1 0  1  1  1  1
  0 1  0  0  0  0
6	% 
  0  0 0  0 -1  0
 -1  0 0 -1 -1 -1
 -1 -1 0  0 -1 -1
  0 -1 0 -1  0 -1
  1  1 0  1  1  1
  0  0 1  0  0  0
1,1,1,1,1;1 1 2
5 
#2 
6	% 
  1  0  0  0  0  0
  0  0  1  0  0  0
  1  0  1 -1  0  0
  0 -1  0 -1 -1  1
 -1  1 -1  1  0 -1
  1 -1  1 -1 -1  0
6	% 
  0  0  0  1  0 -1
  0  0  1  0  0 -1
  1 -1  1  1  1  0
  0  0  0  0  1 -1
 -1  0 -1 -1 -1  1
  0 -1  1  1  1 -1
1,1,1,1;1,1 1 2
14 
#4 
6	% 
  1  0  0  0  0  0
  1  0 -1  0  0  0
  0 -1 -1  0 -1 -1
  0  0  0 -1 -1  1
 -1  1  1  1  1  0
  1 -1 -1  1  0 -1
6	% 
  0 0  1  0  0  0
 -1 0  1  0  0  0
  0 0  1 -1  0  0
  0 1  0  0  1  1
  1 0 -1  1  0 -1
 -1 0  1 -1 -1  0
6	% 
  1  0 0  0  0  0
  0 -1 0 -1 -1  1
  1  0 0 -1  0  0
  0  0 1  0  1  1
 -1  1 0  1  0 -1
  1 -1 0 -1 -1  0
6	% 
  0  0  0  0 1  0
 -1  1  0 -1 0 -1
  0  0  0  1 0  0
  1  1  1  0 0  0
  0 -1 -1  0 0  0
 -1  0 -1  0 0  0
1,1,1,1;1,1 1 1
3 
#2 
6	% 
 0  0 -1 -1  0 -1
 0  0  0 -1 -1 -1
 0  0 -1  0 -1 -1
 0  0  1  1  1  1
 0 -1  0  0  0  0
 1  1  0  0  0  0
6	% 
  0 0  0 -1 -1 -1
 -1 0  0  0 -1 -1
 -1 0  0 -1  0 -1
  1 0  0  1  1  1
  0 0 -1  0  0  0
  0 1  1  0  0  0
2-1;1,1,1;1 1 4
3 
#1 
6	% 
 1 0  0  0  0  0
 0 1  0  0  0  0
 0 0 -1 -1 -1  1
 0 0 -2 -1 -1  1
 0 0  1  1  0 -1
 0 0 -1 -1 -1  0
2-1;1,1,1;1 1 1
1 
#1 
6	% 
 0 1 0 0  0  0
 1 0 0 0  0  0
 0 0 0 1  0  1
 0 0 0 0 -1  0
 0 0 0 0  0 -1
 0 0 1 0  0  0
2-1;1,1;1,1 1 3
3 
#1 
6	% 
 1 0  0  0  0  0
 0 1  0  0  0  0
 0 0 -1  0 -1 -1
 0 0  0 -1 -1  1
 0 0  1  1  1  0
 0 0 -1  1  0 -1
1,1,1;1,1,1 1 2
9 
#2 
6	% 
 -1  0  0  0  0  0
  0  0 -1  0  0  0
  0  1  0  1  1 -1
  0  0  0  1  0  0
  1 -1  1 -1  0  1
 -1 -1 -1 -1 -1  0
6	% 
 -1  1  0  0  0  0
  0  1  0  0  1  1
  0  0  0 -1  0  0
  0  0 -1 -1 -1  1
  0 -1  1  1  0 -1
  0  1  1  1  1  0
1,1,1;1,1,1 1 1
1 
#1 
6	% 
  0 -1 -1  0  0  0
 -1  0 -1  0  0  0
  1  1  1  0  0  0
  0  0  0  0 -1 -1
  0  0  0 -1  0 -1
  0  0  0  1  1  1
1,1,1,1;1,1 1 3
6 
#1 
6	% 
  0  0 -1 1  0  0
 -1  1 -1 0  0  0
  0  1  0 0  0  0
  0 -1  1 0  0 -1
 -1  0 -1 0 -1  0
  1  0  0 0  0  0
1,1,1;1,1,1 1 3
6 
#1 
6	% 
  0  0  0 -1 0 0
  0  0 -1  0 0 0
  1  0  1  0 0 0
 -1  0  0  0 0 1
  0 -1  1  0 0 0
  0  1  0  0 1 0
2-2;1,1,1,1 1 2
1 
#1 
6	% 
  0  1  0  0  0  0
  0  0  1  0  0  0
 -1 -1 -1 -1  1 -1
  1  0  0  0 -1  1
 -1  0  0 -1  1  0
  1  0  0  1  0  1
2-2;2-1;1,1 1 3
1 
#1 
6	% 
 0 1 0 0 0 0
 1 0 0 0 0 0
 0 0 1 0 0 0
 0 0 0 0 0 1
 0 0 0 0 1 0
 0 0 0 1 0 0
1,1,1,1;1;1 1 1
3 
#2 
6	% 
 0 0 -1 -1  0 -1
 0 0 -1  0 -1 -1
 0 0  0 -1 -1 -1
 0 0  1  1  1  1
 1 0  0  0  0  0
 0 1  0  0  0  0
6	% 
  0 0 0 -1 -1 -1
 -1 0 0  0 -1 -1
 -1 0 0 -1  0 -1
  1 0 0  1  1  1
  0 1 0  0  0  0
  0 0 1  0  0  0
1,1,1;1,1;1 1 3
27 
#5 
6	% 
 0 0  2  0  1 -1
 0 0  1  0  0  0
 0 0 -2 -1 -1  1
 1 0  1  0  1  0
 1 0  0  0  0  0
 0 1  0  0  0  0
6	% 
  2 0  0  1 -1 0
  1 0  0  0  0 0
 -3 0  0 -1  1 1
  1 0  0  0 -1 0
  0 0 -1 -1 -1 0
  0 1  0  0  0 0
6	% 
  2 0  2  0  1  1
  1 0  1  0  0  0
 -2 0 -3  0 -1 -1
  1 0  1  0  0  1
  0 0  0 -1 -1  1
  0 1  0  0  0  0
6	% 
 0  2 0  0  1 -1
 0  1 0  0  0  0
 0 -2 0 -1 -1  1
 1  1 0  0  1  0
 1  0 0  0  0  0
 0  0 1  0  0  0
6	% 
 0  2 0  0  1  1
 0  1 0  0  0  0
 1 -3 0  0 -1 -1
 0  1 0  0  0  1
 0  0 0 -1 -1  1
 0  0 1  0  0  0
2-2;1,1,1;1 1 3
3 
#2 
6	% 
 0 0  1 0 0 0
 1 0 -1 0 0 0
 0 1  0 0 0 0
 0 0  0 0 0 1
 0 0  0 0 1 0
 0 0  0 1 0 0
6	% 
 0  1 0 0 0 0
 1 -1 0 0 0 0
 0  0 1 0 0 0
 0  0 0 0 0 1
 0  0 0 0 1 0
 0  0 0 1 0 0
1,1,1;1,1;1 1 1
3 
#2 
6	% 
 0 0  0  1 0 1
 0 0  0  1 0 0
 0 0  0 -1 1 0
 0 0 -1  0 0 0
 1 0  1  0 0 0
 0 1  0  0 0 0
6	% 
 0  0 0  1 0 1
 0  0 0  1 0 0
 0  0 0 -1 1 0
 0 -1 0  0 0 0
 1  1 0  0 0 0
 0  0 1  0 0 0
1,1,1,1;1;1 1 2
11 
#3 
6	% 
  1 0  0 0  0  0
  1 0  0 0  0 -1
  1 0  1 1 -1  1
  0 1  0 0  0  0
 -1 0 -1 0  1  0
  1 0  1 1  0  0
6	% 
  1  0 0  0  0  0
  1  0 0 -1  0  0
  0 -1 0 -1 -1  1
  0  0 1  0  0  0
 -1  1 0  1  0 -1
  1 -1 0 -1 -1  0
6	% 
  0  0 0 1 0 0
  0  0 0 0 1 0
  0  0 0 0 0 1
  0  0 1 0 0 0
  0 -1 0 0 0 0
 -1  0 0 0 0 0
1,1,1;1,1;1 1 2
9 
#2 
6	% 
  2 0 0  2  1 -1
  1 0 0  1  0  0
 -2 0 0 -3 -1  1
  0 1 0  0  0  0
  0 0 1  0  0  0
  1 0 0  1  1  0
6	% 
 0 0  2  2  1 -1
 0 0  1  1  0  0
 0 0 -3 -2 -1  1
 1 0  0  0  0  0
 0 1  0  0  0  0
 0 0  1  1  1  0
1,1,1;1,1;1 1 4
5 
#2 
6	% 
  0 -1 -1  0  0  0
 -1  0 -1  0  0  0
  1  1  1  0  0  0
  0  0  0  0 -1  0
  0  0  0 -1 -1  1
  0  0  0  0 -1 -1
6	% 
  0  0  0  1 0 1
  0  0  0  1 0 0
  0  0  0 -1 1 0
 -1  0 -1  0 0 0
 -1  1 -1  0 0 0
 -1 -1  0  0 0 0
1,1,1,1;1;1 1 5
6 
#1 
6	% 
  0  0  0  1  0 0
 -1  1 -1  0 -1 1
 -1  0 -1  1  0 0
  1 -1  1 -1  1 0
 -1  1 -1  1  0 1
  0 -1  1 -1  0 0
1,1,1;1,1;1 1 7
18 
#3 
6	% 
  0  0 0 0 -1  1
  1  1 0 0  0  0
 -1 -1 0 1  1 -1
  0  1 0 0  0  0
  0  0 1 0  0  0
  0  0 0 0  0  1
6	% 
 -1 1 -2 0  0  0
  0 0 -2 0  1  1
  0 0  3 0 -2 -2
  0 0 -1 0  1  0
  0 0  0 1  1 -1
 -1 0 -1 0  0  0
6	% 
 1 -1 0  0  0 0
 0  0 0 -1  1 0
 0  0 0  2 -2 1
 0  0 0  0  1 0
 0  0 1  1  1 0
 1  0 0  0  0 0
1,1,1;1,1;1 1 8
6 
#1 
6	% 
  1 -1 0  2  1 -1
  2 -2 0  4  1 -1
 -3  3 0 -7 -3  3
  1  0 0  1  0 -1
  1 -1 0  2  1  0
  0  0 1  0  0  0
2-2;1,1,1;1 1 4
1 
#1 
6	% 
  0 -1 -1 0 0 0
 -1  0 -1 0 0 0
  1  1  1 0 0 0
  0  0  0 0 0 1
  0  0  0 0 1 0
  0  0  0 1 0 0
1,1;1,1;1,1 1 2
9 
#2 
6	% 
 -1 0  0  0 -1 -1
  0 0 -1  0  0  0
  0 1  1  0  0  0
  0 0  0 -1 -1  1
  1 0  0  1  1  0
 -1 0  0  1  0 -1
6	% 
 0  0 -1  0 -1 -1
 0 -1  0  0  0  0
 1  1  0  0  0  0
 0  0  0 -1 -1  1
 0  0  1  1  1  0
 0  0 -1  1  0 -1
1,1;1,1;1,1 1 4
6 
#1 
6	% 
 1 -1  1 0 0  0
 0  0  0 1 1 -1
 0  0  0 0 0  1
 0  1 -1 0 0  0
 1  0  1 0 0  0
 0  0  0 0 1  0
1,1,1;1;1;1 1 1
1 
#1 
6	% 
 0 0 0  0 1  1
 0 0 0 -1 0  0
 0 0 0  0 0 -1
 1 0 0  0 0  0
 0 1 0  0 0  0
 0 0 1  0 0  0
1,1;1,1;1;1 1 7
9 
#2 
6	% 
 0 0 -1  0 -1 -1
 0 0  0 -1 -1  1
 1 0  0  0  0  0
 0 1  0  0  0  0
 0 0  1  1  1  0
 0 0 -1  1  0 -1
6	% 
 -1 0 0  0 -1 -1
  0 0 0 -1 -1  1
  0 1 0  0  0  0
  0 0 1  0  0  0
  1 0 0  1  1  0
 -1 0 0  1  0 -1
1,1,1;1;1;1 1 2
9 
#2 
6	% 
 0 0 -1  0  0 1
 0 0 -1 -1  1 0
 1 0  0  0  0 0
 0 1  0  0  0 0
 0 0  1  0 -1 0
 0 0 -1 -1  0 0
6	% 
  0 0 0 -1  0  0
 -1 0 0 -1 -1  1
  0 1 0  0  0  0
  0 0 1  0  0  0
  1 0 0  1  0 -1
 -1 0 0 -1 -1  0
2-2;1,1;1,1 1 3
3 
#2 
6	% 
 0  0  1  0  0  0
 0 -1  0  0  0  0
 1  1  0  0  0  0
 0  0 -1  0  0 -1
 0  0  1  0 -1  0
 0  0 -1 -1  0  0
6	% 
 1 0  0 0 0 0
 0 0 -1 0 0 0
 0 1  1 0 0 0
 0 0  0 0 0 1
 0 0  0 0 1 0
 0 0  0 1 0 0
1,1,1;1;1;1 1 5
1 
#1 
6	% 
 0 0 0  0 1  1
 0 0 0 -1 0  0
 0 0 0  0 0 -1
 0 0 1  0 0  0
 0 1 0  0 0  0
 1 0 0  0 0  0
1,1;1,1;1;1 1 19
3 
#1 
6	% 
 0 0 -1  0 -1 -1
 0 0  0 -1 -1  1
 0 0  1  1  1  0
 0 1  0  0  0  0
 0 0 -1  1  0 -1
 1 0  0  0  0  0
1,1,1;1;1;1 1 10
3 
#1 
6	% 
 0  0 -1 -1  1 -1
 0  0  0  0  0  1
 0  0  1  0 -1  0
 0 -1  0  0  0  0
 1  0  0  0  0  0
 0  0 -1 -1  0  0
1,1,1,1;1;1 1 3
1 
#1 
6	% 
 0 0 -1 -1  0 -1
 0 0  0 -1 -1 -1
 0 0 -1  0 -1 -1
 0 0  1  1  1  1
 0 1  0  0  0  0
 1 0  0  0  0  0
2-2;1,1,1;1 1 5
2 
#1 
6	% 
 0 0 -1  0 0  0
 0 1  0  0 0  0
 1 0  0  0 0  0
 0 0  0  0 0 -1
 0 0  0  0 1  0
 0 0  0 -1 0  0
1,1,1;1,1;1 1 9
6 
#1 
6	% 
  0  0  2  2  1 -1
  0  0  1  1  0  0
  0  0 -3 -2 -1  1
  0  0  1  1  1  0
  0 -1  0  0  0  0
 -1 -1  0  0  0  0
2-1;1,1;1;1 1 4
3 
#1 
6	% 
 0 1 0 0 0  0
 1 0 0 0 0  0
 0 0 0 1 1 -1
 0 0 1 0 0  0
 0 0 0 0 0  1
 0 0 0 0 1  0
1,1;1,1;1;1 1 2
9 
#2 
6	% 
 0 0  0 1 1 -1
 0 0 -1 0 0  0
 1 0  1 0 0  0
 0 1  0 0 0  0
 0 0  0 0 0  1
 0 0  0 0 1  0
6	% 
 0  0 0 1 1 -1
 0 -1 0 0 0  0
 1  1 0 0 0  0
 0  0 1 0 0  0
 0  0 0 0 0  1
 0  0 0 0 1  0
1,1,1;1;1;1 1 7
6 
#1 
6	% 
 -1  1 0 -1 -1  1
  0  0 1  0  0  0
 -1  0 0 -1  0  0
  1 -1 0  1  0 -1
  0 -1 0  1  0  0
 -1  1 0 -1 -1  0
1,1;1,1;1;1 1 8
6 
#1 
6	% 
  1 -1 1 0  0  0
  0  0 0 1  1  1
  0  0 0 0 -1 -1
 -1  0 0 0  0  0
  0 -1 0 0  0  0
  0  0 0 1  1  0
1,1;1,1;1;1 1 16
6 
#1 
6	% 
 0 0 0 1  0  0
 0 0 1 0  0  0
 0 1 0 0  0  0
 0 0 0 0  0 -1
 1 0 0 0  0  0
 0 0 0 0 -1  0
2-2;1,1;1,1 1 4
2 
#1 
6	% 
 0 0 1  0 0  0
 0 1 0  0 0  0
 1 0 0  0 0  0
 0 0 0  0 0 -1
 0 0 0  0 1  0
 0 0 0 -1 0  0
2-2;1,1;1;1 1 5
3 
#2 
6	% 
 0 0 1 0 0 0
 1 0 0 0 0 0
 0 1 0 0 0 0
 0 0 0 0 0 1
 0 0 0 0 1 0
 0 0 0 1 0 0
6	% 
 1 0 0 0 0 0
 0 1 0 0 0 0
 0 0 1 0 0 0
 0 0 0 0 0 1
 0 0 0 0 1 0
 0 0 0 1 0 0
1,1;1;1;1;1 1 2
3 
#1 
6	% 
 0 0 0 -1 -1  1
 1 0 0  0  0  0
 0 1 0  0  0  0
 0 0 1  0  0  0
 0 0 0  1  0 -1
 0 0 0 -1 -1  0
2-2;1,1;1;1 1 6
3 
#2 
6	% 
 0 0 -1 0 0 0
 1 0  1 0 0 0
 0 1  0 0 0 0
 0 0  0 0 0 1
 0 0  0 0 1 0
 0 0  0 1 0 0
6	% 
 0 -1 0 0 0 0
 1  1 0 0 0 0
 0  0 1 0 0 0
 0  0 0 0 0 1
 0  0 0 0 1 0
 0  0 0 1 0 0
1,1;1;1;1;1 1 9
3 
#1 
6	% 
 0 0 0 -1 -1  1
 0 0 1  0  0  0
 0 1 0  0  0  0
 0 0 0  1  0 -1
 1 0 0  0  0  0
 0 0 0 -1 -1  0
2-2;1,1;1;1 1 7
2 
#1 
6	% 
 0 0 1  0 0  0
 0 1 0  0 0  0
 1 0 0  0 0  0
 0 0 0  0 0 -1
 0 0 0  0 1  0
 0 0 0 -1 0  0
2-2;1,1;1;1 1 11
2 
#1 
6	% 
 1 -1 1 0  0 0
 0  1 0 0  0 0
 1  0 0 0  0 0
 0  0 0 0  0 1
 0  0 0 0 -1 0
 0  0 0 1  0 0
2-2;1;1;1;1 1 5
1 
#1 
6	% 
 1 0 0 0 0 0
 0 1 0 0 0 0
 0 0 1 0 0 0
 0 0 0 0 0 1
 0 0 0 0 1 0
 0 0 0 1 0 0
2-2;1;1;1;1 1 7
1 
#1 
6	% 
 0 0 1 0  0 0
 0 1 0 0  0 0
 1 0 0 0  0 0
 0 0 0 0  0 1
 0 0 0 0 -1 0
 0 0 0 1  0 0
2-2;1,1;1;1 1 8
1 
#1 
6	% 
 0 0  1  0 0  0
 0 1  0  0 0  0
 1 0  0  0 0  0
 0 0 -1  0 0 -1
 0 0 -1  0 1  0
 0 0 -1 -1 0  0
