#89

3;3 4 2
1 
#1 
6	% 
 1 0 0 0 0 0
 0 1 0 0 0 0
 0 0 1 0 0 0
 0 0 0 1 0 0
 0 0 0 0 1 0
 0 0 0 0 0 1
1,1,1,1,1,1 1 1
1 
#1 
6	% 
 1 0 0 0 0 0
 0 1 0 0 0 0
 0 0 1 0 0 0
 0 0 0 1 0 0
 0 0 0 0 1 0
 0 0 0 0 0 1
1,1,1,1,1;1 1 2
18 
#2 
6	% 
 0 -1  1  1 -1 -1
 0  0  0  1 -1 -1
 1 -1  1  1 -1  0
 0 -1  0  2 -1 -1
 0  2 -1 -2  2  1
 0 -1  1  2 -2 -1
6	% 
 -1 -1  0  1  1 -1
 -1 -1  0  1  0  0
  0 -1  0  1  1 -1
  1  0 -1  0  1  1
  0  1  1 -1 -1  0
  1  0 -1  1  1  0
2-1;1,1,1,1 1 2
6 
#1 
6	% 
  1  0 -1  0  0  0
  1  0  0  0  0  0
  0 -1 -1 -1  0  0
  1 -1 -1  0 -1  0
  0  0  0  0  1 -1
 -1  1  1  1 -1  0
1,1,1;1,1,1 1 2
10 
#2 
6	% 
  0  1  0 0  0  0
  1  1  1 0  0  0
  0  0  0 1 -1 -1
  0  0  0 0 -1  1
 -1 -1 -1 0  1  0
  1  1  0 0  1  0
6	% 
 -2 -1  1  0  0 0
 -2 -2  1  1  0 0
  1  1  0  0  0 0
  0  0  0  0 -1 1
  2  2 -1 -1  1 0
 -1 -1  1  0  1 0
2-1;1,1,1;1 1 6
36 
#1 
6	% 
  0 -1 1  0  0  0
  1  2 0 -2  0  1
  1  2 0 -1  0  0
  0  0 0  1 -1 -1
 -1 -2 0  1  0  1
 -1 -1 0  1  0  0
1,1,1,1;1,1 1 3
84 
#3 
6	% 
  0  1  0  0  1 -1
  0 -2  0 -1  1  1
 -1 -2  1  0  0  0
  1  3 -2  1 -1  0
  1  1 -1 -1  1  0
 -1 -1  1  0  0  0
6	% 
 -1  1 -1 -1  0 1
  0  0 -1  1  0 0
  1 -1  0  0  1 0
  0  1  1  0 -1 0
  0  2 -1  1 -1 0
 -1 -1  0 -1  1 0
6	% 
  0  0 1 -1  0  0
  0  2 0 -2  1 -1
  1  1 0  0  1  0
  0 -2 0  2 -1  0
  0  1 0 -1  0 -1
 -1  1 0 -1  0  1
1,1,1,1;1,1 1 2
15 
#2 
6	% 
 0 1  0  1  0 0
 0 0 -1  0  0 0
 1 0  1  1  0 0
 0 0  0  0 -1 1
 0 0  0 -1  1 0
 0 0  0  0  1 0
6	% 
  2  2 -1 -1  0 0
  3  3 -2 -1  0 0
  0  1 -1  0 -1 1
 -1 -1  0  0  0 0
 -1 -1  2  0  1 0
  4  4 -2 -1  0 1
2-1',2-1';1,1 1 2
18 
#1 
6	% 
 -1  0  0  0  0  0
  1  1  0  0  0  0
  0  3 -1 -2  0  0
  0  2 -1 -1 -1  0
  1  1  0  0  1 -1
  0 -3  1  2 -1  0
2-1;1,1,1;1 1 5
24 
#2 
6	% 
  0 -1 -1  0  0 0
 -1 -1 -1  0  0 0
  0  1  1 -1  1 0
  0  0  0  0 -1 1
  0  0  0 -1  2 0
  0  1  0  0  1 0
6	% 
  1  0 0  0  0 0
 -2 -2 1  1  0 0
  0  0 0  1 -1 0
  0  0 0 -1  1 1
  0  0 0  1 -2 0
 -1 -1 0  1 -1 0
1,1,1;1,1,1 1 3
36 
#1 
6	% 
  0  2  0  1 -1 -1
  0  2 -1 -1  0  0
 -1 -1  0  2  0 -1
  0 -1  0 -1  0  1
 -1 -3  0  1  0  1
  0  2  0  0  0 -1
2-1;1,1;1,1 1 8
36 
#1 
6	% 
 0  0 0 -1  1 1
 0  0 0  1 -2 0
 1  0 1  0  0 0
 0 -1 1  0 -1 0
 1 -1 1  0  0 0
 0  0 0  0 -1 0
1,1,1;1,1,1 1 4
36 
#1 
6	% 
 1  0  1  0  0  0
 0  0  0  1 -1  0
 0  2 -1  0  1 -1
 1 -1  1  0  0  0
 0  0 -1 -1  1  1
 0 -1  1  0 -1  0
2-1;1,1;1,1 1 4
18 
#1 
6	% 
 0  0  0  0 -1 1
 0 -1 -1  2  0 0
 0 -1 -1  1  1 0
 1  1  0  0  0 0
 0 -1  0  0  0 0
 0  0  1 -2  1 0
2-1',2-1';1;1 1 4
18 
#1 
6	% 
 -1 -1  0  0  0  0
  1  0  0  0  0  0
  3  1  0  1 -1 -1
 -2  1  0 -1  0  2
 -1  1 -1  0  0  1
 -1  1  0 -1  0  1
2-2;1,1,1,1 1 2
8 
#1 
6	% 
  0 0  0  1  0 0
  0 0  0  0  1 0
  0 0  0  1  1 1
 -1 0  0 -1 -1 0
  0 1 -1  1  1 0
  1 1  0 -1 -1 0
2-2',2-2';1,1 1 3
32 
#1 
6	% 
 -2 -2  2  0 -1  0
  2  0  1  1  0 -1
  0 -2  1  0  0 -1
 -2 -1  0 -1  0  1
  1 -1  1  0  0 -1
  1  2 -2  0  1  0
1,1,1,1;1;1 1 5
84 
#3 
6	% 
  1  0  0  0  0  1
  1  1 -1  0  0  1
  0 -1  1  0 -1  1
 -1  0  0  0  0 -2
  1 -1  0  0  0  2
  0  1  0 -1  0  0
6	% 
  0  1  0 -1 0  0
  0  0  1 -1 0  0
  1  0  1  0 0  0
 -1 -1 -1  1 1  0
  1  1  1 -1 0 -1
 -1  1 -1  0 0  0
6	% 
  0  0 -1 0  1  1
  0  0 -2 1  1  1
 -1 -1  0 0  0  1
  1  0  1 0 -1 -1
 -1 -1 -1 0  1  1
  1  0  1 0  0 -1
2-2;1,1,1;1 1 5
72 
#2 
6	% 
  1  1 -1  0  0  1
  1  1  0  0  0  0
 -1  0  0  0  0  0
 -1 -1  1  0 -1  0
 -1 -1  1 -1  1  0
 -1 -1  0  1  0 -1
6	% 
 -1  0  0  0  0  0
  0  0 -1  0  0  1
 -1 -1  1  0  0 -1
  0 -1  2  0 -1 -1
  0 -1  2 -1  1 -1
  0 -1  1  1  0 -2
1,1,1;1,1;1 1 7
72 
#2 
6	% 
  2  1  0  0  0  0
  2  2 -1  1 -1 -1
 -4 -5  3 -2  2  2
  1  1 -1  1 -1  0
  0  0 -2  2 -1  1
  1  0  0  0  0  0
6	% 
  2  1  0 0  0  0
  2  1  1 0 -1 -1
 -4 -2 -3 1  2  2
  1  0  1 0 -1  0
  0 -2  2 0 -1  1
  1  0  0 0  0  0
1,1,1;1,1;1 1 12
216 
#3 
6	% 
 -2 -1  0 0  0  0
 -2 -4  2 0  1  1
  4  6 -3 0 -1 -1
 -1 -2  1 0  1  0
  2  3 -2 1 -1 -1
 -1  0  0 0  0  0
6	% 
 -2 -1  0  0  0  0
  0  0  0  1  0 -2
  2  1 -1 -1  0  4
  0 -1  1  1 -1 -1
  1  1 -1 -1  1  2
 -1  0  0  0  0  0
6	% 
 -1  1  0 -2 0  2
  0  0  2 -3 0  2
  1 -1 -3  6 0 -4
  0  0  1 -2 1  1
  0 -1 -1  3 0 -2
  0  1  0 -1 0  1
1,1,1;1,1;1 1 9
48 
#2 
6	% 
  0  0  1 -2  2  0
  0  0  0 -1  2  0
  0  0 -1  3 -3 -1
  1 -1  2 -1  1  0
 -1  2 -2  0  0  0
  0  1  0  0  0  0
6	% 
  0  3 -3  1 0 -2
  0  1 -1  0 1 -1
  0 -4  4 -1 0  2
  1  2 -3  2 0 -1
 -1  0  2 -2 0  0
  0  1  0  0 0  0
1,1,1;1,1;1 1 11
72 
#1 
6	% 
 0  1 0 -2  0  2
 0  0 1 -2 -1  3
 0 -3 0  6  1 -7
 1  1 0 -1  0  1
 0  0 1 -1 -1  1
 0  0 0 -1  0  1
1,1,1,1;1;1 1 6
6 
#1 
6	% 
  0 -1  1  1 -1 -1
  0 -1  1  0  0  0
  0 -1  0  1  0  0
  0  2 -1 -1  0  1
  1 -1  1  1  0 -1
 -1  0  0  0  0  0
2-2;2-1;1,1 1 4
24 
#1 
6	% 
 -1 -1  0  0 0 1
  2  2  0 -1 0 0
 -1 -1  0  0 1 0
  3  3  0 -1 0 0
  3  2  0 -1 0 0
  2  3 -1 -1 0 0
2-2;1,1,1;1 1 6
8 
#1 
6	% 
  0 0 -1 1  0  0
  0 0  0 0 -1  1
 -1 0  0 0  0  0
  0 1 -1 0  0  1
  1 1  0 0  0  0
  0 0  0 0  0 -1
2-2;2-2;1;1 1 14
16 
#1 
6	% 
 -1  0 -1  0 0  1
  0  0  0 -1 1  1
 -1  0  0 -1 0  1
  0  0  0 -1 0  2
 -1 -1  1 -1 0  1
  0 -1  1  0 0 -1
1,1,1;1,1;1 1 5
60 
#3 
6	% 
 0  2  1  0 0  0
 0  1  0  0 0  0
 1 -3 -1  0 0  0
 0  1  0  0 1  0
 0  0  0 -1 1  1
 0  0  0  0 1 -1
6	% 
  1  1  0 -1 0  0
 -1 -1  1  0 0  0
  1  0 -1  1 0  0
  1  1  0 -1 1  0
  0  0  0  0 1 -1
  1  1  0  0 0  0
6	% 
 0 -1 0  0  1  1
 0 -2 1  1  0  0
 0  2 0 -1 -1 -1
 1  0 0  0  1  0
 2  0 0  0  1 -1
 1  1 0  0  0  0
1,1;1,1;1;1 1 10
144 
#3 
6	% 
 -3 -2  0 0  0 0
  1  0  0 0  1 0
  2  1  0 0  0 0
  0  0  0 0 -1 1
  0  0 -1 1  0 0
  1  0  1 0 -1 0
6	% 
 0 0  0 -2  3 1
 0 1 -1  1 -1 0
 0 0  0  1 -2 0
 1 0  1 -1  0 0
 1 1 -1  1  0 0
 0 0  0  0 -1 0
6	% 
 0  2 1 -3 0  0
 0 -2 0  0 1  0
 0 -1 0  1 0  0
 1  1 0  0 0  0
 1  0 0  0 0  0
 0  1 0  1 0 -1
1,1;1,1;1;1 1 6
45 
#3 
6	% 
 1  0  0  0  0  0
 0  0 -3  3 -2  2
 0 -1  1 -1  1 -1
 0  1  0  0  0  0
 0 -1  1  0  0 -1
 0  0  0  0  0 -1
6	% 
 1  0 0  0  0  0
 0  2 1 -3  0  0
 0 -2 0  1  0  0
 0  1 0  0  0  0
 0 -1 0  1  0 -1
 0 -1 0  1 -1  0
6	% 
  1  1 0  0  0  0
  0  2 1 -3  0  0
  1  0 0  0  1  1
 -1 -1 0  1 -1 -1
  1  0 0  0  1  0
  1  0 0  0  0  1
1,1;1,1;1;1 1 25
72 
#2 
6	% 
  0 0  0 0 -1 0
  0 0  0 0 -1 1
  0 1  1 0  0 0
  0 0 -1 0  1 0
 -1 0 -2 0  0 0
  0 0 -1 1  0 0
6	% 
  1 -2  1  1 0  1
 -1  0  2 -2 0  0
  0  3 -3  0 1 -1
 -1 -3  4 -2 0  1
  0 -3  3 -1 1  1
  1  1 -2  2 0  0
2-1;1,1;1;1 1 23
18 
#1 
6	% 
  0 -1 1  0  0 0
  1  1 0  0 -1 0
 -1 -1 0  0  0 1
  1  1 0 -1  1 0
  1  1 0  0  0 0
  1  0 0  0  0 0
2-1;1,1;1;1 1 19
72 
#2 
6	% 
  0  0  0 -1  1 1
  0  0  0  1 -2 0
 -1 -1  0  0  0 0
  1  1  0  0 -1 0
  1  0  0  0  0 0
  1  1 -1  1 -1 0
6	% 
  0  0  0 -1  1 1
  0  0  0  1 -2 0
 -1 -1 -2  2  0 0
  1  1  2 -2 -1 0
  1  0  2 -2  0 0
  1  0  3 -2 -1 0
1,1,1,1;1;1 1 4
15 
#2 
6	% 
  0  0 -1 1  1 -1
  1  0  0 0  1 -1
 -1  0  1 0 -3  1
 -1  0 -1 0  2  0
  1  0  1 0 -1  0
  0 -1  1 0 -1  0
6	% 
 -2 -1  1  0 -1  1
 -1  0  0  0  0  0
  1 -1  1 -1  3 -1
  1  1 -1  1 -2  0
 -1 -1  1 -1  1  0
 -1 -1  0  0  1  0
1,1,1;1,1;1 1 10
144 
#3 
6	% 
  1 -1 -1  2  0  0
  1 -1  0  2 -1 -1
 -3  3  1 -5  1  1
  0 -1  0  1  0  0
  0 -1  1  1 -1  0
  1  1  0  0  0  0
6	% 
  0 -2  2  1 0 -2
  0 -3  2  2 0 -2
  0  7 -5 -5 0  6
 -2 -1  1  0 1 -1
  0 -1  1  1 0 -1
  1  1  0  0 0  0
6	% 
  2  2 -2  1 -2 0
  3  3 -3  1 -2 0
 -5 -6  6 -2  4 0
  1  1  0 -1 -1 1
  1  1 -2  1 -1 0
 -1 -1  0  0  0 0
1,1,1;1;1;1 1 8
72 
#2 
6	% 
 0  0 -1 1  0  0
 1  2  1 0 -1 -1
 0 -1  0 0  1  0
 0  0  0 0  1 -1
 1 -1 -1 0  1  1
 0  0  1 0  0 -1
6	% 
 0  0  1 -1 0  0
 0 -1 -1  0 0  0
 0  0  1 -1 1  0
 0  0  0  0 1 -1
 1  0  2  0 0  0
 0  0 -1  0 1  0
1,1;1,1;1,1 1 6
72 
#2 
6	% 
  0  0  0 -2 1  3
  0  0  1  0 0 -1
  0  0  0  1 0 -2
 -1  0 -1  0 0  0
  1 -1  1  0 0  0
  0  1  0  0 0 -1
6	% 
  0  2 1 -3 0 0
 -1 -2 0  0 0 1
  0 -1 0  1 0 0
  1  1 0  0 0 0
 -1  0 0  0 0 0
  1 -1 0  0 1 0
1,1,1;1;1;1 1 15
72 
#1 
6	% 
  0  2 -1  1  0 -1
  0 -1  0  0 -1  1
 -1 -1  0  0  0  0
  0 -1  0 -1  0  1
 -1  0  0  0  0  0
  0  1  0  1 -1 -1
1,1;1,1;1;1 1 28
144 
#2 
6	% 
  0  2  0 -1 1  1
  0  0  0  1 0 -1
  0  2 -1  1 0  0
  1  0  1 -1 0  1
  1  0  0  0 0  0
 -1 -1  0  0 0  0
6	% 
  1 1  1  0  0 -2
 -1 0 -2  2  0 -1
 -1 0 -1  2  0 -2
  1 1  1 -2  1  0
  0 0  0 -1  1  1
  0 0  0  0 -1  1
2-2;1,1;1,1 1 6
48 
#1 
6	% 
 1 -1  2  0  0  0
 1 -2  2  0  0  0
 0  0 -1  0  1  0
 0 -1  0  0  1 -1
 0  1  0 -1  1  1
 0 -1  0  1 -1  0
1,1,1;1;1;1 1 12
24 
#2 
6	% 
 0 0 -1 0 1  1
 0 0 -1 1 0  0
 0 1  0 0 0 -1
 1 1 -1 0 0  1
 1 0  0 0 0  0
 1 1  0 0 0  0
6	% 
 1 -1  0  0 0  0
 0  0  1 -1 0  0
 0  1 -1  0 0  1
 0  0  0 -1 1  0
 0  0  0  0 1 -1
 0  0  0 -1 1  1
1,1;1,1;1,1 1 10
72 
#2 
6	% 
  0  0 -1  1  0  0
  1  2  0  0 -1 -1
 -1 -2  2 -1  0  1
  0  0  0  1 -1 -1
 -1 -2  1  1  0 -1
  1  1 -2  0  1  1
6	% 
  1  0 -2  2  0  0
  0  0  1  1 -1 -1
 -1  0  1 -2  0  1
  1  1 -2  2  0  0
  1  1 -2  1  0  1
  0 -2  1  0  1 -1
1,1,1;1;1;1 1 16
36 
#1 
6	% 
  0  1 -1  0 0 0
 -1  3 -3  0 0 0
  1 -2  3  0 0 0
 -1  2 -2 -1 0 1
 -1  2 -2 -1 1 0
  0  0  0 -1 1 1
1,1;1,1;1,1 1 9
18 
#1 
6	% 
  0 -3 1  2 0  0
 -1  0 0  0 0  0
 -1 -1 0  0 0  0
 -1 -1 0  0 1 -1
  0  0 0 -1 1  0
  1  0 0  0 0  1
1,1;1,1;1;1 1 27
36 
#1 
6	% 
  0 -3 1  2  0  0
  1  0 0 -1  0  2
 -2 -1 0  3 -1 -5
 -1 -1 0  2  0 -3
  2  0 0 -2  0  5
 -2 -1 0  2  1 -5
2-2,2-2;1,1 1 3
96 
#1 
6	% 
 -2 -1 -1  1  0  0
 -1 -2  1  0 -1  1
  1  1 -1  1 -1 -1
  1  1  0  0 -1  0
  1  1  0 -1  1  0
  1  1 -1  1  0 -1
2-2;1,1;1,1 1 4
24 
#1 
6	% 
  0  0  0 -1 1  1
  1  1 -1  1 0 -1
 -1 -1  1  0 0 -1
 -1 -1  0  0 0  0
 -1  0  0  0 0  0
  0 -1  1  0 0  0
1,1,1;1;1;1 1 4
20 
#2 
6	% 
  1  0  0 0  0  0
 -1  1  0 0  0  0
  0 -2 -1 0  0  0
  0  2  0 1  0  0
  0  1  0 1  0 -1
  0  1  0 1 -1  0
6	% 
  1 1  0  0 0 0
 -1 0  0  0 0 0
  0 1 -1  1 0 0
  0 0  0 -1 0 0
  0 0  0 -1 0 1
  0 0  0 -1 1 0
1,1;1,1;1,1 1 3
15 
#2 
6	% 
  0 -7  3  4 0  0
  0  0  0 -1 1  1
 -1 -1  0  0 0  0
  0  5 -2 -3 0  0
 -1 -3  1  2 0 -1
  1 -2  1  2 0 -1
6	% 
 -5  0 -2  2 0 0
 -1 -1  0  0 0 0
  0  1 -1  0 0 0
  3  0  1 -1 0 0
  0  2 -1  0 0 1
  0  1  0  0 1 0
1,1;1,1;1;1 1 15
18 
#1 
6	% 
  0 -2 1 1  0  0
  1  0 0 0  0  0
 -1 -1 0 0  0  1
  1  0 0 1  0 -1
  0  0 0 1 -1 -1
  0  0 0 0  1 -1
1,1;1,1;1;1 1 21
72 
#2 
6	% 
  1  0  0  1 0 0
 -1  1  0 -1 0 0
  0 -2 -2  1 0 0
  0 -1 -1  0 1 0
  0  1  1 -1 0 0
  0 -1 -1  0 0 1
6	% 
 1  1 0  0  0  0
 0 -1 0  1 -1 -1
 0  1 1 -2  1  1
 0  0 1 -1  1  0
 1  0 0  0  0  0
 0  0 1 -1  0  1
1,1;1,1;1;1 1 30
36 
#1 
6	% 
  0  1 -1  1 0  0
  0 -1  1 -1 0 -1
 -1  0 -2  1 0  0
  1  0  3 -1 0 -1
  0  0  0 -1 1  1
  0  0  0  0 1 -1
2-1;2-1;1,1 1 4
9 
#1 
6	% 
  0 -2  1  1  0  0
  0 -1  0  0  0  0
  0 -1  0  1 -1 -1
  0 -3  1  2 -1  0
 -1  0  0  0  0  0
  0  2 -1 -1 -1  0
2-1,2-1;1,1 1 2
36 
#1 
6	% 
  1  1  0  0  0  0
  1  0  0  0  0  0
  0 -1 -1  2  0  0
  0  0 -1  1  0  1
 -1 -1  0  1 -1 -1
  0  1  1 -2  0  1
2-1,2-1;1;1 1 4
36 
#1 
6	% 
 1 0 0  0 0  0
 1 1 0  0 0  0
 1 0 0  0 1 -1
 0 1 0 -1 0  2
 0 0 1 -1 0  1
 0 0 0  0 0  1
2-1;2-1;1;1 1 7
9 
#1 
6	% 
 1  1  0 0  0 0
 0 -1  0 0  0 0
 0 -1  0 0 -1 1
 0 -1  0 1 -2 0
 0  0 -1 1 -1 0
 0  0  0 0 -1 0
2-1,2-1;1;1 2 6
36 
#1 
6	% 
 -8 -4  0  0 -1  1
  8  0  0  1  0 -2
 15  7  0  0  2 -2
  8  7  0 -1  2  0
  4  4 -1  0  1  0
  4  3  0  0  1  0
2-1,2-1;1,1 2 3
36 
#1 
6	% 
  0  3 -1 -2  0  0
 -4  0  0  1  0 -2
 -9 -5  0  0  2 -2
 -2  0 -1 -2  1  0
  4  2  0  0 -1  1
 -2 -5  1  1  1  0
2-2;2-1;1;1 1 9
24 
#1 
6	% 
  0 0  0 0 1 -1
  1 0  0 1 0 -1
 -1 0 -1 0 0  1
  1 1  0 0 0  0
 -1 0  0 0 0  0
  0 1 -1 0 0  0
3;1,1,1 2 2
2 
#1 
6	% 
 -1 -1 -1  0  0 0
 -2 -1 -1  0  0 0
 -1 -1  0 -1  0 1
  0  0 -1  1  0 0
  0  0  1 -1 -1 1
  1  1  1 -1  0 1
2-1;1,1;1;1 1 9
36 
#2 
6	% 
 1 0 0 0  0  0
 0 0 0 1 -2  0
 0 1 0 1 -2  0
 0 0 0 0  1 -1
 0 0 1 0 -1  0
 0 1 0 0 -1  0
6	% 
 -2 0 -1 1  0  0
  0 0  0 1 -2  0
  3 0  1 0 -2  0
  0 0  0 0  1 -1
  2 1  0 0 -1  0
  1 0  0 0 -1  0
2-1;1;1;1;1 1 19
18 
#1 
6	% 
  0  0 0 -1  1 1
  0  0 0  1 -2 0
 -1 -1 1  0 -1 0
  0  1 0  0 -1 0
  1  1 0  0  0 0
 -1  0 0  0  0 0
1,1;1,1;1;1 1 35
18 
#1 
6	% 
 -2  1 0 -1  3 -1
  1  0 1  0 -1  0
 -2 -3 0 -2  3  1
  1  1 0  0 -1  0
 -1  1 0  0  1 -1
 -1 -2 0 -1  1  1
2-2,2-2;1;1 2 6
96 
#1 
6	% 
 -1 -2  1  1 -1 0
  0  1 -1  1  0 0
  0  0  0  0  0 1
 -1  0  0  1 -1 1
  1  1  0  0  0 1
  2  2 -1 -1  1 0
2-1;1;1;1;1 1 8
6 
#1 
6	% 
 1 0 0  0 0 0
 0 1 0  0 0 0
 0 1 0 -1 1 1
 0 0 1 -1 1 1
 0 0 1 -1 1 0
 0 0 0  0 1 0
2-2;2-2;1,1 1 8
16 
#1 
6	% 
 0 -1  1  0  0 0
 1  1  0  0  0 0
 1  0  0  0  0 0
 0  0  0  0 -1 0
 0  0 -1  0  0 1
 0  0  0 -1  1 0
3;2-2;1 2 7
8 
#1 
6	% 
 0  1  0  0 0 -1
 0 -1  1 -1 0  1
 0  0  0  0 1 -1
 1  1  0  0 0  0
 0 -1  0  0 0  0
 0  1 -1  0 0  0
3,3 5 1
24 
#1 
6	% 
  0 -2  2  0 -1  1
  2  2  0  1 -1 -1
  2  0  1 -1  0  0
  0  0  0 -1  1  0
  0  1 -1  1  0 -1
 -1 -1  0  0  0  1
3;1,1;1 2 6
12 
#1 
6	% 
  0  0  1 -1 0 0
  0  0 -1  0 1 1
  1  1 -1  0 1 0
  1  1  0  0 0 0
 -1 -1  0  0 1 0
 -1  0  0  0 0 0
2-2;1,1;1;1 1 18
48 
#1 
6	% 
 -1 -1  1  0  0  0
  1  2 -1  0  0  0
  0  0  1 -1  0  0
  0  0  0  1 -1 -1
  1  1 -1  0  0  1
 -1 -1  1  0 -1  0
2-2;1,1;1;1 1 16
48 
#1 
6	% 
  1  1 -2  0  0  4
 -1  0  2  0  0 -4
 -1  0  2 -1  1 -4
 -2 -1  4  0  1 -9
  2  1 -4 -1  1  9
 -1 -1  3  0 -1 -4
2-2;1,1;1;1 1 17
24 
#1 
6	% 
 1 0  0  0  0  0
 1 1  0  0  0 -1
 0 1  0 -1  1 -1
 0 0  0  0  0  1
 0 1  0  0 -1 -1
 0 1 -1  1  0 -2
1,1;1;1;1;1 1 13
48 
#2 
6	% 
 -3 -3  2 0  0  0
  2  2 -1 0  0  0
  0  0  0 1 -1 -1
 -1 -1  1 0  0 -1
  3  4 -2 0  0  0
 -1 -1  1 0 -1  0
6	% 
 -3 -1  0 -2  2  2
  2  1  0  1 -1 -1
  0  1 -1  0  0  0
 -1  0  0 -1  1  0
  3  2  0  2 -2 -2
 -1  0  0 -1  0  1
1,1;1;1;1;1 1 41
9 
#1 
6	% 
  0 4 -4 1 -1 -1
  0 0  0 0 -1  1
 -1 1 -1 0 -1  0
  1 1  0 0  0  0
 -1 1 -2 1 -1  0
  1 0  0 0  0  0
1,1;1;1;1;1 1 18
36 
#2 
6	% 
 0 -1 1  0  0  0
 0 -1 1 -1  1  1
 0  1 0  0  0 -1
 1  1 0  0 -1  0
 1  0 0  0  0  0
 1  1 0  0  0  0
6	% 
  0  0 0 -1  1 1
  0  0 0  1 -2 0
  0 -1 1 -1  1 0
 -1 -1 0  0  1 0
 -1  0 0  0  0 0
 -1 -1 0  0  0 0
1,1;1;1;1;1 1 29
72 
#2 
6	% 
  1 1 0  0  0  0
  1 0 1  0  0 -1
 -1 0 0  0  0  0
  1 1 0  0 -1  0
  0 0 0  0 -1  1
  0 0 1 -1  0  0
6	% 
 -1 -1 0  0  0 0
 -1  0 0 -1  1 0
  1  0 0  0  0 0
 -1  0 0  0 -1 0
  0  0 0  0 -1 1
  0  0 1 -1  0 0
1,1;1;1;1;1 1 31
36 
#1 
6	% 
  1  0  1  0  0 -1
  0  0  1 -1  0  1
  2  1  1 -1  0  0
 -2 -1  0 -1  1  1
  3  2  1  0 -1 -1
 -3 -1 -1  0  1  1
3;2-1;1 2 5
6 
#1 
6	% 
 1  1  0 0  0  0
 0 -1  0 0  0  0
 0  0 -1 0  0  0
 0  0 -1 1 -1 -1
 0  0 -1 1 -1  0
 0  0  0 0 -1  0
2-2;1,1;1;1 1 13
24 
#1 
6	% 
  0  0 -1 1 0 0
 -1 -1  0 0 0 1
  0  0 -1 0 1 0
 -1 -1  0 0 0 0
  1  0  0 0 0 0
  0 -1  1 0 0 0
1,1;1;1;1;1 1 8
15 
#2 
6	% 
 1 0  0  0 0 0
 0 1  0  0 0 0
 0 0 -1  0 0 0
 0 0  0 -1 0 0
 0 0  0 -1 0 1
 0 0  0 -1 1 0
6	% 
 0 0 1 -1 0  0
 0 1 0 -1 0  0
 1 0 0  1 0  0
 1 0 0  1 1 -1
 0 0 0  1 0 -1
 1 0 0  1 0 -1
1;1;1;1;1;1 1 20
9 
#1 
6	% 
  1  0  0 1  0 -1
  0 -1  0 0  0  1
  0  0 -1 1  0  0
  0  0  0 0 -1  1
 -1 -1  0 0  0  0
  1  0  0 0  0  0
1;1;1;1;1;1 1 12
6 
#1 
6	% 
  0 -1 0  1  0  0
 -1 -1 0  0  0  0
 -1  0 0  0  0 -1
  0  0 0  0  0 -1
  0  0 1 -1  0  0
  0  0 0  0 -1  1
1;1;1;1;1;1 1 6
1 
#1 
6	% 
  1 0  0 0 0 0
 -1 1 -1 0 0 0
 -2 0 -1 0 0 0
 -2 0 -2 1 0 0
 -1 0 -1 0 0 1
 -1 0 -1 0 1 0
2-2;1,1;1;1 1 9
24 
#1 
6	% 
 -3  0 -1  1  0 -1
  0 -1  1  0  0  0
  2  0  0 -1  0  1
  3  0  1 -1 -1  1
  3  0  0 -1  0  2
  3  0  1 -2  1  1
3;1,1;1 2 5
6 
#1 
6	% 
  0 -1 1  0  0  0
  0  0 1  0 -1 -1
  0  0 1  0 -2  0
  0  1 0  0 -1  0
  0  0 0 -1  1  1
 -1  0 0  0 -1  0
2-2;1;1;1;1 1 18
24 
#1 
6	% 
  0  0 -1  1 -1 0
 -1 -1  1 -1  1 0
  1  0  0  0  0 0
  0  0  0 -1  1 1
  0  0 -1  1  0 0
  0  0  0  0 -1 1
2-2;1;1;1;1 1 10
8 
#1 
6	% 
 -1  0 -1  0 0 1
  0  0 -1  1 0 0
 -1  0  0 -1 1 0
  1  0  0  0 0 0
  0 -1  1  0 0 0
  1  1  0  0 0 0
3;1;1;1 2 11
6 
#1 
6	% 
  0  0  0 0  1 -1
  0  0  0 1 -2  0
  1  1 -1 1 -1  0
  0 -1  0 1 -1  0
  1  0  0 0  0  0
 -1 -1  0 0  0  0
3;1;1;1 2 6
2 
#1 
6	% 
 1  1  0  0  0  0
 0 -1  0  0  0  0
 0  0 -1  0  0  0
 0  0  0 -1  0  0
 0  0  0  0  0 -1
 0  0  0  0 -1  0
