#56

2-2;2-1;1;1 1 6
1 
#1 
6	% 
 1 0 0 0 0 0
 0 1 0 0 0 0
 0 0 1 0 0 0
 0 0 0 1 0 0
 0 0 0 0 1 0
 0 0 0 0 0 1
1,1,1,1,1,1 1 1
1 
#1 
6	% 
 1 0 0 0 0 0
 0 1 0 0 0 0
 0 0 1 0 0 0
 0 0 0 1 0 0
 0 0 0 0 1 0
 0 0 0 0 0 1
2-1;1,1,1,1 1 2
1 
#1 
6	% 
  1  0  0 0  0  1
  1  0  0 0  0  0
  0  0  0 0  1  2
  1 -1  0 1  0  1
  0  1 -1 0  0  0
 -1 -1  0 0 -1 -2
1,1,1,1,1;1 1 2
7 
#3 
6	% 
  0  0  0  0 -1 -1
 -1  0  0  0  0  0
 -1 -1  1 -1  0 -1
 -1  0  0 -1  0  1
  1  0 -1  2 -1 -1
 -1 -1  0 -1  0  0
6	% 
  1  0 0 -1 0 0
  1  0 0  0 0 0
  1 -1 1 -1 0 0
  2  1 0  0 1 0
 -2  0 0  1 0 1
  2  0 0 -1 1 0
6	% 
  1 0 1  1 1 1
  1 0 0  0 0 0
  1 0 0  2 0 1
  1 0 0  0 1 0
 -1 1 0 -2 0 0
  1 1 0  1 1 1
1,1,1,1,1;1 1 1
1 
#1 
6	% 
 0  0  0  0 -1  0
 0 -1 -1  0 -1 -1
 0 -1  0 -1 -1 -1
 0  0 -1 -1  0 -1
 0  1  1  1  1  1
 1  0  0  0  0  0
1,1,1,1;1,1 1 3
15 
#3 
6	% 
 -1 -1 -1  1  0  0
  0 -1 -1  1 -1 -1
  1  1  0  0  1  0
  1  1  1 -2  0  1
 -1 -1 -1  0 -1  0
 -1 -1  0  1  0 -1
6	% 
 1 0 0  0 0 0
 1 0 0 -1 0 0
 0 0 0  1 1 0
 0 1 0  0 0 0
 0 0 1 -1 0 0
 0 0 0 -1 0 1
6	% 
 1  0 1 -1  0  1
 1  0 0 -1  0  0
 0  1 0  0  1  1
 0 -1 0  2  0 -1
 0 -1 0 -1 -1  0
 0  1 0 -1  1  1
1,1,1,1;1,1 1 2
8 
#4 
6	% 
 -1  0 0  1 -1 -1
 -1  0 0  0 -1 -2
  0  0 0  1  0  0
  0 -1 1  0  0  0
  1  1 0 -1  1  1
 -1  1 0  0  0  0
6	% 
 0 -1  1 -1  0 -1
 0 -1  1 -2  1  1
 0 -1  1  0 -1 -2
 1  0  0  0  0  0
 0  2 -1  2 -1  0
 0 -1  2 -3  2  1
6	% 
 0 -1  0 -1 -1  0
 0 -1  0  0 -1  0
 0 -1 -1 -1 -1 -1
 1  0  0  0  0  0
 0  2  0  1  2  1
 0 -2  0 -1 -1  0
6	% 
 0 0  1  1 1 1
 0 0  1  1 0 1
 0 0  0  1 0 0
 1 0  0  0 0 0
 0 1 -1 -1 0 0
 0 1  1  0 1 1
2-1;1,1,1;1 1 6
3 
#1 
6	% 
 -1  0  0  1  0  0
  1  0  1  0  1  0
  2  0  0  0  0 -1
  0 -1 -1  1 -1 -1
 -1  0  1 -1  0  1
 -2  0  0  0 -1  0
2-1;1,1,1;1 1 2
1 
#1 
6	% 
 0  0  0 0  1  2
 0  0  0 0  1  3
 1  0  0 0  0  0
 0 -1  0 1  0  1
 0  1 -1 0  0  0
 0 -1  0 0 -1 -2
2-1;1,1;1,1 1 5
3 
#1 
6	% 
 -1 0  0  0 -1 -1
  0 0 -1 -1 -1  0
  1 0  0 -1  0  1
  0 1  1 -1  1  1
  0 0 -1  2  0 -1
  1 0  0  1  1  0
1,1,1;1,1,1 1 3
15 
#3 
6	% 
  0  1  1 1  1  1
 -1  0  0 0  0  0
  0  1  1 0  1  2
  0 -2 -1 0 -2 -3
  0 -1 -1 0  0 -1
  0  1  2 0  0  1
6	% 
 -1  0  0  1  0  0
  0 -1  1  0 -1 -1
 -1  0 -1  0  0  1
  1  0  1 -1  0  0
  1  0 -1  1  1  0
 -1  0  1  0  0  0
6	% 
 -1 0 -2  1 -1 -1
  0 1  0  1  0  1
  0 0  0  0  0 -1
  1 0  1 -1  0  1
  0 0  0  0  1  0
 -1 0 -1  0 -1  0
1,1,1;1,1,1 1 2
1 
#1 
6	% 
  0 0  0  0  0  1
  0 0  0  0 -1 -2
 -1 0  0  0  0  0
  0 1 -1  0  0  0
  1 0  1 -1  1  1
  1 0  1  0  0  0
2-2;1,1,1,1 1 2
1 
#1 
6	% 
  0  1  0  0  0  1
  0  0  1  0  0  1
 -1 -1 -1 -1  1 -3
  1  0  0  0 -1  1
 -1  0  0 -1  1  0
  1  0  0  1  0  1
2-2;2-1;1,1 1 4
1 
#1 
6	% 
 -1 0 1 -1  1 0
  2 0 0  1 -1 1
 -1 1 0 -1  1 0
  3 0 0  1 -1 2
  3 0 0  1 -2 1
  3 0 0  2 -1 1
1,1,1,1;1;1 1 4
1 
#1 
6	% 
  1  0 0  0  0  0
  1  0 0  0 -1 -1
 -3  0 0 -1  1  0
  2  0 0  1 -1 -1
 -1 -1 0  0  0  0
 -1  0 1 -1  1  1
2-2;1,1,1;1 1 5
4 
#2 
6	% 
  1  0  0  0  0  0
  0  0 -1  1 -1  0
  0 -1  0  0  0 -1
 -1 -1  1 -1  1 -2
 -1 -1  1 -2  1 -1
 -1 -1  1 -1  2 -1
6	% 
 -1 0  0  0  0  0
 -2 1 -1 -1  1 -1
  2 1  1  0  0  2
  2 0  1  0 -1  1
  2 0  1  1  0  1
  2 0  1  0  0  2
1,1,1,1;1;1 1 2
7 
#3 
6	% 
 0  0  0  0  1  1
 0  0  0 -1  1  2
 0 -1  1 -1  1  0
 1  0  0  0  0  0
 0  0 -1  1 -1 -1
 0 -1  0  0  0  0
6	% 
 0  0 -1 0  0 -1
 0  0 -1 1  0 -1
 0 -1  0 0  0 -1
 1  0  0 0  0  0
 0  1  1 0  0  1
 0 -1 -1 0 -1 -2
6	% 
 0  0  1  1  1  1
 0  0  1  1  0  1
 0  0  1 -1  1  0
 1  0  0  0  0  0
 0 -1 -1  0 -1 -1
 0 -1  1  1  0  0
1,1,1;1,1;1 1 7
27 
#5 
6	% 
 0  1 -1  3  1 -1
 0  0  0  4  1 -1
 0 -1  1 -8 -2  2
 1  0  0  2  1  0
 1  0  0  0  0  0
 0  1  0  1  1  0
6	% 
 0 0 0  2 -1  1
 0 0 0  1 -1  1
 0 1 0 -1  2 -1
 1 0 1  0  0  1
 1 0 0  0  0  0
 0 0 0  1 -1  0
6	% 
  0 0 0 -2 -1  1
  2 0 0  1  1 -1
 -3 0 0  0 -1  1
  1 1 0  0  1  0
  0 1 1 -1  1  1
  0 0 0 -1  0  1
6	% 
 0  0  0 -2 -1  1
 0  1  1 -2  0  2
 0 -1 -1  5  1 -3
 1  1  0 -1  0  1
 1  0  0  0  0  0
 0  0  0 -1 -1  0
6	% 
 0  0 0 -1  1 -1
 0  0 0 -2  1 -1
 0  0 1  5 -2  3
 1  0 0 -1  1  0
 1  0 0  0  0  0
 0 -1 0  0  0 -1
1,1,1;1,1;1 1 10
12 
#2 
6	% 
 0  0  0 -1  1  0
 0  0  0  0  0  1
 1  0  0  1 -1 -2
 0  0  0 -1  0  0
 0  0 -1  1  0  0
 0 -1 -1  1 -1 -1
6	% 
 0  0  0 0  1  1
 0 -1  1 0 -3 -3
 1  2 -2 0  4  4
 0  0  0 0  0  1
 0 -1  0 0 -2 -2
 0 -1 -1 1 -1 -1
1,1,1;1,1;1 1 5
2 
#1 
6	% 
 0 0 0 -1  1 1
 0 0 0  0  1 1
 0 0 0  1 -1 0
 1 1 0 -1  1 1
 1 0 0  0  0 0
 0 1 1 -1  1 1
1,1,1,1;1;1 1 5
12 
#2 
6	% 
 -1 -1  1 1 -1 -3
 -2 -2  2 0  0 -3
 -2 -1  1 1  0 -2
  3  2 -3 0  0  4
 -3 -3  2 1 -1 -5
  2  1 -1 0  1  2
6	% 
  0  0 -1 -1  0 -1
 -1  0 -1  0  0 -1
  0 -1 -1  0 -1 -1
  1  0  2  1  1  2
 -1  0 -2 -1  0 -1
  0 -1  1  1  0  0
1,1,1;1,1;1 1 9
3 
#1 
6	% 
  2  2  0 -1  1  1
  1  1 -1  0  0  0
 -2 -3  1  1 -1 -1
  1  1  0 -2  0  1
  0  0  0  1  0 -1
  0  0  0  0 -1 -1
1,1,1;1,1;1 1 8
15 
#3 
6	% 
 0 -1  1 -1  1 -1
 0 -2  2 -2  1 -1
 0  4 -4  3 -3  3
 0  0  1 -1  1  0
 0 -1  1 -1  0 -1
 1  0  0  0  0  0
6	% 
 0  0  0  0 -1 -1
 0  4  2 -3  1  1
 0 -5 -3  4  0  0
 0  0  0  0  0 -1
 0  2  1 -2  0  1
 1  0  0  0  0  0
6	% 
 0 0 -2 -3 -1 -1
 0 0 -2 -4 -1 -1
 0 0  5 10  3  2
 0 1 -1 -2  0  0
 0 0 -1 -2 -1 -1
 1 0  0  0  0  0
2-2;1,1,1;1 1 3
1 
#1 
6	% 
 0  0  1  0  0  1
 0  1 -1  0  0  0
 1  0  0  0  0  0
 0 -1  0  0  0 -2
 0  1  0  0 -1  1
 0 -1  0 -1  0 -1
1,1,1;1,1;1 1 3
1 
#1 
6	% 
 0 0  0  1 -1 -1
 0 0  0  1  0  1
 0 0  0 -2  1  1
 0 1  0  0  0  0
 0 1 -1  0  0  0
 1 0  0  0  0  0
2-2;1,1,1;1 1 6
1 
#1 
6	% 
  1 0  0  0  0  0
  1 1  1 -1  1  1
  0 0  0  0 -1  0
  1 0  1 -1  0  0
  0 0  0  0  0 -1
 -1 0 -1  0  0  0
1,1;1,1;1,1 1 6
6 
#1 
6	% 
 -3 -2  2  0  0  0
  1  0 -1  1  0 -1
  2  1 -1  0  0  0
  0  0  0 -1  0  1
  0  0  0 -1 -1  0
  1  1  0  0  1  0
1,1;1,1;1,1 1 4
3 
#1 
6	% 
 -1  0 0  0 -1 -1
  0  1 1 -1  1  1
  0 -1 0 -1 -1  0
  1  0 0  1  1  0
 -1  0 0  1  0 -1
  0  1 0 -2  0  1
1,1,1;1,1;1 1 11
12 
#2 
6	% 
  0 0 -2  1 -3 -3
 -2 0 -4  2 -5 -5
  3 0  8 -4 11 11
  0 0 -1 -1 -2 -1
 -1 0 -2  2 -2 -3
  0 1 -1  0 -1 -1
6	% 
 0 0 0 -1 -3 -1
 0 0 0 -1 -2 -1
 1 0 0  3  6  3
 0 0 1  0 -1 -1
 0 0 0  0 -1 -1
 0 1 0 -1 -1  0
1,1;1,1;1,1 1 9
6 
#1 
6	% 
  1  0  0  0  0  0
  0 -1  0  0 -1 -1
  0  1  0 -1  1  1
  0  1  0 -1  0  1
 -1  1 -1  0  0  0
  1  0  1  0  1  0
1,1,1;1;1;1 1 11
1 
#1 
6	% 
 0 0 0  0 1 2
 0 0 0  0 0 1
 1 0 0  0 0 0
 0 1 1 -1 1 1
 0 0 1 -1 1 2
 0 1 0 -1 1 2
1,1;1,1;1;1 1 26
3 
#1 
6	% 
 1  0  0  0  0  0
 0  0  0  2  1  0
 0  0  0  2  0 -1
 0  0 -1 -1 -1  0
 0 -1  0  2  0 -1
 0  1 -1  0  0  0
1,1,1;1;1;1 1 3
1 
#1 
6	% 
 0 0  0  0  1  1
 0 0  0  1 -1  0
 1 0  0  0  0  0
 0 1  0  0  0  0
 0 0  0 -1  1  1
 0 0 -1  1 -1 -1
1,1;1,1;1;1 1 20
3 
#1 
6	% 
 1 0 0  0  0  0
 0 0 0  5  2 -1
 0 0 0 -3 -1  1
 0 1 0  1  1  0
 0 0 0  5  1 -2
 0 0 1  1  1  0
1,1,1;1;1;1 1 16
3 
#1 
6	% 
 -1 0 0  0  0  1
 -2 0 0  0 -1  2
  2 0 0 -1  0 -2
 -1 0 1  0  0  2
 -1 1 0  0  0  2
  0 1 1 -1  1  1
2-2;1,1;1,1 1 4
5 
#3 
6	% 
  0 1  1 -1  1  1
 -1 0 -1  0  0 -1
  1 0 -1  1 -1  0
  1 0  0  0 -1  0
  1 0  0  1  0  0
  1 0  0  0  0  1
6	% 
  1  1  1 -1  1  1
 -1 -1  0  0  0 -1
 -1  0 -1  1 -1  0
  0  1 -1  1 -1  0
  0  1 -1  0 -1  1
  0  1 -1  1  0  1
6	% 
  1  2  0 -1  1  1
 -1 -1  2  1 -1  2
 -1 -1 -2  0  0 -3
  0  0 -3 -1  1 -3
  0  0 -3 -1  0 -4
  0  0 -3  0  1 -4
1,1,1;1;1;1 1 8
3 
#1 
6	% 
  1 0 0  0  0 -1
 -1 0 0 -1  0  1
  1 1 0  0  0  0
  0 1 1 -1  1  1
  1 0 0  0 -1 -1
 -1 1 0 -1  1  1
1,1,1,1;1;1 1 6
1 
#1 
6	% 
  1  0 0  0 0  1
  1  0 0  0 0  0
  0  0 0  0 1  2
 -1  0 1  0 0 -1
  1  1 0 -1 1  2
  0 -1 1  0 0  0
1,1,1;1,1;1 1 6
2 
#1 
6	% 
 0 0 0  1 -1 -1
 0 0 0  1  0  1
 0 0 0 -1  1  0
 1 0 1  0  0  0
 1 0 0  0  0  0
 0 1 0  0  0  0
2-1;1,1;1;1 1 10
3 
#1 
6	% 
 1  0 0  0  0  0
 0  1 0 -1  0  1
 0  0 0 -1 -1  0
 0 -1 1  0  0  0
 0  1 0  0  1  0
 0  0 0  1  0 -1
1,1,1;1;1;1 1 7
12 
#2 
6	% 
 0 0 0 -1 0 0
 1 0 0  0 0 0
 0 0 0  1 1 0
 0 0 1 -1 0 1
 0 0 0 -1 0 1
 0 1 0  0 1 0
6	% 
 0  0 1  2  0  1
 1  0 0  0  0  0
 0 -1 0  1 -1  0
 0  0 0 -1  0 -1
 0 -1 0  0  0 -1
 0  0 0  1 -1  0
1,1;1,1;1;1 1 10
6 
#1 
6	% 
 -3 -2  2  0  0  0
  1  1  0 -2  0  1
  2  1 -1  0  0  0
  0  0  0  1  0 -1
  0  0  0 -1 -1  0
  1  1  0  1  1  0
1,1;1,1;1;1 1 17
6 
#1 
6	% 
 1  0  0  0  0  0
 0  1 -1  0  2  2
 0 -1  0 -1 -2 -1
 0 -1  1  1 -1 -2
 0  0  1 -2 -1  0
 0  1 -1  1  2  1
1,1;1,1;1;1 1 16
3 
#1 
6	% 
 0  1 1 -1  1  1
 1  0 0  0  0  0
 0  0 0  1  0 -1
 0 -1 0 -1 -1  0
 0  0 0 -1 -1  0
 0  1 0 -2  0  1
1,1;1,1;1;1 1 24
6 
#1 
6	% 
 1  0  2 -1  1  1
 0  0  0  0 -1  0
 0  0  0 -1  0  0
 0 -1  0  0  0 -1
 0  0 -1  0  0 -1
 0  1  1 -1  1  1
1,1;1,1;1;1 1 33
6 
#1 
6	% 
 1  0 0  0  0  0
 0  0 0 -1 -1  0
 0  0 0 -1  0  1
 0  1 1 -1  2  2
 0  0 1 -2  0  1
 0 -1 0  2 -1 -2
2-2;1,1;1;1 1 9
1 
#1 
6	% 
 -1 -1 0  0  0 -1
  0  1 1 -1  1  1
  1 -1 0  1 -1  0
  1  0 0  0 -1  0
  1  0 0  1  0  0
  1  0 0  0  0  1
2-2;1,1;1;1 1 7
4 
#2 
6	% 
 1  0  0  0  0  0
 0  0 -1  1 -1  0
 0 -1  0  0  0 -1
 0 -1  1 -1  1 -2
 0 -1  1 -2  1 -1
 0 -1  1 -1  2 -1
6	% 
 1 0  0  0 0  0
 0 1  1  0 0  2
 0 1 -1 -1 1 -1
 0 0 -1 -1 0 -2
 0 0 -1  0 1 -2
 0 0 -1 -1 1 -1
2-2;1,1;1;1 1 13
2 
#1 
6	% 
 1 0  0  0  0  0
 1 0 -1  1 -1  0
 1 1  0 -1  0  0
 0 0  0  0 -1  0
 0 0  0  0  0 -1
 0 0  0  1  0  0
1,1;1;1;1;1 1 12
3 
#1 
6	% 
 1 0  0  0 0 0
 0 1  0  1 1 0
 0 1 -1  0 0 0
 0 0  0 -1 0 1
 0 1  0 -2 0 1
 0 0  0  1 1 0
1,1;1;1;1;1 1 35
3 
#1 
6	% 
 1  0  0  0  0  0
 0  0  0  2  1  0
 0  0  0 -2  0  1
 0 -1 -1  1 -1 -1
 0  0 -1  2  0 -1
 0 -1  0  2  0 -1
2-2;1,1;1;1 1 10
1 
#1 
6	% 
 0 -1 -1  1 -1 -1
 1  0  0  0  0  0
 0  0  0  1  0  0
 0 -1  0  1  0 -1
 0  0  0  0  0 -1
 0  1  0 -1  1  1
2-2;1,1;1;1 1 19
2 
#1 
6	% 
 1 0 0  0  0  0
 0 0 1  0  0  1
 0 1 0  0  1  0
 0 0 0  0  0 -1
 0 0 0 -1  0  0
 0 0 0  0 -1  0
2-2;1;1;1;1 1 15
1 
#1 
6	% 
 1 0 0 0 0 0
 0 1 0 0 0 0
 0 0 1 0 0 0
 0 0 0 0 0 1
 0 0 0 0 1 0
 0 0 0 1 0 0
2-2;1;1;1;1 1 8
1 
#1 
6	% 
 1 0 0  0  0  0
 0 0 1 -1  1  1
 0 1 0 -1  1  1
 0 0 0  0 -1  0
 0 0 0  0  0 -1
 0 0 0  1  0  0
2-2;1,1;1;1 1 17
1 
#1 
6	% 
  0 1  1 -1  1  1
  1 1  0  0  0  1
  1 0  0  0 -1  1
 -1 0 -1  0  0 -1
  1 0  0  1 -1  0
  1 0  0  1  0  1
