#116

4-1;1;1 1 2
1 
#1 
6	% 
 1 0 0 0 0 0
 0 1 0 0 0 0
 0 0 1 0 0 0
 0 0 0 1 0 0
 0 0 0 0 1 0
 0 0 0 0 0 1
1,1,1,1,1,1 1 1
1 
#1 
6	% 
 1 0 0 0 0 0
 0 1 0 0 0 0
 0 0 1 0 0 0
 0 0 0 1 0 0
 0 0 0 0 1 0
 0 0 0 0 0 1
1,1,1,1,1;1 1 2
17 
#3 
6	% 
  1 1  1 -1  1 -1
  1 0  0  0  0  0
  0 0  0 -1  0  1
  2 0  1  0  1  0
 -1 0 -1  1 -1  0
  1 0  1 -1  0  0
6	% 
  1  0  0  0  0  0
  0  0  1  0  0  0
  0 -1  0 -1 -1 -1
  1  0  1  0 -1  0
 -1  1 -1  1  1  0
  1 -1  1  0 -1 -1
6	% 
 -1  0 -2  0 -1  1
 -1  0  0  0  0  0
 -1  0 -1  0 -1  0
 -2 -1 -5  1 -2  3
  2  0  4 -1  2 -2
 -2  0 -3  0 -1  1
1,1,1,1,1;1 1 1
1 
#1 
6	% 
 0  0  0  0 -1  0
 0 -1 -1  0 -1 -1
 0 -1  0 -1 -1 -1
 0  0 -1 -1  0 -1
 0  1  1  1  1  1
 1  0  0  0  0  0
2-1;1,1,1;1 1 8
24 
#1 
6	% 
  1  0 0  0  0  0
  0  0 0 -1 -1  0
 -1  0 1  0  1 -1
 -1 -1 0  1  0  0
  1 -1 1 -1 -1  0
  1  0 0 -1  0  0
1,1,1,1;1,1 1 2
27 
#5 
6	% 
  1  0  0  0  0  0
  1  0 -1  0 -1  0
  0 -1 -1 -1 -3 -1
  0  0  0 -1 -2  1
 -1  1  1  1  3  0
  1 -1 -1  0 -2 -1
6	% 
  0 -1 -1 1 -1  1
  0  0 -1 0 -1  0
  0 -1  0 0 -1  0
  1  0  0 0  0  0
 -1  1  1 0  1 -1
 -1 -1 -1 0 -2  1
6	% 
 0 0  0 1 0 -1
 0 1 -1 0 0  0
 1 0  1 0 0 -2
 0 0  0 0 1  0
 0 0  0 0 0  1
 0 1  0 0 0 -1
6	% 
 0  1  0 0 0  0
 0  1  1 1 1  1
 0  0  1 0 0  0
 1  0  0 0 0  0
 0 -1 -1 0 0 -1
 0  1  1 1 0  0
6	% 
  0 1  0 0  1 0
  0 0 -2 1  0 1
  0 0 -1 0  0 1
  1 0  0 0  0 0
 -1 0  0 0 -1 0
 -1 0 -1 1  0 1
2-1;1,1,1,1 1 2
6 
#1 
6	% 
 0 -1  1  0  0  0
 0  0  1  0  1  0
 1  1  3  1  4 -1
 0  0  3  0  3 -1
 0  0 -1  1  0  1
 0  0 -2 -1 -2  0
1,1,1,1;1,1 1 3
48 
#3 
6	% 
  1 0  1  0  1  0
  1 1  0  0  1  0
  0 0 -2  1 -2  2
 -1 0  3 -2  2 -3
  1 0  1 -1  2 -2
  0 0 -1  1 -1  2
6	% 
 -1  0 -1  0  1  2
  1  0 -1  1  1  1
  0  1  0  1  0  0
  0 -2  2 -2 -1 -2
  0 -2  1 -1  0 -1
  0  2 -2  1  1  2
6	% 
  1  0  0  0 1  1
  1  0  0  1 0 -1
  0  1 -1  1 0  0
 -1 -1  1  0 0  0
  1  0  1 -1 0 -1
  0  1 -1  0 0  1
2-1;1,1;1,1 1 9
24 
#1 
6	% 
 0  0 -1 0  0  1
 1  0  0 1  2  1
 0 -1  1 0 -1 -1
 0  0  0 1  0  0
 0  0 -1 0 -1  1
 0 -1  0 0  0  1
1,1,1;1,1,1 1 2
10 
#2 
6	% 
  0  0  0  0  1  0
  1  0  0  1  1 -1
  0  0 -1  0 -1  0
  0 -1 -1 -1 -3 -1
 -1  1  1  0  2  1
  1  1  1  1  3  0
6	% 
 -1 -1  1  0  0  0
  0  0 -1  1  0  1
  0  1  0 -1 -1  1
  0  1  0  0  1  0
  0  0  0  0  0 -1
  0 -1  0  1  0  0
2-1;1,1,1;1 1 5
18 
#2 
6	% 
  1  0  0  0  0  0
  1  1  0  0  1  0
 -1 -1  0  0 -1 -1
  0  0 -1  1  0  1
  0  0  1 -1  1 -1
 -1 -1  0 -1 -1  0
6	% 
  0  1 -1  0  0 0
 -1  1 -1 -1  0 1
  1 -1  0  1 -1 0
  0  0  0  0  1 0
  0  0 -1  1 -1 1
  1  0  0  1  0 0
2-1;1,1,1;1 1 2
6 
#1 
6	% 
 0 1  2  1  3 -1
 0 1  3  1  4 -1
 1 0  0  0  0  0
 0 0  2  0  2 -1
 0 0 -1  1  0  1
 0 0 -1 -1 -1  0
2-1;1,1,1;1 1 6
12 
#1 
6	% 
 -1 1  0 -1  0 -1
  0 1  0  0  1 -1
  1 1 -1  1  0 -1
  0 0  0  0 -1  0
  0 0  0  0  1  1
 -1 0 -1  0  0  2
1,1,1;1,1,1 1 3
48 
#3 
6	% 
  1  0 -3  4 -3  2
  0 -1 -5  2 -2  2
  0  0  1  0  0  0
 -1  0 -1 -1  1  0
  0  0  2 -1  1 -1
  1  0 -4  3 -2  2
6	% 
 -1  0 -1  1  1  1
  0 -2  1 -2 -1  0
  0 -1  1  0  0 -1
  0  2 -1  1  0  1
  0  0  0  0  0 -1
  0  2 -2  2  1  2
6	% 
 -1  1  0 -2 -2 -2
  0  0 -1  0  0  1
 -1  0  1 -1 -1 -1
  1 -1 -1  1  1  2
  1  0  1  0  1  0
 -1  0 -1 -1 -1  0
2-1;1,1;1,1 1 4
18 
#2 
6	% 
  1 0  0  0 0  0
  0 1  1  0 2  0
 -1 0  1 -1 1  0
  0 0 -1  1 0  1
  0 0  1 -1 1 -1
 -1 0  0 -1 0  0
6	% 
  0  2  0  1 2 -1
 -1 -1  1  0 0  0
 -1 -1  1 -1 0  0
  0  0 -1  1 0  1
  0  0  1 -1 1 -1
  1  0  0 -1 0  0
2-1;1,1;1,1 1 5
12 
#1 
6	% 
 1  1  0 -1  0 -1
 0  0 -1 -1 -1  2
 0  0 -1  0  0  2
 0  0  0  0  1  0
 0 -1  1  1 -1 -2
 0 -1  1  1  0 -1
2-1',2-1';1,1 1 2
6 
#1 
6	% 
  0 -1  1  0  0  0
  0  0  0  0  1  0
 -1  0  0 -2  0  2
 -1 -1  2 -2  1  1
  0  1 -2  1 -2  1
  1 -1  2  1  1 -2
2-1',2-1';1;1 1 2
6 
#1 
6	% 
 0  0  1  0  0  0
 0  1 -2  1 -1  1
 1  0  0  0  0  0
 0 -1  2 -1  1  0
 0  1 -2  0  0  0
 0 -1  2  0  1 -1
2-2;1,1,1,1 1 2
16 
#1 
6	% 
  1  0 0  0 0  0
  1  0 0  0 0  1
  0  0 0 -1 0 -2
 -1 -1 1  1 0  1
  1  0 1 -2 0 -2
 -1  1 0  1 1  1
1,1,1;1,1;1 1 7
132 
#7 
6	% 
 0  0  2  0  1 -2
 0 -3  5 -1  1 -1
 0  4 -8  1 -2  3
 0 -1  2  0  1  0
 1  2 -2  2  2  2
 0  0  1  0  0 -1
6	% 
 0  4 -2 1  2 1
 0  3 -1 0  1 0
 0 -5  2 0 -1 0
 0  1  0 0  0 0
 1  0  0 0  0 0
 0  2 -1 1  1 0
6	% 
 0 -2 -1  1 -1  1
 0  0 -2  1  0  1
 0  1  6 -3  1 -3
 1  0 -1  1  0  0
 1  0  0  0  0  0
 0 -1  0  0  0  0
6	% 
 0  2  1 -3 -1 -1
 0  0  1 -2 -1  0
 0 -1 -2  5  2  0
 1  0  1 -1  0  0
 1  0  0  0  0  0
 0  1  0 -1 -1  0
6	% 
  2  0  1 -1 -1 -1
  2  0 -1  2  1  0
 -5  0  1 -3 -1  1
  1 -1 -1  1 -1  0
  0 -1 -1  0 -2  0
  1  0  0  0 -1  0
6	% 
 0  2  1 -1  1 -1
 0  3  1  0  2 -2
 0 -7 -3  1 -4  5
 1  2  0  0  1 -1
 1  0  0  0  0  0
 0  1  1 -1  1 -1
6	% 
 0  2 -3  1  1  1
 0  1 -2  1  1  1
 1 -2  4 -2 -2 -2
 0  0 -1  0  0  1
 0  1  0  0  1  0
 0  1 -1  0  1  0
2-2;1,1,1;1 1 5
32 
#2 
6	% 
  1  0  0  0  0  0
  2  1  0  0  1 -1
 -2 -1  0  0  0  1
 -3 -1  0  0  0  2
 -3 -2  1 -1 -1  1
 -3 -1 -1  0 -1  2
6	% 
  1  0  0  0  0  0
  0 -2 -1  0 -2  1
  0  2  1 -1  2  0
 -1  2  2 -1  3 -1
 -1  2  1  0  2  0
 -1  3  1 -1  2 -1
1,1,1,1;1;1 1 4
10 
#2 
6	% 
  1 -1 1  1 0 -1
  1  0 0  0 0  0
 -2  1 0 -3 0  1
  0 -1 0  2 0  0
  0  1 0 -1 0  0
  0  1 0 -1 1  0
6	% 
  0  0  1  0  1  0
  1  0  0  0  0  0
 -1 -1 -2 -1 -4 -1
  0  2  2  1  5  1
  0 -1 -1  0 -3 -1
  0 -1 -1 -1 -3  0
1,1,1;1,1;1 1 5
50 
#6 
6	% 
  2  1 -1  1  0 -1
  1  0  0  0  0  0
 -2 -2  2 -1  0  1
  1  1 -1  1  0  0
  0  0 -1  1  0  1
  0  0  0  0 -1  0
6	% 
 0  2  2  1  5  1
 0  1  1  0  2  0
 0 -3 -2 -1 -6 -1
 1  1  1  1  2  0
 1  0  0  0  0  0
 0  0  0  0 -1  0
6	% 
 0  1  0 -2  0 0
 0  1 -1 -1  0 1
 0 -2  1  2  0 0
 1  1  0 -1  0 0
 1  0  0  0  0 0
 0  0  0  0 -1 0
6	% 
 0  1 -1  1  1  1
 1  0 -1  1  0  1
 0 -1  2 -2 -1 -2
 0  1 -1  1  0  0
 0  2 -2  1  0 -1
 0  0  0  0 -1  0
6	% 
  0 -1  1 -1 -1 -1
 -1  0  1 -1  0 -1
  1  1 -1  1  1  1
  0 -1  1  0 -1 -1
  0 -1  1  0 -2  0
  0  0  0  1  0 -1
6	% 
 0  2  2  1  5  1
 0  1  1  0  2  0
 0 -3 -2 -1 -6 -1
 0  1  1  1  2  0
 1  0  0  0  0  0
 0  0  0  1  0 -1
1,1,1;1,1;1 1 10
72 
#3 
6	% 
 0 -1  1 -1 -1 -1
 0  0  0 -1  0  1
 1  1 -1  3  1 -1
 0  1 -2  0 -1  0
 0 -1  2 -1  1  0
 0  0  0  0  1  0
6	% 
 -2 -1 -2  1 -2  1
 -4 -2 -2  1 -3  1
  9  4  6 -3  7 -3
 -1 -1 -1  0 -1  2
 -2 -1 -1  0 -1  1
  0  0  0  0  1  0
6	% 
  2  1 -1  0  1  0
  2  3 -4  1  3  1
 -5 -5  6 -1 -5 -1
  1  0  0  0  1  0
  1  1 -2  1  1  0
  0  0  0  1  0 -1
1,1,1,1;1;1 1 2
17 
#3 
6	% 
 0 -1 -1 1 -1  1
 0 -1 -1 0 -1  2
 0  0 -1 0 -1  0
 1  0  0 0  0  0
 0  1  1 0  2 -1
 0 -1 -1 0 -1  1
6	% 
 0  1  0 0  0  0
 0  1  0 0 -1  0
 0  1  1 1  1  1
 1  0  0 0  0  0
 0 -1 -1 0  0 -1
 0  1  1 1  0  0
6	% 
 0  1  1  1 1 0
 0  1  1  1 1 1
 0  0 -1  1 0 0
 1  0  0  0 0 0
 0 -1  0 -1 0 0
 0  0  1  1 1 0
1,1,1,1;1;1 1 5
48 
#3 
6	% 
 1 0  0  0 0  0
 0 1  0  0 1  0
 0 1 -1 -1 0  1
 0 0  1  0 1 -1
 0 0 -1  0 0  1
 0 0  1  0 0 -2
6	% 
 -1 -1  0  1  0  1
 -1  0 -1  1  0  1
  0 -1  0  1  1  2
  1  2  0 -2 -1 -2
 -1 -1  0  2  1  2
  0  1  0 -2 -1 -1
6	% 
  1  0  0  0  0 0
  1 -1  0  0  0 1
  1  0  0 -1 -1 0
 -2  1 -1  1  0 0
  2 -1  0  0 -1 1
 -1  0 -1  1  0 0
1,1,1;1,1;1 1 11
60 
#3 
6	% 
  0  0 -2  1 -2  1
  2 -1 -1  1 -1  1
 -3  2  4 -3  4 -3
  0 -1  0  1 -2  1
  1  0 -1  0  0  0
  0  0 -1  1 -1  0
6	% 
 0  0  1 -1  1  1
 0  0  2 -1  2  1
 1  0 -4  3 -4 -3
 0  0  0  0  1  1
 0 -1  1  0  1  1
 0  0  0  0  0  1
6	% 
  2 0 -1  1  1  1
  2 0  0  1  2  1
 -5 0  1 -3 -5 -3
  1 1 -1  0  1  1
  1 0  0  1  1  0
  1 0 -1  1  0  1
1,1,1;1,1;1 1 3
10 
#2 
6	% 
 0 -1 1 -1 -1  1
 0  0 0  0  1  0
 0  0 0  1  0 -1
 0  0 1 -1  0  0
 0  0 1 -1  0 -1
 1  0 0  0  0  0
6	% 
 0  2  2  1  5  1
 0  1  1  0  2  0
 0 -3 -2 -1 -6 -1
 0  1  1  0  2  1
 0  0  0 -1  0  1
 1  0  0  0  0  0
2-2;1,1,1;1 1 3
16 
#1 
6	% 
 0 -1  1  0  0  0
 0 -1  1  1  0 -1
 1  0  0  0  0  0
 0  0 -1  0 -1  1
 0 -1  0  1  0  0
 0  0  0 -1  0  0
1,1,1;1,1;1 1 8
48 
#3 
6	% 
 0 -1 -1 -1 -1 -1
 0 -2  0 -1 -2 -1
 0  5  0  3  5  3
 0  0 -1  0 -1 -1
 0 -1  0 -1 -1  0
 1  0  0  0  0  0
6	% 
 0 -1  0 0  1  2
 0  0 -1 0  0  2
 0  2  0 1 -2 -5
 0  0 -1 0  1  1
 0  0  0 0  0  1
 1  0  0 0  0  0
6	% 
 0  1 -1  1  1 -1
 0  2 -2  1  2 -3
 0 -4  4 -3 -4  4
 0 -1  0  1  1  0
 0  2 -1  0  1 -2
 1  0  0  0  0  0
1,1,1,1;1;1 1 6
6 
#1 
6	% 
  0  0 -1 0 -1  0
  1  0  0 0  0  0
  0  1  0 0  1  0
 -1 -1  0 0 -1  1
  1  1  0 0  0 -1
  0  0 -1 1  0  1
1,1,1;1,1;1 1 6
12 
#1 
6	% 
 0  2  1  1  3 -1
 0  1  1  0  2  0
 0 -2 -2 -1 -4  1
 0  1  0  1  2  0
 1  0  0  0  0  0
 0  1  0  1  1  0
1,1,1;1,1;1 1 9
36 
#2 
6	% 
 -2 -1  1 -1 0  1
 -2 -2  2 -1 0  1
  3  1 -1  1 0 -1
 -1 -1  0  0 0  1
  0  2  2 -2 1 -2
  0  0  1 -1 1 -1
6	% 
 0 0 -1  0 -1  0
 1 0  0  0  0  0
 0 1  3  0  4  0
 0 0 -1  1  0  0
 0 0  1 -1  0 -1
 0 0  1 -1  1 -1
2-1;1,1;1;1 1 34
12 
#1 
6	% 
  1  0  0  0 0 0
  0  0 -1  1 0 1
  0 -1  1  0 0 0
 -1 -1  1 -1 0 0
  0  0  0  0 1 0
 -1  0  1 -1 1 0
2-1;1,1;1;1 1 33
24 
#1 
6	% 
 -1  0  0 -1 -2 -1
  1 -1  0  1  1  1
 -1  0 -1  0 -2  0
  1  0  0  1  1  1
  2  0  0  2  3  1
  1  1 -1  1  2  1
2-1;1,1;1;1 1 24
24 
#1 
6	% 
 0  0 0  1  1  0
 1  0 0  0  0  0
 0 -1 0  1  0  0
 0 -1 1 -1 -1  0
 0  0 1  0  1 -1
 0  0 0 -1  0  0
3;1,1,1 1 3
8 
#1 
6	% 
  1  0  0 0  0 0
  1  0  0 1  1 0
  1 -1  1 0  0 0
  1  0 -1 1  0 1
 -1 -1  0 0 -1 0
 -1  0  0 0 -1 0
1,1,1;1;1;1 1 3
10 
#2 
6	% 
 0  1  1  0  2  0
 0 -3 -2 -1 -6 -1
 1  0  0  0  0  0
 0 -1 -1  0 -3 -1
 0  2  2  1  5  1
 0 -1 -1 -1 -3  0
6	% 
 0  1  0  0  1  0
 0 -1  2  1  1 -1
 1  0  0  0  0  0
 0  0  1  0  1 -1
 0  0 -1 -1 -1  1
 0  0  1  0  0 -1
1,1,1;1;1;1 1 4
10 
#2 
6	% 
  1 1  2  0  3 0
 -1 0  0  0  0 0
  0 0 -1  0 -1 0
  0 0  1 -1  1 1
  0 0  0  0  1 1
  0 0  0  0  0 1
6	% 
  1 -1  1  0 0  0
 -1  0  0  0 0  0
  0 -1  1 -1 0  1
  0  2 -1  1 1 -1
  0  1  0  0 0 -1
  0  1  0  0 1 -1
1,1;1,1;1,1 1 3
15 
#2 
6	% 
 0  3  4  0  7  0
 0  0  0  0 -1  0
 1  0  1 -1  0 -1
 0 -2 -3  0 -5  0
 0  1  2  0  4 -1
 0  1  1  1  4  0
6	% 
  0  5  0  0  3 0
  0 -1  1  0  0 0
 -1  0  0 -1  0 1
  0 -3  0  0 -2 0
 -1  2 -1  0  1 1
  1  2 -1  1  1 0
1,1;1,1;1;1 1 6
30 
#3 
6	% 
 1 0  0  0  0  0
 0 1  3  0  4  0
 0 0 -2  1 -1  1
 0 0  1 -1  0 -1
 0 0 -1  1  0  0
 0 0 -1  0  0  1
6	% 
  0 -1 1  0  0  0
 -3  0 0 -2  0  2
  2 -1 0  2  0  0
  0  1 0 -1  0 -1
  1 -1 0  1 -1  0
  1 -1 0  1  0  0
6	% 
 1  0  0  0  0  0
 0 -3  3 -2  0  2
 0  1 -2  2  0  0
 0  0  1 -1  0 -1
 0  0 -1  1 -1  0
 0  0 -1  1  0  0
1,1;1,1;1,1 1 4
36 
#2 
6	% 
 0  0  0  1  2 -1
 1  1 -2  1  0  1
 0 -1  1 -1 -1 -1
 0 -1  0 -1 -3  0
 0 -1  0  0  0 -1
 0  0 -1  0 -1  0
6	% 
 0 -2  0  0 -1  0
 1  1 -2  1  0  1
 0  0  1 -1  0 -1
 0  0  0  1  1  2
 0 -3  0  1 -1  2
 0  1 -1  0  0  0
1,1;1,1;1;1 1 20
36 
#2 
6	% 
  1  0  0  0  0  0
 -1  3  1  1  5  1
  0 -2  0 -1 -3 -1
  0  1  0  0  1  1
  1  4 -1  2  5  2
  0  1  0  1  1  0
6	% 
  1  0  0  0  0  0
 -1  2  1 -1  0 -5
  0 -1  0  0  0  2
  0  1  0  0  0 -1
  1  3 -1  0  0 -4
  0  0  0  0 -1 -1
1,1,1;1;1;1 1 8
36 
#2 
6	% 
 -1 0 -2 -1 -3 -1
  2 1  1  1  3  1
 -1 0 -1  0 -2 -1
  0 0  0  1  0 -1
 -2 1 -2 -1 -2 -1
  1 0  1  1  1  0
6	% 
  1  0  0 0  0  0
 -1 -1  1 1  0 -1
  1  0 -1 0  0  1
  0 -1  0 0 -1  0
  1  0 -1 0  0  2
 -1 -1  1 0  0 -1
2-2;1,1;1,1 1 4
48 
#3 
6	% 
  0  0  0  1  0 -1
  2  1  0 -1  0  0
 -2 -1  0  0 -1  1
 -1 -1  1  0  0  0
 -1 -1  0  0 -1  0
 -1  0 -1  1  0  1
6	% 
  1  0  0  0  1  0
 -1  0  0 -2 -2 -1
 -1  0  0  2  1  1
  0 -1  0  4  2  2
  0  0  1  3  3  1
  0  1 -1  4  3  2
6	% 
  1  0  0  1  0 -1
 -1  1 -1  0  1  1
 -1 -1  1 -1 -1  0
  0 -2  2 -1 -1 -1
  0 -1  2 -1 -1 -1
  0 -2  1  0 -2  0
1,1,1;1;1;1 1 7
48 
#3 
6	% 
 0 0 0 -1 -1 -1
 1 0 0  0  0  0
 0 0 0  1  1  0
 0 1 0  0  1  0
 0 0 0 -1  0  0
 0 0 1 -1  0 -1
6	% 
 0 1  0 1  1  1
 1 0  0 0  0  0
 0 0  0 0 -1  0
 0 0 -1 0  0 -1
 0 1 -1 0  0  0
 0 0  1 1  0  0
6	% 
 0 0  1 -1 -2 -2
 1 0  0  0  0  0
 0 1  0  0  1  0
 0 0  0  0  1  0
 0 1 -1  0  0  0
 0 0  1 -1  0 -1
1,1;1,1;1;1 1 17
36 
#2 
6	% 
 1  0  0  0  0  0
 0  0  0  1  1  1
 0  0  0 -1 -1  0
 0  0 -1 -1 -2 -1
 0  0  0 -1  0  0
 0 -1  0  2  1  2
6	% 
 1 0  0 0  0 0
 0 0  1 0  0 0
 0 0 -1 0  0 1
 0 0 -2 0 -1 0
 0 0 -1 1  0 0
 0 1  1 0  0 0
1,1;1,1;1;1 1 3
15 
#2 
6	% 
 0  3  4  0  7 0
 0  0 -1  1  0 1
 1  0  0  0  0 0
 0 -2 -3  0 -5 0
 0  1  2 -1  2 0
 0  1  2 -1  3 0
6	% 
 0  3  4  0  7  0
 0  0  0  0  1  0
 1  0  0  0  0  0
 0 -2 -3  0 -5  0
 0  1  2  0  3 -1
 0  1  2 -1  3  0
1,1;1,1;1,1 1 6
36 
#2 
6	% 
 1  0  0  0  2  0
 0  1  1 -1  0 -2
 0  0  0  0 -1  0
 0  0 -1  0 -1  0
 0 -1  0  1  0  1
 0  1  1  0  1 -1
6	% 
 1  0  0  2  0 -2
 0  0 -1 -1 -1  0
 0  0  0 -1  0  1
 0  0  1  0  1  0
 0 -1  0  0  0  0
 0  1  1 -1  0  0
1,1,1;1;1;1 1 16
12 
#1 
6	% 
 1  0 0  0 0  0
 0 -2 1  0 0  2
 0  1 1 -1 0 -3
 0 -1 0  0 0  1
 0  0 0  0 1  1
 0  0 0  0 1  0
1,1;1,1;1;1 1 26
12 
#1 
6	% 
  1  0  0  0  0  0
 -1  1  1 -1  0 -3
  1  2 -1  0  0 -2
  0 -1  0  0 -1  1
  0  0  0  0  0 -1
  0  0  0  0 -1  0
1,1,1;1;1;1 1 11
6 
#1 
6	% 
 0 -1 1  0  0  0
 0  0 1 -1  0 -1
 1  0 0  0  0  0
 0 -1 0  0 -1  0
 0 -1 1 -1  0  0
 0 -1 1 -1 -1  0
1,1;1,1;1;1 1 15
18 
#2 
6	% 
 -1  0 0 -1  0  1
  0  0 1 -1  0 -1
  1 -1 0  1  0  0
  1  1 0  0  0 -1
  0  0 0  0 -1  0
  0  1 0  0  1  0
6	% 
 1  0  1 -1  0 -1
 0 -2  2 -1  0  1
 0  0 -1  1  0  0
 0  0  0  0  0  1
 0  0  0  0 -1  0
 0  1  0  0  1  0
1,1,1;1;1;1 1 12
18 
#2 
6	% 
 -1  0 0  0  0  0
  0  0 1 -1  0 -1
  0 -1 0  0 -1  1
  0 -1 1  0  0 -1
  0  0 0  0  1  0
  0 -1 0  0 -1  0
6	% 
 0 1 -1  0  0  0
 1 0  1 -1  0 -1
 0 0  0  0  1  1
 0 1  0 -1  0  0
 0 0  0  0 -1  0
 0 1  0  0  1  0
1,1;1,1;1,1 1 9
30 
#2 
6	% 
  1  0  0  0  0  0
  0 -1  0  1 -1  1
  0  0 -1  0  0  0
  0  0 -1  0 -1  0
 -1  0  0 -1  0  0
  1  0  1  0  1 -1
6	% 
  1  0  0  0 0  0
  0 -1  0  1 0  0
  0  1  0  0 0 -1
  0  1 -1  1 0  0
 -1  1 -1  0 0  0
  1  0  1 -1 1  0
1,1;1,1;1;1 1 33
30 
#2 
6	% 
 1  0  0  0  0  0
 0  0  1 -1  0 -1
 0  0  0  0  1  0
 0  0  0  0  1  1
 0 -1  1 -1  0  0
 0  1 -1  0 -1  0
6	% 
 1  0  0  0  0  0
 0  0  0 -1 -1  0
 0  0  0  0  1  1
 0  0  1  0  2  0
 0 -1  1 -1  0  0
 0  1 -1  0 -1 -1
1,1;1,1;1;1 1 12
36 
#2 
6	% 
 1 0 0  0 0  0
 0 1 1  0 2  0
 0 0 0  1 1  0
 0 0 0  0 0 -1
 0 0 0  0 1  0
 0 0 1 -1 0 -1
6	% 
 1  0  0  0 0  0
 0 -1  1  0 0  0
 0  1 -1  0 1  1
 0  0  1  0 1 -1
 0  0  0  0 1  0
 0  0  1 -1 0 -1
1,1;1,1;1;1 1 10
72 
#3 
6	% 
 1  2 -2  0  0 0
 0 -2  0  0 -1 1
 0 -1  1  0  0 0
 0  1  0  0  0 0
 0 -1 -1  1 -1 1
 0  1  1 -1  1 0
6	% 
 -3 0 0 -2 0  2
  1 0 0  1 1  0
  2 0 0  1 0 -1
  0 0 1 -1 0 -1
  0 0 0  0 1  0
  1 1 0  0 0 -1
6	% 
 1  2 -2  0 0  0
 0  0  0  0 1  1
 0 -1  1  0 0  0
 0  0  1  0 0 -2
 0  0  0 -1 1  1
 0  0  1  0 0 -1
1,1,1;1;1;1 1 17
12 
#1 
6	% 
  1 0  0  0  0  0
 -2 1 -1 -1 -2 -1
  1 0  0  1  1  0
  1 0  1  0  2  0
 -1 1 -1  0 -1  0
  1 0  0  0  1  1
1,1;1,1;1;1 1 27
36 
#2 
6	% 
 1  0 1  0  1  0
 0  0 0  0  1  0
 0 -1 1  0 -1 -1
 0 -1 1  0  0  0
 0  1 0  0  2  0
 0 -1 1 -1 -1  0
6	% 
 1  0  0  1  0 -1
 0  0  0  1  1  1
 0  1  1 -3 -2 -3
 0  1  0 -1 -1 -2
 0 -1  0  3  2  2
 0  2 -1 -2 -2 -2
2-1;1;1;1;1 1 33
12 
#1 
6	% 
 1 0  0  0  0 0
 0 1 -1  0  0 0
 0 0  0  0 -1 0
 0 1  0  0  1 0
 0 0 -1  0  0 1
 0 0  0 -1  0 0
1,1;1,1;1;1 1 16
36 
#2 
6	% 
 0 1  1  0 2  0
 1 0  0  0 0  0
 0 0  1 -1 0 -1
 0 0  0  0 1  1
 0 0  0  0 1  0
 0 0 -1  0 0  1
6	% 
 0  2  0  1  2 -1
 1  0  0  0  0  0
 0  1 -1  0  1  0
 0 -2  2 -1 -1  0
 0 -1  2 -1  0 -1
 0 -1  2  0  0 -1
2-2;1,1,1;1 1 6
16 
#1 
6	% 
 1  0  0 0  0  0
 0  1 -1 0  0  0
 0  0 -1 1  0  1
 0  0 -1 0  0  1
 0  0  0 0  1  0
 0 -1  1 0 -1 -1
1,1,1;1;1;1 1 19
8 
#1 
6	% 
  1 1  0 0 1 -1
  1 0  0 0 0  0
 -1 0  0 0 0  1
  1 1  0 0 0 -1
  1 0  1 0 1 -1
  1 1 -1 1 1  0
1,1;1,1;1;1 1 36
24 
#1 
6	% 
  1 0  0  0  0  0
  0 1  0  0  1 -1
 -1 1 -1  0  0  0
 -1 0  0  0 -1  0
  1 1  0  0  1  0
 -1 0  1 -1  0 -1
1,1;1,1;1;1 1 24
24 
#1 
6	% 
 1  1 0  0  2  0
 0  2 1 -2  0 -4
 0 -3 1  1  0  3
 0 -1 0  1  0  2
 0 -2 0  1 -1  2
 0  0 0  0  1  0
2-1;1,1;1;1 1 5
18 
#2 
6	% 
 0 -1 -1 0 -2 0
 1  0  0 0  0 0
 0  1  0 0  1 1
 0  0  0 0  1 0
 0  0 -1 1 -1 1
 0  1  0 1  1 0
6	% 
 0 -1  1  0 0  0
 1  0  0  0 0  0
 0  1  0 -1 1  0
 0  0 -1  1 0  1
 0  0  1 -1 1 -1
 0  0  0 -1 0  0
2-1;1,1;1;1 1 9
18 
#2 
6	% 
 1 0 0  0  0  0
 0 0 1 -1  1 -1
 0 1 1 -1  2 -1
 0 0 0  0 -1  0
 0 1 0  0  1 -1
 0 1 0 -1  1  0
6	% 
 1 0 0  0  0  0
 0 0 1 -1  1 -1
 0 0 1  0  1 -2
 0 0 0  0 -1  0
 0 1 0  0  1 -1
 0 0 0  0  0 -1
2-1;1,1;1;1 1 21
12 
#1 
6	% 
 1 0  1 0  1 0
 0 0  0 1  1 0
 0 0  0 0 -1 0
 0 1 -1 0  1 1
 0 1  0 0  1 0
 0 1 -1 0  0 0
2-1;1,1;1;1 1 10
12 
#1 
6	% 
 1  0 0  0  0  0
 0 -1 1 -2  0  1
 0 -1 1 -1  0  1
 0  0 0  0 -1  0
 0  1 0  1  1 -2
 0  1 0  1  1 -1
3;1,1,1 2 2
4 
#1 
6	% 
 1  0 0  1  0 -1
 0  0 0  1  0 -1
 0  0 0  0  0 -1
 0  1 0  0  1  0
 0 -1 1 -1 -1 -1
 0 -1 1 -1  0  0
2-1;1,1;1;1 1 23
6 
#1 
6	% 
 1  0  0 0 0  0
 0  0  0 0 0  1
 0  1  0 0 1 -1
 0 -1  0 0 0  1
 0 -1  1 0 0  0
 0  0 -1 1 0  1
2-1;1;1;1;1 1 18
6 
#1 
6	% 
 1  0  0 0  0 0
 0  0 -1 1  0 0
 0  0  0 0 -1 0
 0 -1  0 0  0 1
 0 -1  1 0  0 0
 0  1  0 0  1 0
2-1;2-1;1,1 1 4
3 
#1 
6	% 
 1 0  0  1  0 -1
 0 0  1 -1 -1 -1
 0 1  0 -1 -1 -1
 0 0  0  0 -1 -1
 0 0 -1  1  0  1
 0 0  0 -1 -1  0
2-1;2-1;1;1 1 4
3 
#1 
6	% 
 1  0  0  0 0  0
 0  0 -1  1 1  1
 0 -1  0  1 1  1
 0  0  0  0 1  1
 0  0  1 -1 0 -1
 0  0  0  1 1  0
2-1;1;1;1;1 1 6
6 
#1 
6	% 
 1 0 0  0  0  0
 0 0 1 -1  1 -1
 0 1 0 -1  1 -1
 0 0 0  0  0 -1
 0 0 0  0 -1  0
 0 0 0 -1  0  0
2-1;2-1;1,1 1 9
6 
#1 
6	% 
  1  0 0  0  0  0
  0  1 0  0  1  0
 -1  0 1 -1  1  0
  0  0 1 -1  0 -1
  1 -1 0  1 -1  0
  0  0 0  0  1  0
2-1,2-1;1,1 1 2
12 
#1 
6	% 
  0 1 -1  0  0 0
  0 0  0  0  1 0
 -1 0  0 -1  0 1
 -1 0 -1  0 -1 1
  0 0  1  0  1 0
  1 0 -1  1 -1 0
2-1,2-1;1;1 3 2
6 
#1 
6	% 
 1  0  0 0 0 0
 0  1 -1 0 1 0
 0  0 -1 0 0 0
 0  0 -1 1 0 0
 0 -1  1 0 0 0
 0  0 -1 0 0 1
4-1;1,1 1 2
1 
#1 
6	% 
 1  0  0  1  0 -1
 0 -1  0  0 -2  0
 0  0 -1  0 -2  0
 0  0  0  0 -1 -1
 0  1  0  0  1  0
 0  0  0 -1 -1  0
2-1,2-1;1;1 1 2
12 
#1 
6	% 
 0 1  0  0  1  0
 0 0 -1  1  0  1
 1 0  0  0  0  0
 0 0  1  0  1 -1
 0 0 -1  0 -1  0
 0 0  1 -1  1  0
2-1;2-1;1;1 1 24
6 
#1 
6	% 
 1  0  0  0  0 0
 0 -1  0  0 -1 0
 0  0 -1  1 -1 0
 0  0  0  0 -1 0
 0  1  0 -1  1 0
 0  0 -1  1  0 1
2-1,2-1;1;1 2 3
12 
#1 
6	% 
 1  0  0  0  0  0
 0  1 -3  1 -1  1
 0  3 -5  3 -2  3
 0  1  0  1  0  0
 0 -1  2 -1  1 -1
 0  1  0  0  0  1
4-1';1;1 1 2
12 
#1 
6	% 
 1  0  0  0  0  0
 0 -3  3 -3  1 -3
 0 -4  8 -5  3 -5
 0 -1  3 -1  1 -2
 0  2 -5  3 -2  3
 0 -1  3 -2  1 -1
2-1,2-1;1,1 3 2
6 
#1 
6	% 
 1  0  0 1 0 -1
 0  1 -1 0 1  0
 0  0 -1 0 0  0
 0  0 -1 1 0  0
 0 -1  1 0 0  0
 0  0 -1 0 0  1
2-1,2-1;1,1 2 3
12 
#1 
6	% 
 1  0  0  1  0 -1
 0  3  1  0  3  0
 0  4 -5  5  2  5
 0  0 -3  3 -1  2
 0 -2  2 -2 -1 -2
 0  0 -3  2 -1  3
4-1';1,1 1 2
12 
#1 
6	% 
 -1  0  0  0  0  0
  0 -3  3 -3  1 -3
  0 -4  8 -5  3 -5
 -1 -1  3 -2  1 -1
  0  2 -5  3 -2  3
  1 -1  3 -1  1 -2
1,1;1;1;1;1 1 17
18 
#2 
6	% 
 0 -1  1 0 0 0
 1  0  0 0 0 0
 0  1 -1 1 1 0
 0 -1  0 0 0 1
 0  0 -1 1 0 1
 0  1  0 0 1 0
6	% 
 0 1  0  0  1 0
 1 0  0  0  0 0
 0 0 -1  0 -1 1
 0 0  1 -1  0 0
 0 0  0  0 -1 0
 0 1 -1  0  0 0
2-2;1,1;1;1 1 7
32 
#2 
6	% 
 1  0  0  0 0  0
 0  0  1  0 1 -1
 0  0 -1  0 0  1
 0 -1  1  0 0  0
 0  1  0  0 1  0
 0  0  1 -1 0 -1
6	% 
 1  0  0  0  0 0
 0  2  1 -1  2 0
 0 -2 -1  0 -2 1
 0 -2  0  0 -1 0
 0 -2 -1  1 -2 1
 0 -1 -1  0 -2 0
1,1;1;1;1;1 1 12
36 
#2 
6	% 
 1  0  0  0  0  0
 0 -1  2 -1  1  0
 0  0  0  0  1  0
 0  1 -2  0 -1  0
 0  1 -2  0  0  1
 0 -2  3 -1  0 -1
6	% 
 1 0  0  0 0 0
 0 0 -1  1 0 0
 0 1 -1  0 0 0
 0 1  0  0 1 0
 0 1  0 -1 1 0
 0 0 -1  1 0 1
2-2;1,1;1;1 1 13
32 
#2 
6	% 
 -1 0  0 -1 0 1
 -1 1  0 -1 0 0
 -1 0 -1  0 0 1
  0 1 -1  0 0 0
  0 0 -1  1 0 1
  0 1  0  0 1 0
6	% 
 1  0  0 0  0 0
 0  0 -1 1  0 0
 0 -1  0 0 -1 1
 0  0 -1 1  0 1
 0  0  0 0 -1 0
 0  1 -1 0  0 0
3;1,1;1 2 5
8 
#2 
6	% 
 1 0  0  1  0 -1
 0 1  0 -1  0 -1
 0 0  0 -1 -1 -1
 0 0  0 -1 -1  0
 0 0 -1  1  0  1
 0 0  0 -1  0  0
6	% 
 1  0 0  0 0  0
 0  1 0 -1 0 -1
 0  1 0 -1 1 -1
 0  1 0  0 1 -1
 0 -1 1  0 0  0
 0  1 0 -1 1  0
2-2;1,1;1;1 1 9
16 
#1 
6	% 
  2  1  0 -1  1  0
  0  0  0  1  0 -1
 -2 -1  0  0  0  1
 -1 -1  1  0  0  0
 -1 -1  0  0 -1  0
 -1  0 -1  1  0  1
1,1;1;1;1;1 1 8
5 
#2 
6	% 
 1  0  0  0  0  0
 0  0  0  1  0 -1
 0 -1  0 -1 -1  1
 0  0 -1 -1 -1  1
 0  0 -1  0  0  1
 0  0 -1  0 -1  1
6	% 
 1 0  0  0 0  0
 0 1 -1  0 0  0
 0 0  1  0 1  0
 0 0  1  0 0  0
 0 0  1  0 0 -1
 0 0  1 -1 0  0
1,1;1;1;1;1 1 18
18 
#2 
6	% 
  1 0 0  0 0  0
 -2 0 0 -1 0  1
  1 0 0  1 1  0
  1 0 1  0 0 -1
  0 0 1 -1 0 -1
  0 1 0  0 1  0
6	% 
 1 0  0 0 0  0
 0 1 -1 0 0  0
 0 0  1 0 1 -1
 0 0  0 1 0  0
 0 0 -1 1 0  1
 0 1  0 0 1  0
1,1;1;1;1;1 1 6
10 
#2 
6	% 
 0 -1  1  0 0  0
 1  0  0  0 0  0
 0  2 -1  1 1 -1
 0  1  0  0 0 -1
 0 -1  1 -1 0  1
 0  1  0  0 1 -1
6	% 
 0 1  1 0  2  0
 1 0  0 0  0  0
 0 0 -1 1 -1 -1
 0 0  0 0 -1 -1
 0 0  1 0  1  0
 0 0  0 0  0 -1
1,1;1;1;1;1 1 15
12 
#1 
6	% 
 -1  0 0  0 0  0
 -1 -1 1  0 0 -1
  0 -1 1  0 0  0
  0  0 1  0 0 -1
 -1  0 1 -1 0 -1
  1  1 0  0 1  0
3;1,1;1 1 10
8 
#1 
6	% 
 -1 -2  2 -1 -2 -1
  0  0  0  0  0 -1
 -1 -2  1  0 -2  0
 -1 -1  2 -1 -1 -1
 -1 -2  2 -1 -1 -1
  1  1 -1  1  2  1
1,1;1;1;1;1 1 55
8 
#1 
6	% 
 1  4  0 -2  0 -2
 0  1  0  0  0 -1
 0 -1  0  0 -1  0
 0  0  1 -1  0 -1
 0  0  0  0  1  0
 0  1 -1  0  0  0
1,1;1;1;1;1 1 39
12 
#1 
6	% 
 1  0 0  0  0  0
 0  0 0  0  1  0
 0  0 1 -1  0 -1
 0  0 1 -1  1  0
 0 -1 0  1 -1  0
 0  1 0  0  1  0
1,1;1;1;1;1 1 36
12 
#1 
6	% 
 1  0  0  0  0  0
 0  0  0  1  0  0
 0  0 -1  1 -2  0
 0 -1  2 -1  1 -1
 0  0 -1  0 -1  1
 0  0  1 -1  1  0
1,1;1;1;1;1 1 35
12 
#1 
6	% 
 1  0  0  0 0  0
 0  0  0  2 1 -2
 0 -1  1 -2 0  2
 0  1  0  0 1  0
 0  1  0  1 1 -2
 0  1 -1  2 1 -1
3;1,1;1 1 6
8 
#1 
6	% 
 0  1 -1  1 1  0
 1  0  0  0 0  0
 0  0  0  0 1  0
 0  1  0  0 1  0
 0  0  1 -1 0 -1
 0 -1  1  0 0  0
3;1,1;1 2 2
4 
#1 
6	% 
 0  0 0  1  0 -1
 1  0 0  0  0  0
 0  0 0  0  0 -1
 0  1 0  0  1  0
 0 -1 1 -1 -1 -1
 0 -1 1 -1  0  0
2-2;1,1;1;1 1 10
16 
#1 
6	% 
 0  2 -2  1  0 -1
 1  0  0  0  0  0
 0  0 -1  1  0  1
 0  0 -1  1 -1  0
 0  0  0  0 -1  0
 0 -1  1 -1  0  0
1,1;1;1;1;1 1 46
8 
#1 
6	% 
 0 1 -1  1 1  0
 1 0  0  0 0  0
 0 0  1 -1 0 -1
 0 1  0  0 1  0
 0 0  0  0 1  0
 0 1 -1  0 0  0
1,1;1;1;1;1 1 41
3 
#1 
6	% 
 3  0  0 1  0 -1
 0 -1  1 0  0  0
 1 -1  1 0 -1 -1
 0  0  0 0  1  0
 1  0  1 0  0 -1
 0  0 -1 1  0  1
3;1,1;1 1 14
8 
#1 
6	% 
 0  0 -1 1 -1 1
 0  1 -1 1  1 1
 0 -1  0 1  0 1
 1  0 -1 2  0 1
 1  0  0 0  0 0
 0  0 -1 1  0 1
2-2;1;1;1;1 1 8
16 
#1 
6	% 
 1  0  0  0  0  0
 0  1  0  0  1 -1
 0  1  0 -1  1  0
 0  0 -1  1  0  1
 0 -1  0  0 -1  0
 0 -1  1  0  0  0
1;1;1;1;1;1 1 11
6 
#1 
6	% 
 1  0  0 0  0  0
 0  1 -1 1  1  0
 0  0  0 1  0 -1
 0  0 -1 1 -1  0
 0  1 -1 0  0  0
 0 -1  0 0 -1  0
1;1;1;1;1;1 1 5
1 
#1 
6	% 
 1  0 0  0  0  0
 0  1 0 -1  0 -1
 0  0 0 -1 -1 -1
 0  0 0  0  0 -1
 0 -1 1  0  0  0
 0  0 0 -1  0  0
1;1;1;1;1;1 1 25
3 
#1 
6	% 
 1  0  0 0  0  0
 0  0  0 0 -1 -1
 0  1  0 0  0 -1
 0  0  0 0  1  0
 0  0 -1 1  0  1
 0 -1  1 0  0  0
1,1;1;1;1;1 1 56
2 
#1 
6	% 
 1 0  0  0  0 0
 0 1  0 -1  0 0
 0 0  0  0 -1 0
 0 1  0  0  1 0
 0 0 -1  1  0 1
 0 1 -1  0  0 0
1;1;1;1;1;1 1 39
2 
#1 
6	% 
 1  0 0  0 0  0
 0 -1 0  1 0  0
 0  0 0  0 1  0
 0  1 0  0 1  0
 0  0 1 -1 0 -1
 0 -1 1  0 0  0
3;1;1;1 1 15
8 
#1 
6	% 
 1 0  0 0  0  0
 0 0  0 0 -1 -1
 0 0  0 0  1  0
 0 0 -1 1  0  1
 0 1 -1 0  0  0
 0 1  0 0  1  0
3;1;1;1 2 4
4 
#1 
6	% 
 1  0  0 0  0 0
 0  1 -1 1  1 1
 0  1 -1 1  0 1
 0  0  0 0  0 1
 0 -1  0 0 -1 0
 0  0  0 1  0 0
