#68

2-1;2-1;1;1 1 10
1 
#1 
6	% 
 1 0 0 0 0 0
 0 1 0 0 0 0
 0 0 1 0 0 0
 0 0 0 1 0 0
 0 0 0 0 1 0
 0 0 0 0 0 1
1,1,1,1,1,1 1 1
1 
#1 
6	% 
 1 0 0 0 0 0
 0 1 0 0 0 0
 0 0 1 0 0 0
 0 0 0 1 0 0
 0 0 0 0 1 0
 0 0 0 0 0 1
2-1;1,1,1,1 1 2
2 
#1 
6	% 
 0 -1 1  1 1  0
 0  0 1  1 0  0
 0  1 0  1 0 -1
 0  0 0  1 0 -1
 1  0 0  0 0  1
 0  0 0 -1 0  0
1,1,1,1,1;1 1 2
10 
#3 
6	% 
  2 -1 -1 -1 -1  1
  1 -1 -1 -1 -1  1
  1 -2 -1 -1  0  1
  2 -1  0 -1 -2  2
 -3  2  1  2  2 -3
  2 -2 -1 -2 -2  2
6	% 
  0 -1  0  0  0  1
  1  0  1  1  1  1
  1 -1  1  1  1  1
  1  0  1  0  1  2
 -1  1 -1 -1 -2 -2
  1 -1  2  1  1  3
6	% 
 0 -1  1 -1 1 0
 0  0  0 -1 0 0
 0  0  1 -1 0 0
 0 -1  1 -1 0 0
 1  1 -1  2 0 1
 1 -1  1 -2 0 0
1,1,1,1;1,1 1 2
7 
#3 
6	% 
  0  0  0 1 1 -1
  0 -1  0 0 1  0
  0 -1 -1 0 0  0
  1  0  0 0 0  0
 -1  1  0 0 0 -1
 -1 -1  0 0 0  0
6	% 
 0 1  0  0 0  1
 0 0  0 -1 0  0
 1 0  0  1 0  1
 0 0 -1  0 1 -1
 0 0  1  0 0  0
 0 0  1  0 0  1
6	% 
 0  0 1  0 0 1
 0  1 0  0 1 1
 0 -1 0  0 0 0
 1  0 0  1 0 0
 0  0 0 -1 0 0
 0  0 0 -1 0 1
2-1',2-1';1,1 1 2
2 
#1 
6	% 
 -2 1  0  0 0 -1
  1 0  0 -1 0  2
  0 0 -1  0 1 -1
 -1 0 -1  0 0 -1
  1 0  0  0 0  0
 -1 0  1  0 0  0
2-1;1,1,1;1 1 6
8 
#2 
6	% 
  0  0 -1  0 1 -1
  1  1  1  1 0  0
  0  1  1  0 0  0
 -1  0  0  0 0  0
  1 -1 -1 -1 0  1
  0  0 -1 -1 0  0
6	% 
  0 1 1  1  1 -1
 -1 0 0 -1  0  0
  0 0 0 -1 -1  1
  1 0 0  0  0  0
 -1 0 0  1  0 -1
  0 0 1  1  0  0
1,1,1,1;1,1 1 3
28 
#4 
6	% 
 -1  0 -1  0 1 -1
 -1  0  0  0 0  0
  0 -1  1  0 0  1
  0  1  0  0 0 -1
 -1  0  0 -1 0  0
  0  0 -1  1 0 -1
6	% 
 -1 1  0  1  0 -1
 -2 1  0  1  0 -1
  1 0  1  0  0  1
  1 0  0 -1  1  0
 -1 0 -1  1  0 -1
  0 0  0  0 -1  1
6	% 
  0  0  0 0 -1  0
  0  0 -1 0 -1  2
 -1  0  0 0  0  0
  0  0  1 1  1 -1
  0 -1 -1 0 -1  1
 -1  0  0 0  0 -1
6	% 
 0  0 1  1  1 2
 0 -1 1  2  1 1
 1  0 0  0  0 0
 0  1 0 -1 -1 0
 0 -1 1  1  0 1
 1  0 0  0  0 1
2-1;1,1;1,1 1 6
2 
#1 
6	% 
 0  0 1 0 -1  1
 1  0 0 0  0  1
 0 -1 0 0  0  1
 0  0 0 1  0 -1
 0  0 0 0 -1  0
 0  0 0 0  1 -1
1,1,1;1,1,1 1 3
14 
#4 
6	% 
  0 -2 -1 -2 -1  2
 -1  0  0  0  0  0
  1 -1  0  0  0 -1
 -1  1  0  1  1 -1
  1  0  0  1  0 -2
 -1 -1  0 -1 -1  2
6	% 
 -1  0  0  0  0  1
  0 -1 -1  1 -1  0
 -1  0  0 -1  1  0
  1  0  0  1  0 -1
  1  0  1 -1  0  1
 -1  0  0  1  0  0
6	% 
 -1 -1 -1  1  1 -2
 -1  1  1  1  1 -1
 -1 -1 -1  0 -1  0
  0  1  1  0  0  0
  0  0 -1 -1 -1  1
  0  0  0  1  1 -1
6	% 
 -1  0 -1 -1  1 -1
  0 -1  0  0  0  1
 -1  0 -1  0  0 -2
  0  0  1  1 -1  0
  1  0  0  0 -1  0
  0  0 -1 -1  1 -1
2-1;1,1,1;1 1 7
4 
#1 
6	% 
  0 0 -1 0  0  0
  0 0  0 0 -1  0
 -1 1  0 0  0 -1
  1 0  0 1  0  0
  1 0 -1 0 -1  0
  1 0  1 0  1  1
2-1',2-1';1;1 1 4
2 
#1 
6	% 
 -1 1  0 0 0  0
 -2 0  0 1 0 -2
  1 0  0 0 0  0
  0 0  0 0 0  1
  0 0  0 0 1  0
  0 0 -1 0 0  0
2-1;1,1;1,1 1 8
4 
#1 
6	% 
 1 0 0  0 0  0
 0 0 0  0 0  1
 0 0 0  1 1 -1
 0 1 0  0 0  0
 0 1 1  0 0  0
 0 0 0 -1 0  1
1,1,1;1,1,1 1 2
4 
#1 
6	% 
 -1  0  0  0  0  0
  1  0  0 -1  0  0
  0  0 -1  0 -1  0
  0  1  0  0  1 -1
  0 -1  0  0  0  0
  0 -1  0  0  0  1
2-1;1,1;1,1 1 10
4 
#1 
6	% 
  1 0  0 1  0  0
  2 0  1 0  2  3
  2 0 -2 0 -1 -2
 -1 1  0 0  0 -1
 -1 0 -1 0 -1 -2
 -1 0  1 0  1  1
1,1,1;1,1,1 1 4
8 
#1 
6	% 
  1  1 0 -1 -1  1
  1  1 0 -1  0  0
 -1 -2 0  1  0 -1
  1  1 1 -1  0  1
 -1 -1 0  2  0  0
  1  1 0 -1  0  1
1,1,1;1,1;1 1 10
48 
#5 
6	% 
  0  1 0 -1  2 -1
  0  2 0 -2  2 -1
  0 -4 1  4 -5  3
  0  1 0  0  1 -1
 -1  1 0 -1  1 -1
 -1  0 0  0  0 -1
6	% 
  0  1  1  1  1 -1
 -1  1  0  1  0 -1
  1 -3 -1 -3 -1  3
  0  1  1  0  0  0
  0  0  0  1  0  0
  1  0  0  0  0  1
6	% 
  0 -2 -1 0  1  0
  0 -4 -1 0  1  1
  0  9  3 1 -3 -2
  0 -1  0 0  1  0
 -1 -2 -1 0  0  0
 -1  0  0 0  0 -1
6	% 
  0  1  0 -1  0  3
  2  1  0 -1  0  2
 -3 -3  0  3  0 -7
  0  0 -1 -1 -1  2
  1  1  0  0  1  0
  0  0 -1  0  1 -1
6	% 
   3 -1  0  1  0   3
   6 -3 -1  3 -1   6
 -11  5  1 -5  1 -11
   1 -1  0  0  0   2
   3 -1 -1  2  0   2
   0  0 -1  0  1  -1
1,1,1,1;1;1 1 4
3 
#2 
6	% 
 0  1  1 0  0  0
 0  0  0 1 -1  0
 0 -2 -1 0  1  0
 0  2  0 0  0 -1
 0 -1  0 0  0  1
 1 -1  0 0  0  1
6	% 
  1 -1  0 1 0  0
  1  0  0 0 0  0
 -1  3  0 0 0  1
  0 -2  0 0 0 -1
  0  1 -1 0 0  0
  0  1  0 0 1  0
1,1,1;1,1;1 1 7
20 
#4 
6	% 
 -1 0 0 0 -2  1
  0 0 0 0 -2  1
  0 0 1 0  3 -1
  0 1 0 0 -1  0
  0 1 0 1  0 -1
  0 0 0 0 -1  1
6	% 
 -3 0 0  2  0 -1
 -2 0 0  2  0 -1
  2 1 0 -3  0  1
 -1 0 0  1 -1  0
  0 0 1  0 -1  1
 -2 0 0  1  0 -1
6	% 
 0  0 1 -2 1  1
 0  2 0  0 0 -1
 0 -3 0  1 0  1
 0  1 0  0 0 -1
 1  0 0  0 0  0
 0  0 1 -1 0  1
6	% 
  0  2  1 0  1  1
  0  0  0 0  0  1
  0 -1 -1 0 -1 -3
 -1  0  0 0  0  0
 -1  0  0 1  0 -1
  0  1  1 0  0  1
1,1,1,1;1;1 1 5
28 
#4 
6	% 
 -1  0 0 0  0  0
 -1  0 1 0  1  0
 -1  0 0 1  1 -1
  2  0 0 0 -1  1
 -1  0 0 0  1  0
  1 -1 0 0 -1  1
6	% 
  0  1  0 -1  0  0
  2 -1 -1 -3 -1  2
 -1  0  0 -1  0  0
 -1  0  1  3  0 -1
  1  0  0 -3 -1  2
  0  0  0  1  0 -1
6	% 
 0 -1 0 0 -1  1
 0 -2 1 0 -1  2
 0 -2 0 1 -1  1
 0  3 0 0  2 -2
 1 -3 0 0 -2  3
 0  2 0 1  1 -2
6	% 
  0 1 0  0  0 -1
  0 0 0  1  0 -2
  0 0 0  0 -1 -2
 -1 0 0 -1  0  2
 -1 0 0  1  0 -3
  0 0 1  0  0  3
1,1,1;1,1;1 1 9
16 
#2 
6	% 
  0  0  0 -2  0  1
  0  0  1 -1  0  1
  0  0 -1  2 -1 -1
  1  1  0 -1  0  0
 -2 -1  0  0  0  0
 -1  0  0  0  0 -1
6	% 
 0  0  0  0 0 -1
 1  0  0 -1 0 -1
 0  0  0  1 0  2
 0  1  0  0 0 -1
 0 -1  0  0 1  0
 0  0 -1  0 1 -1
1,1,1;1,1;1 1 12
48 
#3 
6	% 
  1 -2 -2 0 -2  1
 -2  0 -1 0 -1  0
  2  2  3 0  3 -1
 -1  0 -1 1  0 -1
  1  1  2 0  1  0
  0 -1 -1 0 -1  0
6	% 
 0  0 -1  0 -1  1
 0  1  0  1  0  1
 0 -1  2 -1  2 -2
 1  1  0  0  0  1
 0 -1  1  0  1 -1
 0  0  0  0 -1  1
6	% 
  0 0  0  0  0 -1
  0 0  1  0 -1  2
  0 1 -1 -1  1 -1
  0 0  0  0 -1  1
  0 1  0  0  1 -1
 -1 0  0  0  0 -1
1,1;1,1;1,1 1 8
3 
#2 
6	% 
 0  1 0 1  0 -1
 0  0 1 0 -1  1
 1  0 0 0  0  1
 0  0 0 0 -1  0
 0  1 0 0  0 -1
 0 -1 0 0  1  0
6	% 
 -1  0  0 1 0 -1
  0  0 -1 0 1 -1
  0  1  0 0 0  1
  0 -1 -1 0 0 -1
 -1 -1  0 0 0 -1
  1  0  1 0 0  1
1,1;1,1;1,1 1 6
6 
#2 
6	% 
 1  0 0  0 0  2
 0  1 0  0 0 -1
 0  0 0  0 0 -1
 0 -1 0  0 1  0
 0  0 1  1 0  0
 0  0 0 -1 0  0
6	% 
  0  0 1  0  3 -1
  0 -1 0 -1 -1  2
  0  0 0  0 -2  1
 -1  1 0  0  0 -2
  2  0 0  1  0  1
 -1 -1 0 -1 -1  1
1,1;1,1;1,1 1 9
16 
#3 
6	% 
 1  0 0  0  0  0
 0  0 1 -1  0  1
 0  0 0  1 -1  0
 0 -1 0  1  0  0
 0  0 0  1  0  0
 0  1 0  0  0 -1
6	% 
 0 0 1 0 -1 1
 0 1 0 0  0 1
 0 0 0 1  0 1
 1 0 0 0  0 1
 1 0 0 0  1 0
 0 0 0 0 -1 0
6	% 
  0  0 0 -1  0  0
  0 -1 1  0  0  1
  0  1 0  0 -1  0
 -1  1 0  0  0 -1
  0  1 0  1  0  0
  1  0 0 -1  0  0
1,1,1;1,1;1 1 6
16 
#3 
6	% 
 0 0 -2 0 0 -1
 0 0 -1 1 0 -1
 0 0  3 0 1  1
 0 0 -1 0 0 -1
 1 0  0 0 0  0
 0 1 -1 0 0 -1
6	% 
 0 0 -2 0 0 -1
 0 0 -1 1 0 -1
 0 0  3 0 1  1
 0 0 -1 0 0 -1
 0 1  0 0 0  0
 1 0 -1 0 0  0
6	% 
 0 0  0  0 0 -1
 0 1  0  1 0  0
 0 0  0 -1 0  1
 0 0 -1  0 0 -1
 0 0 -1  0 1 -1
 1 0  0  0 0  0
1,1;1,1;1;1 1 30
4 
#1 
6	% 
 0  0  0  1 -1 0
 0  0  1 -1  1 1
 0 -1 -1  0  0 0
 0  1  1  0  1 0
 1  0  0  0  0 0
 1  0  0  0  0 1
1,1,1;1;1;1 1 16
16 
#3 
6	% 
 0  0  1  0 -1  1
 0 -2  2  1 -3  3
 0  1 -2 -2  3 -2
 1 -1  1  1 -2  2
 0 -1  1  1 -2  2
 1  0  0  0  0  1
6	% 
 0 -1  0 -1  0  1
 0 -3 -1 -2  0  2
 0  3  0  2 -1 -2
 1 -2  0 -1  0  2
 0 -2  0 -1  0  2
 1  0  0  0  0  1
6	% 
 0 0  1  1  1  2
 0 0  1  2  2  1
 0 0 -2 -2 -1 -2
 1 0  1  1  1  2
 0 1  1  1  1  1
 1 1  0  0  0  0
1,1;1,1;1;1 1 38
12 
#2 
6	% 
 0 -1 -2  2 -1 -1
 0  1 -1  2 -2 -1
 0 -1  1 -1  1  1
 1  0  1 -1  1  1
 1  0 -1  1 -1  0
 1  0  0  0  0  1
6	% 
 0 0 0 -1 1 -1
 0 0 1 -1 0  2
 0 0 0  1 0 -1
 1 0 0  1 0  0
 1 0 0 -1 0  1
 1 1 0  0 0  0
1,1,1;1;1;1 1 18
4 
#1 
6	% 
 0  0 -1 0 -1  0
 0  0  0 1  1 -1
 0  0  2 0  0  1
 0  0 -1 0  0 -1
 0 -1 -1 0  0  0
 1  0 -1 0  0  0
1,1;1,1;1;1 1 32
6 
#2 
6	% 
 0 1 0  1  0 -1
 0 0 1  0 -1  1
 1 0 0 -1  0  1
 0 0 0 -1  1  0
 1 0 0  0  1  0
 1 0 0  0  0  1
6	% 
  0 0 -1 0 1 -1
 -1 0  0 1 0 -1
  0 1  1 0 0  0
  1 0  1 0 0  1
  1 1  0 0 0  0
  0 1  0 0 0  0
1,1,1,1;1;1 1 6
6 
#2 
6	% 
 0  1  1  0  0  0
 0  1  0  0 -1  0
 0  0  1  1  0  0
 1 -1 -1 -1  0  1
 0  1  1  1  0 -1
 1  0  0  0  0  1
6	% 
 0  0  1  1  0  1
 0  0  0  1  1  1
 0  0  1  1  1  1
 1  0 -1 -1 -1 -1
 0 -1  1  1  1  2
 1  1  0  0  0  0
1,1;1,1;1;1 1 21
6 
#2 
6	% 
 0  0  0  1 -1  0
 0 -1 -2 -1  2 -1
 0  2  2  0 -2  1
 0  1  1  0 -1  1
 0 -1 -1  0  0  0
 1  1  1  0 -1  1
6	% 
 0 -1  0  0  0  1
 1  2  0  2  0 -2
 0 -2  0 -2  0  3
 0 -1 -1 -1  0  1
 1  0  0  1  0  0
 0 -1  0 -1 -1  2
1,1,1;1;1;1 1 8
12 
#3 
6	% 
  0  1 1 -1  1  0
  0 -1 0  2 -1  0
  0  1 0 -1  1  0
 -1  0 0  0  0  0
  0  2 0 -1  1 -1
  0 -1 0  1 -1  1
6	% 
 0  1  1 1 -1  0
 0 -1 -2 0  1 -1
 0  1  1 0 -1  0
 1  0  0 0  0  0
 0  1  1 0 -2  1
 0 -1 -1 0  1 -1
6	% 
 0 1 0  1  0 -1
 1 0 0 -1  0  1
 0 0 1  1  0  0
 0 0 1  0 -1  1
 0 0 0  1  0  0
 0 0 1 -1  0  1
1,1;1,1;1;1 1 35
8 
#2 
6	% 
 0 -1  2  2  1  0
 1  1  0  0  0  0
 0 -1 -1 -2 -2  2
 0  1  0  0  0 -1
 0 -1  1  1  1  0
 0 -1 -1 -1 -1  1
6	% 
  2  1 0 -2  0 -1
  0  0 0  0 -1  1
 -2 -2 0  1  0 -3
  0  0 1  0  0  1
  1  1 0 -1  0  0
 -1 -1 0  1  0 -1
1,1,1;1;1;1 1 13
8 
#2 
6	% 
 0  0 1 -1  0 1
 0  0 0 -1 -1 1
 0  0 0 -1  0 1
 1 -1 0  0  0 1
 0 -1 0 -1  0 1
 0 -1 0  1  0 0
6	% 
  1  0  0  0 0  0
  1  0  0 -1 0  0
  1  0 -1 -1 0 -1
  0 -1  0  0 1  0
  1 -1  0 -1 0  0
 -1 -1  0  1 0  1
1,1;1,1;1;1 1 22
5 
#3 
6	% 
 0 -1  0 -1 0  1
 0  0  1  0 1  0
 1 -1  0  0 0  1
 0 -1  0  0 0  1
 0  1 -1  0 0 -1
 0  1  1  0 0  0
6	% 
 1  0  0 0 0  1
 0  1  0 1 0 -1
 0  0  0 0 1  0
 0  0 -1 0 0  0
 0 -1  0 0 0  0
 0  1  0 0 0 -1
6	% 
  0  1  0 0 0  1
 -1  0  0 1 0 -1
  0  1  0 0 1  0
  0  1 -1 0 0  0
  1 -1  0 0 0  0
 -1 -1  0 0 0 -1
1,1,1;1,1;1 1 11
32 
#3 
6	% 
 0 -2 -2 -2 0  1
 0 -1  0 -1 0  1
 0  4  1  4 1 -4
 0 -1 -1 -1 0  1
 0  0  0 -1 0  1
 1 -1 -1 -1 0  1
6	% 
 0 -4  0  2  0  1
 0 -2 -1  0  1  0
 0  7  2 -1 -2 -1
 0 -2  0  1  0  1
 0 -1 -1  0  0 -2
 1 -2  0  1  0  1
6	% 
 0  0  0 -2  0  1
 0  0 -1 -2 -1 -2
 0  0  1  5  1  1
 0 -1 -1 -1  1  0
 0  1  0 -1 -1 -1
 1  0  0 -1  0  1
2-1;2-1;1,1 1 5
1 
#1 
6	% 
 0 0 1 0 -3  2
 0 0 0 1 -1  0
 1 0 0 0  1  0
 0 1 0 0 -1  0
 0 0 0 0  1  0
 0 0 0 0  2 -1
2-1,2-1;1,1 3 2
4 
#1 
6	% 
  0  0 1 0 -1  1
 -3  1 0 1  0 -3
 -4  2 0 1  0 -3
 -1  1 0 0 -1  0
  2 -1 0 0  0  1
 -1  1 0 0  1 -1
2-1,2-1;1;1 3 4
4 
#1 
6	% 
 1 -1 0  0 0 0
 1  1 0 -1 0 2
 2  1 0 -2 0 4
 0  2 0 -2 0 3
 0  1 0 -1 1 1
 0  1 1 -1 0 2
2-1,2-1;1,1 2 2
4 
#1 
6	% 
  0 1  0 0 0 -1
  1 0  0 1 0  0
  0 0 -1 0 1 -1
 -1 0 -1 0 0 -1
  1 0  0 0 0  1
 -1 0  1 0 0  0
2-1,2-1;1;1 2 5
4 
#1 
6	% 
 -1  0 0 -3 0  1
  0 -3 0  0 0  2
  0 -1 0  1 0  0
  0  2 0  0 0 -1
  0  1 1  0 0  0
  0  1 0  0 1 -1
2-1;1,1;1;1 1 22
8 
#1 
6	% 
 1  0 0 0  0  0
 0  0 0 0 -1  1
 0  0 0 1  0 -1
 0  0 1 0  0  1
 0 -1 0 0  0  1
 0  0 0 0  0  1
2-1;1,1;1;1 1 14
4 
#2 
6	% 
 0  0 -3  0 1 -2
 1  0 -1  0 0  0
 0  0 -1 -1 0  0
 0 -1  1  0 0  1
 0  0 -1  0 0  0
 0  0  2  0 0  1
6	% 
 0 1 0 -3 0  1
 1 0 0 -1 0  1
 0 0 0 -1 1  0
 0 0 1  1 0  0
 0 0 0 -1 0  1
 0 0 0  2 0 -1
2-1;1,1;1;1 1 28
8 
#1 
6	% 
 0  1 0  0  0 0
 0  0 0  1 -1 0
 0  0 1 -1  0 1
 1 -1 0  0  0 1
 0 -1 0 -1  0 1
 0 -1 0  1  0 0
1,1;1,1;1;1 1 13
12 
#2 
6	% 
 0  0 1  0  3 -1
 0 -1 0  0  1  0
 1  1 0  1  1 -1
 0  0 0 -1  1  0
 0 -1 0 -1 -1  2
 0  0 0  0 -2  1
6	% 
  0 1  0  3  0 -2
  1 0  0  1  1 -1
 -1 0 -1  1 -1  0
  1 0  1  1  0  0
  2 0  1 -1  1  1
  0 0  0 -2  0  1
1,1,1;1;1;1 1 9
8 
#1 
6	% 
 -1 0  0  0  0  0
 -1 1  0  0  1 -1
 -2 1  1  1  0 -1
 -1 1  1  1  0  0
  1 0 -1 -1  0  0
  0 0  1  0 -1  1
1,1;1,1;1;1 1 14
24 
#2 
6	% 
  1  0  1  0  1  0
 -1 -1  0  0 -1  1
  0  2 -2  2  1 -3
  0 -1  1 -1 -1  2
 -1  2 -2  2  1 -4
  1 -1  1  0  0  1
6	% 
  1  1  0  1  0 -1
 -1 -1 -1  0  0  0
  0  1  1 -2  1  1
  0 -1 -1  1 -1  0
 -1  1  1 -2  1  0
  1  0 -1  1  0 -1
1,1;1,1;1,1 1 7
8 
#1 
6	% 
 -1  0  0  0  0  0
  2  0  1 -1  0  2
  1  1 -1  0  1 -1
  0 -1  1 -1 -1  2
  0  0 -1  1  1 -2
  0  0  0 -1 -1  2
1,1;1,1;1,1 1 10
16 
#1 
6	% 
  2 -1  0  0  0  0
  1  0  1  1  0  1
 -2  1 -1 -1 -1  0
  3 -1  0  0  0  1
  2 -1 -1 -1 -1  1
 -1  0  0  1  1 -2
1,1;1,1;1;1 1 25
16 
#1 
6	% 
 -2  1  1  1  1 -1
  2 -1  0  0  0  0
  0  0 -1 -1 -2  1
  2 -1  1  1  1  0
  0  0  2  1  1  0
 -3  1  0  0  0 -1
1,1,1;1;1;1 1 15
16 
#1 
6	% 
 -1 -1 -1 0 -1  1
  1  1  1 1  1 -1
  0  1  0 0  1 -1
  2  1  1 0  1  0
  0 -1 -1 0  0  0
 -1 -1 -1 1 -1  0
2-1;1,1;1;1 1 31
2 
#1 
6	% 
 0 0  3 0 1  1
 0 0 -1 1 0 -1
 0 1 -1 0 0 -1
 0 0  2 0 0  1
 1 0 -1 0 0  0
 0 0 -1 0 0  0
2-1;1;1;1;1 1 29
2 
#1 
6	% 
 -1 1 0 0 0 -1
  1 0 0 0 1  0
 -1 0 1 0 0  0
 -1 0 0 1 0 -1
  1 0 0 0 0  1
 -1 0 0 0 0  0
2-1;1;1;1;1 1 20
2 
#1 
6	% 
  0  1 0 1  0 -1
  0 -1 0 0 -1  1
 -1  1 0 0  0 -1
  0 -1 1 0  0  1
  0 -1 0 0  0  1
  0 -2 0 0  0  1
1,1;1,1;1;1 1 24
32 
#3 
6	% 
  0  0 1  0  1  0
  0 -1 0  2  0 -4
  0  2 0 -1  0  3
  1  1 0 -1  0  3
  0  1 0 -1 -1  3
 -1  0 0  0  1 -1
6	% 
 -1  0  0  0  0 -1
  0  0  2 -1  1  1
  0  0 -1  1 -2  0
  0 -1 -1  1 -1  0
  1  0 -1  1 -1  0
 -1  1  0  0  0 -1
6	% 
  0  0  0 1  0  1
  0 -1  2 0  1  1
  0  1 -1 0 -2  0
 -1  1 -1 0 -1 -1
  0  1 -1 0 -1 -1
  1  0  0 0  0  1
1,1;1,1;1;1 1 28
32 
#2 
6	% 
  0  0  0 -1  0  2
  0  1  0  1 -1 -1
  0  1  0  0  0  1
  1 -1 -1 -1  0  1
  1  0  0  0  0  1
 -1  0  0  0  0  0
6	% 
  0  0  0  0 1  0
  0  0  0 -1 0  1
  0  0 -1  0 0  0
 -1 -1  0  0 0  0
 -1  0  0  0 0 -1
  1  0  0  0 0  0
1,1;1;1;1;1 1 19
3 
#2 
6	% 
 0  0 1  0 -3  2
 1  0 0  0 -1  1
 0 -1 0  0 -1  1
 0  0 0  0 -1  1
 0  0 0 -1  1  0
 0  0 0  0  2 -1
6	% 
 0  3  0 1 0 -2
 0  1  0 0 1 -1
 0  1  0 0 0 -1
 0  1 -1 0 0 -1
 1 -1  0 0 0  1
 0 -2  0 0 0  1
1,1;1;1;1;1 1 23
12 
#2 
6	% 
 0  0 0  1 1 -1
 0  0 0 -1 0  1
 1  0 0  0 0  1
 0 -1 0  0 0  1
 0  1 1  0 0  0
 0 -1 0 -1 0  1
6	% 
  1  0 0 1  0  0
 -1  0 1 0  0  0
  0  0 1 0 -1  1
  0  0 1 0  0  0
  0 -1 0 0  0  1
 -1  0 0 0  0 -1
1,1;1;1;1;1 1 42
8 
#3 
6	% 
  0 0  1 0 1  0
 -1 0  1 0 0  0
  0 0 -1 0 0  0
  0 1  1 0 0  0
  0 0  1 1 0  0
  0 0 -2 0 0 -1
6	% 
 0  1 0 1 0 -1
 0  1 0 0 1 -1
 0 -1 1 0 0  1
 0  1 0 0 0  0
 1  1 0 0 0  0
 0 -2 0 0 0  1
6	% 
 -1 0 0 1 0 -1
 -1 0 0 0 1 -1
  1 0 1 0 0  1
 -1 0 0 0 0  0
 -1 1 0 0 0 -1
  2 0 0 0 0  1
1,1;1;1;1;1 1 33
8 
#1 
6	% 
 -5 -1 -2  0 -2 0
  3  0  2  0  1 0
 -1 -1  0  0 -1 1
  0 -1  0 -1  0 1
  0  1  0 -1  0 0
 -1 -1 -1  0  0 0
1,1;1;1;1;1 1 30
16 
#2 
6	% 
 -3  1  0  0 0 -1
  2 -1 -1  0 0  0
  2 -1  0  0 0  0
  0  0  0 -1 1  0
 -2  1  0 -1 0  0
  2 -1  0 -1 0  1
6	% 
 0  0 1  1 0 0
 0  0 0 -1 0 1
 0  0 0 -1 1 0
 1 -1 0  0 0 1
 0 -1 0  1 0 0
 0 -1 0 -1 0 1
1,1;1;1;1;1 1 51
8 
#1 
6	% 
 0 0  3 -3  2  2
 0 0 -2  3 -3 -1
 0 0  1 -1  1  1
 0 1  1 -1  1  0
 1 0  1 -1  1  1
 0 0 -2  2 -2 -1
1,1;1;1;1;1 1 53
1 
#1 
6	% 
 0 0 1 0  3 -1
 1 0 0 0 -1  1
 0 0 0 0  1  0
 0 1 0 0  1 -1
 0 0 0 1  1 -1
 0 0 0 0 -2  1
1;1;1;1;1;1 1 37
1 
#1 
6	% 
  1 0 0 0 1  0
 -1 0 1 0 0  0
 -1 0 0 0 0  0
 -1 1 0 0 0 -1
  1 0 0 1 0  0
  2 0 0 0 0  1
1;1;1;1;1;1 1 22
2 
#1 
6	% 
  1 0 0 1  0  0
 -1 0 0 0 -1  0
 -1 0 1 0  0  0
 -1 1 0 0  0 -1
  2 0 0 0  0  1
 -1 0 0 0  0 -1
1;1;1;1;1;1 1 16
1 
#1 
6	% 
 -1 0 0 0  0  0
  0 0 0 0 -1  0
  0 0 0 1  0  0
  0 0 1 0  0  0
  0 1 0 0  0 -1
  0 0 0 0  0 -1
