#72

3;2-1;1 1 6
1 
#1 
6	% 
 1 0 0 0 0 0
 0 1 0 0 0 0
 0 0 1 0 0 0
 0 0 0 1 0 0
 0 0 0 0 1 0
 0 0 0 0 0 1
1,1,1,1,1,1 1 1
1 
#1 
6	% 
 1 0 0 0 0 0
 0 1 0 0 0 0
 0 0 1 0 0 0
 0 0 0 1 0 0
 0 0 0 0 1 0
 0 0 0 0 0 1
1,1,1,1,1;1 1 1
2 
#1 
6	% 
  0 0  0  0 -1  0
 -1 0 -1  0 -1 -1
 -1 0  0 -1 -1 -1
  0 0 -1 -1  0 -1
  1 0  1  1  1  1
  0 1  0  0  0  0
2-1;1,1,1,1 1 1
1 
#1 
6	% 
 1 0  0  0  0  0
 0 1  0  0  0  0
 0 0  0 -1 -1 -1
 0 0 -1  0 -1 -1
 0 0 -1 -1  0 -1
 0 0  1  1  1  1
2-1;1,1,1;1 1 8
6 
#2 
6	% 
 1  0  0  0  0  0
 0 -1  0  0  0  0
 0  1  0  0  0 -1
 0  1  0  0 -1  0
 0 -1  0 -1  0  0
 0 -1 -1  0  0  0
6	% 
  0  1  0 0 0  0
 -1  1  0 0 0  0
  1 -1  0 0 0 -1
  1 -1  0 0 1  0
 -1  1  0 1 0  0
 -1  1 -1 0 0  0
1,1,1,1,1;1 1 2
8 
#2 
6	% 
  0 0 0  1  0  0
  1 0 0  0  0  0
  0 0 0  0  1  0
  1 1 1  1  1 -1
 -1 0 0 -1 -1  1
  1 0 1  1  1  0
6	% 
  0 0  0  1  0 -1
  0 0  1  0  0 -1
  1 1  1  1  1  0
  0 0  0  0  1 -1
 -1 0 -1 -1 -1  1
  0 1  1  1  1 -1
2-1;1,1;1,1 1 9
6 
#1 
6	% 
 0  1 0 0  0  0
 1  0 1 1 -1 -1
 0 -1 0 0  0  1
 0 -1 0 1  0  0
 0  1 0 0  1  0
 0  1 1 0  0  0
1,1,1,1;1,1 1 2
12 
#1 
6	% 
 1 0  0  0  0 0
 0 0  0  0  1 0
 0 0 -1 -1 -1 1
 0 1  0  0  0 0
 0 0  1  0  0 0
 0 0  0  0  0 1
1,1,1,1;1,1 1 1
1 
#1 
6	% 
 0  0 -1 -1  0 -1
 0  0  0 -1 -1 -1
 0  0 -1  0 -1 -1
 0  0  1  1  1  1
 0 -1  0  0  0  0
 1  1  0  0  0  0
2-1',2-1';1;1 1 7
6 
#1 
6	% 
  0 -1 -1  0  0 -1
 -1  0  0  1  1  0
  1  0  0  0 -1  0
  0  1  0  0  0  1
  0  1  1  0  0  0
  1  0  0 -1  0  0
2-1;1,1,1;1 1 4
6 
#1 
6	% 
 1 0  0 0  0  0
 0 1  0 0  0  0
 0 0  0 1  0  0
 0 0 -1 1 -1  1
 0 0  0 0  0 -1
 0 0 -1 0  0  0
1,1,1,1;1,1 1 3
18 
#3 
6	% 
  0  1  0  0  0  0
 -1  0 -1  1 -1  1
 -1 -1  0  0  0  1
  1  0  0 -1  0 -1
 -1  0 -1  0 -1  0
  1  1  1  0  0  0
6	% 
  1 0  1 1  1  1
  2 1  1 0  1  0
  0 0 -1 0  0 -1
 -1 0  0 0 -1  0
  1 0  1 0  0  0
  0 0  0 1  1  0
6	% 
 1  1  0  2 -1  0
 0  0  0  1 -1  0
 0  0  0 -1  1 -1
 0 -1  0 -1  1  0
 1  0  0  1 -1  0
 0  0 -1  1 -1  0
2-1;1,1;1,1 1 11
6 
#1 
6	% 
  0 1  1  0  0 -1
 -1 0  0 -1  1  0
  0 0  0  0 -1  0
  0 0 -1  0  0  0
  0 0  0  0  0  1
  0 0  0 -1  0  0
1,1,1;1,1,1 1 3
6 
#1 
6	% 
  1  0  0  1 -1  0
  0 -1 -1 -1 -1 -1
  0  1  0  1  0  1
 -1  0  0 -1  0  0
  0  1  1  0  1  0
  1  0  0  0 -1  0
1,1,1;1,1,1 1 2
6 
#1 
6	% 
  0  1 0 0 0  0
  1  1 1 0 0  1
  0  0 0 0 1  0
  0  0 0 1 0  0
 -1 -1 0 0 0 -1
  1  1 1 0 0  0
2-1;1,1;1,1 1 7
3 
#1 
6	% 
 0 1  0  0 0  0
 1 0  0  0 0  0
 0 0  1  0 1  0
 0 0 -1  0 0  0
 0 0  0 -1 0 -1
 0 0  0  0 0  1
1,1,1;1,1,1 1 4
6 
#1 
6	% 
  0 -1  0 -1  0  0
  0 -1  0  1  0  1
  0  1  0  0  0 -1
  1  0  0  0 -1  0
 -1  0 -1  0  0  0
  1  0  1  0  1  0
2-2;1,1,1,1 1 2
4 
#1 
6	% 
  0  1  0  0  0  0
  0  0  1  0  0  0
 -1 -1 -1 -1  1  1
  1  0  0  0 -1 -1
 -1  0  0 -1  1  0
  1  0  0  1  0 -1
1,1,1,1;1;1 1 1
1 
#1 
6	% 
 0 0 -1 -1  0 -1
 0 0 -1  0 -1 -1
 0 0  0 -1 -1 -1
 0 0  1  1  1  1
 1 0  0  0  0  0
 0 1  0  0  0  0
1,1,1;1,1;1 1 3
12 
#1 
6	% 
 0 0  2 0  1  1
 0 0  1 0  0  0
 0 0 -3 1 -1 -1
 1 0  1 0  1  0
 1 0  0 0  0  0
 0 1  0 0  0  0
2-2;1,1,1;1 1 3
8 
#1 
6	% 
 0 0  1 0 0  0
 1 0 -1 0 0  0
 0 1  0 0 0  0
 0 0  0 0 0 -1
 0 0  0 0 1  0
 0 0  0 1 0  0
1,1,1;1,1;1 1 8
12 
#2 
6	% 
  0 0  0  0 -1  1
 -2 0 -1  1 -1  1
  3 0  1 -1  3 -3
  0 0  0  0 -1  0
 -1 0  0  1  0  1
  0 1  0  0  0  0
6	% 
  2 0  1  1 -1 -1
  2 0  1  0  0 -1
 -5 0 -3 -1  1  3
  1 0  0  1  0 -1
  1 0  1  0  0  0
  0 1  0  0  0  0
1,1,1,1;1;1 1 2
12 
#1 
6	% 
 1 0  0 0  0 0
 0 0  0 0  0 1
 0 0  0 1  0 0
 0 1  0 0  0 0
 0 0  0 0 -1 0
 0 0 -1 0  0 0
2-2;2-1;1,1 1 3
4 
#1 
6	% 
 0 1  0  0  0  0
 1 0  0  0  0  0
 0 0  1  1 -1  1
 0 0 -1 -1  0 -1
 0 0  1  0 -1  1
 0 0  0 -1  1 -1
3;1,1,1 1 3
1 
#1 
6	% 
  1  0  0  0  0  0
 -1 -1 -1 -1  1  1
  0 -1  0 -1  1  1
  0 -1 -1  0  1  1
  0  1  1  1 -1  0
  0  1  1  1  0 -1
2-1;1,1;1;1 1 24
12 
#2 
6	% 
 0 -1 -1 -1  1  1
 1  0  0  0  0  0
 0 -1  0 -1  1  1
 0  1  1  1 -1  0
 0 -1 -1  0  1  1
 0  1  1  1  0 -1
6	% 
 0  1  0 0 0  0
 1  0  0 0 0  0
 0  1  0 0 0 -1
 0 -1 -1 0 0  0
 0  1  0 0 1  0
 0 -1  0 1 0  0
2-1;1,1;1;1 1 26
3 
#1 
6	% 
 0 -1 0  0  0 0
 1  1 0  0  0 0
 0  0 0  0  0 1
 0  0 0  0 -1 0
 0  0 0 -1  0 0
 0  0 1  0  0 0
2-1;1,1;1;1 1 32
12 
#2 
6	% 
 0 1  0  0 0  0
 1 0  0  0 0  0
 0 0  0  0 0 -1
 0 0  0 -1 0  0
 0 0  0  0 1  0
 0 0 -1  0 0  0
6	% 
 0 1  0 0  0  0
 1 0  0 0  0  0
 0 0  0 0  0 -1
 0 0  0 1  0  0
 0 0  0 0 -1  0
 0 0 -1 0  0  0
1,1,1,1;1;1 1 5
15 
#2 
6	% 
  0  1  1  1 -1 -1
  1  0  1  1 -1 -1
  1  1  1  0 -1 -1
 -1 -1 -1 -1  1  2
  1  1  2  1 -1 -1
 -1 -1 -1 -1  0  1
6	% 
  0  0  0  1 -1 0
 -1  1 -1  0 -1 1
 -1  0  0  1  0 0
  1 -1  1 -1  1 0
 -1  1  0  1 -1 1
  0 -1  0 -1  0 0
1,1,1;1,1;1 1 7
12 
#1 
6	% 
 0  2  1  0  0 -1
 0  4  2  1 -1 -2
 0 -7 -4 -2  2  4
 1  2  1  1  0 -1
 1  0  0  0  0  0
 0  1  1  0  0  0
1,1,1;1,1;1 1 2
6 
#1 
6	% 
 0 0 -1 0  0  1
 0 0  0 1  1  0
 0 0  1 0 -1 -1
 1 0  0 0  0  0
 0 1  0 0  0  0
 0 0  0 0  0  1
1,1,1;1,1;1 1 9
18 
#2 
6	% 
  2  2  0  1  1  0
  1  1  0  0  0  0
 -2 -3  0 -1 -1  0
  1  1  0  0  1  0
  0  0  0  1 -1 -1
  0  0 -1  0  0 -1
6	% 
  0 0  2  2  1  1
  0 0  1  1  0  0
  0 0 -3 -2 -1 -1
  0 0  1  1  1  0
  0 1  0  0  0  0
 -1 1  0  0  0  0
1,1,1;1,1;1 1 12
24 
#3 
6	% 
 0  0 -1  0  0  1
 0  0  0  1 -1  0
 1 -1  2 -1  1 -2
 1  1  0  1  0  0
 0 -1  1 -1  0 -1
 0  0  0  0  0  1
6	% 
 -1 -1 -2  0  0 -2
  0  0 -1  1  1 -1
  2  2  4 -1 -1  4
  0  0  0  0  1 -1
  1  1  2  0 -1  2
  0 -1 -1  0  0 -1
6	% 
  1  1  0  0 0  0
  2  2  1  0 0 -1
 -4 -4 -1 -1 1  1
  1  1  1  0 0  0
 -2 -2 -1 -1 0  0
  1  0  0  0 0  0
1,1,1,1;1;1 1 3
1 
#1 
6	% 
 0 0 -1 -1  0 -1
 0 0  0 -1 -1 -1
 0 0 -1  0 -1 -1
 0 0  1  1  1  1
 0 1  0  0  0  0
 1 0  0  0  0  0
2-2;1,1,1;1 1 5
8 
#1 
6	% 
  0 0 1 0  0  0
  0 1 0 0  0  0
 -1 0 0 0  0  0
  0 0 0 0  0 -1
  0 0 0 0 -1  0
  0 0 0 1  0  0
2-1;1;1;1;1 1 22
3 
#1 
6	% 
 1 0 0  0  0 0
 0 1 0  0  0 0
 0 0 0  0  0 1
 0 0 0  0 -1 0
 0 0 0 -1  0 0
 0 0 1  0  0 0
1,1,1;1;1;1 1 7
6 
#1 
6	% 
  1 0 1  1 -1 -1
  0 1 0  0  0  0
  1 0 0  0 -1  0
 -1 0 0 -1  1  1
 -1 0 0 -1  0  0
  1 0 1  1 -1  0
1,1,1;1;1;1 1 2
6 
#1 
6	% 
 0 0  0 1 -1  0
 0 0  0 0  1  0
 1 0  0 0  0  0
 0 1  0 0  0  0
 0 0  0 0  0 -1
 0 0 -1 0  0  0
1,1;1,1;1;1 1 16
12 
#1 
6	% 
 -1 0 0 -1 -1 0
  0 1 0  0  0 0
  0 0 0  0  0 1
  1 0 0  0  1 0
  0 0 1  0  0 0
 -1 0 0 -1  0 0
1,1;1,1;1,1 1 4
6 
#1 
6	% 
 -1  0  0 -1 -1  0
  0 -1 -1  0  0 -1
  0  1  0  0  0  1
  1  0  0  0  1  0
 -1  0  0 -1  0  0
  0 -1 -1  0  0  0
2-2;1,1;1,1 1 3
4 
#1 
6	% 
 0  0  1 1 -1 1
 0 -1  0 0  0 0
 1  1  0 0  0 0
 0  0  0 0  1 0
 0  0  0 1  0 0
 0  0 -1 0  0 0
1,1;1,1;1,1 1 5
3 
#1 
6	% 
 0 -1  0  0 0  0
 1  1  0  0 0  0
 0  0  1  0 1  0
 0  0 -1  0 0  0
 0  0  0 -1 0 -1
 0  0  0  0 0  1
1,1;1,1;1;1 1 23
3 
#1 
6	% 
 1 0  0  0 0  0
 0 1  0  0 0  0
 0 0  1  0 1  0
 0 0 -1  0 0  0
 0 0  0 -1 0 -1
 0 0  0  0 0  1
1,1,1;1;1;1 1 10
6 
#1 
6	% 
 0  0  0 0 1  0
 0  0  0 1 0  0
 0  0  0 0 0 -1
 0 -1  0 0 0  0
 1  0  0 0 0  0
 0  0 -1 0 0  0
1,1;1,1;1;1 1 34
3 
#1 
6	% 
 0 0  1 0 1  1
 0 0 -1 0 0  0
 0 1  0 0 0  0
 0 0  0 0 0 -1
 0 0  1 1 0  1
 1 0  0 0 0  0
2-1;2-1;1;1 1 18
3 
#1 
6	% 
 1 0 0  0  0 0
 0 1 0  0  0 0
 0 0 0  0  0 1
 0 0 0  0 -1 0
 0 0 0 -1  0 0
 0 0 1  0  0 0
2-1,2-1;1;1 1 7
12 
#1 
6	% 
  0 -1 -1  0  0 -1
 -1  0  0  1  1  0
  1  0  0  0 -1  0
  0  1  0  0  0  1
  0  1  1  0  0  0
  1  0  0 -1  0  0
2-1,2-1;1;1 2 11
12 
#1 
6	% 
  0  1 0  0  0 0
  1  0 0  0  0 0
 -1 -1 0  0 -1 0
  1 -1 0  0  0 1
  1 -1 1  0  0 0
 -1 -1 0 -1  0 0
2-1;1,1;1;1 1 18
3 
#1 
6	% 
 0 1  0  0  0  0
 1 0  0  0  0  0
 0 0  0 -1  0  0
 0 0  0  1 -1 -1
 0 0  0  0 -1  0
 0 0 -1 -1  1  0
1,1,1;1;1;1 1 19
4 
#2 
6	% 
 1 0  0  0 0  0
 0 1  0  0 0  0
 0 0  0  0 0 -1
 0 0 -1  0 0  0
 0 0  0  0 1  0
 0 0  0 -1 0  0
6	% 
 1 0  0 0  0  0
 0 1  0 0  0  0
 0 0  0 0  0 -1
 0 0 -1 0  0  0
 0 0  0 1  0  0
 0 0  0 0 -1  0
1,1;1,1;1;1 1 36
12 
#2 
6	% 
  0 1 0  0  0  0
  1 0 0  0  0  0
  1 0 0  0  0 -1
 -1 0 0  0 -1  0
  1 0 0 -1  0  0
  1 0 1  0  0  0
6	% 
  0 1 1  1  1  1
  1 0 0  0  0  0
  1 0 0 -1  0  0
 -1 0 0  0 -1  0
  1 0 1  0  0  0
  1 0 0  0  0 -1
1,1;1,1;1;1 1 9
3 
#1 
6	% 
 0 -1  0  0  0  0
 1  1  0  0  0  0
 0  0  0 -1  0  0
 0  0  0  1 -1 -1
 0  0  0  0 -1  0
 0  0 -1 -1  1  0
1,1,1;1;1;1 1 15
6 
#1 
6	% 
  1 -1 0 0 0 1
 -1  1 0 0 1 0
  0  1 0 0 0 0
 -1  1 1 0 0 0
  1  0 0 0 0 0
  1 -1 0 1 0 0
1,1;1,1;1;1 1 39
12 
#2 
6	% 
  1  2  1 -1  1 -1
 -2 -1 -1  1 -1  1
  1  1  0 -1  1 -1
 -1 -1 -1  0 -1  1
 -1 -1 -1  1 -1  0
 -1 -1 -1  1  0  1
6	% 
  0 1  0 -1  0 -1
 -1 0 -1  0 -1  0
  0 0  0  0  1  0
  0 0  0  1  0  0
  0 0 -1  0  0  0
  0 0  0  0  0  1
1,1;1,1;1,1 1 10
6 
#1 
6	% 
 -1 1  0  0 -1  0
  0 0 -1 -1  1  0
  1 0  0  1  0  1
 -1 1 -1  0  0  0
  0 1  0  1  0  1
  0 0  1  0 -1 -1
2-1;1;1;1;1 1 35
3 
#1 
6	% 
 0 1 0  0 0 0
 1 0 0  0 0 0
 0 0 0  0 0 1
 0 0 0  0 1 0
 0 0 0 -1 0 0
 0 0 1  0 0 0
1,1;1,1;1;1 1 25
12 
#1 
6	% 
  0 0 0 -1  0 0
  0 1 0  1  1 0
  0 0 0  0  0 1
  0 0 0  0  1 0
  0 0 1  0  0 0
 -1 0 0 -1 -1 0
2-1;1;1;1;1 1 39
1 
#1 
6	% 
 0 1  0 0  0 0
 1 0  0 0  0 0
 0 0  0 1  0 0
 0 0  0 0  0 1
 0 0  0 0 -1 0
 0 0 -1 0  0 0
2-2;1,1;1;1 1 5
4 
#1 
6	% 
 0 0  1  1 -1  1
 1 0  0  0  0  0
 0 1  0  0  0  0
 0 0 -1 -1  0 -1
 0 0  1  0 -1  1
 0 0  0 -1  1 -1
1,1;1;1;1;1 1 11
3 
#1 
6	% 
 1 0 0  0  0  0
 0 1 0  0  0  0
 0 0 0  0  1  0
 0 0 0 -1 -1 -1
 0 0 1  0  1  1
 0 0 0  0  0 -1
3;1,1;1 1 6
2 
#1 
6	% 
 -1 0 -1 -1  1  1
  0 1  0  0  0  0
 -1 0  0 -1  1  1
 -1 0 -1  0  1  1
  1 0  1  1 -1  0
  1 0  1  1  0 -1
1,1;1;1;1;1 1 46
8 
#2 
6	% 
 1 0  0 0  0  0
 0 1  0 0  0  0
 0 0  0 0  0 -1
 0 0 -1 0  0  0
 0 0  0 0 -1  0
 0 0  0 1  0  0
6	% 
 1 0  0  0 0  0
 0 1  0  0 0  0
 0 0  0  0 0 -1
 0 0 -1  0 0  0
 0 0  0 -1 0  0
 0 0  0  0 1  0
3;1,1;1 1 12
1 
#1 
6	% 
 0  0 -1  0  0 -1
 0  0 -1  0 -1  0
 0  0  1 -1  0  0
 0 -1  0  0  0  0
 1  1  0  0  0  0
 0  0  1  0  0  0
3;1,1;1 1 11
2 
#1 
6	% 
  0 1  0  0  0  0
 -1 0  0  0  0  0
  0 0  0  0  0 -1
  0 0  0  0 -1  0
  0 0  0 -1  0  0
  0 0 -1  0  0  0
1,1;1;1;1;1 1 28
3 
#1 
6	% 
 0 0 0  0 -1 0
 0 0 0 -1  1 1
 0 1 0  0  0 0
 0 0 0 -1  0 0
 1 0 0  0  0 0
 0 0 1  1 -1 0
2-2;1,1;1;1 1 8
4 
#1 
6	% 
 0 0  1  1 -1 1
 0 1  0  0  0 0
 1 0  0  0  0 0
 0 0  0  0  1 0
 0 0  0 -1  0 0
 0 0 -1  0  0 0
1,1;1;1;1;1 1 54
8 
#2 
6	% 
  0 1  0  0  0 0
 -1 0  0  0  0 0
  0 0  0  0  0 1
  0 0  0 -1  0 0
  0 0  0  0 -1 0
  0 0 -1  0  0 0
6	% 
  0 1  0 0  0  0
 -1 0  0 0  0  0
  0 0  0 0 -1  0
  0 0  0 1  0  0
  0 0  0 0  0 -1
  0 0 -1 0  0  0
3;1;1;1 1 7
1 
#1 
6	% 
 1 0 0 0 0 0
 0 1 0 0 0 0
 0 0 0 0 0 1
 0 0 0 0 1 0
 0 0 0 1 0 0
 0 0 1 0 0 0
1,1;1;1;1;1 1 48
1 
#1 
6	% 
 0 -1 0 0  0 0
 1  1 0 0  0 0
 0  0 0 0  0 1
 0  0 0 0 -1 0
 0  0 0 1  0 0
 0  0 1 0  0 0
1;1;1;1;1;1 1 30
1 
#1 
6	% 
 1 0 0 0  0  0
 0 1 0 0  0  0
 0 0 0 0 -1  0
 0 0 0 1  0  0
 0 0 1 0  0  0
 0 0 0 0  0 -1
1;1;1;1;1;1 1 41
1 
#1 
6	% 
 0 1  0 0  0  0
 1 0  0 0  0  0
 0 0  0 0  0 -1
 0 0  0 0 -1  0
 0 0  0 1  0  0
 0 0 -1 0  0  0
3;1;1;1 1 17
1 
#1 
6	% 
 0 -1 0 0 0 0
 1  0 0 0 0 0
 0  0 0 0 0 1
 0  0 0 0 1 0
 0  0 0 1 0 0
 0  0 1 0 0 0
