#27

2-1;1;1;1;1 1 43
1 
#1 
6	% 
 1 0 0 0 0 0
 0 1 0 0 0 0
 0 0 1 0 0 0
 0 0 0 1 0 0
 0 0 0 0 1 0
 0 0 0 0 0 1
1,1,1,1,1,1 1 1
1 
#1 
6	% 
 1 0 0 0 0 0
 0 1 0 0 0 0
 0 0 1 0 0 0
 0 0 0 1 0 0
 0 0 0 0 1 0
 0 0 0 0 0 1
1,1,1,1;1,1 1 3
10 
#4 
6	% 
 -1  1  0  0  0  0
  0  1  0  0 -1  0
  1  0  1  1  0  1
  0 -1 -1 -2  1 -1
  0  1 -1 -2  1  0
 -1  0  1  1 -1  0
6	% 
  0 1  0  0  1  0
 -1 0 -1 -1  1 -1
  0 0  0  0  1  0
  1 0  0  1 -1  0
 -1 0 -1  0  0 -1
  0 0  0  0  0  1
6	% 
  0  0  0 1  0  0
 -1  0  0 0 -1 -1
  0 -1 -1 0 -1 -1
  0  1  0 0  1  1
  0  1  0 0  0  0
  0 -1 -1 0  0 -1
6	% 
 -1 -1  0 -2  0  0
  1  0  1 -1  1  0
  1  1  0  1  0  0
  0  0 -1  1 -1 -1
  0  0  1 -1  0  0
 -1 -1  0 -1 -1  0
1,1,1,1,1;1 1 2
4 
#2 
6	% 
  2 0 0 1  0 1
  1 0 0 0  0 0
  1 0 0 0 -1 0
  2 1 0 0  1 1
 -2 0 1 0  0 0
  2 0 1 0  0 1
6	% 
  0 0  0 -1 -1 -1
  1 0  0 -1  1  0
  1 0  1 -1  0  0
  1 0 -1 -1  1  0
 -1 1  0  2  0  1
  1 1  0 -2  1  0
2-1;1,1,1;1 1 8
2 
#1 
6	% 
  1  0 0  0 0  0
 -1 -1 0  0 0 -1
  0  0 0 -1 1  0
  0  0 1  0 0  0
  0  0 1  0 0  1
  0  0 0 -1 0  0
1,1,1;1,1,1 1 3
8 
#3 
6	% 
  1  0  0  0  1  1
  0 -1  1 -3  1  0
  0  0 -1  2  0  0
 -1  0  1 -1  0  0
  0  0 -1  2 -2 -1
  1  0  1 -1  1  1
6	% 
  0  0  0 -1  1  0
  3  1  2  0  2  0
 -2 -1 -1  0 -1  0
  1  0  0  1  0  0
 -2 -1 -1  0 -2  0
  1  0  0 -1  1 -1
6	% 
 -1  0 -1 -1 -1  1
  0  1  0  0  1  1
 -1 -1  0  0 -1  0
  1  0  0  1  1  0
  1 -1  0  0  0 -1
 -1  0 -1  0  0  1
1,1,1,1;1,1 1 2
1 
#1 
6	% 
  0 0 1  0  1  1
  0 0 0  0 -1  0
  0 0 0 -1  1  0
 -1 1 0  0  0  1
  1 0 0  0  0 -1
  1 0 0  0  1  0
2-1;1,1;1,1 1 9
2 
#1 
6	% 
 1 0  0 0  1 -1
 0 1  0 0  0  0
 0 0 -1 0  0  0
 0 0  0 1 -1  0
 0 0  0 1  0  0
 0 0 -1 0  0 -1
1,1,1;1;1;1 1 17
2 
#1 
6	% 
  1  0  0 0 -1  0
 -2  0  0 1 -1 -1
  1 -1  0 0  0  0
  1  0 -1 0  0  0
 -1  0  1 1 -1  0
  1  1  0 0  1  1
1,1,1;1,1;1 1 11
22 
#6 
6	% 
  2 0 0  0  1  1
  2 0 0  0 -1  0
 -5 0 0  0  1 -1
  1 0 1  1  0  1
  1 0 0 -1  0  0
  1 1 0  0  1  1
6	% 
 0 0 0  0 -2 -1
 0 0 0  0  1  0
 1 0 0  0  0  1
 0 1 0  1 -1  0
 0 0 0 -1  1  0
 0 0 1  0 -1  0
6	% 
  0 -2 0 -2  0 -1
  2 -2 0 -2  1 -2
 -3  5 0  4 -1  4
  0 -1 0 -1 -1 -1
  1 -1 0 -1  0 -1
  0 -1 1 -1  0  0
6	% 
 0 0  2 0  1  1
 0 0  2 0 -1  0
 0 0 -5 0  1 -1
 1 0  1 0  1  0
 0 0  1 1 -1  0
 0 1  1 0  1  1
6	% 
  4 0  2 -2 -1  3
  2 0  1 -1 -1  2
 -7 0 -4  4  3 -7
  2 0  1 -1  0  2
  1 0  0 -1 -1  0
  2 1  1 -1  0  2
6	% 
  2 0 0  4 -1 -1
  2 0 0  2  0 -1
 -5 0 1 -7  1  3
  1 0 0  2 -2 -1
  1 0 0  1  2  0
  1 1 0  2  0  0
1,1;1,1;1;1 1 36
12 
#3 
6	% 
 1  0  0 0  1 -1
 0 -1  0 0 -1 -1
 0 -1 -1 0 -1 -1
 0  1  0 1  0  1
 0 -1  0 1 -1 -1
 0 -1  1 0 -1  0
6	% 
 1 0  0 0  0  0
 0 1 -1 1  0  0
 0 0  0 1  0  0
 0 0  1 0  0  0
 0 0  0 1 -1  0
 0 0 -1 0  0 -1
6	% 
 -1 0 -1  1 -1 0
  0 1  1  1  0 1
  1 0  1  0  0 0
  1 0  0 -1  1 0
 -1 0  0  1 -1 1
  1 0  1  0  1 0
1,1,1,1;1;1 1 5
5 
#2 
6	% 
 1  0  0 0  0  0
 1 -1  0 0  0  0
 0  0 -1 0  1  0
 0  1  0 1 -1  0
 0 -1  0 1  0  0
 0  0 -1 0 -1 -1
6	% 
  1 0  0  1  1  1
  1 0  0  2  1  1
  0 1  0  1  1  1
 -1 0 -1 -2 -2 -2
  1 0 -1  2  2  1
  0 1  0 -1  0  0
1,1,1;1;1;1 1 19
4 
#2 
6	% 
  2  1 0  0  0  1
  1  1 0  0  0  1
 -1 -1 1  0  0 -1
  1  1 0  1 -1  1
  1  1 0 -1  0  1
  1  1 1  0  0  2
6	% 
 -3 -2 -1 -1 -2 0
 -1 -1  0  0 -1 0
  2  1  0  1  1 0
 -2 -1 -1  0 -2 0
 -2 -1  0 -1 -1 1
 -2 -1 -1  0 -1 0
1,1;1,1;1;1 1 27
1 
#1 
6	% 
 1 1  0 0  1  0
 0 0  0 1 -2 -1
 0 0 -1 0  4  2
 1 0  0 0  3  1
 1 0  0 1 -4 -3
 0 0  1 0  4  3
1,1;1,1;1,1 1 9
3 
#2 
6	% 
  1 1  0 0  1  0
  0 0 -1 0 -1 -1
  0 0  1 0 -1  0
  0 0  1 1 -1  0
 -1 0  1 1 -1  1
  1 0  0 0  1  0
6	% 
 1  1  0 0 1  0
 0  0 -1 0 0  1
 0  0  0 1 1  0
 0  0  0 0 1  0
 0 -1  0 0 0 -1
 0  1  0 0 0  0
1,1,1;1,1;1 1 7
2 
#1 
6	% 
 0 0  0 0 -2 -1
 0 0  0 0 -1 -1
 0 0  0 1  2  2
 1 0  0 0  0 -1
 1 1  0 0  1  0
 0 0 -1 0 -1 -1
2-1;1,1;1;1 1 33
4 
#1 
6	% 
 1  0  0  0 0  0
 0  0  0  1 0  0
 0  0 -1  0 0  0
 0  0 -1  0 0 -1
 0 -1  0  0 0 -1
 0  0  0 -1 1  0
2-1;1,1;1;1 1 34
1 
#1 
6	% 
 1  1  0 0  1  0
 0  0 -1 0  0 -1
 0  0  0 1 -1  0
 0 -1  1 1 -1  0
 0  0  1 0  0  0
 0 -1  1 0 -1  0
1,1,1,1;1;1 1 6
1 
#1 
6	% 
 0  0  1 -1 1  0
 0  0  0  0 1  0
 0  0  1  0 0  0
 1  0 -1  1 0  0
 0 -1  1 -1 0 -1
 1  1  0  0 1  0
1,1;1,1;1;1 1 38
3 
#2 
6	% 
  0 0 -1 0 -1 -1
  0 0  1 0 -1  0
  0 0 -1 1  1  0
 -1 0  0 0  1  1
 -1 0  0 0 -2  0
 -1 1  0 0  0  1
6	% 
 0 0  1 -2 -1  0
 0 0  2 -1  0 -1
 0 0 -1  1  0  1
 1 0 -1  1  1  0
 1 0  1 -1  0 -1
 1 1  0  0  1  0
1,1;1,1;1;1 1 37
4 
#1 
6	% 
 -1  0 0  0 -1  0
  0  0 1  0 -1  0
  0  1 0  0  1  1
  0 -1 0 -1 -1 -1
 -1 -1 0  0 -1  0
  0 -1 1 -1  0  0
1,1,1;1;1;1 1 16
2 
#1 
6	% 
 0 0  0  1 0  0
 0 0 -1  3 0  0
 0 0 -1 -3 0 -1
 1 0  0  2 1  0
 0 1  0  2 1  1
 1 1  0  0 1  0
1,1;1,1;1,1 1 12
2 
#1 
6	% 
  0  0  0  1  0  0
 -1  0  0 -1  1  1
  0 -1 -1  0 -1 -1
  0  0 -1  0  1  0
  0  1  1  1  0  1
 -1  0 -1 -1  0  0
1,1;1;1;1;1 1 52
1 
#1 
6	% 
  0 0 0  0  1 0
  0 0 0  0  0 1
  0 0 0 -1  0 0
 -1 0 0  0 -1 1
  0 1 0  0  0 1
  0 0 1  0  0 0
1,1;1;1;1;1 1 55
8 
#2 
6	% 
 1 0  0  0 1 -1
 0 1  0  0 1  0
 0 0 -1  0 0  0
 0 0  0 -1 1  0
 0 0  1  0 0  1
 0 0  0  1 0  0
6	% 
 -3 0 -1  1 -2 1
 -2 1 -1  1 -1 1
  1 0  0 -1  1 0
 -1 0 -1  0  0 0
  1 0  1  0  1 0
 -1 0  0  1 -1 1
1;1;1;1;1;1 1 48
1 
#1 
6	% 
 1 0  0 0  1 -1
 0 1  0 0  0  1
 0 0  0 1 -1  0
 0 0 -1 0  0  0
 0 0  0 1  0  0
 0 0  1 0  0  1
1,1;1;1;1;1 1 56
1 
#1 
6	% 
 1 1  0  0 1  0
 0 1  0  0 1  1
 0 0  0 -1 1  0
 0 0  0  1 0  0
 0 0 -1  0 0 -1
 0 0 -1  0 0  0
