#26

2-1,2-1;2-1 2 1
1 
#1 
6	% 
 1 0 0 0 0 0
 0 1 0 0 0 0
 0 0 1 0 0 0
 0 0 0 1 0 0
 0 0 0 0 1 0
 0 0 0 0 0 1
1,1,1,1,1,1 1 1
1 
#1 
6	% 
 1 0 0 0 0 0
 0 1 0 0 0 0
 0 0 1 0 0 0
 0 0 0 1 0 0
 0 0 0 0 1 0
 0 0 0 0 0 1
2-1',2-1';1,1 1 1
1 
#1 
6	% 
  1 0  1 -1 0  0
  0 1  1  1 0  0
  0 1  0  1 0  0
 -1 0 -1  0 0  0
  0 0  0  0 0 -1
  0 0  0  0 1  1
1,1,1,1;1,1 1 2
4 
#1 
6	% 
 0 1  0  0  0  0
 0 0  0  0  0  1
 0 0 -1 -1 -1 -1
 1 0  0  0  0  0
 0 0  1  0  0  0
 0 0  0 -1  0  0
2-1;1,1,1,1 1 1
1 
#1 
6	% 
  0  0  0  0 1 0
  0  0  0  0 0 1
  0 -1 -1 -1 0 0
 -1  0 -1 -1 0 0
 -1 -1  0 -1 0 0
  1  1  1  1 0 0
1,1,1,1,1;1 1 2
2 
#1 
6	% 
  1  0  0  0  0  0
  0  0  1  0  0  0
  1  0  1 -1  0  0
  0 -1  0 -1 -1 -1
 -1  1 -1  1  0  1
  1 -1  1 -1 -1  0
1,1,1,1;1,1 1 1
1 
#1 
6	% 
  0 -1 -1 -1 0  0
 -1  0 -1 -1 0  0
 -1 -1  0 -1 0  0
  1  1  1  1 0  0
  0  0  0  0 0 -1
  0  0  0  0 1  1
2-1',2-1',2-1' 1 1
2 
#1 
6	% 
  0 0 -1  0  0 1
  0 0  0 -1 -1 0
  0 1  0 -1  0 0
 -1 0  1  0  0 0
  0 0  1  0  0 0
  0 0  0  1  0 0
2-1',2-1';1;1 1 3
1 
#1 
6	% 
  1 0  1 -1 0 0
  0 1  1  1 0 0
  0 1  0  1 0 0
 -1 0 -1  0 0 0
  0 0  0  0 0 1
  0 0  0  0 1 0
2-1;1,1;1,1 1 3
2 
#1 
6	% 
  0  0  0  0 1 0
  0  0  0  0 0 1
 -1  0 -1  1 0 0
  0 -1 -1 -1 0 0
  1  1  1  0 0 0
 -1  1  0  1 0 0
1,1,1;1,1,1 1 3
4 
#1 
6	% 
 -1  0 -1 1  0  0
  0  1  0 0 -1 -1
 -1 -1  0 0  0  1
  1  1  1 0  0  0
  1 -1  0 0  1  0
 -1  1  0 1  0  0
1,1,1,1,1;1 1 1
2 
#1 
6	% 
  0  0  0 -1  0 0
 -1  0 -1 -1 -1 0
 -1 -1  0 -1 -1 0
  0 -1 -1  0 -1 0
  1  1  1  1  1 0
  0  0  0  0  0 1
2-1',2-1';1;1 1 1
1 
#1 
6	% 
  1 0  1 -1 0 0
  0 1  1  1 0 0
  0 1  0  1 0 0
 -1 0 -1  0 0 0
  0 0  0  0 1 0
  0 0  0  0 0 1
1,1,1;1,1,1 1 2
4 
#1 
6	% 
  0 -1 -1 -1 -1  0
  0 -1  0  0  0  0
 -1  0  0  0  0  0
  0  0  0  0  0 -1
  1  1  1  0  0  1
  1 -1  0 -1  0  1
2-1,2-1;1;1 2 4
1 
#1 
6	% 
  1  0  1 -1 0 0
  0 -1 -1 -1 0 0
 -1  1  0  1 0 0
  1  1  1  0 0 0
  0  0  0  0 0 1
  0  0  0  0 1 0
2-1,2-1;1;1 2 1
1 
#1 
6	% 
  1  0  1 -1 0 0
  0 -1 -1 -1 0 0
 -1  1  0  1 0 0
  1  1  1  0 0 0
  0  0  0  0 1 0
  0  0  0  0 0 1
2-1,2-1;1,1 2 1
1 
#1 
6	% 
  1  0  1 -1 0  0
  0 -1 -1 -1 0  0
 -1  1  0  1 0  0
  1  1  1  0 0  0
  0  0  0  0 0 -1
  0  0  0  0 1  1
2-1',2-1';2-1 1 1
1 
#1 
6	% 
  1 0  1 -1 0 0
  0 1  1  1 0 0
  0 1  0  1 0 0
 -1 0 -1  0 0 0
  0 0  0  0 0 1
  0 0  0  0 1 0
1,1;1,1;1,1 1 2
2 
#1 
6	% 
 -1  0 -1  1 0 0
  0  0  0  0 1 0
  0  0  0  0 0 1
  0 -1 -1 -1 0 0
  1  1  1  0 0 0
 -1  1  0  1 0 0
1,1,1;1,1;1 1 3
8 
#1 
6	% 
 0  2  1  1 0  0
 0  1  0  0 0  0
 0 -2 -1 -1 0 -1
 1  1  1  0 0  0
 1  0  0  0 0  0
 0  0  0  0 1  0
1,1,1;1,1;1 1 7
8 
#1 
6	% 
 0  0  0  0 -1 1
 0  2  1  1  0 0
 0 -3 -2 -2  0 0
 1  1  1  0  0 0
 1  0  0  0  0 0
 0  0  0  0 -1 0
1,1,1,1;1;1 1 3
1 
#1 
6	% 
  0 -1 -1 -1 0 0
 -1  0 -1 -1 0 0
 -1 -1  0 -1 0 0
  1  1  1  1 0 0
  0  0  0  0 0 1
  0  0  0  0 1 0
1,1;1,1;1;1 1 19
2 
#1 
6	% 
 -1  0 -1  1 0 0
  0 -1 -1 -1 0 0
  1  1  1  0 0 0
  0  0  0  0 0 1
 -1  1  0  1 0 0
  0  0  0  0 1 0
1,1;1,1;1;1 1 7
2 
#1 
6	% 
 -1  0 -1  1 0 0
  0 -1 -1 -1 0 0
  0  0  0  0 0 1
  0  0  0  0 1 0
  1  1  1  0 0 0
 -1  1  0  1 0 0
1,1,1,1;1;1 1 1
1 
#1 
6	% 
  0 -1 -1 -1 0 0
 -1  0 -1 -1 0 0
 -1 -1  0 -1 0 0
  1  1  1  1 0 0
  0  0  0  0 1 0
  0  0  0  0 0 1
2-1,2-1,2-1 2 1
8 
#1 
6	% 
  0  0  0 0 -1 0
  0  0  0 0  0 1
  0  1  0 0  0 0
  1  0  0 0  0 0
 -1 -1 -1 0  0 0
 -1  1  0 1  0 0
