#70

2-1;1;1;1;1 1 21
1 
#1 
6	% 
 1 0 0 0 0 0
 0 1 0 0 0 0
 0 0 1 0 0 0
 0 0 0 1 0 0
 0 0 0 0 1 0
 0 0 0 0 0 1
1,1,1,1,1,1 1 1
1 
#1 
6	% 
 1 0 0 0 0 0
 0 1 0 0 0 0
 0 0 1 0 0 0
 0 0 0 1 0 0
 0 0 0 0 1 0
 0 0 0 0 0 1
2-1;1,1,1,1 1 2
1 
#1 
6	% 
  0  1  1  0 0  1
  0 -1  1  0 0  0
  0  0  1  1 0  1
  1  1  1  1 0  1
 -1  0  0  0 1  0
  1  0 -1 -1 0 -1
1,1,1,1,1;1 1 2
8 
#5 
6	% 
 -1 -1 -1 -1  1 -1
 -1 -1  0 -1  1 -1
 -1 -2 -1  0  1  0
 -1  0 -1 -1  1 -2
  1  1  1  1 -2  2
 -2 -2 -1 -1  1 -2
6	% 
  0  0  0  1  0 -1
 -1 -1  0  0 -1  0
  0  0  0  1  0  0
 -1 -1 -1  0 -1  0
  0  0  0 -1  1  1
  0 -1  0  1 -1  0
6	% 
  1 -1  0 1  0  1
  1  0  0 0  1  1
  0  0  1 0  1  1
  1 -1  1 0  0  2
 -1  1 -1 0 -1 -3
  1 -1  1 0  1  2
6	% 
 1 0  0  0  0  0
 0 1  0  0  0  0
 0 0 -1 -1 -1 -1
 0 0  0  0  1 -1
 0 0  0  1  0  0
 0 0 -1  0  0 -1
6	% 
 0  0  1 -1  0  0
 0  1  1  0  1  1
 0  1  0 -1  1  0
 0  1  1  0  0  1
 1 -1 -1  1 -1 -1
 1  2  1 -1  1  1
1,1,1,1;1,1 1 2
4 
#3 
6	% 
  0 -1 0 0 0 -1
  0  0 0 1 0  0
  0 -1 1 0 0  0
 -1  0 0 0 1  0
  1  2 0 0 0  1
  1 -1 0 0 0 -1
6	% 
  0 0  0 -1 0  1
 -1 0 -1 -1 1 -1
  0 0  1 -1 0 -1
  0 1  0  0 0 -1
  1 0  0  1 0  1
  0 0  0 -1 1  0
6	% 
 0 1  0 0  0  1
 0 0  0 0 -1  0
 1 0  0 0  1  1
 0 0 -1 1  0 -1
 0 0  1 0  0  0
 0 0  1 0  0  1
2-1;1,1,1;1 1 5
1 
#1 
6	% 
  0 0 0 -1 0  0
  0 0 1  0 0  1
  1 1 0  0 0 -1
 -1 0 0  0 1  0
  2 1 0  0 0  0
  1 0 0  0 0  0
2-1;1,1,1;1 1 6
3 
#2 
6	% 
 0 -2 1 -1  0  3
 0  1 0  1  1 -1
 0  1 0  1  0 -2
 1  0 0  0 -1  0
 0  0 0 -1  1  1
 0 -1 0 -1  0  1
6	% 
  0 -2 -1 -1  0 -2
  0 -1  0  0 -1  0
  0  1  0  1  0  0
 -1  0  0  0  1  0
  0  0  0  0 -1  0
  0 -1 -1  0  0 -1
1,1,1,1;1,1 1 3
19 
#8 
6	% 
  0 -1 1 -1  0  2
  0 -1 0  0  0  1
  0 -1 0  0 -1  1
  1  2 0  1  0 -2
  0 -1 0 -1  1  2
 -1  0 0  0  0  0
6	% 
 -1 -2 -1 -1  1 -2
  1  0  0  0 -1  0
  0  1  0  1 -1  0
  0  1  0  0  1  0
  1  0  0  0  0  0
 -1 -2 -1  0  0 -1
6	% 
 1  1  1 1  1 0
 1  1  0 0  1 0
 0  1 -1 0  0 0
 0 -1  0 0 -1 0
 0  0  0 0  1 0
 0  1  1 0  0 1
6	% 
 -1  0 -1 -1  1  0
  0  0  0  0  0 -1
  1 -1  1  0  0  1
  1  1  0  1 -1  0
 -1  1 -1  0  1 -3
 -1 -2  0 -1  0  3
6	% 
 -1  0 -1 -1 1  0
 -2 -1 -1 -1 0  0
  0  0  1  0 0  1
  1  1  0  1 0 -2
 -1 -1 -1  0 0 -1
  0  0  0 -1 0  1
6	% 
  0  0 0  1  0 -1
  0  1 1  1  2  2
 -1 -1 0  0  0  0
  1  1 0 -1 -1 -2
  1  2 0  1  1  0
 -1 -1 0  0  0  1
6	% 
  0  0  0  1 1  0
  0 -1 -1  1 0  0
 -1 -1  0  0 0  0
  1  1  0 -1 0  1
  1  0  0  1 0  1
 -1  0  0  0 0 -1
6	% 
 0  1  0  0 -1 0
 0 -1 -1 -1 -1 0
 1  0  0  0  0 0
 0  0  1  0  1 1
 0  0  0 -1 -1 0
 1  1  0  0  0 0
1,1,1;1,1,1 1 2
1 
#1 
6	% 
  0  0 0 1  0  1
  0  0 1 0  0  1
 -1 -1 0 0 -1  0
  0 -1 0 0  0  1
  1  1 0 0  0 -1
  1  1 0 0  0  0
1,1,1;1,1,1 1 3
11 
#5 
6	% 
 1 1 0  0  1  0
 0 1 1 -1  0  0
 0 0 0  1  0  0
 0 0 0  0 -1 -2
 0 0 0  1  0 -1
 0 1 0  0  1  1
6	% 
  1  0  0  0 -1  0
  0 -1 -1 -1  0 -2
  0  0  0  1  0  1
 -1  0  0  0  0 -1
  0  0  1  0  0  2
  1  1  0  0  0 -1
6	% 
 -2  0 -1 -1  2  0
 -1 -1  0  0 -1 -1
  0  0 -1  0  2  1
  1  0  1  0 -2  0
  2  0  1  0  0  2
 -2  0 -1  0  1 -1
6	% 
  0 0  0  0  0 -1
 -1 1  1 -1 -1 -1
  1 0  0  1  1  2
  0 0  0  0 -1 -1
  1 0 -1  0  1 -1
 -1 0  0  0  0  0
6	% 
  1  1  0  0  0  1
  0  0 -1  1  0 -1
  0  1  0 -1  0  1
 -1 -1 -1  0 -1 -1
  0 -1  0 -1  0  0
  1  0 -1  0 -1  0
2-1;1,1;1,1 1 5
1 
#1 
6	% 
 0  0 1 -1  0  1
 0  1 0  0  1  0
 0  1 0  1  0  0
 1  0 0  0 -1  0
 0  0 0  0  1  0
 0 -1 0  1  0 -1
2-1;1,1;1,1 1 8
2 
#1 
6	% 
  1  1 0 0 1  0
 -2 -1 0 0 0  0
  0 -2 0 1 0  2
 -1  0 0 0 0 -1
  0  2 1 0 0 -1
 -1  0 0 0 0  0
1,1,1;1,1,1 1 4
4 
#1 
6	% 
  0  1  0  0  1 -1
  0  1  0  1  1 -2
 -1 -2 -1  0 -2  1
  0  0  0  0  1  0
  1  0  0 -1 -2  1
  0  0  1  0  1  0
1,1,1,1;1;1 1 4
4 
#3 
6	% 
 0  0  1  0 0  0
 0 -1  0 -1 0 -1
 0 -1 -1  1 0  0
 0  1  0  0 0  0
 1  0  0  0 0  0
 0  0  0  0 1  0
6	% 
  0  0 1 0  0 -2
  0  0 0 0  0 -1
  2  0 0 1 -2  5
 -1  0 0 0  1 -3
  0  0 0 0 -1  1
  0 -1 0 0 -1  2
6	% 
  1 -1  0 0 1  0
  1  0  0 0 0  0
 -1  3  0 0 0  1
  0 -2  0 0 0 -1
  0  1 -1 0 0  0
  0  1  0 1 0  0
1,1,1;1,1;1 1 10
46 
#15 
6	% 
  0  2 -2 0  0 -3
  0  3 -2 0  0 -4
  0 -6  5 1  0  8
  0  1 -1 0  0 -2
  0  1 -1 0 -1 -1
 -1 -1  0 0 -1  0
6	% 
 0 -2 -1 -1  0 -1
 0 -1  0  0  0  0
 0  4  1  1  0  0
 1 -1  0 -1 -1  0
 0  0  0  0  1  0
 1  1  0  0  1  0
6	% 
 -2  0 -1  1  2 -2
 -1  0 -1  1  1 -3
  4  0  3 -3 -4  7
 -1  0  0  1  1 -1
 -1 -1 -1  0  0 -1
 -1 -1  0  0 -1  0
6	% 
  0  0 0  2  0 -1
 -1  0 0  2  1 -1
  1  0 1 -5 -1  3
  0  1 0  1  0  0
 -1 -1 0  1  0 -1
 -1 -1 0  0 -1  0
6	% 
  0  2  1 -1  0 -1
 -1  3  1 -1  1 -2
  2 -7 -2  2 -2  5
  0  1  1  0  0 -1
 -1  1  0 -1  0 -1
 -1 -1  0  0 -1  0
6	% 
  0  0 -1  1 0 -1
 -2 -1 -1  1 0 -1
  3  2  3 -3 1  3
  0  0  0  1 0 -1
 -1  0 -1  0 0 -1
  0  1  0  0 0 -1
6	% 
  0  0 0 -2  0  1
 -1 -1 0 -2 -1  1
  1  1 1  5  1 -2
  0  0 0 -1  0  0
  0  0 0 -1 -1  1
  0  1 0  0  0 -1
6	% 
  0  0 -1 -1  0 -1
  1  1  0  0  1 -1
 -1 -1  2  2 -1  2
  1  0  0 -1 -1  0
  0  0  0  0  1  0
  0 -1  0  0  0  1
6	% 
  1 0 -1  1  1  0
  2 0 -1  1  2  1
 -4 1  3 -3 -4 -2
  1 0  0  1  0  0
  1 0 -1  0  1  1
  0 0  0  0  0  1
6	% 
 0 -1  1 -1 -2  1
 0 -1  0  0 -2  0
 1  3 -1  1  5 -1
 0  1  1  0 -1 -1
 0 -1  0  0 -1  1
 0  0  0  0  0  1
6	% 
  1 0  0 0  1  2
  2 0  0 0  2  3
 -4 1  0 0 -4 -7
  1 0  1 1  0  1
  1 0 -1 0  1  1
  0 0 -1 1  0 -1
6	% 
 -1 -2  0  0 -1  1
 -1 -2 -1 -1 -1  1
  3  5  2  2  3 -2
 -1 -1  0  0  0 -1
  0 -1 -1  0 -1  1
  0  0 -1  1  0 -1
6	% 
 0  1  0 0  0  0
 0 -1  0 0  0 -1
 1 -1  0 0  0  1
 0  0  0 0 -1  0
 0  0  0 1  1 -1
 0  0 -1 1  0 -1
6	% 
 -2 -1  0 0 0 -1
 -2 -1  0 0 0 -2
  5  3  0 0 1  4
 -1 -1  0 0 0  0
 -1  0  0 1 0 -2
  0  0 -1 1 0 -1
6	% 
 -2 -1  0  0 0 0
  0  0  1  1 0 0
  3  2 -1 -1 1 0
 -1  0  0  0 0 0
  0 -1  1  0 0 0
  0  0  1 -1 0 1
1,1,1;1,1;1 1 5
3 
#2 
6	% 
 0  0 0 0 0 -1
 0  0 1 0 0  0
 0  0 0 1 0  2
 1  1 0 0 0 -1
 0 -1 0 0 0  1
 1  1 0 0 1  0
6	% 
 0  0  0  0  0 -1
 0  0  1  0  0  0
 0  0 -1 -1  0  0
 1  0  0  0  0  0
 1  0  0  0 -1  0
 0 -1  0  0  0  1
1,1,1;1,1;1 1 7
14 
#7 
6	% 
 -1 -1  0 0  1 -2
  0  0  0 0  0 -1
  1  2  0 0 -1  3
  0  0 -1 0  0 -1
  0  0 -1 1  0 -1
 -1 -1  0 0  0 -1
6	% 
 -2 -1  0 0 0  1
  0  0  0 0 0  1
  1  1  0 0 1 -2
  0  0 -1 0 0  0
  0  0 -1 1 0 -1
 -1  0  0 0 0  0
6	% 
 0 -2 0  2 0  1
 0 -3 0  2 0  2
 0  5 1 -3 0 -3
 0 -1 0  1 1  1
 1  1 0  0 1  0
 0 -1 0  1 0  1
6	% 
  2 0 0 -2 -2  1
  1 0 0 -2 -1  1
 -3 0 1  5  3 -2
  0 0 0 -1 -1  0
  0 1 0  0  0 -1
  1 0 0 -1 -1  0
6	% 
 0 -2 -1 -1 0 -1
 0 -1  0  0 0  2
 0  2  0  0 0 -3
 1  0  0  0 0  1
 1  1  0  0 1  0
 0 -1 -1  0 0 -1
6	% 
  0 0 1 1  0  3
 -1 0 0 0  1  1
  2 0 0 0 -2 -3
 -1 0 0 0  0  0
  0 1 0 0  0 -1
  0 0 1 0  0  2
6	% 
  0 -1  0 0 0  0
  0 -2  0 0 0 -1
  0  4  0 0 1  2
  0 -1 -1 0 0 -1
  0  0 -1 1 0 -1
 -1 -1  0 0 0  0
1,1,1,1;1;1 1 5
19 
#8 
6	% 
  1  1  1 -1 -1 1
  1  2  1 -1 -1 0
  1  1  1 -1 -2 0
 -2 -2 -1  2  2 0
  2  2  2 -1 -2 0
 -2 -2 -1  1  1 0
6	% 
  1  0 -1  1 -1 -1
  1 -1 -1  1 -1  0
  0 -1 -1  0 -1  0
 -1  0  2 -1  1  1
  1  0 -2  1 -1 -2
 -1  0  1  0  0  0
6	% 
  0  0 0 0 0 -1
 -1  0 0 0 1 -1
 -1 -1 0 0 0  0
  2  1 1 0 0  1
 -2 -1 0 1 0 -1
  1  0 0 0 0  1
6	% 
  1  1  1 -1  1  1
  1  1  2  0  1  1
  2  1  1  0  0  1
 -2 -2 -2  1 -1 -1
  2  1  2 -1  1  2
 -2 -1 -1  0  0  0
6	% 
  0  0  1 0  0 -1
  0  0  1 1  0 -1
 -1 -1  0 0 -1 -1
  0  0 -1 0  1  2
  0 -1  1 0 -1 -1
 -1  0  0 0  1  1
6	% 
  1  1  1  0  0  0
  2  2  1 -1  0  0
  0  1  1  0  0 -1
 -1 -3 -1  1 -1  1
  1  2  1 -1 -1 -1
  0 -1 -1  0  0  0
6	% 
 1  0  1 -1  1  2
 0 -1  1 -1  0  2
 0  0  1 -1  1  1
 0  1 -2  1 -1 -3
 0 -1  1 -2  1  3
 0  0 -1  1 -1 -2
6	% 
  0  1  0  0 0 -1
 -1  2  0  0 0 -2
  1  1  0  1 0 -1
 -1 -2 -1 -1 1  1
  1  3  1  1 1 -1
 -1 -1 -1  0 0  0
1,1,1;1,1;1 1 11
12 
#5 
6	% 
 0  1  2  0  2  1
 0  2  4  2  4  1
 0 -4 -7 -3 -8 -2
 1  1  1  0  1  1
 0  1  2  1  2  1
 0  0  1  0  1  1
6	% 
 0  0 -2 0  0 -1
 0 -1 -2 0 -2 -1
 0  2  5 1  4  2
 1 -1 -1 0  0  1
 0 -1 -1 0 -1  0
 0  0 -1 0  0 -1
6	% 
 0 -1 -2  2 -2 -2
 0  0  0  2  0 -1
 0  1  3 -5  2  4
 0  0 -1  1 -1 -1
 0 -1  0  1  0 -1
 1  0 -1  1 -1 -1
6	% 
 0  1  0  0  0 -2
 0  3  1 -1  0 -2
 0 -6 -2  2  0  5
 0  0  0  0 -1 -1
 0  2  1  0  1 -1
 1  1  0  0  0 -1
6	% 
 0  3  2 0 0 -2
 0  4  2 0 0 -3
 0 -8 -5 1 0  5
 0  2  1 0 1  0
 0  2  1 0 0 -2
 1  2  1 0 0 -1
1,1,1;1,1;1 1 12
24 
#6 
6	% 
  2  1  0  0 0 1
  2  1  1 -1 0 0
 -4 -2 -1  1 0 0
  1  1  0 -1 1 0
 -2 -1 -1  0 0 0
  1  0  0  0 0 1
6	% 
 -2  0  0  0 0 -1
  0 -3 -1  1 0  2
  2  4  1 -1 0 -2
  0 -1  0  1 1  1
  1  2  0 -1 0 -1
 -1  0  0  0 0  0
6	% 
  0  0 -1 -1 0  1
  0  0  0  0 0 -1
  0  1  2  2 2  2
  1  1  0  0 0 -1
 -1 -1  1  1 1  2
  0  0  0 -1 0  1
6	% 
  2  2 -1 -1 0 -1
  2  1 -2 -2 0  0
 -6 -4  4  4 0  1
  1  1 -1 -1 1 -2
 -3 -2  2  2 0  1
  1  1 -1  0 0 -1
6	% 
 0  3  2 -2  2  0
 0  0  1 -1  0  1
 0 -4 -3  3 -2  0
 0  0  1  0  0  1
 0 -2 -2  1 -1 -1
 1  2  1 -1  1  0
6	% 
  0 -1 -2 -2 -2  0
  0  0 -1 -1  0  1
  0  1  4  4  2 -1
  0  0  0 -1  0  1
  0  1  2  2  1 -1
 -1 -1 -1 -1 -1  0
1,1,1;1,1;1 1 6
1 
#1 
6	% 
 -2 0  0 0  0 -1
 -1 1  0 0  1 -1
  3 0  0 0 -1  1
 -1 0 -1 0  0 -1
  0 0 -1 1  0 -1
 -1 0  0 0  0 -1
1,1,1;1,1;1 1 9
4 
#2 
6	% 
 -2  0 0  0 0 -1
 -1  1 0  0 1 -1
  2 -1 0  0 0  2
 -1  0 0  0 0 -1
  0  0 0 -1 0  0
  0  0 1 -1 0  1
6	% 
  0  0  0 0  0 -1
  0  0  1 1  0  0
  0  0 -1 0  0  1
  0 -2  0 0 -1  1
 -1  1  0 0  1 -1
 -2 -1  0 0  0  0
1,1;1,1;1,1 1 4
3 
#2 
6	% 
 -1  0 0  0 1 0
  0  0 1 -1 0 1
  0  1 0  1 0 0
  1  0 0  0 0 0
 -1 -1 0  0 0 0
  0  1 0 -1 0 1
6	% 
 0 0  1 1  0 0
 1 1  0 0  1 0
 0 0  0 0 -1 0
 0 0 -1 0  0 0
 0 0  1 0  0 1
 1 0  0 0  0 1
1,1;1,1;1,1 1 6
6 
#2 
6	% 
  3  2  0  0 1  0
 -1  1  0 -1 0 -2
 -2 -1  0  0 0  0
  0 -1  0  1 0  1
  0 -1 -1  0 0  0
 -1  1  1  0 0  0
6	% 
  2 1  0  0  2  1
  0 0  1  0 -1  1
 -1 0  0  0 -1 -1
 -1 0 -1  0  1 -2
 -1 0  0  1  1  1
  0 0  0 -1 -1 -1
1,1,1;1;1;1 1 12
1 
#1 
6	% 
 0 0 -1 -1  0  0
 0 0  0 -1  0  0
 0 1  0  0  1 -1
 1 1  0  0  0  0
 1 0  0  0 -1  0
 1 1  0  0  1  0
1,1;1,1;1;1 1 26
1 
#1 
6	% 
  0  0 -1 1 0 -1
  0  2  1 0 0  2
  0  2 -1 0 0  1
  0 -1  0 0 1 -1
 -1  1  0 0 0  1
  1  1  0 0 1  0
1,1;1,1;1;1 1 30
2 
#1 
6	% 
  0 -1  0  1 0  1
 -1  1  0 -1 0 -2
  0 -1 -1  0 0  0
 -1  1  1  0 0  0
  1  1  0  0 1  0
 -1  0  0  0 1  0
1,1,1;1;1;1 1 16
3 
#2 
6	% 
 0  2  1 -1 0  1
 0  2  1 -2 0  2
 0 -2 -2  1 0 -2
 1  2  1 -1 0  1
 0  2  1 -1 1  1
 1  1  0  0 1  0
6	% 
 0 -2 -1  1 0  1
 0 -4 -3  2 0  2
 0  4  3 -2 0 -1
 0 -2 -2  1 1  1
 1 -2 -2  1 0  1
 1  1  0  0 1  0
1,1,1,1;1;1 1 6
1 
#1 
6	% 
  0  0 0  1 0  0
  0  1 1  1 0  1
  0 -1 0  0 0 -1
  0  0 0 -1 1  0
  1  1 0  1 0  0
 -1  0 0  0 1  0
1,1,1;1;1;1 1 4
1 
#1 
6	% 
  0 0  1 1 0  1
  0 0 -1 0 0  0
  0 0  0 0 0 -1
 -1 0  0 0 1  1
  0 1  0 0 1  0
  0 0  0 0 1  1
1,1;1,1;1;1 1 20
6 
#4 
6	% 
 0  0 1  1 0  0
 0 -2 0 -1 0  0
 0  1 0  0 0  0
 1  0 0  0 0  0
 0 -2 0  1 0 -1
 0  0 0  0 1  0
6	% 
  0  0 -1 1  0 -1
  2  0  1 0 -2  3
 -1  0  0 0  1 -1
  0  0  0 0 -1  0
  2  0 -1 0 -2  2
  0 -1  0 0 -1  1
6	% 
  0 1 0  0 0 -1
  0 0 0  0 1  1
  0 0 0  0 0 -1
  0 0 1  0 0  1
 -1 0 0  0 0  0
  0 0 0 -1 0  1
6	% 
 1  1  0 0  1  0
 0  3  0 0 -1  2
 0 -2  0 0  0 -1
 0  1 -1 0  0  0
 0  4  0 0  1  2
 0  1  0 1  0  0
1,1;1,1;1;1 1 21
6 
#2 
6	% 
 0 -1 -1  0 0 -1
 0  3  1 -1 0 -2
 0 -3  0  2 0  4
 1 -1  0  1 0  2
 0  1  0 -1 0 -2
 0 -1  0  1 1  2
6	% 
  0  0  1  0 0  2
  0  0 -1 -1 0 -4
 -1  0  0  2 1  3
 -1  0  0  1 0  1
  0  0  0 -1 0 -1
 -1 -1  0  1 0  2
1,1,1;1;1;1 1 8
14 
#7 
6	% 
 0  2  1 -1  0  1
 0 -2 -2  1  0 -2
 1  2  1 -1  0  1
 1  0  0  0 -1  0
 0  2  1 -2  0  2
 1 -1 -1  1  0 -1
6	% 
  0 -1 1 -1  0  2
  0  0 0  1  0  0
 -1 -1 0 -1  0  1
 -1 -1 0  0 -1  0
  0  0 0 -1  0  1
 -1  0 0  1  0 -1
6	% 
  0 0 0 0  0 -1
 -1 0 0 1  1  0
  0 0 0 0 -1 -1
  0 1 0 0  0 -1
  1 0 1 0 -1  0
 -1 0 0 0  0  0
6	% 
  1  0 -1 1 -1 -1
 -1  0  1 0  1  0
  1  0 -1 0  0  0
  0 -1  0 0  0  1
  1  0 -1 0 -1 -1
  0  0  1 0  1  1
6	% 
 0 -1 0 0 0  0
 0  1 0 0 1 -2
 0 -1 1 0 0  1
 0  0 1 1 0  0
 1  0 0 0 0  2
 0  1 1 0 0  0
6	% 
  1  1 0  0  1 0
 -2 -2 0  0 -1 0
  1  1 1  0  1 1
  0  0 1 -1  0 1
  2  1 0  0  1 1
 -1 -1 1  0 -1 0
6	% 
 -1 1 0 0 0  0
  1 1 0 0 1  1
 -1 0 1 0 0  0
  0 0 1 1 0  0
 -1 0 0 0 1 -1
  1 0 1 0 0  1
2-1;1,1;1;1 1 19
2 
#1 
6	% 
  1  1 0  0 1  0
 -2 -1 0  0 0  0
  0  0 0  1 0 -1
 -1  0 1 -1 0  2
  0  0 1  0 0  1
 -1 -1 1 -1 0  3
2-1;1,1;1;1 1 21
1 
#1 
6	% 
  0  0 1 -1  0  1
  0  1 0 -1  1  0
 -1 -1 0  0 -1  0
  0  0 0  0  1  0
  0  0 0 -1  0  0
  0  0 0  1  0 -1
2-1;1,1;1;1 1 22
2 
#1 
6	% 
 -1  0 0  0 1  0
  1  2 0 -1 0 -1
 -1 -1 0  0 0  1
  1  2 1  0 0 -1
  1  1 0  0 0  0
  2  1 0  0 0  0
2-1;1,1;1;1 1 12
1 
#1 
6	% 
 -1  0  0  0 1  0
  1  2  0  0 0  1
  0  1 -1  0 0  0
  0  0 -1 -1 0  0
  1 -1  0  0 0 -1
  0 -1 -1  0 0 -1
1,1;1,1;1,1 1 7
6 
#2 
6	% 
  0 1  0 0 0 -1
 -1 0  0 1 1  0
  0 0  0 0 1  0
  0 0  0 0 0  1
  1 0  0 0 0  0
 -1 0 -1 0 1  0
6	% 
  0 -2 0 0  0 -1
  0  2 0 0  1  1
  1  1 0 1 -1  0
 -1  0 0 0  1  0
  1  1 1 0 -1  1
  0 -1 0 0  1 -1
1,1;1,1;1;1 1 14
18 
#5 
6	% 
  0  2  1  1  0 -2
 -1 -2 -1  0  0  1
  2 -1  1 -2 -2  2
 -1  0 -1  1  1 -1
  2 -1  1 -2 -2  3
 -1  1  0  1  0 -2
6	% 
  1  0  0  0 -1  1
 -1 -1 -1  0  1 -1
  0  4  2  2  1 -4
  0 -2 -1 -1  0  2
 -1  3  2  2  0 -4
  1 -1 -1  0 -1  2
6	% 
 0  0  1  1 0  0
 0  1 -1 -1 1  0
 0 -2 -1  0 0 -1
 0  1  0  0 0  0
 0 -2  0 -1 0  0
 1  1  1  1 0  0
6	% 
 -1  0 -1  1  1 -1
  0  0  1  0  0  0
  0  0 -1 -2 -1  0
  0  0  1  1  0  0
  0 -1 -1 -2 -1  1
  0  0  0  1  0 -1
6	% 
 -1 0  0  0  1 -3
  1 0 -1  0 -1  2
  1 0  2  2  0  2
  0 0 -1 -1  0  0
  1 1  2  2  0  1
 -1 0 -1  0  1 -3
1,1;1,1;1;1 1 12
3 
#2 
6	% 
 0  0 1  1 0 0
 0 -1 0  0 0 1
 0  0 0  1 1 0
 1  1 0  0 0 0
 0  0 0  1 0 0
 0  0 0 -1 0 1
6	% 
  0 0 1  1 0  0
 -1 0 0  0 1  0
  1 1 0  1 0 -1
 -1 0 0  0 0 -1
  0 0 0  1 0 -1
  0 0 0 -1 0  0
1,1,1;1;1;1 1 9
6 
#2 
6	% 
  0 -1 0 0  0  1
  0  0 0 1  1  0
 -1  0 0 0  0 -1
 -1  0 0 0  0  0
  1  1 1 0  0  0
 -1 -1 0 0 -1  0
6	% 
 -1  0 0 0 1  0
 -1 -1 0 1 0  0
 -1  0 0 0 0 -1
 -1  0 0 0 0  0
  1  0 1 0 0  1
  0  1 0 0 0 -1
1,1;1,1;1;1 1 10
6 
#2 
6	% 
 -2 -3 0  0  2  3
  1  1 0  0  0 -1
  1  1 0  0 -1 -1
  0  0 0 -1  0  1
  0  0 1  0  0  0
  1  1 0  0  0  0
6	% 
  3  2  0 0 1  0
 -1  0  0 0 0  0
 -2 -1  0 0 0  0
  0  0  0 1 0  0
  0  0 -1 0 0 -1
 -1  0  0 0 0 -1
1,1;1,1;1;1 1 31
2 
#1 
6	% 
 0 -1 -2 -1 -1  0
 0  1  1  2  1 -1
 0  0 -1 -1 -1  0
 0  1  0  0  0 -1
 1  0  0 -2 -1  1
 1  1  1 -1  0  1
1,1;1,1;1,1 1 11
2 
#1 
6	% 
  0  2  0  0  0  1
  0 -2 -1  0 -2 -1
  0 -2  0 -1 -2  0
  1  1  1 -1  1  1
  0 -2  0  0  1 -1
 -1  2 -1  1  0  0
1,1,1;1;1;1 1 17
2 
#1 
6	% 
  0  0 -1 1  0 -1
  0 -1  1 0 -2  1
  1  1  0 0  1  0
  0  1 -1 0  1 -1
  0 -1  0 0 -1  1
 -1  0  0 0  1  0
1,1;1,1;1;1 1 28
20 
#5 
6	% 
  2  1  1  0  0  0
  1  0 -1  0 -1 -1
  2  1 -1  0  0 -1
  0  0  0 -1 -1  0
 -1  0  0  0  0  0
 -1 -1  0  0  0  1
6	% 
 -2  2 0 -1 -1 -3
 -1  1 0  1  0 -2
 -2  3 0  1  1 -4
  0  0 1  0  0  0
  1 -1 0  0  0  1
  1 -1 0  0  0  2
6	% 
 -2  0  1  0  0 -1
 -1  0  0 -1  0  0
 -2 -2 -1  0  0  0
  0  1  1  0  1  0
  1  1  0  0  1  0
  1  0  0  0 -1  0
6	% 
  0 -1  0 1 -2  0
  0 -1  0 0 -1  1
  0 -1 -1 0 -2 -1
  1  0  0 0  0  0
  1  1  0 0  1  0
 -1  0  0 0  1  0
6	% 
  0 -2  0 1 -2  0
  0 -1  0 0 -1  1
  0  0 -1 0 -2 -1
  1  0  0 0  0  0
  1  1  0 0  1  0
 -1  0  0 0  1  0
1,1;1,1;1,1 1 10
8 
#2 
6	% 
  0  0 0 -1 -1  0
  1  1 0  0  1  1
 -1  0 0  0  0 -2
  0  1 1  0  1  0
 -1 -1 0  0  0 -1
  1  0 0  0 -1  1
6	% 
  0  0 0 -1  0  0
  1 -2 0  0 -1  2
 -1  2 0  0  0 -2
  0  0 1  0  0  0
 -1  2 0  0  0 -3
  1 -1 0  0  1  2
1,1,1;1;1;1 1 15
8 
#2 
6	% 
 1  1  0 0  1  1
 0 -1  0 0 -1  0
 0  0  0 1  0 -1
 1  0  0 0 -1 -1
 0  0 -1 0  0  0
 0  0  0 0  1  1
6	% 
  1 -1 -1 -1 -1  1
 -1  1  1  1  0 -1
 -1  1  1  0  0 -1
 -1  0  1  1 -1 -1
  1 -1  0 -1  0  2
  1 -1 -1 -1  0  2
1,1,1;1;1;1 1 13
1 
#1 
6	% 
  0 -1  0 0 0  1
 -1  0  0 0 1  0
 -1 -1 -1 0 0  0
  0  0  0 1 0 -1
 -1 -1  0 0 0  0
  1  1  0 0 0 -1
1,1;1,1;1;1 1 13
6 
#2 
6	% 
  2  3  0  0  2 -1
  0  1 -1  0  1 -1
  1  1  1  1  0 -1
  0  1  0 -1  1  0
 -1 -1 -1 -1  0  0
 -1 -2  0  0 -1  1
6	% 
 1  2  0  0  3  0
 0  0 -1  0  1  0
 0  2  1  1  1 -2
 0  0  0 -1  1  1
 0 -2 -1 -1 -1  1
 0 -1  0  0 -2  0
1,1;1,1;1,1 1 9
2 
#1 
6	% 
  0  0 1 -1  0  1
 -1 -2 0  0 -1  2
  1  1 0  0 -1  0
  1  2 0  0  0 -2
  1  2 0  1  0 -2
  0  0 0 -1  0  1
1,1;1,1;1;1 1 35
2 
#1 
6	% 
 -2 -3 0  0 -1  3
  0  0 0 -1  0  1
  2  2 0  0 -1  0
  0  0 1  0  0  1
 -1 -1 0  0  0  0
  1  1 0  0  0 -1
1,1;1,1;1;1 1 25
4 
#1 
6	% 
  1 -1  1 -1 0  4
  0  0 -2  1 0 -4
 -1  1  0  0 1 -1
  1 -1 -1  1 0 -1
  1  0  0  0 1  1
  0  0  1 -2 0  4
1,1;1,1;1;1 1 24
2 
#1 
6	% 
  0  0 1  1  0  0
 -1  0 0  0 -1 -1
  1 -1 0  0 -1  1
  1 -1 0  0  0  2
  1 -1 0 -1  0  2
  0  0 0  1  0 -1
1,1;1,1;1;1 1 27
2 
#1 
6	% 
  0  0 1 1 0  0
 -1  0 0 0 1 -1
  3  2 0 0 0  2
  2  1 1 0 0  2
 -3 -1 1 0 1 -2
  3  1 0 0 0  3
1,1;1,1;1;1 1 29
4 
#1 
6	% 
  0  0  1 -1  0  1
  0  0  0  1  0 -1
  0  0 -1  0  0 -1
  1  0  0  0  0  0
  0 -1 -1  1 -1 -1
 -1  0  1 -1  1  1
1,1;1;1;1;1 1 23
6 
#2 
6	% 
  0  1  0 -1 0 -1
 -1 -1  0  1 0  0
 -1  0  0  0 1  0
 -1  0  1  0 0  0
  0 -1 -1  0 0  0
  0  0  1  1 0  0
6	% 
 -1 0 0 1  1 -1
  1 0 0 0  0  1
  1 1 0 0  1  0
  0 0 0 0  1  1
  1 0 1 0 -1  0
  0 0 0 0  0  1
1,1;1;1;1;1 1 15
1 
#1 
6	% 
 0  0 1  1 0 0
 0  0 0  1 1 0
 0 -1 0  0 0 1
 1  0 0  0 0 1
 0  0 0  1 0 0
 0  0 0 -1 0 1
1,1;1;1;1;1 1 13
2 
#1 
6	% 
 0 0  0 1  0  2
 0 0  0 0  0 -1
 1 0  0 0 -1  0
 1 1  0 0  0  0
 0 0 -1 0  0 -3
 1 0  0 0  0  1
1,1;1;1;1;1 1 20
3 
#2 
6	% 
  0 -1 0 0  0 0
  0  0 1 0  0 0
  0  0 0 0 -1 0
  0  0 1 1  0 0
 -1  0 0 0  0 0
  0  0 1 0  0 1
6	% 
 -1  0 0 0  1 -1
  1  0 1 0 -1  2
  0 -1 0 0 -1  1
  0  0 1 1  0  0
  0  0 0 0 -1  0
 -1  0 1 0  1 -1
1,1;1;1;1;1 1 21
3 
#2 
6	% 
 0 -1 0 0  0  1
 0  0 0 0 -1  0
 0  0 0 1  0 -1
 1  1 0 0  0  0
 0  0 1 0  0  1
 0  0 0 0  0  1
6	% 
 1  0 0 0 -1  0
 0 -1 0 0 -1  0
 0  0 0 1  0  0
 0  0 0 0 -1 -1
 0  0 1 0  0  0
 0  0 0 0  0 -1
1,1;1;1;1;1 1 31
2 
#1 
6	% 
  0 0  0 1 0  0
  0 1 -1 0 1 -1
  1 1  0 0 0  1
 -1 0  0 0 0 -2
  1 1  0 0 1  2
 -1 0  0 0 1 -2
1,1;1;1;1;1 1 29
2 
#1 
6	% 
  0  0 0 1  0 -1
  0  0 0 0  1  1
  0  0 1 0  0  1
 -1  0 0 0  0  0
 -1 -1 0 0 -1  0
 -1  0 0 0  1  0
1,1;1;1;1;1 1 39
1 
#1 
6	% 
  0 0 1 -1 0  1
 -1 0 0  0 1  0
  0 0 0  1 0  0
  0 1 0  1 1 -1
  1 0 0 -1 0  1
  0 0 0  1 0 -1
1,1;1;1;1;1 1 32
4 
#1 
6	% 
  0  0 0 1  0 0
  0  0 1 0  0 1
  1  0 0 0  0 1
 -1  0 0 0  1 0
 -1 -1 0 0 -1 0
  1  0 0 0  0 0
1,1;1;1;1;1 1 30
2 
#1 
6	% 
  1 -3  0 0 -1  3
 -1  2 -1 0  0 -3
 -1  2  0 0 -1 -3
  0  0  0 1  0  0
  1 -2  0 0  0  3
 -1  2  0 0  0 -2
1,1;1;1;1;1 1 33
2 
#1 
6	% 
 -1 -7 -2  2  0  5
  0  5  2 -1  0 -3
 -1 -2  0  1  0  1
 -1 -1  0  0 -1  0
  1  0  0  0 -1  0
 -1 -2 -1  0  0  1
1,1;1;1;1;1 1 37
1 
#1 
6	% 
 0 -2  0 0  0 -1
 0  1  0 1  0  0
 0  1 -1 0  0  0
 1 -3  0 0  0 -2
 0  3  0 0 -1  2
 1  1  0 0  1  0
1;1;1;1;1;1 1 21
1 
#1 
6	% 
 0 0  0 1 -1 -1
 0 0 -1 0  0 -1
 1 1  0 0  1  0
 0 0  0 0  1  0
 1 0  0 0 -1  0
 0 0  0 0 -1 -1
1;1;1;1;1;1 1 15
1 
#1 
6	% 
 0 0 -1 0  0 -1
 1 1  0 0  0 -1
 1 0  0 0 -1  0
 0 0  0 1  0 -1
 1 0  0 0  0  1
 0 0  0 0  0  1
