#59

2-1;2-1;1;1 1 24
1 
#1 
6	% 
 1 0 0 0 0 0
 0 1 0 0 0 0
 0 0 1 0 0 0
 0 0 0 1 0 0
 0 0 0 0 1 0
 0 0 0 0 0 1
1,1,1,1,1,1 1 1
1 
#1 
6	% 
 1 0 0 0 0 0
 0 1 0 0 0 0
 0 0 1 0 0 0
 0 0 0 1 0 0
 0 0 0 0 1 0
 0 0 0 0 0 1
1,1,1,1;1,1 1 3
12 
#4 
6	% 
  1  0  0  0  0  0
 -1 -1  1 -1 -2 -2
 -1  0  1  0  0  0
  1  0 -1  0  0  1
 -1 -1  0  0 -1 -1
  1  1  0  1  1  1
6	% 
 -1 -1 -1 -1 -1  1
  1 -1  0  0  0  0
  1  1  0  1  1  0
  0  1  0 -1  0  0
  0 -1  0  0  0 -1
 -1  0 -1  0  0  1
6	% 
  0 -1  1  0  0  0
 -1  0  0 -1 -2 -1
  0  0 -1 -1  0  1
  0  0  0  1  1  0
  0  0  0  0 -1 -1
  0 -1  0 -1 -1  1
6	% 
 -1  0 -1 -1 -2  1
 -1  2 -1  0  1  1
  1  0  1  0  2  0
  1 -1  0  0 -1 -1
 -1  1 -1  0  0  0
 -1 -1  0 -1 -1  1
1,1,1,1,1;1 1 2
5 
#2 
6	% 
  0  0  1  0 1 0
  0 -1  0  0 0 0
 -1 -1  1 -1 0 0
  0  0 -1  0 0 1
  0  1  0  1 0 0
  0 -1  0  0 0 1
6	% 
  0 -1  0  0  0 -1
 -1  0  0  0  0  0
 -1 -2 -1 -1 -1 -3
 -1 -2  0 -1  0 -1
  1  3  0  2  1  3
 -1 -2 -1 -1  0 -2
2-1',2-1';1,1 1 2
2 
#1 
6	% 
  0 -1  0 -1  0 -1
  0 -1 -1  0 -1  1
  1  0  0  0  0  0
  1  0 -1  0  0  1
  0  0  1  0  1 -1
 -1 -1  0 -1 -1  0
1,1,1,1,1;1 1 1
1 
#1 
6	% 
 0  0  0  0 -1  0
 0 -1 -1  0 -1 -1
 0 -1  0 -1 -1 -1
 0  0 -1 -1  0 -1
 0  1  1  1  1  1
 1  0  0  0  0  0
1,1,1;1,1,1 1 3
12 
#4 
6	% 
  0  1 -1  1  2  2
 -1  0  0  0  0  0
  1  0  0 -1  0  0
 -1 -1  0 -1 -2 -2
  1  0  0  0  0 -1
 -1  0 -1  0  1  1
6	% 
  1 0 0  1  2  1
  0 0 0  0  0  1
  0 0 1  1  2  1
 -1 0 0 -1 -1 -1
  0 1 0  0 -1  0
  1 0 0  0  1  0
6	% 
  0  1 -1 0  2  0
 -1  0  0 0  0  0
  1  1  0 0  1 -1
 -1 -1  0 0 -2  0
  1  0  1 1  0  0
 -1  0 -1 0  1  0
6	% 
 -1  0 -1  0 -1 -1
  0  2  0  1  3  0
  0 -1  0  0 -2  0
  1  1  0  0  1  1
  0 -2  0 -1 -2  0
 -1  1 -1  0  0  0
2-1;1,1,1;1 1 8
4 
#1 
6	% 
 1  0  0 0  0  0
 0 -1  0 0 -1  0
 0  0  0 0 -1  0
 0 -1  0 0 -1 -1
 0  1  0 1  1  0
 0  1 -1 0  0  0
1,1,1,1;1,1 1 2
7 
#3 
6	% 
  0  1  0  0  0  0
  0  1  0  1  1  0
  0  0 -1  0 -1  0
  1  0  0  0  0  0
 -1 -1  1 -1  0 -1
 -1  1 -1  0  0  0
6	% 
 -1 -1 1 -1 -1 -1
  0 -1 0  0  0  0
 -1 -1 0 -1 -2 -1
  0  0 0  2  0  3
  1  1 0  0  1  0
 -1 -1 0 -1 -1 -1
6	% 
  0  0  0 -1  0  0
  0 -1 -1 -1 -1 -2
  0  1  0  1  0  1
  1  0  0  0  0  0
 -1  0  1  0  0  0
 -1 -1  0 -1 -1 -1
2-1',2-1';1;1 1 2
2 
#1 
6	% 
 0  0 0  0 0  1
 0  1 0  0 0  0
 1  0 0  0 0  0
 0 -1 1 -1 0 -1
 0  1 0  1 0  0
 0  0 0  0 1  0
2-1;1,1;1,1 1 9
4 
#1 
6	% 
 0  1 0 0  1  0
 1  1 1 1  1  1
 0 -1 0 0 -1 -1
 0 -1 1 0  0  0
 0  0 0 0  1  0
 0  1 0 1  1  0
1,1,1;1,1,1 1 2
2 
#1 
6	% 
  1 0  0 -1  0 -2
 -1 0  0 -1  0 -1
  0 0 -1  0 -1  0
  0 1 -1  1  1  1
  0 0  1  0  0  0
  0 0  1 -1  0 -1
1,1;1,1;1;1 1 24
8 
#2 
6	% 
 -1  0  0 -1  0  1
  0  2 -1  5  9  5
  0 -1  2 -5 -8 -5
  0 -1  1 -4 -6 -4
  1 -1  1 -3 -6 -4
 -1  0  0  0  0  1
6	% 
 -1  0  0 -1  0 -1
  0  2 -1  5  9  5
  0 -1  2 -5 -8 -5
  0 -1  1 -4 -6 -3
  1 -1  1 -3 -6 -3
 -1  0  0  0  0 -1
1,1;1,1;1,1 1 9
12 
#5 
6	% 
 1  0  0  0  0 0
 0 -1  0  1  0 1
 0  0 -1  1 -1 1
 0  0  0  1  1 1
 0  0  0  1  1 0
 0  0  0 -1  0 0
6	% 
 1  0 0  0  0  0
 0 -1 0 -2  0 -2
 0  0 1  2  1  2
 0  0 1  2  1  3
 0  1 0  3  1  3
 0  0 0  0 -1 -1
6	% 
 1 0  0  0  0  0
 0 1  0  0 -1 -1
 0 0 -1 -1 -2  0
 0 0  0 -1 -1  0
 0 0  0  0  0  1
 0 0  0  0  1  0
6	% 
 1 0  0  0  0  0
 0 0  1  1  1  1
 0 1  0 -1  0 -1
 0 0 -1 -1 -1  0
 0 1 -1  0  0  0
 0 0  1  0  0 -1
6	% 
 1  0 0  0 0  0
 0  1 0 -1 0  1
 0 -1 1  0 1 -1
 0 -2 0  1 0 -1
 0 -1 0  1 1 -1
 0  0 1 -1 0 -1
1,1,1;1;1;1 1 7
8 
#3 
6	% 
 0 -1  1  1  2  0
 1  0  0  0  0  0
 0  0  1  0  1  0
 0  1 -1 -1 -1  0
 0  1  0  0  0  0
 0 -1  1  0  1 -1
6	% 
 0  1  0 0 0 0
 1  0  0 0 0 0
 0 -1  0 0 0 1
 0  1  0 1 1 0
 0  1  0 1 0 0
 0  0 -1 0 0 1
6	% 
 0 -1 -2  1 -1  0
 1  0  0  0  0  0
 0  0 -1  0 -1  0
 0  1  1 -1  1  0
 0  1  0  0  0  0
 0 -1 -1  0 -1 -1
1,1,1;1,1;1 1 8
12 
#4 
6	% 
 0  1 -1  0 1  2
 0  0  0 -1 0  1
 0 -1  1  2 0 -3
 0  0 -1 -1 0  0
 0  1  1  1 1  2
 1  0  0  0 0  0
6	% 
 0 -1  1 -2  1  2
 0  0  0 -1  0  3
 0  2 -2  5 -2 -6
 0  0  1 -1  1  1
 0  0 -1  0  0  2
 1  0  0  0  0  0
6	% 
 0  1 -1  1  1  1
 0  1 -1  0  1  2
 0 -2  3 -1 -2 -4
 0  1 -1  1  0  1
 0  0  0 -1  1  0
 1  0  0  0  0  0
6	% 
 0  1  1  1  1  1
 0  1  0  0  0  1
 0 -3 -2 -1 -1 -3
 0  1  0  1  0  0
 0  0  0  0  0  1
 1  0  0  0  0  0
1,1;1,1;1;1 1 36
12 
#2 
6	% 
  0  0  0 -1 -1  0
  1  0  0  0  0  0
  1  0  0  0 -1  0
 -1 -1  0 -1 -1  0
  1  0 -1  1  0  0
  1  0  0 -1 -1 -1
6	% 
 0  0 0 -1 -1  0
 1  1 1 -1  1 -1
 0  0 1 -1  0  0
 0 -1 0 -1 -1  0
 0  0 0  0  1  0
 0  0 0 -1 -1 -1
1,1,1;1;1;1 1 17
4 
#2 
6	% 
  1  0  0  0  0  0
 -1  2 -1  1 -1 -1
  0 -1  1 -1  0  0
  1 -1  1 -1  1  0
  0  1  0  1  0  0
  0  0  0  0  1  1
6	% 
 1  0  0  0  0  0
 0 -1 -1  0 -1 -1
 0  0  1  0  1  0
 0  1  0  0  1  1
 0 -1  0 -1 -1 -1
 0  1  0  0  0  0
1,1,1;1,1;1 1 11
24 
#7 
6	% 
 0 -1  1 -1  1  1
 0 -2  2 -1  2  1
 1  4 -4  3 -4 -3
 0  0  1  2  1  3
 0 -1  1 -1  1  0
 0 -1  1 -1  0  0
6	% 
 0  1 -1  0  1  2
 0  2 -2  1  2  3
 1 -4  4 -1 -4 -7
 0  1  0 -2  1 -1
 0  1 -1  1  1  2
 0  1 -1  0  0  1
6	% 
 -2 -2  2  1   4  1
  0 -1  1  1   3  1
  3  4 -4 -3 -10 -3
 -1  0  2  1   3  0
  0 -1  0  0   1  1
 -1 -1  1  0   2  0
6	% 
  2  0  0  1  0 -1
  2  1 -1  1 -1 -1
 -5 -2  2 -3  2  3
  1  1  2  0  1 -1
  1  0 -2  1 -1  0
  1  0  0  0  0 -1
6	% 
 0  0  0 -1  0  1
 0 -1 -1 -1 -1  1
 1  2  2  3  2 -3
 0 -1  1  0  2  1
 0  1 -2 -1 -3  0
 0  0  0 -1  0  0
6	% 
  0 -1  1  1  1 -1
 -2 -1  0  1  0  0
  3  3 -2 -3 -2  2
  0  1  1  2  1  0
 -1 -1  0  0  0  0
  0 -1  1  0  0 -1
6	% 
 0 -1  1  3  1  3
 0 -1  1  2  1  2
 1  3 -3 -7 -3 -7
 0 -1  0  1  0  2
 0 -1  0  1  0  1
 0 -1  1  1  0  1
1,1,1;1;1;1 1 16
4 
#1 
6	% 
  1 0 0  0  0  0
  2 0 0  0  0 -1
 -2 0 0 -1  0  0
  1 0 0  0 -1 -1
  1 0 1  0  0 -1
  0 1 0  0  0  0
1,1;1,1;1;1 1 27
12 
#4 
6	% 
 -1 -1 1 -1 -1 -1
  0  0 0 -1  0  0
  0  0 1  1  1 -1
 -1 -1 1  0  0 -1
 -1  0 0 -2 -1  0
  0 -1 0  1  0 -1
6	% 
 1 0  0 1  0  1
 0 0  0 0  1  1
 0 1  0 1  0 -1
 0 0  0 1  0  0
 0 0  0 0  1  2
 0 0 -1 1 -1 -1
6	% 
 -1 -1  1 -1 -1 -1
  0 -1 -1 -1 -1  0
  0  3  2  1  2 -1
 -1  1  2  0  1 -1
 -1 -3 -2 -2 -3  0
  0  2  3  1  3 -1
6	% 
 1  0  0  0  0  0
 0  1  1  1  1  0
 0 -2 -3 -1 -2  2
 1 -1 -2 -1 -2  1
 1  3  2  2  2 -1
 0 -3 -2 -2 -3  1
1,1,1;1;1;1 1 19
4 
#1 
6	% 
  1 0  0 0 -1 -1
  0 0  0 0  1  1
 -1 0  0 0  0  1
  1 1  0 0  0  0
  1 0  0 1  0  0
  1 0 -1 0 -1  0
1,1,1,1;1;1 1 5
8 
#3 
6	% 
  1  0  0 0  0 0
  2 -1  1 1  2 0
  0  0  1 0  1 0
 -1  1 -1 0 -1 1
  1 -1  1 1  1 0
  0  1  0 0  0 0
6	% 
  1  0  0 0  0 0
  1 -1 -2 1 -1 0
  0  0 -1 0 -1 0
 -1  1  1 0  1 1
  1 -1 -1 1 -1 0
  0  1  0 0  0 0
6	% 
  1  0  0  0  0  0
  1  0 -1  0 -1  0
  0 -1 -1 -1 -1  0
 -1  1  2  0  1 -1
  1 -2 -1 -1 -2  0
  0  1  1  0  1 -1
1,1,1;1,1;1 1 7
20 
#5 
6	% 
 0  4  0  1  0 -1
 0  3  1  1  1 -1
 0 -6 -1 -2 -1  2
 0  1  1  0  0 -1
 1  0  0  0  0  0
 0  2  0  1  0  0
6	% 
  2  0  0 1  0 -1
  2 -1  1 0 -1 -2
 -3  2 -2 0  2  4
  1  0  0 0 -1 -1
  0  1  0 0  0  0
  1  0  0 1  0  0
6	% 
 0  0 -2  1  0 1
 0  1  1  0  1 0
 0 -1  0 -1 -1 0
 1  1  0  0  0 0
 1  0  0  0  0 0
 0  0 -1  0  0 0
6	% 
 0  0  0 -1 -2 -1
 0 -1  1 -2 -3 -2
 0  2 -2  3  5  4
 1  0  1 -1 -1 -1
 1  0  0  0  0  0
 0  0  0 -1 -1 -1
6	% 
 0  3  1  3  1  3
 0  2  2  1  2  1
 0 -5 -4 -3 -4 -3
 0  1  1  0  1  1
 1  0  0  0  0  0
 0  1  1  1  0  1
1,1,1,1;1;1 1 2
5 
#2 
6	% 
 0  0 -1 0 -1 0
 0  0 -1 1  0 0
 0 -1 -2 0 -1 1
 1  0  0 0  0 0
 0  1  2 0  1 0
 0 -1 -2 1 -1 1
6	% 
 0  0  0 -1  0  0
 0 -1  0 -1  0  0
 0 -1 -1 -1 -1 -2
 1  0  0  0  0  0
 0  1  0  1  1  1
 0  0 -1  0  0  0
1,1,1;1,1;1 1 6
4 
#1 
6	% 
 0 0  2 -1  0 -1
 0 1  1  0  1  0
 0 0 -3  1 -1  1
 0 0  1 -1  0  0
 1 0  0  0  0  0
 0 0  1 -1  0 -1
1,1,1,1;1;1 1 6
2 
#1 
6	% 
  1  1 -1  1  1  1
  1  0  0  0  0  0
  0  1  0  0  0  0
 -1 -1  0 -1 -1 -1
  1  1  0  0  1  1
  0  0  0  0  0 -1
1,1,1;1,1;1 1 9
4 
#1 
6	% 
  2 -1  1 0  1  0
  1  0  0 0  0  0
 -2  2 -1 0 -1  0
  1  0  0 0  1  1
  0 -1  1 0 -1 -1
  0  0  0 1  0  1
2-1;2-1;1,1 1 9
1 
#1 
6	% 
 1  0 0  0 0  0
 0  1 0  0 0  0
 0  1 0  0 1  0
 0  0 0 -1 0  0
 0 -1 1  0 0  0
 0  0 0  0 0 -1
2-1,2-1;1;1 3 2
2 
#1 
6	% 
 1  0  0  0  0  0
 0 -1  0  0  0 -1
 0 -1  0 -1  0 -1
 0 -1  0 -1 -1 -1
 0  1  0  0  0  0
 0  0 -1  0  0  0
2-1,2-1;1;1 1 2
2 
#1 
6	% 
 0  2  1  0  1  0
 0  0  0  1  0  2
 1  0  0  0  0  0
 0  1  0  0  1  0
 0 -1 -1  0 -1  0
 0  0  1 -1  0 -1
2-1,2-1;1,1 3 2
2 
#1 
6	% 
 -1 -1  1 -1 -1 -1
  0 -1  0  0  0 -1
  0 -1  0 -1  0 -1
 -1 -1  0 -1 -1 -1
  0  1  0  0  0  0
  1  0 -1  0  0  0
2-1,2-1;1,1 1 2
2 
#1 
6	% 
  0  2  1  0  1  0
  0  0  0  1  0  2
  1  0  0  0  0  0
  1  1  0  0  1  0
  0 -1 -1  0 -1  0
 -1  0  1 -1  0 -1
1,1,1;1,1;1 1 3
2 
#1 
6	% 
 0  0  2 -1 0 -1
 0  1  1  0 1  0
 0 -1 -2  1 0  1
 0  0  1  1 0  2
 0  0  0  2 0  3
 1  0  0  0 0  0
1,1,1;1,1;1 1 5
2 
#1 
6	% 
  0  0 0 -1  0 -1
  1  0 0  0  0  0
 -1  0 0  2  0  3
  0  0 1 -1  0 -1
  0  2 1  0  1  0
  0 -1 1 -1 -1 -1
1,1;1,1;1;1 1 33
12 
#5 
6	% 
 1  0  0  0  0  0
 0  0 -1  0 -2  0
 0  1  0 -1 -1 -1
 0  0  0  1  0  0
 0  1 -1 -1 -4 -2
 0 -1  1  1  4  1
6	% 
 1  0 0  0  0  0
 0  0 1  2  1  2
 0  1 0  2  0  2
 0  0 0  0 -1 -1
 0  0 1  1  0  1
 0 -1 0 -2  0 -1
6	% 
 1  0  0  0  0 0
 0  0  1  0  1 0
 0  1  0  0  0 0
 0  0  0  1  1 1
 0  1  1  1  1 0
 0 -1 -1 -1 -2 0
6	% 
 1  0  0 0  0  0
 0  1  1 0  1 -1
 0  1  1 1  1  0
 0  1 -1 0  0  0
 0  2  1 1  2  0
 0 -2 -1 0 -1  1
6	% 
 1  0  0  0  0  0
 0 -1  1  0  1 -1
 0 -1  0  1  0 -1
 0  0  1 -1  0 -1
 0 -1  1  0  0 -1
 0  0 -1  0 -1  1
1,1;1,1;1;1 1 26
4 
#1 
6	% 
 1  0  0 0  0  0
 0  0  0 1  0  0
 0  0  0 0  0 -1
 0  0 -1 0  0  1
 0  0  0 0 -1 -1
 0 -1  0 0  0  0
1,1;1,1;1;1 1 16
4 
#1 
6	% 
 0 0  0  1  0  2
 1 0  0  0  0  0
 0 0  1 -1 -1 -1
 0 1 -1  1  2  1
 0 1  0  1  2  1
 0 1 -1  2  2  2
1,1;1,1;1;1 1 15
2 
#1 
6	% 
 0  0  0  1  0  2
 1  0  0  0  0  0
 0  1  0  0  1  0
 0 -1  0 -1 -1 -1
 0 -1  0  0  0  0
 0  0 -1  0 -1  0
1,1;1,1;1;1 1 12
4 
#1 
6	% 
  1  0  0  0  0  0
  0  0  0  1  0  2
  1  0  0 -1 -1 -1
  0 -1  0  0 -1  0
  1  0 -1  0 -1  0
 -1 -1  0  0  0  0
2-1;1,1;1;1 1 34
2 
#1 
6	% 
 1 0 0 0 0 0
 0 0 0 0 0 1
 0 0 1 0 1 0
 0 0 0 1 1 0
 0 0 0 1 0 0
 0 1 0 1 1 0
2-1;1,1;1;1 1 24
4 
#1 
6	% 
 0  1  0 0  1  0
 1  0  0 0  0  0
 0  0  0 0 -1  0
 0  1 -1 0  0  0
 0 -1  0 0 -1 -1
 0  1  0 1  1  0
2-1;1,1;1;1 1 33
4 
#1 
6	% 
  1  0  0 0  0  0
 -1  0 -1 0 -1  0
  1  0  0 0  0 -1
 -1  0  0 1  0  0
 -2 -1  0 0 -1  0
 -1 -1  0 0  0  0
1,1,1;1;1;1 1 11
2 
#1 
6	% 
 0 1  0  0 0 0
 0 1 -1  1 1 1
 1 0  0  0 0 0
 0 0  0 -1 0 0
 0 1  0  0 1 0
 0 1  0  0 1 1
1,1;1,1;1,1 1 4
4 
#1 
6	% 
 1 0  0 1 0  1
 0 1  0 0 0  0
 0 0  0 0 1  1
 0 0  0 0 0 -1
 0 0  0 1 0  0
 0 1 -1 0 0  1
1,1,1;1;1;1 1 12
2 
#1 
6	% 
 1 -2  0  0  0  0
 0 -2 -1  0 -1  0
 0  2  0  0  1  1
 0 -1 -1  0  0  0
 0  0  0  0  0 -1
 0  0  0 -1  0  0
1,1;1,1;1,1 1 3
1 
#1 
6	% 
 0  0  0  4  0  7
 0  0  1  0  1  0
 1  1 -1  1  1  1
 0  0  0 -3  0 -5
 0  0 -1  2  0  3
 0 -1  0  1 -1  2
1,1;1,1;1;1 1 3
1 
#1 
6	% 
 0  5  2  0  2  0
 0  0  0  1  0  2
 1  0  0  0  0  0
 0 -3 -1  0 -1  0
 0  2  0 -1  1 -2
 0  1  1 -2  0 -3
2-1;1;1;1;1 1 33
2 
#1 
6	% 
 1 0  0 0 0  0
 0 0  0 0 0 -1
 0 0  1 0 1  0
 0 0  0 1 0  0
 0 0 -1 0 0  0
 0 1 -1 0 0  0
1;1;1;1;1;1 1 25
1 
#1 
6	% 
 1 0  0 0 0  0
 0 0 -1 0 0  1
 0 0 -1 1 0  1
 0 0  0 0 0 -1
 0 0  1 0 1  0
 0 1  0 0 0  0
1,1;1;1;1;1 1 35
4 
#1 
6	% 
 1  0  0  0  0  0
 0  1 -2  5  8  5
 0 -2  1 -5 -9 -5
 0  0  0 -1  0  0
 0  1 -1  3  6  3
 0  1 -1  3  6  4
1,1;1;1;1;1 1 39
4 
#1 
6	% 
  1  0  0  0 0 0
  0  0  1  0 1 0
 -1  0  0  0 0 1
 -1 -1  1 -1 0 0
  1  0 -1  1 0 0
 -1  0  0 -1 0 0
1,1;1;1;1;1 1 36
4 
#2 
6	% 
 1  0  0  0  0  0
 0  1 -1  1  0  0
 0  2  0  5  1  5
 0 -1 -1 -5 -1 -4
 0  0  1  2  0  2
 0 -1  0 -3 -1 -3
6	% 
 1  0  0  0  0  0
 0  0  0  0  1  0
 0 -2 -1 -1 -1  0
 0  1  2  0  1 -1
 0  0 -1  0 -1  0
 0  1  0  0  0  0
1;1;1;1;1;1 1 39
1 
#1 
6	% 
 1 0 0  0 0  0
 0 0 1  0 0  0
 0 0 1  0 1  0
 0 0 0  0 0 -1
 0 0 0 -1 0  0
 0 1 0  0 0  0
1,1;1;1;1;1 1 41
1 
#1 
6	% 
 1 -1 1 -1 -1 -1
 0  0 1  0  1  0
 0 -1 1  0  0 -1
 0  0 0 -1  0  0
 0  0 1  0  0 -1
 0  0 0  0  0  1
1,1;1;1;1;1 1 56
1 
#1 
6	% 
 1  0  0 0  0  0
 1  0 -1 0  0  0
 0  0 -1 0 -1  0
 0  0  0 0  0 -1
 0  0  0 1  0  0
 0 -1  0 0  0  0
1,1;1;1;1;1 1 46
4 
#1 
6	% 
 0 0  0 -1 -1 0
 1 0  0  0  0 0
 0 0  0  0 -1 0
 0 1  0  1  1 0
 0 0 -1  1  0 0
 0 0  0  1  1 1
1,1;1;1;1;1 1 55
4 
#1 
6	% 
  3 1 -1 1 -1 -1
  2 0  0 0 -1 -1
 -1 0  0 0  0  1
  1 0  0 1  0  0
 -1 0  1 0  1  0
  1 1  0 0  0  0
1,1;1;1;1;1 1 17
2 
#1 
6	% 
 0 -1  0 0 0  0
 1  0  0 0 0  0
 0  2  0 1 1  0
 0 -1 -1 0 0  0
 0  0  0 0 0 -1
 0  0  0 1 0  0
