#65

3;2-1;1 1 10
1 
#1 
6	% 
 1 0 0 0 0 0
 0 1 0 0 0 0
 0 0 1 0 0 0
 0 0 0 1 0 0
 0 0 0 0 1 0
 0 0 0 0 0 1
1,1,1,1,1,1 1 1
1 
#1 
6	% 
 1 0 0 0 0 0
 0 1 0 0 0 0
 0 0 1 0 0 0
 0 0 0 1 0 0
 0 0 0 0 1 0
 0 0 0 0 0 1
1,1,1,1,1;1 1 2
10 
#3 
6	% 
  0 0  0  1  0 -1
  0 0  1  0  0 -1
  1 1  1  1  1  0
  0 0  0  0  1 -1
 -1 0 -1 -1 -1  1
  0 1  1  1  1 -1
6	% 
  0  1  1  1 0 1
  0  1  1  1 0 0
  0  1  2  1 0 0
 -1  2  1  1 0 0
  1 -2 -2 -2 0 0
 -1  2  2  1 1 0
6	% 
 0 1  1  0  1 1
 0 0  1  0  1 1
 0 0  1 -1  0 0
 0 0  0 -1  1 0
 1 0 -2  2 -2 0
 1 0  1 -1  1 1
2-1;1,1,1,1 1 2
1 
#1 
6	% 
  0  0  0  0 -1  2
  0  0  0  0  0  1
  0  0 -1  2 -2  2
 -1  0  0  1 -1  2
  1 -1  0  0  0  0
 -1  0  1 -2  2 -3
2-1;1,1,1;1 1 8
6 
#2 
6	% 
 -1 -1  1 -1  1 -1
 -2 -1  1 -2  1 -2
  2  1 -1  2 -1  1
  2  1 -1  1 -1  2
 -2 -1  1 -2  2 -2
 -2 -1  2 -2  1 -2
6	% 
 1  0 -1  1 0  0
 0 -1  0  0 1 -1
 0  0  1  0 0  0
 0  0  0 -1 0  0
 0  0  0  0 1  0
 0  0  0  0 0 -1
2-1;1,1;1,1 1 11
6 
#1 
6	% 
 -1  0  0 -1  0 -1
  0 -1  0 -1  0 -1
  0  1 -1  1  0  1
  1  0  0  1 -1  1
  1  0  0  0  0  1
  0 -1  0 -1  0  0
1,1,1,1;1,1 1 3
30 
#4 
6	% 
  0  0 1  0  0 -1
  0  0 0  0  0 -1
 -1  0 0 -2  3  1
  1  0 0  2 -2  1
  0 -1 0  1 -1 -1
  0  1 0 -2  1 -1
6	% 
  0  1  0  1  0  1
 -1  1 -1  0  0 -1
  0  0 -2  1 -1  1
  0 -1  3 -2  2 -2
  0  1  1 -1  1 -2
  0  0 -1  1 -1  2
6	% 
  1 0 0  0 0 0
  1 1 1 -1 0 0
  0 0 0  0 1 0
 -1 0 0  1 0 0
  1 0 1  0 0 0
  0 0 0  0 0 1
6	% 
  0 1  0  0 -1  0
  0 0  0  0  0  1
  1 0  0  1  0  1
 -1 0  0 -1  1 -1
 -1 0  1 -1  1  0
  1 0 -1  0 -1  0
1,1,1,1;1,1 1 2
1 
#1 
6	% 
  0 0  0 0  0 1
  0 0  0 1  0 0
  0 0 -1 0  0 0
 -1 1  0 0  0 0
  1 0  0 0  0 0
  1 0 -1 1 -1 1
2-1',2-1';1;1 1 7
6 
#1 
6	% 
  0 1 1  1 -1 -1
 -1 0 0  1 -1  0
  0 0 1  0  0  0
  0 0 0 -1  0  0
  0 0 0  0  1  0
  0 0 0  0  0 -1
2-1;1,1,1;1 1 6
6 
#1 
6	% 
 0  0  0  0  0 -1
 0 -1  1  0  1  0
 0  0  1  1  0  0
 1  1 -1  1 -1  1
 0 -1  0 -1  0 -1
 0  0 -1  0 -1  0
2-1;1,1;1,1 1 9
6 
#1 
6	% 
 0 1  0 1  0 1
 1 0  0 0 -1 1
 0 0 -1 0  0 0
 0 0  0 0 -1 0
 0 0  0 1  0 0
 0 0  0 0  0 1
1,1,1;1,1,1 1 4
6 
#1 
6	% 
 0 0  1  0  1  0
 1 0  1  0  0  1
 0 0 -1 -1  0 -1
 0 0  0  1  0  1
 0 0 -1  0 -1 -1
 0 1  0  1 -1  2
1,1,1;1,1,1 1 3
12 
#2 
6	% 
 -1 -1  1  0  0 -1
  0  0  0  0  0  1
 -1  0  0 -1  0 -1
  1  0  0  0  0  0
  1  0 -1  0 -1  0
 -1  0  1  0  0 -1
6	% 
  1  0  0  1 -1  0
  0 -1 -1  1  2 -2
  0  0  0  0 -1  1
 -1  0  0  0  1  0
  0  0  1 -1  0  0
  1  0  0  1  0  0
2-1;1,1;1,1 1 10
3 
#1 
6	% 
 0 1 -1  1 -1  1
 0 0  1 -1  0  1
 0 0 -1  0  1 -1
 1 0  0  0  0  0
 0 0  0  0  1 -1
 0 0  1 -1  0  0
2-2;1,1,1,1 1 2
4 
#1 
6	% 
  1  0  1 0 -1  0
  0  0 -1 0  0  0
  0  1  0 0 -1  0
 -1 -1  0 0  3  0
  1  1  0 0 -2 -1
 -1 -1  0 1  2  0
1,1,1,1;1;1 1 4
1 
#1 
6	% 
  0 0  0  0  0  1
  0 0  0 -1  1  0
  0 0 -1  1 -2 -1
  0 0  1 -1  1  1
 -1 0  0  0  0 -1
  0 1 -1  1 -1  0
2-2;1,1,1;1 1 5
16 
#2 
6	% 
  0  0 -1 0  0 0
  0  1  0 0 -1 0
 -1  0  0 0  1 0
 -1 -1  0 0  3 0
 -1 -1  0 0  2 1
 -1 -1  0 1  2 0
6	% 
 0  0 -1  0  0  0
 1 -1 -2  1  1  1
 1  1  1  0 -2  0
 0  1  2 -1 -1  0
 0  1  2  0 -1 -1
 0  1  2  0 -2  0
1,1,1;1,1;1 1 12
24 
#3 
6	% 
  1  1  0  0 0  0
  2  2  1  0 0 -1
 -4 -4 -1 -1 1  1
  1  1  1  0 0  0
 -2 -2 -1 -1 0  0
  1  0  0  0 0  0
6	% 
 1 1  0  2  0  2
 0 0  0  1  1  0
 0 0 -1 -2 -2 -1
 0 0 -2  3 -2  2
 0 0  1 -3  1 -2
 1 0  0  1  0  1
6	% 
 -2 -2  2 -3  1 -2
  0  0  1  0  0  1
  3  3 -4  4 -2  2
  0  0  1  0  0  0
  2  1 -3  2 -1  2
 -1 -1  1 -1  0 -1
1,1,1;1,1;1 1 10
12 
#1 
6	% 
  0 0  2  1  1 -2
  0 0  1  1  1 -1
  0 0 -3 -2 -2  4
  1 1  0  1  0  0
 -1 0  1  0  1 -1
 -1 1  0  0  0  0
1,1,1,1;1;1 1 5
27 
#3 
6	% 
  0 0  0  1  0  0
  0 0  0  1 -1  0
  0 1  0  1  0  1
  0 0 -1 -2  0  0
  0 0  0  2  0  1
 -1 0  0 -1  0 -1
6	% 
  0  1  0 1  0  1
 -1  1  0 1  1  0
 -1  0  1 0  1 -1
  2 -1 -1 0 -2  0
 -2  1  1 1  1  0
  1  0  0 0 -1  0
6	% 
  0  1 0  1  0  1
  0  1 0  1  0  0
 -1  0 0  0  1  0
  0 -1 0 -1 -1 -1
  0  1 0  2  0  1
 -1  0 1 -1  0 -1
2-2;2-1;1,1 1 4
4 
#1 
6	% 
 0 1 -1 -2 -1 0
 0 0  1  5  1 1
 1 0 -1 -2 -1 0
 0 0  1  7  1 2
 0 0  1  7  2 1
 0 0  2  7  1 1
3;1,1,1 1 3
1 
#1 
6	% 
 -1 1 -1 -1 -1 -1
  1 0  0  1  0  1
  0 0  0  0  0 -1
  0 0  0 -1  0  0
  0 0  1  0  0  0
  0 0  0  0  1  0
2-1;1,1;1;1 1 33
12 
#2 
6	% 
  0 -1  0 -1  0 -1
  0  1 -1  1  0  1
  0 -1  0  0  0 -1
  0  1  0  1 -1  1
 -1  2  0  1  0  1
  0  1  0  1  0  0
6	% 
  0 1  0 0 -1  1
  0 0 -1 0  0  0
  0 0  0 0 -1  0
  0 0  0 1  0  0
 -1 0  0 0  1 -1
  0 0  0 0  0 -1
2-1;1,1;1;1 1 34
3 
#1 
6	% 
  1 1 -1  1 -1  1
  0 0  0  0  0  1
  0 0  0  0  1  0
 -1 0  1 -1  1 -1
  0 0  1  0  0  0
 -1 0  1  0  1 -1
2-1;1,1;1;1 1 32
12 
#2 
6	% 
 -1  0  0 -1  0 -1
  0 -1  1  0  1  0
 -1  1 -1 -1 -1  0
  1 -1  1  1  0  1
  1 -1  1  0  1  1
  1 -1  0  1  1  1
6	% 
  1 -2  1 -1  0  0
 -2  1  0  0  1 -1
  2 -2  0 -1 -1  1
 -2  2 -1  1  0 -1
 -2  2 -1  0  1 -1
 -2  2 -1  1  1  0
1,1,1;1,1;1 1 11
42 
#5 
6	% 
  2  0  0  1 -1  2
  2  0  1  1 -1  3
 -5  0 -2 -2  3 -7
  1  1  0  1 -1  1
  1 -1  0  0  0  2
  1  0  0  1 -1  1
6	% 
 -2  0  0 -1  1  0
 -4 -2 -1 -3  3  1
  7  3  1  5 -5 -1
 -1  0  0 -1  0  0
 -2 -1  0 -1  2  1
 -1  0  0  0  0  0
6	% 
 0 0 -1 -1 -1 -1
 0 0  0 -1 -1 -2
 0 0  2  3  3  3
 0 1 -1  0 -1  0
 0 0  0  0 -1 -1
 1 0 -1  0 -1  0
6	% 
 0 0  1  1  1 1
 0 0  0  1  1 0
 0 1 -1 -2 -3 0
 0 0  0  1  0 1
 0 0 -1  2 -1 1
 1 0  0  1  0 1
6	% 
 0  2  1  1 -3  1
 0  2  1  0 -3  2
 0 -5 -3 -1  8 -4
 0  1  0  1 -2  1
 0  1  0  0 -2  1
 1  1  0  1 -2  1
1,1,1;1,1;1 1 7
6 
#1 
6	% 
 0 0  0 -1 -1 -2
 0 0 -1 -1 -1 -1
 0 0  2  2  2  1
 1 0 -1  0 -1  0
 1 1 -1  1 -1  1
 0 0  0 -1  0 -1
1,1,1,1;1;1 1 6
1 
#1 
6	% 
  0 0  0 1  0 0
  0 0  0 0  0 1
  0 0  0 0  1 0
  0 1  0 0 -1 0
  1 0 -1 1  0 1
 -1 1  0 0  0 0
2-1;1;1;1;1 1 38
3 
#1 
6	% 
  0 1 -1  1  0  1
 -1 0  0  0  1 -1
  0 0 -1  0  0  0
  0 0  0  0  0  1
  0 0  0  0 -1  0
  0 0  0 -1  0  0
1,1,1;1;1;1 1 8
6 
#1 
6	% 
  0 0 1  0 0 -2
  0 0 0  0 1  1
 -1 0 0 -1 0 -1
 -1 1 0  0 0  0
  0 0 0 -1 0 -1
 -1 0 1  0 1  0
1,1,1;1;1;1 1 15
6 
#1 
6	% 
 -1 -1  2 -2 0 -1
  0  1 -1  1 0  0
  1  1 -1  1 0  1
  1  1 -1  2 0  0
 -1 -1  1 -2 1 -1
 -1  0  1 -1 0  0
1,1;1,1;1,1 1 10
6 
#1 
6	% 
 0 0 1  1  0  1
 0 1 0 -1  1  0
 0 0 0  0  0 -1
 0 0 1  0  1  1
 0 0 1  0  0  0
 1 0 0  2 -2  0
1,1;1,1;1;1 1 28
12 
#1 
6	% 
 -1 -1 0  0  2 1
  0  1 0  1  0 0
  1  1 1  2  0 0
 -1  0 0 -1  1 0
  0  0 0 -1  0 0
  0  0 0  0 -1 0
1,1;1,1;1,1 1 9
3 
#1 
6	% 
  1 1 -1  1 -1  1
  0 0  0 -1  1 -1
  0 0  1  0  1 -1
  0 0  1  0  2 -1
 -1 0  1  0  1  0
  1 0 -1  1 -2  2
2-2;1,1;1,1 1 4
4 
#1 
6	% 
 1  1 -1  1 -1  1
 0 -1  1  0  1  0
 0 -1  0 -1  0 -1
 0  0  0  0  0  1
 0  0  1  0  0  0
 0  0  0  0  1  0
1,1;1,1;1;1 1 38
3 
#1 
6	% 
 0 0  1 -1  3 -2
 0 0 -2  3 -1  1
 0 0  1 -1  0  0
 1 0  0  0 -1  1
 1 0 -1  1  0  0
 1 1 -1  1 -1  1
1,1,1;1;1;1 1 16
6 
#1 
6	% 
 0 0  0 1  0  2
 0 0  2 0  1  1
 0 0 -1 0 -2 -1
 0 1  0 1  0  2
 1 0  0 1  0  2
 1 1 -1 1 -1  1
1,1;1,1;1;1 1 35
3 
#1 
6	% 
 0  0  1 -1  3 -2
 0 -1  1 -1  1 -1
 0  0  2 -3  1 -1
 1  0  0  0  0  0
 0  0 -1  1  0  0
 0  0  0  0 -1  1
2-1;2-1;1;1 1 28
3 
#1 
6	% 
 0 1  0 0 -1 0
 1 0 -1 1  0 1
 0 0  0 1  0 0
 0 0  0 0  0 1
 0 0  0 0  1 0
 0 0  1 0  0 0
2-1,2-1;1;1 2 11
12 
#1 
6	% 
 0 1  0 0  0 0
 1 0 -1 0  0 1
 0 0  0 0 -1 0
 0 0  0 0  0 1
 0 0 -1 0  0 0
 0 0  0 1  0 0
2-1,2-1;1;1 3 6
12 
#1 
6	% 
  0  0  0  0  0  1
  0 -1 -1 -1  0  1
  0  0  0  0 -1  0
 -1  0  0  1 -1 -1
  0  0  0 -1 -1  0
  0  0  1  0  0  1
2-1;1,1;1;1 1 30
3 
#1 
6	% 
 1 0 -1  1 -1  0
 0 1  0  0  0  1
 0 0  0  0  1  0
 0 0  0  0  0 -1
 0 0  1 -1  0  1
 0 0  1  0  0  0
1,1,1;1;1;1 1 19
4 
#2 
6	% 
 0  1  0  1  0  1
 1  1 -1  1 -1  1
 0 -1  1 -1  0 -1
 0  1  0  1 -1  1
 0  1  0  0  0  1
 0  1  0  1  0  0
6	% 
 0  1  0 0 -1  1
 1  1 -1 1 -1  1
 0 -1  1 0  1 -1
 0  1  0 0 -1  0
 0  1  0 0  0  1
 0  1  0 1 -1  1
1,1,1;1;1;1 1 17
6 
#1 
6	% 
  0 -1  1  0  1  0
  0  3 -2  2 -2  1
 -1 -1  1 -1  1 -1
  0 -2  1 -1  1  0
  0  1  0  1 -1  0
  1 -1  0  0  0  0
1,1;1,1;1;1 1 36
12 
#2 
6	% 
 1  0 -1 0 -1  0
 0 -1  0 0  1 -1
 0 -1  1 0  1 -1
 0  1  0 1 -1  1
 0 -1  0 0  0 -1
 0 -1  0 0  1  0
6	% 
 1 0 0  0 -1  1
 0 1 1 -1  1 -1
 0 0 1  0  0  0
 0 0 0  0 -1  0
 0 0 0  0  0 -1
 0 0 0 -1  0  0
1,1;1,1;1;1 1 27
3 
#1 
6	% 
 1 1 -1 1 -1  1
 0 0  0 0  0  1
 0 0 -1 0  1 -1
 1 0 -1 1  0  0
 1 0  0 0 -1  2
 0 0 -1 1  0 -1
1,1;1,1;1;1 1 39
12 
#2 
6	% 
  0 1  1  0 -1  2
 -1 0  1 -2 -1  0
  0 0  0  1  0  0
  0 0 -1  0  0  0
  0 0  0  0 -1  0
  0 0  0  0  0 -1
6	% 
 -1  0  0 0  0  0
  0  1 -1 1 -1  1
  0 -1  1 0  1 -1
  1  0  0 0  0  1
  0  1  0 1 -1  1
  1  0  0 0 -1  0
1,1;1,1;1,1 1 12
6 
#1 
6	% 
 0 -1 -1  1 0 -1
 0  0  0 -1 1  1
 0  0  0  0 0  1
 1  0 -1  0 2  0
 0 -1 -1  1 1 -1
 1  0  0  0 1 -1
2-1;1;1;1;1 1 43
3 
#1 
6	% 
 1 0  0  1  0 1
 0 1 -1  1  0 0
 0 0 -1  0  0 0
 0 0  0  0 -1 0
 0 0  0 -1 -1 0
 0 0  1  0  0 1
1,1;1,1;1;1 1 37
12 
#1 
6	% 
 0  0  0  0  1  0
 1  0  0  1  0  1
 0 -1 -1 -1  0  1
 0  1  1  1  0  0
 0  1  1  0  0 -1
 1  1  0  1 -1  0
2-1;1;1;1;1 1 44
1 
#1 
6	% 
 0 1 0 0  0  0
 1 0 0 0  0  0
 0 0 0 0  0 -1
 0 0 0 1  0  0
 0 0 0 0 -1  0
 0 0 1 0  0  0
2-2;1,1;1;1 1 9
4 
#1 
6	% 
 -1 0  1  0  1  0
  1 1 -1  1 -1  1
 -1 0  0 -1  0 -1
  0 0  0  0  0  1
  0 0  1  0  0  0
  0 0  0  0  1  0
3;1,1;1 1 11
2 
#1 
6	% 
 -1  0  0 -1  0 -1
  0 -1  0 -1  0 -1
 -1 -1  0 -2  0 -1
 -1 -1  0 -1  0 -2
  1  1 -1  2  0  2
  1  1  0  2 -1  2
1,1;1;1;1;1 1 54
8 
#2 
6	% 
  0 1 0  0  0  0
 -1 0 0  0  0  0
  0 0 0  0  0 -1
  0 0 0 -1  0  0
  0 0 1  0  0  0
  0 0 0  0 -1  0
6	% 
 -1  0  0 -1 0 -1
  0  1  0  1 0  1
  1  1  0  1 0  2
  1  1 -1  2 0  2
  1  1  0  2 0  1
 -1 -1  0 -2 1 -2
1,1;1;1;1;1 1 31
3 
#1 
6	% 
  0 1  0  1  0  1
 -1 0  0  0  0  0
  0 0  1  1  0  1
  0 0 -1  0 -1 -1
  0 0  1  1  1  2
  0 0 -2 -1 -1 -1
3;1,1;1 1 10
2 
#1 
6	% 
 0 1 1 2  1 2
 1 0 0 0  0 0
 0 0 0 1  0 0
 0 0 0 0  0 1
 0 0 1 0  0 0
 0 0 0 0 -1 0
3;1,1;1 1 14
1 
#1 
6	% 
 0 0  0 1  0 -1
 0 0  0 1 -1  0
 0 0 -1 1  0  0
 1 0 -1 2 -1  0
 1 1 -1 1 -1  1
 0 0  0 1  0  0
1,1;1;1;1;1 1 52
3 
#1 
6	% 
 0 0 -1 0  0 -1
 0 0  4 1  1  4
 0 0  0 0  0  1
 1 0  2 1  0  3
 0 1  2 1  0  3
 0 0 -2 0 -1 -2
2-2;1,1;1;1 1 17
4 
#1 
6	% 
 1 -1  0  0  0 0
 1  0 -1  0 -1 0
 0  0 -1  0  0 0
 0  1  0  1  0 1
 0  0  0  0 -1 0
 0  0  0 -1  0 0
1,1;1;1;1;1 1 55
8 
#2 
6	% 
 0 1 -1 0 -1  0
 1 0 -1 0 -1  0
 0 0  0 1  0  0
 0 0  0 0  0 -1
 0 0  1 0  0  0
 0 0  0 0 -1  0
6	% 
 0 -1 -1 1 2 -2
 1  0 -1 1 0  0
 0  0  0 0 0  1
 0  0  0 0 1  0
 0  0  1 0 0  0
 0  0  0 1 0  0
3;1;1;1 1 19
1 
#1 
6	% 
  0 1 -1  1 -1  1
 -1 0  1 -1  1 -1
  0 0  1  0  0  0
  0 0  0  0  1  0
  0 0  0  0  0 -1
  0 0  0 -1  0  0
1,1;1;1;1;1 1 56
1 
#1 
6	% 
 -1 1  0  0  0 0
 -1 0  1 -1  0 0
  0 0  0  0 -1 0
  0 0  0  0  0 1
  0 0 -1  0  0 0
  0 0  0 -1  0 0
1;1;1;1;1;1 1 48
1 
#1 
6	% 
 0 1 -1 1 -1  1
 1 0  0 0  0  0
 0 0  0 0  0 -1
 0 0  0 0  1  0
 0 0  0 1  0  0
 0 0  1 0  0  0
1;1;1;1;1;1 1 44
1 
#1 
6	% 
  0 1  0  1 0 1
 -1 0  1 -1 0 0
  0 0  0  0 1 0
  0 0 -1  0 0 0
  0 0  0  0 0 1
  0 0  0  1 0 0
3;1;1;1 1 22
1 
#1 
6	% 
 1 0  0  0 -1  1
 0 1  0  1 -1  1
 0 0 -1  0  0  0
 0 0  0  0  0 -1
 0 0  0 -1  0  0
 0 0  0  0 -1  0
