#23

1;1;1;1;1;1 1 18
1 
#1 
6	% 
 1 0 0 0 0 0
 0 1 0 0 0 0
 0 0 1 0 0 0
 0 0 0 1 0 0
 0 0 0 0 1 0
 0 0 0 0 0 1
1,1,1,1,1,1 1 1
1 
#1 
6	% 
 1 0 0 0 0 0
 0 1 0 0 0 0
 0 0 1 0 0 0
 0 0 0 1 0 0
 0 0 0 0 1 0
 0 0 0 0 0 1
1,1,1,1,1;1 1 2
6 
#1 
6	% 
  0  0  1 0  0 -1
  0  1  0 0  0 -1
  1  1  1 1  1  0
  0  0  0 0  1 -1
 -1 -1 -1 0 -1  1
  0  1  1 1  1 -1
1,1,1,1;1,1 1 3
12 
#1 
6	% 
  1  0  0  1 -1  0
 -1 -1 -1 -1 -1 -1
  0  0  0 -1  0  0
  0  0  0  1  1  1
 -1 -1  0  0 -1  0
  1  0  0  0  0  0
1,1,1,1;1,1 1 1
3 
#1 
6	% 
 0 -1 -1  0  0 -1
 0 -1  0  0 -1 -1
 0  0 -1  0 -1 -1
 0  1  1  0  1  1
 0  0  0 -1  0  0
 1  0  0  1  0  0
1,1,1;1,1,1 1 4
4 
#1 
6	% 
 0  1  1 1  1  1
 0  1  1 0  0  1
 0 -2 -1 0 -1 -1
 1  1  1 0  1  1
 0 -1 -1 0 -1 -2
 0  1  0 0  1  1
1,1,1;1,1,1 1 2
6 
#1 
6	% 
  1 0 0  0 0 0
  0 0 0 -1 0 0
  0 0 0  0 1 0
  0 0 1  0 0 0
 -1 0 0  0 0 1
  1 1 0  0 0 0
1,1,1,1;1;1 1 3
3 
#1 
6	% 
 0 -1  0 0 -1 -1
 0 -1 -1 0  0 -1
 0  0 -1 0 -1 -1
 0  1  1 0  1  1
 0  0  0 1  0  0
 1  0  0 0  0  0
1,1,1;1,1;1 1 9
24 
#1 
6	% 
 0  2  1  0  1 0
 0  2  1  0  1 1
 0 -3 -1  0 -1 0
 1  1  1  1  0 0
 0  0  0 -1  0 0
 1  0  0 -1  0 0
1,1,1;1,1;1 1 2
12 
#1 
6	% 
  1 0  0  1 0 0
  1 0 -1  1 1 0
 -1 0  1 -1 0 0
  0 1  0  0 0 0
  0 0  0  0 0 1
  1 0  0  0 0 0
1,1,1;1,1;1 1 12
24 
#1 
6	% 
  1  0  0  1  0  0
  0 -1  1  0 -1  1
 -2  1 -2 -2  2 -1
  0  0  1  0  0  1
 -1  0 -1 -1  1 -1
  1  0  0  0  0  0
1,1,1,1;1;1 1 5
12 
#1 
6	% 
  0  0  1  0 -1 0
 -1 -1  0 -1 -1 1
 -1  0  1  0  0 0
  1  1 -1  1  1 0
 -1  0  1 -1 -1 1
  0  0 -1  1  0 0
1,1,1;1;1;1 1 10
12 
#1 
6	% 
 0  0 0  0 1 0
 0  0 1  0 0 0
 0  0 0  0 0 1
 0  0 0 -1 0 0
 1  0 0  0 0 0
 0 -1 0  0 0 0
1,1;1,1;1;1 1 25
24 
#1 
6	% 
  1 0  0  1 -1  0
  0 0  0  0  0 -1
 -2 0 -1 -1  1  0
  1 0  1  1  0  0
  1 0  1  2 -1  0
  0 1  0  0  0  0
1,1;1,1;1;1 1 9
12 
#1 
6	% 
  0  0  1 0 1  0
  0  0 -1 0 0  0
  0 -1  0 0 0  0
  0  1  0 1 0  1
  0  0  0 0 0  1
 -1 -1  0 0 0 -1
1,1;1,1;1,1 1 10
8 
#1 
6	% 
 -1  0  0 1  0  1
  0 -1 -1 0  0 -1
  1  0  1 0 -1  0
 -1 -1  0 1  0  0
  0  0  1 1 -1  0
  0  1  0 0  1  1
1,1,1;1;1;1 1 15
8 
#1 
6	% 
  0  0 -1 0  1 1
  0  0  1 1 -1 0
  0  0  1 0  0 0
  0 -1  1 0 -1 0
  0  0  0 0  1 0
 -1  0 -1 0  1 0
1,1;1,1;1,1 1 5
6 
#1 
6	% 
 0 0 1 0  1 0
 0 0 0 0 -1 0
 0 0 0 1  0 0
 0 0 0 0  0 1
 1 0 0 0  0 0
 0 1 0 0  0 0
1,1;1,1;1,1 1 1
1 
#1 
6	% 
 0 0 0 -1 0  0
 1 0 0  1 0  0
 0 0 1  0 0  0
 0 0 0  0 1  0
 0 0 0  0 0 -1
 0 1 0  0 0  1
1,1;1,1;1;1 1 34
6 
#1 
6	% 
 0  1  1 0  0  1
 0 -1 -1 0  0  0
 0  0  0 1  0  0
 0  0  0 0  1 -1
 0  1  0 0 -1  1
 1  0  0 0  0  0
1,1;1,1;1;1 1 4
3 
#1 
6	% 
 0 1 0 0  0 0
 0 0 0 0  0 1
 0 0 0 0 -1 0
 0 0 1 0  1 0
 0 0 0 1  0 0
 1 0 0 0  0 0
1,1;1;1;1;1 1 28
12 
#1 
6	% 
 0 0  0 0  1 0
 0 0 -1 0 -1 1
 0 0  0 1  0 0
 0 0 -1 0  0 0
 1 0  0 0  0 0
 0 1  1 0  1 0
1,1;1;1;1;1 1 25
3 
#1 
6	% 
 0 1 0  0 0 0
 0 0 0  0 0 1
 0 0 0  0 1 0
 0 0 0 -1 0 0
 1 0 0  0 0 0
 0 0 1  0 0 0
