#21

3;1,1;1 1 6
1 
#1 
6	% 
 1 0 0 0 0 0
 0 1 0 0 0 0
 0 0 1 0 0 0
 0 0 0 1 0 0
 0 0 0 0 1 0
 0 0 0 0 0 1
1,1,1,1,1,1 1 1
1 
#1 
6	% 
 1 0 0 0 0 0
 0 1 0 0 0 0
 0 0 1 0 0 0
 0 0 0 1 0 0
 0 0 0 0 1 0
 0 0 0 0 0 1
1,1,1,1,1;1 1 1
1 
#1 
6	% 
  0 0  0  0 -1  0
 -1 0 -1  0 -1 -1
 -1 0  0 -1 -1 -1
  0 0 -1 -1  0 -1
  1 0  1  1  1  1
  0 1  0  0  0  0
2-1;1,1,1;1 1 8
3 
#1 
6	% 
 1  0  0  0  0  0
 0 -1  0  0  0  0
 0  1  0  0  0 -1
 0  1  0  0 -1  0
 0 -1  0 -1  0  0
 0 -1 -1  0  0  0
2-1;1,1;1,1 1 9
3 
#1 
6	% 
 0  1 0 0  0  0
 1  0 1 1 -1 -1
 0 -1 0 0  0  1
 0 -1 0 1  0  0
 0  1 0 0  1  0
 0  1 1 0  0  0
1,1,1,1,1;1 1 2
6 
#1 
6	% 
  0 0 0  1  0  0
  1 0 0  0  0  0
  0 0 0  0  1  0
  1 1 1  1  1 -1
 -1 0 0 -1 -1  1
  1 0 1  1  1  0
1,1,1,1;1,1 1 2
6 
#1 
6	% 
 1 0  0  0  0 0
 0 0  0  0  1 0
 0 0 -1 -1 -1 1
 0 1  0  0  0 0
 0 0  1  0  0 0
 0 0  0  0  0 1
1,1,1,1;1,1 1 3
3 
#1 
6	% 
  0  1  0  0  0  0
 -1  0 -1  1 -1  1
 -1 -1  0  0  0  1
  1  0  0 -1  0 -1
 -1  0 -1  0 -1  0
  1  1  1  0  0  0
1,1,1;1,1,1 1 3
3 
#1 
6	% 
  1  0  0  1  0 -1
  0 -1 -1 -1 -1 -1
  0  1  0  1  1  0
 -1  0  0 -1  0  0
  0  1  1  0  0  1
  1  0  0  0  0 -1
2-2;1,1,1,1 1 2
4 
#1 
6	% 
  0  1  0  0  0  0
  0  0  1  0  0  0
 -1 -1 -1 -1  1  1
  1  0  0  0 -1 -1
 -1  0  0 -1  1  0
  1  0  0  1  0 -1
1,1,1;1,1;1 1 8
3 
#1 
6	% 
  0 0 -1  0  1  0
 -2 0 -1 -1  1  1
  3 0  3  1 -3 -1
  0 0 -1 -1  0 -1
 -1 0  0  0  1  1
  0 1  0  0  0  0
1,1,1,1;1;1 1 2
6 
#1 
6	% 
 1 0  0 0  0 0
 0 0  0 0  0 1
 0 0  0 1  0 0
 0 1  0 0  0 0
 0 0  0 0 -1 0
 0 0 -1 0  0 0
2-2;1,1,1;1 1 3
4 
#1 
6	% 
 0 0 0  1 0  0
 1 0 0 -1 0  0
 0 1 0  0 0  0
 0 0 0  0 0 -1
 0 0 0  0 1  0
 0 0 1  0 0  0
3;1,1,1 1 3
1 
#1 
6	% 
  1  0  0  0  0  0
 -1 -1 -1 -1  1  1
  0 -1  0 -1  1  1
  0 -1 -1  0  1  1
  0  1  1  1 -1  0
  0  1  1  1  0 -1
2-1;1,1;1;1 1 24
3 
#1 
6	% 
 1 0 1 1 -1 -1
 0 1 0 0  0  0
 0 0 1 0  0  0
 0 0 0 0  0  1
 0 0 0 1  0  0
 0 0 0 0  1  0
1,1,1,1;1;1 1 5
3 
#1 
6	% 
  0  1  1  1 -1 -1
  1  0  1  1 -1 -1
  1  1  1  0 -1 -1
 -1 -1 -1 -1  1  2
  1  1  2  1 -1 -1
 -1 -1 -1 -1  0  1
1,1,1;1,1;1 1 7
6 
#1 
6	% 
  0  0 -1  0  0 1
  2  0  0  1 -1 0
 -3  0  0 -2  2 0
  1 -1  0  0 -1 0
  0 -1  0 -1 -1 0
  0  0 -1  0  0 0
1,1,1;1;1;1 1 7
3 
#1 
6	% 
  1 0 1  1 -1 -1
  0 1 0  0  0  0
  1 0 0  0 -1  0
 -1 0 0 -1  1  1
 -1 0 0 -1  0  0
  1 0 1  1 -1  0
1,1,1;1;1;1 1 19
1 
#1 
6	% 
 1 0  0  0 0  0
 0 1  0  0 0  0
 0 0  0  0 0 -1
 0 0 -1  0 0  0
 0 0  0  0 1  0
 0 0  0 -1 0  0
1,1;1,1;1;1 1 36
3 
#1 
6	% 
  0 1 0  0  0  0
  1 0 0  0  0  0
  1 0 0  0  0 -1
 -1 0 0 -1  0  0
  1 0 0  0 -1  0
  1 0 1  0  0  0
1,1;1;1;1;1 1 46
1 
#1 
6	% 
 1 0  0  0 0  0
 0 1  0  0 0  0
 0 0  0  0 0 -1
 0 0 -1  0 0  0
 0 0  0 -1 0  0
 0 0  0  0 1  0
