#26

1,1;1;1;1;1 1 17
1 
#1 
6	% 
 1 0 0 0 0 0
 0 1 0 0 0 0
 0 0 1 0 0 0
 0 0 0 1 0 0
 0 0 0 0 1 0
 0 0 0 0 0 1
1,1,1,1,1,1 1 1
1 
#1 
6	% 
 1 0 0 0 0 0
 0 1 0 0 0 0
 0 0 1 0 0 0
 0 0 0 1 0 0
 0 0 0 0 1 0
 0 0 0 0 0 1
1,1,1,1;1,1 1 2
5 
#4 
6	% 
 0 1  0  0  0  0
 0 0 -1 -1 -1 -1
 0 0  0  0  0  1
 1 0  0  0  0  0
 0 0  1  0  0  0
 0 0  0 -1  0 -1
6	% 
 0  0 1  1 -1  0
 0 -1 0  0  0  0
 1  1 0  2 -1  1
 0  0 0  0 -1  0
 0  0 0 -1  0 -1
 0  0 0  1 -1  0
6	% 
 -1  0  0  1  0  0
 -1  0  0  0  0  0
 -1  0 -1  0  0  1
  0 -1  0  0 -1 -1
  1  1  0 -1  0  1
 -1  1  0  1  1  0
6	% 
  0  0  0  0 -1  1
  0  0  0  0 -1  0
 -1  0 -1  1 -2  1
  0 -1 -1 -1  1  0
  1  1  1  0  1 -1
 -1  1  0  1 -2  1
1,1,1,1,1;1 1 2
3 
#2 
6	% 
  0  0 1  1 0 -1
 -1  0 0  0 0  0
 -1  1 0  2 1 -1
  0 -1 0  1 0  0
  1  0 0 -2 0  1
 -1  0 0  2 1  0
6	% 
  0  1  1 -1  0  1
 -1  0  0  0  0  0
 -1  0  0  0 -1  1
  0  1  1 -1 -1  1
  1 -1 -1  0  2 -1
 -1  1  0 -1 -1  1
1,1,1,1,1;1 1 1
1 
#1 
6	% 
  0 0  0  0 -1  0
 -1 0 -1  0 -1 -1
 -1 0  0 -1 -1 -1
  0 0 -1 -1  0 -1
  1 0  1  1  1  1
  0 1  0  0  0  0
1,1,1;1,1,1 1 3
2 
#1 
6	% 
  1  0 1 -1 -1 -2
  0 -1 0  0  1 -1
  0  1 0  0 -1  0
 -1  0 0  1  1  0
  0  1 0  0  0  1
  1  0 1  0  0 -2
1,1,1;1,1,1 1 2
2 
#2 
6	% 
  0  0 0  0 -1  0
  0 -1 0  0  1  0
 -1  0 0  0  0  0
 -1  0 1 -1  0 -1
  1  0 0  1 -1  0
  1  0 0  1  0  1
6	% 
  0  1  0  0  0  0
  1  1  1 -1  0 -1
  0  0 -1 -1 -1 -1
  0  0  0  0  1 -1
 -1 -1  0  1  0  1
  1  1  1  0  0  0
1,1,1,1;1,1 1 3
2 
#1 
6	% 
  1 0  0  0  0  0
  2 1  1 -1  0 -1
  0 0  0  0 -1  0
 -1 0 -1  0  0  0
  1 0  0 -1  0 -1
  0 0  0  0  0 -1
1,1,1;1,1;1 1 3
2 
#2 
6	% 
 0 0  1  1  0  1
 0 0  1  1  1  0
 0 0 -2 -2 -1 -2
 1 0  1  0  0  0
 1 0  0  0  0  0
 0 1  0  0  0  0
6	% 
 0 0  2  0 -1 -1
 1 0  1  1 -1  0
 0 0 -3 -1  2  1
 0 0  1  0 -2 -1
 0 0  0  0 -1  0
 0 1  0  0  0  0
1,1;1,1;1,1 1 4
2 
#1 
6	% 
 -1  0 -1  1  0  1
  0 -1  0  0 -1  1
  0  1  0  0  0 -1
  1  0  0 -1  0 -1
 -1  0 -1  0  0  0
  0 -1  0  0 -1  0
1,1,1;1,1;1 1 5
2 
#2 
6	% 
 0  0 0 0 -1 -1
 0  1 0 0  0  0
 0 -1 0 0  2  1
 1  0 1 0 -1 -1
 1  0 0 0  0  0
 0  0 1 1 -1  0
6	% 
  2  2  1 -1  0 -1
  1  1  0  0  0  0
 -2 -3 -1  1  0  1
  1  1  1  0 -1 -1
  0  0  0  0  1  0
  0  0  1  1 -1  0
1,1;1,1;1,1 1 3
1 
#1 
6	% 
  0 0  0 0 -5 -2
  0 1  0 0  0  0
 -1 0 -1 1  0  1
  0 0  0 0  3  1
 -1 0  0 1 -2  0
  1 0  1 0 -2 -1
1,1,1;1,1;1 1 7
6 
#3 
6	% 
 0  0  0  0 -1  1
 0  2  1  1  0 -1
 0 -3 -2 -2  0  2
 1  1  1  0  0 -1
 1  0  0  0  0  0
 0  0  0  0 -1  0
6	% 
 -2  0  0  0  1 -1
 -2  0 -1  1  1  0
  5  0  2 -2 -2  0
 -1 -1 -1  0  1  0
  0 -1 -1 -1  1  0
 -1  0  0  0  0 -1
6	% 
  2  0 1 -1 -1  0
  2  0 0  0 -1  1
 -3  0 0  0  2 -2
  1 -1 0  0 -1  0
  0 -1 0  0 -1 -1
  1  0 1  0 -1  0
1,1,1;1,1;1 1 6
2 
#1 
6	% 
 0  0 -2 0  1  1
 1  0 -2 0  1  1
 0  0  3 1 -2 -1
 0 -1 -1 0  0  1
 0 -1  0 0 -1  1
 0  0 -1 0  0  0
1,1,1,1;1;1 1 2
3 
#2 
6	% 
 -1 0  0  1 0  0
  0 0  1  2 1 -2
 -1 0 -1  0 0  1
  0 1  0  0 0  0
  1 0  0 -1 0  1
 -1 0  0  1 1  0
6	% 
  0 0 -1  1 -1 -1
 -1 0 -1  1 -1  0
  0 0 -1  1 -2 -1
  0 1  0  0  0  0
  1 0  1 -2  2  1
 -1 0 -2  1 -1 -1
1,1,1,1;1;1 1 5
2 
#1 
6	% 
  0  1  1 -1  0 -1
  1  0  1 -1  0 -1
  1  1  1 -1 -1 -1
 -1 -1 -1  2  0  1
  1  1  2 -1 -1 -1
 -1 -1 -1  1  0  0
1,1,1,1;1;1 1 6
1 
#1 
6	% 
 0 0 -1 -1  1  0
 1 0  0  0  0  0
 0 1  0  0  0  0
 0 0  0  1 -1  0
 0 0  0 -1  1 -1
 0 0  0  0 -1  0
1,1,1;1,1;1 1 9
2 
#1 
6	% 
  2  2  1 -1  0 -1
  1  1  0  0  0  0
 -2 -3 -1  1  0  1
  1  1  1  0  0 -1
  0  0  0  0  0 -1
  0  0  0  0 -1 -1
1,1,1;1,1;1 1 8
2 
#1 
6	% 
  0 0  0  0  1 -1
 -2 0 -1  1  1  0
  3 0  1 -1 -3  2
  0 0  1  1  1  1
 -1 0 -1  0  0 -1
  0 1  0  0  0  0
1,1;1,1;1;1 1 16
2 
#1 
6	% 
 -1 0 -1  1  0 1
  0 1  0  0  0 0
  0 0  0  0  1 0
  1 0  0 -1 -1 1
  0 0  0  0  0 1
 -1 0 -1  0 -1 2
1,1;1,1;1;1 1 12
2 
#1 
6	% 
  0 1 0 0  0 0
  1 0 0 0  0 0
 -1 0 0 1 -1 1
  1 0 1 0  0 0
  0 0 0 0  0 1
  0 0 0 0  1 0
1,1;1,1;1;1 1 15
1 
#1 
6	% 
 -1  0 -1  1  0  1
  0 -1 -1 -1  1  0
  1  1  1  0  0  0
  1 -1  0 -1  0 -1
  0  0  0  0  0 -1
  0  0  0  0 -1  0
1,1;1,1;1;1 1 3
1 
#1 
6	% 
 0 0  0  0 -5 -2
 1 0  1 -1  0 -1
 0 1  0  0  0  0
 0 0  0  0  3  1
 0 0 -1  0 -1  0
 0 0  0  1 -2  0
1,1,1;1;1;1 1 11
1 
#1 
6	% 
 1 0  0  0 0 0
 0 0 -1 -1 1 0
 0 1  0  0 0 0
 0 0  0  0 0 1
 1 0 -1  0 1 1
 1 0 -1  0 0 1
1,1,1;1;1;1 1 12
1 
#1 
6	% 
 -1  0 0 0 0 0
 -1 -1 0 0 0 0
  0  0 0 1 0 0
  0  0 1 0 0 0
  0  0 0 0 0 1
  0  0 0 0 1 0
1,1,1;1;1;1 1 7
2 
#1 
6	% 
  1 0  1 -1  0 -1
  0 1  0  0  0  0
  1 0  0 -1  0  0
 -1 0 -1  1  0  0
 -1 0 -1  0  1  0
  1 0  1 -1 -1 -1
