#15

1,1;1;1;1;1 1 19
1 
#1 
6	% 
 1 0 0 0 0 0
 0 1 0 0 0 0
 0 0 1 0 0 0
 0 0 0 1 0 0
 0 0 0 0 1 0
 0 0 0 0 0 1
1,1,1,1,1,1 1 1
1 
#1 
6	% 
 1 0 0 0 0 0
 0 1 0 0 0 0
 0 0 1 0 0 0
 0 0 0 1 0 0
 0 0 0 0 1 0
 0 0 0 0 0 1
1,1,1,1;1,1 1 2
3 
#2 
6	% 
 0 -1 -1  1 -1  0
 0 -1  0  0 -1  0
 0 -1 -1  0  0 -1
 1  0  0  0  0  0
 0  2  1 -1  1  1
 0 -2 -1  1 -1  0
6	% 
  0  0  1 0  0 1
 -1  0  0 0  0 0
 -1  0  1 0 -1 0
  0 -1  0 1  0 0
  1  1 -1 0  0 0
 -1  1  1 0  0 1
1,1,1,1,1;1 1 2
4 
#1 
6	% 
  0 0  0  0  1  1
  1 0  0  0  0  1
  0 0  1  0  0  2
  1 1  1 -1  1  0
 -1 0 -1  1 -1 -2
  1 1  1  0  1  3
1,1,1;1,1,1 1 3
4 
#1 
6	% 
  0 -2 -1  2 -1  0
 -1  0  0  0  0  0
  1 -1  0  0  0 -1
 -1  1  0 -1  1  0
  1  0  0 -1  0 -1
 -1 -1  0  1 -1  1
1,1,1,1;1,1 1 3
4 
#1 
6	% 
  0 -1  0  1  0  0
 -1 -1 -1  1 -1  0
  0  0  0 -1  0  0
  1  1  1  0  0  1
 -1  0  0  1 -1  1
  0 -1  0  0  0 -1
1,1,1;1,1;1 1 7
8 
#2 
6	% 
 0  1 0 -1  2 -1
 0  0 0  0  2 -1
 0 -1 1  1 -5  3
 1  0 0  0  1  0
 1  0 0  0  0  0
 0  1 0  0  1  0
6	% 
 -2 -1 0 1  0 -1
  0  0 0 0  0  1
  1  0 0 0  0 -2
  0  0 0 0 -1  1
  0  0 1 0 -1  1
 -1 -1 0 0  0 -1
1,1;1,1;1,1 1 6
2 
#1 
6	% 
 1  0 0  0  0  2
 0  0 0 -1  0 -1
 0  0 0  0  0 -1
 0  0 0  1 -1  1
 0  1 1  0  0  1
 0 -1 0  0  0 -1
1,1;1,1;1,1 1 8
1 
#1 
6	% 
  0 0 -1  0 1 -1
  0 1  0  1 0  1
 -1 0  0  0 0 -1
  1 0  0  1 0  1
  1 0 -1  0 0  0
  0 0  1 -1 0  0
1,1,1;1,1;1 1 10
8 
#1 
6	% 
 0  0  1  0 -1  2
 0  0  0  0  0  1
 1  0 -1  0  1 -4
 0  0  0  0 -1  1
 0  0  1 -1  1  0
 0 -1  0 -1  0 -1
1,1,1,1;1;1 1 4
2 
#1 
6	% 
 1  0 -1 0 0  0
 1  0  0 0 0  0
 0  0  3 0 1  2
 0  0 -2 0 0 -1
 0 -1  1 0 0  0
 0  0  1 1 0  1
1,1,1,1;1;1 1 5
4 
#1 
6	% 
 0  1  1 -1 -1  0
 1  1  1 -1 -1 -1
 0  1  0 -1 -1 -1
 0 -1 -1  2  1  2
 0  2  1 -1 -1 -1
 0 -1 -1  1  0  1
1,1;1,1;1;1 1 22
2 
#1 
6	% 
  1  0  0 0 0  1
  0  0 -1 0 1 -1
  1  0  0 1 0  1
  1 -1  0 0 0  0
 -1  0  1 0 0  0
 -1  0 -1 0 0 -1
1,1;1,1;1;1 1 13
4 
#1 
6	% 
 1 0  0 0  0  2
 0 0  0 0 -1  1
 0 0 -1 1  1  0
 0 0  1 0  0  1
 0 1  1 0 -1  1
 0 0  0 0  0 -1
1,1,1;1;1;1 1 8
4 
#1 
6	% 
 -1 0 0 0 0  1
  1 0 0 0 1 -2
 -1 1 0 0 0  1
  0 1 0 1 0  1
 -1 0 1 0 0  2
  1 1 0 0 0  0
