#59

3;1;1;1 2 12
1 
#1 
6	% 
 1 0 0 0 0 0
 0 1 0 0 0 0
 0 0 1 0 0 0
 0 0 0 1 0 0
 0 0 0 0 1 0
 0 0 0 0 0 1
1,1,1,1,1,1 1 1
1 
#1 
6	% 
 1 0 0 0 0 0
 0 1 0 0 0 0
 0 0 1 0 0 0
 0 0 0 1 0 0
 0 0 0 0 1 0
 0 0 0 0 0 1
2-1;1,1,1,1 1 2
3 
#1 
6	% 
  0  0  0  1  0 -1
  0  0  0  1  0  0
 -1  0  1  1 -1 -1
 -1 -1  0  2 -1 -1
  1  1  1  0  0  0
  0 -1 -1 -1  1  1
1,1,1,1,1;1 1 2
12 
#3 
6	% 
  0 -1 1 1  0 -1
 -1 -1 0 0  0 -1
  0 -2 0 1 -1 -1
  0 -1 0 0 -1 -1
  0  2 0 0  1  2
  0 -2 0 1 -1 -2
6	% 
  1  0  0 -1 0 -1
  0  0  0 -1 0 -1
  1  0 -1 -1 0 -1
  0  0 -1 -1 1 -1
 -1 -1  1  2 0  2
  0 -1 -2 -1 0 -2
6	% 
 0  1 0 -1  0  1
 0  0 0  0  0  1
 0  1 0 -1  1  1
 0  0 0 -1  0  1
 0 -1 1  1 -1 -2
 1  2 0 -1  1  2
1,1,1;1,1,1 1 2
1 
#1 
6	% 
  0  0  0  1 -1 0
  0  0  0  1  1 1
 -1 -1 -1  0  0 0
  0 -1  0  1  0 0
  1  1  0 -1  0 0
  1  1  0  0  0 0
1,1,1,1;1,1 1 2
6 
#2 
6	% 
 -1 0  1 -1 -1 0
 -1 0  1 -1 -1 1
 -1 0  1 -2  0 0
  0 1  0 -1  0 0
  2 0 -1  2  1 0
 -1 0  2 -1 -1 0
6	% 
  0 -1  0 1 0  0
  0 -1 -1 0 0 -1
 -1 -1  1 1 0  0
  0  0  0 1 1  0
  1  1  0 0 0  0
 -1 -1  0 1 0  0
2-1;1,1,1;1 1 6
9 
#1 
6	% 
 0 0 0  1  1 1
 0 0 1  0 -1 0
 0 0 0 -1 -1 0
 0 1 0 -1  0 0
 1 0 0  1  1 0
 0 0 0  0  1 0
2-1;1,1,1;1 1 5
3 
#1 
6	% 
  0  0  0 1  1 1
  0  0  0 0  1 0
 -1 -1  0 1 -1 0
  1  1  1 0  0 0
 -1 -2 -1 1  0 0
  0 -1 -1 1 -1 0
1,1,1,1;1,1 1 3
33 
#3 
6	% 
  1  0  0  1 1  0
 -1  0  0  0 0  1
 -1  1  0 -1 0  0
  0 -1 -1  0 0 -1
 -1 -1  0  1 0  1
  2  1  1  1 0  0
6	% 
  0  0  0 -1  0 -1
  0  0  0 -1 -1  0
 -1  0 -2 -2  0  0
  1  1  2  2  1  1
  0 -1  1  0 -1 -1
 -1  0 -2 -1  0  0
6	% 
  0 -2  0  1 -1 -1
 -1  0  1 -1 -1 -1
  1  2  0 -2  1  0
  0  0 -1  1  1  1
 -1 -1  0  0 -1 -1
  0 -1  1  0 -1  0
1,1,1;1,1,1 1 3
27 
#2 
6	% 
 -1  0  1 -1 -1 -1
  0 -1  0  1  0  0
  0  0 -1 -2  0 -1
  0  0  0  1  0  1
 -1  0  0 -1  0  1
  0  0  0  0  0 -1
6	% 
 -1 0 -2 -1  0 1
  0 0  0 -1 -1 0
  0 1  0  0  1 0
  0 0  1  1  0 0
  1 1  1  1  1 0
  0 0 -1  0  0 0
2-1;1,1;1,1 1 5
9 
#1 
6	% 
  0 0  0  2 1  0
  0 0 -1  0 0  1
  1 0 -1  0 0  1
  1 1  1  0 0  0
 -1 0  0 -1 0 -1
 -1 0  1 -1 0 -1
2-2;1,1,1,1 1 2
4 
#1 
6	% 
  0 0 0  0  1  0
  0 0 0  0  0  1
  0 0 0  1  0  0
 -1 0 0 -1 -1 -1
  0 1 1  0  1  1
  1 1 0 -1 -1 -1
1,1,1;1,1;1 1 11
126 
#6 
6	% 
  0  0  0 -1 -2  0
  1 -1 -1 -1 -2 -2
 -1  1  1  3  5  3
  0  0  1  0 -1  0
  0 -1  0  0 -1 -1
  0  0  0 -1 -1  0
6	% 
  0  0   4  1 -2 0
 -1 -1   3  1 -2 0
  1  1 -10 -3  5 0
 -1  1   3  0 -1 1
  0 -1   1  1 -1 0
  0  0   2  0 -1 0
6	% 
  2 0  2  1 -2 0
  1 0  1  0 -2 0
 -4 1 -4 -2  6 0
  1 0  1  1 -1 1
  1 0  0  0 -1 0
  1 0  1  0 -1 0
6	% 
 1 0  1  1 0  0
 0 0  0 -1 0  0
 0 0  0  1 1  0
 0 0  1  1 0  1
 1 0 -1 -1 0 -1
 1 1  1  0 0  0
6	% 
  1 0 -1 -1  0 -2
 -1 0  1 -2 -2 -2
  0 0  0  4  3  5
  1 0  0  0  0 -1
  0 0  1  0 -1 -1
  1 1  0 -1  0 -1
6	% 
  1 -1 -1 -4 0  0
  0  0  0 -1 0  0
 -1  1  1  6 1  0
  1  0 -1 -2 0  1
 -1 -1  1  0 0 -1
  1  0  0 -2 0  0
1,1,1,1;1;1 1 5
33 
#3 
6	% 
  0  0  0  0  1 -1
  0  0 -1  0  2 -1
 -1  0  1  0  1 -1
  1  1  0 -1 -2  2
 -1 -1  0  0  2 -2
  0  1  0 -1 -1  1
6	% 
  0  0  0 -1 -1 -1
 -1 -1 -1 -2 -2 -2
  0  0  0 -2 -1 -2
  1  1  0  2  2  3
  0 -1 -1 -2 -2 -3
  0  0  0  1  1  2
6	% 
  1 0  1  0  1  1
  1 0  1  0  1  2
  0 0  1  0  0  1
 -1 1 -1 -1 -1 -2
  2 1  2  0  1  2
 -1 0  0  0  0 -1
1,1,1,1;1;1 1 6
6 
#2 
6	% 
  1  0  1  1  0  0
  0  0  1  1  0  1
  0  1  1  0  0  1
 -1 -1 -1 -1  0 -1
  1  1  1  0 -1  1
  0  0  0  0  1  0
6	% 
 -1  0 1 -2  0  0
  0  0 0  0  1  0
  0  0 0  0  0  1
  1  0 0  2 -1 -1
  0  1 1 -2  1  1
  0 -1 0  1  0  0
1,1,1;1,1;1 1 6
3 
#1 
6	% 
 -2 0  0 -1 0 0
 -1 1  1 -1 0 0
  3 0 -1  1 0 0
 -1 0  0  0 1 0
  0 0  0  1 1 1
 -1 0  0 -1 0 0
1,1,1;1,1;1 1 7
36 
#3 
6	% 
  0  0  0 -1 0 -2
  1  1  1 -1 0 -2
 -1 -1 -1  3 1  5
  0  1  1 -1 0 -1
  0 -1  0  1 0  0
  0  0  0  0 0 -1
6	% 
  1 0 -1 -1 0 0
  0 0  4  1 0 0
 -1 0 -6 -1 0 0
  0 0  2  1 0 1
  0 0  0  1 1 1
  1 1  0 -1 0 0
6	% 
  1  3 -1 -2 0  2
  0  4  0 -3 0  2
 -1 -8  1  6 0 -4
  0  2  0 -2 0  1
  0  0  0  1 1  0
  1  2  0 -1 0  1
2-2;1,1,1;1 1 5
12 
#1 
6	% 
  0  0  0 -1 -1 -1
  0  0  0 -1 -1  0
  0  0  0  0  1  0
  0  0  1  1  1  0
  0 -1 -1  1  1  0
 -1  0  0  0  1  0
1,1,1;1,1;1 1 9
6 
#1 
6	% 
  0 0  0  1  0  0
  0 0  0  0  1  0
  0 0  0 -2 -1 -1
 -1 0 -2 -1  0  0
  1 1  1  0  0  0
  1 2  1 -1  0  0
1,1;1,1;1;1 1 24
18 
#1 
6	% 
 0  0  0 -2 -1  0
 1  0  1  1  0  0
 0 -1 -2  0  0  0
 0  0 -1 -1  0 -1
 0  0 -1  1  1  0
 0  0  0 -1 -1  1
1,1,1;1,1;1 1 5
3 
#1 
6	% 
 0  0 0 -1 0  0
 0  0 0  0 1  1
 0  0 0  0 0 -1
 1  1 0 -1 0  0
 0 -1 0  1 0  0
 1  1 1  0 0  0
1,1;1,1;1;1 1 12
9 
#1 
6	% 
  0 0 0  1 1  0
  0 1 0 -1 0  0
  0 0 1  0 0  0
 -1 0 0 -1 0 -1
  0 0 0 -1 0 -1
  0 0 0  0 0 -1
2-2;1,1,1;1 1 6
4 
#1 
6	% 
  0  0  0  1  1  1
  0  0  0  1  0  1
  1  0 -1  0  0  0
  0 -1 -1  1  1  1
  0 -1  0  1  0  0
 -1  0  0 -1 -1 -1
1,1,1;1;1;1 1 4
1 
#1 
6	% 
 0 0 0  1 0 1
 0 0 0  0 1 0
 0 0 0 -1 0 0
 0 1 0  0 0 0
 0 1 1  0 0 0
 1 1 0  0 0 0
1,1;1,1;1,1 1 4
9 
#1 
6	% 
 0 0  0  2 1  0
 1 1  1  0 0  0
 0 0 -1 -1 0 -1
 0 0  0  0 0  1
 0 0  0  1 0  1
 1 0  0  0 0 -1
1,1;1,1;1;1 1 20
9 
#1 
6	% 
  0  0  0  1  1  0
 -2  0  2 -3 -1 -3
  1  0 -1  1  0  2
  0  0  1  0  0 -1
 -2  0  2  0  1 -3
 -1 -1  0  0  0 -1
1,1,1;1;1;1 1 8
9 
#1 
6	% 
  1 0 -1  1  1 1
 -1 0  1 -1 -1 0
  1 0  0  1  1 0
  1 1  1  0  0 0
  1 0 -1  0  1 0
  0 0  1  0 -1 0
1,1,1,1;1;1 1 4
3 
#1 
6	% 
  0 0  0 -1  0  0
  0 0  0 -1  0  1
 -1 0  1  1 -1 -1
  1 0 -1  1  0  0
  0 0  1  0  0  0
  0 1  1 -1  0  0
1,1,1;1;1;1 1 12
3 
#1 
6	% 
 0  0 0  2 1  2
 0  0 0  2 0  1
 0  1 1 -2 0 -1
 0  0 1  2 0  1
 0 -1 0  1 0  0
 1  1 1  0 0  0
1,1;1,1;1;1 1 26
18 
#2 
6	% 
 0  0  0 0  1  0
 1  0 -1 0 -1  1
 1  0 -1 1  1  1
 0  0  1 0  0 -1
 1  1  0 0  0  1
 0 -1  0 1  0  0
6	% 
  0 1 0 -1 0  0
  0 0 1  1 0  1
 -1 0 0  0 0  1
  0 0 0  0 1 -1
  0 0 0  1 0  1
  0 0 0  0 1  0
1,1,1;1;1;1 1 16
36 
#3 
6	% 
 1 0 -1  0 1 -1
 0 0  0 -1 0 -1
 0 0  0  0 0  1
 0 0 -1 -1 0 -1
 1 1  0 -1 0 -1
 0 1  0 -1 0  0
6	% 
  1  1 0  0 0  1
  1  2 1  0 0  2
 -2 -1 0 -1 0 -2
  1  1 1  0 0  1
  1  1 1  1 1  1
  0  0 0  0 1  0
6	% 
  0 -1 0  1 0  0
 -1 -3 0  2 0 -1
  0  3 1 -2 0  1
  0 -2 0  1 0 -1
  0 -2 0  2 1 -1
  0  0 0  0 1  0
2-1;1,1;1;1 1 21
9 
#1 
6	% 
 0 0 0  1 1  1
 0 0 1  1 0  1
 0 1 0 -1 0  0
 1 0 0  0 0  0
 0 0 0  0 0  1
 0 0 0 -1 0 -1
2-1;1,1;1;1 1 29
9 
#1 
6	% 
 0 -1 0  1  0 0
 0  1 1 -1 -1 0
 1  1 0  0  1 0
 0  0 0  0 -1 1
 0  0 0  0  1 0
 0  0 0  1  0 1
1,1,1;1,1;1 1 10
18 
#1 
6	% 
  0  0  0 1 0 0
  0  1  0 0 0 0
  0 -1  0 0 1 0
  0  0  0 1 0 1
  0  0 -1 0 0 0
 -1 -1 -1 0 0 0
3;1,1,1 2 2
1 
#1 
6	% 
 0  0  0  1  0 1
 0  0  0  1 -1 1
 0 -1 -1  1 -1 0
 0  1  0 -1  0 0
 1 -1 -1  1  0 0
 0 -1 -1  0  1 0
1,1;1,1;1,1 1 9
18 
#1 
6	% 
 0 0  0 -2 -1  0
 1 0 -2 -1  0 -1
 0 1 -1 -1  0  1
 0 0 -1  0  0  1
 0 0  0  2  1  1
 0 0  1 -1 -1  0
1,1;1,1;1;1 1 38
18 
#1 
6	% 
 1  0  0 0 0 -1
 0  1  1 0 0  1
 1 -1 -2 0 0 -1
 0  0 -1 0 0  0
 0  0  1 1 0  0
 0  0  0 1 1  0
1,1,1;1;1;1 1 18
1 
#1 
6	% 
  0 -1 0  1 0 0
 -1  0 1  0 0 0
  2  2 0 -1 0 0
 -1 -1 0  1 0 0
 -1 -1 0  1 1 0
 -1 -1 0  1 0 1
2-2;1,1;1,1 1 4
12 
#1 
6	% 
 0 0  0 -2 -1  0
 0 0  0  1  0  1
 0 0  0  0  0 -1
 0 0 -1 -1  0 -1
 0 1  1 -1  0 -1
 1 0  0  0  0 -1
1,1;1,1;1;1 1 37
54 
#2 
6	% 
  1 0 -1  1  0  1
  2 1 -1  0  0  1
 -1 0  1  0  1 -1
  1 0 -2  0  0  1
  0 0  0  0 -1  0
  0 1  0 -1  0  0
6	% 
  0  0  0  1  1  0
  0  0 -1  0  1  0
 -1  1  1 -2 -1 -1
  2 -1 -2  2  1  1
  1 -1 -1  2  0  1
  1 -2 -2  2  0  1
1,1,1;1;1;1 1 17
18 
#1 
6	% 
 -1  0 -1 -1 -1  1
 -1  0 -1  1  3  2
  0 -1  0  0 -1 -1
  1  0  0 -1 -2 -1
 -1  0  0  0  1  1
  1  1  1 -1 -1 -1
1,1;1,1;1,1 1 12
18 
#1 
6	% 
  0  0  0  0 -1  0
  0 -1  0  1  0  0
  1  0 -1  0  0  1
  0 -1 -1  1  0  1
 -1  0  1 -1 -1 -1
  1  0  0  1  0  1
1,1;1,1;1;1 1 27
18 
#1 
6	% 
  0  0  0 0 1  0
  1  1  0 0 0  1
 -2 -3 -2 0 0 -2
 -1 -2 -1 1 1 -1
  2  3  1 0 1  2
 -1 -3 -1 1 0 -2
1,1;1,1;1;1 1 29
18 
#1 
6	% 
  1 0 -1  1  2  0
  0 1  1  0 -1  0
  0 0  1  1 -1  0
  0 0  0 -1  0 -1
 -1 0  1 -1 -1  0
  1 0 -1  1  1  1
2-1;1;1;1;1 1 32
3 
#1 
6	% 
  0  0  1  1  0 0
  1  0 -1 -1 -1 0
 -1 -1  0  1  0 0
  0  0  0 -1 -1 0
  0  0  0  1  1 1
  0  0  0  0  1 0
1,1;1,1;1,1 1 11
6 
#1 
6	% 
  1  1  1  1  0  0
 -1  1  0 -1  1  1
 -1 -2  0  1  1 -1
  0 -2  0  1 -1 -1
 -1 -1 -1 -2 -1  0
  1  3  1  0  0  1
2-2;1,1;1;1 1 19
12 
#1 
6	% 
  0  0  0  1 1  1
  1  1  0 -1 0 -1
 -1  0  0 -1 0  0
 -1 -1 -1  0 0  0
  0 -1  0  1 0  0
  1  0 -1  0 0  0
1,1;1;1;1;1 1 39
9 
#1 
6	% 
 0 0  0  1 1  1
 0 1  0 -1 0  0
 0 0  0  0 0 -1
 0 0 -1 -1 0 -1
 1 0  0  1 0  1
 0 0  0 -1 0 -1
1,1;1;1;1;1 1 52
18 
#1 
6	% 
  1 -1 -1  1 0  0
 -5  5  5 -4 0  2
  0  1  0 -1 0  0
 -3  3  3 -2 0  1
 -3  3  3 -2 1  1
  3 -2 -2  2 0 -1
1,1;1;1;1;1 1 51
6 
#1 
6	% 
 0 -1  2  2 0 0
 1  0 -3 -1 0 0
 0  0  1  0 0 0
 0  0  1  1 1 0
 0  0  1  1 0 1
 0  0 -2 -1 0 0
1,1;1;1;1;1 1 50
9 
#1 
6	% 
  0  0  0  0  0 -1
  1  0 -1  0  0  0
 -2 -2 -2  0  1  0
 -2 -3 -3  1  1  0
 -2 -2 -3  0  1  0
  2  2  2 -1 -1 -1
2-2;1,1;1;1 1 17
12 
#1 
6	% 
  0  0  0  1  0 1
  0  0  0  1  1 1
  0 -1 -1  1  1 0
  0  0  0 -1 -1 0
 -1  0  0  0  1 0
  0  0  1  1  1 0
1,1;1;1;1;1 1 43
3 
#1 
6	% 
 1  1  1 0 0 0
 0 -1 -1 1 0 0
 1  1  0 0 0 0
 0  0  0 0 1 0
 0  0  0 0 0 1
 0  0  0 1 0 0
1,1;1;1;1;1 1 15
3 
#1 
6	% 
 0  0 0 0 1 -1
 0  0 1 0 0 -1
 0 -1 0 1 0  0
 1  0 0 1 0  0
 0  0 0 0 0 -1
 0  0 0 1 0  1
1,1;1;1;1;1 1 37
9 
#1 
6	% 
  1  1  1  1  2  0
 -1 -1  0  0 -1  0
  0 -1 -1  0 -1  0
  2  2  2  1  3  0
 -2 -2 -2 -2 -3 -1
  0  0  0  0  0  1
3;1,1;1 2 7
3 
#1 
6	% 
  0 0 0  1 1  1
  0 0 1  1 0  0
 -1 0 0 -1 0  0
  1 1 0  0 0  0
  0 0 0  1 0  1
  0 0 0  0 0 -1
1;1;1;1;1;1 1 34
3 
#1 
6	% 
  0 1  0 -1 0  0
  0 0 -1  0 0  0
 -1 0  0  0 0  0
  0 0  0 -1 0 -1
  0 0  0  0 1 -1
  0 0  0  0 0  1
1;1;1;1;1;1 1 28
1 
#1 
6	% 
 0 -1 0  1 0  0
 0  1 1  0 0  1
 1  1 0  0 0  0
 0  0 0  0 0 -1
 0  0 0  0 1  0
 0  0 0 -1 0 -1
2-2;1;1;1;1 1 21
4 
#1 
6	% 
  1  1  0  0 1 0
  1  1  0  0 0 1
  1  1  0 -1 0 0
 -1  0  1  0 0 0
 -2 -2  0  1 0 0
  1  1 -1 -1 0 0
