#8

1,1;1;1;1;1 1 54
1 
#1 
6	% 
 1 0 0 0 0 0
 0 1 0 0 0 0
 0 0 1 0 0 0
 0 0 0 1 0 0
 0 0 0 0 1 0
 0 0 0 0 0 1
1,1,1,1,1,1 1 1
1 
#1 
6	% 
 1 0 0 0 0 0
 0 1 0 0 0 0
 0 0 1 0 0 0
 0 0 0 1 0 0
 0 0 0 0 1 0
 0 0 0 0 0 1
1,1,1;1,1,1 1 4
3 
#1 
6	% 
 -1  0  1  1  0 -1
  1  0  1  0  1  0
  0  1 -1 -1 -1  1
  0  1  1  1  1  0
 -1  0 -1 -1 -1  1
  0 -1  0  1  0 -1
1,1,1,1,1;1 1 2
1 
#1 
6	% 
  0  0  0  1  0 -1
  0  0  1  0  0 -1
  1 -1  1  1  1  0
  0  0  0  0  1 -1
 -1  0 -1 -1 -1  1
  0 -1  1  1  1 -1
1,1,1,1;1,1 1 3
3 
#1 
6	% 
  1 0  0 0 0 0
  2 1  1 0 1 0
  0 0  0 0 0 1
 -1 0 -1 0 0 0
  1 0  0 0 1 0
  0 0  0 1 0 0
1,1;1,1;1;1 1 39
3 
#1 
6	% 
  0 1  0 -1 -1  0
 -1 0 -1  0  0  1
  0 0  0  0  0 -1
  0 0  0  1  0  0
  0 0 -1  0  0  0
  0 0  0  0  1  0
1,1,1;1,1;1 1 12
3 
#1 
6	% 
 -1  1  0  0 -2  2
 -2  2 -1 -1 -2  2
  4 -4  1  1  5 -5
 -1  1  0 -1 -1  1
  2 -2  0  1  3 -2
  0  1  0  0 -1  1
1,1,1;1;1;1 1 19
1 
#1 
6	% 
  1 0 0 0 0 0
  0 1 0 0 0 0
 -1 0 0 0 0 1
  1 0 0 1 0 0
  1 0 0 0 1 0
  1 0 1 0 0 0
