#91

3;2-2;1 2 1
1 
#1 
6	% 
 1 0 0 0 0 0
 0 1 0 0 0 0
 0 0 1 0 0 0
 0 0 0 1 0 0
 0 0 0 0 1 0
 0 0 0 0 0 1
1,1,1,1,1,1 1 1
1 
#1 
6	% 
 1 0 0 0 0 0
 0 1 0 0 0 0
 0 0 1 0 0 0
 0 0 0 1 0 0
 0 0 0 0 1 0
 0 0 0 0 0 1
2-1;1,1,1,1 1 1
3 
#1 
6	% 
  0 1 0  0  0  0
  0 0 1  0  0  0
  0 0 0 -1 -1 -1
 -1 0 0  0 -1 -1
 -1 0 0 -1  0 -1
  1 0 0  1  1  1
1,1,1,1,1;1 1 2
12 
#3 
6	% 
  0  0  1  0 -1  0
  0 -1  0  0  0  0
  0 -1  1  0  1  1
  1  0  1  0  0  1
 -1  1 -1 -1  0 -1
  1 -1  1 -1  1  1
6	% 
  1  1 -1  0  1  1
  1  1 -1  1  0  1
  1  1 -1  1  1  1
  1  1 -1  0  0  2
 -1 -2  1 -1 -1 -2
  1  1 -2  1  1  2
6	% 
  0  1  0  0  0 -1
  0  1  0  0  0  0
 -1  0 -1 -2  1 -2
  0  1  1  0  0  0
  1 -1  0  1 -1  1
 -1  1  0 -1  0 -1
1,1,1,1,1;1 1 1
4 
#2 
6	% 
  0  0  0 -1  0 0
 -1  0 -1 -1 -1 0
 -1 -1  0 -1 -1 0
  0 -1 -1  0 -1 0
  1  1  1  1  1 0
  0  0  0  0  0 1
6	% 
  0 0  0  0 -1  0
 -1 0 -1  0 -1 -1
 -1 0  0 -1 -1 -1
  0 0 -1 -1  0 -1
  1 0  1  1  1  1
  0 1  0  0  0  0
2-1;1,1,1;1 1 1
6 
#2 
6	% 
 0 0 1 0  0  0
 0 1 0 0  0  0
 0 0 0 1  0  1
 0 0 0 0 -1  0
 0 0 0 0  0 -1
 1 0 0 0  0  0
6	% 
  0 0 1  0  0 0
  0 1 0  0  0 0
  0 0 0 -1 -1 0
 -1 0 0  0 -1 0
  1 0 0  1  1 0
  0 0 0  0  0 1
1,1,1,1;1,1 1 1
7 
#3 
6	% 
  0 -1 -1 0  0 -1
 -1  0 -1 0  0 -1
 -1 -1  0 0  0 -1
  1  1  1 0  0  1
  0  0  0 0 -1  0
  0  0  0 1  1  0
6	% 
  0 0  0 -1 -1 -1
 -1 0  0  0 -1 -1
 -1 0  0 -1  0 -1
  1 0  0  1  1  1
  0 0 -1  0  0  0
  0 1  1  0  0  0
6	% 
 0 -1 -1  0 -1  0
 0 -1  0 -1 -1  0
 0  0 -1 -1 -1  0
 0  1  1  1  1  0
 0  0  0  0  0 -1
 1  0  0  0  0  1
2-1;1,1,1;1 1 4
18 
#2 
6	% 
  0 1 0  0 0  0
  0 0 1  0 0  0
 -1 0 0  0 1  0
 -2 0 0  0 0 -1
  1 0 0 -1 0  0
 -1 0 0 -1 1  0
6	% 
  0 1 0  0 0 0
  0 0 1  0 0 0
  0 0 0  0 0 1
 -1 0 0  0 0 1
  1 0 0  1 0 0
 -1 0 0 -1 1 0
1,1,1;1,1,1 1 1
4 
#2 
6	% 
  0 -1 -1  0  0  0
 -1  0 -1  0  0  0
  1  1  1  0  0  0
  0  0  0  0 -1 -1
  0  0  0 -1  0 -1
  0  0  0  1  1  1
6	% 
 0  0  0  1 0  0
 0  0  0  1 1  0
 1  0  0 -1 0  0
 0  0 -1  0 0 -1
 0 -1  0  0 0 -1
 0  1  1  0 0  1
2-1;1,1;1,1 1 1
3 
#1 
6	% 
 0 0 1  0 0  0
 0 1 0  0 0  0
 0 0 0  1 1  0
 0 0 0 -1 0  0
 0 0 0  0 0 -1
 1 0 0  0 0  1
1,1,1,1;1,1 1 2
36 
#6 
6	% 
 0 1  0 0  1 0
 0 0 -1 0  0 0
 1 0  1 0  1 0
 0 0  0 0  0 1
 0 0  0 1 -1 0
 0 0  0 1  0 0
6	% 
 1  0  0  0  0 0
 0 -1  1 -1 -1 0
 0  0  0  1  0 0
 0  1  1  0  0 1
 0  0 -1  0  0 0
 0 -1  0  0  0 0
6	% 
  0  0  1  0  0 0
  0  1  0  0  0 0
  1  1  2  2 -1 0
  0  0  0  0  2 1
 -1 -1 -1 -1  0 0
  1  1  1  1 -1 0
6	% 
  0 0  1  0 -1  0
 -1 0  1  0 -1  0
  0 0  0  0 -2 -1
  0 1  0  2 -1  0
  0 0 -1 -1  2  0
  0 0  1 -1 -1  0
6	% 
 0  0  0  0 1  0
 0  0  0  0 0  1
 0 -1 -1 -1 0 -1
 1  0  0  0 0  0
 0  1  0  0 0  0
 0  0 -1  0 0  0
6	% 
  0  0  0  0  0 -1
  0  0 -1  0  0  0
  0 -1  0  0  0  0
  1  0  0  0  0  0
 -1  1  1  1 -1  1
 -1 -1 -1 -1  0 -1
2-1;1,1;1,1 1 3
18 
#2 
6	% 
  0 1 0  0  0 0
  0 0 1  0  0 0
 -1 0 0 -2  1 0
  0 0 0  0  2 1
  1 0 0  1 -1 0
 -1 0 0 -1  0 0
6	% 
 0 1 0 0  0 0
 0 0 1 0  0 0
 1 0 0 0  1 0
 0 0 0 0  0 1
 0 0 0 1 -1 0
 0 0 0 1  0 0
1,1,1,1;1,1 1 3
36 
#2 
6	% 
  1 0  0 0  0  0
  2 1 -1 0  0  1
  0 0  0 1 -1  0
 -1 0  1 0  0 -1
  1 1  0 0  0  1
  0 0  0 1  0  0
6	% 
 -1  0  0  0  0 1
 -1  1 -1  0  0 0
  1  0 -1  1 -1 0
  1  0  1  0  1 0
 -1  1  0  0  1 0
 -1 -1  0 -1  0 0
1,1,1;1,1,1 1 2
24 
#3 
6	% 
  0  0  0 -1  1  0
  0 -1 -1  0 -1  0
 -1  0  0  0  0  0
  0  0  0  0  0 -1
  1  1  0  0  0  1
  1  0 -1  0  0  1
6	% 
  0  0  0  0 -1 -1
  1  0  0  0 -1  0
  0  0 -1  0  0  0
  0 -1 -1 -2  1  0
 -1  1  1  1  0  0
  1  1  1  1 -1  0
6	% 
  0  0  1 0  1  0
  0 -1 -1 0 -1  0
 -1  0  0 0  0  0
  0  0  0 0  0 -1
  1  0  0 1 -1  1
  1  0  0 1  0  1
1,1,1;1,1,1 1 3
36 
#2 
6	% 
  0  1  1  0  0 -1
 -1  0  0  0  1  0
  0  0  1  0 -1 -1
  0 -1 -1 -1  0  0
  0 -1  0  0 -1  1
  0  1  1  1 -1  0
6	% 
  1  1 -1  2 -1  0
  0  1  1  0  1  1
  1 -1 -1  1 -1 -1
 -1  0  1 -1  1  0
 -1 -1 -1 -1  0 -1
  1  1  0  1  0  0
2-2;1,1,1,1 1 2
4 
#1 
6	% 
  1  1  1  1 0  0
  0  0  0  0 0 -1
  1  1  1  1 1  0
 -1 -1  0 -1 0  1
  1  0  1  1 0 -1
  0 -1 -1 -1 0  1
2-2;1,1,1,1 1 1
1 
#1 
6	% 
  0  0  0 1 0  0
  0  0  0 0 1  0
  0 -1 -1 0 0 -1
 -1  0 -1 0 0 -1
 -1 -1  0 0 0 -1
  1  1  1 0 0  1
2-2',2-2';1,1 1 2
8 
#1 
6	% 
  1  1  1 0  0 1
 -1  1  0 1  0 0
 -1  0  1 1 -1 0
  0  0 -1 0  0 0
  1  0  0 0  0 0
  0 -1  0 0  0 0
2-2;2-1;1,1 1 1
3 
#1 
6	% 
 0 0 1 0  0  0
 0 1 0 0  0  0
 0 0 0 1  0  0
 0 0 0 1 -1  0
 0 0 0 0  0 -1
 1 0 0 0  0  1
1,1,1,1;1;1 1 2
36 
#6 
6	% 
 0 0  1  0 -1  0
 0 1  1  0  0  1
 0 0  0  0 -2 -1
 1 0  0  0  0  0
 0 0 -1 -1  2  0
 0 0  1 -1 -1  0
6	% 
 0 1  0  0 1 0
 1 0  1  0 1 0
 0 0 -1  0 0 0
 0 0  0  0 0 1
 0 0  0 -1 0 0
 0 0  0 -1 1 0
6	% 
 1  0  0 0 0 0
 0  0  0 0 1 0
 0  0  0 1 0 0
 0  0  0 0 0 1
 0  0 -1 0 0 0
 0 -1  0 0 0 0
6	% 
  0  0 1  0  0 0
 -1 -1 0 -1  2 0
  0  1 0  0  0 0
  0  0 0  0  0 1
  0  0 0  0 -1 0
  0  0 0 -1  1 0
6	% 
 0  0  0 1 0 0
 0  0  0 0 1 0
 0  0  0 0 0 1
 1  0  0 0 0 0
 0  0 -1 0 0 0
 0 -1  0 0 0 0
6	% 
  0 0  0  0  0 1
 -1 0 -1 -1  2 0
  0 0  1  0  0 0
  0 1  0  0  0 0
  0 0  0  0 -1 0
  0 0  0 -1  1 0
1,1,1;1,1;1 1 2
48 
#6 
6	% 
 0  0  0 0 -1 0
 0  1  0 0  0 0
 0 -1 -1 0  0 0
 1  0  0 0  0 0
 0  0  0 0  0 1
 0  0  0 1 -1 0
6	% 
 0 0 0 0 1 0
 1 0 0 0 0 0
 0 0 0 0 0 1
 0 1 0 0 0 0
 0 0 1 0 0 0
 0 0 0 1 0 0
6	% 
 0 -1  1 0  0 0
 0  0  0 1  1 0
 0  1 -1 0 -1 0
 1  0  0 0  0 0
 0  0  0 0  0 1
 0  0  1 0  0 0
6	% 
  2  1 -1  0 0  0
  1  0  0  0 0 -1
 -2 -1  1  0 0  1
  0  0  0  1 1  0
  0  0  0 -1 0  0
  1  1  0  0 0  0
6	% 
 0 0 0 -1  2  0
 1 0 0  0  0  1
 0 0 0  1 -2 -1
 0 1 0  0  0  0
 0 0 1  0  0  0
 0 0 0 -1  1  0
6	% 
 0  2  2  2 -1 0
 0  1  1  0  0 0
 0 -3 -2 -2  1 0
 1  0  0  0  0 0
 0  0  0  0  0 1
 0  1  1  1 -1 0
1,1,1;1,1;1 1 4
36 
#6 
6	% 
 0  1 0  0 0 1
 0  1 0  0 0 0
 0 -1 1  0 0 0
 1  0 0 -1 1 0
 1  0 0  0 1 0
 0  0 0 -2 1 0
6	% 
  0 -1 -1  0 0 0
 -1  0 -1  0 0 0
  1  1  1  0 0 0
  0  0  0 -1 2 1
  0  0  0  0 2 1
  0  0  0 -2 1 0
6	% 
 1  0  0 0  1  0
 0  0  0 1  1  0
 0  0  0 0 -1  0
 0 -1  0 0  0 -1
 0 -1  1 0  0 -1
 0 -1 -1 0  0  0
6	% 
  0  0  0  1 0 1
  0  0  0  1 0 0
  0  0  0 -1 1 0
  0 -1  0  0 0 0
 -1 -1  1  0 0 0
  0 -1 -1  0 0 0
6	% 
  0 -1 -1  0 0 0
 -1  0 -1  0 0 0
  1  1  1  0 0 0
  0  0  0  0 1 1
  0  0  0  0 0 1
  0  0  0 -1 1 0
6	% 
  0  0  1 0 0  0
  0  0  1 0 0  1
  0 -1 -1 0 0 -1
  0  0  0 1 0  0
 -1  0  0 0 0  0
  0  0  0 0 1  0
1,1,1;1,1;1 1 7
144 
#8 
6	% 
 0  0  0 0 -1 0
 0  1  1 0  2 0
 0 -1 -1 0 -2 1
 1  1  0 0  1 0
 1  0  0 0  0 0
 0  0  0 1 -1 0
6	% 
  0  0  0 0  1 0
  2  1 -1 0  0 0
 -3 -2  2 0 -2 0
  1  0 -1 0  0 0
  0  0  0 0  0 1
  0  0  0 1  0 0
6	% 
 0 1 -1  2 0 0
 0 0  0 -1 0 0
 0 0  0  1 0 1
 0 0  0 -1 1 0
 1 0  0  0 0 0
 0 1  0  1 0 0
6	% 
 0 1 -1  0  0 0
 0 0  0 -2  1 0
 0 0  0  4 -2 1
 0 0  0 -1  0 0
 1 0  0  0  0 0
 0 1  0  0  0 0
6	% 
 0 -1  1  0  0  0
 0 -2  2 -1  2  0
 1  4 -4  2 -4  0
 0 -1  1 -2  1 -1
 0  0  0 -2  0 -1
 0 -1  0  0  0  0
6	% 
  2  1 -1  0  2 0
  0  0  0  0  1 0
 -1 -1  1  0 -4 0
  0  0  0 -1  1 0
  0  0  0  0  0 1
  1  1  0  0  1 0
6	% 
 0  2  2 2 -1 0
 0  1  1 0  0 0
 0 -2 -2 0  0 1
 1  1  0 0  0 0
 1  0  0 0  0 0
 0  1  1 1 -1 0
6	% 
 -2 -2  2 -2 1 0
  0 -1  1  0 0 0
  1  2 -2  0 0 0
  0 -1  0  0 0 0
  0  0  0  0 0 1
 -1 -1  1 -1 1 0
1,1,1;1,1;1 1 9
72 
#4 
6	% 
 -2 -1  1  0  0 0
 -1  0  0  0  0 1
  3  1 -1  0  0 0
 -1  0  1  0  1 0
  0 -1 -1 -1 -2 0
  0  0  0 -2  1 0
6	% 
 0  0  0  1 -2 0
 0  0  0  1 -2 1
 1  0  0 -1  2 0
 0  0  0  0 -1 0
 0  0 -1  2  0 0
 0 -1 -1  0  0 0
6	% 
 0 0  0 0 1 0
 1 0  0 0 0 0
 0 0  0 0 0 1
 0 1 -1 1 0 0
 0 0  1 0 0 0
 0 1  1 0 0 0
6	% 
 -2 -1  1 0 0 0
 -1  0  0 0 0 1
  3  1 -1 0 0 0
 -1  0  1 0 0 0
  0  0  0 1 0 0
  0  0  0 0 1 0
1,1,1,1;1;1 1 5
36 
#2 
6	% 
 1  1 -1 0  1  1
 0  1 -1 0  2  1
 0  1  0 0  0  1
 0 -1  1 1 -2 -1
 0  1 -1 1  1  1
 0  0  1 0  0 -1
6	% 
  1 0 0  0  0  0
  1 0 0  0  0 -1
  1 0 1  0  0  0
 -2 0 0 -1  1  0
  2 0 0  0 -1  0
 -1 1 0  0  0  0
2-2;1,1,1;1 1 5
24 
#2 
6	% 
 0 0  0  0 0 -1
 0 0  0 -1 0  0
 0 0  0 -1 1  0
 0 0 -1  0 1  1
 0 1  0  0 1  1
 1 0  0  0 1  1
6	% 
  1  1 -1  2 -1  2
 -1 -1  1 -1  1  0
  1  1 -1  1  0  0
  0  1 -1  0  0 -1
  1  0 -1  0  0 -1
  1  1  0  0  0 -1
1,1,1,1;1;1 1 3
6 
#2 
6	% 
  0 -1 -1  0  0 -1
 -1  0 -1  0  0 -1
 -1 -1  0  0  0 -1
  1  1  1  0  0  1
  0  0  0 -1  0  0
  0  0  0  1 -1  0
6	% 
  0 0 0 -1 -1 -1
 -1 0 0  0 -1 -1
 -1 0 0 -1  0 -1
  1 0 0  1  1  1
  0 0 1  0  0  0
  0 1 0  0  0  0
1,1,1,1;1;1 1 1
6 
#2 
6	% 
 0 -1  0 -1 -1 0
 0 -1 -1  0 -1 0
 0  0 -1 -1 -1 0
 0  1  1  1  1 0
 1  0  0  0  0 0
 0  0  0  0  0 1
6	% 
  0 0 0 -1 -1 -1
 -1 0 0  0 -1 -1
 -1 0 0 -1  0 -1
  1 0 0  1  1  1
  0 1 0  0  0  0
  0 0 1  0  0  0
1,1,1;1,1;1 1 3
84 
#8 
6	% 
 0  0  0 -1 0 0
 0  1  0  0 0 0
 0 -1 -1  0 0 0
 0  0  0 -1 1 0
 1  0  0  0 0 0
 0  0  0  0 0 1
6	% 
 0  2  2  2 -1 0
 0  1  1  0  0 0
 0 -3 -2 -2  1 0
 0  1  1  1 -1 0
 1  0  0  0  0 0
 0  0  0  0  0 1
6	% 
 0  1  1 0  0 0
 0  1  1 1  0 0
 0 -2 -2 0 -1 0
 1  1  0 0  0 0
 1  0  0 0  0 0
 0  0  0 0  0 1
6	% 
 0 0  0  1 0  0
 0 0  1  0 0  0
 0 0 -1 -2 0 -1
 0 0  0  0 1  0
 1 0  0  0 0  0
 0 1  0  0 0  0
6	% 
 0 0  0 -1  2  0
 0 0  0 -1  2 -1
 1 0  0  2 -4  1
 0 0  0 -1  1  0
 0 0 -1 -1  0  0
 0 1  0  0  0  0
6	% 
 0 0  0 -1  2 0
 1 0  1  0  0 0
 0 0 -1  1 -2 0
 0 0  0  1  1 1
 0 0  0  2  0 1
 0 1  0  0  0 0
6	% 
 0 0 0 0 -1  0
 1 0 0 0  0  0
 0 0 1 0  2  0
 0 0 0 1 -1  0
 0 0 0 0  0 -1
 0 1 0 0  0  0
6	% 
 -1 0  1 0  0 0
  0 0  0 1  1 0
  1 0 -1 0 -1 0
  0 0  1 0  0 0
  1 0  1 0  0 1
  0 1  0 0  0 0
2-2;1,1,1;1 1 1
4 
#2 
6	% 
  0  0  0 1  0 0
  0  0  0 1 -1 0
  0 -1 -1 0  0 0
 -1  0 -1 0  0 0
  1  1  1 0  0 0
  0  0  0 0  0 1
6	% 
  0 0  0 1  0  0
  0 0  0 1 -1  0
  0 0 -1 0  0 -1
 -1 0  0 0  0 -1
  1 0  1 0  0  1
  0 1  0 0  0  0
1,1,1;1,1;1 1 1
16 
#5 
6	% 
  0 0  0 -1 -1 0
 -1 0  0  0 -1 0
  1 0  0  1  1 0
  0 0 -1  0  0 0
  0 1  1  0  0 0
  0 0  0  0  0 1
6	% 
  0 -1 -1 0  0 0
 -1  0 -1 0  0 0
  1  1  1 0  0 0
  0  0  0 0 -1 0
  0  0  0 1  1 0
  0  0  0 0  0 1
6	% 
 0 1  0 0  0  1
 0 0 -1 0  0  0
 0 0  0 0  0 -1
 0 0  0 0 -1  0
 0 0  0 1  1  0
 1 0  0 0  0  0
6	% 
 0 0  0  1 0 1
 0 0  0  1 0 0
 0 0  0 -1 1 0
 0 0 -1  0 0 0
 0 1  1  0 0 0
 1 0  0  0 0 0
6	% 
 0 0  0 1  1  0
 0 0 -1 0  0  0
 0 0  0 0 -1  0
 0 0  0 0  0 -1
 1 0  0 0  0  1
 0 1  0 0  0  0
1,1,1;1,1;1 1 8
72 
#4 
6	% 
 -2 -1  1  0  0 0
  0  1 -1 -1  2 0
  3 -1  1  2 -4 0
 -1  0  1  1  0 0
  0  0 -1 -2  1 0
  0  0  0  0  0 1
6	% 
 0 -1  1 0 -3 0
 0 -1  1 0 -2 0
 1  3 -3 0  6 0
 0  0  1 1 -2 0
 0 -1  0 0 -1 0
 0  0  0 0  0 1
6	% 
 -1 0  1  1 0 0
 -1 0  1  2 0 0
  3 0 -3 -4 0 1
 -1 0  0  0 1 0
  0 0  1  1 0 0
  0 1  0  0 0 0
6	% 
  1 0  1  1 -2  2
  0 0  0  1 -2  2
 -1 0 -1 -3  6 -5
  1 0  0  1 -1  1
  0 0  0  0 -1  1
  0 1  0  0  0  0
2-2;1,1,1;1 1 3
4 
#1 
6	% 
  1  1 -1  1  1 0
  0  0  0 -1  0 0
  0  0  0  0  0 1
 -1 -1  0  0 -1 0
  1  0 -1  0  1 0
  0 -1  1  0 -1 0
2-2',2-2';1;1 1 3
8 
#1 
6	% 
  0 0 0  0  0 1
  0 1 1  0 -1 0
 -1 1 0  1 -1 0
  0 1 0  1 -1 0
  0 0 1  0 -1 0
  1 0 0 -1  0 0
2-2;2-1;1;1 1 1
3 
#1 
6	% 
 0 0 1 0  0 0
 0 1 0 0  0 0
 0 0 0 1  0 0
 0 0 0 1 -1 0
 1 0 0 0  0 0
 0 0 0 0  0 1
2-1;1,1;1;1 1 4
36 
#4 
6	% 
 0 0 1 0  0  0
 0 1 0 0  0  0
 0 0 0 1 -1  1
 1 0 0 0  0  0
 0 0 0 0  1 -1
 0 0 0 1  0  1
6	% 
 0 0 1 0  0  0
 0 1 0 0  0  0
 0 0 0 0  0 -1
 1 0 0 0  0  0
 0 0 0 1  0  1
 0 0 0 0 -1 -1
6	% 
 0 0 1  0 0 0
 0 1 0  0 0 0
 1 0 0  0 1 0
 0 0 0  0 0 1
 0 0 0 -1 0 0
 0 0 0 -1 1 0
6	% 
 0 0 1 0  0 0
 0 1 0 0  0 0
 1 0 0 1 -2 0
 0 0 0 0  0 1
 0 0 0 0  1 0
 0 0 0 1 -1 0
2-1;1,1;1;1 1 1
3 
#1 
6	% 
 0 0 1 0 0 0
 0 1 0 0 0 0
 0 0 0 1 0 0
 0 0 0 0 1 0
 1 0 0 0 0 0
 0 0 0 0 0 1
3;1,1,1 2 1
1 
#1 
6	% 
 0 0 1  0  0  0
 0 1 0  0  0  0
 1 0 0  0  0  0
 0 0 0  0 -1 -1
 0 0 0 -1  0 -1
 0 0 0  1  1  1
2-2;1,1,1;1 1 2
6 
#1 
6	% 
 -1  0  0 0 0 1
 -1 -1  1 0 0 0
  1  0 -1 0 0 0
  0  0  0 1 0 0
  0  0  0 0 1 0
 -1 -1  0 0 0 0
1,1,1;1;1;1 1 5
18 
#4 
6	% 
 0 1  0 0 0  1
 0 0 -1 0 0  0
 0 0  0 0 0 -1
 1 0  0 0 0  0
 0 0  0 0 1  0
 0 0  0 1 0  0
6	% 
  0 -1 -1 0 0 0
 -1  0 -1 0 0 0
  1  1  1 0 0 0
  0  0  0 0 0 1
  0  0  0 0 1 0
  0  0  0 1 0 0
6	% 
 0 0 0  0 1  1
 0 0 0 -1 0  0
 0 0 0  0 0 -1
 1 0 0  0 0  0
 0 0 1  0 0  0
 0 1 0  0 0  0
6	% 
 0 0 0  1 0 0
 0 0 0  1 1 0
 1 0 0 -1 0 0
 0 0 0  0 0 1
 0 0 1  0 0 0
 0 1 0  0 0 0
1,1;1,1;1;1 1 4
12 
#2 
6	% 
 0  1 1 0 0  0
 0 -1 0 0 0  0
 0  0 0 0 0 -1
 1  0 0 0 0  1
 0  0 0 0 1  0
 0  0 0 1 0  0
6	% 
 0 0 0 0 0 -1
 1 0 0 0 0  1
 0 0 0 1 0  0
 0 0 0 0 1  0
 0 0 1 0 0  0
 0 1 0 0 0  0
1,1;1,1;1,1 1 1
3 
#1 
6	% 
 0  1 1  0 0  0
 0 -1 0  0 0  0
 0  0 0  1 1  0
 0  0 0 -1 0  0
 0  0 0  0 0 -1
 1  0 0  0 0  1
1,1;1,1;1;1 1 19
36 
#3 
6	% 
 -1 -1 1 0 0 0
  0  0 0 0 0 1
  1  1 0 0 0 0
  0  0 0 0 1 0
 -1  0 1 0 0 0
  0  0 0 1 0 0
6	% 
 1 0 0  1 -2 0
 0 0 0  2  0 1
 0 0 0 -1  1 0
 0 0 1  0  0 0
 0 0 0  0 -1 0
 0 1 0  0  0 0
6	% 
 1 0 0 0  1 0
 0 0 0 0  0 1
 0 0 0 1 -1 0
 0 0 1 0  0 0
 0 0 0 1  0 0
 0 1 0 0  0 0
1,1;1,1;1,1 1 2
42 
#4 
6	% 
 -1 -1 1 0 0 0
  0  0 0 1 0 0
  0  0 0 0 1 0
  0  0 0 0 0 1
  1  1 0 0 0 0
 -1  0 1 0 0 0
6	% 
 1 0  0  1 -2 0
 0 0 -1  0  0 0
 0 1  1  0  0 0
 0 0  0  2  0 1
 0 0  0 -1  1 0
 0 0  0  0 -1 0
6	% 
 1 0  0 0  1 0
 0 0 -1 0  0 0
 0 1  1 0  0 0
 0 0  0 0  0 1
 0 0  0 1 -1 0
 0 0  0 1  0 0
6	% 
 0 1 0  1 -2  0
 0 0 0  0  0 -1
 1 0 0  0  0  1
 0 0 1  1  0  0
 0 0 0 -1  1  0
 0 0 0  0 -1  0
1,1,1;1;1;1 1 10
36 
#3 
6	% 
 -1 -1  1 0  0 -1
  0  0  0 0  0  1
  1  0 -1 0  0  0
  0  0  0 0 -1  0
  0  0  0 1  0  0
 -1 -1  0 0  0  0
6	% 
 0 0  0 0  0 -1
 1 0  0 1 -2  1
 0 0  0 0  1  0
 0 0 -1 0  0  0
 0 1  0 0  0  0
 0 0  0 1 -1  0
6	% 
  0 0  0  0 1 1
 -1 0  0  0 1 0
  1 0  0 -1 0 0
  0 0 -1  0 0 0
  0 1  0  0 0 0
 -1 0  0 -1 1 0
2-2;2-2;1,1 1 3
4 
#1 
6	% 
  1  1 -1 0 0  1
  0  0  0 1 0  0
  0  0  0 0 1  0
 -1 -1  0 0 0 -1
  1  0 -1 0 0  1
  0 -1  1 0 0 -1
2-2;1,1;1,1 1 3
4 
#1 
6	% 
  1  1 -1 0 0  1
  0  0  0 1 0  0
  0  0  0 0 1  0
 -1 -1  0 0 0 -1
  1  0 -1 0 0  1
  0 -1  1 0 0 -1
1,1,1;1;1;1 1 1
4 
#2 
6	% 
 0 0 0  0 1  1
 0 0 0 -1 0  0
 0 0 0  0 0 -1
 1 0 0  0 0  0
 0 1 0  0 0  0
 0 0 1  0 0  0
6	% 
 0 0 0  1 0 0
 0 0 0  1 1 0
 1 0 0 -1 0 0
 0 1 0  0 0 0
 0 0 1  0 0 0
 0 0 0  0 0 1
2-2;1,1;1,1 1 1
3 
#1 
6	% 
 0 0 0 1  0  0
 0 0 0 1 -1  0
 0 1 0 0  0  0
 0 0 1 0  0  0
 0 0 0 0  0 -1
 1 0 0 0  0  1
1,1;1,1;1;1 1 7
36 
#3 
6	% 
 1 0 0  1 -2 0
 0 0 0  2  0 1
 0 1 0  0  0 0
 0 0 1  0  0 0
 0 0 0 -1  1 0
 0 0 0  0 -1 0
6	% 
 1 0 0 0  1 0
 0 0 0 0  0 1
 0 1 0 0  0 0
 0 0 1 0  0 0
 0 0 0 1 -1 0
 0 0 0 1  0 0
6	% 
 1 0  0  0  1 0
 0 0 -1 -2  1 0
 0 1  0  0  0 0
 0 0  0  0  0 1
 0 0  1  1 -1 0
 0 0  1  1  0 0
1,1;1,1;1;1 1 1
6 
#2 
6	% 
 0 0 0 0 0 -1
 1 0 0 0 0  1
 0 0 0 1 0  0
 0 0 0 0 1  0
 0 1 0 0 0  0
 0 0 1 0 0  0
6	% 
 0 1 0 0 0 0
 0 0 1 0 0 0
 0 0 0 1 0 0
 0 0 0 0 1 0
 1 0 0 0 0 0
 0 0 0 0 0 1
1,1,1;1;1;1 1 2
42 
#5 
6	% 
 0 0 0 0  0 -1
 1 0 0 1 -2  1
 0 1 0 0  0  0
 0 0 1 0  0  0
 0 0 0 0  1  0
 0 0 0 1 -1  0
6	% 
  0 0 0  0 1 1
 -1 0 0  0 1 0
  0 1 0  0 0 0
  0 0 1  0 0 0
  1 0 0 -1 0 0
 -1 0 0 -1 1 0
6	% 
 0 0 1  0 1 0
 0 1 0  0 1 0
 1 0 0  0 0 0
 0 0 0  0 0 1
 0 0 0 -1 0 0
 0 0 0 -1 1 0
6	% 
 0  0  0 0 1 0
 0  0  0 1 0 0
 1  0  0 0 0 0
 0  0  0 0 0 1
 0  0 -1 0 0 0
 0 -1  0 0 0 0
6	% 
 0 0 -1 0  0 0
 0 1  1 1 -2 0
 1 0  0 0  0 0
 0 0  0 0  0 1
 0 0  0 0  1 0
 0 0  0 1 -1 0
2-1;1,1;1;1 1 6
9 
#1 
6	% 
 0 1 0  0  0  0
 0 0 1  0  0  0
 0 0 0  0  0 -1
 1 0 0  0  0  1
 0 0 0 -1  0  0
 0 0 0  1 -1  0
1,1;1,1;1;1 1 2
84 
#8 
6	% 
 0 0  0 1 -1  1
 0 0 -1 0  0  0
 0 1  1 0  0  0
 1 0  0 0  0  0
 0 0  0 0  1 -1
 0 0  0 1  0  1
6	% 
 0 0  0 0  0 -1
 0 0 -1 0  0  0
 0 1  1 0  0  0
 1 0  0 0  0  0
 0 0  0 1  0  1
 0 0  0 0 -1 -1
6	% 
 -1 -1  1 0 0 0
  0  0  0 1 0 0
  0  0  0 0 1 0
  0  0  0 0 0 1
  1  0 -1 0 0 0
 -1 -1  0 0 0 0
6	% 
 1 0  0  0 1 0
 0 0 -1  0 0 0
 0 1  1  0 0 0
 0 0  0  0 0 1
 0 0  0 -1 0 0
 0 0  0 -1 1 0
6	% 
 0 1 -1 0 0  1
 0 0  0 1 0  0
 0 0  0 0 1  0
 1 0  0 0 0  0
 0 0  1 0 0 -1
 0 1  0 0 0  1
6	% 
 0 0 -1 -2 1  0
 0 0  0  0 0 -1
 1 0  0  0 0  1
 0 1  0  0 0  0
 0 0  1  1 0  0
 0 0 -1 -1 1  0
6	% 
 1 0  0 1 -2 0
 0 0 -1 0  0 0
 0 1  1 0  0 0
 0 0  0 0  0 1
 0 0  0 0  1 0
 0 0  0 1 -1 0
6	% 
 1 0 0  0 1 0
 0 0 1  0 0 0
 0 0 0  0 0 1
 0 1 0  0 0 0
 0 0 0 -1 0 0
 0 0 0 -1 1 0
1,1;1,1;1;1 1 8
72 
#4 
6	% 
 -1 -1 1 0  0  0
  0  0 0 1 -1  1
  0  0 0 0  1 -1
  1  1 0 0  0  0
 -1  0 1 0  0  0
  0  0 0 1  0  1
6	% 
 -1 -1 1 0  0  0
  0  0 0 0  0 -1
  0  0 0 1  0  1
  1  1 0 0  0  0
 -1  0 1 0  0  0
  0  0 0 0 -1 -1
6	% 
 0  1 -1  0 0 1
 1  0  0  0 1 0
 0  0  0 -1 0 0
 0 -1  0  0 0 0
 0  0 -1  0 0 0
 0  0  0 -1 1 0
6	% 
 0  1 -1 0  0 1
 1  0  0 1 -2 0
 0  0  0 0  1 0
 0 -1  0 0  0 0
 0  0 -1 0  0 0
 0  0  0 1 -1 0
2-2;2-2;1;1 1 3
4 
#1 
6	% 
  0 0 0 0  0 1
  0 0 0 1  0 0
  0 0 0 1 -1 0
  0 0 1 0  0 0
  0 1 0 0  0 0
 -1 0 0 0  0 0
2-2;1,1,1;1 1 4
4 
#1 
6	% 
  0 0 0  0  1  0
  0 0 0  0  1  1
  0 0 0 -1 -1 -1
  0 0 1  0  0  0
  0 1 0  0  0  0
 -1 0 0  0  0  0
2-1;1;1;1;1 1 3
9 
#1 
6	% 
 0 1 0 0 0 0
 0 0 1 0 0 0
 1 0 0 0 0 0
 0 0 0 0 0 1
 0 0 0 0 1 0
 0 0 0 1 0 0
1,1;1,1;1;1 1 16
144 
#8 
6	% 
 -1 -1  1 0  0 0
  0  0  0 0  0 1
  0  0  0 1  0 0
  1  0 -1 0 -1 0
  0  0  0 1 -1 0
 -1 -1  0 0 -1 0
6	% 
 1  0 0  1 -2 0
 0  0 0  0  0 1
 0  1 0  2  0 0
 0 -1 1 -4  1 0
 0  0 1 -2  0 0
 0 -1 1 -3 -1 0
6	% 
 1 0 0  0 1 0
 0 0 0  0 0 1
 0 0 1  0 0 0
 0 0 0 -1 0 0
 0 1 0  0 0 0
 0 0 0 -1 1 0
6	% 
 0  1 -1  0  0  1
 1  0  0  0  0  0
 0  0  0  0 -1  0
 0 -1  0 -1  2 -1
 0  0  0 -1  1  0
 0  0 -1 -1  2  1
6	% 
 0  1 -1 0  0  1
 1  0  0 0  0  0
 0  0  0 1  0  0
 0 -1  0 0 -2 -1
 0  0  0 1 -1  0
 0  0 -1 0 -2  1
6	% 
 -1 -1  1  0  0 0
  0  0  0  0  0 1
  0 -1 -1 -1  1 0
  1  1  0  0  0 0
  0  1  1  0 -1 0
 -1  0  1  0  0 0
6	% 
 0 0 0  0  1  1
 1 0 0  0  0  0
 0 0 1  0  0  0
 0 0 0 -1 -1 -1
 0 1 0  0  0  0
 0 0 0 -1  2  1
6	% 
 0 0  0  2 -1  1
 1 0  0  0  0  0
 0 1  0  0  2  0
 0 0  0 -1  0 -1
 0 0 -1  0 -2  0
 0 0  0  1 -1  1
1,1;1,1;1,1 1 4
72 
#4 
6	% 
  0  0  0  2 -1  1
 -1 -1  1  0  0  0
  1  0 -1  0 -1  0
  0  0  0 -1  1 -1
  0  0  0  1  0  1
 -1 -1  0  0 -1  0
6	% 
 0  1 -1  0 0  1
 1  0  0  0 1  0
 0 -1 -1 -1 0  0
 0  0  1  0 0 -1
 0  1  0  0 0  1
 0 -1 -1 -1 1  0
6	% 
 -1 -1  1  0 0 0
  0  0  0  0 2 1
  0  0  0 -1 0 0
  1  0 -1  0 0 0
 -1 -1  0  0 0 0
  0  0  0 -1 1 0
6	% 
 1 0  0 1 -2  0
 0 0  0 0  0 -1
 0 1  0 1  0  1
 0 0  0 0  1  0
 0 0  0 1 -1  0
 0 0 -1 1  0 -1
1,1,1;1;1;1 1 7
72 
#4 
6	% 
 -1 -1  1  0 -2 0
  0  0  0  0  0 1
  0  0  0 -1  0 0
  1  0 -1  0  1 0
  0  0  0 -1  1 0
 -1 -1  0  0 -1 0
6	% 
 0 1 -1 0  2  1
 1 0  0 0  0  0
 0 0  0 1  0  0
 0 0  1 0 -1 -1
 0 0  0 1 -1  0
 0 1  0 0  1  1
6	% 
 1  1 -1 1 -2 0
 0  0  0 0  0 1
 0  0 -1 0  0 0
 0 -1  1 0  1 0
 0 -1  0 0  0 0
 0  1 -1 1 -1 0
6	% 
 0  1  1 1 -2 1
 1  0  0 0  0 0
 0  0  1 0  0 0
 0 -1 -1 0  1 0
 0 -1  0 0  0 0
 0  1  1 1 -1 0
2-2;1,1;1,1 1 4
24 
#2 
6	% 
  0  0 0  2 -1  1
  0  0 0 -1  0 -1
  0  0 0 -1  1 -1
  0  0 1  0  0  0
  0 -1 0  0  0  0
 -1  0 0  0  0  0
6	% 
  0  0  0  0  1  1
  1  1 -1  1 -2 -1
 -1 -1  1 -1 -1 -1
  0  0  1  0  0  0
  0 -1  0  0  0  0
 -1  0  0  0  0  0
1,1;1,1;1;1 1 9
36 
#2 
6	% 
 0  0  0  0  0 -1
 1  0  0  0  0  1
 0  0  0 -1  0  0
 0  0 -1  0  2  0
 0  0  0 -1  1  0
 0 -1  0  0 -2  0
6	% 
 0  0  0 0  0 -1
 1  0  0 0  0  1
 0  0  1 0  0  0
 0 -1 -1 0  1  0
 0 -1  0 0  0  0
 0  1  1 1 -1  0
1,1;1,1;1,1 1 5
18 
#1 
6	% 
 0  0  0  0  0 -1
 1  0  0  0  0  1
 0  0  0 -1  0  0
 0  0 -1  0  1  0
 0  0  0 -1  1  0
 0 -1  0  0 -1  0
2-2,2-2;1,1 2 2
24 
#1 
6	% 
 0 0 0 0  0 1
 0 0 0 1  0 0
 0 0 0 1 -1 0
 0 1 0 0  0 0
 0 0 1 0  0 0
 1 0 0 0  0 0
2-2;1,1;1,1 1 2
6 
#1 
6	% 
 -1 -1 1 0 0 0
  0  0 0 0 0 1
  1  1 0 0 0 0
  0  0 0 1 0 0
  0  0 0 0 1 0
 -1  0 1 0 0 0
1,1;1,1;1;1 1 23
18 
#1 
6	% 
 1  0  0  0  0 0
 0  0  0  0  0 1
 0  1  1  0 -1 0
 0  0 -1  1  0 0
 0  1  1  1 -1 0
 0 -1  0 -1  0 0
2-2,2-2;1;1 2 3
24 
#1 
6	% 
 0  0  0  0 0 1
 0  0  0 -1 1 0
 0  0  0  0 1 0
 1  0  0  0 1 0
 0 -1  0 -1 1 0
 0  0 -1 -1 0 0
2-2,2-2;1,1 1 2
24 
#1 
6	% 
  0 0  0  0  0 1
  0 0  0  0  1 0
  0 0  0  1  0 0
  0 0 -1 -1  2 0
 -1 0  0 -2  1 0
  0 1  0 -1 -1 0
2-2,2-2;1;1 1 3
24 
#1 
6	% 
  0 0  0  0  0 1
 -1 1  0 -2  0 0
 -1 0 -1 -2  2 0
  0 1  0 -1 -1 0
  0 0  1  1 -2 0
  1 0  0  2 -1 0
1,1;1;1;1;1 1 2
24 
#4 
6	% 
 0 -1 0 0 -1 0
 1  0 0 0  0 0
 0  0 1 0  0 0
 0  0 0 0  0 1
 0  1 0 1  0 0
 0 -1 0 1 -1 0
6	% 
 0 0 0  0 2 1
 1 0 0  0 0 0
 0 1 0  0 0 0
 0 0 1  0 0 0
 0 0 0 -1 0 0
 0 0 0 -1 1 0
6	% 
 0 1 0  2 -1 0
 1 0 0  0  0 0
 0 0 1  0  0 0
 0 0 0  0  0 1
 0 0 0 -1  0 0
 0 0 0  1 -1 0
6	% 
 0 0 0  0 0 1
 1 0 0  0 0 0
 0 1 0  0 0 0
 0 0 1  0 0 0
 0 0 0  0 1 0
 0 0 0 -1 0 0
1,1;1;1;1;1 1 11
36 
#2 
6	% 
 1 0 0 0  0 0
 0 0 0 0  0 1
 0 0 0 1  0 0
 0 0 1 0 -2 0
 0 1 0 0  2 0
 0 0 0 1 -1 0
6	% 
 1  0  0  0  0 0
 0  0  0  0  0 1
 0  0 -1  0  0 0
 0 -1  1 -1  0 0
 0  1 -1  1 -1 0
 0 -1  0  0  0 0
1,1;1;1;1;1 1 3
21 
#3 
6	% 
 0 1 0  0  0 0
 0 0 1  0  0 0
 1 0 0  0  0 0
 0 0 0  0  0 1
 0 0 0 -1  0 0
 0 0 0  1 -1 0
6	% 
 0 1 0  0  0 0
 0 0 0  0  0 1
 1 0 0  0  0 0
 0 0 1  0  0 0
 0 0 0 -1  0 0
 0 0 0  1 -1 0
6	% 
 0 0 0 0 -1 0
 0 0 0 1  1 0
 1 0 0 0  0 0
 0 0 0 0  0 1
 0 0 1 0  0 0
 0 1 0 0  0 0
1,1;1;1;1;1 1 9
72 
#6 
6	% 
 0 1 -1  0  0  1
 1 0  0  0  0  0
 0 0  0 -1  0  0
 0 0  1  0  0 -1
 0 0  0  1 -1  0
 0 1  0  0  0  1
6	% 
 0 0 0  0 2 1
 1 0 0  0 0 0
 0 0 1  0 0 0
 0 0 0 -1 0 0
 0 1 0  0 0 0
 0 0 0 -1 1 0
6	% 
 1 0 0  0 1 0
 0 0 0  0 0 1
 0 0 1  0 0 0
 0 0 0 -1 0 0
 0 1 0  0 0 0
 0 0 0 -1 1 0
6	% 
 -1 -1  1  0  0 0
  0  0  0  0  0 1
  0  0  0 -1  0 0
  1  0 -1  0  0 0
  0  0  0  1 -1 0
 -1 -1  0  0  0 0
6	% 
 1 0 0 1 -2 0
 0 0 0 0  0 1
 0 0 1 0  0 0
 0 0 0 0  1 0
 0 1 0 0  0 0
 0 0 0 1 -1 0
6	% 
 0 0 0 1 -2 1
 1 0 0 0  0 0
 0 0 1 0  0 0
 0 0 0 0  1 0
 0 1 0 0  0 0
 0 0 0 1 -1 0
1,1;1;1;1;1 1 25
9 
#1 
6	% 
 0 0  0  0  0 -1
 1 0  0  0  0  1
 0 0  0 -1  0  0
 0 0 -1  0  0  0
 0 1  0  0  0  0
 0 0  0  1 -1  0
2-2;1,1;1;1 1 11
24 
#2 
6	% 
  0  0 0 0  1  1
  0  0 0 1 -2 -1
  0  0 0 1  1  1
  0  0 1 0  0  0
  0 -1 0 0  0  0
 -1  0 0 0  0  0
6	% 
  0  0 0 1  1 1
  0  0 0 0 -1 0
  0  0 0 1  0 0
  0  0 1 0  0 0
  0 -1 0 0  0 0
 -1  0 0 0  0 0
2-2;1,1;1;1 1 8
12 
#1 
6	% 
  1  1 -1  0  0  1
  0  0  0 -1  0  0
  0  0  0  1 -1  0
 -1 -1  0  0  0 -1
 -1  0  1  0  0 -1
  0 -1  1  0  0 -1
2-2;1,1;1;1 1 7
24 
#2 
6	% 
 0 0  0 0  0 1
 0 0  0 1  0 0
 0 0  0 1 -1 0
 0 0 -1 0  0 0
 0 1  0 0  0 0
 1 0  0 0  0 0
6	% 
  0 0  0 0  0 1
  0 0  0 0  1 0
  0 0  0 1 -1 0
  0 0 -1 0  0 0
  0 1  0 0  0 0
 -1 0  0 0  0 0
3;1,1;1 2 4
6 
#2 
6	% 
 0 0 1  0 0 0
 0 1 0  0 0 0
 1 0 0  0 0 0
 0 0 0  0 2 1
 0 0 0 -1 0 0
 0 0 0 -1 1 0
6	% 
 0 0 1  0 0 0
 0 1 0  0 0 0
 1 0 0  0 0 0
 0 0 0  0 0 1
 0 0 0  0 1 0
 0 0 0 -1 0 0
2-2;1,1;1;1 1 1
6 
#2 
6	% 
 0 0  0 1  0 0
 0 0  0 1 -1 0
 0 0 -1 0  0 0
 0 1  1 0  0 0
 1 0  0 0  0 0
 0 0  0 0  0 1
6	% 
 0 0 0 1  0  0
 0 0 0 1 -1  0
 0 0 0 0  0 -1
 1 0 0 0  0  1
 0 1 0 0  0  0
 0 0 1 0  0  0
2-2;1,1;1;1 1 2
12 
#2 
6	% 
 -1 -1  1 0 0 0
  0  0  0 0 0 1
  1  0 -1 0 0 0
  0  0  0 1 0 0
  0  0  0 0 1 0
 -1 -1  0 0 0 0
6	% 
 0 1 -1 0 0  1
 1 0  0 0 0  0
 0 0  1 0 0 -1
 0 0  0 1 0  0
 0 0  0 0 1  0
 0 1  0 0 0  1
1,1;1;1;1;1 1 1
1 
#1 
6	% 
 0 0 0 0 -1 0
 0 0 0 1  1 0
 1 0 0 0  0 0
 0 1 0 0  0 0
 0 0 1 0  0 0
 0 0 0 0  0 1
2-2;1,1;1;1 1 6
4 
#1 
6	% 
  0 0 0  1  0 0
  0 0 0 -1 -1 0
  0 0 0  0  0 1
  0 0 1  0  0 0
  0 1 0  0  0 0
 -1 0 0  0  0 0
3;1,1;1 2 1
1 
#1 
6	% 
 0 0 1 0  0 0
 0 1 0 0  0 0
 1 0 0 0  0 0
 0 0 0 0 -1 0
 0 0 0 1  1 0
 0 0 0 0  0 1
2-2;1,1;1;1 1 3
3 
#1 
6	% 
 0 0 0 0 0 -1
 1 0 0 0 0  1
 0 0 0 1 0  0
 0 0 0 0 1  0
 0 0 1 0 0  0
 0 1 0 0 0  0
1;1;1;1;1;1 1 2
3 
#1 
6	% 
 1 0 0 0 0 0
 0 1 0 0 0 0
 0 0 1 0 0 0
 0 0 0 0 0 1
 0 0 0 0 1 0
 0 0 0 1 0 0
1;1;1;1;1;1 1 7
9 
#1 
6	% 
 1 0 0 0 0 0
 0 0 0 0 0 1
 0 0 1 0 0 0
 0 0 0 0 1 0
 0 1 0 0 0 0
 0 0 0 1 0 0
2-2;1;1;1;1 1 7
12 
#1 
6	% 
  0  0 0 0 0 1
  0  0 0 0 1 0
  0  0 0 1 0 0
  0  0 1 0 0 0
  0 -1 0 0 0 0
 -1  0 0 0 0 0
2-2;1;1;1;1 1 1
1 
#1 
6	% 
 0 0 0 1  0 0
 0 0 0 1 -1 0
 1 0 0 0  0 0
 0 1 0 0  0 0
 0 0 1 0  0 0
 0 0 0 0  0 1
2-2;1;1;1;1 1 2
3 
#1 
6	% 
 1 0 0 0 0 0
 0 0 0 0 0 1
 0 0 1 0 0 0
 0 0 0 1 0 0
 0 0 0 0 1 0
 0 1 0 0 0 0
3;1;1;1 2 3
3 
#1 
6	% 
 0 0 1 0 0 0
 1 0 0 0 0 0
 0 1 0 0 0 0
 0 0 0 0 0 1
 0 0 0 0 1 0
 0 0 0 1 0 0
