#47

3;2-2;1 1 3
1 
#1 
6	% 
 1 0 0 0 0 0
 0 1 0 0 0 0
 0 0 1 0 0 0
 0 0 0 1 0 0
 0 0 0 0 1 0
 0 0 0 0 0 1
1,1,1,1,1,1 1 1
1 
#1 
6	% 
 1 0 0 0 0 0
 0 1 0 0 0 0
 0 0 1 0 0 0
 0 0 0 1 0 0
 0 0 0 0 1 0
 0 0 0 0 0 1
1,1,1,1,1;1 1 2
12 
#3 
6	% 
  0 0  0  1  0 -1
  0 0  1  0  0 -1
  1 1  1  1  1  0
  0 0  0  0  1 -1
 -1 0 -1 -1 -1  1
  0 1  1  1  1 -1
6	% 
  0  0  1  0 -1  0
  0 -1  0  0  0  0
  0 -1  1  0  1  1
  1  0  1  0  0  1
 -1  1 -1 -1  0 -1
  1 -1  1 -1  1  1
6	% 
 1  1 -1  1  0  1
 1  1 -1  1  1  0
 0  1 -1  1  1  1
 0  1 -1  2  0  0
 0 -2  1 -2 -1 -1
 1  1 -2  2  1  1
1,1,1,1;1,1 1 2
12 
#3 
6	% 
  0  0  1  0  0 0
  0  1  0  0  0 0
  1  1  2  2 -1 0
  0  0  0  0  2 1
 -1 -1 -1 -1  0 0
  1  1  1  1 -1 0
6	% 
  0  0  0  0 1  0
 -1  1  0 -1 0 -1
  0  0  0  1 0  0
  1  1  1  0 0  0
  0 -1 -1  0 0  0
 -1  0 -1  0 0  0
6	% 
  0  0  0 1  0  0
 -1 -1  1 0 -1 -1
  0  0  0 0  1  0
  0  0 -1 0  0  0
  1  0  1 0  0  0
  0 -1  2 0  0  0
1,1,1;1,1,1 1 1
1 
#1 
6	% 
  0 -1 -1  0  0  0
 -1  0 -1  0  0  0
  1  1  1  0  0  0
  0  0  0  0 -1 -1
  0  0  0 -1  0 -1
  0  0  0  1  1  1
2-1;1,1,1,1 1 2
3 
#1 
6	% 
  0  0  0 0 -1  1
  0  0  0 0  0  1
  1  1 -1 1  1  2
  0  1 -1 0  0  2
  1 -1  0 0  0  0
 -1  0  0 0  0 -2
1,1,1;1,1,1 1 3
27 
#2 
6	% 
  1 -1  0  0  1  1
  2  2  1  2 -1  0
 -1 -1 -1 -1  0  0
  0  1  0  0  0 -1
 -1 -1 -1 -1  1  0
  1  0  0  0  0  1
6	% 
  0  0 0  0  0  1
 -1  0 0  2 -1  0
  0  0 0 -1  1  0
 -1  0 1  0 -1 -1
  0  0 0 -1  0  0
  0 -1 0  0  1  1
1,1,1,1;1,1 1 3
27 
#2 
6	% 
  0  0  0  0  1 -1
 -1 -1 -1  0  0 -1
  0  0  0  1 -1  0
  0  1  0 -1  1  1
 -1  0  0 -1  0 -1
  0  0  0  1  0  0
6	% 
  1  0  0  0  1 -1
  1  0  0  0 -1  0
 -1  1  1 -1  0  0
  0  0 -1  0  1  1
  1 -1  0  0 -1 -1
 -1  1  1 -1  1  0
2-1;1,1;1,1 1 5
9 
#1 
6	% 
  0  0  0  0  2 1
  0 -1  0  0  0 0
 -1 -1  1 -1  0 0
  0  0  1  0  0 0
  1  0 -1  0  0 0
  1  1 -1  1 -1 0
2-1;1,1,1;1 1 3
3 
#1 
6	% 
  0 0  0  0 -1 -1
  0 0  0 -1  0 -1
  0 0  0  1  1  1
 -1 0  1  0  0  0
  0 0 -1  0  0  0
  0 1  0  0  0  0
2-1;1,1,1;1 1 6
9 
#1 
6	% 
  0  0  0 0 -1  1
  0 -1  0 0 -1 -1
  0  0  0 1  0 -1
 -1  1  0 0  0  0
  1  0 -1 0  1  1
  0  0  0 1 -1  1
2-2;1,1,1,1 1 2
5 
#2 
6	% 
 1 0 0  0 0  0
 0 1 0  0 0  0
 0 0 1  0 0  0
 0 0 0  1 0  0
 0 0 0  0 0 -1
 0 0 0 -1 1  0
6	% 
  0  0 0  0  0 -1
  0  0 0  0 -1  0
  0  0 0 -1  0  0
  1 -1 0  1  1  1
 -1  0 1 -1 -1 -1
  1  0 0  1  1  1
2-2',2-2';1,1 1 3
8 
#1 
6	% 
  0  1 -1 -1  1  0
  0 -1  0  0  0  1
  0  0 -1 -1  0  0
 -1  1  0 -1  0 -1
 -1  0  0  0 -1  0
 -1  0  1  1 -1 -1
2-2;1,1,1;1 1 5
21 
#3 
6	% 
  0 0 1  0 0 0
  0 1 0  0 0 0
 -1 0 0  0 0 0
  0 0 0  1 0 0
  0 0 0  0 0 1
  0 0 0 -1 1 0
6	% 
 0  0  0  0 -1 1
 0  0  0 -1  0 0
 0  0  0 -1  1 0
 1  0 -1  0  2 0
 1 -1  0  0  2 0
 1  0  0  0  2 0
6	% 
 -1 0 0  0  0  0
  0 0 1  0  0  0
 -1 1 0  0  0  0
  0 0 0 -1  0  0
  0 0 0  0  0 -1
  0 0 0  1 -1  0
1,1,1,1;1;1 1 4
9 
#2 
6	% 
  1  1 -1  1  0  0
  0  0  0  1 -1  0
 -2 -2  2 -3  0 -1
  1  1 -1  2  0  0
 -1  0  1 -1  0  0
 -1  0  0 -1  0  0
6	% 
 0  0 -1  0  1  0
 0  0 -1 -1  0 -1
 0  0  1  1 -1  0
 0  0 -1  0  0  0
 1  0  0  0  0  0
 0 -1  1  0  0  0
1,1,1;1,1;1 1 10
54 
#3 
6	% 
  0 0  2  1  1  1
  0 0  1  1  1  1
  0 0 -4 -4 -3 -3
  0 0  1  0  1  0
  0 1  0  1  0  1
 -1 1  0  0  0  0
6	% 
  0  0  0  0 -1 0
 -1 -1  1  0 -3 0
  2  2 -2  0  6 1
  0  0 -1 -1  0 0
 -1  0  1  1 -2 0
 -1  1  0  0  0 0
6	% 
  0  0  0  0 -1 0
 -1  1  0  0 -3 0
  2 -2  0  0  6 1
  0  0  1  1 -1 0
 -1  0 -1 -1 -1 0
 -1 -1  1  0  0 0
1,1,1;1,1;1 1 4
12 
#3 
6	% 
  0 0 0  1 0 1
  0 0 0  1 0 0
  0 0 0 -1 1 0
  0 1 1  0 0 0
  0 0 1  0 0 0
 -1 1 0  0 0 0
6	% 
  0 -1 -1  0 0 0
 -1  0 -1  0 0 0
  1  1  1  0 0 0
  0  0  0 -1 2 1
  0  0  0  0 2 1
  0  0  0 -2 1 0
6	% 
  0  0 0  1 0 1
  0  0 0  1 0 0
  0  0 0 -1 1 0
  0 -1 1  0 0 0
  0  0 1  0 0 0
 -1 -1 1  0 0 0
1,1,1;1,1;1 1 7
54 
#4 
6	% 
 1 1 0  0  0  0
 0 0 0 -1  1 -1
 0 0 1  2 -2  2
 0 0 0  1  1  0
 0 0 0  2  1  1
 1 0 0  0  0  0
6	% 
 -1  1 1  0  0  0
  0  2 0  2 -1  0
  0 -5 0 -4  2  0
  0  1 0  1 -2 -1
  0  0 0  0 -2 -1
 -1  1 0  0  0  0
6	% 
 0  0 0 0 -1 0
 0 -1 0 0  0 0
 0  2 0 0  2 1
 1 -1 0 0  0 0
 1 -1 1 0  0 0
 0  0 0 1 -1 0
6	% 
  0  0  0  0  1 0
  1  1 -1  0  2 0
 -1 -1  1  0 -3 1
  1  0  0  0  1 0
  0  0 -1  0  0 0
  0  0  0 -1  1 0
1,1,1,1;1;1 1 5
27 
#2 
6	% 
  1  1  1  0 1  1
  1  1  2  0 0  1
  1  0  1  0 0  1
 -1 -1 -2 -1 0 -1
  1  1  2 -1 1  1
  0 -1 -1  0 0 -1
6	% 
  1  0 -1  0  1 1
  1  0 -1  0  1 0
  1  0  0  0  1 0
 -1  0  1 -1 -1 0
  1  0 -1 -1  2 0
  0 -1  1  0 -1 0
1,1;1,1;1,1 1 4
27 
#2 
6	% 
 1 -1  1 0  0  0
 0  0  0 0 -2 -1
 0  1  0 1  1  1
 0  1 -1 0  0  0
 0  0  1 0  0  0
 0  1  0 1 -2 -1
6	% 
 -1  1 -2  0 0 0
  0  0  0  0 2 1
  0  0  0 -1 0 0
  0 -1  1  0 0 0
 -1  0  0  0 0 0
  0  0  0 -1 1 0
2-2;1,1,1;1 1 4
5 
#2 
6	% 
  0 -1 -1  0 0  0
 -1  0 -1  0 0  0
  1  1  1  0 0  0
  0  0  0  1 0  0
  0  0  0  0 0 -1
  0  0  0 -1 1  0
6	% 
  0 0  0 1  0  1
  0 0  0 0 -1  0
  0 0  0 0  0 -1
 -1 1  0 0  0  0
  1 0 -1 0  0  0
 -1 0  0 0  0  0
2-2;1,1;1,1 1 4
21 
#3 
6	% 
 0  0  0  0  1  1
 0  0  0  1 -2 -1
 0  0  0 -1 -1 -1
 1  0 -1  0  0  0
 1 -1  0  0  0  0
 1  0  0  0  0  0
6	% 
 0 0 1  0  0  0
 0 1 0  0  0  0
 1 0 0  0  0  0
 0 0 0 -1  0  0
 0 0 0  0  0 -1
 0 0 0  1 -1  0
6	% 
  1 -1  2  0  0  0
  0  1 -2  0  0  0
 -1  0 -1  0  0  0
 -1 -1  1 -1  0  0
 -1 -1  1  0  0 -1
 -1 -1  1  1 -1  0
1,1;1,1;1;1 1 8
27 
#2 
6	% 
  0  0 0 0  2 1
  1 -1 1 0  0 0
 -1  0 0 0  0 0
  0  0 0 1 -1 0
  0  0 0 1  0 0
  1 -1 0 0  0 0
6	% 
 0  0 0 0  2 1
 0 -1 0 0  0 0
 0  0 1 0  0 0
 0  0 0 1 -1 0
 0  0 0 1  0 0
 1 -1 0 0  0 0
2-2;2-2;1;1 1 12
4 
#1 
6	% 
  0 0 0 1  0 0
  0 0 0 0  0 1
  0 0 0 1 -1 0
 -1 1 0 0  0 0
 -1 0 1 0  0 0
 -1 0 0 0  0 0
2-2;2-1;1,1 1 4
3 
#1 
6	% 
  0  1 0  0 0 0
 -1 -1 1  0 0 0
  1  0 0  0 0 0
 -1 -1 1 -1 1 0
 -1 -1 1  1 0 0
 -1 -1 1  0 0 1
2-2,2-2;1;1 2 5
24 
#1 
6	% 
 -1  1 0  0  1 -1
  0 -1 0 -2  1  1
 -1  0 0 -2  1 -1
 -1  0 1 -1  1 -1
  0 -1 1 -1  0  1
  0  0 1  2 -1  0
1,1;1,1;1;1 1 20
27 
#2 
6	% 
  0  0  0  0  1  1
 -2 -2  2 -1 -1 -1
  1  1 -1  0  0  0
  0 -1  0  0  0  0
 -2 -2  2 -1  2  1
 -1  0  0  0  0  0
6	% 
 0 0  0  0 2 1
 0 0  0 -1 0 0
 0 0 -1  0 0 0
 1 0  0  0 0 0
 0 0  0 -1 1 0
 0 1  0  0 0 0
1,1,1;1;1;1 1 6
3 
#1 
6	% 
  0  0  0  0 1  1
  0  0  0 -1 0  0
  0  0  0  0 0 -1
 -1 -1  1  0 0  0
  1  0  0  0 0  0
  1  0 -1  0 0  0
1,1,1;1;1;1 1 8
27 
#2 
6	% 
  1 -1  0 0  2  1
 -1  1  0 1 -2 -2
  1  0 -1 0  1  1
  0  0 -1 0  0  0
  1 -1  0 1  1  2
  0  1 -1 0 -1 -1
6	% 
 0  0  0  0  0 -1
 0  0  0 -1  0  1
 1  0 -1  0  1  0
 0  0 -1  0  0  0
 0  0  0 -1  1 -1
 0 -1  0  0 -1  0
1,1,1,1;1;1 1 6
3 
#1 
6	% 
 0  0  0  1  0 -1
 0  0  0  1  0  0
 0  0  0  0  1  0
 0  0 -1 -1 -1  0
 1  0  0  1  1  0
 0 -1  0  0  0  0
1,1,1;1,1;1 1 11
18 
#1 
6	% 
  1 -1  1  2  0  0
 -1  1 -1  1 -1 -1
  1 -1  1 -3  2  2
  0 -1  1  1  0  0
 -1  0  0  1 -1  0
  0  0  1  1  0  0
2-2,2-2;1,1 1 3
24 
#1 
6	% 
  0 1 -1  1  0  1
  0 0 -1  0  1  0
 -1 0  1  1 -1 -1
  0 0  0  0  0 -1
  0 0  0 -1  0  0
  0 0  0  1 -1  0
2-1;1,1;1;1 1 15
9 
#1 
6	% 
  0  0 0  0 2 1
  0  1 0  0 0 0
  0  0 0 -1 0 0
  1 -1 0  0 0 0
 -1  0 1  0 0 0
  0  0 0 -1 1 0
2-2;2-1;1;1 1 7
3 
#1 
6	% 
 -1 0  1  0 0 0
  1 1 -1  0 0 0
 -1 0  0  0 0 0
  0 0  0  1 0 0
  0 0  0  0 0 1
  0 0  0 -1 1 0
3;1,1,1 1 1
1 
#1 
6	% 
 0 0 1  0  0  0
 0 1 0  0  0  0
 1 0 0  0  0  0
 0 0 0  0 -1 -1
 0 0 0 -1  0 -1
 0 0 0  1  1  1
1,1,1;1;1;1 1 14
1 
#1 
6	% 
  0 0  0  0 -1 -1
  0 0  0 -1  0 -1
  0 0  0  1  1  1
  0 0 -1  0  0  0
  0 1  0  0  0  0
 -1 0  0  0  0  0
1,1;1,1;1;1 1 26
9 
#1 
6	% 
  0  0  0 -1  0 0
  0  0  0  2  0 1
  0  0  0 -1 -1 0
  0  1 -1  0  0 0
  0 -1  0  0  0 0
 -1  1  0  0  0 0
1,1,1;1;1;1 1 16
9 
#1 
6	% 
  0  0  0 0 -1  1
 -1 -1  1 1 -4  1
  1  1 -1 1  3 -1
  0 -1  1 0 -2  1
 -1  0  1 0 -2  1
  0  0  1 0  0  0
2-2;2-2;1,1 1 8
4 
#1 
6	% 
 -1 1 0  0 0 0
 -1 0 1  0 0 0
  1 0 0  0 0 0
  0 0 0  1 0 0
  0 0 0  0 0 1
  0 0 0 -1 1 0
2-2;1,1;1;1 1 9
9 
#2 
6	% 
  0  1 -1  0  0  0
  0  0  1  0  0  0
 -1  0  0  0  0  0
 -1 -1  1 -1  0  0
 -1 -1  1  0  0 -1
 -1 -1  1  1 -1  0
6	% 
 -1 0  1  0  0  0
  1 1 -1  0  0  0
 -1 0  0  0  0  0
  0 0 -1 -1  0  0
  0 0 -1  0  0 -1
  0 0 -1  1 -1  0
2-2;1,1;1;1 1 11
21 
#3 
6	% 
  0 0 1  0 0 0
  0 1 0  0 0 0
 -1 0 0  0 0 0
  0 0 0  1 0 0
  0 0 0  0 0 1
  0 0 0 -1 1 0
6	% 
  0 0 0 0  1  1
  0 0 0 1 -2 -1
  0 0 0 1  1  1
 -1 0 1 0  0  0
 -1 1 0 0  0  0
 -1 0 0 0  0  0
6	% 
 1 -1  2  0 0 0
 0  1 -1  0 0 0
 1  0  0  0 0 0
 0  0  0  1 0 0
 0  0  0  0 0 1
 0  0  0 -1 1 0
1,1;1;1;1;1 1 10
9 
#1 
6	% 
 0  0  0 -1 0  0
 0  0  0  1 1  0
 0 -1  0  0 0  0
 0  0 -1  0 0  0
 0  0  0 -2 0 -1
 1  0 -1  0 0  0
3;1,1;1 1 4
3 
#1 
6	% 
 0 0 0  0 2 1
 0 0 0 -1 0 0
 0 0 0 -1 1 0
 0 1 0  0 0 0
 1 0 0  0 0 0
 0 0 1  0 0 0
1,1;1;1;1;1 1 38
3 
#1 
6	% 
 0  0 0  0 2 1
 0  0 0 -1 0 0
 0  0 0 -1 1 0
 0 -1 0  0 0 0
 0  0 1  0 0 0
 1  0 0  0 0 0
2-2;1;1;1;1 1 9
3 
#1 
6	% 
 -1 0  1  0 0 0
  1 1 -1  0 0 0
 -1 0  0  0 0 0
  0 0  0  1 0 0
  0 0  0  0 0 1
  0 0  0 -1 1 0
2-2;1,1;1;1 1 17
3 
#1 
6	% 
 -1 1 0  0 0 0
 -1 0 1  0 0 0
  0 0 0  0 0 1
  1 0 0  0 0 0
  0 0 0 -1 1 0
  0 0 0  1 0 0
2-2;1;1;1;1 1 17
1 
#1 
6	% 
 0  0 -1  0 0 0
 1  0 -1  0 0 0
 0  0  0  1 0 0
 0 -1  1  0 0 0
 0  0  0  0 0 1
 0  0  0 -1 1 0
