#10

1,1;1;1;1;1 1 1
1 
#1 
6	% 
 1 0 0 0 0 0
 0 1 0 0 0 0
 0 0 1 0 0 0
 0 0 0 1 0 0
 0 0 0 0 1 0
 0 0 0 0 0 1
1,1,1,1,1,1 1 1
1 
#1 
6	% 
 1 0 0 0 0 0
 0 1 0 0 0 0
 0 0 1 0 0 0
 0 0 0 1 0 0
 0 0 0 0 1 0
 0 0 0 0 0 1
1,1,1,1;1,1 1 1
7 
#2 
6	% 
 0  0 -1 -1  0 -1
 0  0  0 -1 -1 -1
 0  0 -1  0 -1 -1
 0  0  1  1  1  1
 0 -1  0  0  0  0
 1  1  0  0  0  0
6	% 
  0 -1 0  0 -1 -1
 -1  0 0  0 -1 -1
 -1 -1 0  0  0 -1
  1  1 0  0  1  1
  0  0 0 -1  0  0
  0  0 1  1  0  0
1,1,1,1,1;1 1 1
4 
#1 
6	% 
  0  0 0  0 -1  0
 -1  0 0 -1 -1 -1
 -1 -1 0  0 -1 -1
  0 -1 0 -1  0 -1
  1  1 0  1  1  1
  0  0 1  0  0  0
1,1,1;1,1,1 1 1
4 
#1 
6	% 
  0 -1 -1  0  0  0
 -1  0 -1  0  0  0
  1  1  1  0  0  0
  0  0  0  0 -1 -1
  0  0  0 -1  0 -1
  0  0  0  1  1  1
1,1,1;1,1;1 1 1
16 
#2 
6	% 
 0  0 0  1 0 1
 0  0 0  1 0 0
 0  0 0 -1 1 0
 0 -1 0  0 0 0
 1  1 0  0 0 0
 0  0 1  0 0 0
6	% 
  0 -1 0 0  0 -1
 -1  0 0 0  0 -1
  1  1 0 0  0  1
  0  0 0 0 -1  0
  0  0 0 1  1  0
  0  0 1 0  0  0
1,1;1,1;1,1 1 1
3 
#1 
6	% 
 0 -1 0  0 0  0
 1  1 0  0 0  0
 0  0 0  1 1  0
 0  0 0 -1 0  0
 0  0 0  0 0 -1
 0  0 1  0 0  1
1,1,1,1;1;1 1 1
6 
#1 
6	% 
  0 -1 0 0 -1 -1
 -1  0 0 0 -1 -1
 -1 -1 0 0  0 -1
  1  1 0 0  1  1
  0  0 1 0  0  0
  0  0 0 1  0  0
1,1;1,1;1;1 1 1
6 
#1 
6	% 
 0 -1 0 0  0 0
 1  1 0 0  0 0
 0  0 0 0  1 1
 0  0 0 0 -1 0
 0  0 1 0  0 0
 0  0 0 1  0 0
1,1,1;1;1;1 1 1
4 
#1 
6	% 
  0 -1 0 0 0 -1
 -1  0 0 0 0 -1
  1  1 0 0 0  1
  0  0 1 0 0  0
  0  0 0 1 0  0
  0  0 0 0 1  0
