#35

2-2;2-2;1;1 1 6
1 
#1 
6	% 
 1 0 0 0 0 0
 0 1 0 0 0 0
 0 0 1 0 0 0
 0 0 0 1 0 0
 0 0 0 0 1 0
 0 0 0 0 0 1
1,1,1,1,1,1 1 1
1 
#1 
6	% 
 1 0 0 0 0 0
 0 1 0 0 0 0
 0 0 1 0 0 0
 0 0 0 1 0 0
 0 0 0 0 1 0
 0 0 0 0 0 1
1,1,1,1,1;1 1 2
8 
#2 
6	% 
  1 0  0 0 0  0
  1 0  1 0 0  0
  1 0  1 1 0  1
  1 1  2 0 1 -1
 -1 0 -2 0 0  1
  1 0  2 0 1  0
6	% 
  0  0  0  1  0 -1
  0  0  1  0  0 -1
  1 -1  1  1  1  0
  0  0  0  0  1 -1
 -1  0 -1 -1 -1  1
  0 -1  1  1  1 -1
1,1,1,1;1,1 1 3
30 
#3 
6	% 
  0  1 0  0  0  0
 -1  0 0 -1  0 -1
 -1 -1 0  0 -1  0
  1  0 1  2  1  1
 -1  0 1  1  1  0
  1  1 0 -1  0  0
6	% 
  0  0 0  1 1  0
  1 -1 1  1 0  1
  0 -1 0  0 0  1
  0  1 0 -1 0 -1
  1  0 0  1 0  1
 -1  0 0  0 1  0
6	% 
 1  0  0  0  0  0
 0 -1  0  1  1  0
 0  1  1 -1  1 -1
 0  0  0  1 -1  1
 0  0  0  2  0  1
 0 -1 -1 -3  0 -2
1,1,1;1,1,1 1 2
6 
#1 
6	% 
 -1  1  0  0  0 0
  0  1  0  1  0 1
  0  0  0 -1 -1 0
  0  0 -1  0  1 0
  0 -1  1  0  0 0
  0  1  1  1  0 1
1,1,1,1;1,1 1 1
1 
#1 
6	% 
 0  0 -1 -1  0 -1
 0  0  0 -1 -1 -1
 0  0 -1  0 -1 -1
 0  0  1  1  1  1
 0 -1  0  0  0  0
 1  1  0  0  0  0
1,1,1;1,1,1 1 4
18 
#1 
6	% 
  1  1  1  1 0  1
  0  1  1  0 0  0
 -1 -1 -1  1 0  0
  1  1  1  0 0  0
 -1 -1 -1 -1 1 -1
  1  0  1  1 0  1
2-2;1,1,1,1 1 2
2 
#1 
6	% 
  1 0 0  0 0  0
  1 1 0 -1 0 -1
  0 0 0  1 0  1
 -1 0 0  0 0  1
  1 0 0  0 1  0
 -1 0 1  1 0  1
2-2',2-2';1,1 1 1
2 
#1 
6	% 
 0  0  0 -1 -1  0
 0  0  0 -1 -1 -1
 0  0 -1  0  1  0
 0  0 -1  0  0  0
 0 -1  0  0  0  0
 1  1  0  0  0  0
1,1,1;1,1;1 1 9
30 
#2 
6	% 
 0 0  0 -1 0 -1
 1 0  0  0 0  0
 0 1  0  2 0  2
 0 0  1  0 0  0
 0 0 -1 -1 0  0
 0 0  0  0 1  1
6	% 
  0  0  0  1 0 -1
  0  0  1  1 0  0
  0  0 -1 -1 1  1
  0  0  0  0 0 -1
  0 -1  0  2 0  2
 -1 -1  0  0 0  0
2-2;1,1,1;1 1 5
10 
#2 
6	% 
  1  0  0  0  0  0
  1 -2 -1 -1 -1 -1
 -1  2  1  1  0  0
 -2  3  1  1  1  0
 -2  3  1  2  1  1
 -2  3  2  1  0  1
6	% 
 0  0 -1 -1 -1 -1
 0  1  0  0  0  0
 1  0  0  0  0  0
 1 -1  0  0  1  0
 1 -1  1  0  0  1
 1 -1  0  1  1  1
1,1,1;1,1;1 1 2
6 
#1 
6	% 
 0 0  2  0  1 -1
 0 0  1  0  0  0
 0 0 -3 -1 -1  0
 1 0  0  0  0  0
 0 1  0  0  0  0
 0 0  1  0  1  0
1,1,1,1;1;1 1 5
21 
#2 
6	% 
  1  0  1  1  0  1
  0  1  1  1  0  1
  1  1  1  1  0  0
 -1 -1 -1 -2 -1 -1
  1  1  2  1  0  1
 -1 -1 -1 -1 -1 -1
6	% 
  0  0  0  1 0  1
  0  0 -1  0 0  0
 -1  1 -1  1 0  2
  0 -1  1 -1 0 -1
 -1  0 -1  1 0  1
  1 -1  1 -1 1 -1
1,1,1;1,1;1 1 12
72 
#3 
6	% 
 0  0 -2  0  1 -1
 1 -1 -2 -1  0 -1
 0  0  6  1 -2  3
 1  0 -1  0  0  0
 0  0  3  0 -1  1
 0  0 -1  0  1  0
6	% 
 -1  1  0  0  0  0
  0  0  0  1  0  1
  2 -2  0 -2  1 -1
  0  0 -1 -1 -1  0
  1 -1  1  0  1  0
 -1  0  0  0  0  0
6	% 
 -1  1  0 0  0  0
  0  0  0 0  0 -1
  2 -2  1 1 -1  2
  0  0 -4 1  1 -2
  1 -1  3 0 -1  2
 -1  0  0 0  0  0
2-2',2-2';1;1 1 2
2 
#1 
6	% 
 0 0  0 -1  0  1
 0 0 -1 -1 -1  0
 0 0 -1 -1  0  0
 0 0 -1 -1 -1 -1
 0 1  0  0  0  0
 1 0  0  0  0  0
1,1,1,1;1;1 1 3
1 
#1 
6	% 
 0 0 -1 -1  0 -1
 0 0  0 -1 -1 -1
 0 0 -1  0 -1 -1
 0 0  1  1  1  1
 0 1  0  0  0  0
 1 0  0  0  0  0
2-2;1,1,1;1 1 6
6 
#1 
6	% 
  1  0  0  0  0  0
  1 -1  0  0  0  0
  0  0  1  0  0  0
  1  0  0 -1  0  0
  0  0  0 -1 -1  0
 -1  0 -1  0  0 -1
2-2,2-2;1,1 2 1
6 
#1 
6	% 
 0  0  1  0 -1 -1
 0  0  2  1  0  1
 0  0 -1 -1 -1 -1
 0  0  0  0 -1 -1
 0 -1  0  0  0  0
 1  1  0  0  0  0
1,1;1,1;1,1 1 5
9 
#1 
6	% 
 0 -1  0  0  0  0
 1  1  0  0  0  0
 0  0 -1 -1 -1  0
 0  0  1  0  1  0
 0  0 -1 -2 -1 -1
 0  0  1  2  0  1
1,1;1,1;1,1 1 10
18 
#1 
6	% 
  0  0 -1 -1  0 -1
 -1  0  0 -1 -1 -2
  1  1  1  1  2  2
  0  0 -1  0  0  0
  1  1 -1 -1  1  1
  0 -1  0  1 -1  0
2-2;1,1;1,1 1 6
12 
#1 
6	% 
 -1  1 -1 -1 -1 -1
  1 -1  1  1  0  0
  0 -1  1  1 -1  0
  1 -1  2  1  0  1
 -1  1 -1 -1 -1  0
  1  0  0  1  2  1
1,1;1,1;1;1 1 25
36 
#1 
6	% 
  0  0 -1 -1  0 -1
  0  0  0  1  0  0
  0 -1  1  0 -1  1
  0  0  0  1  1  0
 -1  0 -1  0  1 -1
  0  0  0 -1 -1 -1
1,1,1;1;1;1 1 10
6 
#1 
6	% 
 0  0  0 1  0  1
 0  0 -1 0 -1  1
 0  0  1 0  0 -1
 0 -1  0 0  0  0
 1  0  0 0  0  0
 0  0 -1 0 -1  0
1,1,1;1;1;1 1 15
18 
#1 
6	% 
 0 1 0  0  0  0
 0 0 0 -1 -1  0
 0 0 0  0 -1  0
 1 0 0  0  0  0
 0 0 0  0  0 -1
 0 0 1  0  0  0
2-2;1,1;1,1 1 3
2 
#1 
6	% 
 0  0 1  1  1  1
 0 -1 0  0  0  0
 1  1 0  0  0  0
 0  0 0  0 -1  0
 0  0 1  0  0  1
 0  0 0 -1 -1 -1
1,1;1,1;1;1 1 9
9 
#1 
6	% 
 0 -1 0 0 0 0
 1  1 0 0 0 0
 0  0 0 0 1 1
 0  0 0 1 0 0
 0  0 1 1 0 0
 0  0 0 0 0 1
1,1;1,1;1;1 1 34
9 
#1 
6	% 
 0 0  0  1  3 -1
 0 0  0 -1 -2  1
 0 1  0  0  0  0
 0 0  1 -1 -3  0
 0 0 -1  2  4  0
 1 0  0  0  0  0
2-2,2-2;1;1 2 2
6 
#1 
6	% 
 0 0  1  0 -1 -1
 0 0 -1 -1 -1 -2
 0 0  1  1  1  1
 0 0  1  1  0  0
 0 1  0  0  0  0
 1 0  0  0  0  0
2-2;2-2;1,1 1 2
1 
#1 
6	% 
 0 -1  0  0 0  0
 1  1  0  0 0  0
 0  0 -1  0 0 -1
 0  0  1  1 1  1
 0  0 -1 -1 0 -1
 0  0  1  0 0  0
2-2;1,1;1;1 1 12
6 
#1 
6	% 
 1 0 0  0  0 0
 0 1 0  0  0 0
 0 0 1  0  0 1
 0 0 0 -1 -1 0
 0 0 1  0  0 0
 0 0 0  1  0 0
2-2;1,1;1;1 1 16
12 
#1 
6	% 
 0 1  0  0  0  0
 1 0  0  0  0  0
 0 0  0 -1  0  0
 0 0  0 -1 -1  0
 0 0  1  0  0  0
 0 0 -1  0  0 -1
1,1;1;1;1;1 1 28
9 
#1 
6	% 
 0 0 -1 0 0 0
 0 0  0 0 1 0
 0 1  0 0 0 0
 0 0  0 1 1 0
 1 0  0 0 0 0
 0 0  0 0 0 1
2-2;1,1;1;1 1 8
2 
#1 
6	% 
 0 0  1  1  1  1
 0 1  0  0  0  0
 1 0  0  0  0  0
 0 0  0  0 -1  0
 0 0 -1  0  0 -1
 0 0  0 -1 -1 -1
2-2;1,1;1;1 1 18
12 
#1 
6	% 
 -1  0  0 -2  0 -2
  0 -1  0  2  0  2
  0  0  0 -1 -1  0
  0  0  1  0 -1  0
  1 -1 -1  4  1  3
 -1  1  0 -4 -1 -4
2-2;1;1;1;1 1 14
6 
#1 
6	% 
 0 1  0  0  0  0
 1 0  0  0  0  0
 0 0  0 -1 -1  0
 0 0  0  0  0  1
 0 0  1  1  0  1
 0 0 -1  0  0 -1
