#51

4-1;1;1 1 6
1 
#1 
6	% 
 1 0 0 0 0 0
 0 1 0 0 0 0
 0 0 1 0 0 0
 0 0 0 1 0 0
 0 0 0 0 1 0
 0 0 0 0 0 1
1,1,1,1,1,1 1 1
1 
#1 
6	% 
 1 0 0 0 0 0
 0 1 0 0 0 0
 0 0 1 0 0 0
 0 0 0 1 0 0
 0 0 0 0 1 0
 0 0 0 0 0 1
1,1,1,1,1;1 1 2
8 
#2 
6	% 
  0  0  0 0 -1  0
 -1  0  0 0  0  0
 -1  0  1 0 -1  0
 -1  0  0 0 -1  1
  1 -1 -1 0  1 -1
 -1  0  1 1 -1  1
6	% 
  1  0  1  0 1 1
  0 -1  0  0 0 0
  0 -1  1  0 0 0
  1  0  1  0 0 1
 -1  1 -1 -1 0 0
  1 -1  1 -1 0 1
2-1;1,1;1,1 1 11
16 
#2 
6	% 
  0 -1 0  0  0  2
 -1  0 0  0 -1  0
  1  0 1  0  1  0
  0  1 0  1  0 -2
  0  1 0 -1  0 -1
 -1  0 1  0  0  0
6	% 
 0  0 0  0  0 1
 0  0 0  0 -1 0
 0  0 1  0  0 0
 0 -1 0  0  0 1
 0  0 0 -1  0 1
 1  0 0  0  0 0
2-1;1,1,1,1 1 2
2 
#1 
6	% 
  1  0  0  0 -1  0
  1  0  0  0  0  0
  0  0 -1  0 -1 -1
  1 -1 -1  0 -1  0
  0  1  0 -1  0  0
 -1 -1  1  0  1  1
1,1,1,1;1,1 1 3
17 
#4 
6	% 
  1  0 0  0 0  0
  0 -1 0  0 0 -1
 -1  0 1 -1 0  0
  0  0 0  1 0  0
  0  0 0  1 0 -1
  1  0 1 -1 1  1
6	% 
 -1 -1  0 -1 -1 -1
  0  0  0  0  0 -1
  1  0 -1  1  0  0
  0  0  1  0  0  1
  0  0  1  0  1 -1
 -1 -1 -1  0 -1  0
6	% 
  1  0 1  0  0  0
  2 -1 0 -1 -1  1
  0 -1 0  0 -1  0
 -1  1 0  1  1 -1
  1 -1 0 -1  0  1
  0  1 0  0 -1 -1
6	% 
  1 1  1  1  0  1
  0 0  0  0 -1  0
 -1 0  0 -1  0  0
  1 0  0  0  0 -1
  0 0 -1  0 -1  1
  0 1  1  0  1  0
1,1,1;1,1,1 1 4
8 
#1 
6	% 
  0 -1 -1  0  0  2
  0 -1 -1 -1 -1  2
  0  1  1  1  0 -2
  1  0  0 -1  1  1
 -1  0  1  1  0 -1
  1  0 -1 -1  0  0
2-1;1,1,1;1 1 6
8 
#2 
6	% 
 1 0  0  0 -1  0
 0 0  0 -1 -1  0
 0 0 -1  0  0  0
 0 1  0  1  0 -1
 0 0  0 -1  1  1
 0 0 -1  0 -1  0
6	% 
 0 0  0  0  1 -1
 0 0 -1  0 -1  0
 0 1  0  0  0  1
 1 0  1  0  0  0
 0 0 -1  0  0  0
 0 0  0 -1  0 -1
1,1,1;1,1,1 1 3
8 
#2 
6	% 
  0 -1  0 -1  0  1
  0  0 -1  0  0  0
  1  0  1  0 -1  0
 -1  0 -1  1  0 -1
 -1  0  1  0  0  0
  1  0 -1 -1 -1  0
6	% 
  0 0 0 0  0  1
 -1 0 1 0  1  0
  1 0 0 0  0  0
  0 1 0 0  0  0
  1 0 0 0 -1  0
  0 0 0 1  0 -1
2-1',2-1';1,1 1 3
2 
#1 
6	% 
  0 -1 -2 1 -1  0
 -1  1  1 0  2  0
  0  0  1 0  0  0
  1  0  1 0  0  0
 -1  1  1 0  0 -1
  1  0  0 0 -1  0
2-1',2-1';1;1 1 7
4 
#1 
6	% 
  0  1  0 1  0 -1
 -1  0  1 0  1  0
  0  0 -1 0  0  0
  0 -1  0 0  0  0
  0 -1  0 0  0  1
  0  0 -1 0 -1  0
2-1;1,1;1,1 1 5
2 
#1 
6	% 
 -1 0 1  0  1  0
  0 0 0 -1 -1  0
  1 0 0  0  0  0
  0 1 0  1  0 -1
  0 0 0 -1  1  1
  1 0 0  0 -1  0
1,1,1,1;1,1 1 2
2 
#1 
6	% 
 0  0 1 0  0  1
 0  0 0 0 -1  0
 1  0 0 0  1  1
 0 -1 0 1  0  0
 0  1 0 0  0 -1
 0  1 0 0  0  0
1,1,1,1;1;1 1 5
16 
#3 
6	% 
  0  1  1  1 1  1
  0  1  2  1 0  1
  0  1  1  0 0  1
 -1 -1 -2 -1 0 -1
 -1  1  2  1 1  1
  0  0 -1 -1 0 -1
6	% 
  0  0 0  0 -1  0
  1  1 1  1  0  1
  0  1 0  0  0  1
 -1 -1 0 -1  1 -2
  0  1 1  1  0  2
  0  0 0 -1  0 -1
6	% 
 0  0 1  0  1  1
 0 -1 0  0  2  1
 1 -1 0  0  2  1
 0  1 0 -1 -3 -1
 0 -1 0 -1  3  2
 1  1 0  0 -3 -1
1,1,1;1,1;1 1 7
8 
#2 
6	% 
  0 1 0 1  2 0
  0 0 0 0 -1 0
  0 0 0 0  1 1
 -1 0 0 0  0 0
 -1 0 1 0  1 0
  0 1 0 0  1 0
6	% 
  0 0 0  0  2 1
  0 0 0  0  1 0
  0 1 0  0 -2 0
 -1 0 0  0  1 0
 -1 0 1  0  1 0
  0 0 0 -1  1 1
1,1,1,1;1;1 1 4
2 
#1 
6	% 
 0  0  1 0 0  0
 1  0  0 0 0  0
 0  0 -3 0 1 -1
 0  0  2 0 0  1
 0 -1 -1 0 0  0
 0  0 -1 1 0 -1
1,1,1;1,1;1 1 10
20 
#3 
6	% 
  0  0 0 0  1  0
  2  0 0 0 -2 -1
 -3  0 0 0  3  2
  0  0 1 0  1  0
  1  0 0 1 -1 -1
  0 -1 0 1  0  0
6	% 
 0  0  2  0  1  0
 0 -1  2 -1  1  1
 1  1 -5  1 -3 -1
 0  0  1  0  0  0
 0  0  1 -1  1  1
 0  1  0 -1  0  0
6	% 
  1  0  1  0  1  0
  1  0  1  0 -1  1
 -3  0 -3  0  0 -2
  0 -1  1 -1  1  1
  1  0  0  1 -1  0
  0 -1  0  1  0  0
2-1;1;1;1;1 1 46
4 
#1 
6	% 
  0 0 0 1 0 -1
  0 0 1 0 0  0
  1 0 0 0 0  0
  0 1 0 0 0 -1
  0 1 0 0 0  0
 -1 0 0 0 1  0
1,1,1;1,1;1 1 11
20 
#3 
6	% 
  2  2  2 0  0 -1
  0  0  2 0  1  0
 -1 -2 -5 0 -2  1
  1  1  1 0 -1 -1
  0  0  1 0  2  1
  1  1  1 1  0 -1
6	% 
 0 0 0 0  2  1
 0 0 0 0  1  0
 0 0 1 0 -4 -1
 0 1 0 0  1  0
 1 0 0 0  0  0
 0 0 0 1  1  0
6	% 
  0  0  0 0 -2  1
  1  0  1 0 -1  3
 -1  0 -1 0  4 -5
  0 -1  0 0 -1  1
  1  1  0 0 -1  1
  0  0  0 1 -1  0
1,1,1,1;1;1 1 6
2 
#1 
6	% 
  1  0 0 0 -1  0
  1  0 0 0  0  0
  0  0 1 0  0  0
 -1  0 0 1  1  0
  1  1 0 0 -1 -1
  0 -1 0 1  0  0
1,1,1;1;1;1 1 16
8 
#2 
6	% 
 0 -1 0 0 0  0
 0 -3 0 1 0 -1
 0  3 0 1 0  0
 1 -2 0 0 0  0
 0 -2 1 0 1  0
 1  0 1 0 0  0
6	% 
 0  1 0  1  2  1
 0  2 0  1  4  1
 0 -1 0 -2 -4 -1
 0  1 1  1  3  1
 1  1 0  1  2  1
 1  0 1  0  0  0
1,1;1,1;1,1 1 12
2 
#1 
6	% 
  0 0 -1 0  0  0
  0 0  1 1  1  0
  1 0  0 0 -1  0
  1 1  0 0  0  0
 -1 0 -1 0  0  0
  1 1  1 1  0 -1
1,1;1,1;1;1 1 37
4 
#1 
6	% 
 0  0 0 1  1  0
 0  0 1 0  0  0
 0  1 0 0 -1 -1
 1  0 0 0 -1  0
 0 -1 0 1  0  0
 1  0 1 0  0  0
1,1;1,1;1;1 1 39
20 
#3 
6	% 
 -2 -1  0 0 -1  1
  1  2  0 0  0 -3
 -1 -1  0 1  0  1
  1  1  1 0  1 -1
  1  1  0 1  0 -2
  1  1 -1 0  0 -1
6	% 
 -1  0  1 -2  1  1
  0  1 -2  1 -1 -1
  0 -1  1 -1  1  1
  1  0 -1  1 -1  0
  0  1 -1  1  0 -1
  1  0 -1  1 -1 -1
6	% 
  1  0  1  0  0  2
  0 -1  0  1  2  0
  0  0  0 -1 -1  0
 -1  0  0  0  0 -1
  0 -1  0  0  1  1
  0  0 -1  0 -1 -1
2-1;1,1;1;1 1 29
2 
#1 
6	% 
 0 -1  0 -1  0  1
 0  1  0  0 -1 -1
 0  1  0  0  1  0
 1  0  0  0  0  0
 0  0 -1  0 -1  0
 1  0  1  0  0  0
2-1;1;1;1;1 1 41
4 
#1 
6	% 
  0  1  0  0  0  0
  1  0 -1  0 -1  0
  0  1  0  0  0 -1
 -1  0  0  0  0  0
  0 -1  0 -1  0  1
  1  0  0  0 -1  0
1,1;1,1;1;1 1 26
2 
#1 
6	% 
  0 -1 0 1  0  0
  0  1 0 0 -2 -2
  0 -1 0 0 -2 -1
  0  0 1 0  2  1
 -1  0 0 0 -1 -1
  1  0 1 0  0  0
1,1;1,1;1;1 1 29
8 
#1 
6	% 
  0  0  0 0 -1 -1
  1  0  0 1  0  0
  1 -1  0 0  0  1
 -1  0  1 0  1  0
 -1  0  0 0  0  0
  0  0 -1 0  0  0
2-1;2-1;1,1 1 8
1 
#1 
6	% 
 -1 0 1 0  1  0
  1 0 0 0  0  0
  0 0 0 1 -1 -1
  0 1 0 1  0 -1
  1 0 0 0 -1  0
  0 1 0 0 -1 -1
2-1,2-1;1,1 2 4
4 
#1 
6	% 
  0 -1  2 1  1  0
  1  1 -1 0  0  0
 -1  0  0 0  2  1
 -1  0  1 0  1  0
  1  1 -1 0 -2 -1
  0  0  1 0  2  1
2-1,2-1;1,1 1 3
4 
#1 
6	% 
 0  1  0 -1  0  0
 0  0  0  1 -1 -1
 0 -1 -1  0 -1  0
 1 -1 -1 -1 -1  1
 0  0  0  1  1  0
 1  0  0 -1 -1  0
4-1';1;1 1 6
4 
#1 
6	% 
  0  1 -1 -1 -1  0
  1  0  1  1  0 -1
 -1 -1  1  0  1  1
  1  1  0  1  0 -1
  0  0  0  0  0  1
  0  0  0  0  1  0
2-1;2-1;1;1 1 32
4 
#1 
6	% 
  1  0  0 0  0  0
  0 -1  0 1  0  0
  0  1  0 0  0 -1
  0  1  0 0  0  0
  1  0  0 0 -1  0
 -1  0 -1 0  0  0
2-1,2-1;1;1 3 7
2 
#1 
6	% 
 -1 1 0 1  1 -1
 -1 1 1 0  1  0
  0 1 0 0  0 -1
  1 0 0 0 -1  0
  0 0 0 0  0 -1
  0 0 0 0 -1  0
2-1;2-1;1;1 1 31
2 
#1 
6	% 
  0 0  0  1  0  0
  0 1  0 -1  0  0
  1 0  0  0  0  0
  1 0 -1  0 -1  0
 -1 0  0  0  1  0
  0 1  0  0  0 -1
2-1,2-1;1;1 1 7
4 
#1 
6	% 
 0  1  0 1  0 -1
 1  0 -1 0 -1  0
 0  0  1 0  0  0
 0 -1  0 0  0  1
 0 -1  0 0  0  0
 0  0  1 0  1  0
2-1,2-1;1;1 1 8
4 
#1 
6	% 
  2  2  0 -1 -1  0
  1  0  1  1  0  0
  0  0  1  1  1 -1
 -1 -1  1  1  1 -1
  0  0 -1 -1  0  1
  0  0  0  0  0  1
2-1;2-1;1;1 1 20
2 
#1 
6	% 
 0 0 1 0  0 0
 0 0 0 1  0 0
 0 1 0 0  0 0
 1 0 0 0  0 0
 0 0 0 0  0 1
 0 0 0 0 -1 0
2-1,2-1;1;1 3 6
4 
#1 
6	% 
  0 0 1  0  0 0
  0 0 0 -1  0 1
  0 1 0  0  0 0
 -1 0 0  0  1 0
  0 0 0  0  0 1
  0 0 0  0 -1 0
1,1,1;1;1;1 1 8
8 
#2 
6	% 
 1 0  0 0 -1  0
 0 0 -1 0  0  0
 0 1  0 0 -1 -1
 0 1  0 1  0 -1
 0 0 -1 0 -1  0
 0 1  0 0  1  0
6	% 
 0 0  0 0  1 -1
 0 0 -1 0 -2  0
 0 1  0 0  1 -1
 0 1  0 1  0 -1
 1 0  0 0  1  0
 0 1  0 0 -1  0
1,1;1,1;1,1 1 11
4 
#1 
6	% 
  0  0  0  0 -2 -1
  1 -1  1  0  1  1
 -1  0  1  1  2  0
 -1  1 -1  1  0 -1
  0  0 -1  0  2  1
  1 -1  0 -1 -3  0
2-1;1,1;1;1 1 12
2 
#1 
6	% 
  0  1  0 1  0 -1
  0 -1  0 0 -1  0
 -1  0  0 0  0  0
 -1  0 -1 0  0  0
  0 -1  0 0  1  1
 -1  0  0 0  1  0
1,1;1,1;1,1 1 4
1 
#1 
6	% 
 -1 0 1  0  1  0
  0 1 0  1  0 -1
  0 0 0 -1  0  0
  1 0 0  0 -1  0
 -1 0 0  0  0  0
  0 0 0  1  0 -1
1,1;1,1;1;1 1 20
2 
#1 
6	% 
 1  0  1 0  0  0
 0  0 -1 0 -4 -2
 0  0  0 0  2  1
 0 -1  0 0 -1  0
 0  0  1 0 -3 -2
 0  0  0 1 -1 -1
1,1;1,1;1,1 1 7
2 
#1 
6	% 
  0  0  0  0 -2 -1
  0  1  1  0  2  0
  1  0 -1 -1  0  1
 -1  1  1  1  1 -1
  1 -1 -1  0  0  1
  0  1  1  0 -1 -1
1,1;1,1;1;1 1 14
4 
#1 
6	% 
 -1  0  1 0  1  0
  1  0 -1 1 -1 -1
  0  0 -1 0  0  2
  0  0  0 0  0 -1
  1  0  0 0  0  2
 -1 -1  1 0  1  0
1,1;1;1;1;1 1 37
2 
#1 
6	% 
 0  0  0 0  2  1
 0  0  0 1 -1 -1
 0 -1  0 0 -1  0
 1  0  0 0  3  2
 0  0 -1 0 -4 -2
 1  0  1 0  0  0
1,1;1;1;1;1 1 20
1 
#1 
6	% 
  0 0 0 0 1  0
  0 1 0 0 0  0
  0 0 1 0 0  0
  0 1 0 1 0 -1
 -1 0 0 0 0  0
  0 1 0 0 0 -1
1,1;1;1;1;1 1 50
1 
#1 
6	% 
  0 -1  0 -1  0  1
 -1  0 -1  0  0  0
  0  1  0  0 -2 -1
 -1  0  0  0  0  0
  0  0 -1  0 -1  0
  0  0  0 -1  2  1
1;1;1;1;1;1 1 49
2 
#1 
6	% 
 0 -1  0 -1  0 1
 0  0 -1  0  0 0
 0  1  0  0  0 0
 1  0  1  0  0 0
 1  0  0  0 -1 0
 0  0  0  1  0 0
1;1;1;1;1;1 1 43
2 
#1 
6	% 
 1  0 0 0 -1 0
 0  0 0 0  0 1
 0 -1 0 0  0 0
 0  0 0 1  0 0
 0  0 1 0  0 0
 0  0 0 0  1 0
