#11

1,1;1,1;1;1 1 17
1 
#1 
6	% 
 1 0 0 0 0 0
 0 1 0 0 0 0
 0 0 1 0 0 0
 0 0 0 1 0 0
 0 0 0 0 1 0
 0 0 0 0 0 1
1,1,1,1,1,1 1 1
1 
#1 
6	% 
 1 0 0 0 0 0
 0 1 0 0 0 0
 0 0 1 0 0 0
 0 0 0 1 0 0
 0 0 0 0 1 0
 0 0 0 0 0 1
1,1,1,1;1,1 1 3
2 
#1 
6	% 
  1  1 1  0  1  0
  1  1 0  1  2  1
  0  1 0  1  0  0
 -1 -1 0 -1 -1  0
  1  0 0  0  1  1
  0  1 0  0  0 -1
1,1,1,1,1;1 1 2
1 
#1 
6	% 
  0  0  0  1  0  0
  1  0  0  0  0  0
  0 -1 -1  0 -1 -1
  1  0  0  1  0 -1
 -1  1  1 -1  0  1
  1 -1  0  1 -1 -1
1,1,1,1,1;1 1 1
1 
#1 
6	% 
 0  0  0  0 -1  0
 0 -1 -1  0 -1 -1
 0 -1  0 -1 -1 -1
 0  0 -1 -1  0 -1
 0  1  1  1  1  1
 1  0  0  0  0  0
1,1,1,1;1,1 1 2
1 
#1 
6	% 
 0  0  0 -1  0  0
 0 -1 -1 -1 -1 -1
 0 -1  0  0  0  0
 1  0  0  0  0  0
 0  1  1  1  0  0
 0 -1  0 -1 -1  0
1,1,1;1,1,1 1 3
2 
#1 
6	% 
 -1 -1 -1 -1 -1 -1
  0  0 -1  1  1 -1
 -1 -1  0 -1 -1  1
  1  0  0  1  1  0
  1  0  1 -1  0  1
 -1 -1 -1  0  0 -1
1,1;1,1;1,1 1 6
1 
#1 
6	% 
 1  0  2  0 -2  0
 0 -1 -1  0  0  0
 0  0 -1  0  1  0
 0  1  0  0  0 -1
 0 -1  0 -1  0  0
 0  0 -1  0  0  0
1,1,1;1,1;1 1 8
2 
#1 
6	% 
 0  2  2  1  2  1
 0  3  2  1  4  1
 0 -7 -5 -3 -9 -3
 0  2  1  1  1  0
 0  1  1  0  2  1
 1  0  0  0  0  0
1,1,1;1,1;1 1 10
2 
#1 
6	% 
  2  0  0 -1  0 -1
  4  1  1  1  1  1
 -9 -2 -2 -1 -2 -1
  1  0  0 -1  0  0
  2  1  0  1  1  0
  0  0 -1  0  1  0
1,1,1,1;1;1 1 2
1 
#1 
6	% 
 0 1  0 0 0 0
 0 0  0 1 0 0
 0 0  0 0 0 1
 1 0  0 0 0 0
 0 0  0 0 1 0
 0 0 -1 0 0 0
