#76

3;3 6 1
1 
#1 
6	% 
 1 0 0 0 0 0
 0 1 0 0 0 0
 0 0 1 0 0 0
 0 0 0 1 0 0
 0 0 0 0 1 0
 0 0 0 0 0 1
1,1,1,1,1,1 1 1
1 
#1 
6	% 
 1 0 0 0 0 0
 0 1 0 0 0 0
 0 0 1 0 0 0
 0 0 0 1 0 0
 0 0 0 0 1 0
 0 0 0 0 0 1
2-1;1,1,1,1 1 2
6 
#1 
6	% 
  0  0  0 0 -1  1
  0  0  0 0  0  1
  1  0  1 1  1  2
  0 -1  0 0  0  2
  0  1  1 0  0  0
 -1 -1 -1 0  0 -2
2-1;1,1,1;1 1 3
6 
#1 
6	% 
  0 0 0  0 -1 -1
  0 0 0 -1  0 -1
  0 0 0  1  1  1
  0 0 1  0  0  0
  1 1 0  0  0  0
 -1 0 0  0  0  0
1,1,1,1,1;1 1 2
18 
#2 
6	% 
 -1  0  0  0 -1  0
  0  0  0  0 -1  0
  0  0  1 -1 -1  0
 -1  0  1  0  0  1
  0 -1 -2  0  1 -1
 -1 -1  1  0 -1  1
6	% 
 -1  0 -1  0 -1 -1
 -1  0 -1  0 -1  0
 -1  0 -1 -1 -1  0
 -1  0 -1  0  0 -1
  1 -1  1  0  1  0
 -1  0 -2  0 -1  0
1,1,1,1;1,1 1 2
18 
#2 
6	% 
 1  0  1 0 1  0
 0  0  0 0 0 -1
 1  0  1 1 0  1
 0  1  1 0 0  0
 0 -1 -2 0 0  0
 1 -1 -1 0 0  0
6	% 
  0  0  0 1  0  0
 -1 -2 -1 0 -1 -1
  0  0  0 0  1  0
  0  0  1 0  0  0
  0  1  0 0  0  0
 -1 -1 -1 0  0  0
2-1',2-1';1,1 1 3
18 
#1 
6	% 
  1  2  1  0 -1 -1
 -1 -1  0  1  1  1
 -1 -1 -1 -1  0  0
  0 -1 -1 -1 -1  0
 -1 -1  0  0  1  0
  0  0 -1 -1 -1 -1
1,1,1;1,1,1 1 1
1 
#1 
6	% 
  0 -1 -1  0  0  0
 -1  0 -1  0  0  0
  1  1  1  0  0  0
  0  0  0  0 -1 -1
  0  0  0 -1  0 -1
  0  0  0  1  1  1
2-1',2-1';1;1 1 5
18 
#1 
6	% 
  0 -1 -1  0 0 0
  1  1  1  0 0 0
  0  1  1  0 1 0
 -1  0  1  0 1 1
  0  1  0  0 0 0
 -1 -1  0 -1 0 0
2-1;1,1,1;1 1 6
54 
#2 
6	% 
  0 0 0 2 0 1
  0 0 1 0 0 0
  0 0 0 0 1 0
  1 1 0 0 0 0
 -1 0 0 0 0 0
  0 0 0 1 1 1
6	% 
 -1 -1 0 -1  0 -1
 -1 -1 0 -1  0  0
  0  0 1  0  0  0
  0  0 0  0 -1 -1
  1  1 0  0  0  1
  1  0 0  0  0  0
2-1;1,1;1,1 1 5
54 
#2 
6	% 
  0  0  0  2  0  1
  1  0  0  0  0  0
  2  0  2 -1  1  0
 -1 -1  0  0  0  0
  0  0 -1  0  0  0
 -2  0 -2 -2 -1 -1
6	% 
  1 1  0  0  0  0
 -1 0 -1 -1  0  0
 -2 0 -1 -1  0 -1
  0 0  0  0 -1 -1
  1 0  1  0  0  1
  1 0  2  1  0  1
1,1,1,1;1,1 1 3
81 
#3 
6	% 
  0 0  1 1 0 1
 -1 0 -1 1 0 0
  0 1  0 0 0 0
  1 0  0 0 1 0
 -1 0  0 1 1 1
  1 1  1 0 0 0
6	% 
  0  0  0 -1  0  0
  1  1  0  0  0  1
  0 -1 -1  1  1  1
 -1  1  1 -1 -1 -1
  1  2  2  0 -1  0
  0 -1 -1  0  1  0
6	% 
 1  2  1  1 1  0
 0 -1 -1  0 0  0
 0 -1  0  0 0  0
 0  0  0 -1 0  0
 0  0  0  0 0 -1
 1  1  1  0 0  0
1,1,1;1,1,1 1 3
81 
#3 
6	% 
 0  0  0  0  0 -1
 0 -1 -1 -1 -2 -1
 1  1  1  1  1  1
 0 -1 -1 -1 -1  0
 0  1  0  0  1  0
 0 -1 -1  0 -1 -1
6	% 
  0  1  1  0  1  1
 -2  0 -2 -1  0 -1
  2  1  1  1  1  1
 -1 -1 -1 -1 -1 -1
  0 -1  1  1  0  0
  0  1  0 -1  0  0
6	% 
 -1 -2 -1 -1 0 2
  0  0  1  0 0 0
 -1 -1 -1 -1 0 0
  1  1  2  1 1 0
  0  1  0  1 0 0
  0 -1  1  0 1 1
2-2;1,1,1,1 1 2
8 
#1 
6	% 
 0  0 0  1  0 0
 0  0 0  0  1 0
 0  0 0  1  1 1
 0 -1 0 -1 -1 0
 1  0 0  1  1 0
 1  1 1 -1 -1 0
2-2',2-2';1,1 1 3
32 
#1 
6	% 
  0  1 0  2  1  1
  1  0 0 -1 -2 -1
  1  1 1  1 -1  0
  0  1 1  1  1  1
  1  0 1  0 -1  0
 -1 -1 0 -1  0  0
2-2;2-1;1,1 1 4
24 
#1 
6	% 
  1 0  0  0  1  0
 -1 0 -1  0 -2  0
  1 1  1  0  1  0
 -1 0 -1  1 -1  1
 -1 0 -1  0 -2 -1
 -1 0 -1 -1 -2  0
3;1,1,1 3 1
2 
#1 
6	% 
  0 -1 0  0  0  0
 -1  0 0  0  0  0
  1  1 1  0  0  0
  0  0 0  0 -1 -1
  0  0 0 -1  0 -1
  0  0 0  1  1  1
2-2;2-1;1;1 1 7
24 
#1 
6	% 
  0 0  1 0 0 0
 -1 0 -1 0 0 0
  1 1  1 0 0 0
  0 0  0 0 0 1
  0 0  0 0 1 0
  0 0  0 1 0 0
2-1;1,1;1;1 1 15
54 
#2 
6	% 
  0 0 0 1 1  1
  0 0 1 0 0  0
  0 0 0 0 0 -1
  1 1 0 0 0  0
 -1 0 0 0 0  0
  0 0 0 1 0  0
6	% 
  0  0  0  2 -1 1
  0  0 -1  0  0 0
  0  0  0 -1  0 0
 -1 -1  0  0  0 0
  1  0  0  0  0 0
  0  0  0  0 -1 0
1,1,1;1,1;1 1 7
162 
#4 
6	% 
 -1  0  1  0  0  0
  0  0  2  1  1  0
 -1  0 -2 -2 -2  0
  0  0  1 -1  1 -1
  0  0  0 -2  1 -1
 -1 -1  0  0  0  0
6	% 
 -1 0  1  0  0  0
  2 0  2  1  1  2
 -3 0 -4 -2 -2 -4
  1 0  1 -1  0  1
  0 0  0 -1  0  0
  0 1  1  0  0  0
6	% 
 -2  0 -2 -1 -1 -2
 -1  0 -1 -2  0 -2
  2  0  2  3  0  3
 -1 -1 -1 -1  0 -1
 -1 -1  0  0  0  0
 -1  0 -1 -1 -1 -1
6	% 
 -2 -1 -1  0  0  0
 -2 -2  0 -1 -1 -2
  5  4  1  2  2  4
 -1 -1  0 -1 -1 -1
  0  0  0  1  0  0
 -1 -1 -1  0  0  0
2-2;1,1,1;1 1 5
72 
#2 
6	% 
 -1 0  0  0  0  0
  0 1  0  0  0  0
  1 1  1  0  0  0
  1 0 -1  0  0  1
  1 0 -1  1  0  0
  1 0 -1 -1 -1 -1
6	% 
 -1 0 -1  0  0  0
  0 0  1  0  0  0
  0 1  0  0  0  0
  0 0  0  0  0  1
  0 0  0  1  0  0
  0 0  0 -1 -1 -1
1,1,1,1;1;1 1 6
18 
#2 
6	% 
  1 0  1  1  1  1
  1 0  1  1  1  0
  1 0  1  1  0  1
 -1 1 -1 -1 -1 -1
  2 0  1  1  1  1
  0 1  1  0  0  0
6	% 
  0  0 0 0 1 0
  0  0 0 0 0 1
  0  0 0 1 0 0
  1  0 0 0 0 0
 -1 -1 0 0 0 0
  1  1 1 0 0 0
1,1,1,1;1;1 1 5
81 
#3 
6	% 
  0 0  1 0  1  1
 -1 0 -1 0  1  0
  0 1  1 0  1  1
  1 0 -1 1 -1 -1
 -1 0  1 1  2  2
  1 1  0 0 -1 -1
6	% 
  0 0 1 0  0 0
 -1 0 1 2 -1 1
  0 1 1 0  0 0
  2 0 0 0  1 0
 -2 0 0 1  0 0
  1 1 0 0  0 0
6	% 
 1  1  0  0  1  1
 0  1 -1  0  1  1
 0  0 -1 -1  1  0
 0 -1  1  1 -1 -1
 0  1 -1  0  2  1
 0 -1  0  1 -1  0
1,1,1;1,1;1 1 4
18 
#2 
6	% 
  0  0  0  0  1  0
  0  0  0  0  1  1
  0  0  0 -1 -1 -1
 -1 -1  0  0  0  0
 -1  0  0  0  0  0
 -1 -2 -1  0  0  0
6	% 
  0  0  0  0 1  1
  0  0  0 -1 0  0
  0  0  0  0 0 -1
  0 -1 -2  0 0  0
  0 -1 -1  0 0  0
 -1  0 -1  0 0  0
1,1,1;1,1;1 1 11
324 
#6 
6	% 
  1 0 -1 -2  2  0
  1 0 -1 -3  5  2
 -2 0  2  6 -9 -3
  0 0 -1 -2  0  0
  0 0 -1 -2  2  1
  1 1  0 -1  1  0
6	% 
 -1 0 -1 0 -2 -2
 -2 0 -2 0 -3 -3
  4 0  4 0  7  6
 -1 0  0 0 -1 -1
  0 0 -2 1 -1 -1
  0 1  0 0 -1 -1
6	% 
  1 0 -1  2  0 0
  1 0 -1  1 -1 0
 -2 0  2 -3  0 0
  1 0  0  1  0 0
  1 0  0  1  0 1
  1 1  0  1  0 0
6	% 
 -3 0 -3 -2  0 -2
 -2 0 -2 -1 -1 -2
  6 0  6  3  2  5
 -2 0 -1 -2 -1 -1
 -1 0 -1  0  0 -1
 -1 1 -1 -1  0 -1
6	% 
 0  1 -1 0  0  0
 0  0  0 0 -1  1
 0 -1  1 1  2 -1
 1  1  0 0  1  1
 0  0  0 0 -1  0
 0  1  0 0  0  0
6	% 
 -2 -1 -1  0  2 -2
 -2 -1 -1  0  1 -3
  6  3  3  0 -3  8
 -1 -1  0  0  1 -1
 -1 -1  0 -1  0 -2
 -1  0  0  0  1 -1
1,1,1;1;1;1 1 6
2 
#1 
6	% 
  0 0  0  0 -1 -1
  0 0  0 -1  0 -1
  0 0  0  1  1  1
 -1 0 -1  0  0  0
  1 0  0  0  0  0
  1 1  1  0  0  0
1,1;1,1;1,1 1 4
81 
#3 
6	% 
  0 0  0  0  1  1
 -1 1  2  0  0  0
  0 0 -1 -1 -1  0
  0 0  0  1 -1 -1
  0 0  0  0  2  1
 -1 0  0 -1 -1  0
6	% 
 -1 -1  0  0 0 0
  0  0  0  2 1 0
  1  0  1 -1 0 1
  0  1  0  0 0 0
 -1 -1 -1  0 0 0
  1  0  1  2 1 1
6	% 
 -1 0 0  0 0 0
  0 0 0  2 0 1
  0 0 0 -1 1 0
  1 1 1  0 0 0
  0 1 0  0 0 0
  0 0 0  2 1 1
2-2;1,1;1,1 1 4
72 
#2 
6	% 
 0 -1 -1  0  0  0
 0  1  0  0  0  0
 1  1  1  0  0  0
 0  0  0  0  0  1
 0  0  0  1  0  0
 0  0  0 -1 -1 -1
6	% 
 0  0 -1  0  0  0
 0 -1  0  0  0  0
 1  1  1  0  0  0
 0  0  0  0  0  1
 0  0  0  1  0  0
 0  0  0 -1 -1 -1
1,1,1;1;1;1 1 8
54 
#2 
6	% 
 -1 0 -1 -1  2  1
  0 0  0  2 -3 -2
  0 1  0 -1  2  1
  0 1  1  0  0  0
  0 0  0 -1  4  2
  1 1  1  1 -2 -1
6	% 
 -1  0 -1  0  1  0
  1  0  1 -1 -1  0
 -1 -1 -1  0  1  0
  0 -1 -1  0  0  0
 -1  0 -1 -1  0 -1
  0 -1  0  0 -1  0
1,1;1,1;1;1 1 20
54 
#2 
6	% 
  0 0  0 1  1  0
  1 0  1 0 -1  0
 -1 0 -1 0  0  0
  1 1  1 0  0  0
  1 0  1 0  0 -1
  1 0  0 0  0  0
6	% 
  0 0  0  1  0  0
  0 0  0  0  0 -1
 -1 0 -1  0  0  0
  1 1  1  0  0  0
  0 0  0 -1 -1 -1
  1 0  0  0  0  0
1,1,1,1;1;1 1 4
6 
#1 
6	% 
  0  0  0 -1  1 1
  0  0  0 -1  0 0
  1  0  1  3 -1 0
 -1  0 -1 -2  0 0
  0 -1  0  1  0 0
  0  0  1  1  0 0
1,1;1,1;1;1 1 26
162 
#4 
6	% 
  0  0  0 -1  0 -1
  2  0  2  1  2  2
  2  0  2 -1  1  1
 -2  0 -1  0 -1 -1
  1 -1  1  0  1  1
  0  1  1  0  0  0
6	% 
  0  0  0  1  0  0
  2  0  2  2  2  3
  2  0  2  1  1  3
 -2 -1 -2 -1 -1 -2
  1  0  2  1  1  2
  0 -1 -1  0  0  0
6	% 
 -1 -1  0  0 0 0
  0  1  0 -1 0 1
 -1 -1 -1 -1 0 1
  0  0  0  1 1 0
  0  0  0 -1 0 0
  0  0  0  1 1 1
6	% 
  0  0  0  1  0  0
 -1 -2 -1 -1 -3 -1
 -1 -2 -1 -2 -3 -2
  0  1  1  1  2  1
 -1 -1 -1 -1 -2 -1
  0  0  1  0  0  0
1,1,1;1;1;1 1 16
162 
#4 
6	% 
  1 0  1  0  1  2
  1 0  1 -1  1  2
 -1 0 -1 -1 -2 -3
  1 1  1  0  1  1
  0 0  1  0  1  1
  0 1  1  0  0  0
6	% 
  1 0  1 0  1  1
  1 0  1 1  2  2
 -1 0 -1 0 -1 -2
  0 0  1 0  1  1
  1 1  1 0  1  1
  0 1  1 0  0  0
6	% 
  0 0 1  0 0  0
 -1 1 1 -1 0  1
  2 1 0  1 0 -1
 -1 0 1  0 0  1
 -1 0 1  0 1  1
  0 0 0  1 1  1
6	% 
  0  0  0  1  0  1
 -1 -2 -1  1 -1  1
  1  2  1 -2  0 -1
  0 -1  0  1  0  1
 -1 -1  0  1  0  1
  0  0  1  0  0  0
1,1,1;1;1;1 1 14
6 
#1 
6	% 
  0  0 0 1  0  1
  0  0 0 0 -1  0
  0  0 0 0  0 -1
  1  0 0 0  0  0
 -1 -1 0 0  0  0
  1  1 1 0  0  0
2-1;2-1;1,1 1 8
9 
#1 
6	% 
 -1 -1 0 0 0 0
  0  1 0 0 0 0
  0  0 0 0 0 1
  0  0 0 0 1 1
  1  1 1 0 0 0
  0  0 0 1 1 1
2-1,2-1;1,1 1 3
36 
#1 
6	% 
  0  1  1  0 0  0
 -1 -1 -1 -1 0 -1
  0  0  0  0 1  0
  0  0  0  0 1  1
  0 -1  0  1 0  1
  0  0  0 -1 0  0
2-1;2-1;1;1 1 14
9 
#1 
6	% 
 -1 -1 0 0 0 0
  0  1 0 0 0 0
  0  0 0 0 0 1
  0  0 0 0 1 1
  1  1 1 0 0 0
  0  0 0 1 1 1
2-1,2-1;1;1 1 5
36 
#1 
6	% 
  0  1  1  0 0 0
 -1 -1 -1  0 0 0
  0  0  0  0 1 0
  0  0  0  0 1 1
  0 -1  0  0 0 0
  0  0  0 -1 0 0
2-1,2-1;1;1 2 7
36 
#1 
6	% 
 0 0 0 -1 -1 0
 0 0 0  0  1 0
 0 0 1  0  0 0
 0 1 1  0  0 0
 0 0 0  1  1 1
 1 1 1  0  0 0
2-1,2-1;1,1 2 4
36 
#1 
6	% 
 -1 -1  0 0 0 0
  0  1  0 0 0 0
  0 -1 -1 1 1 1
 -1 -2 -1 1 1 0
  1  1  1 0 0 0
 -1 -1  0 1 0 0
2-2;1,1,1;1 1 4
8 
#1 
6	% 
 0  0 0  0  1  0
 0  0 0  0  1  1
 0  0 0 -1 -1 -1
 0  0 1  0  0  0
 0 -1 0  0  0  0
 1  0 0  0  0  0
2-2;2-2;1;1 1 12
16 
#1 
6	% 
  0 0 1 0 0 0
  0 1 0 0 0 0
 -1 0 0 0 0 0
  0 0 0 0 0 1
  0 0 0 0 1 0
  0 0 0 1 0 0
1,1;1,1;1;1 1 8
81 
#3 
6	% 
  1 1 1 0  0  0
  0 0 0 1  1  1
  0 0 0 0 -1 -1
 -1 0 0 0  0  0
  0 0 1 0  0  0
  0 0 0 1  1  0
6	% 
  1 1 1  0 0  0
  0 0 0 -1 1 -2
  0 0 0  1 0  2
 -1 0 0  0 0  0
  0 0 1  0 0  0
  0 0 0 -1 1 -1
6	% 
 1 -1 2  0 0 0
 0  0 0  1 1 0
 0  0 0 -1 0 0
 0  1 0  0 0 0
 0  0 1  0 0 0
 0  0 0  1 1 1
1,1,1;1,1;1 1 10
108 
#2 
6	% 
  0  0  0 -1   3  2
  1  1  0  0   4  4
 -2 -2  0  1 -10 -9
 -1  0 -1 -1   1  1
  2  0  1  1   3  2
  0 -1 -1  0   0  0
6	% 
  0  0  0 0  1  1
 -1  0 -1 0  2  2
  1  0  1 0 -2 -3
  0  0  0 1  1  1
  0  0 -1 0  1  1
  0 -1 -1 0  0  0
2-1;1,1;1;1 1 29
54 
#2 
6	% 
 -1 -1  0  0 0  0
  2  1  2  1 0  1
 -1  1 -1 -1 0 -1
  1  0  1  1 1  1
 -1  0 -1  0 0 -1
  0  0  0  0 1  1
6	% 
 -1 -1  0  0 0  0
 -1  1 -1 -1 0  1
  2  1  2  1 0 -1
 -1  0 -1  0 1  1
  1  0  1  0 0 -1
  0  0  0  1 1  1
2-1;1;1;1;1 1 26
18 
#1 
6	% 
  1  1  0 0  0  0
 -1 -1 -1 0  0  0
  0 -1  0 0  0  0
  0  0  0 0 -1 -1
  0  0  0 1  1  1
  0  0  0 0  0 -1
2-2,2-2;1,1 1 3
96 
#1 
6	% 
  0  0  1 -1  0  0
  0  0  1  0 -1  0
  0  0 -1 -1 -1 -1
  0 -1 -1  0 -2 -1
  1  1  0  2  2  1
 -1  0 -1 -2  0 -1
1,1;1,1;1,1 1 12
54 
#2 
6	% 
  1  0  0  0 0 0
  0  0  0 -1 0 0
 -1 -1 -1  0 0 0
  0  0  0  0 1 0
  1  1  0  0 0 0
  0  0  0  0 1 1
6	% 
  0 1  1 0 0 0
  0 0  0 1 1 1
  0 0 -1 0 0 0
 -1 0 -1 0 0 1
  1 1  1 0 0 0
 -1 0 -1 0 1 1
1,1;1,1;1;1 1 37
162 
#4 
6	% 
  0 -1  0  0 0 0
  0  0  0  0 1 0
  0  0 -1  0 0 0
  0  0  0 -1 0 0
 -1 -1  0  0 0 0
  0  0  0  0 1 1
6	% 
  0  0 0 0 1  1
  0 -1 0 0 0  0
  0  0 0 0 0 -1
  0  0 1 1 0  1
  0  0 0 1 1  1
 -1 -1 0 1 0  1
6	% 
  0 -1 -1 -1 -2 -1
  0  0  0  0 -1  0
 -1  1 -1  0  2  2
  1  0  1  0 -1 -1
  2  0  1  1  0 -1
  1  0  1  1  0  0
6	% 
 -2  0  1 -1 -2 -1
 -1  0  1  0 -1  0
  2  1 -1  2  2  0
 -1  0  1 -1 -1  0
 -1 -1 -1 -1  0  1
  0  0  0  0  0  1
2-1;1;1;1;1 1 10
6 
#1 
6	% 
 0 0 0 -1 -1 0
 0 0 0  0  1 0
 1 0 0  0  0 0
 1 0 1  0  0 0
 0 0 0  1  1 1
 1 1 1  0  0 0
2-1;1,1;1;1 1 12
18 
#1 
6	% 
  0  0  0 -1 -1 0
  0  0  0  0  1 0
  0 -1  0  0  0 0
  0 -1 -1  0  0 0
  0  0  0  1  1 1
 -1 -1 -1  0  0 0
1,1;1,1;1;1 1 29
108 
#2 
6	% 
 -1  0 -1 -1  0  1
  1  0  0  1  1  0
  0 -1  0  1  1  0
  0  0  0  0 -1  0
  1  0  1  0 -1 -1
 -1  0 -1 -1  0  0
6	% 
  1  0  1  1  0  1
  0  0 -1  0  1  0
 -1 -1 -1  0  1  0
  0  0  0  0 -1 -1
 -1  0 -1 -1 -1 -1
  1  0  1  0  0  1
1,1;1,1;1,1 1 11
36 
#1 
6	% 
  1  0  1  1  0 -1
 -1 -2 -2 -1 -1  0
  0 -1 -2 -1 -1  0
  0  1  1  0  1  0
 -2  1 -1 -1  1  2
  2  0  2  2  0 -1
1,1;1,1;1,1 1 7
6 
#1 
6	% 
 0  0  0 0 -1 -1
 0 -1  0 0  0  0
 0  2  2 0  1  0
 0 -1 -1 0  0  0
 0  2  2 1  1  1
 1  0  0 0  0  0
1,1;1,1;1;1 1 14
18 
#1 
6	% 
 0  1  1 0 0 0
 0 -2 -2 0 0 1
 1  0  0 0 0 0
 0  0  0 0 1 1
 0  0 -1 0 0 0
 0  2  2 1 1 1
2-2,2-2;1;1 2 5
96 
#1 
6	% 
  0  2  1  0 -1  1
  2  0  1  1  2  1
  2  2  1  1  1  2
  1  2  1  0  0  1
  1 -1  0  0  1  0
 -2 -1 -1 -1 -1 -1
2-2;2-2;1,1 1 8
16 
#1 
6	% 
 -1 -1 -2  0 -1  0
  1  0 -1  0 -1  0
  0 -1  1  0  1  0
  0  0 -1  1  0  1
  0  0 -1 -1 -1  0
  0  0 -1  0 -1 -1
3;2-2;1 3 3
8 
#1 
6	% 
  0  1  0  0 0 0
  0  0  1  0 0 0
 -1 -1 -1  0 0 0
  0  0  0  1 1 1
  0  0  0  1 0 1
  0  0  0 -1 0 0
3,3 6 1
24 
#1 
6	% 
  0  0  1  0  0  0
 -1 -1 -1  0  0  0
  1  0  0  0  0  0
  0  0 -1  0  0  1
  1  1  1  0  1  0
 -1  0  0 -1 -1 -1
3;2-1;1 3 2
6 
#1 
6	% 
  0  0 0  0 -1 0
  0  0 0 -1  0 0
  0  0 0  1  1 1
 -1 -1 0  0  0 0
  0  1 0  0  0 0
  1  1 1  0  0 0
3;1,1;1 3 2
18 
#2 
6	% 
  0  0 0 1 1  1
  0 -1 0 0 0  0
 -1  0 0 0 0  0
  0  0 0 0 0 -1
  1  1 1 0 0  0
  0  0 0 1 0  0
6	% 
 0  0  0 -1  2 1
 0  0 -1  0  0 0
 0 -1  0  0  0 0
 0  0  0  0 -1 0
 1  1  1  0  0 0
 0  0  0 -1  0 0
1,1;1;1;1;1 1 10
18 
#2 
6	% 
  0  0 -1 0 0 0
  0 -1  0 0 0 0
  0  0  0 1 0 0
  0  0  0 1 0 1
 -1 -1 -1 0 0 0
  0  0  0 1 1 1
6	% 
  0  0  0 -1  2 1
  0  0  0  0 -1 0
  0 -1  0  0  0 0
  0 -1 -1  0  0 0
  0  0  0 -1  0 0
 -1 -1 -1  0  0 0
1,1;1;1;1;1 1 38
54 
#2 
6	% 
 0 0 1  0 0  0
 0 1 0  0 0  0
 1 1 1  0 0  0
 0 0 0 -1 0 -1
 0 0 0  1 1  1
 0 0 0  1 0  0
6	% 
 0  0  0  1 0  1
 0  0  0 -1 1 -1
 0  0  0  2 0  1
 0 -1 -1  0 0  0
 1  1  1  0 0  0
 0  0  1  0 0  0
1,1;1;1;1;1 1 37
54 
#2 
6	% 
  2  0 -2  1  1 0
 -1  0  1 -1  0 0
 -1  0  1  0  0 1
  3  0 -4  2  2 0
 -3  1  4 -2 -2 0
 -1 -1 -1  0  0 0
6	% 
  2  0  2  1  1 0
 -1  0 -1 -1  0 0
 -1  0 -1  0  0 1
  3  0  4  2  2 0
 -4 -1 -4 -2 -2 0
  0  1  1  0  0 0
1,1;1;1;1;1 1 50
81 
#3 
6	% 
  0 -1  0  0  0 0
  0  0  0  0  1 1
 -1  1  2 -1 -1 0
 -1  0  1 -1  0 0
 -1  0  1  0  0 1
  2  0 -1  1  1 0
6	% 
 -1 -1  0  0  0  0
  0  0  0  0 -1 -1
 -1  1 -1 -1 -1  0
 -1  0 -1  0 -1  0
 -1  0 -1 -1 -1 -1
  1  0  2  1  1  0
6	% 
  0  0  0 0  1  0
 -1 -1 -1 0  0  0
 -1  0  1 0 -1 -1
 -1  0  0 0  0  0
 -1 -1  0 0  0  0
  1  0 -1 1  1  1
2-2;1,1;1;1 1 17
72 
#2 
6	% 
 0 -1 -1  0  0  0
 1  0  0  0  0  0
 0  0  0  1  0  0
 0  1  0  0  0  0
 0  0  0 -1 -1 -1
 0  0  0  0  0  1
6	% 
  1 1  1  0  0  0
  1 1  0  0  1  0
  1 0 -1  1  2  0
 -1 0  0  0 -1  0
  1 0 -1 -1  1 -1
  1 0 -1  0  2  1
2-2;1,1;1;1 1 11
72 
#2 
6	% 
 1 0 0  0 0  0
 0 1 0  0 0  0
 1 1 1  0 0  0
 0 0 0  0 0 -1
 0 0 0 -1 0  0
 0 0 0  1 1  1
6	% 
  0 -1 -1  0 0  0
  0  1  0  0 0  0
 -1 -1 -1  0 0  0
  0  0  0  0 0 -1
  0  0  0 -1 0  0
  0  0  0  1 1  1
2-2;1;1;1;1 1 9
8 
#1 
6	% 
 -1  0  0 0 0 0
  1  0  1 0 0 0
 -1 -1 -1 0 0 0
  0  0  0 0 0 1
  0  0  0 0 1 0
  0  0  0 1 0 0
1,1;1;1;1;1 1 20
9 
#1 
6	% 
 -1  0 -1 0 0 0
  0  0  0 0 0 1
  0  0  1 0 0 0
  0  0  0 1 0 1
  0 -1  0 0 0 0
  0  0  0 1 1 1
1;1;1;1;1;1 1 26
6 
#1 
6	% 
 0 -1 -1 0  0  0
 0  1  0 0  0  0
 1  1  1 0  0  0
 0  0  0 0  1  0
 0  0  0 0 -1 -1
 0  0  0 1  1  1
1;1;1;1;1;1 1 13
1 
#1 
6	% 
 -1 0 -1 0 0 0
  1 0  0 0 0 0
  0 0  0 1 0 0
  0 0  0 1 0 1
  1 1  1 0 0 0
  0 0  0 1 1 1
1;1;1;1;1;1 1 33
9 
#1 
6	% 
  1  0 0 0  0  0
  0  0 0 1  0  0
 -1 -1 0 0  0  0
  0  0 0 0  0 -1
  0  0 0 0 -1 -1
  1  1 1 0  0  0
2-2;1,1;1;1 1 9
24 
#1 
6	% 
  0  1 0  0  0  0
 -1 -1 0  0  0  0
  1  1 1  0  0  0
  0  0 0  0  0  1
  0  0 0  1  0  0
  0  0 0 -1 -1 -1
2-2;1;1;1;1 1 17
24 
#1 
6	% 
  0  0 -1  0 0  0
  0  1  0  0 0  0
  0  0  0  0 0 -1
 -1 -1  0  0 0  0
  0  0  0 -1 0  0
  0  0  0  1 1  1
3;1;1;1 3 4
6 
#1 
6	% 
 0 1 0 0  0  0
 0 0 1 0  0  0
 1 0 0 0  0  0
 0 0 0 0 -1 -1
 0 0 0 1  1  1
 0 0 0 0  0 -1
3;1;1;1 3 3
2 
#1 
6	% 
 0  0  0  0  0 -1
 0  0  0  0 -1  0
 0  0  0 -1  0  0
 0 -1 -1  0  0  0
 0  1  0  0  0  0
 1  1  1  0  0  0
