#81

2-1;2-1;2-1 1 3
1 
#1 
6	% 
 1 0 0 0 0 0
 0 1 0 0 0 0
 0 0 1 0 0 0
 0 0 0 1 0 0
 0 0 0 0 1 0
 0 0 0 0 0 1
1,1,1,1,1,1 1 1
1 
#1 
6	% 
 1 0 0 0 0 0
 0 1 0 0 0 0
 0 0 1 0 0 0
 0 0 0 1 0 0
 0 0 0 0 1 0
 0 0 0 0 0 1
2-1;1,1,1,1 1 2
3 
#1 
6	% 
  0 -1  1  0  1 -1
  0 -1  1  0  0  0
  0 -1  1  1 -1 -1
  0 -1  1  1  0 -1
 -1 -1  0  0  0  0
  0  2 -1 -1  0  1
1,1,1,1,1;1 1 2
12 
#2 
6	% 
 -1 -1  0  1  1 -1
 -1 -1  0  1  0  0
  0 -1  0  1  1 -1
  1  0 -1  0  1  1
  0  1  1 -1 -1  0
  1  0 -1  1  1  0
6	% 
 0  0  1 -1  0  0
 0  1  1  0  1  1
 0  1  0 -1  1  0
 0  1  1  0  0  1
 1 -1 -1  1 -1 -1
 1  2  1 -1  1  1
1,1,1,1;1,1 1 2
15 
#2 
6	% 
 0  1 -1 -1 1  1
 0  1  0 -1 0  0
 0  1 -1  0 0  0
 1  0  0  0 0  0
 0 -1  1  1 0 -1
 0  2 -1 -1 0  1
6	% 
  0  1 -1  0  0 0
  1  1 -1  0  0 0
  0  1 -1  0 -1 1
  2  2 -1  1  0 0
 -2 -3  2 -1  1 0
 -1  0 -1  0 -1 0
2-1',2-1';1,1 1 2
6 
#1 
6	% 
  1 0  0  0 0  0
  1 1  0  0 0  0
  0 0  0  0 1 -1
  1 0  1  0 0 -1
 -1 0 -1  0 0  0
  1 0  1 -1 0  1
2-1;1,1,1;1 1 5
12 
#1 
6	% 
 0 -2  2 -1  1 1
 0 -2  2 -1  2 0
 0  0 -1  1 -1 0
 1  1  0  0  0 0
 0 -1  0  0  0 0
 0  0  0  0 -1 0
2-1;1,1;1,1 1 4
9 
#2 
6	% 
 0 0  0 -1  1 1
 1 0  0  0  0 0
 0 0  0  0 -1 0
 0 0 -1  1  0 0
 0 1  0 -1  0 0
 0 1  0  0 -1 0
6	% 
 0 -1  1  0 0  0
 0  0  2 -2 1 -1
 0 -1  2 -2 1  0
 1  1  0  0 0  0
 0 -1  0  0 0  0
 0 -1 -1  1 0  1
1,1,1;1,1,1 1 2
10 
#2 
6	% 
  0  0 -1  1  0 0
 -1  1 -1  1  0 0
  0 -1  1  0  0 0
  0  0  0  0 -1 1
  0 -1  1 -1  1 0
  0  0  0  0  1 0
6	% 
 -1  0  0  0 0  0
  1  1 -1  0 0  0
 -1 -1  1 -1 0  0
 -2 -2  1 -1 0  0
  1  1  0  0 1  0
  2  2 -1  1 0 -1
2-1;1,1,1;1 1 6
12 
#1 
6	% 
 0  0  0 -1  1  1
 0 -1  1  0 -1  0
 1  0  0  1 -1 -1
 0  1 -1  0  0  0
 0  0  1 -1  1  0
 1  1  0 -1  1  1
1,1,1,1;1,1 1 3
36 
#2 
6	% 
  0  0  0 -1  1  1
  0  1  0  0 -1  1
 -1 -1  1 -1  0  0
  1  0 -1  2  0 -1
  1  1 -2  1  0  1
 -1  0  1 -1  0  0
6	% 
  0 0  0 -1 1  1
  0 0  1  0 0 -1
  1 0  0  1 0 -1
 -1 0 -1 -1 0  1
 -1 1  1 -1 0 -1
  1 0  0  0 0  1
2-1',2-1',2-1' 1 1
4 
#1 
6	% 
 -1 0 -1 1  1 0
 -2 0 -2 0  0 1
  0 0 -1 0  0 1
  1 1  0 0 -1 0
 -1 0 -1 0  0 1
  0 0  0 0 -1 0
2-1',2-1';1;1 1 4
6 
#1 
6	% 
 -1 -1  0  0  0  0
 -1  0  0  0  0  0
  1  1  1 -1  0  0
  0  0 -2  1  0  0
  0  0 -1  1  0 -1
  0  0 -1  1 -1  0
1,1,1;1,1,1 1 3
22 
#3 
6	% 
 1 -1  0  0  0  0
 0  1 -2  0 -1  3
 0 -2  2 -1  1 -2
 0  1 -1  0  0  1
 0  0  2  0  1 -2
 0  0 -1  0  0  1
6	% 
  0  0 -1  1  0  0
  0  2  0  1 -1 -1
 -1 -2  1 -1  0  1
  1  1  0  0  0  0
  1 -1  0  0  1  0
 -1  0  0  0  0  0
6	% 
  0 -2 1 -1  1  0
 -1 -1 0  1  0 -1
  0 -1 0 -1  1  1
  0  2 0  0 -1  0
  0  1 0  0 -1  1
  0 -1 0 -1  1  0
2-1',2-1';1;1 1 6
6 
#1 
6	% 
  0  0  1 -1 0 0
  0  1 -1  0 0 0
 -1 -2  1  0 1 0
  1  1 -2  1 0 1
  1  1  0  0 0 0
  1  0  0  0 0 0
2-1;1,1;1,1 1 8
12 
#1 
6	% 
  0  1 -1 0 0  0
  0 -1  0 1 0  0
 -1 -1  0 0 0  0
  1  0  0 1 0 -1
  1  0  0 0 0  0
  1  0  0 0 1  0
2-1;1,1;1,1 1 10
6 
#1 
6	% 
  1  0  0  0 0 1
  2  2 -1  1 0 0
  2 -1  1  0 0 0
 -1  0  0 -1 1 0
 -1 -1  1 -1 0 0
 -1  1 -1  0 0 0
1,1,1;1,1,1 1 4
12 
#1 
6	% 
 -1 -2  0  2 -1  0
  0  0  0  0 -1  0
  1  2  1 -1  1 -1
 -1 -2  0  1  0  1
  1  0 -1  0  1 -1
  0  1  0 -1  0  1
2-1',2-1';2-1 1 2
6 
#1 
6	% 
  0  1 -2 1  1 -1
  0  1  0 0 -1 -1
  0  0  1 0 -1 -1
  0 -1  0 0  0  2
 -1 -1  0 0  0  1
  0  0  0 0  0  1
1,1,1;1,1;1 1 5
60 
#3 
6	% 
 0 -1 0  0  1  1
 0 -2 1  1  0  0
 0  2 0 -1 -1 -1
 1  0 0  0  1  0
 2  0 0  0  1 -1
 1  1 0  0  0  0
6	% 
  1  1  0 -1 0  0
 -1 -1  1  0 0  0
  1  0 -1  1 0  0
  1  1  0 -1 1  0
  0  0  0  0 1 -1
  1  1  0  0 0  0
6	% 
 -1  0 -1  1 -1  1
  1  0  0  0  0  0
  0  0  0  0  1 -1
  0  0  0  0  0  1
  0 -2  2 -1  1  1
  1  1  0  0  0  0
1,1,1,1;1;1 1 4
15 
#2 
6	% 
 0 -2 1  1  1 -1
 0 -1 0  1  1 -1
 0  3 0 -2 -3  1
 0 -1 0  0  2  0
 0  1 0  0 -1  0
 1  1 0  0 -1  0
6	% 
  0  0 -1 1  1 -1
  1  0  0 0  1 -1
 -1  0  1 0 -3  1
 -1  0 -1 0  2  0
  1  0  1 0 -1  0
  0 -1  1 0 -1  0
1,1,1;1,1;1 1 10
72 
#2 
6	% 
  0 -2  2  1 0 -2
  0 -3  2  2 0 -2
  0  7 -5 -5 0  6
 -2 -1  1  0 1 -1
  0 -1  1  1 0 -1
  1  1  0  0 0  0
6	% 
  2  0  0  1 -2 0
  3  0  1  0 -2 0
 -6  0 -1 -2  6 0
  1 -2  2  0 -1 1
  2  1  0  0 -1 0
  1  1  0  0  0 0
1,1,1;1,1;1 1 12
72 
#2 
6	% 
 -3 -1  2  0 -2 0
 -2  0  0 -1  2 0
  6  1 -2  1  0 0
 -1  0  0 -1  1 1
  3  0 -1  1  0 0
 -1  0  1  0 -1 0
6	% 
  0 1  0  0  0 0
  0 0  1  0  0 0
  0 0 -1  1 -2 0
  0 0  1 -1  0 1
  0 0  0  0 -1 0
 -1 0  0  0  0 0
1,1,1,1;1;1 1 5
36 
#2 
6	% 
  1  0  0  0  0  0
  2  0  0  1 -1 -1
  2  0 -1  1 -1  0
 -4 -1  1 -1  1  1
  4  0 -1  2 -1 -1
 -3 -1  1 -1  1  0
6	% 
 0 -1 0 -1 -1  0
 0 -1 1 -2 -1  0
 1 -1 0 -1 -1  0
 0  2 0  3  2 -1
 0 -2 0 -2 -2 -1
 1  2 0  1  1  0
1,1;1,1;1,1 1 3
15 
#3 
6	% 
  0 -7  3  4 0  0
  0  0  0 -1 1  1
 -1 -1  0  0 0  0
  0  5 -2 -3 0  0
 -1 -3  1  2 0 -1
  1 -2  1  2 0 -1
6	% 
 1  2  0  0 0 0
 0  0 -1  1 0 0
 0  1 -1  0 0 0
 0 -1  0  0 0 0
 0  0  1 -1 0 1
 0  1  0 -1 1 0
6	% 
  5  0  0  0  2 -2
  0  0  1 -1  0  0
  0 -1  1  0  0  0
 -3  0  0  0 -1  1
  2  1 -2  2  0 -1
  2  0 -1  1  1  0
1,1,1;1,1;1 1 7
36 
#2 
6	% 
 0  1 -2  1 0  0
 0  1 -2  2 0 -2
 0 -2  4 -4 1  3
 1  1 -1  1 0 -1
 1  0  0  0 0  0
 0  1 -1  0 0  0
6	% 
  0  1  0  0  0  0
  0 -2  1 -1  1  1
  0  3 -1  2 -2 -2
  0 -1  1 -1  0  1
  0  0 -1  1  0  0
 -1  0  0  0  0  0
1,1;1,1;1,1 1 6
36 
#2 
6	% 
 -3 -2  0  0  0  0
  1  1  1 -1  0 -1
  2  1  0  0  0  0
  0  1 -1 -1  1  1
  0  0 -1  0  1  1
  1 -1  1  1 -1  0
6	% 
 -2 -2  3 -3  0  0
  0 -2  2  0  0  1
  1  1 -1  1  0  0
  2  2 -2  1 -1 -1
 -2  2 -2  0  1 -1
  1 -2  2  0  0  1
1,1;1,1;1,1 1 9
6 
#1 
6	% 
  1  0 0  0  0  0
  0 -1 0  2 -1 -1
  0 -1 0  1 -1  1
  0 -1 1  0 -1  1
 -1 -1 1 -1  0  1
  1  1 0 -1  1  0
1,1,1;1;1;1 1 16
12 
#1 
6	% 
 0  0  0  0  1 -1
 0  0 -1  2  1 -3
 0 -1  1 -1 -1  3
 1  1 -1  1  1 -2
 0  0 -1  1  1 -2
 1  0  0  0  0  0
1,1;1,1;1;1 1 30
12 
#1 
6	% 
  0  0 -1  1 0 0
  1  1  1 -2 1 0
  0  1 -1  0 0 0
  1 -1  1  0 0 1
 -1 -1  0  0 0 0
  1  0  0  0 0 0
1,1;1,1;1;1 1 38
6 
#1 
6	% 
 0 -1  1  1 0 -2
 0  0  1  0 0 -2
 0  1 -1 -1 1  1
 1  1 -1  0 0  1
 1  0  1  0 0 -1
 1  0  0  0 0  0
1,1;1,1;1;1 1 15
9 
#2 
6	% 
  0  0  0 1 -1 -1
  0 -2  2 0 -1  1
 -1  0 -1 0  1  0
  1  0  0 0  0  1
  1  1  0 0  0  0
  1  0  0 0  0  0
6	% 
  0 -2 1 1 0  0
  0  0 0 0 1 -1
 -1 -1 0 0 0  1
  1  0 0 1 0 -1
  1  1 0 0 0  0
  1  0 0 0 0  0
1,1,1;1;1;1 1 12
12 
#1 
6	% 
 0 0 -1 0 1  1
 0 0 -1 1 0  0
 0 1  0 0 0 -1
 1 1 -1 0 0  1
 1 0  0 0 0  0
 1 1  0 0 0  0
1,1,1,1;1;1 1 6
3 
#1 
6	% 
  0 -1  1  1 -1 -1
  0 -1  1  0  0  0
  0 -1  0  1  0  0
  0  2 -1 -1  0  1
  1 -1  1  1  0 -1
 -1  0  0  0  0  0
1,1,1;1;1;1 1 8
36 
#2 
6	% 
 0  0  0  0 -1 1
 0  1 -1 -1  2 0
 0 -1  1  0 -1 0
 1  0  0  0  0 0
 0  0  1  0 -2 0
 0  0 -1  0  1 0
6	% 
  1  0  0  0  0 0
 -3 -2  2 -1  1 1
  3  2 -2  1 -1 0
  1  1  0  0  0 0
  3  2 -2  0 -1 1
 -2 -1  1  0  1 0
1,1;1,1;1;1 1 21
36 
#2 
6	% 
 0  1 -1  0  1 -1
 0 -2  4 -3  1  1
 0  1 -4  4 -2  0
 0  1 -2  2 -1  0
 0  0  1 -1  1 -1
 1  1 -2  2 -1  0
6	% 
 -2  3 -3  0  1 -1
  5  0  0  1 -2  0
 -5 -1  1 -1  2  0
 -2  0  0  0  1  0
  2  3 -3  1 -1 -1
 -3 -1  0  0  1  0
1,1;1,1;1;1 1 35
6 
#1 
6	% 
  0 -2  1  3 -2 -2
 -1  0  0 -1  1  0
  0 -1 -1  2 -2  2
  0  0  0 -1  1  0
  0 -1  1  1 -1 -1
  0  0 -1  1 -1  1
1,1;1,1;1;1 1 6
45 
#4 
6	% 
  0  0 -1 1  0  0
  0 -3  3 0 -2  2
  0  1 -2 0  2  0
  0  0  1 0 -1 -1
 -1  0 -1 0  1  0
  0  0 -1 0  1  0
6	% 
  0  0 0  0 -1 1
  0  2 1 -3  0 0
  0 -1 0  2 -2 0
  0  0 0 -1  2 0
 -1 -1 0  1 -1 0
  0 -1 0  1 -1 0
6	% 
  0 -1  1  0  0  0
 -3  0  0  0 -2  2
  1  1 -1  1  0 -2
  0 -1  1 -1  1  1
  1  1  0  0  0 -1
  0  0  0  0  0 -1
6	% 
  0  0  0  0 -1 1
  3  2 -2  0  0 0
 -1 -1  1  1 -2 0
  0  0  0 -1  2 0
 -1 -1  0  1 -1 0
 -1 -1  1  0 -1 0
1,1,1;1;1;1 1 4
20 
#2 
6	% 
  0  0 -1  1  0 0
  0  0  1 -1 -1 1
  0  0 -1  0  2 0
 -1 -1  1  0 -2 0
  0 -1  1  0 -1 0
 -1 -1  1  0 -1 0
6	% 
 -1 -1  1  0  0  0
  1  0  0  0  0  0
  1  1 -1  0  1 -1
 -1 -1  2 -1 -1  1
 -1 -1  1 -1  0  1
  0  0  1 -1  0  1
1,1,1;1,1;1 1 9
24 
#1 
6	% 
 0 0  1  0 -2 0
 0 0  1 -1 -1 1
 0 0 -2  1  2 0
 0 0  1  0 -1 0
 1 1  0  0  0 0
 2 1  0  0  0 0
1,1,1;1,1;1 1 11
48 
#2 
6	% 
 0 -1 0  0 0  0
 0  0 0 -1 0  0
 0  2 0  3 1  0
 0 -1 1  0 0 -1
 0  0 0 -1 0  1
 1  0 0  0 0  0
6	% 
 0  1 -2  2 -2  0
 0  1 -2  3 -2 -2
 0 -3  6 -7  5  3
 0  1 -1  1 -1  0
 0  1 -1  2 -1 -1
 1  1 -1  1 -1  0
2-1;2-1;1,1 1 4
3 
#1 
6	% 
 0  0  0  0 1 -1
 0 -1  0  0 0  0
 0  0 -1  0 0  0
 0  0  0  0 0 -1
 1  1  0  0 0  0
 0  0  0 -1 0  1
2-1,2-1;1,1 1 2
12 
#1 
6	% 
  1 1  0 0 0  0
  1 0  0 0 0  0
  0 0  0 0 1 -1
  0 0  0 1 0 -1
 -1 0 -1 0 0  0
  0 0  0 0 0  1
2-1,2-1;1;1 1 4
12 
#1 
6	% 
  1 0  0  0  0  0
  1 1  0  0  0  0
 -1 0 -1  1  0  0
  0 0  0 -1  0  0
  0 0  0  0  0 -1
  0 0  0  0 -1  0
2-1,2-1;1;1 1 6
12 
#1 
6	% 
 0 1 -1  0  0  0
 0 0 -1  1  0  0
 1 0  1 -1  1  0
 0 0  0  1 -1  0
 0 0  0  1 -1 -1
 0 0  0  0 -1  1
2-1,2-1;2-1 1 2
12 
#1 
6	% 
  1 0  0  0  0  0
  1 1  0  0  0  0
 -1 0 -1  1  0  0
  0 0  0 -1  0  0
  0 0  0  0  0 -1
  0 0  0  0 -1  0
2-1,2-1;1,1 2 3
12 
#1 
6	% 
  0  0  0  0 1 -1
 -6  1 -4  0 0  0
 -6  5 -9  5 0  0
  1  2 -2  3 0 -1
  3 -2  4 -2 0  0
  1  2 -2  2 0  1
2-1,2-1;1;1 2 6
12 
#1 
6	% 
   8 -3   7  0 0 0
  -8 -1   0 -7 0 0
 -15  5 -12 -1 0 0
  -8  6 -12  5 0 0
  -4  3  -6  2 0 1
  -4  3  -6  2 1 0
2-1,2-1;1;1 2 10
12 
#1 
6	% 
  1  0 0  1 0  0
  0 -1 2 -2 0  0
 -1  0 1 -3 1  0
  1 -1 2 -1 1  0
  0  0 0 -1 1  1
  0  0 0  0 1 -1
2-1,2-1;2-1 2 3
12 
#1 
6	% 
   8 -3   7  0 0 0
  -8 -1   0 -7 0 0
 -15  5 -12 -1 0 0
  -8  6 -12  5 0 0
  -4  3  -6  2 0 1
  -4  3  -6  2 1 0
2-1;2-1;1;1 1 7
3 
#1 
6	% 
 1 0  0 0 0 0
 0 1  0 0 0 0
 0 1 -1 1 0 0
 0 0  0 1 0 0
 0 0  0 0 0 1
 0 0  0 0 1 0
2-1;2-1;1;1 1 17
3 
#1 
6	% 
 1  1 0 0  0  0
 0 -1 0 0  0  0
 0 -1 1 0 -1  0
 0  0 0 1 -1  0
 0  0 0 1 -1 -1
 0  0 0 0 -1  1
2-1;1,1;1;1 1 9
18 
#2 
6	% 
 0  0  0 -1 1  1
 0 -1  0  0 0  0
 0 -1  0  1 0 -2
 1  1  0  0 0  0
 0  0 -1  1 0 -1
 0  0  0  0 0 -1
6	% 
 0  2 -2  0  1 -1
 0 -1  0  0  0  0
 0 -4  3  0 -1  1
 1  1  0  0  0  0
 0 -2  2 -1  0  1
 0 -2  2  0 -1  0
2-1;1,1;1;1 1 19
24 
#1 
6	% 
 -1  0  0  0  0 0
  0 -1  0  0  0 0
  0  1 -1  0 -1 1
  0 -2  2 -1  1 0
  0 -1  1 -1  1 1
  0 -2  1  0  1 0
2-1;1,1;1;1 1 23
6 
#1 
6	% 
 -3 -2  0 0  0  0
 -1 -1  0 1 -1  0
  1  1 -1 0  1  0
 -1  0  0 0 -1  0
  0  0  0 1 -1 -1
  0  0  0 0 -1  1
2-1;1;1;1;1 1 19
6 
#1 
6	% 
  0  1 -1 0 0  0
  0 -1  0 1 0  0
  1  0  0 1 0 -1
  0 -1  0 0 1  0
 -1 -1  0 0 0  0
  1  0  0 0 0  0
2-1;1;1;1;1 1 31
3 
#1 
6	% 
 -1  0 -1  1 -1  0
 -1 -1  0  1 -1  0
  1  1  0  0  0  0
  0  0  0 -1  1  1
 -1  0  0  0  0  0
  0  0  0  0  1 -1
2-1;1;1;1;1 1 8
3 
#1 
6	% 
  0  1 -1 0 0  0
  0 -1  0 1 0  0
  0 -1  0 1 1 -1
 -1 -1  0 1 1 -1
  0  0  0 1 0 -1
  0  0  0 0 1  0
1,1;1,1;1;1 1 10
72 
#2 
6	% 
 -3 -2  0 0  0  0
  1  0  0 0  1  0
  2  1  0 0  0  0
  0  0  0 1 -1 -1
  0  0  0 0  1 -1
  1  1 -1 1 -1  0
6	% 
 0 -2  2  0 -1  1
 0  2 -1  1  0 -1
 0  1 -1  0  1 -1
 1 -2  1 -1  0  0
 1  3 -1  1  0  0
 0 -1  0  0  0 -1
1,1;1,1;1;1 1 25
24 
#1 
6	% 
  0 -1  2 -1  1 0
 -1 -2 -1  1  0 0
  0  1 -1  0 -1 1
  0 -2  1  0  1 0
  0 -1  1 -1  1 1
 -1  1  1 -1  0 0
2-1;1,1;1;1 1 30
12 
#1 
6	% 
  1  0  0 0  0  1
 -1  0 -1 1  0 -1
 -1 -1  0 0  0  0
  0  0  0 0 -1  1
 -1  0  0 1  0 -2
  0  0  0 1 -1 -1
1,1,1;1;1;1 1 15
24 
#1 
6	% 
 0 -1 -1  0  1 0
 0  1  0  0 -1 1
 1  1  0  0  0 0
 0  1  0  1 -1 0
 1  0  0  0  0 0
 0 -1  0 -1  1 1
1,1;1,1;1;1 1 28
48 
#1 
6	% 
  0 -1 0  0 -1  1
  0 -1 1  0  0 -1
  0 -1 0  1 -1 -1
 -1  0 0 -1  0  1
 -1  0 0  0  0  0
  1  1 0  0  0  0
1,1;1,1;1,1 1 10
24 
#1 
6	% 
  1  0 -2  2  0  0
  0  0  1  1 -1 -1
 -1  0  1 -2  0  1
  1  1 -2  2  0  0
  1  1 -2  1  0  1
  0 -2  1  0  1 -1
2-1,2-1,2-1 2 1
16 
#1 
6	% 
  0 0  0  0 -1  1
  0 0  0 -1  1  1
 -1 0  0  0  0  0
  1 1  0  0  0  0
  0 0  0  0  0 -1
 -1 0 -1  1 -1  0
2-1,2-1,2-1 3 1
48 
#1 
6	% 
 1 -1  2 -1  1  0
 0  0  1 -1  0 -1
 1  0  2 -1  0 -1
 0  1 -1  0 -1  0
 1  1  0  0  0  0
 1  0  0  0  0  0
1,1;1,1;1;1 1 27
12 
#1 
6	% 
 1 1  0  0  0  0
 0 0  1  0  0 -2
 0 1 -2 -2  1  5
 0 1 -1 -1  0  3
 0 0  2  1  0 -5
 0 1 -2 -1 -1  5
1,1;1,1;1;1 1 37
24 
#1 
6	% 
  0 -1 0 0 -1  0
 -1  0 0 0  0  0
  0  1 0 0  0  1
  0  0 1 0  0 -1
  0  0 0 1 -1 -1
 -1 -1 1 0  0 -1
1,1,1;1;1;1 1 17
8 
#1 
6	% 
 0 -1 -1  0  0  1
 1  3  1  1  0 -3
 0 -1  0 -1  1  1
 0 -1 -1 -1  0  2
 1  1  0  1  0 -1
 0 -1  0  0 -1  1
1,1;1,1;1,1 1 12
8 
#1 
6	% 
 0 0 -1  0 0  1
 0 1  0  0 1 -1
 0 0  0  1 0 -1
 1 3  0 -1 0 -1
 0 1 -1  0 0  0
 1 2  0 -2 1  0
1,1;1;1;1;1 1 8
15 
#2 
6	% 
 0 0 1 -1 0  0
 0 1 0 -1 0  0
 1 0 0  1 0  0
 1 0 0  1 1 -1
 0 0 0  1 0 -1
 1 0 0  1 0 -1
6	% 
 0 0 -1 1  0  0
 0 0  1 0 -1 -1
 1 1 -1 0  1  1
 0 1 -1 0  1  1
 0 1 -1 0  1  0
 0 1 -1 0  0  1
1,1;1;1;1;1 1 13
24 
#1 
6	% 
 0 -2  3 -3  2  2
 0  1 -2  2 -1 -1
 1  0  0  0  0  0
 0 -1  1 -1  1  0
 0  1 -3  4 -2 -2
 0 -1  1 -1  0  1
1,1;1;1;1;1 1 18
18 
#2 
6	% 
 0 -2 1 1  0  0
 0 -1 0 1  0  0
 1  1 0 0  0 -1
 0  1 0 0 -1  0
 0  0 0 0 -1  1
 0  0 0 1 -1 -1
6	% 
  1  0 0  0  0  0
  1  0 1 -1  0  0
 -1 -1 0  1  0 -1
  0  0 0  1 -1  0
  0  0 0  0 -1  1
  0  0 0  1 -1 -1
1,1;1;1;1;1 1 29
24 
#1 
6	% 
 -1 1 -1  0  0  0
  0 1 -1  0  0  1
  1 0  1 -1  0  0
 -1 0 -1  1 -1  0
  0 0  0  1 -1 -1
  0 0  0  0 -1  1
1,1;1;1;1;1 1 31
12 
#1 
6	% 
 1  1 -1  0  0  1
 0  1  0  0 -1  0
 0  1 -1 -1  0  2
 0  0  1  0  0 -2
 0  1 -2  0 -1  3
 0 -1  2  1 -1 -3
1,1;1;1;1;1 1 41
3 
#1 
6	% 
 3 1  0 0  0  0
 0 0 -1 1  0  0
 1 1 -1 0  0  1
 0 0  0 1 -1 -1
 1 0  0 0  0  1
 0 0  0 0  1 -1
1;1;1;1;1;1 1 20
3 
#1 
6	% 
 -1 -1  1 -1  0 1
  0  0  0  1 -1 0
  0 -1  1  0  0 0
  0  0 -1  1  0 0
  1  1  0  0  0 0
 -1  0  0  0  0 0
1;1;1;1;1;1 1 36
1 
#1 
6	% 
  0 -1  0  0 0  0
  0  0  0 -1 0  2
 -1  0  0  0 0  0
  0  0  0  0 0  1
  0  1 -1  0 0  1
  0  0  0  0 1 -1
1;1;1;1;1;1 1 12
3 
#1 
6	% 
  1  0 -1 1  0  0
  0  1 -1 0  0  0
  0  1  0 0  0 -1
  0  1  0 0 -1  0
 -1  0  0 0  0  0
 -1 -1  0 0  0  0
1;1;1;1;1;1 1 6
1 
#1 
6	% 
  1 0  0 0 0 0
 -1 1 -1 0 0 0
 -2 0 -1 0 0 0
 -2 0 -2 1 0 0
 -1 0 -1 0 0 1
 -1 0 -1 0 1 0
1,1;1;1;1;1 1 52
12 
#1 
6	% 
  0  1 -2  1 0  0
  0 -4  8 -5 0  2
  0 -1  1  0 0  0
 -1 -3  5 -3 0  1
  0 -3  5 -3 0  1
  0  2 -4  2 1 -1
