#22

2-2;2-2;1;1 1 9
1 
#1 
6	% 
 1 0 0 0 0 0
 0 1 0 0 0 0
 0 0 1 0 0 0
 0 0 0 1 0 0
 0 0 0 0 1 0
 0 0 0 0 0 1
1,1,1,1,1,1 1 1
1 
#1 
6	% 
 1 0 0 0 0 0
 0 1 0 0 0 0
 0 0 1 0 0 0
 0 0 0 1 0 0
 0 0 0 0 1 0
 0 0 0 0 0 1
1,1,1,1;1,1 1 3
14 
#4 
6	% 
  1 0  2 -1  2 -1
  2 1  2 -1  0  0
  0 0 -1  0 -1  0
 -1 0 -1  0  0  0
  1 0  1 -1  0  0
  0 0  1 -1  1 -1
6	% 
  1  0  0  0 0  0
  0  1  0 -1 0  0
 -1  0 -1  0 1 -1
  0 -1  1  0 0  0
  0  1  1 -1 0  0
  1  0 -1  1 1  0
6	% 
  1 0  0 -1 0  1
  2 1  1  0 1 -1
  0 0  0  0 0 -1
 -1 0 -1  0 0  0
  1 0  0  0 1 -1
  0 0  0 -1 0  0
6	% 
  1 0  1 1  1  1
  2 1  1 0  1  0
  0 0 -1 0  0 -1
 -1 0  0 0 -1  0
  1 0  1 0  0  0
  0 0  0 1  1  0
1,1,1,1,1;1 1 1
2 
#1 
6	% 
  0 0  0  0 -1  0
 -1 0 -1  0 -1 -1
 -1 0  0 -1 -1 -1
  0 0 -1 -1  0 -1
  1 0  1  1  1  1
  0 1  0  0  0  0
1,1,1,1;1,1 1 1
1 
#1 
6	% 
 0  0 -1 -1  0 -1
 0  0  0 -1 -1 -1
 0  0 -1  0 -1 -1
 0  0  1  1  1  1
 0 -1  0  0  0  0
 1  1  0  0  0  0
1,1,1;1,1,1 1 3
14 
#3 
6	% 
  1  0  0  0  2 -1
  0  1  0 -1  0  0
  1 -1  1  0  2 -1
  0  1  0  0 -1  1
 -1 -1 -1  1 -2  1
  0  1  0  0  1  0
6	% 
 -1  0  0  1  0 -1
  0  1  1  1 -1  2
  0 -1  0  0  1 -2
  1  0  0  0  0  1
  0 -1 -1 -1  0  0
 -1  0  0  1  0  0
6	% 
  1  0 1  1  1  1
  0 -1 0 -1  0  1
  0  1 0  1  0  0
 -1  0 0 -1 -1  0
  0  1 0  0  0 -1
  1  0 1  0  0  1
2-2',2-2';1,1 1 1
1 
#1 
6	% 
 0  0 1  0 0  0
 0  0 1 -1 0  0
 0  0 1 -1 1 -1
 0  0 0 -1 0 -1
 0 -1 0  0 0  0
 1  1 0  0 0  0
1,1,1;1,1;1 1 8
28 
#4 
6	% 
 0   4  2 -1  4 -2
 0   4  2 -1  2 -1
 0 -11 -6  3 -8  4
 0   2  1 -1  2 -1
 0   2  1  0  1  0
 1   0  0  0  0  0
6	% 
 0 0 0 -1  0 -1
 0 0 0 -2  0 -1
 0 1 0  4  0  3
 0 0 1 -1  1 -1
 0 0 0 -1 -1  0
 1 0 0  0  0  0
6	% 
  0 0 -1  0  1  0
 -2 0 -1 -1  1  1
  3 0  3  1 -3 -1
  0 0 -1 -1  0 -1
 -1 0  0  0  1  1
  0 1  0  0  0  0
6	% 
  0 0  1  0 -1  0
 -2 0  1 -1  0 -1
  3 0 -3  1  2  1
  0 0  1  1  1 -1
 -1 0  0 -1 -1  0
  0 1  0  0  0  0
2-2,2-2;1,1 1 1
1 
#1 
6	% 
 0 0  0 -8  0 -5
 0 0  8 -8  5 -5
 0 0  0  5  0  3
 0 0 -5  5 -3  3
 1 0  0  0  0  0
 0 1  0  0  0  0
1,1;1,1;1;1 1 36
36 
#4 
6	% 
  1  0  0  0 0  0
  0  1  0  0 0  0
 -1  1  0  0 1  0
 -1 -1 -1  0 0  0
  1  1  1 -1 0  0
 -1  1  0  0 1 -1
6	% 
 0 1  0 0  0  0
 1 0  0 1  0 -1
 0 0  1 0  0  0
 0 0  0 0 -1  1
 0 0  0 0 -1  0
 0 0 -1 1  0  0
6	% 
 1  0  0  1 0 -1
 0  1  0  0 0  0
 0  1  0  0 1  0
 0 -1 -1  0 0  0
 0  1  0  0 1 -1
 0  1  1 -1 0  0
6	% 
  1 0  0 0 0  0
  0 1  0 1 0 -1
 -1 0  0 0 1 -1
 -1 0  0 0 1  0
  1 0  1 0 0  0
 -1 0 -1 1 0  0
1,1;1,1;1,1 1 5
7 
#3 
6	% 
 0 -1  0  0  0  0
 1  1  0  0  0  0
 0  0 -1  1 -2  1
 0  0  1 -1  1 -1
 0  0 -1  0 -2  1
 0  0  1  0  1  0
6	% 
 0 -1  0  0  0  0
 1  1  0  0  0  0
 0  0 -1  0 -1  2
 0  0  1  0  0  0
 0  0 -1 -1 -1  1
 0  0  0  0  1 -1
6	% 
 1 0 0 0 0 0
 0 1 0 0 0 0
 0 0 0 0 1 0
 0 0 0 0 0 1
 0 0 1 0 0 0
 0 0 0 1 0 0
1,1,1;1;1;1 1 19
12 
#2 
6	% 
 1 1  0 0  0  0
 0 1  0 0  0  0
 0 0  0 0 -1  0
 0 0 -1 0  0  0
 0 0  0 0  1 -1
 0 0 -1 1  0  0
6	% 
 0  1  0 0  0  0
 1  1  0 1  0 -1
 0 -1  0 0 -1  1
 0  1 -1 1  0  0
 0  1  1 0  0  0
 0  1  0 0 -1  0
1,1,1,1;1;1 1 1
1 
#1 
6	% 
 0 0 -1 -1  0 -1
 0 0 -1  0 -1 -1
 0 0  0 -1 -1 -1
 0 0  1  1  1  1
 1 0  0  0  0  0
 0 1  0  0  0  0
2-2',2-2';1;1 1 1
1 
#1 
6	% 
 0 0  0 1 -1 1
 0 0 -1 1 -1 0
 0 0  0 1  0 0
 0 0 -1 1  0 0
 1 0  0 0  0 0
 0 1  0 0  0 0
2-2,2-2;1,1 2 1
1 
#1 
6	% 
 0  0  1 -1  1 -1
 0  0  0 -1  0 -1
 0  0 -1  0  0 -1
 0  0 -1  1 -1  0
 0 -1  0  0  0  0
 1  1  0  0  0  0
1,1;1,1;1;1 1 23
7 
#3 
6	% 
 1 0  0  0  0  0
 0 1  0  0  0  0
 0 0 -1  0 -1  2
 0 0  1  0  0  0
 0 0 -1 -1 -1  1
 0 0  0  0  1 -1
6	% 
 0 1 0 0 0 0
 1 0 0 0 0 0
 0 0 0 0 1 0
 0 0 0 0 0 1
 0 0 1 0 0 0
 0 0 0 1 0 0
6	% 
 0 1 0 0 0 0
 1 0 0 0 0 0
 0 0 0 1 0 0
 0 0 0 0 1 0
 0 0 1 0 0 0
 0 0 0 0 0 1
2-2,2-2;1;1 1 1
1 
#1 
6	% 
 0 0  0 0  0 -1
 0 0  0 0  1 -1
 0 0  0 1  0  2
 0 0 -1 1 -2  2
 1 0  0 0  0  0
 0 1  0 0  0  0
2-2;2-2;1,1 1 5
1 
#1 
6	% 
 0 -1  0 0 0  0
 1  1  0 0 0  0
 0  0  0 0 0 -1
 0  0  0 0 1 -1
 0  0  0 1 0  0
 0  0 -1 1 0  0
2-2,2-2;1;1 2 1
1 
#1 
6	% 
 0 0 -1  1 -1  0
 0 0 -1  0  0 -1
 0 0  0 -1  0 -1
 0 0  1 -1  1 -1
 1 0  0  0  0  0
 0 1  0  0  0  0
1,1;1;1;1;1 1 46
24 
#2 
6	% 
 0  1 0  0  0 0
 1  0 0  0  0 0
 0 -1 0  0  1 0
 0  1 0  0 -1 1
 0  1 1 -1  0 0
 0  1 1  0  0 0
6	% 
 0 1  0 1  0 -1
 1 0  0 0  0  0
 0 0  0 0 -1  1
 0 0  1 0  0  0
 0 0  0 0 -1  0
 0 0 -1 1  0  0
1;1;1;1;1;1 1 30
3 
#1 
6	% 
 1 0  0 0 0  0
 0 1  0 0 0  0
 0 0  0 0 1  0
 0 0  0 0 1 -1
 0 0 -1 1 0  0
 0 0 -1 0 0  0
1,1;1;1;1;1 1 48
3 
#1 
6	% 
 0 -1  0 0  0 0
 1  1  0 0  0 0
 0  0  0 0 -1 1
 0  0 -1 0  0 0
 0  0  0 0  1 0
 0  0 -1 1  0 0
