#12

2-1;1,1;1;1 1 35
1 
#1 
6	% 
 1 0 0 0 0 0
 0 1 0 0 0 0
 0 0 1 0 0 0
 0 0 0 1 0 0
 0 0 0 0 1 0
 0 0 0 0 0 1
1,1,1,1,1,1 1 1
1 
#1 
6	% 
 1 0 0 0 0 0
 0 1 0 0 0 0
 0 0 1 0 0 0
 0 0 0 1 0 0
 0 0 0 0 1 0
 0 0 0 0 0 1
1,1,1,1;1,1 1 3
7 
#4 
6	% 
  1 -1 -1 -1  1  0
  0  0  0 -1  0  0
  0  1  1  0 -1  1
 -1  0  1  1 -1  0
  0 -1  0 -1  0  1
  1  0  0  1  1 -1
6	% 
  1  1  1  0 -1 -1
  1  1  0  1  0 -1
 -1  1  0 -2  2 -2
  0 -1 -1  0  0  1
  1  0  0  1 -1  0
 -1  1  2 -1  1 -1
6	% 
  1 1  0  1  0  0
  0 0 -1 -1  1 -1
 -1 0  0  0  1  0
  0 0  0  0 -1  0
  0 0  0 -1  0 -1
  1 0  0  2  0  1
6	% 
 0 0 0  0  0 -1
 0 0 1  0  0 -2
 0 0 0 -1  0 -1
 1 0 0  0  1  2
 0 1 0  1  0 -2
 0 0 0  0 -1  0
1,1,1,1,1;1 1 2
2 
#1 
6	% 
  1  1  1  1  1  0
  1  1  1  1  2 -2
  0  1  1  1  1  0
  0  1  1  2  0  0
 -1 -2 -1 -2 -2  1
  0  1  2  2  1  0
2-1;1,1,1;1 1 8
2 
#1 
6	% 
  0  0  0  0 0 -1
 -1  1  1  0 0  0
  0 -1 -1 -1 0  0
  1  0 -1  0 1  0
  0  1  0  0 0 -1
 -1  0  0  0 0  0
1,1,1;1,1,1 1 4
2 
#1 
6	% 
  0 -2 -1 -1  0 -1
  0 -3  0 -2  1  0
  0  4  1  3 -1  1
  1 -1  0 -1  1  0
 -1  3  0  2 -1  1
  0 -3  0 -2  0 -1
1,1;1,1;1,1 1 11
3 
#2 
6	% 
  0  0  0 -1  0  0
 -1  0 -1 -2  2 -2
  0  1  2  0  1 -1
  1  1  2  2 -1  1
  0  0  0  3  0  1
 -1 -1 -2 -4  0 -1
6	% 
  1 -1 -1 -2  2 -2
  0  1 -1  2 -1 -1
 -1  0 -1  1 -2 -1
  0  0  1 -1  0  1
 -1  1  2  2 -2  4
  1 -1 -1 -2  3 -2
1,1,1;1;1;1 1 19
4 
#2 
6	% 
  1 -1 -1  1 -1  1
  0  0  0  0 -1  0
 -1  0  0 -1  1 -1
  1  0 -1  1 -1  0
  0 -1 -1  0 -1  1
  0 -1  0  1 -2  1
6	% 
  2 0 -1  0 1 -1
  1 1  0  1 0  0
 -1 0  0  0 0  1
  1 0 -1  0 1 -1
  1 0 -1 -1 1 -1
  1 0  0  0 1  0
1,1,1,1;1;1 1 5
1 
#1 
6	% 
 0  0  0  1 0  1
 1 -1 -1  1 0  1
 0  1  0  2 0  1
 0  1  1 -1 0 -2
 1  0  0  2 0  2
 1  0 -1 -2 1 -2
1,1;1,1;1;1 1 31
1 
#1 
6	% 
  0  1  1  0  0 -1
 -1  0  0 -1  1  0
  0  0 -1 -1  0 -1
 -1 -1 -1 -1  0  0
  0  0  0  0 -1  0
  0  0 -1  0  0  0
1,1,1;1,1;1 1 12
4 
#2 
6	% 
 -1 -1 -1 -2 -1 -1
 -1 -1 -1 -1 -1 -1
  3  3  3  4  2  2
 -1  0  0  0 -1  0
  2  1  1  1  2  0
  0  0 -1 -1  0 -1
6	% 
  1  1  1  0  1 -1
  2  0  0 -4  5 -5
 -4 -2 -2  5 -8  8
  1  0  0  0  3 -2
 -2 -1 -1  3 -4  4
  1  1  0  0  1 -1
1,1;1;1;1;1 1 57
1 
#1 
6	% 
 0 0  0 -1  0 -1
 0 1  0 -1  1 -1
 0 0  0  0 -1 -1
 0 0  0  1  1  1
 1 1  0  0  0 -1
 0 0 -1 -1  0 -1
