#13

2-1,2-1;1;1 3 3
1 
#1 
6	% 
 1 0 0 0 0 0
 0 1 0 0 0 0
 0 0 1 0 0 0
 0 0 0 1 0 0
 0 0 0 0 1 0
 0 0 0 0 0 1
1,1,1,1,1,1 1 1
1 
#1 
6	% 
 1 0 0 0 0 0
 0 1 0 0 0 0
 0 0 1 0 0 0
 0 0 0 1 0 0
 0 0 0 0 1 0
 0 0 0 0 0 1
2-1',2-1';1,1 1 1
1 
#1 
6	% 
  1 0  1 -1 0  0
  0 1  1  1 0  0
  0 1  0  1 0  0
 -1 0 -1  0 0  0
  0 0  0  0 0 -1
  0 0  0  0 1  1
1,1,1,1;1,1 1 3
4 
#1 
6	% 
  1  0  0  1  0 -1
 -1 -1 -1 -1 -1 -1
  0  0  0 -1  0  0
  0  0  1  1  0  1
 -1 -1  0  0  0 -1
  1  0  0  0  0  0
1,1,1,1,1;1 1 2
2 
#1 
6	% 
  1  0  0  0  0  0
  0  0  1  0  0  0
  1  0  1 -1  0  0
  0 -1  0 -1 -1 -1
 -1  1 -1  1  0  1
  1 -1  1 -1 -1  0
1,1,1,1;1,1 1 1
1 
#1 
6	% 
  0 -1 -1 -1 0  0
 -1  0 -1 -1 0  0
 -1 -1  0 -1 0  0
  1  1  1  1 0  0
  0  0  0  0 0 -1
  0  0  0  0 1  1
2-1',2-1';1;1 1 3
1 
#1 
6	% 
  1 0  1 -1 0 0
  0 1  1  1 0 0
  0 1  0  1 0 0
 -1 0 -1  0 0 0
  0 0  0  0 0 1
  0 0  0  0 1 0
1,1,1;1,1,1 1 4
4 
#1 
6	% 
  1  0  0 -1  0  1
  1  1  0  0  0  1
 -1 -1  0  1  1 -1
  1  0  0 -1 -1  0
 -1  0  1  1  1 -1
  0  0 -1 -1 -1  0
2-1,2-1;1,1 3 1
1 
#1 
6	% 
  1  0  1 -1 0  0
  0  1  1  1 0  0
 -1  1  0  1 0  0
 -1 -1 -1  0 0  0
  0  0  0  0 0 -1
  0  0  0  0 1  1
1,1;1,1;1,1 1 5
2 
#1 
6	% 
  0  0 0  0 0 -1
  0  0 0  0 1  1
  1  0 1  0 0  0
 -1  0 0  0 0  0
  0 -1 0 -1 0  0
  0  0 0  1 0  0
1,1,1;1,1;1 1 12
8 
#1 
6	% 
  2  0  0  2  1 -1
  2  1  1  2  2 -2
 -5 -1 -1 -5 -4  4
  1  0  1  1  1 -1
 -2  0 -1 -3 -2  2
  1  0  0  1  1  0
1,1,1,1;1;1 1 3
1 
#1 
6	% 
  0 -1 -1 -1 0 0
 -1  0 -1 -1 0 0
 -1 -1  0 -1 0 0
  1  1  1  1 0 0
  0  0  0  0 0 1
  0  0  0  0 1 0
1,1;1,1;1;1 1 34
2 
#1 
6	% 
  0  0  0 1 0 0
 -1  0  0 0 0 0
  0  0  0 0 0 1
  0  0 -1 0 0 0
  0 -1  0 0 0 0
  0  0  0 0 1 0
