#17

1;1;1;1;1;1 1 39
1 
#1 
6	% 
 1 0 0 0 0 0
 0 1 0 0 0 0
 0 0 1 0 0 0
 0 0 0 1 0 0
 0 0 0 0 1 0
 0 0 0 0 0 1
1,1,1,1,1,1 1 1
1 
#1 
6	% 
 1 0 0 0 0 0
 0 1 0 0 0 0
 0 0 1 0 0 0
 0 0 0 1 0 0
 0 0 0 0 1 0
 0 0 0 0 0 1
1,1,1,1;1,1 1 3
6 
#1 
6	% 
  0  1 -1  0  1  0
  1  2 -1  0  2 -1
  1  0  0 -1 -1 -1
 -1 -1  1  0  0  0
  1  1 -1  1  1  0
 -1  0 -1 -1 -1  0
1,1,1,1,1;1 1 2
1 
#1 
6	% 
 -1  0  0 -1 -1 -1
 -1  0  0  0  0  0
 -1  0 -1 -1  0 -1
 -1  0 -1  0 -1 -1
  2 -1  2  0  0  2
 -2 -1 -1 -1 -1 -1
1,1,1,1,1;1 1 1
1 
#1 
6	% 
 0  0  0  0 -1  0
 0 -1 -1  0 -1 -1
 0 -1  0 -1 -1 -1
 0  0 -1 -1  0 -1
 0  1  1  1  1  1
 1  0  0  0  0  0
1,1,1;1,1,1 1 3
6 
#1 
6	% 
  1  0  0  1 -1  0
  0 -1 -1 -1 -1 -1
  0  1  0  1  0  1
 -1  0  0 -1  0  0
  0  1  1  0  1  0
  1  0  0  0 -1  0
1,1,1,1;1,1 1 2
1 
#1 
6	% 
 0 0  0 -1 1  0
 0 0  1 -1 0  0
 0 0 -1  0 0  0
 1 0  0  0 0  0
 0 1 -1  1 0 -1
 0 1  0  0 1  0
1,1,1;1,1;1 1 8
6 
#1 
6	% 
 0  0 -1  1 -1  1
 0  2 -2  1  1  0
 0 -3  5 -3  0 -2
 0  0 -1  0 -1  0
 0  1 -1  1  1  0
 1  0  0  0  0  0
1,1;1,1;1;1 1 36
12 
#1 
6	% 
 1 0  1 1 -1 -1
 0 1  0 0  1 -1
 0 0  0 0  0  1
 0 0  0 0  1  0
 0 0  0 1  0  0
 0 0 -1 0  0  0
1,1,1;1,1;1 1 11
6 
#1 
6	% 
 0 0 -1  1 -1  1
 0 0 -2  3 -3  2
 1 0  4 -5  5 -4
 0 0 -1  0 -1  0
 0 0 -1  2 -1  1
 0 1 -1  1  0  0
1,1;1,1;1,1 1 9
3 
#1 
6	% 
  1  0  0  0 0  0
  0  0  0  2 0  1
  0  0  1  0 2  0
  0  0  1  0 1  0
 -1 -1  1 -1 0  0
  1  1 -1  0 0 -1
1,1,1;1;1;1 1 19
4 
#1 
6	% 
  1  1 0  1  0 -1
  0  1 0  1  0 -1
 -1 -1 0 -1  0  2
  1  1 0  1 -1 -1
  1  1 0  2  0 -1
  1  1 1  1  0 -1
1,1,1,1;1;1 1 2
1 
#1 
6	% 
 0  0 0 -1  1 0
 0  0 1  0  1 1
 0  0 1 -1  0 0
 1  0 0  0  0 0
 0 -1 0  0 -1 0
 0 -1 1 -1  0 1
1,1;1,1;1;1 1 33
3 
#1 
6	% 
 1 0  0  0  0  0
 0 0  0  0  1  2
 0 0  2  1  0  0
 0 1  2  2 -1 -3
 0 1  0  1  1  0
 0 0 -3 -2  1  2
1,1;1;1;1;1 1 46
4 
#1 
6	% 
 0 1  0  1 0 -1
 1 0  0  0 0  0
 0 0  0  0 0 -1
 0 0  0 -1 0  0
 0 0 -1  0 0  0
 0 0  0  0 1  0
1,1;1;1;1;1 1 55
4 
#1 
6	% 
 -1 0 -1 -1 1  1
  0 1 -1  0 1  0
  0 0  0  0 0 -1
  0 0 -1  0 0  0
  0 0  0  1 0  0
  0 0  0  0 1  0
1,1;1;1;1;1 1 56
1 
#1 
6	% 
 1  0 0  0  0 0
 0 -1 1 -1 -1 1
 0  0 0  0 -1 0
 0  0 0  0  0 1
 0  0 0  1  0 0
 0  0 1  0  0 0
