#39

3;1;1;1 1 15
1 
#1 
6	% 
 1 0 0 0 0 0
 0 1 0 0 0 0
 0 0 1 0 0 0
 0 0 0 1 0 0
 0 0 0 0 1 0
 0 0 0 0 0 1
1,1,1,1,1,1 1 1
1 
#1 
6	% 
 1 0 0 0 0 0
 0 1 0 0 0 0
 0 0 1 0 0 0
 0 0 0 1 0 0
 0 0 0 0 1 0
 0 0 0 0 0 1
2-1;1,1,1;1 1 8
6 
#2 
6	% 
  1 0 0 0  0 0
  1 1 0 1  0 1
 -1 0 0 0  0 1
 -1 0 0 1  0 0
  1 0 0 0 -1 0
  1 0 1 0  0 0
6	% 
  1 0 0 0  0 0
  1 1 0 0 -1 1
 -1 0 0 0  0 1
 -1 0 0 0 -1 0
  1 0 0 1  0 0
  1 0 1 0  0 0
1,1,1,1,1;1 1 1
1 
#1 
6	% 
 0  0  0  0 -1  0
 0 -1 -1  0 -1 -1
 0 -1  0 -1 -1 -1
 0  0 -1 -1  0 -1
 0  1  1  1  1  1
 1  0  0  0  0  0
1,1,1,1,1;1 1 2
7 
#2 
6	% 
  0  0  1  0 -1  0
 -1  0  0  0  0  0
 -1  0  1  1 -1  0
 -1  0  1 -1  0  0
  1 -1 -2 -1  1 -1
 -1 -1  1  0  0  0
6	% 
  0  1  0  0  1  1
 -1  0  0  0  0  0
 -1  1  0  1  1  1
 -1  0 -1  0 -1  1
  1 -1  0 -1  0 -2
 -1  1 -1  1  0  1
1,1,1,1;1,1 1 3
12 
#3 
6	% 
  2  1  0  0 -1  1
  1  0 -1  0  0  1
 -1 -1  0  1  0  0
  0  0  1  0  1 -1
  0  0 -1 -1  0  1
  1  1  1  1 -2  1
6	% 
  1 0 0 1  0  1
  2 1 1 0 -1  0
  0 0 0 0  0 -1
 -1 0 0 0  1  0
  1 0 1 0  0  0
  0 0 0 1  0  0
6	% 
 -2  0 -1 -1 0  1
 -1  0  0  1 0  0
  1  0  1  1 0  0
  1 -1 -1 -1 0 -1
 -1 -1 -1  0 1 -1
 -1  0  0 -1 0  1
2-1;1,1;1,1 1 9
6 
#2 
6	% 
 0 -1 0 -1 0 -1
 1  0 1  1 1 -1
 0  1 0  0 0  1
 0  1 1  1 0  1
 0 -1 0 -1 0  0
 0 -1 0 -1 1 -1
6	% 
 0 1 0  0 -1  1
 1 0 1 -1 -1 -1
 0 0 0  0  0  1
 0 0 0 -1  0  0
 0 0 0  0  1  0
 0 0 1  0  0  0
1,1,1,1;1,1 1 2
7 
#2 
6	% 
 0 0  0 -1 -1 -1
 0 0  0 -2  0 -1
 0 0 -1 -1  0 -1
 1 0  0  0  0  0
 0 1  1  2  0  2
 0 1  0 -1 -1 -1
6	% 
 0  0  0  0 -1  0
 0 -1  0 -1 -1 -1
 0 -1 -1  0 -2  0
 1  0  0  0  0  0
 0  1  1  0  2  1
 0 -1  0  0 -2  0
1,1,1;1,1,1 1 3
12 
#3 
6	% 
  1  0  1  1 -1 1
  0  1  1 -1 -2 0
  0 -1 -1  1  1 0
 -1  1  0 -1 -1 0
  0 -1 -1  0  2 0
  1  1  1  0 -2 1
6	% 
 -1  0 -1 -1 -1  1
  0 -1 -1  0  0 -1
 -1  0  0  0  0  1
  1  0  0  1  0 -1
  1  0  1  0  0  0
 -1  0 -1  0 -1  0
6	% 
 -3 -2  0 -1  1  0
  0  0  1  2  1 -1
 -1  0  0 -1  0  1
  2  1  0  1 -1  0
  1  0 -1 -1  0  0
 -2 -1  0  0  0  0
2-2;1,1,1,1 1 2
4 
#1 
6	% 
  1  0  0  0 0 0
  2  1  1  1 0 0
  1  0 -1  0 0 0
 -2 -1  0  0 0 0
  2  1  0  1 0 1
 -2 -1  0 -1 1 0
2-1;1,1;1;1 1 34
3 
#1 
6	% 
  1  0  0  0 0  0
  0  0  0  1 0  0
  0  0  0  0 0 -1
 -1 -1 -1 -1 1 -1
  0  0  0  0 1  0
 -1 -1  0 -1 1 -1
2-1;1,1;1;1 1 33
6 
#2 
6	% 
  1 0  0 0 0  0
 -1 0  0 0 1  0
  1 0  0 0 0 -1
 -1 0 -1 0 0  0
 -2 1  0 1 0  1
 -1 0  0 1 0  0
6	% 
 -1 0 -1 -1 -1  1
  1 0  1  0  1 -1
 -1 0  0 -1 -1  1
  1 0  1  1  1  0
  2 1  2  2  1 -1
  1 0  1  1  0 -1
2-1;1,1;1;1 1 24
6 
#2 
6	% 
 0 -1 0 -1  0 -1
 1  0 0  0  0  0
 0 -1 0 -1  0  0
 0  1 1  1  0  1
 0 -1 0  0  0 -1
 0  1 0  1 -1  1
6	% 
 0 -1 0 0  1 -1
 1  0 0 0  0  0
 0 -1 0 0  1  0
 0  1 1 0 -1  1
 0 -1 0 0  0 -1
 0  1 0 1 -1  1
1,1,1;1,1;1 1 8
12 
#3 
6	% 
 0  0 -1  0  1  0
 0 -2 -1 -1  1 -1
 0  3  3  1 -3  1
 0  0 -1 -1  0  1
 0 -1  0  0  1 -1
 1  0  0  0  0  0
6	% 
 0  0 -1 -1 -1  1
 0  2  0  0 -1  1
 0 -3  1  1  3 -3
 0  0  0 -1 -1  0
 0  1  0  0  0  1
 1  0  0  0  0  0
6	% 
 0 0  0 -1  0  1
 0 0  1  0  1  2
 0 0 -1  2 -1 -3
 0 1  0  0  0  1
 0 0  1  0  0  1
 1 0  0  0  0  0
2-2;1,1,1;1 1 3
4 
#1 
6	% 
 0  1 0  0 -1  0
 0  1 0  0 -1  1
 1  0 0  0  0  0
 0 -1 0  0  0 -1
 0  1 1  0 -1  1
 0 -1 0 -1  1 -1
1,1,1,1;1;1 1 2
7 
#2 
6	% 
 0  0  0  0 -1  0
 0  0  0  0 -1  1
 0 -1 -1 -1 -1 -1
 1  0  0  0  0  0
 0  1  0  1  1  0
 0 -1 -1  0 -1  0
6	% 
 0  0  0 -1 -1 -1
 0  0  0 -2  0 -1
 0  0  0  0 -1 -1
 1  0  0  0  0  0
 0 -1  0  1  1  1
 0 -1 -1 -2  0 -2
2-2;1,1,1;1 1 5
4 
#1 
6	% 
  1  0  0  0 0  0
  1 -1 -1 -1 0  0
 -1 -1  0  0 1 -1
 -2  0  1  0 1 -1
 -2  0  1  1 0 -1
 -2  0  1  1 1  0
1,1,1;1,1;1 1 7
18 
#3 
6	% 
 0  0  1  1  1  1
 0  0  2  1  1  2
 0  0 -3 -2 -2 -4
 1  0  1  1  0  1
 1  0  0  0  0  0
 0 -1  0  0  1  0
6	% 
 0 0 -1 -2 -2  1
 0 0 -2 -3 -3  2
 0 1  4  7  6 -3
 0 0 -1 -1 -2  1
 1 0  0  2 -2  0
 0 0  0 -1 -1  1
6	% 
 0 0 -1  0 -2  1
 0 0 -1 -1 -1  1
 0 0  3  3  2 -3
 1 1  0  0 -1  1
 1 0  0  0  0  0
 0 0  0  0 -1  1
1,1,1;1,1;1 1 11
18 
#4 
6	% 
  2 0  1  1  1 -1
  0 0  1  2  2 -1
 -3 0 -3 -4 -4  3
  1 0  0 -1  2 -1
  0 0  1  2  0  0
  1 1  1  1  0  0
6	% 
 0 0 -1 -1  1 -1
 0 0 -1 -2  1 -2
 1 0  3  4 -3  4
 0 0  0  0  1 -1
 0 0 -1 -2  0  0
 0 1  0  0  0  0
6	% 
 0  0 -1  0  0  1
 0  0 -2 -1 -1  2
 1  0  5  2  2 -5
 0 -1 -1 -1  1  0
 0  2  0  1 -2  2
 0  0  0  0  0  1
6	% 
  0 -2 -1 -2  2 -1
  2  0  0 -1  1  0
 -3  2  1  4 -4  1
  0 -1 -2  0  2  1
  1  0  1 -1  0 -1
  0 -1  0 -1  1  0
1,1,1,1;1;1 1 5
9 
#2 
6	% 
 -1  0  0  1  0  0
 -1  0  0  1  1  0
  0 -1  0  1  1 -1
  1  0  0 -2 -1  1
 -1  0  1  2  1  0
  0 -1 -1 -2  0  0
6	% 
  1  0  1  1  1 -1
  1 -1  1  0  1 -2
  2  0  1  0  1 -1
 -2  0 -1 -1 -1  2
  2  0  2  1  1 -1
 -2  0 -1 -1  0  1
3;1,1,1 1 3
1 
#1 
6	% 
  1 0  0  0  0  0
  1 1  0  0 -1  1
  1 0  0  0  0 -1
  1 0  0  0  1  0
 -1 0  0 -1  0  0
 -1 0 -1  0  0  0
1,1,1;1;1;1 1 19
4 
#2 
6	% 
  2  1  0  0 -1  1
  1  1  0  0 -1  1
 -1 -1  0  0  1 -2
  1  1 -1  0 -1  1
  1  1  0 -1 -1  1
  1  1  0  0 -2  1
6	% 
  2  1  0  1 0  1
  1  1  0  1 0  1
 -1 -1  0 -1 0 -2
  1  1  0  1 1  1
  1  1  0  2 0  1
  1  1 -1  1 0  1
1,1;1,1;1;1 1 36
12 
#3 
6	% 
 1 0 1  1  1 -1
 0 1 0  1  0  1
 0 0 0 -1  0  0
 0 0 0  0  0  1
 0 0 1  0  0  0
 0 0 0  0 -1  0
6	% 
  1 0 0 0  0 0
  0 1 0 0 -1 1
 -1 0 0 0  1 0
 -1 0 0 0  0 1
  1 0 1 0  0 0
 -1 0 0 1  0 0
6	% 
 1 0  1  1 -1  1
 0 1  0  1  0  1
 0 0  0 -1  0  0
 0 0 -1  0  0  0
 0 0  0  0 -1  0
 0 0  0  0  0 -1
1,1,1;1;1;1 1 17
3 
#1 
6	% 
  1  0  0  0  0 0
 -4  0  1  1  1 0
  1 -1 -1 -1  0 0
  3  0  0  0 -1 0
 -1  0  1  0  1 0
  1  1  0  0 -1 1
1,1,1;1;1;1 1 7
9 
#2 
6	% 
 0 -1 -1 -2 -1  0
 1  0  0  0  0  0
 0 -1  0 -1  1 -1
 0  1  0  1  0  0
 0  1  0  0  0  1
 0 -1 -1 -1  0 -1
6	% 
 0  0  0  1  0  0
 1  0  0  0  0  0
 0 -1 -1 -1  0 -1
 0  0  1  0  0  1
 0 -1  0  0  1  0
 0  0  0  0 -1 -1
1,1;1,1;1;1 1 27
9 
#2 
6	% 
 1 0  0  0  0  0
 0 0 -1 -1 -1  2
 0 0  4  2  3 -4
 1 1  3  2  1 -2
 1 1 -3 -2 -3  5
 0 0  4  3  2 -4
6	% 
 1  0  0  1 -1  0
 0  0  1  1  1 -2
 0  1 -3 -2 -3  4
 0  0 -2 -1 -2  2
 0  0  3  3  2 -4
 0 -1 -4 -3 -2  3
1,1;1,1;1,1 1 9
9 
#2 
6	% 
  1  0  0  0  0  0
  0  0 -1 -1 -1  0
  0  0  0  1  1 -1
  0  0  0  1  2 -1
 -1 -1  0  1  2 -1
  1  1  1  1 -1  1
6	% 
  1  0  0  0  0  0
  0  0  1  0  1 -1
  0  0 -1 -1 -1  0
  0  1 -1 -1 -2  1
 -1  0 -2 -1 -1  1
  1 -1  0  0  0  0
2-1;1;1;1;1 1 33
3 
#1 
6	% 
 1  0  0  0 0  0
 0  0  0  0 1  0
 0  0  0  0 0  1
 0  0  0 -1 0  0
 0 -1  0  0 1 -1
 0 -1 -1  0 1 -1
2-2;1,1;1,1 1 4
4 
#1 
6	% 
  1  2  1  1 -1  1
 -1 -1  0  0  1 -1
 -1 -1 -1 -1  0  0
  0  0 -1 -1 -1  0
  0  0 -1  0 -1  1
  0  0  0 -1 -1  1
1,1;1,1;1;1 1 33
9 
#2 
6	% 
 1  0  0  0  0  0
 0  0 -3 -2  0  0
 0  0  0  0 -2  3
 0 -1  0  0  0  0
 0 -1 -3 -2 -1  2
 0  0  2  1  2 -3
6	% 
 1  0  0  0  0  0
 0 -1  0  0  1 -1
 0  1  1  1  0  0
 0  1  0  0  0  0
 0  0  1  1  1 -2
 0 -1 -2 -1 -1  1
3;1,1;1 1 14
1 
#1 
6	% 
 0 0 1 -1  0 0
 0 0 1  0 -1 0
 0 0 1  0  0 1
 1 1 2  0 -1 1
 1 0 0  0  0 0
 0 0 1  0  0 0
1,1;1;1;1;1 1 46
4 
#2 
6	% 
 0  1 0 0  0  0
 1  0 0 0  0  0
 0 -1 0 0  0 -1
 0  1 0 0 -1  0
 0  1 0 1  0  0
 0  1 1 0  0  0
6	% 
 0 1 0 0 -1 1
 1 0 0 0  0 0
 0 0 0 0  0 1
 0 0 1 0  0 0
 0 0 0 0  1 0
 0 0 0 1  0 0
1,1;1;1;1;1 1 36
3 
#1 
6	% 
 1  0  0  0  0  0
 0 -1 -1  0  0 -1
 0 -1  1  2  2 -2
 0  0 -2 -2 -1  2
 0  1  1  1  0  0
 0  1  0  0 -1  1
3;1,1;1 1 6
1 
#1 
6	% 
 0 1 0 0 -1 1
 1 0 0 0  0 0
 0 0 0 0  0 1
 0 0 0 0 -1 0
 0 0 0 1  0 0
 0 0 1 0  0 0
2-2;1,1;1;1 1 7
4 
#1 
6	% 
 1 0  0  0  0  0
 0 1  1  1  0  1
 0 1  0  0 -1  0
 0 0 -1  0 -1 -1
 0 0  0 -1 -1 -1
 0 0 -1 -1  0 -1
3;1,1;1 1 10
1 
#1 
6	% 
 -1 0 -1 -1 -1 1
  0 1  0  0  0 0
 -1 0  0 -1 -1 1
 -1 0 -1  0 -1 1
 -1 0 -1 -1  0 1
  1 0  1  1  1 0
1,1;1;1;1;1 1 55
4 
#2 
6	% 
 1 0 1 1  1 -1
 0 1 1 1  0  0
 0 0 0 0  0  1
 0 0 0 1  0  0
 0 0 0 0 -1  0
 0 0 1 0  0  0
6	% 
 1 0 1 -1 -1 -1
 0 1 1  0 -1  0
 0 0 0  0  0  1
 0 0 0  0 -1  0
 0 0 0  1  0  0
 0 0 1  0  0  0
1,1;1;1;1;1 1 56
1 
#1 
6	% 
 1  0  0  0 0  0
 0 -1 -1 -1 1 -1
 0  0  0  0 0 -1
 0  0  0  0 1  0
 0  0  0  1 0  0
 0  0 -1  0 0  0
1;1;1;1;1;1 1 39
1 
#1 
6	% 
 1 0 0  0  0 0
 0 1 1  1 -1 1
 0 0 0  0  0 1
 0 0 0  0  1 0
 0 0 0 -1  0 0
 0 0 1  0  0 0
