#11

2-2;1,1;1,1 1 2
1 
#1 
6	% 
 1 0 0 0 0 0
 0 1 0 0 0 0
 0 0 1 0 0 0
 0 0 0 1 0 0
 0 0 0 0 1 0
 0 0 0 0 0 1
1,1,1,1,1,1 1 1
1 
#1 
6	% 
 1 0 0 0 0 0
 0 1 0 0 0 0
 0 0 1 0 0 0
 0 0 0 1 0 0
 0 0 0 0 1 0
 0 0 0 0 0 1
1,1,1,1,1;1 1 2
6 
#2 
6	% 
  0  0  1  0 -1  0
  0 -1  0  0  0  0
  0 -1  1  0  1  1
  1  0  1  0  0  1
 -1  1 -1 -1  0 -1
  1 -1  1 -1  1  1
6	% 
  0  1  0  0  0 -1
  0  1  0  0  0  0
 -1  0 -1 -2  1 -2
  0  1  1  0  0  0
  1 -1  0  1 -1  1
 -1  1  0 -1  0 -1
1,1,1,1;1,1 1 2
2 
#1 
6	% 
 0  0  0 -1  0  0
 0 -1 -1 -1 -1 -1
 0 -1  0  0  0  0
 1  0  0  0  0  0
 0  1  1  1  0  0
 0 -1  0 -1  0 -1
1,1,1,1;1,1 1 1
1 
#1 
6	% 
  0 -1 -1 0  0 -1
 -1  0 -1 0  0 -1
 -1 -1  0 0  0 -1
  1  1  1 0  0  1
  0  0  0 0 -1  0
  0  0  0 1  1  0
1,1,1;1,1,1 1 3
6 
#1 
6	% 
 -1 0 -1 -2  1  1
  0 1  1  0  1  1
  0 0 -1  0 -1  0
  1 0  1  1  1  0
  0 0  0  0 -1 -1
 -1 0  0 -1  2  1
2-2;1,1,1,1 1 1
1 
#1 
6	% 
  0  0  0 1 0  0
  0  0  0 0 1  0
  0 -1 -1 0 0 -1
 -1  0 -1 0 0 -1
 -1 -1  0 0 0 -1
  1  1  1 0 0  1
1,1,1;1,1;1 1 7
12 
#2 
6	% 
 0  0  0 0  1  0
 0  2  1 0  2  1
 0 -3 -2 0 -5 -2
 1  1  1 0  1  0
 1  0  0 0  0  0
 0  0  0 1  0  0
6	% 
 0 0  0 1 -2  0
 0 0 -1 0  0 -1
 0 1  2 0  0  2
 1 0  0 0  0 -1
 1 0  0 0  0  0
 0 0  0 1 -1  0
1,1,1,1;1;1 1 3
3 
#1 
6	% 
  0 -1 -1  0  0 -1
 -1  0 -1  0  0 -1
 -1 -1  0  0  0 -1
  1  1  1  0  0  1
  0  0  0 -1  0  0
  0  0  0  1 -1  0
1,1;1,1;1,1 1 2
1 
#1 
6	% 
 -1  0 -1 0  0  1
  0  0  0 0 -1  0
  0  0  0 1  1  0
  0 -1 -1 0  0 -1
  1  1  1 0  0  0
 -1  1  0 0  0  1
1,1;1,1;1;1 1 19
3 
#1 
6	% 
 -1  0 -1 0 0  1
  0 -1 -1 0 0 -1
  1  1  1 0 0  0
  0  0  0 0 1  0
 -1  1  0 0 0  1
  0  0  0 1 0  0
