#73

4-1;2-1 2 3
1 
#1 
6	% 
 1 0 0 0 0 0
 0 1 0 0 0 0
 0 0 1 0 0 0
 0 0 0 1 0 0
 0 0 0 0 1 0
 0 0 0 0 0 1
1,1,1,1,1,1 1 1
1 
#1 
6	% 
 1 0 0 0 0 0
 0 1 0 0 0 0
 0 0 1 0 0 0
 0 0 0 1 0 0
 0 0 0 0 1 0
 0 0 0 0 0 1
1,1,1;1,1,1 1 4
42 
#3 
6	% 
  0 -1  1  0  0  1
  1 -1  1  1  0  2
 -1  3 -2 -2  0 -3
  0  0  0 -1  0  0
  0  0  1  1 -1  0
  0 -1  0  0  1  0
6	% 
 -1  1 -1 -1  0 -1
 -1  1 -2 -1 -1 -1
  1 -1  2  2  1  1
  1  0  0  0  0  0
  0  0  1  1  0  0
  1 -1  0  0  0  0
6	% 
  0  1  0 -1  0 -2
  0  1  0  0  0 -2
  0 -1  0  1  1  3
  1  0  1  0 -1 -1
 -2 -1 -1  0  1  3
  1  1  0  0 -1 -2
1,1,1,1,1;1 1 2
14 
#2 
6	% 
 -1 -1 -1 -2  1  0
 -1 -1 -1 -1  1  0
 -1 -1 -1 -2  1  1
 -1 -1  0 -1  1 -1
  1  2  0  1 -2  0
 -2 -2 -1 -2  1  0
6	% 
  0  0 -1  0  1  0
 -1  0 -1  1  1  0
 -1  1  0  1  2 -1
 -2  0 -1  0  2  0
  2 -1  1 -1 -3  0
 -1  0 -1  1  2 -1
2-1',2-1';1;1 1 5
18 
#2 
6	% 
 -1 -1  0 -1  0  2
  0  1 -1  0 -1 -1
  0  1 -1  0  0 -1
  1  0  0  1  0 -1
 -1  1 -1  0  0 -1
  1  0  0  0  0 -1
6	% 
 -1 -1  0  1  1  0
  0  1 -1 -2 -1 -1
  1  2 -1 -2 -1 -2
  2  1  0 -1 -2  0
  1  1  0 -1  0 -1
  1  0  1  1 -1  1
1,1,1,1;1,1 1 3
51 
#5 
6	% 
 -2 -2  1 1 -1  3
 -1 -1  0 0 -1  1
  1  1  0 0  0 -1
  1  1 -1 0  1 -2
 -1 -1  0 1 -1  2
 -1  0  0 0  0  0
6	% 
  0 -1  0  1  1  2
 -1  1  0  0  1  1
 -1  1  0 -1  1  0
  1 -1  1  1 -1  0
  0 -1  1  1  0  2
  0  0 -1  0  0 -1
6	% 
  0  0  1  1  1  1
  1 -1  0  0  0  0
  0  0 -1  0 -1  0
 -1  1 -1 -1  0 -1
  0  0  1  0  1  1
  1  0  0  1  0  0
6	% 
  0  1 -1 -1  0 -1
  1  1 -2  1 -1  0
  0  1  0  0 -1  0
  0 -1  2  0  1  1
  1  0 -1  1  0  0
 -1  1 -1 -1  0 -2
6	% 
  0 -3  0  1 -1  0
 -1 -1  0  0  0  1
 -1  2  0 -1  0  0
  1  0  1  1  1  0
  0 -1  0  0  0  1
  0 -1 -1  0 -2 -1
2-1;1,1;1,1 1 11
36 
#3 
6	% 
 0  0  0 1  0  1
 0 -1  1 0  0  0
 0  0  0 0  0 -1
 1  0  0 1  0  0
 0  0 -1 0 -1  0
 0  1  0 0  0  0
6	% 
  1 0 -1 -1 0  0
  1 1  0  0 2 -1
 -1 0  0  0 0  1
  0 0  1  0 0  0
  0 0  0  1 0  0
  0 1  0  0 1  0
6	% 
 0  0 -1 0 -1 -1
 0  1  1 0  1  0
 0 -1 -1 0 -2 -1
 0  1  2 0  2  0
 1  1  2 0  1  0
 0  0  2 1  2  2
2-1;1,1,1;1 1 8
52 
#4 
6	% 
  0  0  1  0  0  0
 -1  1  1 -1 -1 -1
  1 -1 -1  2  2  2
  2 -1 -1  1  1  1
 -1  1  1 -1 -2 -1
 -2  2  1 -2 -1 -1
6	% 
  0 -1  0  0 0  1
 -1 -1 -1  0 0  2
  0  1  0  0 0 -2
  0  2  0 -1 0 -2
  0 -1 -1  0 0  1
 -1 -1  0  0 1  2
6	% 
 0  1 -1 0 0 0
 0 -1  0 1 0 0
 0 -1  1 0 0 1
 0  0  1 0 1 0
 1  0  0 1 0 0
 0  0 -1 0 0 0
6	% 
  1 0  0 0  0 0
  0 0  0 0 -1 0
 -1 0  0 0  0 1
  0 0  0 1  0 0
  0 0 -1 0  0 0
  0 1  0 0  1 0
2-1',2-1';1,1 1 3
18 
#2 
6	% 
 0 -1  1  0  0 0
 1  0  0  1  0 0
 0  0  0  0  0 1
 0  1  0 -1  0 0
 0  0 -1  0 -1 0
 0  0  0 -1  0 0
6	% 
  1  1  1  2  2  0
  0  1 -2 -2 -2 -2
  0 -1  1  0  0  1
  0  0  1  0  1  1
 -1 -1  0  0 -1  0
  0  0  1  1  1  1
2-1;1,1;1,1 1 9
24 
#1 
6	% 
 -1 -1 -1 1 -1  1
  0 -1 -1 0  0  1
  1  0  1 0  0 -1
  0  0  0 0  1  0
 -1  0  0 0  0  0
  0 -1 -1 0 -1  0
1,1,1;1,1,1 1 3
12 
#1 
6	% 
  1  0  0  1  0  0
  1 -1 -1 -1 -1 -1
  0  1  0  1  1  0
 -1  0  0 -1 -1  0
 -1  0  0  0  0  0
  1  1  1  1  1  0
2-2;1,1,1,1 1 2
16 
#1 
6	% 
  1  0  0  0  0  0
  0 -1  0  0 -1  0
  2  2  1  1  0 -3
 -1  0 -1 -1  1  1
  1  0  0  1 -1 -2
 -1  0 -1  0  1  2
1,1;1,1;1;1 1 31
57 
#5 
6	% 
  1  1  1  1  2 -1
 -2 -1 -1 -1 -1  1
  1  0  2  1  1  0
  0 -1  1  1  0  1
  2  0  1  1  0 -1
  1 -1  1  0 -1  0
6	% 
  1  1  2 1  0 -1
  0 -3  0 1 -1  3
  0  2  0 1  1 -1
  0  0 -1 1  0  0
  0  2  0 0  1 -2
 -1  1 -1 0  1  0
6	% 
 -2 -1  1  2  2  1
  2  1 -2 -1 -2 -1
 -2 -1  1  1  2  2
  0 -1  0  0  0  1
 -2 -1  2 -1  1  1
 -1  0  1 -2  0  1
6	% 
  0 1  1  0  0 -1
 -1 0 -2 -2 -2 -1
  0 1  0  0  1 -1
  0 1 -1 -1  0 -1
  1 0  1  1  1  0
  0 0  0  0  1  0
6	% 
  0 -2  2  2  0  1
  1  1 -2 -2 -1 -2
  0 -2  2  2  1  2
  0 -1  0  0  0  1
 -1 -1  1  2  1  2
  0  0  0  1  1  1
2-2;1,1;1,1 1 6
48 
#2 
6	% 
  0  1  0  0  1 -1
  1  0  1  1  0  0
  1 -2  1  1 -1  1
  2 -2  2  1 -2  1
 -2  1 -1 -1  2 -1
  1  0  0  1 -1  0
6	% 
 -1  1 -1 -2 -1 -1
  0  0  0  0 -1 -1
  0  0  1  1  0  0
  2 -1  2  3  0  0
 -2  1 -1 -3  0  1
  1 -1  1  2  1  0
1,1,1;1,1;1 1 12
156 
#7 
6	% 
 -2  3 1 -5 -2 -3
 -1  1 0 -2 -1 -1
  4 -5 0  8  4  5
  0  0 0 -1 -1 -1
  2 -2 0  4  2  3
 -1  2 0 -3 -1 -2
6	% 
  0  0 -1 -1  0 -2
  1 -2  1  1 -1  0
 -1  3 -1 -1  1  1
  1 -1  1  1  0  0
 -1  1 -1 -1  0  1
  0  0  0 -1  0 -1
6	% 
  2 -1  2  2 -2  3
  1 -2  2  2 -1  2
 -3  4 -5 -5  3 -6
  1 -1  1  2  0  1
 -2  2 -2 -4  1 -3
  1 -1  1  1 -1  2
6	% 
 -1 -1  0 -2 -1  1
 -1 -3 -1 -1 -1  3
  2  5  1  3  2 -5
 -1 -2  0  0  0  2
  2  3  0  1  0 -3
  0 -1  0 -1 -1  0
6	% 
  1  0 -1 -1 -1  0
  1  1  1  1 -1 -1
 -1 -1  0  0  1  1
  0  1  0  1  0  0
  0 -1  0  0  0  0
  0  0 -1 -1 -1  0
6	% 
  1 -1  2  2  1  1
 -2 -1  0  0  0  1
  0  2 -3 -3 -2 -2
 -1 -1  0  0  0  1
  0  2 -1 -2 -1 -2
  0  0  1  1  1  1
6	% 
  0 -1  1 -1  0 -1
 -1  1 -1 -1 -1 -1
  1  0  0  3  2  3
  0  1  0  0  0 -1
  0  0  0  1  1  2
  0  0  0 -1  0 -1
1,1;1,1;1;1 1 28
72 
#3 
6	% 
  0 -1  0  1 1 -1
  0  0 -1  0 0 -1
 -1 -1  0 -1 0 -1
  0  0  0 -1 0  0
  0  0  0  0 0  1
  0  1  0  0 0  0
6	% 
 0 -1 -1  1 0  2
 0 -1  0  1 1  0
 0 -2 -1  1 0  1
 1  1  0  0 0  0
 0  1  0 -1 0 -1
 0  0  1  0 0  0
6	% 
 -1  1  1  1  1  0
 -1  1  0  0  0  1
 -1  2 -1  1  1 -1
 -1  0  1 -1  0  1
  0  0  0 -1  0  0
  1 -1  0  0 -1  0
1,1;1,1;1;1 1 39
84 
#4 
6	% 
 -2  1 -2 -3  1 -2
  1 -2  2  1 -2  3
 -1  1 -1 -1  2 -2
  2 -1  2  2 -1  2
  1 -2  2  2 -1  3
  1 -1  2  2 -1  2
6	% 
 -1  0 0 -1  0  1
  0  0 1  0  1  1
  0  0 0  1  0  0
  0  0 0  0  0 -1
  0 -1 1  0  0  1
  1  0 0  0 -1 -1
6	% 
  0  1 -1  0 -1 -2
 -1  0 -1 -2 -2 -1
  1  0  1  1  1  1
  0 -1  1  1  1  2
  0  0 -1 -1 -2 -1
  0  0  0  0  1  1
6	% 
 -1 -2  2 -3  1 -3
  1  3 -3  2 -1  2
 -1 -2  2 -2  1 -1
  0  2 -2  1 -1  2
  1  1 -2  2 -1  2
  1  2 -1  2  0  2
2-2;1,1,1;1 1 5
32 
#1 
6	% 
  0 -1  0  0  0  1
 -1  1  0  0  0  0
  0 -1 -1 -1 -1  0
  1 -1 -1 -2 -1 -1
  2 -2 -1 -1 -2 -1
  1 -2 -1 -1 -1 -1
1,1,1,1;1;1 1 5
43 
#4 
6	% 
  0 0 -1  1  0  0
 -1 0 -2  1  1 -1
  0 0 -1  2  1  0
  1 1  2 -2 -1  0
 -1 0 -2  2  1 -1
  1 0  2 -1  0  0
6	% 
  0 0 -1  0  0  0
  0 1 -1  0  0 -1
  0 0 -2 -1 -1 -1
  0 0  2  0  0  1
  0 1 -2 -1  0 -1
 -1 0  1  0  0  1
6	% 
 0  0 0  1  1  1
 0  1 0  1  1  0
 0 -1 0  2  1  2
 1  0 0 -2 -3 -3
 0  0 0  2  2  3
 0  0 1 -1 -1 -1
6	% 
  0  1  0 -1 -1 -1
 -1  4  1 -2  0 -4
  0  1  0 -1  0 -1
  1 -3 -1  2  0  2
  0  2  1 -2 -1 -3
  0  0 -1  0  0  0
1,1,1;1,1;1 1 10
36 
#2 
6	% 
  0 -1  0  0  0  1
 -1  1  0  0  1 -1
  2  0  0  0 -2  1
  0  1 -1 -2  0 -1
  0  0  1  1  1  0
  1  0  1  1  1  0
6	% 
  0  1 -1 -1  0 -1
  1  1  0  0  1 -1
 -2 -2  1  1 -1  3
  0 -2  0 -1  0  2
  0  1  0  0  1 -1
 -1  0  0  0  1  0
1,1,1;1,1;1 1 11
36 
#2 
6	% 
  1 -2 -1 -1 -1 0
  1 -2  0  0 -1 0
 -3  5  0  0  3 1
  1 -1 -1  0 -1 0
  1 -1  0  0 -1 0
  1 -1  0  0  0 0
6	% 
  0 -1  1  1  2 -1
  2 -1  2  2  2 -1
 -3  3 -4 -4 -5  3
  0 -3  1  0  1  2
  1  0  1  1  1 -1
  0  0  0  0  1 -1
2-1;2-1;1;1 1 27
9 
#2 
6	% 
  1 -1  0  0 -1 0
  1  0  0  0  0 0
  0  0 -1  0  0 0
  0  0  0 -1  0 0
  0 -1  0  0  0 1
 -1  1  0  0  0 0
6	% 
  0  1 -1  0  0 -1
  0  1 -1 -1 -1 -1
  0  0 -1 -1 -1 -1
 -1  1 -1 -1  0  0
  0  1 -1 -1  0 -1
  0 -1  2  1  1  1
2-1,2-1;1;1 2 9
36 
#2 
6	% 
  0  0  0 -1 0  0
  0  1  0  0 1 -1
  1  0  1  1 1  0
  0 -1  1  1 1  1
 -1  1 -1 -1 0  0
  0 -1  1  1 0  1
6	% 
 0  0  0  0 0  1
 0  0  0  0 1  0
 0  1 -1 -1 0 -1
 1  1  0  0 0 -1
 0 -1  0  1 0  1
 0  1  0  0 0 -1
2-1,2-1;2-1 3 4
36 
#2 
6	% 
  0  0 -1 -1 -2 -1
 -1  0 -2 -1 -1  0
  0  1 -1 -1  0 -1
 -1 -1 -1  0  0  1
  0 -1  1  1  1  2
  0  1  1  0  1 -1
6	% 
  0  1  0 -1  1 -1
 -1  0  0 -1  1  0
  0 -1  0  0  0  1
 -1 -1  0  0  0  0
  0 -1  1  1  0  0
  0  1 -1 -1 -1  0
1,1,1;1;1;1 1 17
12 
#1 
6	% 
 -1  0  0  0  1  0
  3  0  1  1 -1  1
 -1  0  0 -1  0  0
 -2  0 -1 -1  1 -1
  1 -1  1  1  0  1
 -1  0 -1  0  0  0
1,1,1;1;1;1 1 15
36 
#3 
6	% 
  4  1  1  1  1 -2
 -2 -1  0 -1 -1  1
 -2 -2  0  0 -1  2
 -3 -2 -1 -1 -2  1
  2  1  0  0  1 -1
  2  1  1  0  1 -1
6	% 
  1  1  0  0 -1  0
 -1  0 -1  0  1 -1
 -1 -1  0  0  0  0
 -1  0  0  0  1 -1
  0  1 -1 -1 -1  0
  1  0  0  1 -1  1
6	% 
 0 -1 0 -1 -1  0
 1  0 0  1  0  0
 0 -1 0  1  0  1
 1  0 0  1  0 -1
 0  0 1  0  0  0
 0  0 0 -1 -1  0
1,1;1,1;1,1 1 10
24 
#1 
6	% 
  0  1  1  0  0 -1
 -2 -2 -1  0  1  2
  3 -1  1  1 -2  0
  0 -2  0  1  0  2
  2  1  0  0 -1  0
 -2  2  0 -1  1 -2
1,1,1;1;1;1 1 9
12 
#1 
6	% 
 -1  0  0 0  0  1
  0  1  0 1  1  0
  0  0  0 0  0  1
 -1  0  0 0  1  1
  0  0 -1 0 -1 -1
  0 -1  0 0  0  1
1,1;1,1;1,1 1 11
33 
#4 
6	% 
  1  0  0  0 -1  0
 -1  0 -1 -1 -1 -1
 -1 -1 -1 -1 -1  0
  0  0  1  0  1  1
 -2  1  0  0  3  0
  2  0  0  1 -2  0
6	% 
  0  1  0  0  0 -1
  3 -4  0  2 -3 -1
  2 -2 -2  0 -2 -3
 -2  3 -1 -2  2  0
 -1 -2  1  0  2  5
  0  2  1  1 -1 -2
6	% 
  1 -1  1 -2 -2 -2
 -2  0 -1  0  1  2
 -1  0 -1  0  0  2
  1  0  1  1  0  0
 -1  2 -1  4  4  3
  1 -1  1 -4 -3 -4
6	% 
  1  0 -2 -1 -1 -3
  0 -2  2  1  0  2
  0 -1  2  1  0  1
  0  1  0  0  1  0
 -2  1  2  1  2  4
  1  0 -3 -2 -2 -4
2-1;1;1;1;1 1 37
18 
#3 
6	% 
 1  0  1  0  0  0
 0  0 -1  1  0  0
 1  0  0  0 -1 -1
 0 -1  0 -1 -1  0
 0 -1  0  0 -1  0
 0  0  0  1  1  0
6	% 
 -1 0  0 -1 0  0
  1 0  1  1 1  0
  0 0  0  0 0 -1
 -1 1 -1  0 0  0
  0 0  0  1 0  0
  1 0  1  0 0  0
6	% 
  1 0  0 0 -1 -1
 -1 1  0 0  1  1
  0 0  0 1  0  0
  0 0 -1 0  0 -1
  0 0  0 1  1  0
  0 0  0 0  0  1
2-2;2-1;1;1 1 13
16 
#1 
6	% 
  1 -1  0 0 -1 0
  1 -1  1 1  0 0
 -1  1  0 0  1 1
  1 -2  1 1 -1 0
  1 -1  1 0 -1 0
  0  1 -1 0  0 0
2-1;1,1;1;1 1 32
72 
#3 
6	% 
 0  0  0 -1  0 -1
 0  1 -1  0  0  0
 0 -1  1 -1  0 -2
 1  1 -1  2  0  1
 0  1 -2  1 -1  1
 0  2 -1  1  0  1
6	% 
 -1  1  0  0  2 -1
  1  0 -1 -1 -2  0
 -2  1  1  0  3 -1
  1  0 -1 -1 -3  1
  2 -1 -1 -1 -4  0
  2 -1  0 -1 -3  1
6	% 
  0 0  0 -1 -1 -1
  0 1  0  1  1  0
  0 0  0 -2 -1 -1
  0 1  0  1  1  1
 -1 1  0  1  2  1
  0 1 -1  1  1  0
1,1,1;1;1;1 1 19
28 
#4 
6	% 
  0  1  0  0  0 -1
  0  1  0 -1 -1 -2
  0  0  0  0  0 -1
 -1  0  0  0  1  1
  0 -1  0  1  0  1
  0  0 -1  0  0  0
6	% 
 -3  3 -1  0  2  2
 -1  1  0  0  1  1
  2 -2  0 -1 -2 -2
 -2  3 -1  0  2  1
 -2  2 -1  0  1  2
 -3  2 -1  0  2  2
6	% 
 0 -1  1  1  1  2
 0 -1  0  0  0  1
 0  1 -1 -1 -1 -1
 0  0  0  1  1  1
 1 -1  1  1  0  1
 0  0  1  0  1  1
6	% 
  0  0  1 0 0 1
  0 -1  0 1 0 0
  0  0  0 0 0 1
  0  0  0 1 1 0
  0 -1  0 0 0 0
 -1  0 -1 0 0 0
1,1;1,1;1;1 1 29
18 
#2 
6	% 
  1 -1  0  0 -1 -1
  0  3  1 -1  0 -2
 -1  3  1 -1  1 -2
  0 -2  0  1  0  2
  0 -1  0  1  1  2
  0  0 -1 -1 -1 -1
6	% 
 -1  1  0 -1  1  0
  0 -1  0  1  0  1
  0  0  0  1  0  0
  0  0 -1 -1 -1 -1
  1 -1  0  0 -1 -1
  0  1  0  0  1  0
2-1;1,1;1;1 1 35
54 
#5 
6	% 
  1  1  2  1  2 0
 -1  0  0 -1  0 0
 -1  0 -1 -1 -1 1
  0  0 -1  1  0 0
 -1 -1 -1  0 -1 1
  1  0  2  1  1 0
6	% 
  1  0  2 0  0 -1
  0  1  0 0  0  0
 -1  0  0 1  1  1
  0 -2 -1 0 -1  1
  0  0 -1 1  0  0
  1  1  1 0  0 -2
6	% 
  2 -2  1  0  0  0
  0  0 -1  0 -1  0
 -2  2 -2 -1  0 -1
  0  1  1  0  1  0
 -1  2 -1  0  0 -1
  2 -2  1  1  0  0
6	% 
 0 -1 1  1  1  0
 0  1 0 -1  0 -1
 1  0 0  0  0  0
 0  0 0  1  0  1
 1  0 0  0 -1  0
 0 -1 1  0  0  0
6	% 
  1  2 -1  0  0 -2
  0  0 -1 -1 -1 -1
 -1  0 -1  0  0  1
  0 -2  2  2  1  2
  0 -1  0  0  0  1
  1  2 -1 -1  0 -2
3;1,1,1 1 3
12 
#2 
6	% 
  0  0  1  0  0  0
 -1  2  1 -1 -1 -2
 -1  2  1 -1  0 -1
  0  1  1 -1 -1 -2
  1 -1 -1  0  0  1
  0 -1 -1  0  1  1
6	% 
  1 -4  1 -1 -1  2
  2 -4  2 -1 -1  1
  0 -1  0  0  0  0
  0  0  0 -1  0  0
  0  1 -1  0  0 -1
 -1  1  0  0  1  0
2-1;1,1;1;1 1 25
24 
#1 
6	% 
  0  0  1 0 0 0
  1 -1  1 1 0 0
  1  0  1 1 1 0
  1  0  0 1 0 0
 -1  0  0 0 0 1
 -1  0 -1 0 0 0
2-1;1,1;1;1 1 33
24 
#1 
6	% 
  1  0 1  1  1  0
 -1  0 0 -1  0  0
  1  0 0  0  0 -1
  0 -1 0  0 -1  0
 -1  0 0 -1 -1  0
  0  0 0 -1 -1  0
2-1;2-1;1,1 1 10
15 
#3 
6	% 
  1  0 1 1 0  1
  0 -1 0 0 0  0
 -1  0 0 0 1  0
  0  0 0 0 0 -1
  0  0 1 0 0  1
  1  0 1 0 0  0
6	% 
  0  0 -1 -2 -1  0
  0  1  1  1  1 -1
 -1  0  0  1  1  1
 -1 -2  0  0  0  2
  0  1  0 -1  0  0
  0 -1  0 -1 -1  1
6	% 
 0  1  1 -1  1  0
 1 -1  0  1 -1  0
 0 -1 -1  0 -1  0
 0  0 -1  0  0 -1
 0  0  1  0  1  1
 0  1  0  0  1  0
2-1,2-1;1,1 2 4
42 
#3 
6	% 
 -1  1 -1  0  1  0
  0 -1  1  0  0  1
  0  0 -1 -1 -1  0
  0  1 -1 -1  0 -1
  0  0  1  0  0  0
 -1  0 -1 -1  0  0
6	% 
  1 -1 0  1 -1 0
  0  0 1  0  1 0
  0  1 0  0  0 0
  0  0 0  1  0 1
 -1  0 0 -1  0 0
  0  0 0  1  0 0
6	% 
 0 -1 0 -1 -1 0
 0  0 1  1  1 1
 1 -2 2  2  0 2
 1  0 1  1  1 0
 0  1 0  0  1 0
 1 -1 2  2  0 1
4-1;1,1 2 3
1 
#1 
6	% 
  0 1  1 0 1 -1
 -1 0  0 0 1  1
  0 0  0 0 0  1
  0 0 -1 0 0  0
  1 0  1 1 0 -1
 -1 1  0 0 1  0
2-1;2-1;1;1 1 25
6 
#1 
6	% 
  1  0 1 1 0  1
  0 -1 0 0 0  0
 -1  0 0 0 1  0
  0  0 0 0 0 -1
  0  0 1 0 0  1
  1  0 1 0 0  0
2-1,2-1;1;1 2 7
6 
#1 
6	% 
 1  1  0 -2 -1 -1
 0 -1  0  0  0  0
 0  0  0  1  1  0
 0  0 -1  0  0 -1
 0  0  0  0  0 -1
 1  0  0  0  0 -1
4-1;1;1 2 5
1 
#1 
6	% 
 1  0  1  1  0  0
 1 -1  0  0 -1  0
 0  0  0 -1  0  0
 0  0 -1  0  0  0
 0  0  1  1  1  0
 1  0  0  0 -1 -1
4-1';1;1 1 6
12 
#1 
6	% 
  1  1  1 -1  0  0
  0 -1 -1  0  0 -1
 -1  0  0  2  1  1
  0  0 -1 -2 -1 -2
  0  1  0  0  0 -1
 -1  0 -1 -1 -1  0
2-1,2-1;1;1 3 7
36 
#2 
6	% 
 -1  0  0  1 1  0
 -1  0 -1 -1 0 -1
  0  0  0  1 1  0
  0  0  0  0 0  1
  1  0  1  1 1  0
  0 -1  0  0 0  1
6	% 
 -2 -1 -1 -2 -1  1
 -1  1 -2 -2 -2 -2
 -1 -1  0 -1 -1  1
  1  0  1  1  1  1
  0 -1  1  1  0  1
  1  0  0  0 -1  0
4-1';2-1 1 3
12 
#1 
6	% 
  1  1  0 -2 -1 -2
 -1  0  0  1  0  2
 -1  0 -1 -1 -1  0
  0  0  1  0  0  2
  0 -1  0  2  1  0
  0 -1 -1  0  0 -1
1,1;1,1;1;1 1 36
24 
#1 
6	% 
 -1  1  1  1  1 1
  0  0  0 -1 -1 0
  0  0 -1 -1 -1 0
  1 -1  0  1  0 0
  0  0  0  0 -1 0
  0 -1  0 -1 -1 0
2-1;1;1;1;1 1 34
12 
#1 
6	% 
 0  1 -1 -1  0 -2
 0 -1  0  0 -1  1
 1  0  0  0  0 -1
 0 -1  1  0  0  1
 0 -1  0  1  0  1
 0  1 -1 -1  0 -1
1,1;1;1;1;1 1 32
36 
#2 
6	% 
  1  0  1 1  0  1
  0 -1  1 1  1  0
  0  0  0 1  0  0
  1  0  0 0 -1  1
 -1 -1  0 0  1  0
  0  1 -1 0  0 -1
6	% 
  1 -1 0  3  1 1
 -1 -1 1 -2 -1 1
 -1  0 0  0  1 1
  1  0 0  1  0 0
  0  0 0 -1 -1 0
 -1  1 0  0  1 0
1,1;1;1;1;1 1 34
9 
#2 
6	% 
 1  0  0  0  0 -1
 0 -1  0  1  0  1
 0  1 -1 -1 -1 -1
 1 -1  1  1  0  1
 0  1 -1 -1 -1 -2
 0  1 -1  0  0 -1
6	% 
 -1 1  0 -1  1  0
 -1 0 -1  0  0  0
  1 0  1  0 -1  0
 -1 1 -1  0  1 -1
  1 0  1  0 -1  1
  0 0  0 -1 -1  0
1;1;1;1;1;1 1 23
3 
#1 
6	% 
 -1  0  0 -1  0  0
  0 -1  1  0  0  1
  1  0 -1  0 -1 -1
  0  0 -1  0  0  0
 -1 -1  1  0  0  1
  0 -1  1  0  0  0
3;1,1;1 1 15
20 
#3 
6	% 
  0 1 -1 0  0 0
  0 0  0 1  0 1
  0 0 -1 1  0 0
 -1 1 -2 0 -1 0
  0 0 -1 0 -1 0
  1 0 -1 1 -1 0
6	% 
 1 0 0 -1 -1 -1
 0 0 1 -1  0  0
 0 1 0 -1  0  0
 0 1 0 -2 -1 -1
 0 0 0 -1 -1  0
 1 0 1 -1 -1  0
6	% 
 1 0 -1  0 -1 -1
 0 0 -1  0  0 -1
 0 1 -1 -1  0 -1
 1 0 -1  0  0 -1
 0 0 -1  0  0  0
 0 0 -2 -1 -1 -1
2-2;1,1;1;1 1 16
16 
#1 
6	% 
  3 -2  2  2 -2  1
 -2  2 -1 -1  3 -1
 -1  1 -1  0  1 -1
 -2  2 -2 -1  2 -1
  2 -2  1  2 -2  1
 -1  0  0 -1  1  0
2-2;1;1;1;1 1 22
16 
#1 
6	% 
 -1  1 -1  0  0 0
  0  0 -1  0 -1 0
  0  0  1  1  1 1
 -1  0  0  0  0 1
  0 -1  1  1  1 1
 -1  1 -1 -1  0 0
1,1;1;1;1;1 1 54
56 
#3 
6	% 
  1 -1  1  0 -1  0
 -1  1  0 -1  1  0
 -1  2 -1 -1  1 -1
 -2  1 -1 -1  1  0
 -1  1  0  0  2  0
  1 -1  1  1 -1  0
6	% 
  0 -1 0 -1 -1  0
  1  0 0  1  0 -1
  1  1 0  1  1 -1
  1  0 1  2  1  0
  0  1 0  1  1 -1
 -1 -1 0 -1  0  1
6	% 
  0  1  0  0 -1 -1
 -1 -1 -1 -1  0  1
 -1 -2  0 -1  1  2
 -1 -1 -1 -1  1  2
  0 -2 -1 -1  0  1
  1  2  1  0 -1 -2
1;1;1;1;1;1 1 45
7 
#2 
6	% 
  0  0  0 -1  0 0
 -1  0  0  0  1 1
  1  0  1  1  0 0
  0 -1  0  0  0 1
  0  0  1  1  0 0
  0  0 -1 -1 -1 0
6	% 
  0 0  1  1  1  1
 -1 1  0  0  1  0
  1 0 -1  0 -1 -1
 -1 1  0  0  1  1
  1 0 -1 -1 -1 -2
  0 0  1  0  0  1
3;1,1;1 1 10
8 
#1 
6	% 
  1 -1 -1 -1 -1 -1
  0  1  0  0  1  0
  1 -1  0 -1 -1 -1
  1 -1 -1  0 -1 -1
  0  0 -1 -1  0 -1
 -1  0  1  1  1  1
3;1,1;1 1 11
8 
#1 
6	% 
  0 -1 0 -1 -1 0
  1 -1 1  0  0 0
  0 -1 1  0  0 1
  0 -1 0  0  0 0
  0  0 0  1  0 0
 -1  1 0  0  1 0
3;1,1;1 1 7
8 
#1 
6	% 
  0  0 -1  0  0  0
  0 -1 -1  0 -1  0
  0  0  0 -1 -1 -1
  0  0 -1 -1 -1  0
  0  0  0  0 -1  0
 -1  0 -1 -1 -1  0
1,1;1;1;1;1 1 47
8 
#1 
6	% 
  0  0 0  0  0 -1
 -1  0 0  0  0  2
  0 -1 0  0 -1 -1
  0  0 0  1  1 -1
 -1  0 0 -1  0 -1
  1  0 1  1  1  0
1,1;1;1;1;1 1 55
8 
#1 
6	% 
 -1  1 1 1  1 1
  0  1 1 1  1 0
  0 -1 0 0  0 0
  0  0 0 1  0 0
  1 -1 0 0 -1 0
  0  0 1 0  0 0
2-1;2-1;2-1 1 8
3 
#1 
6	% 
  0  0  0 -1  0  0
 -1  1  0 -1  1  0
 -1  1 -1 -1  0  0
  0  1  0  0  1  0
  0  1 -1 -1  0 -1
  1 -1  1  1 -1  0
2-1;2-1;1;1 1 29
9 
#2 
6	% 
 -1  1  0 0  1  0
 -1  0  0 0  1  1
  1  0 -1 0 -1 -1
  1 -1  1 0  0  0
 -1  0  0 1  1  1
  0  1  0 0  0  0
6	% 
  1 -1  0 0 -1 0
  0  0  0 0  0 1
  0  0  1 1  1 0
 -1  1 -1 0  0 0
  1  0  0 0  0 0
  0 -1  0 0  0 0
3;2-1;1 1 9
4 
#1 
6	% 
 0 -1  1 0  0  1
 0  0  0 1  1  0
 0  0 -1 0  0 -1
 0  0 -1 1  0  0
 0  1 -1 0  0  0
 1  0  0 0 -1  0
1,1;1;1;1;1 1 57
17 
#4 
6	% 
  0  1  1  1  1 -1
  0 -2  0  0 -1  1
 -1  0  1  0  1  1
  1  1 -1 -1 -1 -1
  0 -1  1  1  0  1
  0 -1  1  0  0  0
6	% 
  0  1 -1  0  0  0
  1  0  1 -1 -1 -1
  1  0 -1  0 -1 -1
 -1 -1  1  1  1  1
  1  0  0  0 -1  0
  1  1  0  0  0 -1
6	% 
  0 -1  1  0  0  0
 -1  1  0  1  1  1
  0 -1  1  1  1  1
  1  1 -1 -1 -1 -1
  0  0  1  1  1  0
  0 -1  1  1  0  1
6	% 
 -1  0  0  0  0  1
  1 -1  1  1  0  1
 -1  0  0  1  1  1
  1  0 -1 -1 -1 -2
  0 -1  1  1  0  1
  0  0  0  1  0  1
4-1;1;1 2 7
1 
#1 
6	% 
 -1  0 -1  0  0  0
  0  1 -1  0  0 -1
  1 -1  1  0  0  0
  0  0  1 -1  0  0
  0  0 -1  0 -1  0
  1 -1  2  0  0  0
1;1;1;1;1;1 1 40
2 
#1 
6	% 
  0  1  0 0  1  0
 -1  1  0 0  1  0
  2 -1  0 0 -2 -1
  1 -1  0 1 -1  0
 -1  1 -1 0  1  0
 -1  0  0 0  1  0
2-1;1;1;1;1 1 45
7 
#2 
6	% 
  0  0 1 0  0  0
  1 -1 0 0 -1  0
  0 -1 0 0  0  1
  1 -1 0 1  0  0
 -1  1 0 0  1  1
  1  0 1 0  0 -1
6	% 
  1 0  0  1 0  0
  0 0  0  0 0 -1
  0 0  0 -1 0 -1
 -1 0  0  0 1  0
  0 1  0 -1 0  0
  0 0 -1  1 0  0
3;1;1;1 1 16
8 
#1 
6	% 
 -1  1  0 0  1  0
  2  0  0 0 -1 -1
  1  0  0 0 -1  0
  2 -1  0 0 -2 -1
  1  0 -1 0 -1 -1
 -1  0  0 1  1  1
3;1;1;1 1 20
4 
#1 
6	% 
 -1  0 0  0  1  1
 -1  1 0  1  2  1
  1 -1 0  0 -1 -1
 -2  1 0  0  2  1
  1  0 0 -1 -1 -1
  1 -1 1  0 -1  0
3;1;1;1 1 23
4 
#1 
6	% 
  0 1  0  0  1  0
  0 1 -1 -1 -1 -1
  0 1  0  0  0  0
  0 0 -1  0 -1  0
  0 1  0 -1  0  0
 -1 1 -1 -1  0  0
1;1;1;1;1;1 1 47
1 
#1 
6	% 
  0  0 -1  0 0 0
  1 -1  1  0 0 0
  1  0  0  0 0 0
 -1  1  0  0 1 0
 -1  1 -1 -1 0 0
 -1  0  0  0 0 1
