#25

4-2;2-2 1 3
1 
#1 
6	% 
 1 0 0 0 0 0
 0 1 0 0 0 0
 0 0 1 0 0 0
 0 0 0 1 0 0
 0 0 0 0 1 0
 0 0 0 0 0 1
1,1,1,1,1,1 1 1
1 
#1 
6	% 
 1 0 0 0 0 0
 0 1 0 0 0 0
 0 0 1 0 0 0
 0 0 0 1 0 0
 0 0 0 0 1 0
 0 0 0 0 0 1
1,1,1,1;1,1 1 3
5 
#3 
6	% 
  0 1  0 -1 1  2
  0 1  1  0 0  1
  0 0  1  1 0 -1
  0 0  0  0 0 -1
  0 1  0  0 0  1
 -1 0 -1 -1 0  1
6	% 
 0 0 1  0 0 0
 0 0 0  0 1 0
 0 1 0 -1 0 0
 1 0 0  0 0 0
 1 0 0  1 1 0
 0 1 1  1 0 1
6	% 
  1 0  1 1  1  1
  2 1  1 0  0  1
  0 0 -1 0 -1  0
 -1 0  0 0  0 -1
  1 0  1 0  0  0
  0 0  0 1  0  1
1,1,1;1,1,1 1 4
18 
#4 
6	% 
 -1  0 -1  1 -1  0
  0 -1 -1  1 -1  0
  1  0  0 -1  2 -1
 -1  1  0  1 -1  1
  1 -1  1 -1  2 -1
  0  1  0  1 -1  1
6	% 
  0  0  0 -1 -3  2
  1 -1  0 -1 -3  2
  0  1 -1  2  5 -2
  0  0  1 -1 -3  1
  0  1  0  2  5 -2
 -1  0  1 -2 -4  1
6	% 
  0  2  0 -1  0  0
  0  1  0 -1  1  0
  1 -3 -1  2 -1  1
 -1  3  1 -1  0  0
  0 -3 -1  2 -1  0
  0  1  1 -1  1 -1
6	% 
  1 -1  0 0 0 -1
  1  0  1 0 0 -1
 -1  0 -1 0 1  0
  1  0  1 0 0  0
 -1  1 -1 1 0  1
  1 -1  1 0 0 -1
2-1',2-1';1;1 1 7
3 
#1 
6	% 
  1  0  0  1  1  0
 -1  1  0  0  0  0
  1 -1  0  0  1 -1
  0  0  0 -1  0  0
  0  0  0  0 -1  0
  1 -1 -1  1  0  0
2-1',2-1';1,1 1 3
1 
#1 
6	% 
  1 -1 -1  1  1 -1
 -1  1  1  0 -1  0
  0  0  0  0  0  1
  0 -1  0  0  0  0
 -1  1  0 -1  0  1
  0 -1 -1  0  0  0
2-2',2-2',2-2' 1 1
1 
#1 
6	% 
  1 -1 -1  0  0 -1
  0 -1  0 -1 -1  0
  0 -1 -1  1  0 -1
 -1  0 -1  0 -1  0
  0 -1 -1  0  0 -1
 -1  0  0 -1 -1  0
1,1;1,1;1,1 1 7
1 
#1 
6	% 
  1 -1  0  0  0 0
  0  1  0  0  1 0
  0  1  0  1  0 1
  0  0  0 -1  1 0
 -1  0 -1  0 -1 0
  1 -1  0  0  1 0
1,1;1,1;1;1 1 39
33 
#7 
6	% 
 -2  0  0 -1 -3  0
  2 -2 -1  1  3 -3
 -1  1  1 -1 -2  2
  2  0  0  1  2  0
  2 -2 -1  1  2 -2
  1  0  0  1  2  0
6	% 
  0  2  2  1 -1  2
  0 -2 -1 -1  1 -3
  0  1  1  1  0  1
  0 -1 -1  0  1 -2
 -1 -1 -1 -1  0 -1
  1 -2 -1  0  1 -2
6	% 
  0  0  0  1 -2  2
  0  0 -1  1 -2  0
 -1  0  0  0 -1  1
  1 -1 -1  1  0 -1
 -1  0  0 -1  0 -1
 -1  1  0  0 -1  0
6	% 
 -1  0 -1  1  1 -1
  1 -1  0 -1 -1  0
 -1  1  0  0  1  0
  1  0  0  0 -1  1
  1 -1  0 -1  0  0
  1  0  1 -1  0  0
6	% 
 1  1  1 0  0  1
 1 -2 -1 1  1 -1
 0  1  1 0 -1  1
 0 -1  0 0  1 -1
 0 -1 -1 1  0 -1
 0 -1 -1 1  0  0
6	% 
  1 -1 -1  1  0 0
 -1  0  0  0 -1 0
  1  0  1 -1  1 0
 -1  1  1 -1  1 0
 -1  0  0  0 -2 1
 -1  1  1 -2  0 0
6	% 
 -1  1  1 -1 -1  1
  1  0  0  1  1  0
 -1 -1 -1  0 -1 -1
  0 -1 -1  0  1 -2
  1  1  1  1  0  1
  0 -1 -2  1  0 -1
2-2',2-2';2-2 1 3
5 
#3 
6	% 
 -1  1  1 -2  0 1
 -1  0 -1 -1 -1 1
 -1  0  0 -1  0 0
  0 -1 -1  0  0 0
  0  0  0  1  0 0
  0  0  1  0  0 0
6	% 
 0  0  1  1  0  1
 0  0  2 -1 -1  1
 0 -1  0  0  0  0
 1 -1  0  0  0  0
 0 -1 -1  0  0 -1
 1 -1 -1  1  1 -1
6	% 
  1 -2 -1  0  0 -1
 -1 -1  0 -1 -1  0
  0 -1  0  0  0 -1
 -1  0  0  0 -1  0
  0  1  1  0  0  0
  1  0  0  1  0  0
2-2,2-2,2-2 1 1
1 
#1 
6	% 
  1  0  0  0  0 0
  1 -1  0  0  0 0
  0  0  0 -1  0 0
  0  0  1 -1  0 0
 -1  0  0  1 -1 0
 -1  1 -1  1 -1 1
2-2,2-2,2-2 2 1
5 
#3 
6	% 
 0  0  1  0  0  1
 0  0  1 -1 -1  1
 0  0  0  0  0 -1
 0  0  0  0  1 -1
 0 -1 -1  1  1 -1
 1 -1  0  1  1  0
6	% 
  0 1  0  1 0  0
  1 0 -1  1 0  0
  0 0  0 -1 1  0
  0 0  1 -1 1 -1
 -1 0  0  0 0  0
 -1 1  0  0 0  0
6	% 
  1  0 -1  1  0  1
  1 -1 -1  0  1  0
 -1  0  2 -1  1 -2
 -1  1  1  1 -1 -1
  0  0  0  1 -1  0
  0  0 -1  1 -1  1
2-1,2-1;1;1 3 6
3 
#1 
6	% 
 0  0  1 -1 0  0
 0  0  0 -1 0  0
 1  0  0  0 1  0
 1 -1 -1  1 0  0
 0  0  0 -1 1  0
 0  0  1 -1 1 -1
2-1,2-1;1;1 1 8
3 
#1 
6	% 
 0 -2 -1  1  0 -1
 1 -1 -1  1  0 -1
 0  0  0 -1  1 -1
 0  1  0 -1  1  0
 0  0  1  0  0  0
 0  0  0  1 -1  0
2-1;2-1;1;1 1 32
3 
#1 
6	% 
  0  0  0 -1  0  0
 -1  1  1 -1 -1  1
  1 -1  0  0  1 -1
  1 -1 -1  1  0  0
  0  0  0  0 -1  0
  1  0  0  1  1  0
1,1;1,1;1,1 1 12
1 
#1 
6	% 
 -1 -1  0  0  0  0
  1  0  1  1  1  1
  0  0 -1  0 -1  0
  0  0  0  2 -1  2
 -1 -1  0 -1  0 -1
  1  0 -1  2 -1  1
2-1,2-1;1;1 3 7
3 
#1 
6	% 
  0 0 0  0  1  0
 -1 1 0  0 -1  1
  0 0 0  0  1 -1
  1 0 0  1  0  0
  0 0 1 -1  1 -1
  0 0 0  1 -1  0
2-1,2-1;1,1 1 3
1 
#1 
6	% 
  1 0  0  1  1  0
 -1 0  1  0 -1 -1
  0 0  0  0 -1 -1
  1 1  0  0  0  0
 -1 0 -1 -1  0  1
  1 1  1  1  0  0
4-2';2-2 1 2
1 
#1 
6	% 
  2 -1  0  1  1  0
  1 -2 -1  1  1 -1
 -1  0 -1  0  0  0
 -1  1  0 -1  0  0
 -1  0  0  0  0 -1
 -1  1  0  0 -1  0
1;1;1;1;1;1 1 43
3 
#1 
6	% 
  0  0 1 -1 0  0
 -1  0 0  0 0  0
  0  0 0 -1 0  0
  0  0 0  0 1  0
  1 -1 0  0 1 -1
 -1  1 0  0 0  0
2-2;2-2;2-2 1 5
1 
#1 
6	% 
  0 -1 0  0  0 0
  1 -1 0  0  0 0
  0  1 0  0  0 1
 -1  1 0  0 -1 1
  0  1 1  0  0 0
 -1  1 1 -1  0 0
2-2,2-2;2-2 1 3
5 
#3 
6	% 
  0 1  1  0  0 1
 -1 1  1 -1 -1 1
  0 0 -1  0  0 0
  0 0 -1  1  0 0
  0 1  1  0  0 0
 -1 1  1 -1  0 0
6	% 
 0  0 -1 1 -2  2
 0  0  0 1 -2  0
 1 -1 -1 1  0  0
 1  0  0 1  0  0
 1 -1  0 0  1 -1
 1  0  0 0  1  0
6	% 
  0 1 0  0 0  0
 -1 1 0  0 0  0
  0 0 0  0 0 -1
  0 0 0  0 1 -1
  0 0 1  0 0  0
  0 0 1 -1 0  0
2-2,2-2;2-2 2 3
6 
#4 
6	% 
  0  1  1  0  0  1
  1  0  0  1  1  0
  1 -1  0  1  1 -1
  0 -1 -1  1  0 -1
 -1  0  0 -1 -1  1
 -1  1  1 -1  0  1
6	% 
  0 1  1 -1 -1 1
 -1 1  0 -1 -1 0
  0 0 -1  0  0 0
  0 0 -1  1  0 0
  0 0  0  0  0 1
  0 0  0  0 -1 1
6	% 
 -1 -1 -1  0 -1 0
 -2  1  0 -1 -1 1
 -1  1  1 -1 -1 1
  0  1  1  0  0 1
  1 -1  0  0  0 0
  0 -1  0  0  0 0
6	% 
  1  0 0  0 0  0
  1 -1 0  0 0  0
  1 -1 0  0 1  0
  0 -1 0  0 1 -1
 -1  1 0 -1 0  0
  0  1 1 -1 0  0
1;1;1;1;1;1 1 49
3 
#1 
6	% 
  1 -1 -1  1  0 0
 -1  0  0  0  0 0
  0  0  1 -1  0 0
  1  0  0  0  1 0
  0  0  0 -1  0 0
 -1  1  1 -1 -1 1
2-2;2-2;2-2 1 9
1 
#1 
6	% 
 -1 1  1 -1  0 0
  0 1  1  0  0 0
  0 0  0  1  0 0
 -1 1  1 -1 -1 1
  0 1  1  0  0 1
  0 0 -1  0  0 0
