#148

4-1;2-1 1 2
1 
#1 
6	% 
 1 0 0 0 0 0
 0 1 0 0 0 0
 0 0 1 0 0 0
 0 0 0 1 0 0
 0 0 0 0 1 0
 0 0 0 0 0 1
1,1,1,1,1,1 1 1
1 
#1 
6	% 
 1 0 0 0 0 0
 0 1 0 0 0 0
 0 0 1 0 0 0
 0 0 0 1 0 0
 0 0 0 0 1 0
 0 0 0 0 0 1
1,1,1,1,1;1 1 2
20 
#4 
6	% 
  0 0  0 -1  1  1
  1 1  0  0  0  0
 -1 0 -1 -1  0  2
  1 0  0  0  1  1
  0 0  1  1 -1 -2
 -1 0 -1 -1  1  2
6	% 
  1  0  0  0  0  0
  0  0  1  0  0  0
  1  0  1 -1  0  0
  0 -1  0 -1 -1 -1
 -1  1 -1  1  0  1
  1 -1  1 -1 -1  0
6	% 
  1 1  0  0  0  0
  0 0 -1  1  0 -1
  0 0 -3  2  0 -1
  1 1 -1  0  1  0
 -1 0  2 -1 -1  1
  0 0 -3  2  1 -1
6	% 
  0  0  1 -1  0  0
  0 -1  0  0  0  0
  0 -1  1  1  1  0
  1  0  1  0  1  0
 -1  1 -1  0 -1 -1
  1 -1  1  1  1 -1
2-1;1,1,1,1 1 2
7 
#2 
6	% 
  1  0 -1  0  0  0
  1  0  0  0  0  0
  0 -1 -1 -1  0  0
  1 -1 -1  0 -1  0
  0  0  0  0  1 -1
 -1  1  1  1 -1  0
6	% 
  1  0  1  0  0  0
  1  1  0  0  0  0
  1  1  0  1 -1 -1
  1  1  0  1  0 -1
  0  0  1 -1  0  0
 -2 -1 -1  0  0  1
2-1;1,1,1;1 1 8
24 
#1 
6	% 
 2 0  0  0 1  1
 1 0  0  0 0  1
 0 0  0  0 0 -1
 0 1  0  0 0 -1
 1 1 -1  0 0  1
 1 0  1 -1 0  1
2-1;1,1,1;1 1 5
28 
#3 
6	% 
 2 0 1  1  0 0
 1 1 0  0  0 0
 0 0 0  1 -1 0
 0 0 0 -1  1 1
 0 0 0  1 -2 0
 1 0 0  1 -1 0
6	% 
  0  0  0 1 -1 -1
 -1 -1  0 1 -1 -1
  0  0  0 0  0  1
  1  0  0 0  0  0
 -1  0 -1 1  0  0
  0  0  0 0  1  0
6	% 
 0  1 -1  0  0 0
 0 -1  1 -1  1 1
 1  1  0  0 -1 0
 0  0 -1  1  0 0
 1  0  1 -1  0 0
 0  0  0  0 -1 0
1,1,1,1;1,1 1 2
15 
#3 
6	% 
  1  1  0  0  0  0
  0  1  0 -1  0  0
 -3  0 -1 -1 -1 -1
 -1  0  0  0  0  0
  1 -1  1  1  1  0
 -2  1 -1 -1  0 -1
6	% 
 0  1 -1 -1 1  1
 0  1  0 -1 0  0
 0  1 -1  0 0  0
 1  0  0  0 0  0
 0 -1  1  1 0 -1
 0  2 -1 -1 0  1
6	% 
 0 1  0  1  0 0
 0 0 -1  0  0 0
 1 0  1  1  0 0
 0 0  0  0 -1 1
 0 0  0 -1  1 0
 0 0  0  0  1 0
2-1;1,1,1;1 1 6
36 
#3 
6	% 
  0  1 -1  0  0  0
  1 -1  1  0  0  1
  2 -1  2  0  0  0
  0  0  0  1 -1 -1
 -1  1 -1 -1  0  1
 -1  1 -1 -1  0  0
6	% 
  0 -1 0  2 -1 -1
  1  0 0  0  1  0
  0  0 1 -2  1  1
 -1  0 0  0  0  0
  1  1 0  0 -1  0
  0 -1 1  1 -1 -1
6	% 
  2 1  1  0  0  0
 -1 0 -2  1 -1  0
 -2 0 -2  1 -1 -1
  0 0  1 -1  0  0
  2 0  1  0  1  0
  2 0  2  0  1 -1
2-1',2-1';1;1 1 7
24 
#1 
6	% 
  1 -1  2 -1  0 -1
 -2 -3  1  0  1  0
  2  2  0  0 -1  0
 -1  1 -1  0  0  1
  0  1 -2  1  0  1
  1  2 -1  0 -1  0
1,1,1,1;1,1 1 3
92 
#5 
6	% 
  1  2 -1  0  0 0
 -1 -1 -2  1  0 0
 -1 -1 -1  1  0 0
  2  0  4 -3  0 1
  1  0 -1  0 -1 0
  0  1  0  0  0 0
6	% 
  0 -1  1  0 0  0
  1 -1  0  0 1  1
  1  0  0  0 0  0
 -1  1 -1  1 0 -1
  0  0 -1  1 0  1
  0  0  1 -1 0  0
6	% 
  1  0  0  0 1  0
 -1  0  0  0 0 -1
  0 -1 -1  0 0  0
  0  2  1 -1 0  1
  0  2  1  0 0 -1
  0 -2 -1  1 0  0
6	% 
 -3 -1 -2 -1  2  0
  0  0 -1  1  0  0
  0  1  1  0 -1  1
  2  0  1  0  0 -1
  1  0 -1  1  0 -1
 -4 -1 -1 -1  1  1
6	% 
  1  1  1 -1  1  0
 -2 -1 -1  0  0  0
 -3 -1 -2  2 -1 -1
  2  1  1 -1  0  1
 -1 -1  0 -1  0  1
  1  1  0  1  1 -1
2-1;1,1;1,1 1 11
24 
#1 
6	% 
  1  0  0  0  0  1
 -1  0  0  0 -1  0
  3  0  0  0  1  1
 -2  1 -1  0 -1 -1
 -3 -1  0  0 -1 -1
 -2  0  1 -1 -1 -1
1,1,1;1,1,1 1 2
10 
#2 
6	% 
  2 1  0  1 0  0
 -2 0 -1 -1 0  0
  0 0  0  0 1 -1
 -1 0  0  0 0  0
  0 0  0 -1 0  1
  1 0  0  0 0  1
6	% 
  0 -1  0 0  0  0
  1 -1  0 0  1 -1
  0  0 -1 1  0  0
  0  0  1 0 -1 -1
 -1  0  0 0  0  1
  1 -1  0 0  1  0
2-1;1,1;1,1 1 4
21 
#3 
6	% 
 0 -2 1  1  0 0
 1  0 0  0  0 0
 0 -1 0  1 -1 0
 0  0 0 -1  1 1
 0  0 0  1 -2 0
 0  0 0  1 -1 0
6	% 
 0  0  0  0 -1 1
 1 -1  2  0  0 0
 1 -1  2 -1  1 0
 0  0 -1  1  0 0
 1  0  1 -1  0 0
 0  1 -1 -1  1 0
6	% 
 1  1  0  0  0 0
 0 -2  2 -1  1 1
 0 -2  2 -1  0 1
 0  0 -1  1  0 0
 1  0  1 -1  0 0
 0  1 -1  0 -1 0
2-1',2-1';1,1 1 2
18 
#2 
6	% 
  0  0  1 -1  0  0
  1  0  0  0  0  0
  1 -1  2  0  0  0
  1 -1  2  0 -1  0
 -1  0  0  0  1 -1
  0  1 -1  0 -1  0
6	% 
  0 1 -1  0 0  0
  1 0  0  0 0  0
  0 0  0  0 1 -1
  0 0  0  0 0 -1
 -1 0 -1  1 0  0
  0 0  0 -1 0  1
1,1,1;1,1,1 1 3
54 
#4 
6	% 
  1  1  0  0 0  0
 -1  0 -1  1 1 -1
  2  1  2 -2 0  1
 -1 -1 -1  1 0  0
  0 -1  0 -1 0  1
  0  1  0  0 0  0
6	% 
  0  0  0 -1  1  1
 -1 -4  3 -3 -1  1
  0  2 -1  1  1  0
  0  0  0  0 -1  0
  1  3 -3  3  0 -1
  0 -1  1 -1  0  1
6	% 
 1  0  0  1  0 -2
 0  2 -1 -2  2  0
 0 -2  1  1 -1  0
 0  1 -1 -1  1  1
 0 -1  1  1 -1  0
 0  1 -1  0  1 -1
6	% 
 -1 0  0 -1 1  0
  0 0 -1  0 0  1
  0 1  0  0 0 -1
  1 0  0  0 0  1
  0 0  0  1 0 -1
 -1 0  0 -1 0  1
2-1;1,1;1,1 1 9
24 
#1 
6	% 
  0 0  1 -1 0 1
 -1 0  0 -1 1 0
  1 0  0  0 0 0
  0 1 -1  0 0 0
  1 1  0  0 0 0
  0 0  1 -1 0 0
2-1;1,1;1,1 1 8
36 
#3 
6	% 
 0  0 0 -1  1 1
 0  0 0  1 -2 0
 0 -1 0  1  0 0
 0 -1 1  0 -1 0
 1 -1 1  0  0 0
 0  0 0  0 -1 0
6	% 
 -1  0  0  0  0 0
  0 -1  0  0  0 0
  0  0 -1  1  0 0
  0 -1  1 -1  0 1
  0 -1  1  0  0 0
  0 -1  1  0 -1 0
6	% 
 -1  0 0  0 0  0
  1  0 1 -1 0  0
  0 -2 2  0 1 -1
  0 -1 1 -1 0  1
  0 -2 2 -1 1  1
  0  0 0 -1 0  1
2-1;1,1;1,1 1 10
18 
#2 
6	% 
  1  0  0  0 0 1
  2  2 -1  1 0 0
  2 -1  1  0 0 0
 -1  0  0 -1 1 0
 -1 -1  1 -1 0 0
 -1  1 -1  0 0 0
6	% 
 1  0  0  0  1  0
 0 -2  1 -1  2  2
 0 -1 -1  2  2 -2
 0  1  0  0 -1  0
 0  1 -1  1 -1 -1
 0  0  1 -1 -1  1
1,1,1;1,1,1 1 4
36 
#2 
6	% 
  0 -2  0  1  0 -1
  0 -1  1  0  1 -1
  1  2 -1  1 -2  1
  0 -1  0 -1  1  0
 -1  1 -1  0 -1  2
  0  0  1 -1  1 -1
6	% 
 -1 -3  2 -1  0 -1
  0 -2  1 -1  1  0
  1  4 -2  2  0  1
 -1 -2  1 -1  0 -1
  2  5 -4  3  0  1
 -1 -1  1 -1 -1  0
2-1',2-1';1;1 1 4
18 
#2 
6	% 
  0 0  0  0  1 -1
  0 0  0  1 -1 -1
  0 0 -1  1 -1  1
 -1 0  1 -2  2  0
  0 1  0 -1  1  0
  0 0  1 -1  1  0
6	% 
 0 -1  1  0 0 0
 1  0  0  0 0 0
 0  1 -2  1 0 0
 0  0  2 -1 0 0
 0  0  1 -1 0 1
 0  0  1 -1 1 0
2-1',2-1';1;1 1 6
18 
#2 
6	% 
  2  2  0  0 -1  1
 -2  0  0 -1  1  1
  1  0  0  0  0 -1
 -2 -2  0  0  1  0
  0  0 -1  1  0  0
  0 -1  1  0  0  0
6	% 
 -1  1 -2  0  0  0
 -2  0 -1  1  0  0
  2  0  1 -1  1  0
  0 -1  1  1 -1  0
  0  0  0  1 -1 -1
  0  0  0  0 -1  1
2-1',2-1',2-1' 1 1
12 
#1 
6	% 
  0  1 -1 1 -1  0
  0  0  1 0  0 -1
  1  0  1 0 -1  0
  0  0  0 0  0 -1
 -1  0  0 0  0 -1
 -1 -1  0 0  1  0
2-2;1,1,1,1 1 2
16 
#1 
6	% 
  0 0  0  1  0 0
  0 0  0  0  1 0
  0 0  0  1  1 1
 -1 0  0 -1 -1 0
  0 1 -1  1  1 0
  1 1  0 -1 -1 0
1,1,1;1,1;1 1 5
60 
#5 
6	% 
 -1  0 0 -1  0 0
  1  1 0  0  0 0
  2 -1 1  2  0 0
 -1  0 0 -1  0 1
  0  0 0  0 -1 1
 -1  0 0  0  0 0
6	% 
  0  1 -1  1 -2  0
  0 -1  1  0 -1  1
  0 -1  1 -1  3 -1
  0  1 -1  1 -1  0
  0  0  1 -1  0  0
 -1  0  0  0  0  0
6	% 
  1 0  1 -1  1  1
  0 0  0 -1  1  1
  0 1 -1  2 -2 -2
  0 0  1 -1  1  0
  0 0  2 -2  1 -1
 -1 0  0  0  0  0
6	% 
  1  1 -1 0  1  1
  2  2 -1 1  0  0
 -2 -2  1 0 -1 -1
  0  0  0 0  1  0
 -1  0  0 0  0  0
  0  0  0 0  1 -1
6	% 
 0  2  1  0 0  0
 0  1  0  0 0  0
 1 -3 -1  0 0  0
 0  1  0  0 1  0
 0  0  0 -1 1  1
 0  0  0  0 1 -1
1,1,1,1;1;1 1 4
15 
#3 
6	% 
 0 -2 1  1  1 -1
 0 -1 0  1  1 -1
 0  3 0 -2 -3  1
 0 -1 0  0  2  0
 0  1 0  0 -1  0
 1  1 0  0 -1  0
6	% 
  0  0  1 -1  0  0
  1  1  0  0  0  0
 -3 -1 -2  1 -1 -1
  3  0  2  0  1  1
 -2  0 -1  0  0 -1
 -2  0 -1  0 -1  0
6	% 
 0  1 0  0  0  0
 1  0 0  0  0  0
 0 -3 1 -1  0  0
 0  2 0  1  0  0
 0 -1 0  0 -1  0
 0 -1 0  0  0 -1
1,1,1,1;1;1 1 5
92 
#5 
6	% 
  1 0 0  1 0  0
  1 0 0  1 1 -1
  2 0 1  1 0  0
 -1 0 0 -2 0  1
  2 0 0  2 0 -1
 -1 1 0 -2 0  0
6	% 
  1 0  1  0  0  0
  0 1  1 -2  0  0
 -1 0  0 -1 -1  1
  0 0 -1  2  0 -1
 -1 0  1 -2  0  1
  1 0  0  2 -1 -1
6	% 
  0  1  0  0 0  0
 -1  2  0  0 0  0
  0  2 -1  0 0  0
  1 -2  0  1 1  0
 -1  2  0 -1 0 -1
  0 -1 -1  1 0  0
6	% 
  0 1  0 -1  1  0
  0 0  0  0  1 -1
  0 0  1 -1  1 -1
  0 0 -1  1 -2  1
 -1 0  0 -1  2 -1
  1 0  0  0 -1  1
6	% 
  2  1  1  0 0  0
  3  1  1  1 0 -1
  1  0  0  1 0  0
 -3 -1 -1 -1 1  0
  3  1  1  0 1  0
 -2  0 -1  0 0  0
1,1,1;1,1;1 1 10
168 
#5 
6	% 
 -1 -1  1 -1  0  0
  1 -2  2  0  1  1
  1  3 -3  2 -1 -1
  0  0  1 -1  0  0
  1 -1  1  0  1  0
  1  0  0  0  0  0
6	% 
  1  1  1 -1  0  0
  3  3  3 -2  2 -4
 -6 -6 -6  4 -3  7
  0  1  0 -1  0  0
  3  1  2  0  1 -2
  1  0  0  0  0  0
6	% 
  0  2 -2  1 0 -2
  1  2 -1  1 0 -2
  0 -5  5 -3 0  6
  0  1  0 -1 1 -1
  0  1  0  0 0 -1
 -1  0  0  0 0  0
6	% 
 0 -1  0 -1  0 0
 0  1  0  0  0 0
 1 -1  0  1  0 0
 0  0 -1 -1  1 1
 0  0  1  0 -1 0
 0  0  0  0 -1 1
6	% 
  1  1 -1  0  0  0
  2  2  1  1 -1 -1
 -3 -3  1 -1  1  1
  1  0  0  0  0  0
  1  1  0  1 -1  0
  0  0  0  0 -1  1
1,1,1;1,1;1 1 12
216 
#5 
6	% 
  1  2 -2  0  0  2
 -1  1 -1 -2  0  2
  0 -4  4  3  0 -6
 -1  0 -1 -1  1  1
  1 -1  3  1 -1 -3
  0  1 -1  0  0  1
6	% 
  2  2 -2  0  1  1
  0  1 -2  1  0  0
 -2 -4  6 -1 -2 -2
  0  0 -1  0  0  0
 -1 -1  3  0 -1 -1
  1  1 -1  0  1  0
6	% 
  1  0  3 -1  0  0
  1  0  5 -2  0  0
 -3  0 -9  4 -1 -1
  1  1  2 -1  0  0
 -2 -1 -4  2 -1  0
  1  0  2 -1  0  0
6	% 
 -1 -2 -1  1  0 0
  0 -1 -1  1  0 0
  4  6  2 -3  0 2
  0  0 -1  0  1 0
  2  2  2 -1 -1 1
 -1 -1 -1  1  0 0
6	% 
 -2 -2  0 -1  2 0
 -1 -1  1  0  0 0
  4  4 -1  1 -2 0
  0 -1  1  0  0 0
  2  2 -1  1 -1 0
 -1 -1  0 -1  1 1
2-2;1,1,1;1 1 5
80 
#3 
6	% 
  0  0  0 0  1 -1
  1  0  0 0  1  0
  0  0  0 0 -1  0
 -1  0 -1 1 -2  0
 -1 -1  1 0 -2  0
  0  1  0 0 -2  0
6	% 
 -2 -2 -1  1  1  1
 -1 -1 -1  1  0  1
  1  1  1 -1 -1  0
  2  1  2 -1 -1 -1
  1  2  1 -1 -1 -1
  1  1  1 -1 -1 -1
6	% 
  1  1  0 0 -1  0
  1  1  0 0  0 -1
 -1 -1  0 1  0 -1
 -3 -2 -1 1  1  0
 -2 -3  0 1  1  0
 -2 -2  0 1  1  0
2-1',2-1';2-1 1 2
18 
#2 
6	% 
  0  3 -1 -1  0  0
 -1  0  0  1  0  0
 -1 -2  1  1  0  0
  2  0  0 -1  0  0
  1  0  0  0  0 -1
  1  0  0  0 -1  0
6	% 
  0  1 -2 1  1 -1
  0  1  0 0 -1 -1
  0  0  1 0 -1 -1
  0 -1  0 0  0  2
 -1 -1  0 0  0  1
  0  0  0 0  0  1
2-2;2-1;1,1 1 4
16 
#1 
6	% 
 -1 -1  0  0 0 1
  2  2  0 -1 0 0
 -1 -1  0  0 1 0
  3  3  0 -1 0 0
  3  2  0 -1 0 0
  2  3 -1 -1 0 0
1,1,1;1,1;1 1 11
144 
#5 
6	% 
 -1 -2  1  1 0 -2
 -2 -4  2  1 0 -2
  4  8 -4 -3 1  5
 -2 -1 -2  1 0 -1
  0 -2  3  0 0 -1
 -1 -1  0  1 0 -1
6	% 
  1 0 -3  3 -2  0
  0 0 -4  3 -2  0
 -2 0  9 -8  5  0
  1 1 -2  2 -1 -1
  0 0 -2  1 -1  1
  0 0 -2  2 -1  0
6	% 
  3  2  1  1 0 -2
  2  2  0  1 0 -2
 -7 -5 -2 -3 0  6
  2  1  0  1 0 -1
  1  1  0  0 1 -1
  1  1  0  1 0 -1
6	% 
  0 -2 0 1 0 0
  0 -1 0 0 0 0
  0  5 0 0 1 0
  1 -1 1 0 0 0
 -1 -1 0 0 0 0
  0 -1 0 0 0 1
6	% 
 0  2 0  1  0 0
 0  1 0  0  0 0
 1 -4 0 -1  0 0
 0  1 0  0  1 0
 0  0 1  0 -1 0
 0  1 0  0  0 1
1,1,1;1,1;1 1 7
84 
#4 
6	% 
 -3 0 -1 -1 0 0
 -2 0  0 -1 0 0
  3 1  0  1 0 0
 -1 0  0 -1 1 0
  0 0  0 -1 1 1
 -1 0  0 -1 0 0
6	% 
 -1 0  1 -1 0  0
 -1 0  1  0 0 -2
  2 0 -2  0 1  3
  0 0  1  0 0 -1
  3 1  2  0 0  0
 -1 0  0  0 0  0
6	% 
 -3 -4 -1  3 -2 -2
 -2 -3 -1  2 -1 -1
  4  5  1 -3  2  2
 -1 -1 -1  1  0 -1
  0 -1  1  0  0  0
 -1 -2  0  1 -1 -1
6	% 
 0  2 -2 -1  2  0
 0  1 -2  0  2  0
 0 -3  5  0 -4  0
 1  1 -1  0  1  0
 1  0  0  0  0  0
 0  1 -1  0  1 -1
1,1,1,1;1;1 1 6
7 
#2 
6	% 
  0 0  0 0 -1  1
  1 1  0 0  0  0
  1 0  1 0  0  0
 -1 0 -1 1  0 -1
  1 0  0 0  0  1
 -1 0  0 0  0  0
6	% 
  1 0 -1  0  0 0
  1 0  0  0  0 0
  0 1  0  0  0 0
 -1 0  1  0  0 1
  1 0 -1 -1  1 0
  0 0  0  0 -1 1
1,1,1;1,1;1 1 9
56 
#3 
6	% 
  0  1 -1  1 -2  0
  0 -1  1  0 -1  1
  0 -1  1 -1  3 -1
 -2 -2 -1  1 -1  0
  3  3  1 -1  0  0
  1  0  1 -1  0  0
6	% 
  1 0  1 -1  1  1
  1 1  0  0  0  0
 -1 0 -1  2 -2 -2
  0 0  1 -1  1  0
  1 0  0  0  0  0
  1 0  1 -1  0  0
6	% 
 0  2  1  0  0  0
 0  1  0  0  0  0
 1 -3 -1  0  0  0
 0  1 -1  2 -1  0
 0  0  1 -1  1 -1
 0  0  0  1  0 -2
2-1;1,1;1;1 1 34
12 
#1 
6	% 
  0  0  0 0 1 -1
  1  0  0 0 0  0
 -1 -1  0 0 0  0
 -1 -1  0 0 0  1
  0  0 -1 1 0  0
 -1  0 -1 0 0  1
2-1;1,1;1;1 1 32
48 
#1 
6	% 
  1 0  0  0  0  1
 -1 0  0  0 -1  0
  3 1  0  0  1  1
 -2 0  1 -1 -1 -1
 -3 0  0  0 -1 -1
 -2 1 -1  0 -1 -1
3;1,1,1 1 3
8 
#1 
6	% 
  1  0  0 0 1  0
 -1  0  0 0 0 -1
 -1 -1  0 0 0  0
 -1  0  0 0 0  0
  0 -1  1 0 0  0
  0  0 -1 1 0  0
2-1;1,1;1;1 1 33
48 
#1 
6	% 
  1  0  0  0 1 0
  0  1 -1  0 0 0
  1  0  0  0 0 0
  0  0  1 -1 0 0
 -1  0  0 -1 0 1
 -1 -1  0  0 0 0
2-1;1,1;1;1 1 9
42 
#4 
6	% 
  0  3 -1 -2  0  0
  0  0  0  1 -2  0
  0 -5  2  4 -2  0
  0  0  0  0  1 -1
 -1 -3  1  2 -1  0
  0 -3  1  2 -1  0
6	% 
  1 -1  2  0  0 0
  1  0  1 -1  0 0
  0  2 -2 -1  0 0
 -1  0  0  0  0 0
  0  1 -1 -1  0 1
  0  1 -1  0 -1 0
6	% 
 0 0  0 -1  1  1
 1 0  1 -1  0  0
 2 1  1  0 -1 -1
 0 0 -1  1  0  0
 1 1  0  0  0 -1
 1 1  0  0 -1  0
6	% 
 0  0  0  0 1 -1
 1  0  1 -1 0  0
 1  0  1 -2 0  2
 0  0 -1  1 0  0
 0 -1  1 -1 0  1
 0  0  0 -1 0  1
2-2;2-1;1;1 1 9
16 
#1 
6	% 
  0  0 0  0 -1  1
  1  1 0 -1  0  1
  0 -1 0  1  0 -1
  0  0 1 -1  0  0
  0 -1 1  0  0  0
 -1 -1 0  0  0  0
2-1;1,1;1;1 1 19
72 
#3 
6	% 
 0 0  0  1 -1 -1
 0 0  0 -1  2  0
 0 0  1 -1  0  0
 1 1 -1  1  1  0
 1 1  0  0  0  0
 2 1 -1  1  1  0
6	% 
 -1 0  0  0  0  0
  1 0  1 -1  0  0
  0 1 -1  0  0  0
  2 0  2  0 -1  0
  1 1  0  0  0  0
  2 0  2  0  0 -1
6	% 
 0  0 -1  1  0 0
 1  0  1 -1  0 0
 0  2 -2  0 -1 1
 0 -3  3 -1  1 0
 0 -2  2 -1  1 1
 1 -2  3 -1  1 0
1,1,1;1;1;1 1 4
20 
#3 
6	% 
 0 -1  1  0  0  0
 0  2 -1 -1  0  0
 0 -1  0  0  1  1
 1  1  0  0 -1 -1
 1  1  0  0 -1  0
 1  1  0  0  0 -1
6	% 
  3  1 1  1 0  0
 -1 -1 0  0 0  0
  1  0 0  1 0  0
 -1  0 0 -1 1 -1
 -1  0 0  0 0 -1
  0  0 0  0 0 -1
6	% 
  0  0 -1  1  0 0
  0  0  1 -1 -1 1
  0  0 -1  0  2 0
 -1 -1  1  0 -2 0
  0 -1  1  0 -1 0
 -1 -1  1  0 -1 0
1,1;1,1;1,1 1 3
15 
#2 
6	% 
  5  0  0  0  2 -2
  0  0  1 -1  0  0
  0 -1  1  0  0  0
 -3  0  0  0 -1  1
  2  1 -2  2  0 -1
  2  0 -1  1  1  0
6	% 
  0 -7  3  4 0  0
  0  0  0 -1 1  1
 -1 -1  0  0 0  0
  0  5 -2 -3 0  0
 -1 -3  1  2 0 -1
  1 -2  1  2 0 -1
2-2;1,1;1,1 1 4
48 
#2 
6	% 
 -2  0  0  0  1 -1
  2  0  0  0  0  1
  1  0  0  0 -1  0
 -1  0  1 -1 -1 -1
 -1  1 -1  0 -1 -1
 -2 -1  0  0 -1 -1
6	% 
  0  0  0 -1 1  1
  1  1 -1  1 0 -1
 -1 -1  1  0 0 -1
 -1 -1  0  0 0  0
 -1  0  0  0 0  0
  0 -1  1  0 0  0
1,1,1;1;1;1 1 8
84 
#4 
6	% 
  1 -1  1  0  1  1
  1  2 -1  1 -1 -1
 -1 -1  1 -1  1  0
  0  0  0  0  1 -1
  0 -1  2 -2  1  1
  0  1 -1  1  0 -1
6	% 
 0  0  0  0 -1 1
 0  1 -1 -1  2 0
 0 -1  1  0 -1 0
 1  0  0  0  0 0
 0  0  1  0 -2 0
 0  0 -1  0  1 0
6	% 
  0 -2 1  2 -2 0
  0  1 0 -2  1 1
  0  0 0  1 -1 0
 -1  0 0  0  0 0
  0 -1 0  1 -1 1
  0  1 0 -1  1 0
6	% 
 1 -2 0 -1 0  0
 0  0 1  0 0  0
 0 -1 0 -1 1  0
 0  0 0  0 1 -1
 0 -1 1 -1 0  0
 0  1 0  0 1  0
1,1;1,1;1;1 1 21
84 
#4 
6	% 
 -2  0  1 -3  0  0
 -2 -2 -2  1  1  1
  3  2  2  0 -1 -1
  1  1  1  0  0 -1
 -3 -1  0 -2  0  0
  1  1  1  0 -1  0
6	% 
 0  1 -1  0  1 -1
 0 -2  4 -3  1  1
 0  1 -4  4 -2  0
 0  1 -2  2 -1  0
 0  0  1 -1  1 -1
 1  1 -2  2 -1  0
6	% 
  0 1  0 -1 -1  1
  0 0 -3  4  0 -2
  0 1  2 -4  0  2
  0 0  1 -2  0  1
  0 1 -2  2 -1 -1
 -1 0  1 -2  0  1
6	% 
  1  0  0  1 0 0
 -1  1  0 -1 0 0
  0 -2 -2  1 0 0
  0 -1 -1  0 1 0
  0  1  1 -1 0 0
  0 -1 -1  0 0 1
1,1;1,1;1,1 1 6
84 
#4 
6	% 
 -3  0  0  0 -2  2
  0  0  0 -1  1  0
  1  0  0  0  1 -1
  1  0 -1  2  0  0
 -2 -1  0 -1  0  0
  1  0  0  0  1  0
6	% 
 -3 -2  0  0  0  0
  1  1  1 -1  0 -1
  2  1  0  0  0  0
  0  1 -1 -1  1  1
  0  0 -1  0  1  1
  1 -1  1  1 -1  0
6	% 
 -3 -2  0  0  0  0
  1 -1  1  0  1  0
  2  1  0  0  0  0
  0  2 -3  2 -1 -1
  0  2 -1 -1 -1  1
  1 -1  2 -1  1  0
6	% 
  0  0  0 -2 1  3
  0  1  0  1 0 -1
  0  0  0  1 0 -2
  0 -1  0 -1 0  0
  1  0  3 -1 0  0
 -1  0 -2  1 0 -1
1,1;1,1;1;1 1 6
45 
#4 
6	% 
  0 0 -1 1  0  0
  4 1  3 0  0  0
 -1 0 -2 0  1  1
  0 0  1 0 -1 -1
  0 0 -1 0  1  0
  0 0 -1 0  0  1
6	% 
  0  0 -1 1  0  0
  0 -3  3 0 -2  2
  0  1 -2 0  2  0
  0  0  1 0 -1 -1
 -1  0 -1 0  1  0
  0  0 -1 0  1  0
6	% 
  0  0 0  0 -1 1
  0  2 1 -3  0 0
  0 -1 0  2 -2 0
  0  0 0 -1  2 0
 -1 -1 0  1 -1 0
  0 -1 0  1 -1 0
6	% 
 1  0 0  0  0  0
 0  2 1 -3  0  0
 0 -2 0  1  0  0
 0  1 0  0  0  0
 0 -1 0  1  0 -1
 0 -1 0  1 -1  0
1,1,1;1;1;1 1 16
36 
#3 
6	% 
 0  0 0 -1  1  1
 0  0 1 -3  1  3
 0 -1 1  2 -1 -3
 0  0 0 -2  1  2
 1  1 0 -2  1  2
 1  0 0  0  0  0
6	% 
 0  0 -1  1  0  0
 0  0 -2  3 -1 -1
 0  0  2 -2  1 -1
 1  0 -1  2 -1  0
 0 -1 -1  2 -1  0
 1  0  0  0  0  0
6	% 
 -1  1  0  0 0 0
 -2  3 -1  1 0 0
  2 -2 -1  0 0 0
 -1  2  0  0 0 1
 -1  2  0  0 1 0
  0  0  0 -1 1 1
1,1;1,1;1,1 1 9
18 
#2 
6	% 
  1  0 0  0  0  0
  0 -1 0  2 -1 -1
  0 -1 0  1 -1  1
  0 -1 1  0 -1  1
 -1 -1 1 -1  0  1
  1  1 0 -1  1  0
6	% 
 0  0  0 -1 1  1
 0  2 -1  1 0  0
 0  1  1  0 0  0
 1  1  1  0 0  0
 1  0  1  0 0 -1
 0 -1  0 -1 0  1
1,1;1,1;1;1 1 30
36 
#3 
6	% 
  0  0 -1  1 0 0
  1  1  1 -2 1 0
  0  1 -1  0 0 0
  1 -1  1  0 0 1
 -1 -1  0  0 0 0
  1  0  0  0 0 0
6	% 
  0  2 -3  2 -1 -1
  1  0  2 -2  0  1
  0 -2  1  1  1 -1
  1  1  1 -2  0  1
 -1 -1  0  0  0  0
  1  0  0  0  0  0
6	% 
  0  1 -1  1 0  0
  0 -1  1 -1 0 -1
 -1  0 -2  1 0  0
  1  0  3 -1 0 -1
  0  0  0 -1 1  1
  0  0  0  0 1 -1
1,1;1,1;1;1 1 38
18 
#2 
6	% 
 0 -1  1  1 0 -2
 0  0  1  0 0 -2
 0  1 -1 -1 1  1
 1  1 -1  0 0  1
 1  0  1  0 0 -1
 1  0  0  0 0  0
6	% 
 0 -1 1 0  0 0
 1  1 0 0  0 0
 0 -1 0 1  0 0
 0  0 0 1 -1 0
 0  0 0 0 -1 0
 0  0 0 0 -1 1
1,1;1,1;1;1 1 15
21 
#3 
6	% 
  0  0  0 1 -1 -1
  0 -2  2 0 -1  1
 -1  0 -1 0  1  0
  1  0  0 0  0  1
  1  1  0 0  0  0
  1  0  0 0  0  0
6	% 
  0 -2 1 1 0  0
  0  0 0 0 1 -1
 -1 -1 0 0 0  1
  1  0 0 1 0 -1
  1  1 0 0 0  0
  1  0 0 0 0  0
6	% 
  0 -2 1 1  0  0
  1  0 0 0  0  0
 -1 -1 0 0  0  1
  1  0 0 1  0 -1
  0  0 0 1 -1 -1
  0  0 0 0  1 -1
1,1,1;1;1;1 1 12
28 
#3 
6	% 
 0 0 -1 0 1  1
 0 0 -1 1 0  0
 0 1  0 0 0 -1
 1 1 -1 0 0  1
 1 0  0 0 0  0
 1 1  0 0 0  0
6	% 
  0 2  0 -2  1 -1
  0 2 -1 -1  0  0
  1 0  0  1 -1  0
  0 1  0  0  0 -1
 -1 0  0  0  0  0
  1 1  0  0  0  0
6	% 
 -1  0  0 0  0  0
  0 -1  0 0  0  0
  0  0 -1 1  0 -1
  0  0  0 1 -1  0
  0  0  0 0 -1  1
  0  0  0 1 -1 -1
1,1;1,1;1;1 1 35
18 
#2 
6	% 
  0 -2  1  3 -2 -2
 -1  0  0 -1  1  0
  0 -1 -1  2 -2  2
  0  0  0 -1  1  0
  0 -1  1  1 -1 -1
  0  0 -1  1 -1  1
6	% 
 -1 -1  2 1  0  0
  0  0  0 0  0 -1
  2  1 -1 3  0  0
  0  0  0 0 -1  0
 -1 -1  1 0  0  0
  1  1 -1 1  0  0
2-1;1,1;1;1 1 30
36 
#2 
6	% 
  0 0  0 -1 1 0
  0 0  0  0 0 1
  1 0  2  0 0 0
  0 1 -1  0 0 0
 -1 0 -2  1 0 0
  1 1  0  0 0 0
6	% 
 0  1  0  0  0 -1
 1  0  0  0  0  1
 0  0  0 -1  1  1
 0  1 -1  0  0  0
 0 -1  0  1 -1  1
 0  0 -1  1  0  0
2-1;1,1;1;1 1 23
18 
#3 
6	% 
  1 1  0  0  0 0
 -1 0 -1  1 -1 0
  1 0  1 -1  0 1
 -1 0 -1  0  1 0
  0 0 -1  1  0 0
 -1 0  0  0  0 0
6	% 
 0 0  0  1 -3 1
 0 1  0  0 -1 0
 1 0  0  0  1 0
 0 0  0  0 -1 0
 0 0  1 -1  0 0
 0 1 -1  0  0 0
6	% 
 1 1  0  0  0  0
 1 0  1 -1  1  0
 0 0 -1  1 -1  0
 0 0  0  0  1  0
 0 0  0 -1  1  1
 0 0  0  0  1 -1
2-1;2-1;1;1 1 28
12 
#1 
6	% 
  1  0  1 -1 0 1
 -1  0 -1  0 1 0
 -1 -1  0  0 0 0
  0  0 -1  1 0 0
  0  1 -1  0 0 0
  1  0  0  0 0 0
2-1,2-1;1;1 2 11
48 
#1 
6	% 
  1  1  0 -1  0  1
  0  1 -1  0  1  0
 -2 -3  1  1 -1 -1
 -2  0 -1  1  1 -1
 -1  0 -2  2  1 -1
 -1 -3  2  1 -1 -1
2-1,2-1;1;1 3 6
48 
#1 
6	% 
  0 1 -1  0  0 0
  1 3 -1 -1  0 1
  0 0  1 -1  0 0
  2 0  2 -1 -1 0
 -1 0  1 -1  0 0
 -1 0 -1  0  0 0
2-1,2-1;2-1 2 4
48 
#1 
6	% 
 -5 -5  0  4  0 -3
  0 -5  5 -1 -3  0
  2  3 -1 -1  1  1
 -2  0 -1  1  1 -1
 -1  0 -2  2  1 -1
  1  3 -2 -1  1  1
2-1,2-1;2-1 3 3
48 
#1 
6	% 
  4  5 -1 -2 -1  2
 -2 -3  2  0  0 -1
  1  0  1 -1 -1  0
  2  0  2 -1 -1  0
  2  0  3 -2 -2  0
 -1  3 -4  1  2  1
2-1;2-1;2-1 1 9
6 
#1 
6	% 
 -1  0  0 -1 0 1
 -1  0  0 -1 1 0
  0  0 -1  1 0 0
 -1 -1  0  0 0 0
  0  1 -1  0 0 0
  1  0  0  0 0 0
2-1',2-1';2-1 1 3
24 
#1 
6	% 
  1 -1  2 -1  0 -1
  2  3 -1  0 -1  0
 -1 -2  1  0  1  0
  0 -1  2 -1  0 -1
  1 -1  1  0  0 -1
 -2 -2  0  0  1  0
1,1,1;1;1;1 1 15
72 
#2 
6	% 
 -1 -1  1  1 -2 -1
  1  1  0 -1  1  1
  0  0 -1  0  1  1
  1  1 -1 -1  1  2
 -1  0  0  1 -1 -1
  0 -1  1  1 -1 -1
6	% 
  0 -2  1  0  2 0
  0  1 -1  0 -1 1
  0  1  0  0 -1 0
 -1  2 -2  1 -2 0
  1  0  0  0  1 0
  0 -1  1 -1  1 1
1,1;1,1;1,1 1 10
72 
#2 
6	% 
  0 1 -1  0  0  0
 -1 0 -1  2 -1  0
  2 0  3 -3  1 -1
  1 1  0  0  0  0
  3 0  2 -2  1 -1
 -2 0 -2  1  0  1
6	% 
  0 -2  2  0  0 -1
  0  1  0  0  0  0
  0  1 -1  0 -1  1
  0 -1  1  1  0 -1
  0 -1  1  1 -1 -1
 -1 -1  1 -1  0  0
1,1;1,1;1;1 1 28
144 
#3 
6	% 
 -2  1 -5  1  0 0
 -2 -1 -2  0  0 1
 -3 -1 -4  1  0 0
  0  1 -1  1 -1 0
  1  0  2  0  0 0
  2  0  3 -1  0 0
6	% 
 -1 -2  3  0 -3  1
  0  3 -2  1 -2 -1
 -1  2 -1  1 -3 -1
  0 -2  2  0  0  1
  0  0 -1  0  2  0
  1  0  0 -1  2  0
6	% 
 -1 -2 -1  1  2  0
  0 -1 -1  1  1  0
 -2 -1 -2  0  2  0
  0  0  0  0  0 -1
  1  1  1  0 -1 -1
  1  1  1 -1 -1  1
1,1;1,1;1;1 1 10
168 
#5 
6	% 
  0  0 0  1 -1 -1
 -1 -2 0  0  1  0
  0 -1 1 -1  1  1
  2  2 1 -1  0  0
 -1 -2 0  0  0  0
  1  1 1 -1  1  0
6	% 
  4 1  3  0 0  0
  0 0 -1  0 1  0
 -1 0 -1  0 0  0
  0 0  1 -1 0  0
  1 0  0  0 0  0
 -1 0  0  0 0 -1
6	% 
  0 -3  3 -2  2  2
 -1  0  0  0 -1  0
  0  1 -1  1 -1 -1
  0  0 -1  1  0  0
 -1  0  0  0  0  0
  0  0 -1  1  0 -1
6	% 
  0  0  0 -2  3 1
  0  1 -2  1 -1 0
  0  0  0  1 -2 0
 -1 -1  1  0  0 0
  0  1 -2  1  0 0
 -1 -2  2  0 -1 0
6	% 
 -1 1 -2 0  0  0
  2 0  0 1 -1  0
  1 0  1 0  0  0
 -1 0  0 0  1 -1
  1 0  0 1 -1 -1
 -1 0  0 0  1  0
2-1;1;1;1;1 1 38
12 
#1 
6	% 
  0 1  0 -1 0 1
 -1 0  0 -1 1 0
  0 1 -1  0 0 0
  1 1  0  0 0 0
  1 0  0  0 0 0
  0 0 -1  1 0 0
2-2;1,1,1;1 1 6
16 
#1 
6	% 
  0  0  0 0 -1 1
  0  1 -1 0  0 0
  1  0  0 0  0 0
  0  1 -2 1 -1 0
 -1 -1  0 0  0 0
  0 -1  1 0  1 0
1,1,1;1;1;1 1 17
24 
#1 
6	% 
  1  1  0 -1  0 1
 -1 -1  0  1  0 0
  0  0  1 -1  0 0
  1  1  0 -1  1 0
  0  0  0  1 -1 0
  0  1 -1  0  0 0
1,1;1,1;1;1 1 27
36 
#2 
6	% 
  0  0  0  0 1 -1
  1 -1  0  1 0  0
 -2  0  1 -2 0  0
 -1  0  0  0 0 -1
  2 -1  0  2 0 -1
 -2  1 -1 -1 0  0
6	% 
 1 -1 2  0  0  0
 0  0 1 -1  0  0
 0  0 0  0 -1  1
 1 -1 2  0 -1  0
 0 -1 2 -1  1  0
 0  0 0  1 -1 -1
1,1;1,1;1,1 1 12
24 
#1 
6	% 
  0  1 0 -2  1 0
  0  1 1  1 -1 0
 -1  0 0  0  0 0
  0  2 1 -1  0 1
  1  2 0 -2  1 0
  0 -1 0  1 -1 1
1,1;1,1;1;1 1 37
72 
#2 
6	% 
  0  0  0 -1  1 0
  0  0 -1  1  0 0
 -1 -1  0  1 -1 0
  1  0  0  0  0 1
  1  0  0  0  0 0
  1  1 -1  0  0 1
6	% 
 -1 -1 0  0  1 0
  0  0 0 -1  1 1
  0  0 0  0 -1 0
  2  0 1  0  1 0
  0 -1 1  0  0 0
  2  0 1  0  0 1
1,1;1,1;1;1 1 25
72 
#2 
6	% 
  1 -1 0  2 -1  0
 -1  0 0 -1  1  1
  0  0 1 -1  0  0
 -1 -2 0  1  0  1
  0 -1 1  0  0  0
  1  1 0  1 -1 -1
6	% 
  1  0  0 -1  1 0
  1  0 -1  2  0 0
 -1  0  0  0 -1 1
  2  0  0  0  1 0
  1  0  0 -1  1 1
 -2 -1  0 -1  0 0
1,1,1;1;1;1 1 19
8 
#1 
6	% 
  1  0  0  0 1  0
 -1  0  0  0 0 -1
  1  0  0  0 0  0
  0  0  1 -1 0  0
 -1 -1  0  0 0  0
  0  1 -1  0 0  0
1,1;1,1;1;1 1 39
24 
#1 
6	% 
  1  2  0 -1  1 -2
 -3 -2  0  1 -2  1
  1  1  0 -1  1 -1
 -2 -2  1  0 -1  1
 -1 -2  0  1 -1  1
 -2 -1 -1  1 -1  1
1,1;1,1;1;1 1 36
24 
#1 
6	% 
 -1 -1 0  0 1 0
  1  0 0  0 0 1
  1  0 0  0 0 0
  0  0 1 -1 0 0
  0 -1 1  0 0 0
  1  1 0  0 0 0
2-2;1,1;1,1 1 6
32 
#1 
6	% 
 -1  0  0 0 -1  0
  0  0  0 0  1  0
 -2 -1  0 0  1  1
  1  0 -1 1  2  0
 -2 -1  0 0 -2  0
  3  0  1 0  1 -1
2-1;2-1;2-1 1 3
3 
#1 
6	% 
 0 0  0 -1  1 1
 0 0  0  1 -2 0
 0 1 -1  1 -2 0
 0 1  0  0 -2 0
 1 1  0  0 -1 0
 0 0  0  0 -1 0
2-1;1;1;1;1 1 31
9 
#2 
6	% 
 -1  0  0 -1 0 1
 -1  0  0 -1 1 0
  1  1  0  0 0 0
  0  0 -1  1 0 0
 -1  0  0  0 0 0
  0 -1  1  0 0 0
6	% 
  0  0 -1  1 -1 0
 -1  0 -1  1 -1 0
  0  0  0 -1  1 1
  0 -1  1  0  0 0
  0  0  0  0 -1 1
  1  1  0  0  0 0
2-1;1;1;1;1 1 8
7 
#2 
6	% 
  0 0 0 -1  1 1
  0 0 0  1 -2 0
  0 0 1  0 -2 0
  0 1 0  0 -2 0
 -1 0 0  0 -1 0
  0 0 0  0 -1 0
6	% 
 0 0 -1  1  0  0
 1 0  1 -1  0  0
 1 1  0 -1  0  0
 1 1  0  0 -1 -1
 0 0  0  0  0 -1
 0 0  0  0 -1  0
2-1,2-1;2-1 1 2
36 
#2 
6	% 
 0 -3 1  2  0  0
 1 -2 0  0  0  0
 0  1 0 -1  0  0
 0  0 0  1  0  0
 0  0 0  1  0 -1
 0  0 0  1 -1  0
6	% 
  0 0  0 0  1 -1
  0 0  0 1 -1 -1
  1 0  0 0 -1  1
 -1 0 -1 0  2  0
  0 1 -1 0  1  0
 -1 0 -1 0  1  0
2-1;2-1;1,1 1 4
9 
#2 
6	% 
 1 1  0  0  0  0
 0 1  0 -1  0  0
 0 1  0  0 -1 -1
 0 1  0  0 -1  0
 0 0 -1  1  0  0
 0 0  0  0 -1  0
6	% 
 0  0  0 -1 1  1
 1  0  1 -1 0  0
 0 -1  1 -1 0  0
 0  0  0 -1 0  1
 0  0 -1  1 0  0
 0  0  0  0 0 -1
2-1;2-1;1;1 1 17
9 
#2 
6	% 
 0  1 -1 0  0  0
 0 -1  0 1  0  0
 1  0  0 1  0 -1
 1  1  0 0 -1  0
 1  1  0 0  0  0
 1  0  0 0  0  0
6	% 
 -1 -1 0  0 0  0
  1  0 1  0 0  0
  1  0 0  0 1  0
  0  0 0 -1 1  0
  0  0 0  0 1 -1
  0  0 0 -1 1  1
2-1;1;1;1;1 1 19
18 
#3 
6	% 
  0  0 0 -1  1 1
  0  0 0  1 -2 0
 -1 -1 1  0 -1 0
  0  1 0  0 -1 0
  1  1 0  0  0 0
 -1  0 0  0  0 0
6	% 
  1 0  0 0 0  0
 -1 0 -1 1 0  0
  0 0  0 1 0 -1
  0 1 -1 0 1  0
  0 1 -1 0 0  0
  1 1  0 0 0  0
6	% 
 0 0 -1  1  0 0
 1 0  1 -1  0 0
 1 1  0  0 -1 0
 0 0  0 -1  0 1
 0 0  0 -1  1 1
 0 0  0  0 -1 1
2-1;2-1;1;1 1 7
9 
#2 
6	% 
  0 0 0 -1  1 1
  0 0 0  1 -2 0
  0 0 1  0 -2 0
  0 1 0  0 -2 0
 -1 0 0  0 -1 0
  0 0 0  0 -1 0
6	% 
  1  0  0 0 0 0
 -1  0 -1 1 0 0
 -1 -1  0 1 0 0
  0  0  0 1 0 0
  0  0  0 0 0 1
  0  0  0 0 1 0
2-1,2-1;1;1 2 10
36 
#2 
6	% 
 -1  0  0 0 0 0
  1  0 -1 1 0 0
  4  0  0 0 0 1
  0  0 -2 2 1 0
  0 -1  1 0 0 0
  1  1  0 0 0 0
6	% 
 0  0 1  0 0  0
 1 -1 1 -1 0  0
 1  0 0 -1 1  0
 0  0 0  0 1  0
 0  0 0 -1 1  1
 0  0 0  0 1 -1
2-1,2-1;1;1 1 6
36 
#2 
6	% 
  0  0  0 1 -1 -1
  0  0  0 0  1 -1
  1  0  0 0  0  1
 -1  0 -1 0  1  0
 -1 -1  0 0  0  0
  0  1 -1 0  0  0
6	% 
 0  2 -3  1  0  0
 1 -1  0  0  0  0
 0  0  1  0 -1  0
 0 -1  1 -1  1  0
 0  0  0  0  1 -1
 0  0  0 -1  1  1
2-1,2-1;2-1 2 3
36 
#2 
6	% 
  0  0  3 -1 -4  0
 -3  0 -3  3  4 -4
 -1  0 -5  2  7 -1
  1  0 -3  0  4  2
  0 -1 -1  0  2  1
  1  0 -1  0  2  1
6	% 
   8   5  3 -3 0 0
 -11 -10  5  0 0 0
 -15 -10 -4  5 0 0
  -6  -2 -8  5 0 0
  -3  -1 -4  2 0 1
  -3  -1 -4  2 1 0
2-1,2-1;1,1 2 3
36 
#2 
6	% 
  1 -1  2  0  0  0
 -4  0  0  1  0 -2
 -4  0 -5  5  2 -2
  1 -1 -1  2  1  0
  2  0  2 -2 -1  1
  0  1 -4  2  1  0
6	% 
  0  0   0 -1 1  1
 -5  3 -13  5 0  0
 -9 10 -20 12 0  0
 -1  3  -1  2 0  1
  4 -4   9 -5 0  0
 -1  3  -1  3 0 -1
2-1,2-1;1,1 1 2
36 
#2 
6	% 
  0  0 -1 1  0  0
  1  0  0 0  0  0
  1 -1  2 0  0  0
  0 -1  1 0  1  0
  0  0  1 0 -1 -1
 -1  1 -2 0  1  0
6	% 
 -1 1 -2  0 0  0
  2 0  1 -1 0  0
  0 0  0 -1 1  1
 -1 0 -1  0 0  1
  1 0  1  0 0  0
 -1 0 -1  1 0 -1
2-1,2-1;1;1 2 6
36 
#2 
6	% 
  1  0  1 -1  1 -1
  0  0 -2  3 -2  0
 -1  0 -2  2 -2  2
 -1  0 -1  0  0  2
 -1 -1  0  0  0  1
  0  0  0  0  0  1
6	% 
  3 -4   4 -4 0 0
  1  1   7  0 0 0
 -5  7  -6  7 0 0
 -6  6 -12  7 0 0
 -3  3  -6  3 0 1
 -3  3  -6  3 1 0
2-1,2-1;1;1 1 4
36 
#2 
6	% 
  0  0  0 0  1 -1
  0  0  0 1 -1 -1
  1  0  0 0 -1  1
 -1  0 -1 0  2  0
 -1 -1  0 0  1  0
 -1  0 -1 0  1  0
6	% 
 1 -1  0  0  0  0
 0 -2  3 -1  0  0
 0  1  0  0  0  0
 0  0 -2  1  0  0
 0  0 -1  1  0 -1
 0  0 -1  1 -1  0
2-1,2-1,2-1 2 1
48 
#1 
6	% 
  0  0 -1 0  1  1
 -1 -1  0 0 -1  1
  0 -1  0 1  0  0
  0 -1  0 0  0  0
  0  1  0 0  0 -1
  0  0  0 0  1  0
3;1,1,1 2 2
4 
#1 
6	% 
  0 -2  2 -1 1  1
  0 -2  2 -1 0  2
  0 -2  2 -1 0  1
  0  0 -1  1 0  0
 -1 -1  1 -1 0  0
  0  1 -1  0 0 -1
2-1;1;1;1;1 1 43
12 
#1 
6	% 
  1  0  0  0 1 0
  0  0 -1  0 0 1
 -1 -1  0  0 0 0
 -1  0  0  0 0 0
 -1  0  1 -1 0 0
  1  0  1  0 0 0
2-1,2-1;2-1 3 2
6 
#1 
6	% 
  1 -1  2 -2 0 0
 -3 -3 -1  3 0 0
 -4 -7  1  3 0 0
 -6 -8  0  5 0 0
 -3 -4  0  2 0 1
 -3 -4  0  2 1 0
2-1;1;1;1;1 1 44
2 
#1 
6	% 
 -1  0  0 -1 0 1
 -1  0  0 -1 1 0
 -1 -1  0  0 0 0
  0  0 -1  1 0 0
  0 -1  1  0 0 0
 -1  0  0  0 0 0
2-1,2-1,2-1 3 1
192 
#3 
6	% 
 -1  1  0  1 -1  0
 -1 -2  4 -2  0 -1
 -2 -1  2  0 -1  0
 -1 -2  3 -2  0 -1
  0 -2  2 -2  1 -1
  2  2 -4  1  1  1
6	% 
  1  2  0  0  1  0
  0  2  1 -2  0 -1
 -1  2  0  0  0 -1
  0  2 -1 -1 -1  0
  0  0  0 -1 -1  0
  0 -3  0  1  0  1
6	% 
 -2 -3  2 -1  1 0
 -1  0 -1  1  0 1
 -2  0 -2  1  0 1
  1  3 -1  0 -1 0
  1  1  0  0  0 0
  1  0  0  0  0 0
4-1;1,1 1 2
1 
#1 
6	% 
  0  0  0 -1 1  1
 -1  0 -1  0 0  0
  0  0 -1  0 0  0
  0  0  0 -1 0  1
  0 -1  1  0 0  0
  0  0  0  0 0 -1
4-1';1;1 1 4
12 
#1 
6	% 
  1 0  2 -1  0 0
 -1 1 -3  2  0 0
 -1 1 -2  2  0 0
 -2 2 -4  3  0 0
 -1 1 -2  1  0 1
 -1 1 -2  2 -1 0
4-1';1,1 1 2
12 
#1 
6	% 
  0  0  0  0  1 -1
 -1  1 -3  1  0  0
 -1  0 -2  0  0  0
 -1  0 -2  0  1  0
  1 -1  2 -1  0  0
 -1  0 -2  1 -1  0
4-1';2-1 1 2
12 
#1 
6	% 
 -1 -1 -2  0 0 0
 -1  3 -3  3 0 0
  1  2  2  1 0 0
  2  0  4 -1 0 0
  1  0  2 -1 0 1
  1  0  2 -1 1 0
4-1';1;1 1 5
12 
#1 
6	% 
 -1  2 -2  2 0  0
  3 -3  7 -4 0  0
  2 -3  5 -4 1  0
  0  1  0  0 1  0
  0  0  0  0 1 -1
  0  0  0 -1 1  1
2-1;2-1;1,1 1 9
6 
#1 
6	% 
 0  0  0  0 1 -1
 0 -1  1  0 0  0
 1  0  1 -1 0  1
 0  0  1 -1 0  0
 0  1 -1  1 0 -1
 1  0  0  0 0  0
2-1,2-1;1;1 3 4
6 
#1 
6	% 
 0  0 -1  0 0  0
 1 -1  3 -1 0  0
 2 -1  5 -2 0  0
 2  0  4 -1 0  0
 1  0  2  0 0 -1
 1  0  2 -1 1  0
2-1,2-1;1,1 3 2
6 
#1 
6	% 
 0  0  0 -1 1  1
 1  1 -1  0 0  0
 1  1  0 -1 0  0
 0  0  0 -1 0  1
 0 -1  1  0 0  0
 0  0  0  0 0 -1
2-1,2-1;1;1 3 5
6 
#1 
6	% 
  2 0  3 -1 0  0
 -3 1 -5  3 0  0
 -3 1 -5  2 1  0
  1 0  2 -1 1  0
  0 0  0  0 1 -1
  0 0  0 -1 1  1
2-1;2-1;1;1 1 26
6 
#1 
6	% 
 -1 0  0 -1 0 1
 -1 0  0 -1 1 0
  1 0  0  0 0 0
  0 0  1 -1 0 0
  0 1 -1  0 0 0
  1 1  0  0 0 0
2-1;2-1;1;1 1 30
6 
#1 
6	% 
 0 1 0 -1  0  0
 1 0 0  1  0  0
 1 0 0  0  0  0
 0 0 1 -1  0  0
 0 0 0  0 -1  0
 0 0 0  0  0 -1
4-1;1;1 1 4
1 
#1 
6	% 
 1 0 0 0 0  0
 0 1 0 0 0  0
 0 0 1 0 0  0
 0 0 0 1 0  0
 0 0 0 1 0 -1
 0 0 0 0 1  0
4-1;1;1 1 5
1 
#1 
6	% 
 -1 0 0  0  0  0
  1 0 1 -1  0  0
  1 1 0  0 -1  0
  0 0 0  1 -1  0
  0 0 0  1 -1 -1
  0 0 0  0 -1  1
2-2;1,1;1;1 1 13
48 
#2 
6	% 
  0  0  0 -1 1 1
 -1  0  0 -1 0 1
  0 -1  0  0 0 1
 -1 -1  0  0 0 0
  0  0 -1  1 0 0
  0  1 -1  0 0 0
6	% 
  0  0 -1 1 0 0
 -1 -1  0 0 0 1
  0  0 -1 0 1 0
 -1 -1  0 0 0 0
  1  0  0 0 0 0
  0 -1  1 0 0 0
1,1;1;1;1;1 1 13
56 
#3 
6	% 
  4 0 1  3  0 0
 -1 0 0 -1  0 0
  0 0 0  0 -1 1
  0 0 0  1 -1 0
 -3 1 0 -4  0 0
  1 0 0  1 -1 0
6	% 
  0 -2  2 -1  3 -1
  0  1 -1  1 -2  0
 -1 -1  0  0  0  0
  0 -1  0  0  1  0
  0  2 -2  2 -3 -1
  0 -1  1 -1  1  0
6	% 
  6  6 -5  3  2  2
 -3 -3  3 -2 -1 -1
  1  0  0  0  0  0
  2  2 -2  1  1  0
 -5 -5  6 -4 -2 -2
  2  2 -2  1  0  1
1,1;1;1;1;1 1 29
72 
#3 
6	% 
 -1 0 1 -2  0 0
  0 0 0  0 -1 0
  2 1 0  1  0 0
 -1 0 0 -1  0 1
  0 0 0 -1  1 1
  0 0 0  0 -1 1
6	% 
  0 -1  1  0  1 -1
 -1 -2  1  0  1  0
  0  1 -1  1 -1 -1
  0 -2  2 -1  1  0
  0  0  1 -1  0  0
 -1 -1  0  0  0  0
6	% 
 -1 0  0 -1  1  1
 -1 0 -1  0  1  0
  1 1  0  1 -1 -1
 -1 0  0 -1  0  1
  0 0  1 -1  0  0
  0 1 -1  0  0  0
1,1;1;1;1;1 1 8
15 
#3 
6	% 
 1 1  0  0 0 0
 1 0  1  0 0 0
 0 0 -1  0 0 0
 0 0  0 -1 0 0
 0 0  0 -1 0 1
 0 0  0 -1 1 0
6	% 
  0  0  0  0 -1 1
  0  0  0 -1  2 0
 -1 -1  0  1 -2 0
 -1  0 -1  1 -2 0
 -1  0  0  0 -1 0
 -1  0 -1  1 -1 0
6	% 
  0  0  0  0  1 -1
  0 -1  1  0 -1  1
 -1  0 -1  0  1 -1
  0  0 -1  0  1 -1
  0  0  0 -1  1  0
  0  0 -1  0  1  0
1,1;1;1;1;1 1 18
42 
#4 
6	% 
  1 1  0 0  0  0
 -1 0 -1 0  0  0
  1 0  0 1  0 -1
  0 0  0 1 -1  0
  0 0  0 0 -1  1
  0 0  0 1 -1 -1
6	% 
  0 -1  1  0  0 0
  0 -1  1  0 -1 1
  0  0 -1  0  1 0
 -1  0  0 -1  1 0
  0  0  1 -1  0 0
 -1 -1  0  0  0 0
6	% 
 0 0  0  0 -1 1
 0 0  0 -1  2 0
 1 0  1  0 -1 0
 1 1 -1  1 -1 0
 0 0 -1  1  0 0
 1 1  0  0  0 0
6	% 
  0  0  1 -1 0 0
 -1 -1  1 -1 0 0
  0  1 -1  0 0 1
  1  1 -1  0 1 0
  1  0  0  0 0 0
  0  1 -1  0 0 0
2-2;1,1;1;1 1 9
48 
#2 
6	% 
  1  0  0  0  0  1
 -1  0  0  0  0  0
  0  0  0  0 -1  0
 -1  0  1 -1 -1 -1
 -1  1 -1  0 -1 -1
 -2 -1  0  0 -1 -1
6	% 
  1  1  2 -2 -1 0
  0  0  0 -1  1 1
 -1 -1 -2  3 -1 0
 -1 -2 -2  3  0 0
 -2 -1 -3  3  0 0
 -1 -1 -2  3  0 0
2-2;1,1;1;1 1 16
32 
#1 
6	% 
  1  0  0 0  0  1
  0  0  0 0  0 -1
  0  1 -1 1 -1 -1
  0  1  0 0  0 -2
  1  1 -1 0  0  2
 -1 -1  0 0  1 -1
1,1;1;1;1;1 1 31
36 
#2 
6	% 
  1  0  0  0 0  1
  0  0 -1  0 1  0
  1  1 -2  1 0  2
 -2 -2  1  0 0 -2
  2  2 -2  0 1  3
 -2 -2  2 -1 1 -3
6	% 
 -1  0 -1  0 0 1
  0  0  0 -1 1 0
 -2  0 -1  0 0 0
  2  1  1 -1 0 0
 -3 -1 -2  1 0 0
  3  0  2 -1 0 0
3;1,1;1 2 5
12 
#2 
6	% 
  0  0  0  0 1 -1
 -1 -1  1 -1 0  0
 -1  0  0 -1 0  0
 -1  0  0 -1 0  1
  0  0 -1  1 0  0
  0  0  0 -1 0  1
6	% 
 0  0  0 -1  1  1
 1  1 -1  0  0  0
 0  0 -1  0  0  0
 0  0 -1  1  0 -1
 0 -1  1  0  0  0
 0  0 -1  1 -1  0
3;2-1;1 1 10
8 
#1 
6	% 
  1  0  0 0 1 0
  1  0  0 0 0 1
  0  0 -1 1 0 0
 -1 -1  0 0 0 0
  0 -1  1 0 0 0
 -1  0  0 0 0 0
3;2-1;1 2 5
4 
#1 
6	% 
 1  1  0 0  0  0
 0 -1  0 0  0  0
 0  0 -1 0  0  0
 0  0 -1 1 -1 -1
 0  0 -1 1 -1  0
 0  0  0 0 -1  0
1,1;1;1;1;1 1 54
16 
#1 
6	% 
 -1 -1  1 -1  0 1
  1  1 -1  1 -1 0
  0  1 -1  0  0 0
  1  0  0  0  0 0
  0  0 -1  1  0 0
 -1 -1  0  0  0 0
3;1,1;1 1 11
16 
#1 
6	% 
 -1 -1  0  0 0 1
 -1 -1  0  0 1 0
 -1  0  0  0 0 0
 -1 -1  0  0 0 0
  0  1 -1  0 0 0
  0  0  1 -1 0 0
1,1;1;1;1;1 1 41
9 
#2 
6	% 
  0 0  0  1 -3 1
  0 1 -1  0  0 0
  1 1 -1  1 -1 0
 -1 0  0  0  0 0
  0 0 -1  1 -1 0
  0 0  1 -1  0 0
6	% 
 -8 -3 -5 0  0  0
  0  0  0 1 -1 -1
 -3 -1 -1 0 -1  0
  0  0 -1 1  0  0
 -3 -1 -1 0  0 -1
  1  0  0 0  0  0
1,1;1;1;1;1 1 52
36 
#2 
6	% 
 0  0  0  1 0 -2
 1  2 -1 -4 0  8
 0  0  0 -1 1  1
 0  1 -1 -2 0  5
 1  1 -1 -2 0  5
 0 -1  1  2 0 -4
6	% 
  1 0 -1  1 0 0
 -5 0  3 -4 0 0
 -1 0  0  0 0 0
 -3 0  2 -3 1 0
 -3 0  2 -3 0 1
  3 1 -2  2 0 0
3;1,1;1 1 14
8 
#1 
6	% 
 -1  0 -1 1  0 0
 -2 -1  0 0  0 0
 -1  1 -1 0  0 0
 -2  0 -1 1 -1 0
  0  0  0 0 -1 1
 -1  0  0 0  0 0
3;1,1;1 1 10
16 
#1 
6	% 
 1  0  0  0 1 0
 0  0 -1  0 0 1
 1  1  0  0 0 0
 0 -1  1  0 0 0
 1  0  0  0 0 0
 0  0  1 -1 0 0
2-2;1;1;1;1 1 10
16 
#1 
6	% 
  0  0  1 -1 0 1
 -1  0  0  0 0 0
  1  0  1 -1 1 0
 -1 -1  0  0 0 0
  0  0 -1  1 0 0
  0  1 -1  0 0 0
1;1;1;1;1;1 1 12
7 
#2 
6	% 
  0 -1  2 -1  0 0
  0  0  0  0 -1 1
  0  1 -1  1 -1 0
  1  1 -1  1 -1 0
  0  0 -1  1  0 0
 -1 -1  0  0  0 0
6	% 
 1 0 0  0  1 -1
 1 1 0  0  0  0
 0 0 1  0 -1  0
 0 0 0  1 -1  0
 0 0 0  0 -1  1
 0 0 0 -1  1  1
1;1;1;1;1;1 1 6
1 
#1 
6	% 
  1 0  0 0 0 0
 -1 1 -1 0 0 0
 -2 0 -1 0 0 0
 -2 0 -2 1 0 0
 -1 0 -1 0 0 1
 -1 0 -1 0 1 0
1;1;1;1;1;1 1 20
9 
#2 
6	% 
 -1 -1  1 -1  0 1
  0  0  0  1 -1 0
  0 -1  1  0  0 0
  0  0 -1  1  0 0
  1  1  0  0  0 0
 -1  0  0  0  0 0
6	% 
  0  1 -1 0  0  1
 -1 -1  0 1 -1  0
  0  0  0 0 -1  1
  0  0  0 1 -1 -1
 -1 -1  0 0  0  0
 -1  0  0 0  0  0
1;1;1;1;1;1 1 36
3 
#1 
6	% 
  0 -1  0  0 0  0
  0  0  0 -1 0  2
 -1  0  0  0 0  0
  0  0  0  0 0  1
  0  1 -1  0 0  1
  0  0  0  0 1 -1
1;1;1;1;1;1 1 44
2 
#1 
6	% 
 -1 -1 1 -1 0 1
  0 -1 0  0 1 0
  0  0 1 -1 0 0
  1  1 0  0 0 0
  0 -1 1  0 0 0
 -1  0 0  0 0 0
1,1;1;1;1;1 1 56
2 
#1 
6	% 
 0 0  0 -1 1 1
 0 1  0 -1 1 0
 0 1 -1  0 0 0
 0 0  1 -1 0 0
 1 0  0  0 0 0
 1 1  0  0 0 0
1;1;1;1;1;1 1 48
2 
#1 
6	% 
  0  0 0  0 0 1
  0  0 0 -1 1 0
  1  0 0  0 0 0
  0  0 1 -1 0 0
  0 -1 1  0 0 0
 -1 -1 0  0 0 0
2-2;1;1;1;1 1 18
16 
#1 
6	% 
 0  0  1 -1  0 1
 0  0 -1  0  1 0
 0  0  0  0 -1 1
 1  0  0  0  0 0
 0 -1  1  0  0 0
 1  1  0  0  0 0
2-2;1,1;1;1 1 17
16 
#1 
6	% 
  0  0 0 -1 1  1
  1  1 0 -1 1  0
  2  1 1 -1 0  0
 -1 -1 0  1 0 -1
  1  1 0 -1 0  0
  1  2 0 -1 0  0
1,1;1;1;1;1 1 55
16 
#1 
6	% 
 0 0  0 1 1 0
 0 0  0 0 0 1
 0 1 -1 0 0 0
 0 0 -1 1 0 0
 1 0  0 0 0 0
 1 1  0 0 0 0
3;1,1;1 2 6
8 
#1 
6	% 
 0 1 -1  0  0 0
 1 0  1  0  0 0
 0 0  2 -2  1 0
 0 0  1 -2  1 1
 0 0 -1  2 -1 0
 0 0 -1  1 -1 1
2-2;1,1;1;1 1 18
32 
#1 
6	% 
  0  0 -1  2 -1 -1
  0  0  1 -1  1 -1
 -1 -1  0  0  0  0
 -1  0  0  0  0  0
  1  1  0 -1  1  0
 -1  0 -1  1 -1  0
3;1;1;1 1 19
8 
#1 
6	% 
 -1  0  0 -1 0 1
  1  0  0  0 1 0
  0 -1  1  0 0 0
  1  1  0  0 0 0
  0  0 -1  1 0 0
  1  0  0  0 0 0
3;1;1;1 1 22
8 
#1 
6	% 
  0  1 -1 0 1 0
  0  0  0 0 0 1
  1  0  0 0 0 0
 -1 -1  0 0 0 0
  0  1 -1 0 0 0
  0  0 -1 1 0 0
3;1;1;1 2 6
4 
#1 
6	% 
 0 -1  1  0  0  0
 1  1 -1  0  0  0
 1  1  0 -1  0  0
 0  0  0 -1  0  0
 0  0  0  0  0 -1
 0  0  0  0 -1  0
3;1;1;1 2 11
4 
#1 
6	% 
  0 0 -1  1  0  0
  0 1  0 -1  0  0
 -1 0  0 -1  0  1
  0 1  0  0 -1  0
  0 0  0  0 -1  1
  0 0  0  1 -1 -1
