#29

1;1;1;1;1;1 1 3
1 
#1 
6	% 
 1 0 0 0 0 0
 0 1 0 0 0 0
 0 0 1 0 0 0
 0 0 0 1 0 0
 0 0 0 0 1 0
 0 0 0 0 0 1
1,1,1,1,1,1 1 1
1 
#1 
6	% 
 1 0 0 0 0 0
 0 1 0 0 0 0
 0 0 1 0 0 0
 0 0 0 1 0 0
 0 0 0 0 1 0
 0 0 0 0 0 1
1,1,1,1,1;1 1 2
3 
#1 
6	% 
 -1  0  0 -1 -1 -1
  0  1  0  0  0  0
 -1  0 -1 -1 -1 -1
  0  1  1  1  0 -1
  1 -1  0  0  1  1
 -1  1  0  0  0 -1
1,1,1,1,1;1 1 1
3 
#1 
6	% 
 0  0  0  0 -1  0
 0 -1 -1  0 -1 -1
 0 -1  0 -1 -1 -1
 0  0 -1 -1  0 -1
 0  1  1  1  1  1
 1  0  0  0  0  0
1,1,1,1;1,1 1 2
12 
#2 
6	% 
  1  0  0  0 0 0
  1  0 -1  0 0 0
  0 -1 -1 -1 0 1
  0  0  0  0 1 0
 -1  1  1  1 0 0
  1 -1 -1  0 0 1
6	% 
 0  1  1  1 1 1
 0  0  1  0 0 0
 0  1  0  0 0 0
 1  0  0  0 0 0
 0 -1 -1 -1 0 0
 0  1  1  1 1 0
1,1,1,1;1,1 1 1
3 
#1 
6	% 
 0  0 -1 -1  0 -1
 0  0  0 -1 -1 -1
 0  0 -1  0 -1 -1
 0  0  1  1  1  1
 0 -1  0  0  0  0
 1  1  0  0  0  0
1,1,1;1,1,1 1 2
9 
#1 
6	% 
  0  0 -1 0  0 0
  0 -1  0 0  0 0
 -1  0  0 0  0 0
  0  0  0 0 -1 0
  1  1  1 1  1 0
  1 -1 -1 0  1 1
1,1,1;1,1,1 1 1
1 
#1 
6	% 
  0 -1 -1  0  0  0
 -1  0 -1  0  0  0
  1  1  1  0  0  0
  0  0  0  0 -1 -1
  0  0  0 -1  0 -1
  0  0  0  1  1  1
1,1,1,1;1;1 1 2
9 
#1 
6	% 
 0  1  1  1 1 1
 0  1  1  2 1 0
 0  0  1  0 0 0
 1  0  0  0 0 0
 0 -1 -1 -1 0 0
 0  1  1  1 1 0
1,1,1;1,1;1 1 5
18 
#1 
6	% 
 0  0  0 -1 0 1
 0  1  0  0 0 0
 0 -1 -1  0 0 0
 1  0  0  0 1 1
 1  0  0  0 0 0
 0  0  0  0 1 0
1,1,1;1,1;1 1 2
9 
#1 
6	% 
 -2 0 0 -2 -1 0
 -1 0 0 -1  0 1
  3 0 0  2  1 0
  0 1 0  0  0 0
  0 0 1  0  0 0
 -1 0 0 -1  0 0
1,1,1;1,1;1 1 4
3 
#1 
6	% 
  0 -1 -1  0  0  0
 -1  0 -1  0  0  0
  1  1  1  0  0  0
  0  0  0  0 -1 -1
  0  0  0 -1 -1 -1
  0  0  0  0 -1  0
1,1,1,1;1;1 1 4
3 
#1 
6	% 
 0  1  1  0  0  0
 1  0  0  0  0  0
 0 -2 -3 -1 -1 -1
 0  2  2  1  1  1
 0 -1 -1  0  0 -1
 0 -1 -1 -1  0  0
1,1,1;1,1;1 1 3
27 
#2 
6	% 
 0 0 -2 -2 -1 0
 0 0 -1 -1  0 1
 0 0  3  2  1 0
 0 1 -1 -1  0 0
 0 1  0  0  0 0
 1 0  0  0  0 0
6	% 
 0  0  2  0  1  0
 0 -1  1  0  0  0
 0  1 -2  0 -1  0
 0  0  1  0  0 -1
 0  0  0 -1 -1 -1
 1  0  0  0  0  0
1,1,1,1;1;1 1 1
3 
#1 
6	% 
 0 0 -1 -1  0 -1
 0 0 -1  0 -1 -1
 0 0  0 -1 -1 -1
 0 0  1  1  1  1
 1 0  0  0  0  0
 0 1  0  0  0  0
1,1,1;1,1;1 1 1
3 
#1 
6	% 
 0 0  0  1 0 1
 0 0  0  1 0 0
 0 0  0 -1 1 0
 0 0 -1  0 0 0
 0 1  1  0 0 0
 1 0  0  0 0 0
1,1,1;1;1;1 1 3
9 
#1 
6	% 
 0  1  0  0 0 0
 0 -1 -1  0 0 0
 1  0  0  0 0 0
 0  0  0  1 1 0
 0  0  0 -1 0 1
 0  0  0  1 0 0
1,1;1,1;1,1 1 2
9 
#1 
6	% 
 -1 0  0 -1 0 1
  0 0 -1  0 0 0
  0 1  1  0 0 0
  0 0  0  0 1 0
  1 0  0  1 0 0
 -1 0  0  0 0 1
1,1;1,1;1;1 1 5
9 
#1 
6	% 
 1 0 0  2  0 -2
 0 1 0  0  0  0
 0 0 1  0  0  0
 0 0 0 -1  0  1
 0 0 0  0 -1 -1
 0 0 0  0  0 -1
1,1,1;1;1;1 1 6
1 
#1 
6	% 
  0 -1 -1 0  0 0
 -1  0 -1 0  0 0
  1  1  1 0  0 0
  0  0  0 0 -1 0
  0  0  0 0  1 1
  0  0  0 1  1 0
1,1,1;1;1;1 1 2
9 
#1 
6	% 
 0 0 -1 -1 -1 -1
 0 0  0 -1  0  1
 1 0  0  0  0  0
 0 1  0  0  0  0
 0 0  1  1  0  0
 0 0 -1 -1 -1  0
1,1;1,1;1;1 1 3
18 
#1 
6	% 
 0 1 0  2  2  2
 0 0 1  0  0  0
 1 0 0  0  0  0
 0 0 0 -1 -1 -1
 0 0 0  1  0  0
 0 0 0  1  1  0
1,1;1,1;1;1 1 2
9 
#1 
6	% 
 0 0  0 1 1  1
 0 0 -1 0 0  0
 0 1  1 0 0  0
 1 0  0 0 0  0
 0 0  0 0 0 -1
 0 0  0 0 1  1
1,1;1,1;1,1 1 3
6 
#1 
6	% 
 1 0  0 0  2 0
 0 1  0 0  0 0
 0 0 -1 0  0 0
 0 0  0 0 -1 0
 0 0 -1 0  1 1
 0 0  1 1  1 0
1,1;1,1;1;1 1 7
9 
#1 
6	% 
 0 0 -1  0 -1 0
 0 0  0 -1  0 1
 1 0  0  0  0 0
 0 1  0  0  0 0
 0 0  1  1  1 0
 0 0 -1  1  0 0
1,1,1;1;1;1 1 1
1 
#1 
6	% 
 0 0 0  0 1  1
 0 0 0 -1 0  0
 0 0 0  0 0 -1
 1 0 0  0 0  0
 0 1 0  0 0  0
 0 0 1  0 0  0
1,1;1;1;1;1 1 4
9 
#1 
6	% 
 0 0 1  2  0 -2
 1 0 0  0  0  0
 0 1 0  0  0  0
 0 0 0 -1  0  1
 0 0 0  0 -1 -1
 0 0 0  0  0 -1
1,1;1;1;1;1 1 5
3 
#1 
6	% 
 0 1 0 0  0 0
 0 0 1 0  0 0
 1 0 0 0  0 0
 0 0 0 0  1 1
 0 0 0 0 -1 0
 0 0 0 1  1 0
1,1;1;1;1;1 1 2
3 
#1 
6	% 
 0 0 0  1 1 1
 1 0 0  0 0 0
 0 1 0  0 0 0
 0 0 1  0 0 0
 0 0 0 -1 0 0
 0 0 0  1 1 0
