#7

2-1,2-1;1;1 2 11
1 
#1 
6	% 
 1 0 0 0 0 0
 0 1 0 0 0 0
 0 0 1 0 0 0
 0 0 0 1 0 0
 0 0 0 0 1 0
 0 0 0 0 0 1
1,1,1,1,1,1 1 1
1 
#1 
6	% 
 1 0 0 0 0 0
 0 1 0 0 0 0
 0 0 1 0 0 0
 0 0 0 1 0 0
 0 0 0 0 1 0
 0 0 0 0 0 1
1,1,1,1;1,1 1 3
3 
#2 
6	% 
  1 0  1 1  1  1
  2 1  1 0  0  1
  0 0 -1 0 -1  0
 -1 0  0 0  0 -1
  1 0  1 0  0  0
  0 0  0 1  0  1
6	% 
  0  0  1 1 -1 1
 -1 -1 -1 0  0 0
  0  1  0 0  0 0
  0  0  0 0  1 0
  0  0  0 1  0 0
 -1  0  0 0  0 0
2-1',2-1';1;1 1 7
1 
#1 
6	% 
  0 -1 -1  0  0 -1
 -1  0  0 -1 -1  0
  1  0  0  0  1  0
  0  1  1  0  0  0
  0  1  0  0  0  1
  1  0  0  1  0  0
1,1,1;1,1,1 1 3
2 
#1 
6	% 
 -1  0 -1 -1 -1 -1
  0  1  0  0  1 -1
 -1 -1  0  0 -1  0
  1  0  0  1  1  0
  1 -1  0  0  0  1
 -1  0 -1  0  0 -1
1,1;1,1;1;1 1 36
1 
#1 
6	% 
 0 1 0  0 0 0
 1 0 1  1 1 1
 0 0 1  0 0 0
 0 0 0 -1 0 0
 0 0 0  0 1 0
 0 0 0  0 0 1
1,1;1,1;1,1 1 10
1 
#1 
6	% 
  0  0  0 0 0 1
  0  1  0 0 0 0
  1 -1  0 0 1 0
  0  0 -1 0 0 0
  1 -1  0 1 0 0
 -1  0  0 0 0 0
