#13

2-1;1;1;1;1 1 41
1 
#1 
6	% 
 1 0 0 0 0 0
 0 1 0 0 0 0
 0 0 1 0 0 0
 0 0 0 1 0 0
 0 0 0 0 1 0
 0 0 0 0 0 1
1,1,1,1,1,1 1 1
1 
#1 
6	% 
 1 0 0 0 0 0
 0 1 0 0 0 0
 0 0 1 0 0 0
 0 0 0 1 0 0
 0 0 0 0 1 0
 0 0 0 0 0 1
1,1,1,1;1,1 1 3
3 
#2 
6	% 
 -1 -2  1  0  2  0
  0  0  0 -1  1 -1
  0  1 -1  0 -1  0
  0  0  0  0 -1  1
  0 -1  0 -1  1  0
 -1 -1  0  0  0  0
6	% 
  1  0  1 -1  1 -1
  0  0  0 -1  0 -1
 -1 -1 -1  0 -1  1
  0 -1 -1  0 -1  1
  0  0  1  0  0 -1
  1  0  1  0  1 -1
1,1,1,1,1;1 1 2
2 
#1 
6	% 
  1 -1 -1 0  0  0
  1 -1  0 0 -1  0
  1  0 -1 0 -1  0
  2  0  0 1  0  1
 -2  1  1 0  1 -1
  2  0 -1 1 -1  0
2-1;1,1;1,1 1 11
2 
#1 
6	% 
 0 -1  0 -1 -1 -1
 1  1 -1  0  1  0
 0 -1  1  0  0  0
 0  1  0  1  1  0
 0  0  0  0  1  1
 1  1  0  0  1  0
1,1,1;1,1,1 1 4
4 
#1 
6	% 
 0  1  1 1  1 -1
 0  1  1 0  1  0
 0 -2 -1 0 -1  1
 1  1  1 0  1 -1
 0 -1 -1 0 -2  1
 0  1  0 0  1 -1
1,1,1;1,1,1 1 3
2 
#1 
6	% 
  0 1  0  0  0  0
  1 0 -1  0  0  0
 -1 0  0  0  0  0
  0 0  0  0  0 -1
 -1 0  0  0 -1  0
  0 0  0 -1  0  0
1,1;1,1;1;1 1 14
1 
#1 
6	% 
 0 -2  0  0 -1  0
 0  1  0 -1  1  0
 1  1  0  2  1  2
 0  0  0 -1  0 -1
 0  1 -1  2  0  2
 0 -2  0 -1 -1  0
1,1,1,1;1;1 1 5
1 
#1 
6	% 
  1  0 -1  1  1  1
  1  0 -1  1  2  1
  0  1 -1  1  0  1
 -1  0  1 -1 -1 -2
  1  1 -1  2  1  1
 -1 -1  0 -1 -1 -1
1,1;1,1;1;1 1 39
6 
#2 
6	% 
  1 -2 -1 0  2  0
  0  2  0 1 -2  1
  0 -1  0 0  1 -1
  0  1  1 0 -1  0
  0  2  0 1 -1  0
 -1  1  0 0 -2  0
6	% 
 -1 -1  1  0  0  2
  0  0 -2 -1 -1 -1
  0  0  1  1  0  1
  1  0 -1  0  0 -1
  0  0 -1 -1 -1 -1
  1  1 -1  0  0 -1
1,1;1,1;1,1 1 7
1 
#1 
6	% 
  0 -2 0  0 -1  0
  0  1 0  0  1  1
  0  1 1 -1  1 -1
  0  0 0  1  0  1
 -1  1 0 -1  0 -1
  0 -2 0  0 -1  1
1,1,1;1,1;1 1 10
4 
#1 
6	% 
 -4  0 -2 -2 -3 -2
 -6  0 -2 -3 -4 -3
 13  0  5  6  9  6
 -2  1 -1 -1 -1 -1
 -3 -1 -1 -2 -2 -1
  0 -1  0 -1  0  1
1;1;1;1;1;1 1 43
1 
#1 
6	% 
 1  0 0  0  1 0
 0  1 0  0  0 0
 0 -1 0  0  0 1
 0  0 0 -1  0 0
 0  0 1  0  1 0
 0  0 0  0 -1 0
