#6

1;1;1;1;1;1 1 49
1 
#1 
6	% 
 1 0 0 0 0 0
 0 1 0 0 0 0
 0 0 1 0 0 0
 0 0 0 1 0 0
 0 0 0 0 1 0
 0 0 0 0 0 1
1,1,1,1,1,1 1 1
1 
#1 
6	% 
 1 0 0 0 0 0
 0 1 0 0 0 0
 0 0 1 0 0 0
 0 0 0 1 0 0
 0 0 0 0 1 0
 0 0 0 0 0 1
1,1,1,1;1,1 1 3
3 
#1 
6	% 
 -1 -1 -1  0  0 -2
 -1 -1 -1  0  0 -1
  0  0  1 -1 -1  0
  1  1  0  1  0  2
  0  0 -1  0  1 -1
 -1 -2  0 -1 -1 -1
1,1,1;1,1,1 1 4
4 
#1 
6	% 
 -1 -1  1 -1 -1 -2
  0 -1  0 -1  0  0
  1  1 -1  1  0  1
 -1  0  1 -1 -1 -1
  0  1 -1  1  1  0
  0  0  1  0  0  0
1,1;1,1;1;1 1 39
6 
#1 
6	% 
  1 -4  1 0  0  2
  0  2  0 1 -1 -4
  0 -1  0 0  1  2
  0  2 -1 0  0 -1
  0  2  0 1  0 -2
 -1  2  0 0  0 -2
1,1;1,1;1,1 1 12
1 
#1 
6	% 
  0  0 0 -1  1  0
  0  0 0  1 -1 -1
  0  1 0  1  0  0
 -1  0 0  0 -1 -1
  0  0 0 -1  0  0
  0 -1 1  0 -1 -1
