#38

3;2-2;1 2 2
1 
#1 
6	% 
 1 0 0 0 0 0
 0 1 0 0 0 0
 0 0 1 0 0 0
 0 0 0 1 0 0
 0 0 0 0 1 0
 0 0 0 0 0 1
1,1,1,1,1,1 1 1
1 
#1 
6	% 
 1 0 0 0 0 0
 0 1 0 0 0 0
 0 0 1 0 0 0
 0 0 0 1 0 0
 0 0 0 0 1 0
 0 0 0 0 0 1
1,1,1,1,1;1 1 2
3 
#1 
6	% 
  0  0  0  1  0  0
  1  0  0  0  0  0
  0 -1 -1  0 -1 -1
  1  0  0  1  0 -1
 -1  1  1 -1  0  1
  1 -1  0  1 -1 -1
2-1;1,1,1;1 1 8
6 
#2 
6	% 
  1  0  0  0  0  0
 -1 -1  0  1  0  0
  0  0  0 -1  0 -1
  0  1  0  0 -1  0
  0 -1  1  0  0  0
  0  0 -1  1 -1  0
6	% 
 1  0  0  0  0  0
 0 -1  0  1  0  0
 0  0  0 -1  0 -1
 0  0  0 -1  1  0
 0  0 -1  1  0  0
 0  0 -1  1 -1  0
1,1,1,1,1;1 1 1
1 
#1 
6	% 
 0  0  0  0 -1  0
 0 -1 -1  0 -1 -1
 0 -1  0 -1 -1 -1
 0  0 -1 -1  0 -1
 0  1  1  1  1  1
 1  0  0  0  0  0
1,1,1,1;1,1 1 3
16 
#4 
6	% 
  0  0 -1 0  1  2
  1  0 -1 0  1  1
  1  0  0 1 -1 -1
  0  0  1 0  0  0
  0  0  0 0  1  1
 -1 -1  0 0  1  1
6	% 
  1 0 -1  0  0  0
  2 1  0 -1  0  1
  0 0  0  0 -1  0
 -1 0  0  1  1  0
  1 1 -1  0  1  2
  0 0  0  0 -1 -1
6	% 
  1  0  0  0 0  0
  0 -1  0  1 0  0
 -1 -1 -1  0 1 -1
  0  0  0 -1 1 -1
  0  0  0  1 0  0
  1  1  1  0 0  1
6	% 
 0  0  1  0  1  1
 1  1  1 -1  3  2
 0  1  0  0  0  1
 0 -1  0  0 -1 -1
 0  0  1 -1  2  1
 0  0 -1  1 -1  0
2-1;1,1;1,1 1 9
6 
#2 
6	% 
  0 -1 0  1  0  0
 -3 -2 2 -2  2 -1
  1  1 0  0  0  1
 -1  0 1 -1  0  0
  1  0 0  1 -1  0
 -1 -1 1  0  1  0
6	% 
  0 -1  0 1 0  0
 -3  0  0 0 0 -1
  1  1  0 0 0  1
 -1  1 -1 0 0  0
  1 -1  0 0 1  0
 -1 -1  1 0 1  0
1,1,1,1;1,1 1 2
3 
#1 
6	% 
 0  0  0 -1  0  0
 0 -1 -1 -1 -1 -1
 0 -1  0  0  0  0
 1  0  0  0  0  0
 0  1  1  1  0  0
 0 -1  0 -1 -1  0
1,1,1;1,1,1 1 3
16 
#4 
6	% 
  0 -1 -2  1 -2 -2
 -1  0  0  0  0  0
  1  0 -1  1 -1  0
 -1  0  2 -1  1  1
  1  1  0  0  0  1
 -1 -1 -1  0  0 -1
6	% 
  1  1 -1  1  2  2
  0 -1 -2  1  0  0
  0  1  0  0  0  1
 -1 -1  0  0 -1 -1
  0  0  1 -1  0  0
  1  0 -1  1  1  1
6	% 
  0  1 -1 1  0  1
 -1  0  0 0  0  0
  0  1 -3 0  1  2
  0 -2  2 0 -1 -2
  0 -1 -2 0 -1  0
  0  2  0 0  1  1
6	% 
  1  0  1  0  1  1
  0  1 -1  1 -1  1
  1 -1  1 -1  2  0
 -1  1 -1  0 -1  0
 -1 -1  1 -1  0 -1
  1  1  0  0  0  1
2-2',2-2';1,1 1 2
4 
#1 
6	% 
  1  0  0  0  0  0
  0  0  0  1 -1 -1
  0 -1  1 -1  0 -2
 -1  0 -1  0  1  2
  1 -1  2 -3  2  0
 -1 -2  1 -2  1 -3
1,1,1,1;1;1 1 5
3 
#1 
6	% 
  1  0  0 0 0  0
  0  0  0 0 0  1
  1  0  0 0 1  1
 -1  0  0 1 0 -1
  1 -1  0 0 0  1
 -1  0 -1 0 0 -1
1,1,1,1;1;1 1 2
3 
#1 
6	% 
 0 1  0 0 0 0
 0 0  0 1 0 0
 0 0  0 0 0 1
 1 0  0 0 0 0
 0 0  0 0 1 0
 0 0 -1 0 0 0
1,1,1;1,1;1 1 10
18 
#4 
6	% 
 0 -1  1 -1  1 -1
 0 -1  1  0  1  0
 1  3 -3  1 -3  1
 0  0  0  0  0 -1
 0 -2  1 -1  2  1
 0  0 -1  0  1  0
6	% 
  2  1 -1  1 -1 -1
  2  1 -1  1 -1  0
 -5 -3  3 -3  3  0
  1  0  0  1  0  0
  1  1 -1  0  0  0
  0  0 -1  0  1  0
6	% 
  2  1 -1  1 -1 -1
  2  1 -1  0 -1 -1
 -5 -3  3 -2  3  3
  1  0  0  0  0 -1
  1  0 -1  0  0 -1
  0  0 -1  0  1  0
6	% 
 0 -1 -1  1 -1 -1
 0 -1 -2  1 -2 -2
 1  3  4 -3  4  4
 0 -1  0  0  0 -2
 0  0 -2  1 -1  0
 0  0 -1  0  1  0
1,1,1;1,1;1 1 7
6 
#1 
6	% 
 0 0  1 -2  1  2
 0 0  1 -2  1  1
 0 1 -3  5 -3 -2
 1 0  1 -1  1  1
 1 0  0  0  0  0
 0 0  0 -1  1  1
2-1;1,1;1;1 1 25
6 
#2 
6	% 
 -3  0  0 0  0 -1
 -1  0  0 1 -1  0
  0 -1  0 1  0  0
  1  0  0 1  0  1
 -1  1 -1 0  0  0
  1  1 -1 0 -1  0
6	% 
 -3 -2  2 -2  2 -1
 -1 -1  0  0  1  0
  0 -1  0  1  0  0
  1  0  0  1  0  1
 -1  0  1 -1  0  0
  1  1 -1  0 -1  0
2-1;1,1;1;1 1 24
6 
#2 
6	% 
 0  1  0 -1  0  0
 1  0  0  0  0  0
 0  1  0  0 -1  0
 0 -1  1  0  0  0
 0  0  0 -1  0 -1
 0  0 -1  1 -1  0
6	% 
 0 1  0 -1  0  0
 1 0  0  0  0  0
 0 0  0 -1  1  0
 0 0 -1  1  0  0
 0 0  0 -1  0 -1
 0 0 -1  1 -1  0
2-1;1,1;1;1 1 27
3 
#1 
6	% 
 1 -1 0  1  0  0
 0  0 0 -1  0 -1
 0  1 0 -1  0  0
 0  1 0  0 -1  0
 0  0 1 -1  0  0
 0 -1 1  0  1  0
1,1,1;1,1;1 1 8
16 
#4 
6	% 
 0  0  1  0 -1 -1
 0  1  1  1 -3 -3
 0 -1 -3 -1  5  6
 0  0  1  0  0  0
 0  1  0  0 -2 -2
 1  0  0  0  0  0
6	% 
 0  1  1 -1  3  2
 0  2  2 -2  4  3
 0 -4 -3  4 -9 -6
 0  1  0  0  1  0
 0  1  1 -1  2  2
 1  0  0  0  0  0
6	% 
 0  1  1 -1  0  0
 0  0  0  0  0  1
 0 -1 -2  1  0 -1
 0  1  0  0  1  1
 0  0  0  0 -1  0
 1  0  0  0  0  0
6	% 
 0  1 -1   3 -1 -1
 0  2 -1   5 -3 -2
 0 -4  3 -12  5  4
 0  1  0   1  0  0
 0  1 -1   3 -2 -1
 1  0  0   0  0  0
2-2',2-2';1;1 1 3
4 
#1 
6	% 
 1 0  0  0  0  0
 0 1  1  0  0  0
 0 0  1 -2  2 -1
 0 0  1  0  1  0
 0 1  0  1 -2  0
 0 0 -1  2 -1  1
1,1,1;1;1;1 1 9
1 
#1 
6	% 
 -1  0  0  0  0  0
 -1  0  1  0  0  1
 -2  0  0 -1  0  0
 -2 -1  0  0  0  0
  1  0  1  0  0  0
  0  0 -1  0 -1 -1
1,1,1;1;1;1 1 7
3 
#1 
6	% 
 0 0 -1  0  1  2
 1 0  0  0  0  0
 0 0  0 -1  1  1
 0 0  1  0  0 -1
 0 1  0  0 -1 -1
 0 0  0  0  1  2
1,1;1,1;1;1 1 13
3 
#1 
6	% 
 -3 0 -2  0  2  0
 -1 0  0  0  1  0
 -1 0  0 -1  1  0
 -1 0 -1  0  0 -1
  1 1  0  0 -1  0
  2 0  1  0 -1  0
1,1;1,1;1,1 1 6
9 
#2 
6	% 
 -3  0 -2  0  2  0
  1 -1  1  0  0 -1
  2  0  1  0 -1  0
  0  0 -1  1 -1  0
  0  1  0  0  0  1
  1  0  1 -1  0 -1
6	% 
 -3 -2  0  2  0  0
  1  0  0 -1  0  0
  2  1  0 -1  0  0
  0 -1  2 -1 -1 -2
  0  1  0  1  1  1
  1  1 -1  0  0  1
1,1;1,1;1;1 1 36
36 
#7 
6	% 
 1  1 -1  1 -1 -1
 0 -1  0 -1  2 -1
 0 -1  1 -1  2  0
 0  1  0  0 -1  1
 0  0  0 -1  1 -1
 0 -1  0 -1  1 -1
6	% 
 1  1 -1  1 -1  1
 0 -1  0 -1  2  1
 0 -1  1 -1  2  1
 0  1  0  0 -1 -1
 0  0  0 -1  1  1
 0 -1  0 -1  1  0
6	% 
 1  0  2  0 0  1
 0  1  0 -1 0  0
 0  0  0 -1 0 -1
 0 -1  0  0 1  0
 0  0  1 -1 1  0
 0  1 -1  0 0  0
6	% 
  1  0  0 0  0  0
  0 -1 -2 1  0 -1
 -1  0 -1 1  0  0
 -1  1  0 0 -1  0
  1  0 -1 1 -1  0
 -1 -1  0 0  0 -1
6	% 
 1  1 -1 1 -1  2
 0  0 -1 0 -1 -1
 0 -1  0 0  0 -1
 0  0  0 0  1  0
 0  0 -1 1 -1  0
 0  0  0 0 -1 -1
6	% 
 1 0  0  0  4  2
 0 1  2 -1  0  1
 0 0  2 -1  0  0
 0 0 -2  1 -1 -1
 0 1  1  0  0  1
 0 1  1  0 -1  1
6	% 
 1 0  2  0 0  1
 0 1  0 -1 0  0
 0 0  0 -1 0 -1
 0 0 -1  1 0  0
 0 0  1 -1 1  0
 0 0  0 -1 1  0
1,1,1;1;1;1 1 19
12 
#3 
6	% 
 1 -1 0 -1  2  1
 1  0 0  0  0  0
 0  1 0  0 -1 -1
 0  0 0 -1  1  1
 0 -1 0 -1  1  0
 0 -1 1 -1  2  1
6	% 
 1 -1 0 -1  2 -1
 1  0 0  0  0  0
 0  0 0  1 -1  1
 0 -1 0 -1  1 -1
 0 -1 1 -1  2  0
 0 -1 0  0  1 -1
6	% 
  1  1  2 -1 0  1
  1  0  0  0 0  0
 -1 -1 -1  0 1 -1
  1  1  1  0 0  1
  1  0  2 -1 1  1
  1  0  2 -1 0  0
2-1;1;1;1;1 1 23
3 
#1 
6	% 
 1  0  0  0  0  0
 0 -1  0  0  1  0
 0 -1  0  1  0  0
 0  0 -1  1 -1  0
 0 -1  0  0  0 -1
 0  0  1 -1  0  0
2-2,2-2;1,1 2 2
4 
#1 
6	% 
 1  0  0  0  0  0
 0  1 -1  1 -1  1
 0  1 -1  1 -1  0
 0  0  1 -1  0  0
 0 -1  0  0  0 -1
 0  0  1  0  0  0
1,1;1,1;1;1 1 17
9 
#2 
6	% 
 1  0  0  0  0  0
 0  1  0 -1  0  0
 0  0 -1  1  0  0
 0 -2  0  1  0 -1
 0  0  0  1 -1  0
 0  1  1 -2  1  0
6	% 
 1 0  0  0  0  0
 0 0  1 -1  1  0
 0 0  0  1 -1  0
 0 0 -1  1 -1 -1
 0 0 -1  1  0  0
 0 1  0  0  0  0
2-2;2-2;1;1 1 10
4 
#1 
6	% 
 1 0  0 0  0  0
 0 0 -1 1  0  0
 0 0 -1 0  0 -1
 0 0  0 0  1  0
 0 0  1 0 -1  0
 0 1 -1 0  0  0
2-2,2-2;1;1 2 3
4 
#1 
6	% 
 1 0  0 0  0 0
 0 1 -1 1 -1 1
 0 1 -1 1 -1 0
 0 0  0 1 -1 0
 0 1 -1 0 -1 0
 0 0  1 0  0 1
2-2,2-2;1;1 1 3
4 
#1 
6	% 
 1  0  0  0  0  0
 0  0 -1  0  0  3
 0 -3  3 -4  4  0
 0  1 -2  2 -1  3
 0  3 -3  3 -4  1
 0  1 -1  2 -1 -1
2-2,2-2;1,1 1 2
4 
#1 
6	% 
  1  0  0  0 0  0
  0  0  0  0 1  0
  0  1 -1  0 0  0
 -1 -1  0  0 1 -1
  1 -1  2 -1 1  0
 -1 -1  0  0 0  0
2-2;2-2;1,1 1 6
4 
#1 
6	% 
  1 0  0  0  0  0
 -1 0 -1  0 -1 -1
  1 0  1 -1  1  0
 -1 0  0  0 -1  0
  0 1 -1  0 -1  0
  0 0  1  0  0  0
1,1;1;1;1;1 1 47
12 
#3 
6	% 
 1 0  0  0  0  0
 0 1  0  0 -1  0
 0 0  0  0 -1 -1
 0 0  0 -1  1  0
 0 0  1  0  0  0
 0 0 -1  0  1  0
6	% 
 1 1 -1 -1 -1 -1
 0 0  0  1 -1  0
 0 1  0  0 -1  0
 0 0 -1  0  0  0
 0 0  0  0 -1 -1
 0 0 -1  0  1  0
6	% 
 1  0  0  0 0 0
 0  0  1  0 0 0
 0  0  1  0 0 1
 0 -1  0  0 1 0
 0  0  1 -1 0 0
 0  0 -1  0 1 0
1,1;1;1;1;1 1 22
1 
#1 
6	% 
 1  0 0  0  0 0
 0  0 1 -1  1 1
 0  0 0  1 -1 0
 0  1 0  0  0 0
 0 -1 1  0  0 0
 0  1 0 -1  0 0
1,1;1;1;1;1 1 46
12 
#3 
6	% 
 0 -1 0 -1  2 -1
 1  0 0  0  0  0
 0  0 0  1 -1  1
 0 -1 0 -1  1 -1
 0 -1 0  0  1 -1
 0 -1 1 -1  2  0
6	% 
 0 1 0  1 -2 -1
 1 0 0  0  0  0
 0 0 0 -1  1  0
 0 0 1  0  0  0
 0 1 0  0 -1  0
 0 0 0  0 -1 -1
6	% 
 0  1 0 -1  2  1
 1  0 0  0  0  0
 0 -1 1  0 -1 -1
 0  1 0  0  1  1
 0  0 0 -1  2  0
 0  0 1 -1  2  1
1;1;1;1;1;1 1 31
3 
#1 
6	% 
 1  0  0  0  0 0
 0 -1  0  0  1 0
 0  0  1  0  0 1
 0  0 -1  0  0 0
 0  0  1 -1  0 0
 0  0  1  0 -1 0
1,1;1;1;1;1 1 49
3 
#1 
6	% 
 1 0  2  0 -2  0
 0 1  0  0 -1  0
 0 0  1 -1  0  0
 0 0  1  0  0  0
 0 0 -1  0  0 -1
 0 0 -1  0  1  0
