#57

2-2;1;1;1;1 1 13
1 
#1 
6	% 
 1 0 0 0 0 0
 0 1 0 0 0 0
 0 0 1 0 0 0
 0 0 0 1 0 0
 0 0 0 0 1 0
 0 0 0 0 0 1
1,1,1,1,1,1 1 1
1 
#1 
6	% 
 1 0 0 0 0 0
 0 1 0 0 0 0
 0 0 1 0 0 0
 0 0 0 1 0 0
 0 0 0 0 1 0
 0 0 0 0 0 1
1,1,1,1,1;1 1 2
10 
#4 
6	% 
 0 -1  1  0 -1  0
 0  0  1  1  0  1
 0 -1  0  1 -1  0
 0  0  1  0  0  1
 1  0 -1 -1  1 -1
 1 -1  1  1 -1  1
6	% 
  0  0 1  1 0  1
 -1  0 0  0 0  0
 -1  1 0  2 1  1
  0 -1 0  1 0  0
  1  0 0 -2 0 -1
 -1  0 0  2 1  0
6	% 
 1 0  0  0  0  0
 0 1  0  0  0  0
 0 0 -1 -1 -1 -1
 0 0  0  0  1 -1
 0 0  0  1  0  0
 0 0 -1  0  0 -1
6	% 
 -2  1 -1 -1 -1 -1
 -2  1 -1 -1 -1  0
 -2  1 -2 -1 -1 -1
 -2  1 -1  0 -1 -1
  3 -1  2  1  2  1
 -3  2 -2 -1 -2 -1
1,1,1,1;1,1 1 1
1 
#1 
6	% 
 0  0 -1 -1  0 -1
 0  0  0 -1 -1 -1
 0  0 -1  0 -1 -1
 0  0  1  1  1  1
 0 -1  0  0  0  0
 1  1  0  0  0  0
1,1,1,1;1,1 1 3
28 
#5 
6	% 
  0 -1  0 1  0  0
  0 -1 -1 1  0 -1
  1  0  0 0  0  0
 -1  2  1 0  0  2
 -1 -1 -1 0 -1 -1
  1 -1  0 0  0  0
6	% 
  0 1  1 1  1  2
  0 0  0 0  0  1
 -1 0  0 0  0  0
  0 0 -1 0 -1 -2
  0 0  0 1  1  1
 -1 1  0 0  0  0
6	% 
  1 0  1  1 1  2
  2 1  1  1 0  1
  0 0 -1  0 0 -2
 -1 0  0 -1 0  0
  1 0  1  0 0  1
  0 0  0  1 1  0
6	% 
  0  0  0 -1  0  0
 -2  1 -1 -1  1  0
 -1  0  0  0  0  1
  2 -1  1  1  0  0
 -2  1 -1 -1  1 -1
  1 -1  0  0 -1  0
6	% 
 -2  1  1  1  0 -2
  0  0  1  1  1  0
  1 -1 -1  0  0  0
  0  1  0 -1 -1  1
  0  1  1  0  1  0
 -1  0  0  1  0 -1
1,1,1,1;1,1 1 2
2 
#2 
6	% 
 0  0 1  1 -1  0
 0 -1 0  0  0  0
 1  1 0  2 -1 -1
 0  0 0  0 -2 -1
 0  0 0 -1  1  1
 0  0 0  1  0  0
6	% 
  1  1  0 0  1  1
  1  0  0 0  2  1
  1  1  0 0  0  1
  0  0 -1 1  0 -1
 -1 -1  1 0 -2 -1
  1  1  1 0  1  2
1,1,1;1,1,1 1 2
4 
#2 
6	% 
  1  0 0  0  1 -1
 -1 -1 0  0 -1  1
  0  0 1  0  0  1
  0  0 0 -1 -1 -1
  0  0 0  1  0  1
  0  0 0  1  1  0
6	% 
  0  1  0  0  0  0
  1  1  1 -1  0  1
  0  0 -1 -1 -1 -1
  0  0  0  0  1 -1
 -1 -1  0  1  0  0
  1  1  1  0  0  1
1,1,1;1,1,1 1 3
6 
#2 
6	% 
  0  1 1  1 -1  0
  0  0 0  0  0 -1
 -1  0 0  0 -1  0
  1 -1 0 -1  1  1
 -1  1 0  0 -1  0
  1  0 0  1  0  0
6	% 
  0 0  0  0 -2 -1
  0 0 -1  1  0 -1
 -1 0  0 -1  0  0
  0 0  0  1  0  0
 -1 1  0 -1  1  1
  0 0  0  1 -1 -1
1,1,1;1,1,1 1 4
12 
#1 
6	% 
  0  1  0  1 0  0
 -1  1 -1  1 0 -1
  1 -1  1 -1 1  1
  0 -1 -1  0 0 -1
  1  0  1 -1 0  0
 -1  0 -1  1 0 -1
2-2;1,1,1,1 1 1
1 
#1 
6	% 
 0 1  0  0  0  0
 1 0  0  0  0  0
 0 0  0 -1 -1 -1
 0 0 -1  0 -1 -1
 0 0 -1 -1  0 -1
 0 0  1  1  1  1
1,1,1;1,1;1 1 9
32 
#6 
6	% 
 0  0  0  0 -1 1
 0  0  1  0  0 0
 0  0 -1 -1  1 0
 0 -1  0  0 -1 0
 1  0  0  0  0 0
 2 -1  0  0  0 0
6	% 
  0 0  1  1 0 1
  0 0  1  1 1 0
  0 0 -1 -1 0 0
  0 2  1  0 0 1
 -1 0  0  0 0 0
 -2 1  0  0 0 0
6	% 
  2  2  1 -1  0  1
  1  1  0  0  0  0
 -2 -3 -1  1  0 -1
  1  1  1  0  1  2
  0  0  0  0 -1  0
  0  0  0  0 -1  1
6	% 
  2  2  0 0  1 -1
  1  1  0 0  0  0
 -2 -3  0 0 -1  1
  1  1  0 0  1  0
  0  0  0 1  0  0
  0  0 -1 1  0 -1
6	% 
 0 0  0 0 -1 -1
 0 0  1 1 -1  0
 0 0 -1 0  2  1
 0 0  0 0 -1  0
 1 0  0 0  1 -1
 0 1  0 0  0  0
6	% 
 0 0  1  1 0 1
 0 0  1  1 1 0
 0 0 -1 -1 0 0
 0 0  1  0 0 1
 1 0  0  0 0 0
 0 1  0  0 0 0
1,1,1,1;1;1 1 3
3 
#1 
6	% 
  0  0 -1  0 -1 -1
  0  0 -1 -1  0 -1
  0  0  0 -1 -1 -1
  0  0  1  1  1  1
 -1  0  0  0  0  0
  1 -1  0  0  0  0
1,1,1;1,1;1 1 7
12 
#4 
6	% 
 0 -1 0 0  0  0
 0  2 0 0 -1  1
 0 -3 0 0  1 -2
 0  1 1 0 -1  1
 0  0 1 1 -1  0
 1 -1 0 0  0  0
6	% 
  0 1  0 0  0  0
  0 0  2 0 -1  1
  0 0 -3 1  1 -2
  0 0  1 0  0  1
  0 0  0 0 -1  0
 -1 1  0 0  0  0
6	% 
 -2 1  0 0  0  0
  0 0  0 0  1  1
  0 0  0 0 -3 -2
  0 0 -1 0  1  0
  0 0 -1 1  0 -1
 -1 1  0 0  0  0
6	% 
 -2  1  0 0  0  0
  0  0 -2 0  1 -1
  2 -1  3 1 -2  1
  0  0 -1 0  0 -1
  0  0  0 0 -2 -1
 -1  1  0 0  0  0
1,1,1;1,1;1 1 12
72 
#6 
6	% 
  0 1 0  0  0  0
  0 0 0  0  1  1
  0 0 1 -1 -1  0
  0 0 0  0  0  1
  0 0 1  0  0 -1
 -1 1 0  0  0  0
6	% 
 0 0 0 0 1 1
 0 1 0 0 0 0
 0 0 1 1 0 1
 1 0 0 0 0 0
 0 0 1 0 0 1
 0 0 0 0 0 1
6	% 
  0  0  0 0  1  1
 -2  1  0 0  0  0
  2 -1 -1 1 -1 -2
 -1  1  0 0  0  0
  1 -1 -1 0  0 -1
  0  0  0 0  1  0
6	% 
 0  2 1 1  2  3
 0 -1 0 0  0  0
 0  0 0 0 -1 -1
 1 -1 0 0  0  0
 0  0 0 0  0 -1
 0  1 0 1  1  1
6	% 
 0  0 -1 -1  0  1
 0  0  0  0  1 -1
 2 -1  2  2 -1 -1
 0  1  0  0  1  0
 1 -1  1  1 -1 -1
 0  0  0 -1  0  1
6	% 
 -2  1  0  0 -2 -2
 -4  2 -1  1 -2 -3
  8 -4  1 -1  5  6
 -2  1  0  1 -1 -2
  4 -2  0 -1  2  4
 -1  0  0  0 -1 -1
1,1,1,1;1;1 1 5
28 
#5 
6	% 
 0  0  0  0 0 -1
 0  1  1 -1 0  0
 1  0  0  0 0 -1
 0 -1 -1  0 0  1
 0  1  0 -1 1 -1
 1 -1  0  0 0  1
6	% 
 0 -2 -1 -1 -1 -2
 0 -2 -1  0 -1 -2
 1 -2 -1 -1 -1 -2
 0  3  2  1  2  3
 0 -3 -2 -1 -1 -4
 1  1  1  1  1  2
6	% 
  0  0  0 -1  0  0
 -2  1 -1 -3  0 -1
  0  0  0 -1  0  1
  1 -1  0  3  0  0
 -1  0  0 -3  0  0
  0  0  0  1 -1  0
6	% 
  0  1  1 -1  0  1
  1  0  1 -1  0  1
  1  1  1 -1  0  0
 -1 -1 -1  2  0 -1
  1  1  2 -1 -1  1
 -1 -1 -1  1  1 -1
6	% 
  0  0  0 0 0 -1
  0  0  0 0 1 -2
  0  0  0 1 0 -2
  1 -1  0 0 0  3
 -1  0  0 0 0 -3
  0  0 -1 0 0  1
1,1,1;1,1;1 1 11
12 
#2 
6	% 
  0 -2 -2 0  1 -1
  0 -1 -2 0  1 -1
  0  4  5 1 -3  2
  0 -1 -1 0  0 -1
 -1  0 -1 0  0 -1
  0 -1 -1 0  0  0
6	% 
  0  0  0  2 -1 -1
 -2  1 -2  2  0 -2
  4 -2  3 -5  1  4
  0 -2  0  1 -1 -1
 -1  1 -1  1  0 -1
  0  0  0  1 -1  0
1,1,1;1,1;1 1 2
4 
#2 
6	% 
 0 0  2 0 -1  1
 0 0  2 1  0  2
 0 0 -3 0  1 -2
 1 0  0 0  0  0
 0 1  0 0  0  0
 0 0  1 0 -1  1
6	% 
 0 0  1  1  0  1
 0 0  1  1  1  0
 0 0 -2 -2 -1 -2
 1 0  0  0  0  0
 0 1  0  0  0  0
 0 0  1  0  0  1
1,1,1;1,1;1 1 6
2 
#1 
6	% 
 0  0 0 0 -1 -1
 0  1 0 0  0  0
 1 -1 0 0  1  1
 0  0 1 0 -1  0
 0  0 1 1 -1  0
 0  0 0 0 -1  0
1,1,1,1;1;1 1 6
1 
#1 
6	% 
 0 0 -1 -1 1 0
 1 0  0  0 0 0
 0 1  0  0 0 0
 0 0  0  1 0 0
 0 0  0 -1 0 1
 0 0  0  0 1 0
2-2;1,1,1;1 1 2
4 
#2 
6	% 
 0 0  0 1 1  1
 0 0 -1 0 0 -1
 0 0  1 0 0  0
 0 1  0 0 0  0
 1 0  0 0 0  0
 0 0 -1 0 1 -1
6	% 
 0 0 -1 -1 -1 -1
 0 0  0  0  1 -1
 0 0  0  1  0  0
 1 0  0  0  0  0
 0 1  0  0  0  0
 0 0 -1  0  0 -1
1,1,1;1,1;1 1 10
12 
#2 
6	% 
  2 -1  0 0  2  2
  4 -2  0 0  3  3
 -8  4  0 0 -7 -6
  1 -1  0 0  1  1
  2  0  0 1  1  1
  0  0 -1 1  0 -1
6	% 
 0 -1  0 0  0  0
 0 -2  0 0 -1 -1
 0  4  0 0  0  1
 1 -1  0 0  0  0
 0 -1  0 1 -1 -1
 0  0 -1 1  0 -1
1,1,1,1;1;1 1 4
1 
#1 
6	% 
 -1  1  0 0  0  0
 -1  0  0 0  0  0
  3 -1  0 0  2  1
 -2  0  0 0 -1 -1
  1  0 -1 0  1  0
  1  0  0 1  0  0
1,1,1;1,1;1 1 5
2 
#1 
6	% 
  2  2  1  1 -1 0
  1  1  0  0  0 0
 -2 -3 -1 -1  1 0
  1  1  1  0  0 1
  0  0  0  0  2 1
  0  0  1 -1  0 1
1,1,1;1;1;1 1 10
12 
#2 
6	% 
 0  0 -1  1 -1 -1
 0  0  0  0 -1  1
 0  0  0 -1  1  0
 1  0  0  0  0  0
 1 -1  0  0  0  0
 0  0 -1  0  0  0
6	% 
 0  0  0 1 1  1
 0  0 -1 0 0 -1
 0  0  1 0 0  0
 1  0  0 0 0  0
 1 -1  0 0 0  0
 0  0 -1 0 1 -1
1,1;1,1;1;1 1 34
6 
#1 
6	% 
  0  0  0  1  0 -2
  0  0  0 -1  0  1
 -1  0  0  0  0  0
  0  0  1  0  0  0
  0  0 -1  0 -1  0
  1 -1  0  0  0  0
1,1;1,1;1;1 1 19
3 
#1 
6	% 
  0  0  0 0 -2 -1
  0  0 -1 1  0 -1
  0  0  1 0  0  1
 -1  0  0 0  0  0
  0  0  1 0 -1  0
  1 -1  0 0  0  0
1,1;1,1;1,1 1 5
2 
#1 
6	% 
 0 -1  0 0  0  0
 1  1  0 0  0  0
 0  0  0 1 -1 -2
 0  0  0 0  1  0
 0  0 -1 0 -1 -1
 0  0  0 0  0  1
1,1;1,1;1,1 1 2
1 
#1 
6	% 
 0  0  0 0 -2 -1
 0 -1  0 0  0  0
 1  1  0 0  0  0
 0  0 -1 1  0 -1
 0  0  1 0  0  1
 0  0  1 0 -1  0
1,1;1,1;1;1 1 24
12 
#2 
6	% 
 0  0 -1 1  0 -1
 1 -3  0 0 -1 -1
 1  2  0 0  1  1
 0  1  0 0  0  1
 0  1  1 0  0  1
 0  0 -1 0  1 -1
6	% 
  0 0 -1 1  0 -1
 -1 1  0 0  0  0
  1 0  0 0  0  0
  0 0  0 0  0  1
  0 0  1 0 -1  1
  0 0 -1 0  0 -1
1,1;1,1;1;1 1 25
48 
#4 
6	% 
  0 -1 -1  0  0 -1
 -1  3  1 -1  0  1
  0  0  1  1  0  2
  0  1  0 -1  0  0
  0  0 -1 -1 -1 -1
 -1 -2 -1  1  0 -1
6	% 
  0 -1 0  0 -1  0
 -1  3 0  0  1 -1
  0  0 0 -1  0  0
  0  1 0  0  0 -1
  0  0 1  0  0  1
 -1 -2 0  0 -1  1
6	% 
  0  0 0 0 -1  0
  0  0 0 1  0  0
  1 -1 0 0  1 -1
  0  0 0 0  0  1
 -1  0 0 0 -1  1
  0  0 1 0 -1  0
6	% 
  0  0 -1  0  0  0
  1 -1  1 -1  0  1
  0  0  1  1  0 -2
  0  0  0 -1  0  1
  0  0 -1 -1 -1  1
 -1  0 -1  1  0 -1
1,1,1;1;1;1 1 15
24 
#2 
6	% 
 0  0 0 1  0 0
 0  0 0 0 -1 0
 1 -1 0 0  0 0
 0  0 1 0 -1 0
 1  0 0 0  0 0
 0  0 0 0  0 1
6	% 
 -1 1 -1 -1 -1 -2
  0 0  1  0  0  1
  0 0  0  0  1  0
  1 0  1  1  1  2
  0 0  0  0  0 -1
  0 0  0 -1  0  0
1,1,1;1;1;1 1 16
6 
#2 
6	% 
 0  0  1  1 -1  0
 1  1  1  3 -2 -1
 1 -2 -1 -3  2  1
 0  1  1  2 -2 -1
 0  1  1  2 -2  0
 0  0  0  0 -1  0
6	% 
  2 -1 -1  1  0 -1
  3 -2 -3  1  1 -2
 -3  1  3 -1 -1  2
  2 -1 -2  1  0 -2
  2 -1 -2  1  0 -1
  0  0  0  0 -1  0
1,1;1,1;1,1 1 9
6 
#1 
6	% 
  0  0  1 1 -1  0
  1  0  0 0  2  0
 -1  1  0 0  0  2
  0  1  0 0  1  2
  0  0 -1 0  0  0
  0 -1  1 0 -2 -1
1,1;1,1;1,1 1 10
24 
#2 
6	% 
  0 -1  0  1  1  1
  1  1  1 -1  0  1
 -2  1  0  0 -1  0
  0  1  1  0  1  2
 -2  1  0  0  0  1
  1 -2 -1  1  0 -1
6	% 
 1 -1 1 -1  0  1
 0  0 0  0 -1  0
 0  0 0  1  1  1
 1  0 1 -1  0  1
 0  0 1  0  1  2
 0  0 0  0  0 -1
1,1,1;1;1;1 1 8
6 
#2 
6	% 
 0  1 0 0 -1  0
 1  0 0 0  1  1
 0  0 1 0 -1  0
 0  0 1 1 -1  0
 1 -1 0 0 -1 -1
 0  0 1 0  0  1
6	% 
  0  0 0  0 -1  0
 -1  0 0  0  0 -1
  0  0 1  0 -1  1
  0  0 1 -1  0  1
  1 -1 0  0  0  1
  0  0 1  0  0  0
1,1;1,1;1;1 1 10
12 
#2 
6	% 
  0  0  0  0 -3 -2
  0 -1  0 -1  1  1
  0  0  0  0  1  1
 -1  2  1  1 -1  0
 -1 -1 -1 -1  1  0
  0  1  1  0  0  1
6	% 
  0 0 0 0 -3 -2
  0 0 1 0  0  1
  0 0 0 0  1  1
  1 0 0 0  0  0
 -1 1 0 0  0  0
  0 0 0 1  0  0
1,1;1,1;1,1 1 6
6 
#1 
6	% 
 0  0 0  0 -3 -2
 0 -1 0 -1  1  1
 0  0 0  0  1  1
 1  0 0  0  0  0
 1 -1 0  0  0  0
 0  1 1  0  0  1
1,1;1,1;1;1 1 30
6 
#1 
6	% 
  1  0  1 -1  0  1
 -1 -1 -1  0  1 -1
 -1  1 -1  1  0 -1
  1 -2  0 -1  1  0
  0  0  0  0 -1  0
  0  0  0  0  0 -1
1,1,1;1;1;1 1 12
2 
#1 
6	% 
 -1  0 0 0 0  0
 -1 -1 0 0 0  0
  0  0 0 1 0  0
  0  0 1 0 0  0
  0  0 0 0 0 -1
  0  0 0 0 1  0
1,1;1,1;1;1 1 11
1 
#1 
6	% 
 0  0 1  1 -1  0
 0 -1 0  0  0  0
 1  1 0  0  0  0
 0  0 0 -1  0  0
 0  0 0  1  0 -1
 0  0 0  0 -1  0
2-2;1,1;1,1 1 2
1 
#1 
6	% 
 0 0  0 0 -2 -1
 0 0 -1 1  0 -1
 0 0  1 0  0  1
 0 1  0 0  0  0
 1 0  0 0  0  0
 0 0  1 0 -1  0
1,1;1,1;1;1 1 28
24 
#2 
6	% 
 -1 1  1 0 -2 -1
  0 1  0 1 -1 -1
 -1 0 -1 0 -1 -2
  0 1  1 0  0  0
  0 0  0 0  1  0
  0 0  0 0  0  1
6	% 
  1  2  0 0  1  1
  0  1  0 1  0  0
 -1  3  0 0  1  1
  0  0 -1 0  1 -1
  0 -1  0 0  0 -1
  0 -1  0 0 -1  0
1,1;1,1;1;1 1 9
4 
#1 
6	% 
 0 -1  0 0  0  0
 1  1  0 0  0  0
 0  0  0 0 -1  0
 0  0  0 1  1  1
 0  0  0 0  0  1
 0  0 -1 0 -1 -2
1,1,1;1;1;1 1 13
2 
#1 
6	% 
  1  0  0 0  0 0
  1 -1  0 0  0 0
  1  0 -1 0  1 0
  0  0  0 1 -1 0
  1  0  0 0  0 1
 -1  0  0 0 -1 0
2-2;1,1;1,1 1 5
2 
#1 
6	% 
  0 1  0  0 0  0
 -1 1  0  0 0  0
  0 0  1  1 0  2
  0 0 -1  0 0 -1
  0 0  1  1 1  1
  0 0  0 -1 0  0
1,1;1,1;1;1 1 35
6 
#1 
6	% 
 -3  0 0  0 -5  0
  0  1 0 -1  2  2
  3 -3 0  0  0 -5
  0  1 1  0  1  2
 -2  0 0  0 -3  0
  2 -2 0  0  0 -3
1,1;1,1;1;1 1 5
1 
#1 
6	% 
 0 0 0  0 -3 -2
 1 0 0  0  0  0
 0 1 0  0  0  0
 0 0 0  0  1  1
 0 0 1  0 -1  0
 0 0 0 -1  0  0
1,1;1;1;1;1 1 40
3 
#1 
6	% 
  0  0 1 1 -1  0
 -1  0 0 0  0  0
  1 -1 0 0  0  0
  0  0 0 1 -1  0
  0  0 0 1 -1 -1
  0  0 0 0 -1  0
1,1;1;1;1;1 1 28
12 
#1 
6	% 
  0 0  1  0  0 0
  0 0 -1  1  0 0
 -1 1  0  0  0 0
  0 0  0  1 -1 0
  1 0  0  0  0 0
  0 0  1 -1  1 1
1,1;1;1;1;1 1 16
3 
#1 
6	% 
  0  0 0  0 -1  0
  0  0 0  0 -1 -1
 -1  0 0  0  0  0
  0  0 0 -1  1  1
  1 -1 0  0  0  0
  0  0 1  0  0  1
1,1;1;1;1;1 1 30
12 
#2 
6	% 
 -1 -3  0 0 -1  1
  0  2 -1 0  1 -1
 -1  4  0 0  1 -1
  0  0  0 1 -1 -1
  0 -2  0 0 -1  0
  0  2  0 0  0 -1
6	% 
 -3  2  0 0 -2 -2
  2 -1 -1 0  2  1
  3 -1  0 0  2  2
  0  0  0 1  0 -1
 -2  1  0 0 -1 -2
  2 -1  0 0  2  1
1,1;1;1;1;1 1 29
12 
#2 
6	% 
 -1 0 0  0  0 0
  0 1 0 -1  1 1
 -1 1 0  0  0 0
  0 1 1  0 -1 1
  0 0 0  0 -1 0
  0 0 0  0  0 1
6	% 
  1 0  0 0  0  0
  0 0  0 1 -1 -1
 -1 1  0 0  0  0
  0 0 -1 0  1 -1
  0 0  0 0  1  0
  0 0  0 0  0 -1
2-2;1,1;1;1 1 15
1 
#1 
6	% 
  0 0  1 1 -1 0
  0 1  0 0  0 0
 -1 1  0 0  0 0
  0 0 -1 0  1 0
  0 0  1 0 -1 1
  0 0  0 0  1 0
2-2;1,1;1;1 1 14
4 
#1 
6	% 
 -1 1  0 0  0  0
  0 1  0 0  0  0
  0 0  0 0 -1  0
  0 0  0 1  1  1
  0 0  0 0  0  1
  0 0 -1 0 -1 -2
1,1;1;1;1;1 1 27
1 
#1 
6	% 
 1 0  0 0  0 0
 0 1  0 0  0 0
 0 0  0 1 -1 0
 0 0 -1 0  1 0
 0 0  0 0  1 0
 0 0  0 0  0 1
2-2;1,1;1;1 1 4
1 
#1 
6	% 
 0  0 0  0 -3 -2
 1 -1 0  0  0  0
 0  0 0  0  1  1
 1  0 0  0  0  0
 0  0 0 -1  0  0
 0  0 1  0 -1  0
1;1;1;1;1;1 1 19
3 
#1 
6	% 
  1 0 0 0  0  0
  0 0 0 1 -1  0
 -1 1 0 0  0  0
  0 0 1 0 -1  0
  0 0 0 0  0 -1
  0 0 0 0 -1  0
