#39

3;1;1;1 1 16
1 
#1 
6	% 
 1 0 0 0 0 0
 0 1 0 0 0 0
 0 0 1 0 0 0
 0 0 0 1 0 0
 0 0 0 0 1 0
 0 0 0 0 0 1
1,1,1,1,1,1 1 1
1 
#1 
6	% 
 1 0 0 0 0 0
 0 1 0 0 0 0
 0 0 1 0 0 0
 0 0 0 1 0 0
 0 0 0 0 1 0
 0 0 0 0 0 1
2-1;1,1,1;1 1 8
6 
#2 
6	% 
 -1  0  1 -1  0  0
 -2 -2 -1  0  1 -1
  2  1  0  1  0  1
  2  1  0  1 -1  0
 -2 -1  0 -1  1 -1
 -2 -1  0  0  0  0
6	% 
 1  0  0 1 -1  0
 0 -2  1 0  1 -1
 0  1  0 0  0  1
 0  1 -1 0  0  0
 0 -1  1 0  0 -1
 0 -1  0 1  0  0
1,1,1,1,1;1 1 2
8 
#3 
6	% 
  0  0 1  0  0  0
 -1  0 0  0  0  0
 -1  0 0  1 -1  0
 -1  0 0 -1 -1 -1
  1 -1 1  0  2  0
 -1 -1 0  0 -1 -1
6	% 
 0 0  1 1  0 1
 0 0  1 0  0 0
 0 1  1 0 -1 0
 0 0  0 1 -1 0
 1 0 -1 0  1 0
 1 0  1 1 -1 0
6	% 
  0 -1  1  0 0  1
 -1 -1  1 -1 1 -2
 -1 -1  0  0 0  0
 -1  0  1 -1 0 -1
  1  1 -1  1 0  1
 -1 -1  1  0 0  0
1,1,1,1;1,1 1 3
19 
#5 
6	% 
 -1  0 -1  0  0  0
  0  0 -1  1 -1  0
  1  0  0  0  0  0
  0  1  1 -2  0  0
  0 -1 -1  0  0 -1
 -1  0  0 -1  0  0
6	% 
  0  0  0  2  1  1
  0  0  1  0 -2 -1
 -1 -1  1 -1  0 -1
  0  1 -1 -1  1  1
  0  1  0  1 -2  0
 -1 -1  0  0  1  0
6	% 
  2  2 1  0 -1  1
  1  2 0 -1 -1  1
 -1  0 0  0  0  1
  0 -1 0  0  1 -1
  0  1 0 -1  0  0
  1  0 0  1  0  1
6	% 
  1  0  0  1 -1 -1
 -1  0  0  0 -1 -1
  0 -1  0 -2  1 -2
  0  1  0  1  0  3
  0  1 -1  2 -1  1
  0 -1  1 -2  0 -3
6	% 
  0  0 -1  0  1 -2
  0 -1  0  0  1 -1
  1  0  1  0  0  0
 -1  1  0 -1 -1  0
 -1 -1  0 -1  1 -1
  1  0 -1  1  0  0
2-1;1,1;1,1 1 9
6 
#2 
6	% 
 0 -2  1 0 1 -1
 1  0 -5 3 0  0
 0  1  0 0 0  1
 0  1 -1 0 0  0
 0 -1  1 0 0 -1
 0 -1  0 1 0  0
6	% 
 0 -2 1  0  1 -1
 1  0 0 -1  3  0
 0  1 0  0 -1  0
 0  1 0  0  0  1
 0 -1 0  1  0  0
 0 -1 0  0  1 -1
1,1,1;1,1,1 1 3
6 
#2 
6	% 
  0  2 -1 -1 -1 1
 -1  0  0  0 -1 0
  0  1  0 -1  0 0
  0 -1  0  1  1 0
  0 -1  1  0  1 0
  0  1 -1 -1  0 0
6	% 
  0 -2 -1  1  1 -1
 -1  0  0  0  0  0
  1 -1  0 -1  1 -1
 -1  2  1  0 -2  1
  1  1  0 -1 -1  0
 -1 -2 -1  1  2 -1
1,1,1;1,1,1 1 4
6 
#1 
6	% 
  2  1 -1  0  0 -1
  1  0  0 -1  0 -2
 -2 -1 -1  1  1  1
  2  1  0  0 -1  0
 -2 -1  2  0  0  1
  1  0  0 -1  0 -1
2-2;1,1,1,1 1 2
4 
#1 
6	% 
  1  0  1 -1  0 -1
  0  1 -1  0  1  1
  1  1  0  0 -1  0
 -1 -1  0  1  0  0
  1  1  1 -1  0  0
 -1 -1  0  1  0  1
2-1;1,1;1;1 1 33
6 
#2 
6	% 
  0  2  1 -1 -1  1
  0 -1 -1  1  0  0
  0  1  1 -1 -1  0
  0 -1 -1  0  1 -1
 -1 -2 -2  1  1 -1
  0 -1 -1  1  0 -1
6	% 
 0 -2  1  0 1 -1
 0  1  0  0 0  1
 0 -1  1  0 0 -1
 0  1 -1  0 0  0
 1  2 -1  0 0  1
 0  1  0 -1 0  0
2-1;1,1;1;1 1 35
3 
#1 
6	% 
 -1 -3  2  0  1 -1
  0  1  0  0 -1  0
  1  2 -1  1 -1  2
  0  0 -1  0  1  0
  1  2 -1  0  0  1
 -1 -2  2 -1  1 -1
2-1;1,1;1;1 1 25
6 
#2 
6	% 
 -1  0 -1  0  0  0
 -1  1 -1  0  0  1
  0  2 -1  0 -1  1
  1  1  0  0  0  1
 -1 -1  0 -1  1 -1
  1 -1  1  0  1 -1
6	% 
 1  0  0  2 -3  0
 0  1  0  0 -1  1
 0  2 -1  0 -1  1
 0  1  0  0  0  1
 0 -1  1  0  0 -1
 0 -1  1 -1  1 -1
2-2;1,1,1;1 1 5
8 
#2 
6	% 
  1  0  1 0  0  1
  1 -1  1 0  1  0
 -1 -1  0 0  0 -1
 -1  0  0 0 -1 -1
 -1  0 -1 1 -1  0
 -1  0 -1 0 -1 -1
6	% 
  0  0  1 -2  1 -1
 -1  1  0 -2  1  0
 -1 -1  0  1 -1  0
  0 -1  0  3 -2  1
  0 -1 -1  3 -2  0
  0 -1 -1  3 -2  1
1,1,1;1,1;1 1 10
12 
#3 
6	% 
  2  0 0 -1  2 -2
  2  0 0  0  1 -1
 -5  0 0  1 -3  4
  1  0 1  0  1 -1
  1 -1 0  0  1 -1
  0 -2 1  0  1 -1
6	% 
  0  0 0  1  0  0
 -2  0 0  0  0 -1
  3  0 0 -2  0  1
  0  0 0  0  1  0
 -1 -1 0  1 -1 -1
  0 -2 1  0  1 -1
6	% 
 0 0  1  0 -1  0
 0 0  0 -1  2  0
 1 0 -2  2 -1  0
 0 1  0  0 -1  0
 0 0  0 -1  1 -1
 0 0  0 -1  0 -1
1,1,1,1;1;1 1 5
16 
#4 
6	% 
  0 0 -1 0  0 0
  1 0 -1 1 -1 0
 -1 1 -1 0 -1 1
  0 0  1 0  1 0
  0 0 -2 1 -1 0
  1 1  0 0  0 0
6	% 
 0  0 0 -1 -1 -1
 0  0 0 -1 -2 -1
 0 -1 0 -2 -1 -2
 1  0 0  3  2  2
 1  0 0 -2 -2 -2
 0 -1 1  2  2  1
6	% 
  0  1  0  0 -1  1
  0  2  0 -1 -1  1
 -1  1  1 -2 -1  0
  0 -2 -1  1  2 -1
  0  2  0 -1 -2  1
 -1 -1 -1  1  1  0
6	% 
  0  0 -1  0  1  0
 -1  0 -1 -1  2  0
 -1 -1 -1  0  1 -1
  2  1  2  0 -2  0
 -2 -1 -2 -1  2 -1
  1  1  1  0 -1  0
1,1,1;1,1;1 1 12
24 
#4 
6	% 
 0 0 -1  0  1 -1
 0 0 -2 -1  2 -4
 0 0  5  0 -4  6
 1 0 -1  0  1 -2
 0 0  2  0 -2  3
 0 1 -1  0  0  0
6	% 
 0  0  0 -1  0 -2
 0  0  1  0  1  1
 0  0 -2  1 -1  1
 0 -1  1  0  1  0
 0  1 -1  0 -1  1
 1  0  0  0  0 -1
6	% 
 0  0  0 -1  2 -5
 0  0 -1  0  1 -1
 0  0  1  1 -3  7
 0 -1  0  0  1 -1
 1  1  0  1 -2  4
 0  0  0 -1  1 -3
6	% 
  2  0  0  1  0  1
  0 -2  1  0  1  0
 -2  2 -1 -1 -1 -2
  0 -1  1  0  0  0
 -1  1  0 -1  0 -1
  1  0  0  0  0  0
1,1,1;1,1;1 1 11
12 
#3 
6	% 
 0  0  0  1  0  2
 0 -2  1  2 -2  0
 0  4 -2 -4  3 -1
 0  0  1  1  0  1
 0 -1  1  1 -1  0
 1  0  0  1  0  1
6	% 
 0  0  0  1  0  0
 0  2 -1  1 -1  2
 0 -2  1 -3  1 -3
 0  0  0  0  1  0
 0  1  0  1 -2  1
 1  0  0  1  0  0
6	% 
  0 -2 -2  1  2 -1
  0  0 -2  1  0  0
  0  2  5 -3 -1  1
 -1 -1 -1  0  1 -2
  1  0 -1  1  0  1
  0 -1 -1  0  1 -1
3;1,1,1 1 3
1 
#1 
6	% 
 -2 -2  1 -1  1 -1
  1  0  0  1 -1  0
 -1 -1  1 -1  0 -1
 -1 -1  0  0  0  0
  1  1 -1  0  0  0
  1  1  0  0  0  1
1,1,1;1;1;1 1 19
4 
#2 
6	% 
 -3 -2 0 -1  1 -1
 -1  0 1 -1  0  0
  2  1 0  1 -1  1
 -2 -1 0  0  0  0
 -2 -1 0 -1  1  0
 -2 -1 0 -1  0 -1
6	% 
 -3 -2  1 -1 0 -1
 -1  0  0 -1 1  0
  2  1 -1  1 0  1
 -2 -1  0  0 0  0
 -2 -1  1 -1 0  0
 -2 -1  0 -1 0 -1
1,1;1,1;1,1 1 11
3 
#1 
6	% 
  0  0  0  1  0  1
 -2 -1  1 -1 -1 -1
 -2 -1  0 -2  2 -1
  1  0 -1  0  2  0
  1  0  0 -1  0 -1
  0  0  1  2 -2  1
1,1;1,1;1;1 1 31
3 
#1 
6	% 
 0 -1  0 0  0 -1
 0 -1  1 0  1  0
 0  0 -1 1  0  0
 0  0  0 1  0  1
 1  2 -2 1 -1  1
 1  2 -1 1 -1  1
1,1,1;1;1;1 1 9
3 
#1 
6	% 
  1  0 -1  1  0  0
  1 -1  0  1 -1 -1
  1  0 -1  2 -1  1
  1  0 -1  2 -1  0
 -1 -1  1 -2  2 -1
  0  0  0  1  0  1
1,1;1,1;1;1 1 36
12 
#3 
6	% 
 1  0  1  0  0 0
 0  2 -1 -1  1 1
 0  1 -1 -1  1 0
 0 -1  0  1 -1 0
 0  1  0 -1  1 1
 0  1 -1  0  1 1
6	% 
 1  0 0  1 -1 0
 0  2 1 -1 -1 1
 0  1 0  0 -1 0
 0 -1 0  1  0 0
 0  1 0  0  0 1
 0  1 0  0 -1 1
6	% 
 1  0 0  0  0 0
 0  2 1 -1 -1 1
 0  1 0  0  0 1
 0 -1 0  1  0 0
 0  1 0  0 -1 1
 0  1 0  0 -1 0
1,1,1;1;1;1 1 17
3 
#1 
6	% 
  0  0 -1  1 -1  0
  0  3  1 -3  3  2
  0 -1  0  1 -1  0
 -1 -2 -1  2 -2 -1
  1  1  0  0  1  1
  0 -1  0  1 -1 -1
2-1;1;1;1;1 1 34
3 
#1 
6	% 
  1  0 -1  1  1  1
 -1 -1  1 -1  0 -1
  0  1 -1  0  0  1
 -1  0  1 -1  0  0
 -1  0  0  0 -1  0
  0  0 -1  0  1  0
2-2;1,1;1,1 1 6
4 
#1 
6	% 
 -1  0  0  0 -1  0
 -1  0  0 -1  1  0
 -1  1 -1 -1  1  0
  0  0  0 -2  3 -1
  0  0  0  2 -3  0
  1 -1  0  0  2  0
1,1,1;1;1;1 1 15
6 
#1 
6	% 
 1 0  0 1 -1 0
 0 1  0 0  0 1
 0 0 -1 0  0 0
 1 0  0 0  1 0
 0 0  0 1  0 1
 0 1 -1 0 -1 0
1,1;1,1;1;1 1 29
3 
#1 
6	% 
  0  0 -1  1 0  1
  0  1  0  1 0  0
  0 -1  1  1 1 -1
  1  0  0  0 0  0
  0  0  1 -2 0 -2
 -1  0 -1  1 0  2
1,1;1,1;1,1 1 10
6 
#1 
6	% 
 -1  0  1  0  0  0
  0 -1  2 -2  0 -2
  1  0 -1  1  1  2
 -1  0  2 -1  0  0
 -1  0  1  0  1  2
  0  1 -2  1 -1 -1
1,1;1,1;1;1 1 28
12 
#2 
6	% 
  2  1 0  1 -1  1
  1 -1 1  1 -1  0
  2 -1 0  1  1  0
  0  1 0  1 -2  1
 -1  0 0  0  0  0
 -1  0 0 -1  0 -1
6	% 
  0 -1 -2  1 1 0
  0  0 -1  1 0 1
  0  1 -3  1 0 0
 -1  0  0  0 0 0
 -1  0  1 -1 0 0
  1  0  1  0 0 0
3;1,1;1 1 15
1 
#1 
6	% 
 0 0 1  0 0 1
 0 0 1 -1 0 0
 0 0 0  0 0 1
 1 0 1  0 0 1
 1 1 0  0 0 1
 0 0 1 -1 1 1
3;1,1;1 1 7
1 
#1 
6	% 
 1  0 0 -2 5  0
 0 -1 0  0 1  0
 0 -1 0  1 0  0
 0 -1 1  0 1  0
 0 -1 1  0 0  0
 0 -2 1  0 1 -1
2-2;1,1;1;1 1 16
4 
#1 
6	% 
  0 -1  1  0  0  0
  0 -1  0  0  1 -1
  1  0 -1  1  1  0
  0  0 -2  0  2 -1
  0  0  1  1 -2  2
 -1  0  0 -1  1 -1
1,1;1;1;1;1 1 47
4 
#2 
6	% 
  1  0  0 0  1  0
 -1 -1  0 1 -1  0
  1 -1  1 0  2  0
  1  1 -1 0  1  1
  1 -1  0 0  2 -1
  0  2 -1 0 -1  1
6	% 
  1  0  0  0  0 -1
 -1 -1  1  0  1  1
  1 -1  1  0  0 -2
  1  1  0 -1  0 -1
  1 -1  0  0  1 -2
  0  2 -1  0 -1  1
1,1;1;1;1;1 1 32
3 
#1 
6	% 
  0 1 0  1 -3 1
  0 1 0 -2  2 0
 -1 0 1 -1  0 0
  1 0 0  0  1 0
  1 0 0  1 -1 0
 -1 0 0  0  0 0
3;1,1;1 1 10
1 
#1 
6	% 
 0 -2  1 0 1 -1
 1  0  0 1 0  0
 0 -1  1 0 0  0
 0 -1  0 0 0 -1
 0 -1  0 1 0  0
 0  1 -1 0 0  1
1,1;1;1;1;1 1 55
4 
#2 
6	% 
 0 -2  1  2 -3 -1
 1 -2  1  2 -2 -1
 0  1 -1  0  1  1
 0 -1  0  1 -1  0
 0  1  0 -1  1  1
 0 -1  1  1 -1  0
6	% 
 0 -2  1  2  1  3
 1 -2  1  2  1  2
 0  1 -1  0 -1 -1
 0 -1  0  1  0  1
 0  1 -1 -1  0 -1
 0 -1  0  1  1  1
1,1;1;1;1;1 1 57
1 
#1 
6	% 
 1 0  0  0 0 0
 0 1 -1  0 0 1
 0 0  1 -1 0 0
 0 0  0  1 0 0
 0 0  0 -1 1 0
 0 0  0  0 0 1
1;1;1;1;1;1 1 40
1 
#1 
6	% 
 1 0  0  0  0 -1
 0 1  0 -1  0  0
 0 0 -1  2 -1  1
 0 0  0  1  0  1
 0 0  0 -1  1 -1
 0 0  0 -1  1  0
