#25

1;1;1;1;1;1 1 29
1 
#1 
6	% 
 1 0 0 0 0 0
 0 1 0 0 0 0
 0 0 1 0 0 0
 0 0 0 1 0 0
 0 0 0 0 1 0
 0 0 0 0 0 1
1,1,1,1,1,1 1 1
1 
#1 
6	% 
 1 0 0 0 0 0
 0 1 0 0 0 0
 0 0 1 0 0 0
 0 0 0 1 0 0
 0 0 0 0 1 0
 0 0 0 0 0 1
1,1,1,1,1;1 1 2
4 
#1 
6	% 
  0  0  0  0 -1 -1
 -1  0  0  0 -1 -1
  0  1  1  1 -1 -2
 -1  0  0 -1  0 -1
  1 -1 -1  0  1  2
 -1  1  0  0 -1 -2
1,1,1,1,1;1 1 1
2 
#1 
6	% 
 0  0  0  0 -1  0
 0 -1 -1  0 -1 -1
 0 -1  0 -1 -1 -1
 0  0 -1 -1  0 -1
 0  1  1  1  1  1
 1  0  0  0  0  0
1,1,1,1;1,1 1 2
14 
#2 
6	% 
 -1 -1 -1 -1 0 1
  0 -1  0  0 0 0
 -1 -1 -1 -2 0 0
  0  0  1  0 1 0
  1  1  1  1 0 0
 -1 -1  0 -1 0 0
6	% 
 0  0  0  0 -1 -1
 0 -1 -1 -1 -1  0
 0 -1  0  0 -1 -1
 1  0  0  0  0  0
 0  1  1  1  1  1
 0 -1  0 -1 -1 -1
1,1,1,1;1,1 1 1
1 
#1 
6	% 
 0  0 -1 -1  0 -1
 0  0  0 -1 -1 -1
 0  0 -1  0 -1 -1
 0  0  1  1  1  1
 0 -1  0  0  0  0
 1  1  0  0  0  0
1,1,1;1,1,1 1 2
10 
#2 
6	% 
  0  1  0  0 0 0
  1  1  1  2 0 0
  0  0  1  0 0 1
  0  0 -1  0 1 0
 -1 -1  0 -1 0 0
  1  1  1  1 0 0
6	% 
  0  0 -1  0 -1  0
 -1  0  1  0  0  0
  0  0  0 -1  0 -1
  0 -1 -1 -1  0  1
  0  1  0  1  0  0
  0  1  1  1  0  0
1,1,1,1;1;1 1 2
8 
#1 
6	% 
 0  0  0  0 -1 -1
 0 -1 -1 -1 -1  0
 0  0  0 -1  0 -1
 1  0  0  0  0  0
 0  1  0  1  1  1
 0 -1 -1 -1 -1 -1
1,1,1;1,1;1 1 6
36 
#2 
6	% 
 0 -2 -1 -2 0  0
 0 -1 -1 -2 0  0
 0  3  2  3 0 -1
 1 -1  0 -1 1  0
 1  0  0  0 0  0
 0 -1  0 -1 0  0
6	% 
  2  2  1  0  2 0
  1  1  0  0  0 0
 -2 -3 -1  0 -2 0
  1  1  0 -1  1 0
  0  0 -1 -1  0 1
  1  1  1  0  1 0
1,1,1;1,1;1 1 2
4 
#1 
6	% 
 0 0 -1 -2 0  0
 0 0  0 -1 0 -1
 0 0  1  2 1  1
 1 0  0  0 0  0
 0 1  0  0 0  0
 0 0  0 -1 0  0
1,1,1,1;1;1 1 6
6 
#1 
6	% 
  1  0 0  0 0  0
  0  1 0  0 0  0
  1  1 1  1 1  0
 -1 -1 0 -1 0  0
  1  1 1  1 0 -1
  0  0 0  0 0  1
1,1,1,1;1;1 1 1
1 
#1 
6	% 
 0 0 -1 -1  0 -1
 0 0 -1  0 -1 -1
 0 0  0 -1 -1 -1
 0 0  1  1  1  1
 1 0  0  0  0  0
 0 1  0  0  0  0
1,1,1;1,1;1 1 3
20 
#2 
6	% 
 0 0  1  0  0 0
 0 0  0  1  0 0
 0 0 -2 -1 -1 0
 0 0  0  0  0 1
 0 1  0  0  0 0
 1 0  0  0  0 0
6	% 
 0 -2 -1 0 -2 0
 0 -2 -1 0 -1 1
 0  3  1 0  2 0
 0 -1  1 1 -1 0
 0  0  2 1  0 0
 1  0  0 0  0 0
1,1,1;1;1;1 1 11
12 
#1 
6	% 
 0 1 0 0 0  0
 0 1 1 1 0 -1
 1 0 0 0 0  0
 0 0 0 0 1  0
 0 1 0 0 0 -1
 0 1 1 0 1 -1
1,1;1,1;1,1 1 8
12 
#1 
6	% 
 1  0  0  0  0  0
 0  1  0  0  0  0
 0  0  2  0  1  0
 0  1 -1  0 -1 -1
 0  0 -2 -1 -1  0
 0 -1  0  1  0  1
1,1;1,1;1;1 1 32
12 
#1 
6	% 
 1 0 0 0 0  0
 0 1 0 0 0  0
 0 0 1 1 0  0
 0 0 1 1 0 -1
 0 0 1 0 0 -1
 0 0 1 0 1  0
1,1;1,1;1,1 1 2
3 
#1 
6	% 
 0  0 -1 -1 0 1
 0 -1  0  0 0 0
 1  1  0  0 0 0
 0  0  1  0 1 0
 0  0  1  1 0 0
 0  0  0 -1 0 0
1,1;1,1;1;1 1 11
6 
#1 
6	% 
 0  0 -1 -1  0 1
 0 -1  0  0  0 0
 1  1  0  0  0 0
 0  0  0  1  0 0
 0  0  0 -1  1 0
 0  0 -1  0 -1 0
1,1,1;1;1;1 1 18
4 
#1 
6	% 
  1  0  0  0  0 0
  0  1  0  0  0 0
 -2 -2 -1 -2  0 0
  1  1  1  1  0 0
  1  1  0  1 -1 0
  1  1  0  1  0 1
1,1,1;1;1;1 1 2
4 
#1 
6	% 
 0 0 -1 -1 0 1
 0 0  0 -1 1 0
 1 0  0  0 0 0
 0 1  0  0 0 0
 0 0  0  1 0 0
 0 0 -1 -1 0 0
1,1;1,1;1;1 1 18
24 
#1 
6	% 
 0 0  1 1  0 -1
 0 1  0 0  0  0
 1 0  0 0  0  0
 0 0 -1 0 -1  0
 0 0  0 0  0 -1
 0 0  0 0  1  1
1,1;1,1;1;1 1 7
3 
#1 
6	% 
 0 0  2 1  0 0
 0 0 -1 0 -1 1
 1 0  0 0  0 0
 0 1  0 0  0 0
 0 0  0 0  1 0
 0 0  1 0  1 0
1,1;1;1;1;1 1 24
6 
#1 
6	% 
 0 0 -1 -1  0 1
 1 0  0  0  0 0
 0 1  0  0  0 0
 0 0 -1  0 -1 0
 0 0  1  1  1 0
 0 0 -1 -1  0 0
1,1;1;1;1;1 1 44
8 
#1 
6	% 
 0 1 -1 -2 0 0
 1 0  0  0 0 0
 0 0  1  2 0 0
 0 0  0 -1 0 0
 0 0  0 -1 1 0
 0 0  0  1 0 1
1,1;1;1;1;1 1 45
1 
#1 
6	% 
 0 -1  0  0  0 0
 1  1  0  0  0 0
 0  0  1  0  0 0
 0  0 -1 -1  0 0
 0  0 -1  0 -1 0
 0  0 -1  0  0 1
