#34

3;1,1;1 1 8
1 
#1 
6	% 
 1 0 0 0 0 0
 0 1 0 0 0 0
 0 0 1 0 0 0
 0 0 0 1 0 0
 0 0 0 0 1 0
 0 0 0 0 0 1
1,1,1,1,1,1 1 1
1 
#1 
6	% 
 1 0 0 0 0 0
 0 1 0 0 0 0
 0 0 1 0 0 0
 0 0 0 1 0 0
 0 0 0 0 1 0
 0 0 0 0 0 1
2-1;1,1,1,1 1 2
3 
#1 
6	% 
 0  0  0  1  1  0
 0  1  0  1  0 -1
 1  1  0  0  1  0
 0  1  0  1  1 -1
 0  0 -1  0  0  1
 0 -1  0 -1 -1  0
1,1,1,1;1,1 1 2
7 
#3 
6	% 
 0  0 1 0  0  1
 0  0 0 0 -1  0
 0 -1 0 0  0  0
 1  0 0 0  0  0
 0  0 0 1  0 -1
 0  0 0 1  0  0
6	% 
  0  0 0  1  1  0
  0 -1 0  0  1  1
 -1  1 0  2 -1 -2
  0  0 1  0  0  1
  1  0 0 -1  0  0
 -1  0 0  1  0 -1
6	% 
 0  0 1  0 0  1
 0  0 0 -1 0  0
 1  0 0  1 0  1
 0 -1 0  0 1  1
 0  1 0  0 0 -1
 0  1 0  0 0  0
1,1,1,1,1;1 1 2
10 
#3 
6	% 
  0  0  1 1  0  1
  0 -1  0 0  0  0
 -1 -1  1 0  0  0
  0  0  1 0  0  1
  0  1 -1 0 -1 -1
  0 -1  1 0 -1  0
6	% 
  1  1  0  0  1  0
  1  0 -1 -1  1  1
  1  1  1  0  1  0
  1 -1 -1 -1  2  2
 -1  0  1  1 -2 -2
  1  0  0 -1  2  1
6	% 
  1 -1  0  0  1  1
  0 -1  0  0  1  1
  0  0  1 -1  0  0
  1 -1 -1  0  2  2
 -1  1  0  0 -2 -2
  1 -1  0  0  2  1
1,1,1;1,1,1 1 2
4 
#2 
6	% 
  0  0  1 0  0  1
  0 -1 -1 0  0 -1
 -1  0  0 0  0  0
 -1  0  0 1 -1 -1
  1  0  0 0  1  0
  1  0  0 0  1  1
6	% 
  0 0  0  0  1  1
  0 0 -1  0 -1 -1
 -1 0  0  0  0  0
  0 1  0 -1  0  0
  1 0  0  1  0 -1
  1 0  0  1  0  0
2-1;1,1;1,1 1 6
3 
#1 
6	% 
  0 1  0  0  1  0
 -1 0  0 -2  0  1
 -1 0  0 -1  0  1
  1 0 -1  1  0  0
  1 0  0  1  1  0
  1 0  0  1 -1 -1
2-1;1,1,1;1 1 7
6 
#2 
6	% 
 0  1  0 -1  0  0
 1  1  0  1  0 -1
 0  0  0  0 -1  0
 0  0 -1  0  1  1
 0  1  0  0  1  0
 0 -1  0  0  1  1
6	% 
 -1  0  0  1 -1 -1
  0  0  0  1  1  0
  0 -1  0  0  0  1
  0  1 -1  0  0  0
 -1  1  0  1  0 -1
  1  1  0 -1  0  0
1,1,1;1,1,1 1 3
6 
#1 
6	% 
  1  0 -1  0  0  1
  0 -3  0  0  1  2
  0  2 -1 -1 -1  0
 -1 -1  1  0  0  0
  0  2  1  1 -1 -3
  1 -1  0  0  0  1
1,1,1,1;1,1 1 3
12 
#2 
6	% 
 1 0  1  0  0  0
 1 1  2 -1  0  0
 0 0 -1  0  1  1
 0 0  0  1 -1 -2
 0 0  2 -1 -1 -1
 0 0  0  0  1  1
6	% 
 1  0  1 -1 1  0
 0  0 -1 -1 1  2
 0  1  2  0 0  0
 0 -1 -2  1 0  0
 0 -1 -2 -1 0  1
 0  1  3  0 0 -1
2-2;1,1,1,1 1 2
4 
#1 
6	% 
  1  1 1 0  1 -1
  1  0 0 0  0  0
  1  0 0 1  1  0
 -2 -1 0 0 -1  0
  2  0 1 0  1  0
 -2  0 0 0 -1  0
2-2;1,1;1,1 1 4
4 
#1 
6	% 
  1  0  0  2  0 -1
 -1  1 -1 -1 -2 -1
 -1 -1  1 -1  2  2
  0 -2  2  0  3  2
  0 -2  1  0  3  3
  0 -1  2  0  3  2
1,1,1;1,1;1 1 7
12 
#2 
6	% 
 0 1 -1 0 0  1
 0 0  0 0 0 -1
 0 0  0 0 1  2
 1 0  0 1 0 -1
 1 0  0 0 0  0
 0 1  0 0 0  0
6	% 
  2 0 -1  2  0 -1
  0 0  2 -2  0  1
 -1 0 -3  2  0 -1
  0 0  1 -1 -1  0
  0 1  0  0 -1 -1
  1 0 -1  1  0  0
1,1;1,1;1,1 1 9
6 
#1 
6	% 
  1  0 0  0  0  0
  0 -1 0  0  0 -1
  0  0 1  0  0 -2
  0  0 0  0 -1  0
 -1  0 0 -1 -1  0
  1  0 0  1  0 -1
1,1;1,1;1,1 1 8
3 
#1 
6	% 
 1 0  0  0 0  0
 0 1  1  0 0 -1
 0 0  0  0 1  1
 0 0  1  0 0 -1
 0 0  0 -1 0  0
 0 0 -1  1 0  0
1,1,1;1,1;1 1 6
16 
#5 
6	% 
 0 -2 0 0  0  1
 0 -2 1 0  1  1
 0  3 0 0 -1 -2
 1 -1 0 1  0  0
 1  0 0 0  0  0
 0 -1 0 0  0  0
6	% 
 0 0  0 0 0 -1
 0 0  1 0 0  0
 0 1 -1 0 0  1
 1 0  0 1 0 -1
 1 0  0 0 0  0
 0 0  0 0 1  0
6	% 
 -2 -2  0 0 0  1
 -1 -2  0 0 0  1
  3  3  0 1 0 -2
 -1 -1 -1 0 0  0
  0  0 -1 0 0 -1
 -1 -1  0 0 1  1
6	% 
 0 0 0 -2 0  1
 1 0 0 -2 0  1
 0 0 0  3 1 -1
 0 0 1 -1 0  0
 0 1 1  0 0 -1
 0 0 0 -1 0  0
6	% 
 -2 0 -2 0 0  1
 -1 0 -2 0 0  1
  3 0  3 1 0 -2
 -1 0 -1 0 1  1
  0 1  0 0 1  0
 -1 0 -1 0 0  0
1,1,1;1,1;1 1 11
12 
#2 
6	% 
 -2 0  0 -2 0  1
  0 0 -1 -2 0  2
  3 0  2  6 0 -5
 -1 1 -1 -1 0  0
  0 0  0 -1 0  1
 -1 0  0 -1 1  1
6	% 
  2  0  0  2 0 -1
  2 -1  1  2 0 -1
 -5  2 -2 -6 0  3
  1  0  0  1 1  0
  1  0  1  1 0 -1
  1  0  0  1 0 -1
2-2;1,1,1;1 1 5
4 
#1 
6	% 
  1  0 0  0  0  0
  1  0 0  1 -1 -1
 -1  0 0 -1 -1  0
 -2  0 1 -1  0  0
 -2  0 0 -1  0  1
 -2 -1 0 -1  0  1
1,1,1,1;1;1 1 5
12 
#2 
6	% 
  1  1 0  0 0 -1
  1 -1 1  1 0  0
  1 -1 0  1 0  0
 -1  0 0 -1 1  1
  1  0 0  1 1  0
 -1  0 0 -1 0  0
6	% 
  1 0 0  0 0  0
  2 0 0 -1 1  1
  0 0 1 -1 0  0
 -1 1 0  1 0 -1
  1 1 0 -1 0  0
  0 0 0  1 0 -1
1,1,1,1;1;1 1 6
6 
#2 
6	% 
  1  0 0 -1  0  0
  1  0 0  0  0  0
  0  0 1  0  0  0
 -1  0 0  1 -1  0
  1  1 0 -1  0 -1
  0 -1 0  0 -1  0
6	% 
  1  0  0 -1 1  1
  1  0  0  0 0  0
  1  1  0  0 1  0
 -1 -1  0  0 0  0
  1  1 -1  0 0  0
  0  0  1  0 0 -1
1,1,1,1;1;1 1 4
3 
#1 
6	% 
  0  0  0 -1 -1 0
 -1  0  0 -1 -1 0
  1 -1  0  2  1 0
  0  0  0 -2  0 1
  0  0  0  1  0 0
  0  0 -1  1  0 0
1,1,1;1,1;1 1 9
12 
#2 
6	% 
 0  0  0 -2 0  1
 0  0  0 -1 1  1
 1  0  0  2 0 -1
 0  1 -1 -1 0  0
 0 -1  2  0 0  0
 0  0  1  0 0 -1
6	% 
 -2 -2  0 0  0  1
 -1 -1  0 1  0  0
  3  2  0 0  0 -1
 -1 -1 -2 0  1  1
  0  0  3 0 -1 -1
  0  0  1 0  0 -1
2-2;1,1,1;1 1 6
4 
#1 
6	% 
  1 0  0  0  0  0
  1 0  0 -1  1  1
  0 0  1  0  0  0
  1 1  0  0  1  0
  0 1 -1  0  0  0
 -1 0  0  0 -1 -1
1,1;1,1;1;1 1 24
12 
#2 
6	% 
 1  0  0  2  0 -1
 0  2 -1  0  0  6
 0 -1  2  0  0 -7
 0 -1  1  0  1 -4
 0 -1  1 -1  0 -4
 0  0  0  1 -1 -1
6	% 
 1  0  0  2  0 -1
 0  0  2  0 -1  0
 0  0 -3  0  1  1
 0  1 -2  0  1  0
 0  0 -2 -1  1  1
 0 -1  0  1  0  0
1,1;1,1;1;1 1 32
6 
#2 
6	% 
  0 1  1  0 0 -1
  1 0  0  0 0  0
  0 0 -1  0 1  1
 -1 0 -1 -1 0  1
 -1 0  0 -1 1  1
  0 0  0  0 1  0
6	% 
  0 -1 0  0 1  1
  1  0 0  0 0  0
  0  1 0  0 0 -1
 -1  1 0 -1 0  0
 -1  0 0 -1 0  0
  0  0 1  0 0 -1
1,1;1,1;1;1 1 22
3 
#1 
6	% 
  0 -1  0  0  1  1
  1  0  0  0  0  0
  0  0 -1  0  1  1
  0  0  0  0  1  1
 -1  0  0 -1 -1  0
  1  0  0  1 -1 -1
1,1,1;1;1;1 1 18
4 
#2 
6	% 
  1  0  0  0  0  0
  1  0  0 -1  1  1
 -2  0  0  0 -2 -1
  1 -1  0  0  1  1
  1  0 -1  0  1  1
  1  0  0  0  1  0
6	% 
  1  0  0 0  0  0
  1  1  0 1  0 -1
 -2 -2  0 0  0  1
  1  1  0 0  0 -1
  1  1 -1 0  0  0
  1  1  0 0 -1 -1
1,1,1;1;1;1 1 13
6 
#2 
6	% 
 1  0  0  0  0 0
 0  0  0 -1 -1 0
 0  0  0  0 -1 0
 0 -1 -1  0  0 1
 0 -1  0  0 -1 0
 0 -1  0  0  1 1
6	% 
  1  0  0  0  0  0
 -1 -1  0 -1  0  1
  0  0  0 -1  0  1
  0  0 -1  0 -1  0
  0  0  0 -1 -1  0
  0  0  0  1 -1 -1
2-1;1,1;1;1 1 31
3 
#1 
6	% 
 -3 0  0 -4 0  2
  1 0 -1  1 0  0
  1 0  0  1 0  0
 -2 0  0 -2 0  1
  1 1  0  1 0 -1
  1 0  0  1 1  0
3;1,1,1 1 2
1 
#1 
6	% 
 1 0 0  0  0  0
 0 0 0 -1 -1  0
 0 0 0  0  0 -1
 0 0 1  0  0 -1
 0 1 0  0  0 -1
 0 0 0  0  1  0
1,1,1;1;1;1 1 16
6 
#1 
6	% 
 1 0 0  0 0  0
 0 0 0 -1 0  0
 0 0 1  1 0 -1
 0 0 0 -1 1  1
 0 1 0 -1 0  0
 0 1 0  0 1  0
2-2;1,1;1;1 1 19
4 
#1 
6	% 
 1  0  0 0 0  0
 0 -1  1 1 0  0
 0  1  0 0 1  0
 0  1  0 0 0 -1
 0  0 -1 0 0  0
 0 -1  1 0 0  0
1,1;1;1;1;1 1 42
3 
#1 
6	% 
  1 0 0  0 0  0
  1 0 1  1 0 -1
 -1 1 0 -1 0  0
  1 0 0  1 0 -1
  1 0 0  1 1  0
 -2 0 0 -2 0  1
1,1;1;1;1;1 1 53
1 
#1 
6	% 
 -3 0 0 -4 0  2
  1 0 0  1 0 -1
 -1 1 0 -1 0  0
 -1 0 1 -1 0  0
 -1 0 0 -1 1  1
  2 0 0  2 0 -1
