#11

1,1;1,1;1;1 1 33
1 
#1 
6	% 
 1 0 0 0 0 0
 0 1 0 0 0 0
 0 0 1 0 0 0
 0 0 0 1 0 0
 0 0 0 0 1 0
 0 0 0 0 0 1
1,1,1,1,1,1 1 1
1 
#1 
6	% 
 1 0 0 0 0 0
 0 1 0 0 0 0
 0 0 1 0 0 0
 0 0 0 1 0 0
 0 0 0 0 1 0
 0 0 0 0 0 1
1,1,1,1;1,1 1 3
2 
#1 
6	% 
  1  0  0  0 0  0
  1 -1  1 -1 0  0
 -1  0  1 -1 0 -1
 -1  0 -1  1 0  0
  1 -1  0 -1 0  0
  1  1  0  0 1  0
1,1,1,1,1;1 1 2
1 
#1 
6	% 
 0  1 -1 0  0 1
 0  1  0 0  0 0
 0  1 -1 0  0 0
 1  2  1 1 -1 1
 0 -2  0 0  1 0
 0  2  0 1  0 1
1,1,1,1,1;1 1 1
1 
#1 
6	% 
 0  0  0  0 -1  0
 0 -1 -1  0 -1 -1
 0 -1  0 -1 -1 -1
 0  0 -1 -1  0 -1
 0  1  1  1  1  1
 1  0  0  0  0  0
1,1,1,1;1,1 1 2
1 
#1 
6	% 
 0  1  0 0 0  1
 0  1 -1 0 0 -1
 0  1  0 0 0  2
 1  0  0 0 0  0
 0 -1  1 1 0 -1
 0  1 -1 0 1  2
1,1,1;1,1,1 1 3
2 
#1 
6	% 
 -1 -1 1  0  0  0
  0  0 0 -1  0 -1
 -1  0 0  0  0  1
  1  1 0  0  1  0
  1  0 0  1 -1  0
 -1  0 1  0  1  0
1,1;1,1;1,1 1 9
1 
#1 
6	% 
  1  0  0  0  0  0
  0  0  1  1 -1  0
  0 -1  0  0  0 -1
  0 -1 -1  0  0 -1
 -1 -1 -1 -1  0 -1
  1  0  0  0  1  1
1,1,1;1,1;1 1 8
2 
#1 
6	% 
 0 -1  1  1 -1 -1
 0 -2  2  3 -1 -1
 0  4 -4 -4  3  3
 0  0  1  1 -1  0
 0 -1  1  1  0 -1
 1  0  0  0  0  0
1,1,1;1,1;1 1 11
2 
#1 
6	% 
  2  0  0  1 -1 -1
  2  1 -1  0  0  0
 -5 -2  2 -1  1  1
  1 -1 -1  0  0 -1
  1  1  0  0  0  0
  1  0  0  1  0  0
1,1,1,1;1;1 1 2
1 
#1 
6	% 
 0  0  1 0  0  0
 0  1  2 1 -1  1
 0  1  0 0  0 -1
 1  0  0 0  0  0
 0 -1 -1 0  1  0
 0  1  1 1  0  1
