#50

2-1;1;1;1;1 1 31
1 
#1 
6	% 
 1 0 0 0 0 0
 0 1 0 0 0 0
 0 0 1 0 0 0
 0 0 0 1 0 0
 0 0 0 0 1 0
 0 0 0 0 0 1
1,1,1,1,1,1 1 1
1 
#1 
6	% 
 1 0 0 0 0 0
 0 1 0 0 0 0
 0 0 1 0 0 0
 0 0 0 1 0 0
 0 0 0 0 1 0
 0 0 0 0 0 1
2-1;1,1,1,1 1 2
1 
#1 
6	% 
  0  0  0  0  1 -2
  0  0  0  0  0 -1
  0  0  0 -1  1 -1
 -1  0 -1 -2  2 -3
  1 -1  0  0  0  0
 -1  0  0  1 -1  2
1,1,1,1,1;1 1 2
8 
#3 
6	% 
  0  0  0  0 -1  2
 -1  1 -1 -1  0  0
  0  0  0  1 -2  3
  0  0  1  0 -1  2
  0 -1 -1 -1  3 -4
 -1  0  0  0 -2  3
6	% 
  0 0 0  1  0  0
  1 0 0  0  0  0
  0 0 0  0  0  1
  1 1 1  1 -1  1
 -1 0 0 -1  1 -1
  1 0 1  1  0  1
6	% 
 0 -1 1  1 -1 0
 0 -1 0  1  0 0
 0 -1 0  2 -1 0
 0 -2 0  1  0 0
 1  2 0 -2  0 0
 1 -2 1  3 -1 1
1,1,1,1;1,1 1 2
3 
#2 
6	% 
  0 0 0 0  0  1
  0 0 0 1 -2  2
  0 0 0 0  1 -1
 -1 1 0 0  0  0
  1 0 1 1 -1  1
  1 0 0 0  0  0
6	% 
 -1 -1 -1 -1  1 -1
 -1 -1 -1 -1  1  0
 -2  0 -1 -1  1 -1
  0  0  0  0  1  0
  2  1  1  1 -1  1
 -2 -1 -2 -1  2 -1
2-1;1,1,1;1 1 6
4 
#1 
6	% 
  0  0  3  4 -3  5
  0  1  0  0  0  0
  0  0 -2 -2  1 -3
 -1 -1 -1 -1  1 -1
  0  1  1  1 -1  1
  0  0  1  2 -2  3
1,1,1,1;1,1 1 3
20 
#3 
6	% 
  0  0 -2 -2  2 -3
  1 -1 -1  0  1 -1
  1  0  2  2 -2  2
 -1  0  0  0 -1  1
  0 -1 -2 -1  1 -2
  0  1 -1 -1  1 -1
6	% 
  1 0 0 1  0  1
  2 1 1 0 -1  0
  0 0 0 0  0 -1
 -1 0 0 0  1  0
  1 0 1 0  0  0
  0 0 0 1  0  0
6	% 
  0  1  1  0 -1  1
  0 -1 -1  0  1 -2
  1  0  0  1 -1  0
 -1  0  1  0  1  1
 -1  0  0 -1  2 -2
  1  0  0  0 -1  1
1,1,1;1,1,1 1 3
10 
#3 
6	% 
  0  0  0  0  0 -1
  1  1  0  1 -2  1
 -1 -1  0  0  1  0
  0  1  1  1 -1  1
 -1 -1 -1 -2  2 -2
  0  1  0  0  0  0
6	% 
  0  0  0  2  0  1
  0  0  0  0  1  0
  1  0  1  2  0  1
 -1  1  0 -3 -1  0
  1  0  1 -1  0  0
 -1 -1 -1  2  0 -1
6	% 
  0 -1 -1 -1  1 -1
 -1  0 -1  0  0 -1
  1 -1  0  0  0  1
 -1  1  0  0  0  0
  1  1  1  0 -1  1
 -1 -1 -1 -1  1 -1
2-1;1,1;1,1 1 4
1 
#1 
6	% 
  0 0  0  2  0  3
  0 0  1  0  0  0
 -1 0  0 -1  1 -1
  1 1  1  1 -1  1
 -2 0 -1 -1  1 -1
 -1 0 -1 -1  0 -1
2-1;1,1;1,1 1 10
2 
#1 
6	% 
 0 1  1  1 -1  1
 0 0  1  1 -4  5
 0 0  4  5 -1  1
 1 0  0  0  0  0
 0 0  0  0  1 -1
 0 0 -1 -1  0  0
1,1,1;1,1,1 1 2
2 
#1 
6	% 
  0  0 -1  0 1  0
  0  0  1  0 0  0
 -1  1  0 -1 0 -2
  0  0  0 -1 0 -1
  1  0  0  2 0  2
  0 -1  0  1 0  1
1,1,1;1,1,1 1 4
4 
#1 
6	% 
  1  0  0  0 -1  0
  1  0  2  2 -2  2
 -1 -1 -1 -1  2 -2
  0  1  0  1 -1  1
 -1 -1  0  0  1 -1
  0  1 -1 -1  1 -1
1,1,1,1;1;1 1 4
1 
#1 
6	% 
  0 0  1  1 -1  2
  0 0  0  0 -1  2
  0 0 -2 -3  4 -7
  0 0  1  1 -1  3
 -1 0 -1 -1  1 -2
  0 1  0  0  0 -1
1,1,1;1,1;1 1 12
24 
#2 
6	% 
 -1  1  1  1 -1  1
 -2  2  1  0 -1  0
  4 -4 -4 -3  4 -3
 -1  1  0  0 -1  0
  2 -2 -3 -2  1 -1
 -1  0  0  0  0  0
6	% 
  2  2  1  0 -1  0
  2  2  2  1 -2  1
 -5 -5 -4 -1  4 -1
  1  1  1  1 -1  0
 -2 -3 -2 -1  2  0
  1  1  1  0  0  0
1,1,1,1;1;1 1 5
20 
#3 
6	% 
  0  0  1  1 -1  2
  0  0 -1 -1  1 -1
 -1  1  0  0 -1  1
  0 -1  0  0  0 -1
 -1  0 -1 -1  1  0
  1 -1 -1  0  0 -1
6	% 
  0 0  0  1  0  0
 -1 0 -1  0  1 -1
 -1 0  0  1  1  0
  1 1  1 -1 -1  1
 -1 1  0  2  0  0
  1 0  1 -1  0  0
6	% 
  0  1  1  1 -1  1
  1  0  1  1 -1  1
  1  1  1  0 -1  1
 -1 -1 -1 -1  2 -1
  1  1  2  1 -1  1
 -1 -1 -1 -1  1  0
1,1,1;1,1;1 1 10
8 
#1 
6	% 
  0  0 -1 -2 -1 -2
  0  0 -1 -1 -1 -1
  0  0  3  4  3  5
  0  0 -1 -1  0 -1
  0 -1  0 -1 -1 -1
 -1 -1 -1 -1  1 -1
1,1,1;1,1;1 1 5
4 
#1 
6	% 
 -1  1 -1  0  1  0
 -1  1  0  0  0  0
  2 -2  2  0 -1  0
  0  1  0  1  0  1
  0  0  0 -1  0 -2
  1  1  1  1 -1  1
1,1,1;1,1;1 1 11
48 
#5 
6	% 
 0 0 -3 -2  3 -2
 0 0 -2 -1  2 -1
 1 0  7  4 -7  4
 0 1 -1 -1  1  0
 0 0 -1 -1  1  0
 0 0 -1 -1  2 -1
6	% 
  0  2  1  2 -1 -2
  0  2  1  1 -1 -3
  0 -4 -2 -2  2  7
  0  1  0  1  0 -1
 -1  1  0  0  0 -2
  0  1  1  1  0 -1
6	% 
 0 -2 -1  0  1  0
 0 -2 -1 -1  1 -1
 1  5  3  2 -3  2
 0 -1  0  0  0  0
 0 -1 -2 -1  2  0
 0 -1  0  0  1  0
6	% 
 0 0 -1 -1  1 -1
 0 0 -1 -2  1 -2
 0 1  3  4 -3  4
 0 0  0  0  1 -1
 0 0 -1 -2  0  0
 1 0  0  0  0  0
6	% 
 0 0 -1 -1 -1 -3
 0 0 -1  0 -1 -2
 0 0  3  2  3  7
 0 1  0  0 -1 -1
 0 0  0  0 -1 -1
 1 0  0  0 -1 -1
1,1,1;1,1;1 1 7
12 
#3 
6	% 
 -2 -2 -1 -2 1 -2
 -2  0  0 -1 0 -1
  3  1  0  2 0  2
 -1  0  0  0 0  0
  0  0  0  2 0  3
 -1 -1 -1 -1 0 -1
6	% 
  0 0  5  6 -5  6
  0 0  1  1 -1  1
  0 0 -2 -2  2 -3
 -1 0  0  0  0  0
 -1 1  0  0  0  0
  0 0  2  3 -3  3
6	% 
 0  2  3  1  1  1
 0  2  2  1  2  1
 0 -4 -5 -2 -4 -2
 0  1  1  1  1  1
 0  0  0  2  0  3
 1  1  2  1  0  1
1,1,1,1;1;1 1 6
3 
#2 
6	% 
  1  1  1  1 -1  1
  1  1  1  1 -1  0
  1  1  1  0 -1  1
 -2 -1 -1 -1  1 -1
  2  1  1  1 -2  1
  0  0  1  0  0  0
6	% 
  0 0  1  2 -2  2
  0 0  1  1  0  1
  0 0  1  2 -2  3
  0 1 -1 -2  2 -3
  1 0  2  3 -3  4
 -1 1  0  0  0  0
1,1,1;1,1;1 1 9
8 
#1 
6	% 
 -1  1  0 1  0 1
  0  0  0 0  0 1
  1 -1  0 0  0 0
  0  1  0 1  0 1
  0  0  0 0 -1 0
  0  0 -1 0 -1 0
1,1;1,1;1;1 1 38
6 
#2 
6	% 
 0 0 -1 -1  1 0
 0 0 -1  0  1 1
 0 0  2  1 -1 0
 1 0  2  1 -2 0
 1 0 -1  0  1 1
 1 1  1  1 -1 1
6	% 
  1  1  1  0 -1  2
 -1  1  0 -1  0  1
  1 -1  0  1  0  0
  0 -1 -1  0  1 -1
  0  1  0  0  0  1
  0  0  0  0  1  0
1,1,1;1;1;1 1 16
12 
#3 
6	% 
 0 0  0  0  0 1
 0 0 -1 -2  0 0
 0 0  0  2  1 0
 0 1  0 -1 -1 0
 1 0  0 -1 -1 0
 1 1  1  1 -1 1
6	% 
  0 0 0 0  0 -1
 -1 1 0 1  0 -2
  1 1 1 0 -1  3
 -1 0 0 0  0 -2
 -1 0 0 0  1 -2
  0 0 1 0  0  0
6	% 
 1  1  1  1 -1  1
 0  2  1  2 -1  1
 0 -2 -1 -1  1 -2
 0  1  1  1 -1  1
 0  1  1  1  0  1
 0  0  1  0  0  0
1,1;1,1;1;1 1 15
3 
#2 
6	% 
  0  0  0  2  0  3
  0  0  2  0 -1  0
  1  0  0  0  0  0
 -1  0  0 -1  0 -1
 -1 -1 -1 -1  1 -1
 -1  1  0  0  0  0
6	% 
  1 1  1  1 -1  1
  0 0  0  2  0  3
 -1 0  0 -1  0 -1
 -1 0 -1  0  1  0
  0 0 -1  0  0  0
  0 0  0  0  1  0
1,1;1,1;1,1 1 9
6 
#2 
6	% 
 1  1  1  1 -1  1
 0  0 -2 -1  2  0
 0  0 -2  0  2  1
 0  0 -2 -1  1  0
 0 -1 -1 -1  0 -1
 0  1  2  1 -2  0
6	% 
  0  0  0  0  1  0
 -1 -1 -1 -1  1 -1
 -1  1  0  0  0  0
 -1  1  0  0  0  1
  0  1  0  0  0  1
  1  0  1  0 -1  0
1,1;1,1;1,1 1 3
1 
#1 
6	% 
  0  0 -4  0  1  0
  0  0  0 -1  0 -2
 -1 -1 -1 -1  1 -1
  0  0  3  0 -1  0
 -1  0 -2  1  1  2
  1  0 -1  2  0  3
1,1;1,1;1;1 1 35
2 
#1 
6	% 
  0 0  1 -1 -2 -3
  0 1  1  2  0  2
  0 0 -2 -3  1 -1
 -1 0  0  1  1  1
  0 0  0 -1 -1 -2
  0 0 -1 -2  0 -1
1,1,1;1;1;1 1 8
4 
#1 
6	% 
 0  0 0 1  0  0
 0  0 1 0  0  1
 1  0 0 0 -1 -1
 1 -1 0 0  0  0
 0  0 0 0 -1 -1
 1  0 1 1  0  2
1,1;1,1;1;1 1 6
1 
#1 
6	% 
  0 0 0  2  0  3
  0 0 0  0  1  0
  0 0 1  1 -1  1
  0 0 0 -1  0 -1
  0 1 1  1 -1  1
 -1 0 0  0  0  0
2-1;1,1;1;1 1 23
2 
#1 
6	% 
  0 0 0 2  0 3
 -1 0 0 0  0 0
  0 1 0 0  0 0
  1 0 1 1 -1 1
  0 0 0 0 -1 0
  0 0 1 0  0 0
2-1;1,1;1;1 1 30
4 
#1 
6	% 
 1 0  1  1 -1  1
 0 1  0  0  0  0
 0 0 -1 -1  1  0
 0 0  1  0  0  0
 0 0  0  0  0 -1
 0 0  0  0  1  0
1,1;1,1;1,1 1 10
8 
#1 
6	% 
 0 0 -2 -1  2 0
 0 1  0  0 -1 0
 0 0  1  0  0 0
 0 0 -2  0  2 1
 0 0  0  0  1 0
 1 0  0  1 -1 1
1,1;1,1;1,1 1 6
4 
#1 
6	% 
 0 0  0 0  0 1
 0 1  0 1  1 1
 0 0  0 1  0 1
 0 0  0 0 -1 0
 0 0 -1 0  0 0
 1 0  2 1 -1 1
1,1;1,1;1;1 1 28
16 
#1 
6	% 
  0  0  2  1 -2  0
  0 -1  0  0  0  0
  0  0  2  0 -2 -1
 -1  0 -1 -1  0 -1
  0  0 -1  0  0  0
  0  0  0  0  1  0
1,1,1;1;1;1 1 15
8 
#1 
6	% 
 0 1 -2 -2  2 -2
 0 0  2  2 -2  1
 0 0  2  1 -1  1
 1 0  3  3 -3  3
 0 0 -1 -1  2 -1
 0 0 -2 -1  2 -2
1,1,1;1;1;1 1 12
4 
#1 
6	% 
 -1 1  0 -1 0 -2
 -1 1  0 -2 0 -4
  1 0  1  1 0  2
  0 1  0  0 0 -1
  0 0 -1  0 0  0
  0 0  0  0 1  0
1,1;1,1;1;1 1 10
8 
#1 
6	% 
 0 0  0 0  0 1
 1 0  1 1 -1 1
 0 0  0 1  0 1
 0 0  0 0 -1 0
 0 0 -1 0  0 0
 0 1  0 1  0 1
1,1;1,1;1;1 1 30
4 
#1 
6	% 
  0 0  0  0 0  1
 -1 0 -1  0 1 -1
  0 0  0 -1 0  0
  0 1  0  1 0  0
  0 0  1  0 0  0
  0 0  0  0 1  0
1,1,1;1;1;1 1 17
8 
#1 
6	% 
  1  0  0  0  0  0
 -1  0 -2 -2  3 -2
  0 -1  0  0  0  0
  1  0  2  2 -2  1
  0  0  0 -1  1  0
  0  1  1  1 -1  1
1,1;1,1;1;1 1 37
24 
#2 
6	% 
  0  2  1  1 -1  2
  0  1  1  1  0  1
  1 -2  0 -1  0 -1
  0  1  0  1  0  1
 -1  0 -1 -1  1  0
  0  0  0  0  1  0
6	% 
  0 0 -1 -1  1  0
  0 1 -1  0  1  1
  1 0  1  1 -2  0
 -1 0 -2 -1  2  0
 -1 0  0 -1  1 -1
 -1 1  0  0  0  0
1,1;1,1;1,1 1 12
8 
#1 
6	% 
  0 -1 -1  1 0  1
  0  1  1  0 0 -1
  0  0  1  0 0  0
 -1  0  0  0 1 -1
  0 -1 -1  1 1  1
 -1  1  0 -1 0 -1
1,1;1,1;1;1 1 27
12 
#2 
6	% 
 1 1  1  1 -1  1
 0 0 -2 -2  2 -3
 0 0  7  8 -6  8
 0 1  5  6 -5  6
 0 1 -6 -7  6 -8
 0 0  6  8 -7  8
6	% 
  0  0  0 -1  0 -2
  0  0  0  0  1  0
 -1  1 -1  0 -1  0
 -1  0 -1 -2  0 -3
  1  0  1 -1  1 -2
 -1 -1 -2 -1  0 -1
1,1;1,1;1;1 1 25
8 
#1 
6	% 
  0  1  0  0  0  0
  1 -1  0  2  0  1
  0  0  0  0 -1  0
  1  0  0  1  0  1
  0  0 -1  0  0  0
 -1  1  0 -1  0 -2
1,1;1;1;1;1 1 29
8 
#1 
6	% 
  0 0  0  0 -1  0
  0 1  0  1  0  0
  0 0 -1  0  0  0
 -1 0 -1 -1  1 -1
  0 0  0 -1  0  0
  0 0  0  0  0 -1
1,1;1;1;1;1 1 31
4 
#1 
6	% 
  0 1  0  0  0  0
 -1 0  0  0  1 -1
  0 0  2  2 -1  2
  0 0 -1 -2  2 -2
  0 0  1  2 -1  1
  0 0 -1 -1  1 -2
1,1;1;1;1;1 1 18
2 
#1 
6	% 
 0  0  0  2 0  3
 0  0  0 -1 0 -1
 0 -1  0  0 1  0
 1  0  0  1 0  1
 0  0 -1  0 0  0
 0  0  0  0 1  0
1,1;1;1;1;1 1 52
12 
#2 
6	% 
  2  0  1  1 -1  1
 -8  0 -5 -4  5 -4
 -1 -1 -1 -1  1 -1
 -5  0 -3 -2  3 -2
 -5  0 -3 -3  3 -2
  4  0  3  2 -2  2
6	% 
 0 0  3   4 -3   4
 0 0 -8 -11  8 -11
 0 0 -1  -2  2  -2
 1 0 -5  -7  5  -7
 0 1 -5  -7  5  -7
 0 0  4   6 -4   5
1,1;1;1;1;1 1 41
3 
#2 
6	% 
  0  0  0 -1  0 -4
  0  0  0  0  1  0
  0 -1  0 -1  1 -2
  1  1  1  1 -1  1
  0 -1 -1 -1  1 -2
 -1  1  0  0  0  0
6	% 
 3 1 2  2 -2 2
 0 0 0  0 -1 0
 1 0 0  1 -1 0
 0 0 0 -1  0 0
 1 0 1  1 -1 0
 0 0 0  0  0 1
1;1;1;1;1;1 1 36
1 
#1 
6	% 
 0  0 0  1  0 -1
 0  2 1  1 -1  1
 0  0 0 -1  0  0
 0  1 1  0 -1  1
 0  1 0  0 -1  1
 1 -1 0  0  0  0
1;1;1;1;1;1 1 20
1 
#1 
6	% 
 0 1  0  1 -1  0
 1 0  0  0  0  0
 0 0 -1  0  0  0
 0 0  0  0  1  0
 0 0  0 -1  0  0
 0 0  0  0  0 -1
