#35

3;1;1;1 1 22
1 
#1 
6	% 
 1 0 0 0 0 0
 0 1 0 0 0 0
 0 0 1 0 0 0
 0 0 0 1 0 0
 0 0 0 0 1 0
 0 0 0 0 0 1
1,1,1,1,1,1 1 1
1 
#1 
6	% 
 1 0 0 0 0 0
 0 1 0 0 0 0
 0 0 1 0 0 0
 0 0 0 1 0 0
 0 0 0 0 1 0
 0 0 0 0 0 1
1,1,1,1,1;1 1 2
8 
#2 
6	% 
  0 0 0  1 -1  0
  1 0 0  0 -1  0
  1 0 0  2  0  1
  0 0 1  1 -1  0
 -1 1 0 -1  2 -1
  1 1 1  2 -1  0
6	% 
 -1 -1  0 -1 0 -2
 -1 -1  0 -1 0 -1
 -1 -2  0 -1 0 -1
 -1 -1  1 -1 0 -2
  1  2 -1  1 1  2
 -1 -2  1 -2 0 -2
2-1;1,1,1;1 1 8
6 
#2 
6	% 
 -1  0 0 0  1  1
 -1 -1 0 0  1  2
  1  0 1 0 -1 -1
  1  0 0 1 -1 -1
 -1  0 0 0  0  1
 -1  0 0 0  1  0
6	% 
  0  1  1  0  0  0
 -1  0  0 -1  0  1
  1 -1  0  1  0 -1
  1 -1 -1  1 -1 -1
 -1  1  1  0  0  1
 -1  1  1 -1  0  0
1,1,1,1;1,1 1 2
1 
#1 
6	% 
  0 0  0  0  1  0
  0 0 -1 -2 -1  2
  0 0  0  1  1  0
 -1 1  0  0  1  0
  1 0  1  1 -1 -1
  1 0  0  0  0  0
2-1;1,1;1,1 1 9
6 
#1 
6	% 
  1 0 0  0 -1 -1
  0 1 0  1  1 -1
 -1 0 1  0  1  1
 -1 0 0  0  2  1
  1 0 0 -1 -1 -1
  1 0 0  0 -1 -2
1,1,1,1;1,1 1 3
18 
#3 
6	% 
 1 0 -1  0 -1  0
 0 0  0  1  1 -1
 0 0  1  1  0  0
 0 1  1 -1  1  0
 0 1  0  0  2 -1
 0 0 -1  0 -1  0
6	% 
  1  1 1 1  0 -1
  1  0 1 1  0  0
 -1 -1 0 0  0  0
 -1  0 0 0  0  0
  1  0 1 1 -1 -1
  1  1 2 1 -1 -2
6	% 
  1  0  0 0  0 0
  2 -1  1 0 -2 0
  0  0  1 1  0 0
 -1  1 -1 0  1 0
  1 -1  0 0 -2 0
  0  0  0 0  1 1
1,1,1;1,1,1 1 3
12 
#2 
6	% 
 -1 1  0 0 1  0
  0 0 -1 0 0  2
  0 0  1 0 1 -1
  1 0  0 0 0  0
  0 0  1 1 0 -1
 -1 0 -1 0 0  1
6	% 
 -1 0  1  1  2  2
  0 1  0 -1  2  0
  0 0  1  1 -1  0
  0 0 -1 -1  0  0
  0 0  0  1 -1 -1
  0 0  0  0  1  1
2-2;1,1,1,1 1 2
4 
#1 
6	% 
  1  0  1  1 0  0
  0  0 -1  0 0  0
  0  1  0  0 0 -1
 -1 -1  0 -1 0  2
  1  1  0  0 0 -1
 -1 -1  0 -1 1  1
1,1,1;1,1;1 1 11
42 
#5 
6	% 
 0 0 -1 -1 -1 -1
 0 0 -1 -1 -2 -2
 1 0  3  3  4  4
 0 0 -1  0  0 -1
 0 0  0 -1 -1 -1
 0 1  0  0  0 -1
6	% 
  4 0  1  1 -1 -1
  2 0  0  1  0 -1
 -7 0 -1 -3  1  3
  2 0  0  0 -1 -1
  1 0  1  1  1  0
  2 1  1  1  0 -1
6	% 
 0 0 -1 -1  3 -1
 0 0 -1  0  4 -1
 0 0  2  0 -9  2
 1 0  0  0  1 -1
 0 0  0  0  2 -1
 0 1  0  0  2 -1
6	% 
 0 -2 -2 -1 -1  0
 0 -2 -1  0  0  1
 0  5  4  1  1 -1
 1 -1  0  0 -1 -1
 0 -1 -1  0  0  1
 0 -1 -1  0 -1  0
6	% 
  0  2  2  1  1 -2
 -2  0  1 -1  1 -1
  3 -3 -4  0 -3  4
  0  1  2  2  2  0
 -1  0  0 -1  0 -1
  0  1  1  1  0 -1
1,1,1,1;1;1 1 5
15 
#2 
6	% 
  0  0  0  0  0  1
 -1  0  0  0  0  2
  1 -1  0  0  0  1
  0  0  0 -1 -1 -1
  0  0  1  0  1  1
 -1 -1 -1 -1 -1  0
6	% 
  0 -1 0 -1 -1  1
 -1 -1 0 -1  0  2
 -1 -1 0 -1  0  1
  1  1 0  1  1 -2
 -1 -1 0 -2  0  2
  1  1 1  1  0 -2
2-2;1,1,1;1 1 5
8 
#1 
6	% 
  1  0  0  0  1 -1
  2 -1 -1 -1 -1 -2
 -2 -1  0  0  0  3
 -3  0  1  1  0  3
 -3  0  1  0  0  4
 -3  0  0  1  0  4
1,1,1,1;1;1 1 6
1 
#1 
6	% 
  0 0 0 0 1  0
  0 0 1 2 1 -2
  0 0 0 0 0  1
  0 1 0 0 0  0
  1 0 1 1 0 -1
 -1 1 0 0 1  0
3;1,1,1 1 3
1 
#1 
6	% 
 0 1 0 0  0 -1
 1 0 0 0 -1 -1
 0 0 0 1  0  0
 0 0 1 0  0  0
 0 0 0 0  0 -1
 0 0 0 0 -1  0
2-1;1,1;1;1 1 33
12 
#2 
6	% 
 1 0  0  0 -1 -1
 0 0  0  0 -1  0
 0 0  0  0  0  1
 0 0 -1  0  0  0
 0 1  0  0  0 -1
 0 0  0 -1  0  0
6	% 
 1  0 0  1  0 -1
 0  0 0 -1  0  0
 0  0 0  0  0 -1
 0  0 1  0  0  0
 0 -1 0 -1 -1  1
 0  0 0  0 -1  0
2-1;1,1;1;1 1 34
3 
#1 
6	% 
  1 1  1  1 0 -1
  0 0  1  0 0  0
  0 0  0  0 1  0
 -1 0 -1 -1 1  1
  0 0  0  0 0  1
 -1 0 -1  0 1  1
1,1,1;1,1;1 1 7
6 
#1 
6	% 
  0 0  0  1  1  2
  0 0 -1  1  1  3
  0 0  2 -1 -1 -5
 -1 0 -1  0  1  2
 -1 1  0  0  1  0
  0 0  0  1  0  1
2-2;1,1;1,1 1 4
4 
#1 
6	% 
 1  1  1  1  0 -1
 0 -1  0  0  0  1
 0 -1 -1 -1 -1  0
 0  0  1  0  0  0
 0  0  0  0  1  0
 0  0  0  0  0  1
1,1;1,1;1,1 1 9
3 
#1 
6	% 
  1 1  1  1  0 -1
  0 0 -1 -1  0  1
  0 0  0 -1  1  1
  0 0  1  0  2  1
 -1 0  1  0  2  1
  1 0  1  1 -1 -1
1,1,1;1;1;1 1 16
6 
#1 
6	% 
 0 0  0  1  0  0
 0 0 -1  1  0  0
 0 0  0 -1  0  1
 1 0  0  1 -1 -1
 0 1  0  1  0 -1
 1 1  1  1  0 -1
1,1;1,1;1;1 1 38
3 
#1 
6	% 
  0 0  0 -1 -2 -2
  0 0 -2 -2 -1  0
  0 0  2  1  0 -1
 -1 0  0  0  1  1
 -1 0 -1 -1  0  0
 -1 1  0  0  1  0
2-1;1;1;1;1 1 43
3 
#1 
6	% 
 1 0  1 1  0  0
 0 1  1 0  0  0
 0 0  0 0 -1  0
 0 0  0 0  0 -1
 0 0 -1 0  0 -1
 0 0  0 1  1  0
1,1;1,1;1,1 1 12
6 
#1 
6	% 
  0  1  0 -1  0 -1
  0 -1  0  1 -1  1
  0  0  1  1  1  0
 -1  0  0  0  1  1
  0  1  0  0  1  0
 -1 -1 -1  0 -1  1
1,1;1,1;1;1 1 37
12 
#1 
6	% 
  0 0 -1 -2 -1 -1
  0 1  0  0  0 -1
 -1 0  0  1  2  2
  1 0  0  0 -1 -1
  1 0  1  0  0 -1
  1 1  1  1  0 -1
1,1,1;1;1;1 1 17
6 
#1 
6	% 
 -1  0 -1 -1  0  0
  3  0  2  3 -1 -1
 -1 -1 -1 -1  0  1
 -2  0 -1 -2  0  0
  1  0  0  1 -1  0
 -1  1  0  0  1  0
1,1,1;1;1;1 1 19
4 
#2 
6	% 
  1  1  0 0 -1 -2
  0  1  0 0  0 -1
 -1 -1  0 1  1  2
  1  1  0 0 -2 -2
  1  1  0 0 -1 -3
  1  1 -1 0 -1 -2
6	% 
  1  1 1  1 0 -1
  0  1 1  0 0  0
 -1 -1 0 -1 0  1
  1  1 1  1 0 -2
  1  1 1  1 1 -1
  1  1 1  2 0 -1
1,1;1,1;1;1 1 36
12 
#2 
6	% 
 1 0 0  0 -1 -1
 0 1 1  0  0  0
 0 0 0 -1  0  0
 0 0 0  0  0 -1
 0 0 1  0  0  0
 0 0 0  0 -1  0
6	% 
 1  0  1 1 -1 -1
 0  1  1 0  0  0
 0  1  0 0  0  0
 0 -1 -1 0  0  1
 0  1  1 1  0  0
 0  1  1 0  1  0
1,1;1,1;1;1 1 27
3 
#1 
6	% 
 1 1  1  1  0 -1
 0 0  1 -1 -1  0
 0 0 -1  2  3 -1
 1 0  0  2  1 -1
 1 0  2 -2 -3  0
 0 0 -1  3  2 -1
1,1;1;1;1;1 1 55
8 
#2 
6	% 
 -1 0 -1 -1  1  1
  0 1  0  0  1  0
  0 0  0  0  0 -1
  0 0  0 -1  0  0
  0 0  0  0 -1  0
  0 0 -1  0  0  0
6	% 
 -1 0 1 1  2  2
  0 1 1 1  1  0
  0 0 0 0  0 -1
  0 0 0 1  0  0
  0 0 0 0 -1  0
  0 0 1 0  0  0
1,1;1;1;1;1 1 52
3 
#1 
6	% 
 0 0   3   3  2  2
 0 0 -10 -10 -7 -7
 0 0  -1  -2 -1 -1
 1 0  -6  -6 -5 -5
 0 1  -6  -6 -4 -5
 0 0   5   5  4  3
3;1,1;1 1 10
2 
#1 
6	% 
 1 0  0 0 -1 -1
 0 1  1 1  0 -1
 0 0  0 0  1  0
 0 0  0 0  0  1
 0 0  0 1  0  0
 0 0 -1 0  0  0
2-2;1,1;1;1 1 17
4 
#1 
6	% 
 1 -1 0 0 -1  0
 1  0 1 1  0  0
 0  0 0 1  0  0
 0  1 0 0  0 -1
 0  0 1 0  0  0
 0  0 0 0  0  1
3;1,1;1 1 14
1 
#1 
6	% 
 0 0 1 -1  0  0
 0 0 1  0  0 -1
 0 0 1  0 -1  0
 1 0 2  0 -1 -1
 1 1 1  1  0 -1
 0 0 1  0  0  0
1,1;1;1;1;1 1 56
1 
#1 
6	% 
 1 1 1 1  0 -1
 1 0 1 1  0  0
 0 0 0 1  0  0
 0 0 1 0  0  0
 0 0 0 0 -1  0
 0 0 0 0  0  1
1;1;1;1;1;1 1 48
1 
#1 
6	% 
 1 0 1  1 -1 -1
 0 1 0  0  1  0
 0 0 0 -1  0  0
 0 0 0  0  0  1
 0 0 1  0  0  0
 0 0 0  0  1  0
