#21

1;1;1;1;1;1 1 16
1 
#1 
6	% 
 1 0 0 0 0 0
 0 1 0 0 0 0
 0 0 1 0 0 0
 0 0 0 1 0 0
 0 0 0 0 1 0
 0 0 0 0 0 1
1,1,1,1,1,1 1 1
1 
#1 
6	% 
 1 0 0 0 0 0
 0 1 0 0 0 0
 0 0 1 0 0 0
 0 0 0 1 0 0
 0 0 0 0 1 0
 0 0 0 0 0 1
1,1,1,1,1;1 1 2
6 
#1 
6	% 
 -1  0 1  0  1 -1
 -1 -1 0  0  1 -1
 -2 -1 0  0  1 -2
  1  0 0  1  1  0
  1  0 0 -1 -2  2
  0  0 0  1  2 -2
1,1,1,1;1,1 1 2
3 
#1 
6	% 
  0  0  0 1 1 -1
  0 -1  0 0 1  0
  0 -1 -1 0 0  0
  1  0  0 0 0  0
 -1  1  0 0 0 -1
 -1 -1  0 0 0  0
1,1,1,1;1,1 1 3
12 
#1 
6	% 
  1  0  0  0  0  1
  0  1  1 -1  1  0
  0  1  0  0  1 -1
  0 -1 -1  0 -1  1
 -1  0  1 -1  1  0
  0  0  0  1 -1  0
1,1,1;1,1,1 1 3
10 
#2 
6	% 
  0 -2 -1  2 -1  0
 -1  0  0  0  0  0
  1 -1  0  0  0 -1
 -1  1  0 -1  1  0
  1  0  0 -1  0 -1
 -1 -1  0  1 -1  1
6	% 
  1  0 0  0  0  1
  1  0 0  0  0  0
 -1  0 0  1  0 -1
  0  0 0 -1 -1  0
  0  1 0  0  0  0
  2 -1 1  0  0  2
1,1,1;1,1;1 1 7
12 
#1 
6	% 
 1 0 0 0 -2  2
 0 0 0 0 -2  1
 0 0 1 0  3 -1
 0 1 0 0 -1  0
 0 1 0 1  0 -1
 0 0 0 0 -1  1
1,1,1;1,1;1 1 10
48 
#2 
6	% 
  0 0  1  2  1 -1
  0 0  2  2  2 -1
  0 1 -4 -5 -4  2
  1 0  1  1  0  1
 -1 0  1  1  1 -1
 -1 0  0  0  0  0
6	% 
  0  1 -1 -1  1 -1
  1  1  0 -1  0  1
 -2 -3  2  3 -2  0
  0  1  0  0  1 -1
  0  0  0 -1  0  1
 -1  0  0  0  0  0
1,1,1,1;1;1 1 4
3 
#1 
6	% 
 0  1  1 0  0  0
 0  0  0 1 -1  0
 0 -2 -1 0  1  0
 0  2  0 0  0 -1
 0 -1  0 0  0  1
 1 -1  0 0  0  1
1,1,1,1;1;1 1 5
12 
#1 
6	% 
 0 0 -1 0  1 -1
 0 0 -2 0  0 -1
 1 0 -1 0  0  0
 0 1  2 0 -1  1
 0 0 -2 1  1 -2
 0 0  1 0  0  0
1,1;1,1;1,1 1 6
6 
#1 
6	% 
 1  0 0  0 0  2
 0  1 0  0 0 -1
 0  0 0  0 0 -1
 0 -1 0  0 1  0
 0  0 1  1 0  0
 0  0 0 -1 0  0
1,1;1,1;1,1 1 8
1 
#1 
6	% 
 0  1 0 1  0 -1
 0  0 1 0 -1  1
 1  0 0 0  0  1
 0  0 0 0 -1  0
 0  1 0 0  0 -1
 0 -1 0 0  1  0
1,1,1;1;1;1 1 8
12 
#1 
6	% 
  0  1 1 -1  1  0
  0 -1 0  2 -1  0
  0  1 0 -1  1  0
 -1  0 0  0  0  0
  0  2 0 -1  1 -1
  0 -1 0  1 -1  1
1,1;1,1;1;1 1 21
6 
#1 
6	% 
 0  0  0  1 -1  0
 0 -1 -2 -1  2 -1
 0  2  2  0 -2  1
 0  1  1  0 -1  1
 0 -1 -1  0  0  0
 1  1  1  0 -1  1
1,1;1,1;1;1 1 22
3 
#1 
6	% 
 0 -1  0 -1 0  1
 0  0  1  0 1  0
 1 -1  0  0 0  1
 0 -1  0  0 0  1
 0  1 -1  0 0 -1
 0  1  1  0 0  0
1,1;1,1;1,1 1 7
8 
#1 
6	% 
  1  0  0 0 0  0
  0  0  0 1 0  0
 -2  0  0 0 1 -2
  1  0  0 0 0  1
 -2  0 -1 0 0 -2
  1 -1  0 0 0  1
1,1;1,1;1;1 1 14
24 
#1 
6	% 
 0 0 -1  0  1 -1
 1 0  1  0  0  1
 0 1 -1  0 -2  0
 0 0  1  0  1  0
 0 0 -1 -1 -2  1
 0 0  0  0  1 -1
1,1,1;1;1;1 1 9
8 
#1 
6	% 
  1 0 0  0 0  1
  0 0 0  0 1 -1
 -1 0 0 -1 0  0
 -1 1 0  0 0 -1
  1 0 1  0 0  1
 -1 0 0  0 0  0
1,1;1,1;1;1 1 13
12 
#1 
6	% 
  0 0 1 0  3 -1
  1 0 0 0  1  0
 -2 0 0 1  1 -3
  0 0 0 0  1  0
  2 1 0 0 -1  2
  0 0 0 0 -2  1
1,1;1;1;1;1 1 23
12 
#1 
6	% 
 -2  0  0  0  1 -2
  1 -1  0  0 -1  2
  0 -1  0 -1  0  1
 -1 -1 -1  0  0 -1
  1  0  1  0  0  2
  0  0 -1  0 -1  0
1,1;1;1;1;1 1 19
3 
#1 
6	% 
 0  0 1  0 -3  2
 1  0 0  0 -1  1
 0 -1 0  0 -1  1
 0  0 0  0 -1  1
 0  0 0 -1  1  0
 0  0 0  0  2 -1
