#99

3;2-1;1 1 2
1 
#1 
6	% 
 1 0 0 0 0 0
 0 1 0 0 0 0
 0 0 1 0 0 0
 0 0 0 1 0 0
 0 0 0 0 1 0
 0 0 0 0 0 1
1,1,1,1,1,1 1 1
1 
#1 
6	% 
 1 0 0 0 0 0
 0 1 0 0 0 0
 0 0 1 0 0 0
 0 0 0 1 0 0
 0 0 0 0 1 0
 0 0 0 0 0 1
1,1,1,1,1;1 1 2
13 
#4 
6	% 
  0 1 -1  0  0  0
 -1 0  0  0  0  0
 -1 0 -1 -1  0  1
 -1 0 -1  1  0  0
  1 0  1  0  0 -1
 -1 0 -1  0 -1  1
6	% 
  1  1  1  0  1  1
  1  1  1  1  0  1
  1  1  1  1  1  1
  1  1  1  0  0  2
 -1 -2 -1 -1 -1 -2
  1  1  2  1  1  2
6	% 
 0  0  1  1  0 -1
 0  1  0  1  0 -1
 1  1  1  1  1 -2
 0  0  1  2  1 -2
 0 -1 -1 -2 -1  3
 0  1  1  2  1 -2
6	% 
  0  0  0  1 1 1
  0 -1  0  0 0 0
 -1 -1  0  1 0 0
  0  0  0  1 0 1
  0  1 -1 -1 0 0
  0 -1 -1  1 0 1
2-1;1,1,1,1 1 2
4 
#2 
6	% 
  1  0  0  0 -1  0
  1  0  0  0  0  0
  0  0  0 -1 -1 -1
  1 -1  0 -1 -1  0
  0  1 -1  0  0  0
 -1 -1  0  1  1  1
6	% 
 1 -1  0  1  0  0
 0 -1 -1  0  0  1
 0  0 -1  1  0  0
 0 -1 -1  1  0  0
 0  0  0  0 -1  1
 0  1  1 -1  0 -1
1,1,1,1,1;1 1 1
1 
#1 
6	% 
 0  0  0  0 -1  0
 0 -1 -1  0 -1 -1
 0 -1  0 -1 -1 -1
 0  0 -1 -1  0 -1
 0  1  1  1  1  1
 1  0  0  0  0  0
1,1,1;1,1,1 1 2
10 
#3 
6	% 
  0 0  0  0  1  1
  0 0  0 -1 -1 -1
 -1 0  0  0  0  0
  0 1 -1  0  0  0
  1 0  1  0  0 -1
  1 0  1  0  0  0
6	% 
  0  0 0  0 -1 -1
 -1  0 0  0  0 -1
  0 -1 0 -1  0  1
  0  0 1  1  0 -1
  0  1 0  0  0  0
  0  1 0  0  0 -1
6	% 
  0 0  0  0  1  1
  0 0 -1  0 -1 -1
 -1 0  0  0  0  0
  0 1  0 -1  0  0
  1 0  0  1  0 -1
  1 0  0  1  0  0
2-1;1,1,1;1 1 6
12 
#2 
6	% 
 -1  0  0  0  1 -1
  0  0  1 -1 -1  1
  1  0  0 -1 -2  2
  0 -1 -1  0  0  1
  0  0  1  1  1 -2
 -1  0  0  1  1 -2
6	% 
  1 1  1  0  0 -1
 -1 0  0 -1 -1  1
 -1 0 -1 -1  0  1
  0 0  0  0  1 -1
  1 0  0  1 -1  0
  1 1  0  1  0 -1
1,1,1,1;1,1 1 3
36 
#4 
6	% 
  0 -1 -1  0  2 -1
 -1  0  0  0  1 -1
  0  0  1  0  0  0
  1  1  0  1 -2  0
 -1  0 -1 -1  0  0
  0 -1  0  0  1  0
6	% 
 -1  0 -2  0  1  1
  0  1 -1  0  0  0
  1  0  1 -1 -1  1
  0 -1  1  1  1 -2
  0  1 -1  1  2 -2
 -1  0 -1 -1 -1  2
6	% 
 1  0  0 0  0  0
 0 -1  0 1  2 -2
 0  0 -1 0  0  1
 0  1  1 0 -1  0
 0 -1  1 0  1 -1
 0  0 -1 0  1  0
6	% 
 -1 -1 -1  0 -2  2
  0  1  1  1 -1 -1
  1  1  0  0  1  0
  0 -1  0 -1  1  0
  0  0  1  1 -1 -1
 -1  0 -1  0 -1  2
1,1,1,1;1,1 1 2
23 
#7 
6	% 
 0  0  1  1 -1  0
 0  0  1  1  0 -1
 0 -1  0  1  0  0
 1  0  0  0  0  0
 0  1 -1 -1  1  0
 0 -1  1  1  0  0
6	% 
 0  0 0 1  0  1
 0  0 0 0 -1  0
 1  0 0 0  1  1
 0 -1 1 0  0  0
 0  1 0 0  0 -1
 0  1 0 0  0  0
6	% 
 0  0  0  0 1  0
 0  0  0  0 0  1
 0 -1 -1 -1 0 -1
 1  0  0  0 0  0
 0  1  0  0 0  0
 0  0 -1  0 0  0
6	% 
  0 -1  0  1 0  0
  0  0 -1  1 0  0
 -1 -2  1 -1 0  1
  0  0  0  0 1  1
  1  1  0  0 0 -1
 -1 -1  0  0 0  0
6	% 
  0  0 -1 -1  0  1
  0 -1 -1 -1 -1  2
  0 -1 -1  0  0  1
  1  0  0  0  0  0
 -1  1  1  1  0 -2
 -1 -1 -1 -1  0  1
6	% 
 0  0 0 1  0  1
 0  0 0 0 -1  0
 0 -1 0 0  0  0
 1  0 0 0  0  0
 0  0 1 0  0 -1
 0  0 1 0  0  0
6	% 
  0 -1 0 1  0  0
 -1  0 0 0  0  0
 -1 -1 0 0 -1  1
  0  0 1 0  0  1
  1  1 0 0  0 -1
 -1 -1 0 0  0  0
2-1;1,1,1;1 1 2
4 
#2 
6	% 
 0  0  0 -1 -1 -1
 0  0  0 -1 -2 -1
 1  0  0  0  0  0
 0 -1  0 -1 -1  0
 0  1 -1  0  0  0
 0 -1  0  1  1  1
6	% 
 0 1  1  0  0 -1
 0 0  1 -1  0  0
 1 0  0  0  0  0
 0 0  1  0  0 -1
 0 0  0  0 -1  1
 0 0 -1  0  0  0
2-1',2-1';1,1 1 2
6 
#1 
6	% 
 0 -1  0  0 -1  1
 0  0 -1  0  0  0
 1  0  0  0  0  0
 0  0  0 -1  1  0
 0  0  0  0 -1  0
 0  0  0  1  1 -1
2-1;1,1,1;1 1 7
12 
#3 
6	% 
 0  1 -1  0  0  0
 1  1  1  0  0 -1
 0  0  0 -1  0  1
 0  0  0  1 -1  0
 0  1  0  1  0 -1
 0 -1  0  1  0  0
6	% 
  1 0 0 0  0  0
  1 0 0 1  1 -1
  0 1 0 0  0  0
  0 0 1 0  0 -1
  1 0 0 0  1 -1
 -1 0 0 0 -1  0
6	% 
 0  1  0 -1  0  0
 1  1  0  1  0 -1
 0  0 -1  0  0  1
 0  0  1  0 -1  0
 0  1  1  0  0 -1
 0 -1  1  0  0  0
1,1,1;1,1,1 1 3
36 
#4 
6	% 
 -1  0  0  0  1 -1
  0  1  1  0  0 -1
 -1 -1 -1 -1 -1  2
  1  0  1  0  0  0
  1 -1 -1  1  0  0
 -1  0  1  0  1 -1
6	% 
 -1 0 0 0 -1  0
  0 0 0 0 -1  1
 -1 0 1 0  0  0
  1 0 0 1  1 -1
  1 1 0 0 -1  0
 -1 0 0 1  0 -1
6	% 
 -1 -1 -1 -2  0  2
  0 -1  1  0  1 -2
  0  0 -1  0 -1  2
  1  0  1  1  0 -2
  0  1  0  0 -1  1
 -1 -1  0 -1  0  0
6	% 
 -1  0  0  0 -1  0
  0 -1  0  1  2 -2
 -1  0 -1 -1 -1  2
  1  0  0  1  1 -1
  1  0  1 -1 -1  1
 -1  0  0  1  0 -1
2-1;1,1;1,1 1 5
12 
#2 
6	% 
 -1 0  0  0 -1  0
  0 0 -1  1  1 -1
  1 0  0  1  2 -2
  0 1  1  0  0 -1
  0 0 -1 -1 -1  2
  1 0  0 -1 -1  2
6	% 
 -1 -1  1  0  0 0
  0  0  0  1 -1 0
  1  0 -1  1  0 0
  0  0  0  0  1 0
  0  0  0 -1 -1 1
  1  1  0 -1  0 0
2-1;1,1;1,1 1 6
12 
#3 
6	% 
  0 1  1  0  0 -1
 -1 0  0 -2  0  1
 -1 0  0 -1  0  1
  1 0  0  1 -1  0
  1 0  1  1  0 -1
  1 0 -1  1  0  0
6	% 
  0 0 0  0  1  0
 -1 0 0 -2  0  1
 -1 1 0 -1  0  0
  1 0 1  1  0 -1
  1 0 0  1  1  0
  1 0 0  1 -1 -1
6	% 
  0 1  0  1  0 -1
 -1 0 -2  0  0  1
 -1 0 -1  0  0  1
  1 0  1  0 -1  0
  1 0  1  1  0 -1
  1 0  1 -1  0  0
2-1',2-1';1;1 1 2
6 
#1 
6	% 
 0  0 -1  0 -1  0
 0 -1  0  0 -2  2
 1  0  0  0  0  0
 0  0 -1  1  0 -1
 0  1  1  0  2 -1
 0  0 -1 -1  0  0
2-2;1,1,1,1 1 2
4 
#1 
6	% 
  1 0 0  0  0  0
  1 1 0 -1 -1  1
  1 0 1 -1 -1  1
 -1 0 0  0  1 -1
  1 0 0 -1  0  1
 -1 0 0  1  1 -1
1,1,1,1;1;1 1 4
4 
#2 
6	% 
  1  0 -1 -1  0  1
  0  0 -1 -1  0  1
 -3 -1  2  1  0 -1
  2  0 -2  0  0  1
 -1  0  1  0  0  0
 -1  0  1  0 -1  0
6	% 
 0  0 0  1 0  0
 1  0 0  0 0  0
 0  0 0 -3 1 -1
 0  0 0  2 0  1
 0 -1 0 -1 0  0
 0  0 1 -1 0 -1
1,1,1,1;1;1 1 2
13 
#4 
6	% 
 0 -1 1  0  0 0
 0 -1 0  1  0 0
 0 -1 0 -1  0 1
 1  0 0  0  0 0
 0  1 0  0 -1 0
 0 -1 0  0  0 0
6	% 
 0  0 0 1 0 0
 0  0 0 0 1 0
 0  0 0 0 0 1
 1  0 0 0 0 0
 0  0 1 0 0 0
 0 -1 0 0 0 0
6	% 
 0 0 1  0  0 1
 0 1 0  1  0 1
 0 0 0 -1  0 0
 1 0 0  0  0 0
 0 0 0  0 -1 0
 0 0 0  0 -1 1
6	% 
 0  0 0 1  0 1
 0  0 1 0  1 1
 0  0 0 0 -1 0
 1  0 0 0  0 0
 0 -1 0 0  0 0
 0 -1 0 0  0 1
1,1,1;1,1;1 1 7
96 
#11 
6	% 
 0 0 0  2 1 -2
 0 0 0  2 0 -1
 0 1 0 -3 0  1
 1 0 1  1 0 -1
 1 0 0  0 0  0
 0 0 0  1 0 -1
6	% 
  2 0  2 0  1 -2
  0 0 -2 0 -2  3
 -1 0  2 0  3 -4
  0 1 -1 0 -1  1
  0 1  0 1  0 -1
  1 0  1 0  1 -1
6	% 
 0 0  2 0 1 -2
 0 0  2 0 0 -1
 0 1 -3 0 0  1
 1 0  1 1 0 -1
 1 0  0 0 0  0
 0 0  1 0 0 -1
6	% 
  2 0 0  2  1 -2
  0 0 0 -2 -2  3
 -1 0 0  2  3 -4
  0 0 1 -1 -1  1
  0 1 1  0  0 -1
  1 0 0  1  1 -1
6	% 
 0  0  0  2  1 -2
 0  1  1  2  0 -2
 0 -1 -1 -4 -2  5
 1  1  0  1  0 -1
 1  0  0  0  0  0
 0  0  0  1  0 -1
6	% 
 0 1 1  0  2 -2
 0 0 0 -1  2 -1
 0 0 0  3 -4  2
 0 0 0 -1  1  0
 1 0 0  0  0  0
 0 1 0  0  1 -1
6	% 
 -2 -1 -1 0 -2  2
 -2  0  0 0 -2  1
  5  0  0 0  4 -2
 -1  0  0 0 -1  1
  0  0  0 1  0  1
 -1 -1  0 0 -1  1
6	% 
 0 1 1 0 0  2
 0 0 0 0 0 -1
 0 0 0 1 0  0
 1 0 0 0 1 -1
 1 0 0 0 0  0
 0 1 0 0 0  1
6	% 
 0 0 -2  0  0  1
 0 0 -2  0 -1  2
 0 1  5  0  2 -5
 1 0 -1  0  0  1
 1 0  0  0  0  0
 0 0 -1 -1  0  1
6	% 
 0  0 0 -2  0  1
 0  0 0 -2 -1  2
 0  0 1  5  2 -5
 1  0 0 -1  0  1
 1  0 0  0  0  0
 0 -1 0 -1  0  1
6	% 
 0  0  0 0 -2  1
 0  1  1 0 -2  0
 0 -1 -1 1  5 -2
 1  1  0 0 -1  0
 1  0  0 0  0  0
 0  0  0 0 -1  1
1,1,1;1,1;1 1 5
8 
#2 
6	% 
 0 -2 0 0 0  1
 0 -1 1 0 0  0
 0  3 0 1 0 -2
 0 -1 0 0 0  1
 1  0 0 0 0  0
 0  0 0 0 1  0
6	% 
 0 0  0 0 0 -1
 0 0  0 1 0  0
 0 0  0 0 1  2
 1 1  0 0 0 -1
 1 0  0 0 0  0
 0 1 -1 0 0  0
1,1,1;1,1;1 1 9
24 
#3 
6	% 
 -2  0 -2 0  0  1
 -1  0 -1 1  0  0
  3  0  2 0  0 -1
 -1  1 -1 0  1 -1
  0 -1  0 0 -2  2
  0  0  0 0 -1  0
6	% 
 -2 -2 0  0  0  1
 -1 -1 1  0  0  0
  3  2 0  0  0 -1
 -1 -1 0  1  1 -1
  0  0 0 -1 -2  2
  0  0 0  0 -1  0
6	% 
 0  0 0  0 0 -1
 1  0 0  0 0  0
 0  0 0  0 1  2
 0  0 0 -1 0  0
 0  0 1  1 0 -1
 0 -1 1  0 0  0
1,1,1,1;1;1 1 5
36 
#4 
6	% 
 1 0  0  0 -1  1
 0 0 -1 -1 -1  2
 0 0  0 -1 -1  1
 0 1  0  1  1 -2
 0 1  0 -1 -1  1
 0 0  0  1  0 -1
6	% 
  1  0  0  0 -1  1
  1  0  0  0 -2  2
  0 -1  0 -1 -1  2
 -1  1 -1  1  2 -2
  1 -1  1 -1 -1  2
  0  0 -1  1  1 -1
6	% 
  1 0  0 0 -1  1
  1 1  1 0 -1  0
  1 0  1 0 -1  0
 -1 0 -1 1  1 -1
  1 0  1 1 -1  0
 -1 0 -1 0  0  0
6	% 
  1  1  1  0  1  1
  1  1  1  0  2  0
  1  1  1 -1  1  1
 -1 -1 -2  0 -2 -1
  1  2  1  0  2  1
 -1 -1 -1 -1 -1  0
1,1,1;1,1;1 1 10
60 
#5 
6	% 
 0 -1  1 0 -4   4
 0 -1  1 0 -5   5
 1  3 -3 0 13 -13
 0 -1  0 1 -2   2
 0 -1  0 0 -2   3
 0  0  0 0  1   0
6	% 
  2  1 -1  2  0 -1
  2  1 -1  4  0 -2
 -5 -3  3 -8  0  4
  1  0 -1  1 -1  1
  1  1  0  2  0 -2
  0  0  0  0 -1  0
6	% 
  2 0  0 -3  2  2
  2 0  0 -2  2  1
 -5 0  0  8 -6 -5
  1 0  0 -1  1  1
  1 0 -1 -1  1  1
  0 1 -1  0  0  0
6	% 
 0  0  0  1 0 -1
 0  1  1  3 0 -4
 1 -1 -1 -5 0  6
 0  0  0  0 1 -1
 0  1  0  1 0 -2
 0  1 -1  0 0  0
6	% 
  0 -1 -1  0 -1  2
  2  0  0  0 -1  1
 -3  1  1  0  3 -4
  0  0 -1  0 -2  1
  1  0  0 -1  0  1
  0  0  0 -2  0  1
2-2;2-1;1,1 1 4
4 
#1 
6	% 
 -1 0 1 -1  1  0
  2 0 0  2 -2 -1
 -1 1 0 -1  1  0
  3 0 0  3 -3 -1
  3 0 0  3 -2 -2
  3 0 0  2 -3 -1
2-2;1,1,1;1 1 5
16 
#2 
6	% 
  1  0 0  0  0  0
  0  0 1 -1  1  0
  0 -1 0  1 -1  0
 -1  0 0  0 -1  0
 -1  0 0  1  0 -1
 -1  0 0  1 -1  0
6	% 
  1  0  0  0 0 0
  2  1 -1  0 0 0
 -2 -1 -1  0 0 1
 -3 -1  0  0 1 0
 -3 -1  0  0 0 1
 -3 -1  0 -1 0 1
2-2;1,1,1;1 1 3
4 
#1 
6	% 
 0  1  0 -1 1  0
 0  1 -1  0 0  0
 1  0  0  0 0  0
 0 -1  0  1 0  0
 0  1  0  0 1 -1
 0 -1  0  0 0  0
1,1,1;1,1;1 1 8
36 
#4 
6	% 
 0  0  0 -3  2  2
 0  1  1 -7  4  4
 0 -1 -1 14 -8 -9
 0  0  0 -1  1  1
 0  1  0 -4  2  2
 1  0  0  0  0  0
6	% 
 0 -1  1 -2 0  0
 0 -1  1 -2 0  1
 0  3 -3  5 0  0
 0  0  1 -1 1 -1
 0  0  1 -1 0  0
 1  0  0  0 0  0
6	% 
 0 0 -2 -2 0  3
 0 0 -2 -3 0  4
 0 1  5  5 0 -8
 0 0 -1 -2 1  1
 0 0 -1 -1 0  2
 1 0  0  0 0  0
6	% 
 0 0 0 -2 -2  3
 0 0 0 -3 -2  4
 0 1 0  5  5 -8
 0 0 1 -1 -1  1
 0 0 0 -1 -1  2
 1 0 0  0  0  0
1,1,1;1,1;1 1 3
10 
#3 
6	% 
 0 -2 0 0  0  1
 0 -1 1 0  0  0
 0  3 0 0 -1 -1
 0 -1 0 0  0  0
 0  0 0 1  0  0
 1  0 0 0  0  0
6	% 
 0 0 0  0  0 -1
 0 0 0  1  0  0
 0 0 0 -1 -1  0
 0 1 0  0  0 -1
 0 1 1  0  0 -1
 1 0 0  0  0  0
6	% 
 0 0 0 0 0 -1
 0 0 1 0 0  0
 0 0 0 1 0  2
 0 1 0 0 0 -1
 0 1 0 0 1 -1
 1 0 0 0 0  0
2-2;1,1,1;1 1 6
4 
#1 
6	% 
  1 0  0  0 0  0
  1 1  1  0 0 -1
  0 0  0  1 0 -1
  1 0  1  0 1 -1
  0 0  0 -1 1  0
 -1 0 -1  0 0  1
1,1;1,1;1;1 1 10
24 
#2 
6	% 
 -3 -2  2 0 0  0
  1  1  0 0 0 -1
  2  1 -1 0 0  0
  0  0  0 0 1 -1
  0  0  0 1 0  0
  1  1  0 0 0  0
6	% 
 1  0 0  0  2 -2
 0  0 0  1  0  0
 0  0 0  0 -1  1
 0  0 1 -1  0  0
 0 -1 0  1  0  0
 0  0 0 -1  0  1
1,1,1;1,1;1 1 6
50 
#9 
6	% 
 -2 -2 0 0 0  1
 -1 -2 0 0 0  1
  3  3 1 0 0 -2
 -1 -1 0 0 1  0
  0  0 0 1 1 -1
 -1 -1 0 0 0  0
6	% 
 0 0 0 0  0 -1
 0 0 0 1  1  0
 0 0 0 0 -1  1
 1 0 1 0  0 -1
 1 0 0 0  0  0
 0 1 0 0  0 -1
6	% 
 0 -2 0  0 0  1
 0 -2 1  1 0  0
 0  3 0 -1 0 -1
 1 -1 0  0 1  0
 1  0 0  0 0  0
 0 -1 0  0 0  0
6	% 
 -2 0 0 -2 0  1
 -1 0 0 -2 0  1
  3 0 0  3 1 -2
 -1 0 1 -1 0  0
  0 1 1  0 0 -1
 -1 0 0 -1 0  0
6	% 
 0 -2 0 0 0  1
 0 -1 0 1 0  0
 0  3 0 0 1 -2
 1 -1 1 0 0  0
 1  0 0 0 0  0
 0 -1 0 0 0  0
6	% 
 -2 0 -2 0 0  1
 -1 0 -2 0 0  1
  3 0  3 0 1 -2
 -1 0 -1 1 0  0
  0 1  0 1 0 -1
 -1 0 -1 0 0  0
6	% 
 -2 -2 0  0 0  1
 -1 -2 0  0 0  1
  3  3 0  0 1 -2
 -1 -1 0 -1 0  0
  0  0 0 -1 0 -1
 -1 -1 1  0 0  0
6	% 
 0 0 0  0 0 -1
 0 0 0  1 0  0
 0 1 0 -1 0  1
 1 0 0  0 1 -1
 1 0 0  0 0  0
 0 0 1  0 0 -1
6	% 
 0 0 0 0  0 -1
 0 0 0 0  1  0
 1 0 0 0 -1  1
 0 1 0 0  0 -1
 0 1 0 1  0 -1
 0 0 1 0  0 -1
1,1;1,1;1;1 1 12
24 
#3 
6	% 
  0 0 0 1 -1 0
  1 0 0 0  0 0
 -1 0 1 0 -1 0
  1 1 0 0  0 0
  0 0 0 0 -1 1
  0 0 0 0  1 0
6	% 
  0 1 -1 0  0  0
 -1 0  0 0 -1  0
  1 0 -1 0  1  0
 -1 0  0 1  0 -1
  0 0 -1 1  0  0
  0 0  1 1  0 -1
6	% 
 0 1  0 -1 0 0
 1 0  0  0 0 0
 0 0  0 -1 1 0
 0 0 -1  0 0 1
 0 0 -1 -1 0 1
 0 0 -1  1 0 0
1,1;1,1;1;1 1 18
15 
#3 
6	% 
 0 1 -1 0  0  0
 0 0  0 1  1 -1
 1 0  0 0  0  0
 0 0  0 0  1  0
 0 0 -1 0  0  1
 0 0  1 0 -1  0
6	% 
 0  1  0 0 1 -1
 0  0  1 1 0 -1
 1  0  0 0 0  0
 0  0  1 0 0 -1
 0  1  0 0 0 -1
 0 -1 -1 0 0  1
6	% 
 0  0  0 1 0  1
 0  1  0 0 1 -1
 1  0  0 0 0  0
 0  1 -1 0 0  0
 0  0 -1 0 0  1
 0 -1  0 0 0  0
1,1;1,1;1;1 1 16
24 
#3 
6	% 
 0 1  1  0 0 -1
 1 0  0  0 0  0
 0 0  0  1 0  1
 0 0 -1 -1 1 -2
 0 0  0  0 1 -2
 0 0  1 -1 1 -3
6	% 
 0  0 1  1 0 -1
 1  0 0  0 0  0
 0 -1 0  0 0  1
 0  1 0 -1 0  0
 0  1 0  0 1 -1
 0  1 0  1 0 -1
6	% 
 0  0  0 1  0 1
 1  0  0 0  0 0
 0  1  0 0 -1 0
 0 -1 -1 0  1 0
 0  0 -1 0  1 0
 0 -1 -1 0  1 1
1,1;1,1;1;1 1 24
48 
#4 
6	% 
 1  0  2  0  0 -1
 0  0  0 -1  2 -3
 0  0  0  2 -1  2
 0  1  0  1 -1  1
 0  0 -1  1 -1  2
 0 -1  1  0  0  0
6	% 
 1  0  2  0 0 -1
 0 -1  0  0 0  0
 0  1  0  0 1 -1
 0  1  0 -1 0  0
 0  1 -1  0 0  0
 0  0  1  1 0 -1
6	% 
 1  0  0  2 0 -1
 0  0 -1  0 0  0
 0  0  1  0 1 -1
 0 -1  1  0 0  0
 0  0  1 -1 0  0
 0  1  0  1 0 -1
6	% 
 1  0  0  0  2 -1
 0 -2 -1 -1  0  2
 0  1  2  1  0 -2
 0  1  1  1  0 -1
 0  1  1  1 -1 -1
 0  0  0  0  1 -1
1,1;1,1;1;1 1 32
30 
#5 
6	% 
 1 0 0  0 0  0
 0 0 0  1 1 -1
 0 0 1  0 0 -1
 0 0 1 -1 0  0
 0 0 0 -1 0  0
 0 1 0  0 0 -1
6	% 
 1  0 0 0 0  0
 0  0 0 1 0  0
 0  0 1 0 1 -1
 0  0 0 0 1  0
 0  0 1 0 0  0
 0 -1 1 0 0  0
6	% 
  0 1  1  0 0 -1
  1 0  0  0 0  0
  0 0 -1  0 1  0
 -1 0 -1 -1 0  1
 -1 0  0 -1 1  0
  0 0  0  0 1 -1
6	% 
  0 1  0  1 0 -1
  1 0  0  0 0  0
  0 0  0 -1 1  0
 -1 0 -1 -1 0  1
 -1 0 -1  0 1  0
  0 0  0  0 1 -1
6	% 
 0  0 1  1 0 -1
 1  0 0  0 0  0
 0  0 0 -1 1  0
 0  0 0 -1 0  1
 0  0 0  0 1  0
 0 -1 0  0 1  0
2-1;1,1;1;1 1 14
6 
#2 
6	% 
 1 0 0  4  0 -2
 0 0 1  1  0 -1
 0 0 0  1 -1  0
 0 0 0 -1  0  0
 0 1 0  1  0 -1
 0 0 0 -2  0  1
6	% 
 1  0  0  4  0 -2
 0  0  0  1 -1  0
 0  0 -1  1  0  0
 0 -1  0 -1  0  1
 0  0  0  1  0  0
 0  0  0 -2  0  1
2-1;1,1;1;1 1 10
12 
#2 
6	% 
 1  0  0  0  0  0
 0 -1  0  1  1 -1
 0  0  0  1  2 -2
 0  1 -1  0  0  0
 0 -1  0 -1 -1  2
 0  0  0 -1 -1  2
6	% 
 1  0  0  0 0  0
 0 -1 -1  1 0  1
 0 -1  0  1 0  0
 0  0  0  0 1 -1
 0  1  1 -1 0  0
 0  0  1 -1 0  0
2-1;1,1;1;1 1 17
12 
#2 
6	% 
 1 0 0  0 0  0
 0 0 0  1 1 -1
 0 0 1  1 0 -1
 0 0 0 -1 0  1
 0 1 0  1 0 -1
 0 0 0 -2 0  1
6	% 
 -1 -1 -1  0  0  1
  1  0  1 -1  0  0
  0  0  0 -1 -1  1
 -1 -1  0  1  0  0
  0  0  0 -1  0  1
  0  0  0  2  0 -1
1,1,1;1;1;1 1 8
12 
#2 
6	% 
  1  1 1  0 0 -1
 -1 -1 0 -1 0  1
  1  0 0  1 0 -1
  0  0 0  0 1 -1
  1  0 1  1 0 -1
 -1  0 0 -1 0  0
6	% 
 -1  0 0  0  1 -1
  2  0 0  1 -1  0
 -1 -1 0 -1  0  1
  0 -1 1  0  0  0
 -2  0 0 -1  0  0
  1 -1 0  1  0  0
1,1;1,1;1,1 1 6
30 
#3 
6	% 
 -3 0 0 -4  0  2
  1 0 0  1  0  0
  2 0 0  2  0 -1
  0 0 1  0  1 -1
  0 1 0  0  0 -1
  1 0 0  1 -1  0
6	% 
 1  0  0  0  2 -2
 0  1  0  0  1  0
 0  0  0  0 -1  1
 0  0  1 -1 -2  0
 0 -1  0  1 -2  0
 0  0 -1  0  1  1
6	% 
 -3 -2 -2  0  0  2
  1  0  1  1  0 -2
  2  1  1  0  0 -1
  0  0  0 -1 -1  2
  0  0  0 -1 -2  2
  1  1  0  1  2 -2
1,1,1;1;1;1 1 7
36 
#4 
6	% 
 0  1  1  0 -2 1
 1  0  0  0  0 0
 0  1  0  1 -1 0
 0 -1 -1 -1  2 0
 0  0 -1 -1  1 0
 0  1  1  1 -1 0
6	% 
 0  1 1  0  1 -2
 1  0 0  0  0  0
 0  1 0 -1  0  0
 0 -1 0  0 -1  1
 0 -1 0 -1  0  1
 0  1 0  0  0 -1
6	% 
 0  0 1  1  1 -2
 1  0 0  0  0  0
 0 -1 0  1  0  0
 0  0 0 -1 -1  1
 0 -1 0 -1  0  1
 0  0 0  1  0 -1
6	% 
 0 0  0 -1 0  2
 1 0  0  0 0  0
 0 0  0  0 1  0
 0 1  0  1 0 -1
 0 0  0  0 1 -1
 0 0 -1 -1 0  1
1,1;1,1;1;1 1 13
36 
#3 
6	% 
 -3  0  0 -4  0  2
 -1  1  0 -1  0  0
 -1 -1 -1 -1 -1  2
 -1  0  1 -1  0  0
  1  1  1  1  0 -2
  2  0  0  2  0 -1
6	% 
 -3 -2  2  0 0  0
 -1  0  1  1 0 -1
 -1 -1  0  0 1  0
 -1  0  1 -1 0  0
  1  1  0  0 0 -1
  2  1 -1  0 0  0
6	% 
 1  0  0  0  2 -2
 0  0  0  1  0 -1
 0  0 -1  0  2  0
 0  0  0 -1  0  0
 0 -1  0  0 -2  1
 0  0  0  0 -1  1
1,1,1;1;1;1 1 9
12 
#1 
6	% 
  1 0 0  0  0 0
  2 0 0 -1 -1 1
  3 0 1  0  0 0
  3 1 0  0  0 0
 -2 0 0 -1  0 0
  0 0 0  0  1 0
1,1,1;1;1;1 1 3
4 
#2 
6	% 
 0 -1  1  0  0  0
 0  2 -1 -1  0  0
 1  0  0  0  0  0
 0  1  0  0  0 -1
 0 -2  0  0  0  1
 0  1  0  0 -1  0
6	% 
 0 0  0  1  0  0
 0 0  0 -1 -1  0
 1 0  0  0  0  0
 0 1  0  0  0  0
 0 0  0  0  0 -1
 0 0 -1  0  0  1
1,1;1,1;1,1 1 4
24 
#3 
6	% 
  0  1 1  0  0 -1
 -1  0 0  0 -1  0
  1  0 0  1  2 -2
  0 -1 0 -1 -1  2
  0  1 0 -1 -1  1
 -1  0 0  1  1 -2
6	% 
  0  0 1  1  0 -1
 -1  0 0  0 -1  0
  1 -1 0  0  0  1
  0  1 0 -1  1 -1
  0  1 0  1  1 -2
 -1 -1 0  0 -1  1
6	% 
 -1 -1  1 0  0 0
  0  0  0 1  0 1
  0  0  0 0 -1 0
  1  0 -1 0  1 0
 -1 -1  0 0  1 0
  0  0  0 0 -1 1
1,1;1,1;1;1 1 17
30 
#3 
6	% 
 1 0  0  0  0  0
 0 0  0  0  1 -1
 0 0  0 -1 -1  1
 0 0 -1  1 -1  1
 0 0  0 -1  0  1
 0 1  0  1  1 -2
6	% 
 1  0  0  0  0  0
 0  1  1  2  0 -3
 0 -1  0  0 -1  2
 0 -1 -1 -2  1  2
 0  0 -1  0 -1  2
 0  1  1  1  1 -3
6	% 
 1  0  0  0 0  0
 0  1  1  0 0 -1
 0  0 -1 -1 0  1
 0 -1  0  0 1  0
 0  0 -1  1 0  0
 0  0  1  0 0  0
1,1,1,1;1;1 1 6
10 
#3 
6	% 
  1  0 0  0 0  0
  1  1 1  0 0 -1
  1  1 0  0 1 -1
 -1 -1 0  0 0  0
  1  1 0 -1 0  0
  0  0 0  1 0 -1
6	% 
  1  0  0 0 0  0
  1  0  1 1 0 -1
  1  0  1 0 1 -1
 -1  0 -1 0 0  0
  1 -1  1 0 0  0
  0  1  0 0 0 -1
6	% 
  1  0 0 0 -1  0
  1  0 0 0  0  0
  0  0 0 1  0  0
 -1  0 1 0  1  0
  1  1 0 0 -1 -1
  0 -1 1 0  0  0
1,1,1;1,1;1 1 11
48 
#4 
6	% 
 -2  0 -2  0  0  1
  0  0  0  1 -1  0
  3  0  2 -2  2 -1
 -1 -1 -1 -1 -1  2
  0 -1  0  0 -1  1
 -1  0 -1  0  0  0
6	% 
 0 -2  2 0 -2  1
 0 -1  1 0 -2  1
 1  4 -4 0  6 -3
 0 -1  1 1 -1  0
 0  0  1 0 -1  0
 0 -1  1 0 -1  0
6	% 
 -2 0 -2 0  0  1
  0 0 -2 0  1  1
  3 0  6 0 -2 -3
 -1 0 -1 1  1 -1
  0 0 -1 0  0  1
 -1 1 -1 0  0  0
6	% 
 -2 0 0  0 -2  1
  0 0 0 -1 -2  2
  3 0 0  2  6 -5
 -1 1 0 -1 -1  0
  0 0 0  0 -1  1
 -1 0 1  0 -1  0
1,1,1;1;1;1 1 13
12 
#3 
6	% 
  1  0  0  0  0 0
 -1 -1 -1  0  0 1
  0  0 -1  0  0 1
  0  0  0 -1 -1 1
  0  0 -1 -1  0 1
  0  0  1 -1  0 0
6	% 
  1  0 0  0  0 0
  1  0 0  0 -1 0
  1 -1 0  0 -1 0
  0  0 1 -1  0 0
  1  0 0 -1 -1 0
 -1  0 0 -1  1 1
6	% 
  1  0  0  0  0 0
 -1  0 -1 -1  0 1
  0  0  0 -1  0 1
  0 -1  0  0 -1 1
  0 -1  0 -1  0 1
  0 -1  0  1  0 0
1,1,1;1;1;1 1 16
24 
#3 
6	% 
 1 0  0 0 0  0
 0 0 -1 0 0  0
 0 0  1 0 1 -1
 0 0 -1 1 0  0
 0 1 -1 0 0  0
 0 1  0 1 0 -1
6	% 
  1 0 0  0  0  0
  2 0 0  2 -1 -2
 -2 0 0 -3  1  2
  1 0 1  2 -1 -2
  1 1 0  2 -1 -2
  0 1 1  0  0 -1
6	% 
  1  0  0  0 0  0
  2 -2  1 -1 0  1
 -2  1 -2  1 0  0
  1 -1  1 -1 0  0
  1 -1  1 -1 1  0
  0  0  0  0 1 -1
1,1;1,1;1,1 1 9
24 
#3 
6	% 
  1  0  0  0  0  0
  0 -1  0  0  1  0
  0  1  0  0  0 -1
  0  1  0 -1 -2  1
 -1  1 -1  0 -1  0
  1  0  1  1  1 -2
6	% 
  1  0  0  0  0  0
  0 -1  0  0 -1  1
  0 -1  0  0  0  1
  0 -1 -1  0  0  2
 -1  0 -1 -1  1  1
  1  1  0  1  1 -2
6	% 
  1  0 0  0  0  0
  0 -1 0  0  0  0
  0  0 1  0  0 -1
  0  0 0 -1  0  1
 -1  0 0 -1 -1  1
  1  0 0  0  1 -1
1,1;1,1;1,1 1 8
15 
#3 
6	% 
 1 0  0  0 0  0
 0 1  1  0 0 -1
 0 0  0  0 1  1
 0 0  1  0 0 -1
 0 0  0 -1 0  0
 0 0 -1  1 0  0
6	% 
 1 0  0  0 0  0
 0 1  0  1 0 -1
 0 0  0  0 1  1
 0 0  0  1 0 -1
 0 0 -1  0 0  0
 0 0  1 -1 0  0
6	% 
 0 0  1 1  0 -1
 0 1  0 0  1 -1
 1 0  0 0  0  1
 0 0  0 0  1 -1
 0 0  1 0  0 -1
 0 0 -1 0 -1  1
1,1;1,1;1;1 1 26
24 
#3 
6	% 
  1  0  0  0  0 0
 -1  0  0 -1 -1 1
  1  0  0 -1  0 0
  0  0 -1  1  0 0
  0 -1  0 -1  0 1
  0  1 -1  0  0 0
6	% 
 1  0  0  0 0  0
 0 -1 -2 -1 0  2
 0 -2 -1 -1 0  2
 0  1  1  1 1 -2
 0 -1 -1 -1 0  2
 0  0  0  0 1 -1
6	% 
  1  0  0  0  0 0
 -1  0 -1  0 -1 1
  1  0 -1  0  0 0
  0  0  1 -1  0 0
  0 -1 -1  0  0 1
  0  1  0 -1  0 0
2-2;1,1;1,1 1 4
20 
#3 
6	% 
  0 1  1  0  0 -1
 -1 0 -1 -1  1  1
  1 0 -1  1 -1  0
  1 0  0  1  0 -1
  1 0  0  0 -1  0
  1 0  0  1 -1  0
6	% 
  1  1 -1  0  0  0
 -1  0  1 -1  1  0
 -1 -1  0  1 -1  0
  0  0  0  0 -1  0
  0  0  0  1  0 -1
  0  0  0  1 -1  0
6	% 
  1  0  2  0 0 -1
 -1  1 -1  0 0  0
 -1 -1 -1  0 0  1
  0 -1  0  0 1  0
  0 -1  0  0 0  1
  0 -1  0 -1 0  1
1,1;1,1;1;1 1 20
12 
#2 
6	% 
  1 0 0  0  0  0
 -1 0 0  3 -4 -1
  0 0 0 -2  2  1
  0 1 0  1 -1 -1
  1 0 0  3 -3 -2
  0 0 1  1 -1 -1
6	% 
 1  0  0  0 0  0
 0  0 -1 -3 0  2
 0  0  0  2 0 -1
 0  0  0 -1 0  1
 0 -1  0 -3 0  2
 0  0  0 -1 1  0
1,1,1;1;1;1 1 11
10 
#3 
6	% 
 0 0 0 1  0  0
 0 0 0 0 -1  0
 1 0 0 0  0  0
 0 1 1 0  0 -1
 0 0 1 0 -1 -1
 0 1 0 0 -1 -1
6	% 
 0  1 1  0  0 -1
 0 -1 0 -1  0  1
 1  0 0  0  0  0
 0  0 0  0 -1  0
 0  0 0 -1  0  0
 0  0 0 -1 -1  1
6	% 
 0  0  1  0 1 -1
 0  0 -1 -1 0  1
 1  0  0  0 0  0
 0 -1  0  0 0  0
 0  0  0 -1 0  0
 0 -1  0 -1 0  1
1,1;1,1;1;1 1 22
12 
#3 
6	% 
  0  0 0 -1  0 -1
  1  0 0  0  0  0
  0  0 1  0  0 -1
  0 -1 0  0  0  0
 -1  0 0  0 -1  1
  1  0 0  0  1  0
6	% 
  0 -1 -1  0  0  1
  1  0  0  0  0  0
  0  0 -1  0 -1  1
  0  0 -1  0  0  1
 -1  0  1 -1  0  0
  1  0  1  1  0 -1
6	% 
  0 -1  0 -1  0  1
  1  0  0  0  0  0
  0  0  0 -1 -1  1
  0  0  0 -1  0  1
 -1  0 -1  1  0  0
  1  0  1  1  0 -1
1,1,1;1;1;1 1 18
10 
#3 
6	% 
 1 0 0 0 0  0
 0 0 0 0 1  0
 0 0 0 0 0  1
 0 1 0 0 0 -1
 0 0 1 0 0 -1
 0 0 0 1 0 -1
6	% 
  1  0 0  0  0  0
  1  1 1  0  0 -1
 -2 -2 0  0  0  1
  1  1 0  0  0 -1
  1  1 0 -1  0  0
  1  1 0  0 -1  0
6	% 
  1  0  0 0  0  0
  1  0  1 1  0 -1
 -2  0 -2 0  0  1
  1 -1  1 0  0  0
  1  0  1 0  0 -1
  1  0  1 0 -1  0
2-2;2-1;1;1 1 6
4 
#1 
6	% 
 1 0 0  0  0  0
 0 0 1  0  1 -1
 0 1 0  0  1 -1
 0 0 0 -1  1  0
 0 0 0  0 -1  0
 0 0 0 -1  0  1
2-1;1,1;1;1 1 13
12 
#3 
6	% 
 0 0 0  1 1 -1
 1 0 0  0 0  0
 0 1 0  0 0  0
 0 0 1  0 0 -1
 0 0 0  1 0 -1
 0 0 0 -1 0  0
6	% 
 0  1 1  0  0 -1
 1  0 0  0  0  0
 0  0 0 -1  0  1
 0  0 0  1 -1  0
 0  1 0  1  0 -1
 0 -1 0  1  0  0
6	% 
 0  0  1 1  0 -1
 1  0  0 0  0  0
 0 -1  0 0  0  1
 0  1  0 0 -1  0
 0  1  1 0  0 -1
 0  1 -1 0  0  0
2-1;2-1;1,1 1 5
3 
#1 
6	% 
 1 0 0  4  0 -2
 0 0 1  1  0 -1
 0 0 0 -1 -1  1
 0 1 0  1  0 -1
 0 0 0 -1  0  1
 0 0 0 -2  0  1
2-1;2-1;1;1 1 9
3 
#1 
6	% 
 1 0 0  0  0  0
 0 0 1  1  0 -1
 0 0 0 -1 -1  1
 0 1 0  1  0 -1
 0 0 0 -1  0  1
 0 0 0 -2  0  1
2-1,2-1;1;1 2 2
12 
#1 
6	% 
 0 1 0  0  0 -1
 0 0 1  0  1 -1
 1 0 0  0  0  0
 0 0 0 -1 -1  1
 0 0 0  0  1  0
 0 0 0  1 -1  0
2-1,2-1;1;1 3 2
12 
#1 
6	% 
 1  0  0  0  0 0
 0 -1 -1  0 -3 2
 0 -1  0  0 -1 1
 0 -1  0  1 -1 1
 0  0  1  0  1 0
 0 -1  0 -1 -1 2
2-1,2-1;1,1 2 2
12 
#1 
6	% 
  0 1 0  0  0 -1
  0 0 1  0  1 -1
 -1 0 0 -2  0  1
 -1 0 0 -1 -1  1
  0 0 0  0  1  0
  1 0 0  1 -1  0
2-1,2-1;1,1 3 2
12 
#1 
6	% 
 1  0  0  2  0 -1
 0 -1 -1  0 -3  2
 0 -1  0  0 -1  1
 0 -1  0  1 -1  1
 0  0  1  0  1  0
 0 -1  0 -1 -1  2
3;1,1,1 1 2
1 
#1 
6	% 
 1 0  0  0  0 0
 0 1 -1  0  0 0
 0 0  0  0  0 1
 0 0  0  0 -1 1
 0 0  0 -1  0 1
 0 0  1  0  0 0
2-1;1,1;1;1 1 31
12 
#3 
6	% 
 -3 0 -4 0  0  2
  1 0  1 0 -1  0
  1 0  1 0  0  0
 -2 0 -2 0  0  1
  1 1  1 0  0 -1
  1 0  1 1  0 -1
6	% 
 -3 0 0 -4 0  2
  1 0 1  1 0 -1
  1 1 0  1 0 -1
 -2 0 0 -2 0  1
  1 0 0  1 0 -1
  1 0 0  1 1 -1
6	% 
 -3 0 0 -4  0  2
  1 0 0  1 -1  0
  1 0 0  1  0  0
 -2 0 0 -2  0  1
  1 1 0  1  0 -1
  1 0 1  1  0 -1
1,1;1,1;1;1 1 33
24 
#3 
6	% 
 1  0  0  0  0  0
 0  0  0  1  1 -2
 0  0  0  1  2 -2
 0 -1  1  0  0  0
 0 -1  0  1  2 -2
 0  0 -1 -1 -2  3
6	% 
 1  0  0  0  0  0
 0 -1  0  0 -1  1
 0  0  1  0 -1  0
 0  1  1  1  0 -1
 0  0  0  0 -1  1
 0 -1 -1 -1  1  1
6	% 
 1  0  0  0  0  0
 0 -1  0 -1  0  1
 0  1  0  0 -1  0
 0  1  0  0  0  0
 0  0 -1 -1 -1  2
 0 -1  1  1  1 -1
2-1;1;1;1;1 1 12
6 
#2 
6	% 
 1 0 0  0 0  0
 0 0 0  1 1 -1
 0 0 1  1 0 -1
 0 0 0 -1 0  1
 0 1 0  1 0 -1
 0 0 0 -2 0  1
6	% 
 1 0 0  0  0  0
 0 0 1 -1  0  0
 0 0 0 -1 -1  1
 0 1 0  1  0 -1
 0 0 0 -1  0  1
 0 0 0  2  0 -1
2-1;1;1;1;1 1 27
4 
#2 
6	% 
 1  0 0  0  0  0
 0 -1 0  0 -1  1
 0  1 0  0  0  0
 0  1 0  1  0 -1
 0  1 0 -1  0  0
 0  0 1 -1  0  0
6	% 
 1 0 0 0  0  0
 0 0 1 0  0  0
 0 1 0 0  0 -1
 0 0 0 0  1 -1
 0 0 0 0 -1  0
 0 0 0 1 -1  0
1,1;1;1;1;1 1 35
24 
#3 
6	% 
 1 0 0  0  0  0
 0 0 0 -1 -3  3
 0 0 0  1  2 -3
 0 1 1  0  0 -1
 0 0 1 -1 -2  2
 0 1 0 -1 -2  2
6	% 
 1  0 0 0  0  0
 0 -1 0 0 -3  3
 0  1 0 0  2 -3
 0  0 1 1  0 -1
 0 -1 1 0 -2  2
 0 -1 0 1 -2  2
6	% 
 1  0  0  0  0  0
 0  1  2  0  1 -2
 0 -2 -1  0 -1  2
 0  0  0 -1  0  0
 0  1  1 -1  1 -1
 0  1  1  0  1 -2
1,1;1;1;1;1 1 14
12 
#3 
6	% 
 0 -1  0 1  0  0
 1  0  0 0  0  0
 0 -1  0 0 -1  1
 0  0  1 0  0 -1
 0  1  1 0  0 -1
 0  1 -1 0  0  0
6	% 
 0 -1 1  0  0  0
 1  0 0  0  0  0
 0 -1 0  0 -1  1
 0  0 0  1  0 -1
 0  1 0  1  0 -1
 0  1 0 -1  0  0
6	% 
 0 0 0  1  0  0
 1 0 0  0  0  0
 0 0 1  1  0  0
 0 1 0  0 -1  0
 0 0 0 -1 -1  0
 0 0 0 -1  1 -1
1,1;1;1;1;1 1 43
8 
#2 
6	% 
 -1  0 0 0 -1  1
  1 -1 0 0  1  0
 -1 -1 0 0  0  1
  0  1 1 0  0 -1
  0  1 0 1  0 -1
  0 -2 0 0  0  1
6	% 
 1 1  1 0 0 -1
 0 0 -1 0 0  1
 0 1  0 0 0  0
 0 0  0 1 0 -1
 0 0  0 0 1 -1
 0 0  0 0 0  1
1,1;1;1;1;1 1 42
12 
#3 
6	% 
  1 0  0 0 0  0
  1 0  1 0 1 -1
 -1 0 -1 0 0  1
  1 1  1 0 0 -1
  1 0  1 1 0 -1
 -2 0 -2 0 0  1
6	% 
  1 0 0  0 0  0
  1 0 0  1 1 -1
 -1 0 0 -1 0  1
  1 1 0  1 0 -1
  1 0 1  1 0 -1
 -2 0 0 -2 0  1
6	% 
  1 0 0 0  0  0
  1 0 1 0  1 -1
 -1 1 0 0 -1  0
  1 0 0 0  1 -1
  1 0 0 1  1 -1
 -2 0 0 0 -2  1
1,1;1;1;1;1 1 12
12 
#2 
6	% 
 1  0  0  0  0  0
 0 -1  1 -1  0  1
 0  0  0  0 -1  1
 0  1  0  1  0 -1
 0  1 -1  1  0  0
 0  0  1 -1  0  0
6	% 
 1  0 0  0  0  0
 0 -1 0 -1 -1  2
 0 -1 1  0  0  0
 0  0 0  1  0 -1
 0 -1 0  1  1 -1
 0  0 0 -1 -1  1
1,1;1;1;1;1 1 22
12 
#1 
6	% 
 1  0 0 0  0  0
 0  0 1 0 -1  0
 0  0 0 1  1 -1
 0 -1 0 0  0  0
 0  0 0 1  0  0
 0  0 0 0 -1  0
1,1;1;1;1;1 1 21
12 
#2 
6	% 
 1 0 0  0  0  0
 0 0 0 -1 -1  1
 0 0 1  1  0 -1
 0 0 0 -1  0  1
 0 1 0 -1  0  0
 0 0 0 -2  0  1
6	% 
 1 0  0  0 0  0
 1 0 -1 -1 0  1
 0 0  0  1 1 -1
 1 1  0 -1 0  0
 0 0  0 -1 0  1
 0 0  0 -2 0  1
1,1;1;1;1;1 1 19
3 
#1 
6	% 
  3  0  0  4  0 -2
  1  0  0  1 -1  0
  1 -1  0  1  0  0
  1  0  0  1  0  0
 -1  0 -1 -1  0  1
 -2  0  0 -2  0  1
3;1,1;1 1 5
2 
#1 
6	% 
 1  1  1  0  0 -1
 0 -1  0  0  0  0
 0  0 -1  0  0  0
 0  0  0  0 -1  0
 0  0  0 -1  0  0
 0  0  0  0  0 -1
2-2;1,1;1;1 1 7
16 
#2 
6	% 
 1  0 0  0  0  0
 0 -1 0  1 -1  0
 0  0 1 -1  1  0
 0  1 1 -2  1  0
 0  1 1 -1  2 -1
 0  1 1 -1  1  0
6	% 
 1  0  0  0 0 0
 0  1 -1  0 0 0
 0 -1 -1  0 0 1
 0 -1  0  0 1 0
 0 -1  0  0 0 1
 0 -1  0 -1 0 1
2-2;1,1;1;1 1 9
4 
#1 
6	% 
 -1 -1 0 -1  1  1
  0  1 1  0  0 -1
  1 -1 0  1 -1  0
  1  0 0  1  0 -1
  1  0 0  0 -1  0
  1  0 0  1 -1  0
2-2;1,1;1;1 1 13
8 
#1 
6	% 
 1 0 0  0  0  0
 1 0 1 -1  1  0
 1 1 0  0  0 -1
 0 0 0 -1  1  0
 0 0 0  0 -1  0
 0 0 0 -1  0  1
3;1,1;1 1 2
1 
#1 
6	% 
 0 1 -1  0  0 0
 1 0  0  0  0 0
 0 0  0  0  0 1
 0 0  0  0 -1 1
 0 0  0 -1  0 1
 0 0  1  0  0 0
2-2;1,1;1;1 1 10
4 
#1 
6	% 
 0  1 1  0  0 -1
 1  0 0  0  0  0
 0  0 0 -1  0  1
 0  1 0  0 -1  0
 0  0 0  1 -1  0
 0 -1 0  0  0  0
1,1;1;1;1;1 1 44
10 
#3 
6	% 
 0 1  3 0 0 -2
 1 0  0 0 0  0
 0 0 -2 0 0  1
 0 0  1 0 0 -1
 0 0  1 1 0 -1
 0 0 -1 0 1  0
6	% 
 0 0 1 0  3 -2
 1 0 0 0  0  0
 0 0 0 0 -2  1
 0 1 0 0  1 -1
 0 0 0 0  1 -1
 0 0 0 1 -1  0
6	% 
 0 0 0 1  3 -2
 1 0 0 0  0  0
 0 0 0 0 -2  1
 0 1 0 0  1 -1
 0 0 1 0  1 -1
 0 0 0 0 -1  0
2-2;1,1;1;1 1 19
8 
#1 
6	% 
 1 0 0  0  0  0
 0 0 1  1 -1 -1
 0 1 0 -1  0  0
 0 0 0 -1  1  0
 0 0 0  0  1  0
 0 0 0  1  0 -1
1;1;1;1;1;1 1 14
3 
#1 
6	% 
 1 0  0 0 0  0
 0 0 -1 0 0  1
 0 0  0 0 1  0
 0 1  0 0 0  0
 0 0  0 1 0 -1
 0 0  0 0 0 -1
1,1;1;1;1;1 1 53
5 
#2 
6	% 
 -3 0 -4 0 0  2
  1 0  1 0 0 -1
 -1 1 -1 0 0  0
 -1 0 -1 1 0  0
 -1 0 -1 0 1  0
  2 0  2 0 0 -1
6	% 
 -3 0 0 0 -4  2
  1 0 0 0  1 -1
 -1 1 0 0 -1  0
 -1 0 1 0 -1  0
 -1 0 0 1 -1  0
  2 0 0 0  2 -1
1;1;1;1;1;1 1 27
4 
#2 
6	% 
 1  0 0 0  0  0
 0 -1 0 0 -1  1
 0  0 1 0  0 -1
 0  0 0 0  1 -1
 0  0 0 1  0  0
 0  0 0 0  1  0
6	% 
 1 0  0  0 0  0
 0 0  1 -1 0  0
 0 0  0  0 1  0
 0 0 -1  0 0  1
 0 1  0  0 0 -1
 0 0 -1  0 0  0
1;1;1;1;1;1 1 38
1 
#1 
6	% 
 1 0 0 0 0  0
 0 1 0 0 0  0
 0 0 1 0 0  0
 0 0 0 1 0  0
 0 0 0 0 1  0
 0 0 0 0 0 -1
2-2;1;1;1;1 1 15
4 
#1 
6	% 
 1 0 0 0  0  0
 0 1 0 0  0 -1
 0 0 1 0  0 -1
 0 0 0 1 -1  0
 0 0 0 0  1  0
 0 0 0 1  0 -1
2-2;1;1;1;1 1 8
4 
#1 
6	% 
 1 0 0  0  0  0
 0 0 1  0  0  0
 0 1 0  0  0  0
 0 0 0  0 -1  0
 0 0 0 -1  1  0
 0 0 0  1  0 -1
2-2;1,1;1;1 1 17
4 
#1 
6	% 
  0 1  1  0  0 -1
  1 1  0  1 -1 -1
  1 0  0  2 -1 -1
 -1 0 -1 -1  1  1
  1 0  0  1 -1 -1
  1 0  0  1 -2  0
3;1,1;1 1 8
2 
#1 
6	% 
 1 0 0  0  0  0
 0 0 0  0 -1  1
 0 0 0 -1  0  1
 0 1 0  0  0  0
 0 0 1  0  0 -1
 0 0 0  0  0  1
3;1;1;1 1 10
1 
#1 
6	% 
 1 0 0  0  0  0
 0 0 0  0 -1  1
 0 0 0 -1  0  1
 0 1 0  0  0 -1
 0 0 1  0  0  0
 0 0 0  0  0  1
3;1;1;1 1 4
1 
#1 
6	% 
 1 0  0  0  0  0
 0 0 -1  0  0  0
 0 1  0  0  0 -1
 0 0  0  0 -1  0
 0 0  0 -1  0  0
 0 0  0  0  0 -1
