#32

2-1;1;1;1;1 1 8
1 
#1 
6	% 
 1 0 0 0 0 0
 0 1 0 0 0 0
 0 0 1 0 0 0
 0 0 0 1 0 0
 0 0 0 0 1 0
 0 0 0 0 0 1
1,1,1,1,1,1 1 1
1 
#1 
6	% 
 1 0 0 0 0 0
 0 1 0 0 0 0
 0 0 1 0 0 0
 0 0 0 1 0 0
 0 0 0 0 1 0
 0 0 0 0 0 1
2-1;1,1,1,1 1 2
1 
#1 
6	% 
  0 -1  1  0  1 -1
  0 -1  1  0  0  0
  0 -1  1  1 -1 -1
  0 -1  1  1  0 -1
 -1 -1  0  0  0  0
  0  2 -1 -1  0  1
1,1,1,1,1;1 1 2
8 
#3 
6	% 
 -1 -1  0  1  1 -1
 -1 -1  0  1  0  0
  0 -1  0  1  1 -1
  1  0 -1  0  1  1
  0  1  1 -1 -1  0
  1  0 -1  1  1  0
6	% 
  1  0 0 0 -1  1
  1  0 0 0  0  0
  2  1 0 1 -1 -1
  1  1 0 0  0  0
 -2 -1 0 0  1  0
  2  0 1 0 -1  0
6	% 
 0  0  1 -1  0  0
 0  1  1  0  1  1
 0  1  0 -1  1  0
 0  1  1  0  0  1
 1 -1 -1  1 -1 -1
 1  2  1 -1  1  1
1,1,1,1;1,1 1 2
15 
#3 
6	% 
 0  1 -1 -1 1  1
 0  1  0 -1 0  0
 0  1 -1  0 0  0
 1  0  0  0 0  0
 0 -1  1  1 0 -1
 0  2 -1 -1 0  1
6	% 
  0 0 -1  1  0 0
  0 0  0  0 -1 1
 -1 0 -1  1  0 0
 -1 1 -2  0  0 0
  1 0  1 -1  1 0
  0 0  0  1 -1 0
6	% 
 -1  0  0 -1 1  1
 -1  0  0  0 0  0
  0 -1  0  0 0  0
  0  3 -1 -2 0  0
  1 -2  1  2 0 -1
 -1 -3  1  1 0  1
2-1;1,1,1;1 1 5
4 
#1 
6	% 
 0  0  0 -1  1 1
 0  0 -1  0  1 1
 0 -1  1  0 -1 0
 1  1  0  0  0 0
 0 -1  0  0  0 0
 0  0  0  0 -1 0
1,1,1;1,1,1 1 2
10 
#2 
6	% 
  0  1  0 0  0  0
  1  1  1 0  0  0
  0  0  0 1 -1 -1
  0  0  0 0 -1  1
 -1 -1 -1 0  1  0
  1  1  0 0  1  0
6	% 
  2 1  0  1 0  0
 -2 0 -1 -1 0  0
  0 0  0  0 1 -1
 -1 0  0  0 0  0
  0 0  0 -1 0  1
  1 0  0  0 0  1
1,1,1,1;1,1 1 3
8 
#1 
6	% 
  0  1  0  0  1 -1
  0 -2  0 -1  1  1
 -1 -2  1  0  0  0
  1  3 -2  1 -1  0
  1  1 -1 -1  1  0
 -1 -1  1  0  0  0
2-1;1,1;1,1 1 4
3 
#1 
6	% 
 0  0  0  0 -1 1
 0 -1 -1  2  0 0
 0 -1 -1  1  1 0
 1  1  0  0  0 0
 0 -1  0  0  0 0
 0  0  1 -2  1 0
1,1,1;1,1,1 1 3
6 
#1 
6	% 
  0  2  0  1 -1 -1
  0  2 -1 -1  0  0
 -1 -1  0  2  0 -1
  0 -1  0 -1  0  1
 -1 -3  0  1  0  1
  0  2  0  0  0 -1
1,1,1;1,1;1 1 5
60 
#5 
6	% 
 0 -1 0  0  1  1
 0 -2 1  1  0  0
 0  2 0 -1 -1 -1
 1  0 0  0  1  0
 2  0 0  0  1 -1
 1  1 0  0  0  0
6	% 
  1  0  0  1 -2 0
  2  0  0  1 -2 0
 -3  0  0 -2  3 1
  1  0  0  1 -1 0
  0 -1 -1  2  0 0
  1  1  0  0  0 0
6	% 
 0  0  1  0 -2 0
 0  0  1 -1 -1 1
 0  0 -2  1  2 0
 1  0  1  0 -1 0
 1  0  0  0  0 0
 0 -1  1  0  0 0
6	% 
  2  1 0  0  1 -1
  1  0 0  0  0  0
 -3  0 0  0 -1  1
  1  0 0  0  1  0
  0  0 0 -1  1  1
  0 -1 1  0  0  0
6	% 
  1  1 -1  0  1  1
  1  1 -1  1  0  0
 -1 -1  2 -1 -1 -1
  1  0  0  0  1  0
  2  0  0  0  1 -1
  0 -1  1  0  0  0
1,1,1,1;1;1 1 4
15 
#3 
6	% 
 0 -2 1  1  1 -1
 0 -1 0  1  1 -1
 0  3 0 -2 -3  1
 0 -1 0  0  2  0
 0  1 0  0 -1  0
 1  1 0  0 -1  0
6	% 
  0  0 -1 1  1 -1
  1  0  0 0  1 -1
 -1  0  1 0 -3  1
 -1  0 -1 0  2  0
  1  0  1 0 -1  0
  0 -1  1 0 -1  0
6	% 
 1  1  0  0  1 -1
 0  1  0  0  1 -1
 0 -3  0  1 -3  1
 0  1  0 -1  2  0
 0 -1  0  1 -1  0
 0  0 -1  1 -1  0
1,1,1,1;1;1 1 5
8 
#1 
6	% 
 0  0  0  0  1 -1
 0 -1  0 -1  2  0
 1  1  0  0  1 -1
 0  1 -1  1 -2  1
 0  0  0 -1  2 -1
 1  0  0  0 -1  1
1,1,1;1,1;1 1 10
24 
#1 
6	% 
 0  1  0 0  0  0
 0  1  1 0 -1 -1
 0 -2 -2 1  1  1
 1  1  0 0  0  0
 0  1  0 0  0 -1
 0  1 -1 0  0  0
1,1;1,1;1,1 1 3
15 
#2 
6	% 
 1  2  0  0 0 0
 0  0 -1  1 0 0
 0  1 -1  0 0 0
 0 -1  0  0 0 0
 0  0  1 -1 0 1
 0  1  0 -1 1 0
6	% 
  7  3  4 0  0 0
 -1  0  0 0  0 0
  0  0 -1 1  0 0
 -5 -2 -3 0  0 0
  2  1  1 0  0 1
  2  1  2 0 -1 0
1,1;1,1;1;1 1 15
3 
#1 
6	% 
  0  0  0 1 -1 -1
  0 -2  2 0 -1  1
 -1  0 -1 0  1  0
  1  0  0 0  0  1
  1  1  0 0  0  0
  1  0  0 0  0  0
1,1,1;1;1;1 1 12
4 
#1 
6	% 
 0 0 -1 0 1  1
 0 0 -1 1 0  0
 0 1  0 0 0 -1
 1 1 -1 0 0  1
 1 0  0 0 0  0
 1 1  0 0 0  0
1,1,1,1;1;1 1 6
1 
#1 
6	% 
  0 -1  1  1 -1 -1
  0 -1  1  0  0  0
  0 -1  0  1  0  0
  0  2 -1 -1  0  1
  1 -1  1  1  0 -1
 -1  0  0  0  0  0
1,1;1,1;1;1 1 6
45 
#4 
6	% 
  0  0 -1 1  0  0
  0 -3  3 0 -2  2
  0  1 -2 0  2  0
  0  0  1 0 -1 -1
 -1  0 -1 0  1  0
  0  0 -1 0  1  0
6	% 
  0  0 -1 1  0  0
 -2  0  0 0  1 -1
  1  0 -1 0  0  2
  0  0  1 0 -1 -1
  0 -1  0 0  0  1
  1  0  0 0  0  1
6	% 
  1  0  0  0  0 0
  0  0  0 -2  3 1
  2  1  0  1 -2 0
 -2 -1  0  0  0 0
  1  1 -1  1 -1 0
  1  0  0  1 -1 0
6	% 
  0  0 0  1 -1 -1
 -2  0 0  0  1 -1
  0 -1 0  1 -2  0
  1  1 0 -1  1  1
  0 -1 1  0 -1  0
  0 -1 0  1 -1  0
1,1,1;1;1;1 1 4
20 
#3 
6	% 
  0  0 -1  1  0 0
  0  0  1 -1 -1 1
  0  0 -1  0  2 0
 -1 -1  1  0 -2 0
  0 -1  1  0 -1 0
 -1 -1  1  0 -1 0
6	% 
  0  0 0  0 -1 1
 -2  0 0 -1  2 0
  1  0 0  1 -2 0
 -1 -1 1 -1  2 0
 -1 -1 0  0  1 0
 -1 -1 1 -1  1 0
6	% 
  0 1  0  0  0  0
 -1 0  0  0  0  0
  0 1  0 -1  1  1
  0 0 -1  1 -1 -1
  0 0 -1  1 -1  0
  0 0 -1  1  0 -1
1,1,1;1,1;1 1 7
12 
#1 
6	% 
  0 -1 0  0 0 0
  0 -2 0 -1 0 0
  0  4 1  2 0 0
  0 -1 0 -1 0 1
  0  0 0 -1 1 1
 -1 -1 0  0 0 0
1,1,1;1,1;1 1 9
8 
#1 
6	% 
 0 0  1  0 -2 0
 0 0  1 -1 -1 1
 0 0 -2  1  2 0
 0 0  1  0 -1 0
 1 1  0  0  0 0
 2 1  0  0  0 0
2-1;1,1;1;1 1 9
6 
#1 
6	% 
 0  0  2 -2  1 -1
 0 -1  0  0  0  0
 0 -1 -3  3 -1  1
 1  1  0  0  0  0
 0  0 -2  1  0  1
 0  0 -2  2 -1  0
1,1;1,1;1;1 1 21
12 
#1 
6	% 
  1  1  0  0  0 0
  0 -2  0 -1  1 1
 -2  1  0  1 -2 0
 -1  0  0  1 -1 0
  1  0  0  0  0 0
 -1  1 -1  1 -1 0
1,1,1;1;1;1 1 8
12 
#1 
6	% 
 0  0  0 -1  1 1
 1  0  0  1 -2 0
 0  0  0  0  1 0
 0  0 -1  1  0 0
 1  1  0 -1  2 0
 0 -1  0  1 -1 0
1,1;1,1;1,1 1 6
12 
#1 
6	% 
  0  2 1 -3 0 0
 -1 -2 0  0 0 1
  0 -1 0  1 0 0
  1  1 0  0 0 0
 -1  0 0  0 0 0
  1 -1 0  0 1 0
1,1;1,1;1;1 1 10
24 
#1 
6	% 
  0  0 -3  3 -2  2
  0 -1  0 -1  1  0
  0  0  1 -1  1 -1
 -1  1  1  0  0  0
 -1 -2 -1  0  0  0
  0  1  1 -1  1  0
1,1;1;1;1;1 1 8
15 
#3 
6	% 
 0 0 -1 1  0  0
 0 0  1 0 -1 -1
 1 1 -1 0  1  1
 0 1 -1 0  1  1
 0 1 -1 0  1  0
 0 1 -1 0  0  1
6	% 
 -1  0 0 0  0  0
 -1  0 0 0 -1  1
  1 -1 1 0  1 -1
  1 -1 0 1  1 -1
  1  0 0 1  0 -1
  0 -1 0 1  0 -1
6	% 
 1 0  0  0 0 0
 0 1  0  0 0 0
 0 0 -1  0 0 0
 0 0  0 -1 0 0
 0 0  0 -1 0 1
 0 0  0 -1 1 0
1,1;1;1;1;1 1 18
6 
#1 
6	% 
  0  0 0 -1  1 1
  0  0 0  1 -2 0
  0 -1 1 -1  1 0
 -1 -1 0  0  1 0
 -1  0 0  0  0 0
 -1 -1 0  0  0 0
1,1;1;1;1;1 1 13
8 
#1 
6	% 
 1  3 0  0  2 -2
 0 -1 0  0 -1  1
 0  0 1 -1  0  0
 0  0 1  0  0 -1
 1 -2 0  0 -2  2
 0  1 0  0  0 -1
1;1;1;1;1;1 1 12
1 
#1 
6	% 
  1  0 -1 1  0  0
  0  1 -1 0  0  0
  0  1  0 0  0 -1
  0  1  0 0 -1  0
 -1  0  0 0  0  0
 -1 -1  0 0  0  0
1;1;1;1;1;1 1 6
1 
#1 
6	% 
  1 0  0 0 0 0
 -1 1 -1 0 0 0
 -2 0 -1 0 0 0
 -2 0 -2 1 0 0
 -1 0 -1 0 0 1
 -1 0 -1 0 1 0
