#8

1,1;1;1;1;1 1 47
1 
#1 
6	% 
 1 0 0 0 0 0
 0 1 0 0 0 0
 0 0 1 0 0 0
 0 0 0 1 0 0
 0 0 0 0 1 0
 0 0 0 0 0 1
1,1,1,1,1,1 1 1
1 
#1 
6	% 
 1 0 0 0 0 0
 0 1 0 0 0 0
 0 0 1 0 0 0
 0 0 0 1 0 0
 0 0 0 0 1 0
 0 0 0 0 0 1
1,1,1;1,1,1 1 3
3 
#1 
6	% 
  1  1  1  1 -1 0
  0 -1  0  0 -1 1
  1  1  1  0  1 0
 -1 -1 -1  0  0 0
 -1  1  0 -1  1 0
  1  0  0  1 -1 0
1,1,1,1,1;1 1 2
1 
#1 
6	% 
 -1 -1  1  0  0  0
 -1  0  0  0  0  0
 -2 -1  0  0 -1 -1
 -1 -1  1  1  1  0
  2  1 -1 -1  0  0
 -2 -1  1  1  0 -1
1,1,1,1;1,1 1 3
3 
#1 
6	% 
 1 -1  1  1  1 -2
 1  0  0  0  0 -1
 0  0 -1 -1  0  1
 0  0  0  1  0  1
 0  0  0  0 -1 -2
 0 -1  0  0  1 -1
1,1;1,1;1;1 1 36
3 
#1 
6	% 
 0 0  0  0  0 1
 1 1 -1 -1 -1 0
 0 1  0  0  0 0
 0 0  0  0  1 0
 0 0 -1  0  0 0
 0 0  0 -1  0 0
1,1,1;1,1;1 1 10
3 
#1 
6	% 
  0 -1 -1 -1  1  0
 -2 -2 -1 -1  2  0
  3  4  3  3 -4  0
  0  0 -1  0  1  0
 -1 -1  0 -1  1  0
  0  0  0  0  0 -1
1,1,1;1;1;1 1 19
1 
#1 
6	% 
 1  0 0 0  0  0
 1  0 0 0  0 -1
 0  0 0 0 -1  0
 0  0 0 1  0 -1
 0  0 1 0  0  0
 0 -1 0 0  0 -1
