#97

2-1;2-1;1;1 1 16
1 
#1 
6	% 
 1 0 0 0 0 0
 0 1 0 0 0 0
 0 0 1 0 0 0
 0 0 0 1 0 0
 0 0 0 0 1 0
 0 0 0 0 0 1
1,1,1,1,1,1 1 1
1 
#1 
6	% 
 1 0 0 0 0 0
 0 1 0 0 0 0
 0 0 1 0 0 0
 0 0 0 1 0 0
 0 0 0 0 1 0
 0 0 0 0 0 1
2-1;1,1,1,1 1 2
2 
#2 
6	% 
  0 -1  0  1  0  0
  0 -1  0  0  0  0
  0  0  1  1  0  1
 -1 -1  1  1  0  0
  1  0  0  0 -1  0
 -1  1 -1 -1  0 -1
6	% 
 0 0  0  0 -1  1
 0 0  0  0  0  1
 1 1 -1  1  1  1
 0 1 -1  0  0  2
 0 0  1  0  0  0
 0 0  0 -1  0 -1
1,1,1,1,1;1 1 2
10 
#6 
6	% 
  0 0  0  0  0 -1
  0 0  0 -1  0  0
  0 0 -1  0  0 -1
  0 1  0 -1  0  0
  0 0  1  1 -1  1
 -1 0 -1 -1  0 -2
6	% 
  0  1 -1  1  0 -1
  1  0  0  0  0  0
  0  1 -1  1 -1 -1
  1  1  0 -1  1  0
 -1 -1  0  0  0  1
  1  1 -1  0  0 -1
6	% 
  0  0  0 -1 -1  0
  1 -1  0 -1 -1  0
  1  0  1 -1  0  1
  1 -1  1 -1 -1  0
 -1  1 -1  2  1 -1
  1 -1  1 -2 -1  0
6	% 
 -1 0  1  0  0 1
  0 0  1  0  0 0
 -1 0  1  0  1 0
  0 1  2 -1  1 0
  1 0 -3  1 -1 0
 -1 1  2  0  1 0
6	% 
 0 -1  1 -1 1 0
 0  0  0 -1 0 0
 0  0  1 -1 0 0
 0 -1  1 -1 0 0
 1  1 -1  2 0 1
 1 -1  1 -2 0 0
6	% 
  0  0  0  1 -1 -1
 -1  0  0  1  0 -1
 -2 -1  1  0 -1 -1
 -1  0  0  1 -1  0
  2  0 -1 -1  1  1
 -2 -1  0  2 -1 -2
1,1,1,1;1,1 1 2
6 
#4 
6	% 
  0  0 1 0 0  1
  0  1 0 1 0  1
  0 -1 0 0 0  0
  1  0 0 0 1  1
 -1  0 0 0 0 -1
 -1  0 0 0 0  0
6	% 
 1  0  0 0 0  0
 0  0  0 0 0  1
 0  0  0 0 1 -1
 0  0 -1 0 0  0
 0  0 -1 1 0  0
 0 -1  0 0 0 -1
6	% 
  0  0 0 0 -1  0
 -1 -1 0 1 -1 -1
  0  0 0 0 -1  1
  0  0 1 0  0  0
  1  1 0 0  1  0
 -1  0 0 1 -1  0
6	% 
 0 -1 -1  0 -1 -1
 0 -1 -1  1  0 -1
 0 -2 -1 -1 -1 -1
 1  0  0  0  0  0
 0  2  1  0  1  2
 0 -2 -1  0 -1 -1
2-1',2-1';1,1 1 3
2 
#1 
6	% 
 -1  0 -1  0 -1 -1
  0 -1  1  0  1 -1
  1  1  0  0  1  2
  2  1  0 -1  0  2
  0  0  0  1  1  1
  1  1 -1  0 -1  1
2-1;1,1,1;1 1 6
10 
#6 
6	% 
  0 1 -1  1  0 -1
  0 0  0  0  1  0
  0 0  0 -1  0  0
 -1 0  0  0 -1 -1
  0 0  0  0  1  1
  0 0 -1  1  0  0
6	% 
  0 1  2 -1  0  1
  0 0 -1  0 -1  0
  0 0 -2  1  0  0
 -1 0  0  0  1  0
  0 0  1  0 -1 -1
  0 1  1  0  0  0
6	% 
  0  0 0  0  0 -1
  1  1 0  0 -1  1
  1  0 0  0  0  1
  0 -1 0  1  0 -1
 -1  0 1 -1  1  0
  0  0 0  0  1  0
6	% 
  1  0 0  0  1  1
  0  1 0  0  1  1
 -1  0 0  0  0 -1
  0 -1 0  1  0 -1
  0  0 1 -1 -1  0
  1  0 0  0  0  0
6	% 
 0  0  0  0  1 -1
 0 -1  0  0 -1 -1
 1  0  0  0 -1  1
 0  1  0 -1  0  1
 0  0 -1  1  1  0
 1  0  0  0  1  0
6	% 
  0 1 -1  0  0  2
  0 0  0  1 -1 -2
  0 0  1  0  0 -1
 -1 0  0  0  1  0
  0 0  0 -1 -1  1
  0 1  0 -1  0  2
2-1;1,1,1;1 1 7
1 
#1 
6	% 
 0  0  1  0 0  0
 0 -1  1  1 0 -1
 1  0  0  0 0  0
 0  0  0  0 1  1
 0  0  1  1 0  0
 0  0 -1 -1 0  1
1,1,1,1;1,1 1 3
29 
#11 
6	% 
  0  0  0  0  0  1
  1  1 -1  1 -1  0
 -1  0  0 -1  0 -2
  0 -1  1 -1  1  0
  1  1 -1  1  0  1
  0  0 -1  1 -1  1
6	% 
  1 -1  1 1 -1 -1
 -1 -2  1 0  1 -1
  0  0  0 0  1  0
  0  1 -1 0 -1  0
 -1 -1  1 0  0 -1
  1  0  0 0  0  0
6	% 
 -1  1 -1 -1  1  0
  1  0  1  0 -1  1
  1  0  0  1  0  0
 -1 -1  1 -1  0 -1
  0 -1  1 -1 -1  0
  0  1 -1  0  1  1
6	% 
  1  0  0  0  1  1
  1  1  0 -1 -1  1
  0  1  0  0  0  1
 -1 -1 -1  1  0 -2
  1  1 -1 -1  0  1
  0 -1  1  0  0  0
6	% 
  1  1 -1 -1  1  2
  0  1  0 -1  2  2
 -1  0  1  0  0  0
  0 -1  1  0 -1 -2
  0  0  0 -1  1  0
  1  0 -1  0  0  1
6	% 
  0  0  0  0 1  0
  0 -1  0  1 0 -2
  1  0  0  0 0  0
 -1  0  0 -1 0  1
 -1  0 -1  1 0 -2
  1  0  0  0 0  1
6	% 
 0 1  1 -1  1 2
 0 0  1  0  0 0
 1 0  0  0  0 0
 0 0 -1  1 -1 0
 0 1  0  0  1 0
 1 0  0  0  0 1
6	% 
 0 0 0  0 0  1
 0 0 0  1 0 -1
 0 0 0  0 1  0
 0 1 0 -2 0  1
 0 0 1  1 0  0
 1 0 0  0 0  1
6	% 
 -1  0  0  2 -1 -2
  1  1 -1  0  0  1
  1  1  0 -1  1  2
  0 -1  0  0  0  0
  0  0 -1  1  0  0
 -1  0  1  0 -1 -1
6	% 
  1  0  0 0 -1 -1
  0  0  0 0 -1  0
  0 -1  0 0  0  0
 -1  1  0 1  1  0
  1  2 -1 0 -1  1
  0 -1  0 0  0 -1
6	% 
  0  1 -1  1 1  0
  0  1 -1  2 0  0
 -1  0  0  0 0  0
  0 -1  0 -1 0  0
  0  0 -1  2 0 -1
 -1  0  0  0 0 -1
2-1;1,1,1;1 1 5
1 
#1 
6	% 
 1  0 0  0 1  1
 1  0 0  0 0  0
 0  0 0  1 0  0
 0  1 0 -1 0  1
 0 -1 1  1 0 -1
 0 -1 1  0 0  0
2-1;1,1;1,1 1 5
6 
#4 
6	% 
 1  0  0  0  1  1
 0 -1  0  0  0 -1
 0  0  0  0 -1 -1
 0  1  0 -1  0  1
 0  0 -1  1  0  0
 0  0  0  0 -1  0
6	% 
 0 -1 -2  1  0 -1
 0  0  0  0  1  1
 0  0  1 -1  0  0
 1  0  0  0 -1  0
 0  0  0  0  1  0
 0  1  0  0  0  1
6	% 
  0  1 -1 1  0  0
  0  0 -1 0  1  0
  0 -1 -1 0  0 -1
 -1  0  0 0 -1 -1
  0  0  1 0  1  1
  0 -1  2 0  0  0
6	% 
 1  0  0  0  0  1
 0  0 -1  1  1  0
 0  1 -1  1  1  0
 0  0  1  0  0  0
 0 -1  0  0 -1 -1
 0 -1  1 -1 -1 -1
1,1,1;1,1,1 1 3
21 
#8 
6	% 
  0  1 -1 1  0  0
 -1  0 -1 0 -1 -1
  1  1  0 0  1  2
 -1 -1  1 0  0 -2
  1 -1  1 0  1  0
 -1  1  0 0  0  1
6	% 
  0  0 -1  0  0  1
 -1  0  0  0 -1 -1
  1  0 -1  1  1  0
 -1  0  1 -1  0  0
  1  1  0  0  1  2
 -1 -1  0  0  0 -1
6	% 
  1  0  0 0 -1 -2
  1  0  1 0  1  1
  0  0  0 0 -1 -1
 -1 -1  0 0  1  0
 -1  0  0 0  0  0
  1  0 -1 1 -1 -1
6	% 
 -1  0 0  0 -1 -3
  0  1 0 -1  0  1
 -1 -1 0  0  0 -1
  1  0 0  0  0  1
  0 -1 1  0  1  0
  0  0 0  0 -1 -1
6	% 
  0  0  0 -1  0  2
 -1  0  0  0 -1 -1
  1  0  1 -1  1  1
 -1  0 -1  1  0 -1
  1  1  0  0  1  2
 -1 -1  0  0  0 -1
6	% 
 -2  0 -1  0  0 -1
  0 -1  1 -1  1 -2
 -1  0 -1  1 -1  0
  1  0  0  0  1  0
  1  1  0  0 -1  2
 -1  0  0  0  1 -1
6	% 
 -1  0  1  0  0  0
  0  1  0 -1  0  1
  0 -1  1  0  0  0
  1  0 -1  1 -1 -1
  0 -1  0  0  0 -1
 -1  0  0  1 -1 -1
6	% 
 -1 -1 -1  1  0 -1
  0 -1  1 -2  1  1
  0  0  0  2 -1 -2
  1  1  0 -2  1  2
  0  0  0  2 -1 -1
 -1  0 -1 -1  1  1
1,1,1;1,1,1 1 2
1 
#1 
6	% 
  0  0 0  0 -1 -1
  1  0 0  0  0  1
  0 -1 0 -1  0  0
  0 -1 1  1  0 -1
 -1  1 0  0  0  0
  1  1 0  0  0  1
2-1',2-1';1;1 1 5
2 
#1 
6	% 
  1 -2  0  2  1 -1
  0  1  1 -1 -1  1
  0  1  1 -2 -1  1
 -1  2 -1 -2 -1  1
  0  1  1 -1 -1  0
 -1  0 -1 -1  0  0
2-1;1,1;1,1 1 8
2 
#1 
6	% 
 0 -1  0  1 0 -1
 0  1 -1 -1 0  1
 0  0  0  0 1  1
 0  0  0 -1 0  1
 1  0  0  0 0  1
 0  0  0 -1 0  0
2-1;1,1;1,1 1 10
2 
#1 
6	% 
 0  0  0  0 1  1
 0  1 -2  6 0 -1
 0 -2  1 -5 0  3
 1  0  0  0 0  0
 0 -1  1 -4 0  1
 0  1 -1  4 0 -2
1,1,1;1,1,1 1 4
4 
#1 
6	% 
  0 0 0  1  0  0
  1 0 1 -2  0  1
 -1 0 0 -1  0  0
  0 0 0 -1  0  1
  0 0 0  1 -1 -1
  0 1 0  1  1  0
1,1,1,1;1;1 1 4
4 
#3 
6	% 
  0 1  2  1 0  2
  0 0  1  0 0  1
  0 0 -3 -1 0 -2
  0 0  2  0 0  1
 -1 0 -1  0 0 -1
  0 0 -1  0 1  0
6	% 
  3  0  0  0 -1 -1
  1  0  0  0  0  0
 -6 -1  1 -1  1 -1
  4  1 -1  1  0  1
 -2  0  0 -1  0  0
 -2 -1  0  0  0 -1
6	% 
 1  0 0  0 -1 0
 1  0 0  0  0 0
 0  2 0 -2  3 1
 0 -1 0  1 -2 0
 0  0 1 -1  1 0
 0  0 0 -1  1 0
1,1,1;1,1;1 1 9
4 
#2 
6	% 
  0  2  0 0  0  1
  0  1  1 1  0  0
  0 -2 -1 0  0 -1
  0  1  0 0  0  1
  0  0  0 0 -1  0
 -1  0  0 0 -1 -1
6	% 
  2  0  0  0  0  1
  1  0  0  0  1  1
 -2  0  0  0 -1 -2
  1  1 -1  2  0  0
  0 -1  0 -1  0  0
  0 -1 -1  1  0 -1
1,1,1;1,1;1 1 12
24 
#6 
6	% 
 1  2 -2 -2 -1  3
 0  0  0  0  0 -1
 0 -1  1  1  0  0
 0  1  0  0  0  0
 0 -3  1  0  0 -1
 0  1 -1 -1 -1  1
6	% 
  1  0  0   6 -1 -3
  0 -1  1   7  0 -4
 -2  1 -1 -21  2 11
  0 -1  0   4  0 -2
 -1  1  0 -11  1  6
  1  0  0   3  0 -1
6	% 
  0  2 0  0  0  1
  1 -2 0  0 -1 -1
 -1 -1 1 -1  1  0
  1 -1 0  0  0  0
 -1 -1 1  0  0 -1
  0  1 0  0  0  0
6	% 
 0 -1 -1  1 0 -4
 0 -1 -1  1 0 -5
 1  3  3 -3 1 13
 0 -1  0  1 0 -3
 1  2  1 -2 0  7
 0  0 -1  1 0 -2
6	% 
  2   5 -5   7 -2 -1
  1   4 -4   6 -1 -1
 -3 -10 10 -14  3  2
  1   2 -2   3  0 -1
 -2  -5  5  -7  1  2
  1   3 -2   3 -1  0
6	% 
  0 -1  1  1  0 -3
 -1 -1  1  1  1 -5
  1  4 -4 -4 -1 13
  0  0  0  1  1 -2
  1  2 -2 -2  0  7
  0  0  1  0  0 -1
1,1,1;1,1;1 1 10
58 
#18 
6	% 
  0  3 -1  1  0  3
  0  3 -1  1  0  2
  0 -8  3 -3  0 -6
  0  1  0  1  0  1
  0  2 -1  0 -1  1
 -1  0  0  0 -1 -1
6	% 
  0  1  1 -1  0  1
  1  1  1 -1 -1  1
 -1 -2 -3  2  1 -2
  0  0  1 -1  0  0
  0  1  0  0 -1  1
 -1  0  0  0 -1 -1
6	% 
  0 -2  1 0  0  2
  0 -2  1 0  0  1
  0  5 -3 1  0 -4
  0 -1  0 0  0  1
  0 -1  2 0 -1  0
 -1  0  0 0 -1 -1
6	% 
  0 -1 -1  1  0 -2
  0  0  0  0  0 -1
  0  1  0 -1  0  4
  0 -1  0  0  0 -1
  0  1 -1  1 -1 -1
 -1  0  0  0 -1 -1
6	% 
  0 -1 0 -1  0  0
  1 -1 0 -1 -1  0
 -1  3 1  3  1  0
  0 -1 0  0  0  0
  0  0 0 -1 -1  0
 -1  0 0  0 -1 -1
6	% 
  0  0  0  0 0  1
  2  1 -1  1 0  1
 -3 -2  2 -2 0 -4
  0  0  0  0 1  1
  1  1  0  0 0  1
  0  0  1  0 0  0
6	% 
 0  0 0  0  0 -1
 0 -1 0  1 -2 -2
 0  2 0 -2  3  5
 1  0 0  0  0  0
 0  0 0  1 -1 -1
 0  0 1  0  0  0
6	% 
 -2  0  0  0 0 -1
  0  1 -1  1 0  0
  3 -1  1 -1 1  2
 -1  0  0  0 0  0
  0  0 -1  1 0 -1
  0  0 -1  0 0  0
6	% 
 -1  0  0  0 -1  0
 -1 -1  1 -1 -1 -1
  3  1 -1  1  3  0
  0  0  0  0 -1  0
 -1  0  1 -1  0  0
  0  0  1  0  0  0
6	% 
  1 0  0  0 -1  0
  2 0  1 -2 -2  1
 -4 1 -2  3  4 -1
  1 0  0  0  0  0
  1 0  1 -1 -1  1
  0 0  1  0  0  0
6	% 
 -1  0 0  0 -1 0
  0  1 0 -1  0 0
  1 -1 0  1  1 1
  0  0 0  0 -1 0
 -1  1 0  0  1 0
  0  0 1  0  0 0
6	% 
  0  0 0  0  2  1
 -2 -1 0  1  2 -1
  3  1 0 -1 -5  0
  0  0 0  0  1  1
 -1  0 0  1  1  0
  0  0 1  0  0  0
6	% 
 -1 0  1 -2 1  1
  0 0  1 -2 0  1
  0 1 -3  5 0 -2
  0 0  2 -1 1  1
  0 0  0 -1 0  0
  0 0  0  0 0 -1
6	% 
  1  1 -1 -1 -1  1
  1  0  0  0 -1  0
 -3 -1  0  1  3 -1
  0  1 -1  0 -1  0
  1  0  0  0  0  0
  0  0  0  0  0 -1
6	% 
 0  0  2  0  0  1
 0  0  3  0  0  2
 1  0 -6  0  0 -3
 0  0  1  0 -1  0
 0  0  2 -1  1  2
 0 -1  1 -1  0  0
6	% 
 0  0  2  0  2  1
 0  0  3  0  2  1
 1  0 -6  0 -5 -2
 0  1  1 -1  1  2
 0 -1  2  0  1  0
 0 -1  1 -1  0  0
6	% 
  1  0  2  0  1  0
  1  0  1  0  1  1
 -3  0 -4  0 -3 -3
  0 -1  1  1  1 -1
  1  0  1 -1  0  1
  0 -1  1 -1  0  0
6	% 
 -1  0  2  0  1  0
 -2 -1  1  1  2 -1
  4  1 -4 -1 -4  1
  0  0  1  0  1  0
 -1 -1  1  0  1  0
  0 -1  1 -1  0  0
1,1,1;1,1;1 1 7
30 
#12 
6	% 
 -1 0  0 0 1 -3
  0 0  1 0 0 -1
  0 0 -2 0 0  1
  0 1  0 0 0  0
  0 1 -1 1 0  0
 -1 0  0 0 0 -2
6	% 
 -1  0  0  0 1  1
  0  1 -1  1 0  3
  0 -2  2 -2 0 -5
  0  1  0  0 0  2
  0  0 -1  0 0  0
 -1  0  0  0 0  0
6	% 
 0 -2  1 0 -2 -2
 0  0  0 0 -2 -1
 0  1 -1 1  4  2
 1  0  0 0 -1  0
 1  0  0 0  0  0
 0 -1  1 0 -1 -1
6	% 
  0  2 -1 0 0  0
  0  0  0 0 0  1
  0 -1  0 1 0 -3
 -1  0  0 0 0  0
 -1  0  0 0 1  0
  0  1 -1 0 0  0
6	% 
 -2  0  0  0 0 -1
 -2 -1  1 -1 0 -1
  5  2 -2  2 1  3
 -1 -1  1  0 0 -1
  0 -1  0  1 0 -1
 -1  0  0  0 0 -1
6	% 
 0 0  2 0  2  1
 0 0  1 0  2  1
 1 0 -1 0 -3 -1
 0 1  0 0  1  1
 0 1 -1 1  0  0
 0 0  1 0  1  0
6	% 
 0 -1 -1 1 -2 -2
 0  0 -2 0 -2 -1
 0  0  3 0  4  2
 1  0 -1 0 -1  0
 1  0  0 0  0  0
 0 -1  0 0 -1 -1
6	% 
 0  1  1 -1 0  2
 0  2  2 -2 0  3
 0 -3 -4  3 0 -4
 1  1  1 -1 0  2
 1  0  0  0 1  1
 0  1  0  0 0  1
6	% 
 0 -1 1 -1 0 -1
 0  0 0  2 0 -3
 0  0 0 -3 0  5
 1  0 0  1 0 -1
 1  0 0  0 1  1
 0 -1 0  0 0 -1
6	% 
  0  0  0  0 0 -1
  0  1 -1  1 0  1
  0 -1  1 -1 1  0
  0  1  0  0 0  1
  0  0 -1  0 0  0
 -1  0  0  0 0 -1
6	% 
 0  0 0  0 0  1
 0 -1 0  1 0 -2
 0  2 0 -2 1  3
 0 -1 0  0 0 -1
 0  0 1  0 0  0
 1  0 0  0 0  1
6	% 
 0 -1  1  3 -2 -3
 0 -2  2  2 -2 -3
 0  4 -4 -5  5  7
 1 -1  1  1 -1 -1
 1  0  0  0  0  0
 0  0  1  1 -1 -1
1,1,1,1;1;1 1 5
29 
#11 
6	% 
  1  1 -1  2 -1 -3
  1  1 -1  3 -1 -3
  1  0 -1  3 -1 -4
 -1 -1  1 -4  2  6
  2  1 -1  4 -1 -5
 -1 -1  0 -2  1  3
6	% 
  0  0  1 0  0  1
  1  1  1 1 -1  2
 -1  0  0 0  0  1
  0 -1 -1 0  0 -3
  0  0  1 1  0  2
  0  0  0 0 -1 -2
6	% 
 0  0 -1  0 0  0
 0  0 -2  0 0 -1
 0  0 -1 -1 0  0
 1  0  3  0 0  1
 0  0 -3  0 1  0
 0 -1  2  0 0  0
6	% 
  1  1  0 -1 -1  1
  1  2 -1 -2 -1  2
  1  1 -1 -2 -1  1
 -1 -2  1  3  2 -2
  2  2 -1 -3 -1  3
 -1 -1  1  2  1 -2
6	% 
  0  1 -1  1 -1 -1
  0  1 -1  1  0 -1
  0  0 -1  1 -1 -1
 -1 -1  1 -1  0  1
 -1  1 -1  1  0 -2
  0  0  0 -1  1  1
6	% 
 -1  1 -1  1 -1 -1
 -2  1 -1  1  0 -1
 -1  1  0  0  0  0
  2 -1  1 -1  1  2
 -2  1 -1  1 -1 -1
  1 -1  1  0  0  0
6	% 
 1  0  0  1  0  0
 0 -1  1  2 -1 -2
 0 -1  0  2 -1 -2
 0  1 -1 -3  1  3
 0 -1  1  3 -1 -2
 0  0 -1 -1  1  1
6	% 
  1  0  0 0 -1  0
 -1 -1  0 1 -3 -3
  0  0  1 0 -1 -1
  0  1 -1 0  3  2
  0  0  0 1 -3 -2
  0  0 -1 0  1  0
6	% 
 0  0 -1  0  0  1
 0 -1 -2  1 -1  1
 0  0 -2  1  0  1
 1  1  2 -1  1 -1
 1 -1 -2  1 -1  2
 0  1  1  0  0 -1
6	% 
 -1  0  0 0  0  1
 -1  0  0 0 -1  1
 -1 -1  0 1 -1 -1
  2  1 -1 0  1  0
 -2  0  0 1 -1  0
  1  0 -1 0  1  0
6	% 
  0  1 -1  1 1  0
  0  1 -1  0 0  2
 -1  1 -1  1 0  0
  0 -1  2 -2 0  0
  0  2 -1  1 0  1
 -1 -1  1 -1 0 -1
1,1,1;1,1;1 1 5
3 
#2 
6	% 
  2 0  0  0 0 1
  1 0  0  0 0 0
 -2 0  0  0 1 0
  1 1 -1  0 0 1
  0 1  0 -1 0 1
  0 0 -1  0 0 0
6	% 
  2 0  0 0 0 1
  1 0  0 0 0 0
 -2 0  0 0 1 0
  1 1  0 0 0 1
  0 0 -1 0 0 0
  0 1 -1 1 0 0
1,1,1,1;1;1 1 6
4 
#3 
6	% 
  0  1 0  1  0 0
  0  2 1  1  1 1
  0  1 0  0 -1 0
  0 -2 0 -1  0 0
 -1  2 0  1  0 0
  1  0 0  0  0 1
6	% 
 0  1  1  0  0  1
 0  0  1  1  0  1
 0  1  1  1  0  1
 1 -1 -1 -1  0 -1
 0  1  1  1 -1  1
 1  0  0  0  1  1
6	% 
  0  0  0 0  0  1
  1  0  0 0  0  0
  0  0  0 0  1  0
 -1 -1  1 0 -1 -1
  1  0 -1 1  1  0
  0  0  1 0  0  0
1,1,1;1,1;1 1 11
58 
#18 
6	% 
 0 -2  0  0  0 -1
 0 -3 -1  1 -2 -3
 0  7  2 -2  3  6
 1 -1  0  0  0  0
 0 -1 -1  0 -1 -1
 0 -1  0  0  0 -1
6	% 
  2  0  0  0 0 1
  2 -1  1  1 0 0
 -5  2 -2 -2 1 0
  1  1  0  0 0 1
  1  0  0  1 0 0
  1  0  0  0 0 0
6	% 
 0 -2  0  2 -2 -3
 0 -2  1  0 -2 -2
 0  5 -2 -1  4  5
 1 -1 -1  1 -1 -1
 0 -1  0  0 -1 -1
 0 -1  0  1 -1 -1
6	% 
 0  0  2  0  2 1
 0 -1  3  1  2 0
 0  2 -7 -2 -4 0
 1  0  1  0  1 1
 0  0  1  1  1 0
 0  0  1  0  1 1
6	% 
 0 -1  1  1 0 -4
 0 -1  1  1 0 -5
 1  3 -3 -3 0 13
 0  0  1  0 1 -1
 0  0  1  0 0 -2
 0  0  0  1 0 -2
6	% 
 -2 1 -1 -1 0  0
 -2 0  0  0 0 -1
  5 0  0  0 1  3
 -1 1  0 -1 0  3
 -1 0  0  0 0 -1
 -1 1 -1  0 0  0
6	% 
 0  2  2 -2  2  3
 0  1  3 -1  2  2
 0 -3 -6  3 -4 -5
 0  1  1 -1  1  2
 0  1  1  0  1  1
 1  1  1 -1  1  2
6	% 
 0  0  2  0  0 -1
 0 -1  1  1  0 -3
 0  1 -4 -1  0  5
 0  0  1  0 -1 -1
 0  0  0  1  1 -1
 1  0  1  0  0  0
6	% 
 0  0  0  0  2 -1
 0 -1 -1  1  0 -1
 0  2  2 -2 -1  3
 0  0  0  1  1 -1
 0  0 -1 -2  0  1
 1  0  0  0  1  0
6	% 
 0  0  0  2  0 -1
 0 -1  1 -1 -2 -1
 0  2 -2 -1  3  3
 0  0  0  1  0  0
 0  0  1 -1 -1  0
 1  0  0  1  0  0
6	% 
 0  0  0  2  0 -3
 0 -1  1  1  0 -4
 0  1 -1 -4  0  9
 0  0  0  1 -1 -2
 0  0  1  0  1 -1
 1  0  0  1  0 -1
6	% 
 0  0 -2  0 -2 -1
 0 -1 -2 -1 -2 -1
 0  1  5  1  4  2
 0  0 -1  0 -1  0
 0  0 -1 -1 -1  0
 1  0 -1  0 -1  0
6	% 
 0  0  0  0 0 -1
 0  1  2  1 0 -1
 0 -1 -3 -1 0  4
 0  1  0 -1 1  1
 0  0  1  1 0 -1
 1  0  0  0 0  0
6	% 
 0 -1  1  1 0 -5
 0 -1  1  1 0 -4
 1  3 -3 -3 0 13
 0  0  0  1 1 -2
 0  0  0  1 0 -2
 0  0  1  0 0 -2
6	% 
  0  1 -1  1 0  1
  0  1 -1  1 0  2
  0 -2  2 -2 1 -4
  0  0  0  1 0  0
 -1  0  0  1 0  0
  0  1  0  0 0  1
6	% 
 0 -1  1  1  0 -1
 0 -3  3  3 -2 -4
 1  6 -6 -6  3  8
 0  0  0  1  0  0
 0 -2  2  1 -1 -3
 0  0  1  0  0  0
6	% 
  2  1 -1  1  2 -1
  1  0  0  0  1 -2
 -3 -1  1 -1 -3  4
  1  0  0  1  1 -1
  1  1 -1 -1  0  0
  1  1  0  0  1  0
6	% 
 0  1 -1  1  2  1
 0  3 -3  3  4  2
 1 -6  6 -6 -9 -4
 0  0  0  1  1 -1
 0  2 -2  1  2  3
 0  1  0  0  1  1
1,1,1;1,1;1 1 6
3 
#2 
6	% 
  0 -2 0 0 0 -1
  0 -2 1 0 0 -1
  0  3 0 1 0  1
 -1 -1 0 0 0 -1
 -1  0 0 0 1  0
  0 -1 0 0 0  0
6	% 
 0 -2 0 0 0 -1
 0 -2 1 0 0 -1
 0  3 0 1 0  1
 0 -1 0 0 0  0
 0  0 0 0 1  1
 1 -1 0 0 0  0
1,1,1;1;1;1 1 16
20 
#9 
6	% 
 0 0  1 0 0 0
 0 1  3 0 0 0
 0 0 -4 1 0 0
 1 0  2 0 0 0
 0 0  2 0 1 0
 1 0  0 0 1 1
6	% 
 0 0 0 -1 0  2
 0 1 0 -3 0  6
 0 0 1  2 0 -5
 1 0 0 -2 0  4
 0 0 0 -2 1  4
 1 0 0  0 1  1
6	% 
 0  1  1  1 0  2
 0  1  2  2 0  1
 0 -2 -2 -1 0 -2
 1  1  1  1 0  2
 0  1  1  1 1  2
 1  0  0  0 1  1
6	% 
 0  0  0  0  1 -1
 1 -1  1 -1  1 -2
 1  1 -1  1 -1  3
 0 -1  1  0  1 -2
 0  0  1 -1  1 -1
 0  0  1  0  0  0
6	% 
  0 0 0 0 0  1
 -1 0 0 0 0  3
  0 0 0 0 1 -3
  0 1 0 0 0  2
  0 0 0 1 0  1
  0 0 1 0 0  0
6	% 
  1 -1  1 -1 -1  0
  2 -2  2 -2 -3 -1
 -2  2 -2  2  3  0
  1 -1  2 -2 -2  0
  1 -2  2 -1 -2 -1
  0  0  1  0  0  0
6	% 
 0 1  0 -1  0  1
 0 0  2 -3 -1  1
 0 0 -1  3  1 -1
 0 0  1 -2 -1  1
 1 0  1 -2 -1  1
 1 0  0  0  0  1
6	% 
 0  0 -1  0  0  0
 0 -2 -2  1 -1 -2
 0  1  3 -2  1  2
 0 -1 -2  1 -1 -1
 1 -1 -2  1 -1 -1
 1  0  0  0  0  1
6	% 
 0  0  0 1 -1 -1
 0 -1  0 1 -2 -2
 0  0 -1 0  2  1
 0  0  0 0 -1 -1
 1  0  0 0 -1  0
 1  0  0 0  0  0
1,1;1,1;1;1 1 26
12 
#6 
6	% 
  0 -1 -2  1 0 -1
  0 -1  2 -2 0 -2
  0 -2  1 -1 0 -3
  0  1 -1  1 1  2
 -1 -1  1 -1 0 -2
  1  0  0  0 1  1
6	% 
  0  0 1  0  0  0
  0 -1 0  2  0 -4
  0 -2 0  1  0 -4
 -1  1 0 -1  0  2
  0 -1 0  1  1 -2
 -1  0 0  0 -1 -1
6	% 
  1  0  0  0  0  0
 -1  0  0  0 -1 -1
  1  0  0  0 -1  0
  0  1 -1  0  1  1
  0 -1  0  0 -1 -1
  0  1  0 -1  0  1
6	% 
 -1  0 0  0 1  0
  1 -1 1 -1 0 -2
 -1 -1 1 -1 0 -3
  0  1 0  0 0  2
  0  0 0 -1 0 -1
  0  0 1  0 0  0
6	% 
 0 -1  0 1  0 -1
 0  1  2 0  1  1
 0 -1  3 0  1  0
 1  0 -2 0 -1  0
 0  0  2 0  1  0
 1  0  0 0  0  1
6	% 
 0  0 -1  0  0  0
 0 -1  3 -2 -1  0
 0 -2  0 -1 -1 -1
 1  1 -1  1  1  1
 0 -1  1 -1 -1 -1
 1  0  0  0  0  1
1,1;1,1;1,1 1 4
9 
#4 
6	% 
 -1 0  0  0 1  0
  0 1  2 -1 0  1
  0 0 -2  1 0  1
  1 0  0  0 0  0
 -1 0  0  0 0 -1
  0 1  1  0 0  2
6	% 
 -1 0  0  0 1 0
  0 1  1  1 0 0
  0 0 -1 -1 0 1
  1 0  0  0 0 1
 -1 0  0  0 0 0
  0 1  1  0 0 1
6	% 
  0 -1 -2  1  0 -1
 -1  0  0  0  0 -1
  1  0  0  0  1  1
  0  0  1 -1 -1  0
  0 -1  0  0 -1 -1
 -1  0  0  0  1  0
6	% 
  0  1 1  1  0  0
 -1  0 0  0  0 -1
  1 -1 0  1 -1 -1
  0  0 0 -1  1  1
  0  1 0  0  1  1
 -1 -1 0  1 -1 -2
1,1;1,1;1;1 1 38
6 
#2 
6	% 
 0  1 -2  9 0 -4
 0  2 -1  8 0 -3
 0 -1  1 -6 0  2
 1 -1  1 -6 0  3
 1  1 -1  6 0 -2
 1  0  0  0 1  1
6	% 
 0 0 1 -2  2  2
 0 1 0  1  2  1
 0 0 0  1 -1 -1
 1 0 0  0 -1  0
 1 0 0  0  1  1
 1 0 0  0  0  0
1,1,1;1;1;1 1 18
1 
#1 
6	% 
 0  0  1 0  0  0
 0 -1  1 1  0 -1
 0  2 -2 0  0  1
 1 -1  1 0  0  0
 0 -1  1 0  0 -1
 0 -1  1 0 -1 -1
1,1;1,1;1,1 1 9
6 
#2 
6	% 
 -1  0 0  0 1  0
  0 -1 0 -3 0  1
  0  0 1 -4 0  2
  0  0 0 -1 0  1
  1  0 0  0 0  1
 -1  0 0  1 0 -1
6	% 
  1 0  0  0  0  0
  0 0 -1  3 -1 -2
  0 1  0  2  1  0
  0 1  1  0  1  1
 -1 1  1 -1  1  1
  1 0  0 -1  0  1
1,1,1;1;1;1 1 8
20 
#9 
6	% 
  0  1  0 -1  0  2
  0 -2 -1  1  0 -2
 -1  1  1 -1  0  1
 -1  0  0  0 -1 -1
  0  1  2 -2  0  2
 -1 -1 -1  1  0 -2
6	% 
 0  0  0  1 0 -1
 0  0 -1  0 0  1
 1  0  0  1 0 -1
 1  0  0  0 1  1
 0 -1  0  1 0 -2
 1  0  0 -1 0  2
6	% 
 0  1  1  1 0  2
 0 -2 -2 -1 0 -2
 1  1  1  1 0  2
 1  0  0  0 1  1
 0  1  2  2 0  1
 1 -1 -1 -1 0 -1
6	% 
 1  1 -1  1 -1  3
 0 -1  1 -1  1 -3
 0  1 -1  0  0  2
 0  1  0 -1  0  1
 1  1 -1  1  0  4
 0  0  0 -1  0 -1
6	% 
 0  0  0  0 0  1
 0 -1  0  1 1 -1
 0  1 -1  0 0  1
 0  0 -1  0 0  0
 1  1  0 -1 0  2
 0  0 -1  1 0 -1
6	% 
 0  1 -1  1 1  3
 1 -1  1 -1 0 -3
 0  1 -1  0 0  2
 0  1  0 -1 0  1
 1  1 -1  1 0  4
 0  0  0 -1 0 -1
6	% 
  1  1 -1  1  1  1
 -1 -1  1 -1 -2 -1
  0  1 -1  0  1  1
  0  1  0 -1  0  1
  1  1 -1  1  2  2
  0  0  0 -1 -1  0
6	% 
  1  1  0 -1  1  2
 -1 -1  0  1 -2 -2
  0  1 -1  0  1  1
  0  0 -1  0  0  0
  1  1  0 -1  2  3
  0  0 -1  1 -1 -1
6	% 
  0  0 0  0 1 -1
 -1  1 0 -1 0  2
  0 -1 1  0 0 -1
  0  0 1  0 0  0
 -1 -1 0  1 0 -3
  0  0 1 -1 0  1
1,1;1,1;1;1 1 20
12 
#6 
6	% 
 0  0 -1  0  0  0
 0  0  2 -1  0 -2
 0  0  0  0  0  1
 1  0  0  0  0  0
 0 -1 -1  0  0 -3
 0  0  0  0 -1 -1
6	% 
  0  0 1 0 0  0
  0  0 0 1 0  0
  0  0 0 0 0 -1
 -1  0 0 0 0  0
  0 -1 0 0 0  0
  0  0 0 0 1  1
6	% 
 1  0  0  0  0  0
 0 -2  2 -2 -3 -1
 0  1 -1  1  2  1
 0  0  0 -1 -1  0
 0 -2  2 -2 -3 -2
 0 -1  0  0 -1 -1
6	% 
 1  0  0  0  1  1
 0  1 -1  1 -1  0
 0 -1  1 -1  0 -1
 0  1 -1  0  0  1
 0  1 -1  1  1  1
 0  0 -1  1  0  0
6	% 
 1  0  0  0  0  0
 0 -2  0  2 -3 -3
 0  1  0 -1  2  2
 0  0 -1  1 -1 -1
 0 -2  0  2 -3 -4
 0 -1  0  0 -1 -1
6	% 
 1  0 0  0  1  1
 0  2 0 -2 -1  3
 0 -1 0  1  0 -2
 0  0 1 -1  0  1
 0  2 0 -2  1  4
 0  0 0 -1  0  1
1,1;1,1;1;1 1 35
2 
#1 
6	% 
 0  1  2 -2  0  1
 0  0  0 -1 -1  0
 0 -2 -1  1  0 -1
 1  0  0 -1  0  1
 0  1  1  0  0  0
 0 -1 -1  2  0 -1
1,1,1;1;1;1 1 13
1 
#1 
6	% 
  0  0  1 0 0  0
  0 -1  1 1 0 -1
 -1 -1  1 0 0 -1
  0  0  0 0 1  1
  0 -1  1 0 0  0
  0  1 -1 0 0  1
2-1;2-1;1,1 1 8
1 
#1 
6	% 
  1  0 0  0 1  1
 -1  0 0  0 0 -1
  0  0 1 -1 0 -1
  0  0 1  0 0  0
 -1  0 0  0 0  0
  0 -1 1  0 0 -2
2-1,2-1;1,1 2 4
4 
#1 
6	% 
 -1 0 0 0 1 0
  1 0 0 0 0 1
  0 0 0 1 0 1
  0 0 1 0 0 0
  1 0 0 0 0 0
  0 1 0 0 0 2
2-1,2-1;1;1 2 9
4 
#1 
6	% 
  0 -4  0  4  3 -2
 -1  2 -2 -1 -1  1
 -2  0 -3  0  0 -1
 -1 -1 -2  2  1 -2
  3  0  4  0  0  2
  0  0  0  0  0 -1
2-1,2-1;1,1 1 3
4 
#1 
6	% 
  1  1 0 -1 1  2
 -1  0 0  1 0  0
  0  1 0  0 0  1
  0  0 1  0 0  0
 -1 -1 1  0 0 -2
  0  0 0  1 0  0
2-1,2-1;1;1 1 5
4 
#1 
6	% 
  1  1  0 -1  1  2
 -1 -1  1  0  0 -1
  0 -1 -1  1 -1 -1
  1  0 -2  0 -1  0
 -1  0  0  1  0 -1
  1  1 -1 -1  0  2
2-1;1,1;1;1 1 17
3 
#2 
6	% 
 0 -1 0 1 0 -1
 0  1 0 0 0  0
 0  0 0 0 1  0
 0 -1 1 0 0  0
 1  0 0 0 0  0
 0  0 0 0 0  1
6	% 
 0 0 -1 0 0  0
 0 0 -1 1 0 -1
 0 0  0 0 1  0
 0 1  0 0 0  1
 1 0  0 0 0  0
 0 0  0 0 0  1
2-1;1,1;1;1 1 12
4 
#3 
6	% 
 -1  0 0  0 1  0
  1  1 0 -1 0  2
  0  0 1 -1 0  1
  0  0 1  0 0  0
  1 -1 0  1 0 -1
  0 -1 1  0 0 -1
6	% 
 -1  0  0  0 1  0
  1  1 -1  1 0  5
  0  0  0  1 0  2
  0  0  1  0 0  0
  1 -1  1 -1 0 -4
  0 -1  1  0 0 -3
6	% 
 0  1 0 -1  0  1
 0 -1 1  0  0 -1
 1  0 0  0  0  1
 1  0 0  0 -1  0
 0  0 0  1  0  0
 1  0 0  0  0  0
2-1;1,1;1;1 1 28
2 
#1 
6	% 
 1  0  0  0 0  0
 0  1 -2  3 0 -1
 0 -2  1 -2 0  0
 0  0  0  0 1  1
 0 -1  1 -2 0  1
 0  1 -1  2 0  0
2-1;1,1;1;1 1 30
2 
#1 
6	% 
 1  0 -1  1 0 -2
 0  0  1 -1 1  3
 0 -1  0  0 0 -2
 0  0 -1  0 0 -2
 0  1  2 -2 0  7
 0  1  0 -1 0  3
2-1;1,1;1;1 1 19
2 
#1 
6	% 
  0 0  1  0 0  0
  0 1 -1 -1 0  1
  1 0  0  0 0  2
 -1 0  0 -1 1 -2
  0 0  0  0 1 -1
 -1 1 -1  0 1 -2
2-1;1,1;1;1 1 22
2 
#1 
6	% 
 0  1 0 -1  0  1
 0  0 0  1 -1 -1
 0  0 0 -1  0  1
 1  0 0  1  0  0
 0  0 0  1  0  0
 0 -1 1  1  0 -1
1,1;1,1;1;1 1 10
6 
#2 
6	% 
 0  3 -2 1 0  1
 0 -1  1 0 0 -1
 0 -2  1 0 0 -1
 0  0  0 0 1  0
 1  0  0 0 0  1
 0 -1  1 0 0  0
6	% 
  0 -2 -3  2  0 -2
  0  1  0  0  0  1
  0  1  1 -1  0  1
  0  0  0  0 -1  0
 -1  0  0  0  0 -1
  0  1  0  0  0  0
1,1;1,1;1,1 1 7
6 
#2 
6	% 
  0  0 1  0 0  0
  0  0 0  0 1  0
  0  0 0 -1 0  0
  0  0 0  0 0 -1
  0 -1 0  0 0 -1
 -1  0 0  0 0 -1
6	% 
 -1 0 -1  0 -1 -1
  0 0  0  0  1  0
  0 0  1 -1  1  2
  0 0  0  0  0 -1
  1 1  0  0  0  2
 -1 0  0  0  0 -1
1,1;1,1;1,1 1 6
6 
#2 
6	% 
  0 1 -2  3  0 -1
  1 0  1 -1  0  3
  0 0  1 -2  0  1
 -1 0 -1  0  0 -2
  0 0  1  0  1 -1
  0 0  0 -1 -1  2
6	% 
  0 -2 -3  2  0 -2
  1  1  0  0 -1  0
  0  1  1 -1  0  1
  0  0  0  0  1  1
 -1  0  0  0  0 -1
  1  1  0  0 -1  1
1,1;1,1;1;1 1 14
18 
#5 
6	% 
  0  0  0  0 0 -1
  0  0 -1  1 0  0
 -1 -2  2 -2 0  0
  0  1 -1  1 0  0
  0 -2  2 -2 1  1
  0  1 -1  0 0  0
6	% 
 0  1 0 -1 0  1
 0 -1 0  1 1  0
 0 -1 1  0 0 -3
 0  0 0  0 0  1
 0 -1 0  0 0 -3
 1  1 0 -1 0  2
6	% 
  0 0  0 0 0 -1
  0 0 -1 1 0  0
 -1 0  0 0 0  0
  0 0 -1 0 0  0
  0 0  0 0 1  1
  0 1 -1 0 0  0
6	% 
  1  0  0  0 -1  0
  0 -1  0  0  1  0
 -2  2 -2  2 -1 -1
  1 -1  1 -1  1  1
 -2  2 -2  2 -1 -2
  1  0  0 -1  0  1
6	% 
  1  0  2  0 -1  0
  0  0 -1 -1  1  1
 -2 -2 -1  2 -1 -3
  1  1  0 -1  1  2
 -2 -2 -1  2 -1 -4
  1  0  2 -1  0  1
1,1,1;1;1;1 1 9
6 
#2 
6	% 
 0 -1  0  1 0 -1
 0  0  0  1 1  0
 0  0 -1  1 0 -1
 0  0 -1  1 0  0
 1  0  1 -1 0  1
 0  0 -1  0 0  0
6	% 
 0  0  1  0  0 0
 1  0  1 -1  0 1
 1  1  0  0 -1 0
 1  1  0  0 -1 1
 0 -1  0  0  1 0
 0  1 -1  1  0 0
1,1;1,1;1,1 1 10
8 
#2 
6	% 
  0 -1  0 1  0 -1
  0  0  0 0  1  1
 -1 -1  0 0 -1 -3
  0  0 -1 0  0  0
 -1  1  0 0 -1 -2
  1  0  0 0  0  1
6	% 
 -1 -1  1 2  0 -2
  1 -1  0 0  1  0
  0  0 -1 0  0  0
  0 -2  2 1  1 -1
  0 -1  0 1  0 -1
 -1  0 -1 1 -1 -2
1,1;1,1;1;1 1 28
20 
#5 
6	% 
 0 -3  0 1 0 -2
 0 -1  0 0 1  0
 0 -2 -1 0 0 -1
 1  0  0 0 0  0
 0  1  0 0 0  0
 0  1  0 0 0  1
6	% 
  1 -1 -3  1  0 -2
  0  0 -1  0 -1 -1
 -1 -3 -1  3  0 -5
  1  1 -1  0  0  1
  0  1  0  0  0  1
  0  0  1 -1  0  1
6	% 
  1  2 -2  0  0  4
  0  1 -1  0 -1  1
 -1  0  0 -2  0  3
  1  1  0  0  0  1
  0  0  1  0  0 -1
  0 -1  0  1  0 -2
6	% 
 0  1 -1 -1 1  2
 0  0  0 -1 0  0
 1  1 -1 -1 0  1
 0  0  1 -1 0  1
 0  0  1  0 0  0
 0 -1  0  1 0 -1
6	% 
 0  1 -1 -1 1  2
 0  0  0 -1 0  0
 1  1 -1 -1 0  1
 0  0  1 -1 0  1
 0  0  1  0 0  0
 0 -1  0  1 0 -1
1,1;1,1;1;1 1 13
6 
#2 
6	% 
 0 1 -2  3 0 -1
 0 0  0  1 0 -1
 0 0 -2  1 1  0
 0 0  0  1 0  0
 1 0  2 -1 0  1
 0 0  1 -2 0  1
6	% 
  0 -1 -2  1  0 -1
  0 -1  0  0  1  0
  1  0 -1  1 -1 -1
 -1 -1  0  0  0 -1
 -1  0  1 -1  1  0
  0  1  1 -1  0  1
1,1,1;1;1;1 1 15
8 
#2 
6	% 
 0 -1  1 -2 1 1
 0  1  0  1 0 0
 0  0  0  1 0 0
 1  1 -1  2 0 0
 0  0  0 -1 0 1
 0  0  1 -2 0 1
6	% 
 -1 -2  2  1  1 -1
  1  1 -2 -1 -1  1
  1  1 -1 -1  0  2
  1  1 -1 -2 -1  1
  0 -1  1  1  1 -1
 -1 -2  1  2  1 -2
1,1,1;1;1;1 1 4
1 
#1 
6	% 
  1  0  0 0 1  1
 -1  0  0 0 0  0
  2  0  0 0 0  1
 -2 -1  0 1 0 -2
 -1  0  0 1 0 -1
 -1  0 -1 1 0 -1
1,1,1;1;1;1 1 12
1 
#1 
6	% 
 -1 0  0  0  0 0
  0 0  0  0 -1 0
  0 1  0  0  1 1
  0 1 -1  0 -1 0
  0 0 -1  0  0 0
  0 1  0 -1  0 1
1,1;1,1;1;1 1 21
6 
#2 
6	% 
  0  0  0  0  1 0
  2  1 -1  1 -2 0
 -2 -1  1 -1  2 1
 -1  0  0 -1  1 1
  1  0  0  0  0 0
 -1 -1  0  0  1 0
6	% 
 -1 -1 0  1  0 -1
  2  3 0 -3 -2  3
 -2 -3 0  3  2 -4
 -1 -2 1  1  1 -2
  0  1 0 -1 -1  1
 -1 -2 0  1  1 -2
1,1;1,1;1;1 1 30
2 
#1 
6	% 
  0  1 -1  1 -1 -1
 -1 -2  1 -1  1  0
  1  1 -1  1  0  1
 -1 -2  1 -1  1 -1
  0  0  1  0  0  0
  0 -1  0  1  0 -1
2-1;1,1;1;1 1 21
3 
#2 
6	% 
 1  0 0  0  1  1
 0  1 0  0  1  1
 0 -1 0  1  0 -1
 0  0 1 -1  0  0
 0  0 0  0  1  0
 0  0 0  0 -1 -1
6	% 
 -1  0 0  0 0 -1
 -1  1 0  0 0  0
  0 -1 0  1 0 -1
  0  0 1 -1 1  1
 -1  0 0  0 1  0
  1  0 0  0 1  1
2-1;1,1;1;1 1 29
4 
#3 
6	% 
 0 -1  0  1  0 -1
 0  0  0 -1 -1  0
 0  1 -1  0  1  1
 1  0  0  0 -1  0
 0  0  0  0  1  1
 1  0  0  0  0  0
6	% 
 0  1 0 -1  0  1
 0  0 0  1  0  1
 0 -1 1  0  0 -2
 1  0 0  0  0  1
 0  0 0  0  1  0
 1  0 0  0 -1  0
6	% 
  1 0  0  0 1  1
 -1 0  0  0 0  0
 -1 0  0  0 0 -1
  0 0  1 -1 0  0
  0 1 -1  0 0  1
  0 0  1  0 0  0
1,1;1,1;1,1 1 11
8 
#3 
6	% 
  0  0 -1  0  0 -1
  1 -1  1  0  1  1
 -1  0  0  1  1  0
 -1  1 -1  1 -1 -1
  0  0  2  0 -1  1
  1 -1 -1 -1  0 -1
6	% 
  0  1 -1  1  0  2
  1 -1  1  0 -2 -2
 -1 -1  0  0 -2 -3
 -1  0 -1  0  1  0
  0 -1  1 -1  1 -2
  1  1  0  1  0  3
6	% 
  1 -1  1  1  1  0
 -1  0 -2  1  0  0
 -1 -1 -1  0  0 -2
  0  0  1 -1  0 -1
 -1  2 -1 -2 -1  1
  1 -1  1  2  1  1
1,1;1,1;1;1 1 29
22 
#6 
6	% 
  0 -1  0  1  0 -1
 -1  1  0  0  0  0
 -1  1 -1  0  0  0
  1  0  0  0  0  0
  1  1  0 -1  1  2
  0 -1  0  1 -1 -1
6	% 
  0  1  0 -1  2  2
 -2 -1 -2  0 -1 -2
 -2  0 -3  1 -1 -2
  1  0  1  0  0  0
  1 -1  1  1 -1 -1
  0  1  0 -1  1  2
6	% 
  0  0 -3 0 -2 -1
  0  0  1 1  1  0
  0 -1  2 0  1  0
  1  0  0 0  0  0
  0  0  1 0  1  0
 -1  0 -1 0 -1 -1
6	% 
  0 0  3 0  2 1
  0 0 -2 1 -1 0
  0 1 -2 0 -1 1
 -1 0  0 0  0 0
  0 0 -1 0 -1 0
  1 0  1 0  1 1
6	% 
  0  1 -1  1  0  0
  0 -1  0  0  0  0
  0 -1  1  0  0  0
  1  0  0  0  0  0
  0 -1  1 -1 -1 -1
 -1  1 -1  1  1  0
6	% 
 0  0  0  0 0  1
 0  1 -1 -1 1  1
 1  1 -1 -1 0  1
 0 -1  0  1 0 -1
 0 -1  1  0 0 -2
 0  1  0  0 0  2
1,1;1,1;1;1 1 12
9 
#4 
6	% 
 1  0  0 0  1 1
 0  1 -1 1  0 0
 0 -1  0 0  1 0
 0  1 -1 0  0 1
 0  0  0 0  1 1
 0  0  0 0 -1 0
6	% 
 1 0  0 0  1 1
 0 0 -1 0  0 0
 0 0 -1 1  1 0
 0 1  0 0  0 1
 0 0  0 0  1 1
 0 0  0 0 -1 0
6	% 
  1  0  0  0 0 0
  0  0 -1  0 0 0
  1  0  2 -1 0 1
  0 -1 -1  0 1 0
  1  0  0  0 1 1
 -1  0  0  0 1 0
6	% 
  1 0 0  0 0 0
  0 1 0 -1 0 1
  1 0 0  1 0 0
  0 0 1 -1 1 1
  1 0 0  0 1 1
 -1 0 0  0 1 0
1,1;1,1;1;1 1 31
2 
#1 
6	% 
  0 -1 -1  2 1 -1
 -1 -1 -1  0 0 -1
  0 -1  1  0 0  0
  0 -1  1 -1 0  0
  0  0  1  0 0  0
  0  0  1 -1 0  1
1,1,1;1;1;1 1 17
6 
#2 
6	% 
 -1 -1 1  1 -1 -2
  1  1 0 -1  3  3
  0  0 0  0 -1  0
 -1  0 0  1 -2 -2
  0  0 1 -1  1  1
  0  0 0  0 -1 -1
6	% 
 0  0  0  0  1  0
 1  1 -1 -1 -3  6
 0 -1  0  1  1 -3
 0 -1  1  0  2 -3
 1  1 -1  0 -1  3
 0  0  1  0  1 -2
1,1;1,1;1,1 1 12
6 
#2 
6	% 
 -1  0 0  1  0 -1
  0  0 0 -1  0  0
  0 -1 0  0 -1 -1
  0  0 1 -1  0  0
 -1  0 1  0  1  0
  0  1 0 -1  0  1
6	% 
 0 0  0 1  0 -2
 1 1 -1 0  0  3
 0 0 -1 0 -1  1
 0 0 -1 0  0  2
 0 1  0 0  1  1
 1 0 -1 1  0  0
1,1;1,1;1;1 1 37
18 
#5 
6	% 
  0  1  1 -1  1  2
  0  1  0  0  1  1
 -1 -2  0  2 -1 -3
  1  1  0 -1  1  2
  1  1 -1 -1  0  2
  1  1 -1  0  0  1
6	% 
  0 -1  0  1  0 -2
 -1  0  0  0  0  0
  0  1 -1  0  1  2
  0 -1  1 -1 -1  0
  0 -1  0  0 -1 -1
 -1 -1  1 -1 -1 -1
6	% 
  0 -1  1  0  0 -2
 -1  0  0  0  0  0
  0  0 -1  0 -1  1
  0  0  0  0  1  1
  0  0  1 -1  1  1
 -1  0  0  0  1  0
6	% 
  1  0  0  0  0  1
  0  0  1  0  0  0
 -1 -1  1 -1 -1 -1
  0  0  0  1  1  0
  0  1 -1  1  1  1
  0  1  0  0  1  1
6	% 
 0  0  0 -1  0  0
 1 -1  1 -1  0  0
 0  1  0  0  0  1
 0 -2  0  0 -1 -2
 0  0 -1  0  0  0
 1 -1 -1  1 -1 -1
2-1;1;1;1;1 1 32
1 
#1 
6	% 
  0  1  0  0 0  1
 -1 -1  1 -1 0 -1
  0  1 -1  0 0  1
 -1  0  0  0 0 -1
  1  0  0  0 1  1
  1  0  0  0 0  0
2-1;1;1;1;1 1 21
1 
#1 
6	% 
 0  1 0  0 0  0
 0 -1 1 -1 0  1
 0  0 0  0 1  0
 1  0 0  0 0  1
 0  0 0  1 0 -1
 0  0 0  0 0  1
1,1;1,1;1;1 1 24
6 
#2 
6	% 
 1  0  0  0  0  1
 0 -2  1 -2  0  0
 0  1 -2  3  0 -1
 0  1 -1  2 -1 -1
 0  1 -1  2  0 -1
 0  0  0  0  1  1
6	% 
 1 0 0  0 -1  0
 0 1 0 -1  0  1
 0 0 1  0  0  0
 0 0 0  1  0  0
 0 0 0  1  1  0
 0 0 0  0 -1 -1
1,1;1,1;1;1 1 25
4 
#1 
6	% 
  0  1 -1  2 0 -1
  0  0  0  0 1  1
  0 -1  2 -3 0  1
  0  1 -1  2 0  0
  0  2 -1  2 0  0
 -1  0  0  0 0 -1
1,1;1,1;1;1 1 27
6 
#2 
6	% 
 1  0  0  0 -1  0
 0  1  0 -1  0  3
 0 -2  2  1  0 -7
 0 -1  1  1 -1 -5
 0  2 -1 -2 -1  7
 0 -1  1  2  0 -7
6	% 
 -1  0 0  0  0 -1
  0  0 0 -1  1  1
  0  0 1  0 -2 -1
 -1  0 0  0 -1 -1
 -1  0 0 -1  2  1
  0 -1 0  1 -2 -2
2-1;1;1;1;1 1 13
1 
#1 
6	% 
 0 0  0 0 1  1
 0 0 -1 1 0  0
 0 0 -1 0 0  0
 0 1 -1 0 0  0
 1 0  0 0 0  1
 0 0  0 0 0 -1
2-1;1;1;1;1 1 28
1 
#1 
6	% 
 1 0  1 -1 0  1
 0 0 -1  1 1  0
 0 0 -1  1 0  0
 0 1  0 -1 0  1
 0 0 -1  1 0 -1
 0 0 -1  0 0  0
1,1;1;1;1;1 1 30
2 
#1 
6	% 
  0  2 -1  2 0  0
 -1 -1  1 -2 0  0
  0 -1  2 -3 0  1
  0  0  0  0 1  0
  0  1 -1  2 0 -1
  0 -1  1 -2 0  0
1,1;1;1;1;1 1 21
3 
#2 
6	% 
 0  0 -1 0 0  0
 0  0 -2 1 0 -1
 0  0  0 0 1  1
 0 -1 -1 0 0 -1
 1  0  0 0 0  0
 0  0  0 0 0 -1
6	% 
 0 1 0 -1 0  1
 0 0 0 -1 0  0
 0 0 0  0 1  1
 0 0 1 -1 0  0
 1 0 0  0 0  0
 0 0 0  0 0 -1
1,1;1;1;1;1 1 29
2 
#1 
6	% 
 0 0 0  0 1 1
 0 0 0  1 0 0
 1 0 0  0 0 0
 0 0 1 -1 0 1
 0 1 0 -1 0 1
 0 0 1  0 0 0
1,1;1;1;1;1 1 31
2 
#1 
6	% 
  0  0 0  0 1  0
 -1  0 1 -1 0  0
  0 -1 1  0 0 -3
  0  0 0 -1 0  3
  0  0 1  0 0 -3
  0  1 0 -1 0  4
1,1;1;1;1;1 1 32
4 
#1 
6	% 
 0 0  0  0 1  1
 1 0  0  0 0  1
 0 0 -1  1 0  0
 0 1  0 -1 0  1
 0 0  1  0 0  0
 0 0 -1  1 0 -1
1,1;1;1;1;1 1 37
10 
#5 
6	% 
 0 0  0  0 0 -1
 0 0  0  0 1  1
 1 0  0  0 0  1
 0 0  0 -1 0 -2
 0 1  0  0 0  3
 0 0 -1  0 0  0
6	% 
  0  1 -1  1  0  5
  0 -1  0  0  0 -3
  0  0  0 -1  0 -2
 -1  2 -2  2  0  9
  0 -2  2 -2  1 -9
 -1  0  0  0 -1 -1
6	% 
  2  1 -1  1  0  1
 -1 -1  0  0  0 -1
 -1  0  0 -1  0  0
  3  2 -2  2  0  1
 -3 -2  2 -2  1 -1
  0  0  0  0 -1 -1
6	% 
  0  1  0 -1  0  2
  0  0  0  1  0 -1
  0  0 -1  1  0 -1
 -1  2  0 -2  0  3
  0 -2  0  2  1 -3
 -1  0  0  0 -1 -1
6	% 
  0 -1 0  1 -2 -2
  0  1 0  0  1  1
  0  0 1 -1  1  1
  0 -2 0  2 -3 -4
  1  2 0 -2  3  4
 -1  0 0  0  0 -1
1,1;1;1;1;1 1 13
2 
#1 
6	% 
 0 0  0 0 1 -2
 0 0  0 0 0  1
 0 0 -1 0 0  0
 0 0 -1 1 0 -1
 1 0  0 0 0  3
 0 1 -1 0 0  0
1,1;1;1;1;1 1 20
3 
#2 
6	% 
  0 0 -2  0 0 -1
  0 1  1  0 0  1
  0 0  1  0 1  1
  0 1  0 -1 0  1
 -1 0  1  0 0  0
  0 1 -2  0 0  0
6	% 
 0 0  0  0  0  1
 0 0  0 -1  0 -1
 0 0  0  0 -1 -1
 0 1  0 -1  0  1
 1 0  0  0  0  0
 0 1 -1  0  0  2
1,1;1;1;1;1 1 23
6 
#2 
6	% 
  0 0 -1  0  1  0
  0 1  0  0 -1  0
  0 1  0 -1  0  1
 -1 1 -1  0  0  0
  1 0  1  0  0  0
 -1 0  0  0 -1 -1
6	% 
 0  0 0 0 1  1
 0 -1 1 0 0 -1
 0  0 1 0 0  0
 0  0 0 1 0 -1
 1  0 0 0 0  1
 0  0 0 0 0 -1
1,1;1;1;1;1 1 33
2 
#1 
6	% 
  2  2 -2  3 -2 -1
 -2 -2  2 -2  1 -1
  0  0  0  1 -1 -1
  0  0  1  0  0  0
  0  1  0 -1  0  1
  1  0  0  1  0  0
1,1;1;1;1;1 1 15
3 
#2 
6	% 
 -1 0  0 0  0  0
 -1 0 -1 1  0 -1
  0 0 -1 0  0  0
  0 1 -1 0 -1  0
 -1 0  0 0 -1 -1
  1 0  0 0 -1  0
6	% 
 -1 0  0  0 -1 -1
  0 1  0  0 -1  0
  0 1  0 -1  0  1
  0 1 -1  0  0  0
  0 0  0  0 -1 -1
  0 0  0  0  1  0
1,1;1;1;1;1 1 43
3 
#2 
6	% 
  0 1  0 -1 0 1
  1 0 -1  1 0 0
  1 0  0 -1 0 1
 -1 0  0  0 0 0
 -1 0  0  0 1 0
  2 0  0  0 0 1
6	% 
  0 1  2 -1 0 1
  1 0 -2  1 0 0
  1 1  1  0 0 1
 -1 0  0  0 0 0
 -1 0  0  0 1 0
  2 0  0  0 0 1
1,1;1;1;1;1 1 51
2 
#1 
6	% 
 0  5  2 -3 0  4
 0 -4 -3  2 0 -3
 1  2  1 -1 0  2
 0  2  1 -1 0  1
 0  2  1 -1 1  2
 0 -4 -2  2 0 -3
1,1;1;1;1;1 1 50
3 
#2 
6	% 
 -1  0  0  0  0 -1
  0 -1  0  1  0 -1
  1  1 -1  1  1  1
  0  0 -1  1  1  0
  0  0  0  1  1  0
  0 -1  1 -1 -1 -1
6	% 
 0 -1 0  1  0 -1
 1  0 0  0 -1  0
 0  0 1 -1  0 -1
 0  0 0  0 -1 -1
 1  0 0  0  0  0
 0  0 0  1  0  1
1,1;1;1;1;1 1 52
6 
#2 
6	% 
 0  1  1 -1  2  2
 0 -5 -5  5 -8 -9
 0 -1  0  0 -1 -1
 0 -3 -3  3 -5 -5
 1 -3 -3  3 -5 -5
 0  2  3 -2  4  4
6	% 
 0 -1 -1  1 0 -5
 0  3  3 -3 0 16
 0  0  1  0 0  2
 1  2  2 -2 0 11
 0  2  2 -2 1 11
 0 -1 -2  2 0 -8
1,1;1;1;1;1 1 39
3 
#2 
6	% 
 1 0  0  0  1  1
 0 0 -1  0  0  0
 0 0  0  0 -1  0
 0 0  0 -1 -1  0
 0 1  0  0  1  1
 0 0  0  0 -1 -1
6	% 
  1  0  0  0  0  0
  0 -1  0  1  0 -1
 -1  0  0  0 -1 -1
 -1  0 -1  1  0 -1
  1  0  0 -1  0  1
 -1  0  0  0  1  0
1;1;1;1;1;1 1 28
1 
#1 
6	% 
 0 0 -1 0  0  0
 0 0  0 1 -1 -1
 0 1  0 0  0  0
 0 0  0 0  1  0
 1 0  0 0  0  1
 0 0  0 0  1  1
1;1;1;1;1;1 1 34
1 
#1 
6	% 
 0 1 0 -1  0  1
 0 0 0 -1  0  1
 0 0 1 -1  0  1
 0 0 0  0 -1 -1
 1 0 0  0 -1  0
 0 0 0  0  1  0
1;1;1;1;1;1 1 15
1 
#1 
6	% 
 -1 0  0  0 0  0
  0 1  0  0 0  1
  0 1  0 -1 0  1
  0 0  0  0 1  1
  0 1 -1  0 0  0
  0 0  0  0 0 -1
1;1;1;1;1;1 1 21
1 
#1 
6	% 
  0  0  0 -1 1  1
 -1  0  0  0 0 -1
  0 -1  0  1 0 -1
  0  0  0  1 0 -1
  0  0 -1  0 0  0
  0  0  0 -1 0  0
