#57

3;2-2;1 2 7
1 
#1 
6	% 
 1 0 0 0 0 0
 0 1 0 0 0 0
 0 0 1 0 0 0
 0 0 0 1 0 0
 0 0 0 0 1 0
 0 0 0 0 0 1
1,1,1,1,1,1 1 1
1 
#1 
6	% 
 1 0 0 0 0 0
 0 1 0 0 0 0
 0 0 1 0 0 0
 0 0 0 1 0 0
 0 0 0 0 1 0
 0 0 0 0 0 1
1,1,1,1,1;1 1 2
12 
#3 
6	% 
 0 -1  1 -1  1  0
 0 -1  0  0  1  0
 0 -1  0 -1  2  0
 0 -1 -1 -1  0 -1
 1  2  0  1 -1  0
 1 -2 -1 -1  2 -1
6	% 
 -1 -1  0  0  1  0
 -1  0  0  0  0  0
  0 -1  0  0  2  1
 -1 -1  1  0  0  0
  1  1 -1 -1 -2 -1
 -1 -1  1 -1  1  1
6	% 
  1  1 1  1 -1 2
  1  1 1  1  0 0
  1  1 0  1  1 0
  1  1 0  2  0 0
 -2 -1 0 -2 -1 0
  1  2 1  2  0 1
1,1,1,1;1,1 1 3
36 
#4 
6	% 
  1 1  0  0  0  0
 -2 0 -1 -2 -2  1
 -1 0  0  0  0 -1
  1 0  0  1  1  0
 -1 0  0 -1 -1  1
  1 0  0  0  1 -2
6	% 
  0  0  0 1  0 -1
  0  0  0 1 -1  1
  0 -1  2 0  0  0
  1  1 -2 0  1  0
 -1  1 -1 0 -2  1
  0 -1  2 0  1 -1
6	% 
  0  1  0  0  0  0
  0  1  0  0  1  1
  1  0  0  2  2  0
 -1 -1  1 -1 -2  0
 -1  1  0 -1  0  1
  1  0 -1  2  1 -1
6	% 
 -1 -1  0  0 -1 -1
  0  0  1  0 -2  1
  0  1  1 -1 -1  1
  0  0 -1  1  1  0
  0  0  1  1  0  0
 -1  0  0 -1 -1  0
2-1;1,1,1,1 1 2
3 
#1 
6	% 
  0 0 0  1  0 1
  0 0 0  1  0 0
  0 0 0  0  1 0
 -1 0 1  1  0 1
  1 1 0  0  0 0
 -1 0 0 -1 -1 0
1,1,1;1,1,1 1 2
1 
#1 
6	% 
  0 0 -1  0  0  0
 -1 1  1  0 -1  1
  0 0  0 -1 -1  1
  0 0  0 -1 -2  1
  1 0  0  1  3 -2
 -1 0  0  1  2 -1
1,1,1;1,1,1 1 4
18 
#1 
6	% 
 -1 -1  1  0  0 -1
  0 -1  1 -1  0  0
  0  2 -2  1 -1  1
  1 -1  0  0  1  0
  0  2 -2  1  0  1
  0 -1  1 -1  0 -1
2-1;1,1;1,1 1 8
9 
#1 
6	% 
  1 -1 -1  0  1 -1
 -2  0  1  0 -1  1
  0  0 -1 -1  0 -2
 -1  0  2  1  0  0
  0  0  1  1  1 -2
 -1  0  2  1  0  1
1,1,1,1;1,1 1 2
3 
#1 
6	% 
 0  0 -1 -1  0  0
 0  0  0 -1 -1  0
 0  0 -1  0  0  0
 1  1  0  0  0  0
 0 -1  0  1  1 -1
 0 -1 -1 -1  0  0
2-1;1,1,1;1 1 5
3 
#1 
6	% 
  0 0 0 0 -1  0
  0 0 0 1  1 -1
 -1 0 0 0 -1  1
  1 1 0 0  0  0
 -2 0 1 0 -1  1
 -1 0 1 0 -1  1
2-1;1,1,1;1 1 6
9 
#1 
6	% 
 0  0  2 0  1  1
 0  1  0 0 -1  0
 0  0 -2 1  0 -1
 1 -1 -1 0  1 -1
 0  1  1 0  0  1
 0  0  2 1  1  1
1,1,1;1,1,1 1 3
9 
#1 
6	% 
  0  0 -1  0  0  0
  0  0  0  0 -1  1
  0  1  1  0  0 -1
  0 -1  0  1  1  1
 -1  0  0  0  0 -1
  1  0 -1 -1  0  1
2-2;1,1,1,1 1 2
5 
#2 
6	% 
  1 0 0  0 0 -1
  1 1 0  0 0  0
  1 0 1  0 0 -1
 -2 0 0 -1 0  2
  2 0 0  0 0 -3
 -2 0 0  1 1  2
6	% 
 0  0  0  1  1  1
 0  0  0  1  0  0
 0  1  0  1  0  0
 1 -1 -1 -1  0 -1
 1  1  0  1  1  0
 0  0  1 -1 -1  0
2-2',2-2';1,1 1 3
8 
#1 
6	% 
 -3  0  1  1  0  1
  2 -1 -3 -2  1 -1
 -1 -2 -2 -1  0 -2
 -3  0  2  2 -1  0
  1 -2 -3 -2  0 -3
  2  1  1  0 -1  0
1,1,1;1,1;1 1 12
72 
#4 
6	% 
 0 -2 -3  0  1 -1
 0  0 -2  1  0  1
 0  2  6 -1 -1  0
 0  0 -1  1  1  1
 0  1  3 -1 -1  0
 1 -1 -2  0  1 -1
6	% 
 0 -2 -1  2 -1 -3
 0 -2 -1  1 -1 -3
 0  6  3 -2  2  8
 0 -1  0  1  0 -2
 0  3  1 -2  0  5
 1 -1 -1  1  0 -2
6	% 
  0 0  0  0 -1 0
  2 0 -1  0  1 1
 -2 0  1  0  0 0
  1 1  1  0  0 1
 -1 0  1  0  0 0
  0 0  0 -1 -1 0
6	% 
 -2 0  1 0  0 -2
  0 0  0 0  1  0
  2 0 -1 0 -1  1
  0 0  0 1  1  0
  1 1  0 0 -1  1
 -1 0  1 0  0 -1
2-2;1,1,1;1 1 5
21 
#3 
6	% 
  0  0  1  0  0  0
 -1  1  3  0  0  2
 -1 -1 -2  0 -1 -1
  0 -1 -4 -1 -1 -2
  0 -1 -4  1  0 -2
  0 -1 -4  0 -1 -1
6	% 
  0 0  0  0  1  1
  0 0  0 -1  0  0
  0 0  0 -1 -1  0
  1 0 -1  0  0 -1
 -1 0  0  0 -1  0
  0 1  1  0 -1  0
6	% 
  0 0 1  0  0  0
  0 1 0  0  0  1
 -1 0 1  0 -1  0
  0 0 0  0  0 -1
  0 0 0 -1 -1  0
  0 0 0  1  0  0
1,1,1,1;1;1 1 5
33 
#3 
6	% 
  0  1  1 -1  1  2
  0  1  0 -1  1  2
 -1  0  1  1  0  1
  0 -1 -1  0 -2 -2
  0  1  1 -1  1  3
 -1  0  0 -1 -1  0
6	% 
  0  0  0 0  0 -1
  0  0  0 1 -1 -1
 -1 -1  0 0 -2  0
  0  1  0 0  2  1
  0 -1 -1 0 -2 -1
 -1  1  1 0  1  1
6	% 
  1 -1 -1  0 -1 -1
  1 -1 -1  0  0 -2
  1 -1 -1 -1 -1 -1
 -1  2  1  0  1  2
  1 -2 -2  0 -1 -2
 -1  1  1 -1  0  1
1,1,1;1,1;1 1 9
9 
#2 
6	% 
  0  0  0 0 -1  1
  0  0  0 1  1  0
  0  0  0 0  0 -1
  0 -1 -2 0  0  0
 -1  1  2 0 -1  1
 -2  0  1 0 -1  1
6	% 
  2  0 0  0  1 -1
  1  1 1  0  0  0
 -3 -1 0  0 -1  1
  1  0 0  0  0  1
  0  0 0 -1  0 -1
  0  0 0 -2 -1  0
1,1,1;1,1;1 1 11
18 
#1 
6	% 
 0 0 1  0  1  1
 0 0 0  1  2  1
 0 0 0 -1 -3 -2
 0 1 1  0  0  1
 0 0 0  1  1  1
 1 0 0  0  1  0
1,1,1,1;1;1 1 6
3 
#1 
6	% 
 0  0  0  1 0  1
 0  0  0  1 0  0
 0  0  0  0 1  0
 1  0  0 -1 0 -1
 0 -1 -1  1 1  0
 1  1  0  0 0  0
2-2;1,1;1,1 1 6
18 
#2 
6	% 
  0 0 0  1  1 0
  0 0 0 -1  0 0
  0 1 1  0 -1 1
  1 1 0  0  0 0
  0 0 1  0  0 0
 -1 0 0  0  0 0
6	% 
 -1  0  0  0  1  2
  1  0 -1  0 -1 -2
  1 -1 -1 -1 -1 -2
  2  0 -1  0 -2 -3
 -2  0  1 -1  1  4
  1  1  0  0 -1 -2
2-2;1,1,1;1 1 6
5 
#2 
6	% 
 0  0 -1 0  0  0
 1 -1 -1 0  1 -1
 0  0  0 1  1  0
 0 -1 -1 1  1 -1
 0  0  0 0  0 -1
 0  1  1 0 -1  1
6	% 
 0  0  0 1 0  0
 0  0  0 0 1  0
 1  1  0 0 0  0
 1  0  0 0 1 -1
 0  0  1 0 0  0
 0 -1 -1 0 0  0
1,1;1,1;1,1 1 10
18 
#1 
6	% 
  2  0 -1 1  2 -2
  0 -1 -2 0  0  0
 -1  1  2 0 -1  1
  2  0 -1 1  1  0
  1  1  1 0  0  0
  0 -1 -2 0  1 -1
1,1;1,1;1,1 1 6
9 
#1 
6	% 
 -3 1  2  0 -2  2
  1 0  0  1  1 -1
  2 0 -1  0  1 -1
  0 0 -1 -1 -1  1
  0 0 -1 -1  0 -1
  1 0  0  1  1  0
1,1,1;1,1;1 1 10
27 
#2 
6	% 
  0 0  0 -2 -1  0
 -2 0  1 -2 -2  1
  3 1 -1  6  4 -1
  0 0  0 -1  0 -1
 -1 0  1 -1 -1  1
  0 0  1  0  0  0
6	% 
  0 0  0 -1  0  1
  0 0 -1 -2 -1  1
  0 0  1  4  2 -2
  0 0  0 -1  0  0
  0 1  0  0 -1  2
 -1 1  1  0 -1  1
2-2;2-1;1,1 1 4
3 
#1 
6	% 
 0 1 -2  0 -1  0
 0 0  5  0  1  1
 1 0 -3  0  0 -1
 0 0  7  0  1  2
 0 0  7 -1  1  1
 0 0  7  1  2  1
2-2;2-2;1;1 1 14
4 
#1 
6	% 
 -1 0 0 -1 -1 1
 -1 1 1  0 -1 1
 -1 0 1 -1 -1 1
 -2 0 1  0 -1 1
 -1 0 1  0  0 1
  1 0 0  1  1 0
1,1;1,1;1;1 1 25
18 
#1 
6	% 
 0  1  2  0  0 -1
 0  0  0 -1 -1  2
 1 -1 -2  0  1 -1
 0  1  2  0 -1  2
 1  1  1  0  0  0
 0  0  0 -1  0 -2
1,1,1;1,1;1 1 5
3 
#1 
6	% 
 0 0  0 0 -3  1
 0 0  0 1 -2  0
 0 0  0 0  4 -1
 1 0 -1 0 -1  0
 1 1  0 0  0  0
 0 0 -1 0  0  0
1,1;1,1;1;1 1 10
9 
#1 
6	% 
 -3 1  2 0 -2  2
  1 0 -1 0  1 -1
  2 0 -1 0  1 -1
  0 0  0 1  0  0
  0 0  0 1  1  0
  1 0 -1 0  0  0
1,1,1;1,1;1 1 7
9 
#1 
6	% 
  0 0  0 0  1  0
  0 0  1 0  1  1
  0 0 -3 0 -1 -2
 -1 0  1 0  0  1
 -1 1  1 0 -1  1
  0 0  0 1  1  0
1,1;1,1;1;1 1 30
9 
#1 
6	% 
  0 0 -1 -1 -1  2
 -1 0  2  1  0  0
  0 0 -1 -1  0 -2
 -1 0  2  1  0  1
  1 1  0  0  0  0
 -1 1  1  0 -1  1
1,1;1,1;1;1 1 28
18 
#1 
6	% 
  0 -2 -1 -3  0 -2
  0 -1  0 -2 -1  1
  0 -2 -1 -3 -1  0
  1  0  0  0  1 -2
  1  1  0  2  1  0
 -1  1  1  2  0  1
2-2,2-2;1;1 2 6
24 
#1 
6	% 
  1  0 -1 -2 -1  0
  0  0 -1 -2 -1  0
  0 -1 -1 -3 -1 -1
  1 -1 -2 -3 -1  0
  0 -1 -1 -2 -1 -1
 -1  0  1  1  0  0
1,1,1,1;1;1 1 4
3 
#1 
6	% 
  0 0  0  1  0  0
  0 0  0  1 -1  1
  0 0 -1 -3  1 -2
  0 0  1  2 -1  1
 -1 0  0 -1  0  0
  0 1  0 -1  0  0
1,1,1;1;1;1 1 15
18 
#1 
6	% 
  1  0  0  0 -1 -2
 -1 -1  0  1  2  1
  0  0  0  0  0  1
 -1  0  1  0  1  2
  0  0  0  1  0  0
  1 -1 -1 -1 -1 -2
1,1,1;1;1;1 1 12
3 
#1 
6	% 
 0  0  0 1  2 -1
 0  0  0 0  2 -1
 0 -1  0 0 -1  0
 1  0  0 0  2 -1
 1  1  0 0  0  0
 1 -1 -1 0  1 -1
1,1,1;1;1;1 1 16
9 
#1 
6	% 
 0 0  2 0  1  1
 0 0  3 1  3  2
 0 0 -3 1 -2 -2
 1 0  2 0  2  1
 0 1  3 0  1  2
 1 1  0 0  0  0
2-2,2-2;1,1 1 3
24 
#1 
6	% 
 -1  0 0 -3 -1  0
  0  1 1  0 -1  3
 -1  0 1 -3 -3  1
  0 -1 0  0 -1 -1
  0 -1 0  1  0 -2
  0 -1 0 -1 -1 -2
2-1;1,1;1;1 1 19
9 
#1 
6	% 
  1 1 0 0  0  0
 -2 0 1 0 -1  1
  0 0 0 1  0  2
 -1 0 1 0  0 -2
  0 0 0 1  1 -2
 -1 0 0 0  0 -2
2-2;2-1;1;1 1 9
3 
#1 
6	% 
 1  1 0  0  0  0
 0  1 1  1  0  1
 0 -1 0 -1  0 -1
 0  0 0  0  0  1
 0  0 0 -1 -1  0
 0  0 0 -1  0  0
2-2;1,1;1,1 1 4
3 
#1 
6	% 
 -1 -1 0  0  0 0
  0  1 0  0 -1 0
  0  1 1  0  0 1
  0  0 0  0  0 1
  0  0 0  1  1 0
  0  0 0 -1  0 0
1,1,1;1;1;1 1 8
9 
#1 
6	% 
  0  0 0 -1 -1 0
  0  0 0  2  1 0
 -1  0 0 -1 -1 1
 -1 -1 0  0  0 0
  0  0 0 -1 -1 1
 -1  0 1  1  0 0
1,1;1,1;1;1 1 21
9 
#1 
6	% 
 0 0 -1 -3 -1  2
 0 0  0  4 -1 -1
 0 0  1 -2  3 -1
 1 0  0 -1  2 -1
 0 0 -1  0 -2  1
 0 1  1 -1  1  0
1,1,1;1;1;1 1 4
1 
#1 
6	% 
  0 0  0  0 -1  0
  0 0  0 -1  2  0
  0 0  0  0 -3  1
  0 0 -1  0  3 -1
  0 1  0  0  1  0
 -1 0  0  0  1  0
3;1,1,1 2 2
1 
#1 
6	% 
  0  0 0 -1 0 -1
  0  0 0 -2 0 -1
  0 -1 0 -1 0 -1
  1  1 0  0 0  0
 -1 -1 1  0 0  0
  0 -1 0  1 1  0
2-2;2-2;1,1 1 8
4 
#1 
6	% 
  0  1 -1  0  1  2
 -1  2  1  0  0  3
 -1 -2  0  0 -1 -2
  0  1  0  0  0  2
  0  1  0  1  1  1
  0  1  0 -1  0  1
2-2;1,1;1;1 1 18
18 
#2 
6	% 
 1  1  1  0  0  0
 1 -1 -2  0  1 -1
 0  0  0 -1 -1  0
 0  0  0  1  0  0
 0 -1 -2  0  1  0
 0  1  2  0 -1  1
6	% 
  0  0  0 -1 -1  0
  0  0  0 -1  0  0
  1 -1 -1  0  1 -1
 -1 -1  0  0  0  0
  0  1  0  0 -1  0
  0 -1 -1  0  1  0
2-2;1,1;1;1 1 17
3 
#1 
6	% 
 1  1  0  0 0  0
 1  0  2  0 1  0
 0  0  3 -1 0  1
 0 -1 -3  0 0 -1
 0  0  3  0 1  0
 0  0  3  1 1  1
2-2;1,1;1;1 1 16
6 
#1 
6	% 
 -1  1  1  0  0  2
 -1 -1  0  0 -1 -1
  0 -1  0  1  0 -2
  0 -2 -1  1 -1 -3
  0  2  1  1  2  3
  0 -1 -1 -1 -1 -2
1,1;1;1;1;1 1 29
9 
#1 
6	% 
  0  0  0 -1 -1  2
  0 -1 -1  0  0  1
  0  0  0 -1  0 -2
 -1  0  1  0 -1  2
 -1  1  1  0 -1  1
 -1 -1  0  0  0  0
3;1,1;1 2 6
3 
#1 
6	% 
 -1  1  1  0 -1  1
  0 -2 -1  0  1 -1
  0 -1  0  0 -1 -1
  0  0  0 -1 -1  0
  0 -1  0  0  2  0
  0  0  0 -1  0  0
2-2;1,1;1;1 1 13
3 
#1 
6	% 
 1 1  0  0 0  0
 1 0 -1  0 1  0
 1 0  0 -1 0 -1
 0 0  0 -1 0  0
 0 0  0  0 0 -1
 0 0  0  1 1  0
1,1;1;1;1;1 1 13
3 
#1 
6	% 
  0 0 0 -1 -2  5
  0 0 0  0  1 -3
  0 0 1  0  0  0
  0 1 1  0 -1  2
  0 0 0 -1  1 -5
 -1 0 1  0 -1  2
2-2;1;1;1;1 1 18
3 
#1 
6	% 
  0 1 0 0 -1  1
  1 0 0 0  1 -1
 -1 1 1 0 -1  1
  0 0 0 1  1  0
  0 0 0 1  0  0
  0 0 0 0  0  1
2-2;1,1;1;1 1 9
3 
#1 
6	% 
 -1 0 -2  0 -1 0
  1 1  0  0  0 0
 -1 0  3  0  0 1
  0 0  2 -1  0 0
  0 0  2  1  1 0
  0 0  2  0  0 1
2-2;1;1;1;1 1 10
1 
#1 
6	% 
  0 1  0  1  0  1
  0 0 -1  0  0  0
 -1 0  1  1  0  1
  0 0  0 -1 -1  0
  0 0  0 -1  0  0
  0 0  0  0  0 -1
