#52

2-1;2-1;1;1 1 14
1 
#1 
6	% 
 1 0 0 0 0 0
 0 1 0 0 0 0
 0 0 1 0 0 0
 0 0 0 1 0 0
 0 0 0 0 1 0
 0 0 0 0 0 1
1,1,1,1,1,1 1 1
1 
#1 
6	% 
 1 0 0 0 0 0
 0 1 0 0 0 0
 0 0 1 0 0 0
 0 0 0 1 0 0
 0 0 0 0 1 0
 0 0 0 0 0 1
2-1;1,1,1,1 1 2
2 
#1 
6	% 
  0  0 0 -1  0  1
  0  0 0  0  0  1
  0  1 1  1 -1  2
 -1  0 0  0 -1  2
  1  1 0  0  1  0
 -1 -1 0  0  0 -2
1,1,1,1,1;1 1 2
10 
#3 
6	% 
 -1  0  0 -1  0 -1
 -1  0  0 -1  0  0
  0  0  1 -1  0 -1
  0 -1 -1 -1  1 -1
  0  0  0  2 -1  1
 -1 -1  0 -2  0 -1
6	% 
  0  0 -1  0 0  0
 -1  0  0  0 0  0
 -1  0 -1  0 0  1
 -1  0 -1  1 0  0
  1 -1  1 -1 0 -1
 -1  0 -1  1 1  1
6	% 
 0  0 -1  1 -1  0
 0  1  0  1  1  1
 0  1  0  1  0  1
 0  1 -1  0  0  0
 1 -1  1 -1  0 -1
 1  2 -1  1  1  1
1,1,1,1;1,1 1 2
10 
#3 
6	% 
 0  0  0 1 0  0
 0  0  0 0 0  1
 0 -1 -1 0 1 -1
 1  0  0 0 0  0
 0  1  0 0 0  0
 0  0  0 0 1  0
6	% 
  0  0 0  1 0  0
 -1  0 0  0 0 -1
  0  0 1  1 0  1
  0 -1 0  0 1  0
  1  1 0 -1 0  0
  0  1 0  1 0  0
6	% 
  0 1 1 0  1  0
  0 0 0 0  0 -1
  0 1 0 1  1  1
  1 0 0 0  1  0
 -1 0 0 0 -2  0
 -1 1 0 0 -1  0
2-1',2-1';1,1 1 3
2 
#1 
6	% 
 -1 -1  0  1 -1 0
  1  1  0 -1  0 1
  0  0  0  0  1 0
 -1  0  0  0  0 0
  1  0 -1  0  1 0
 -1 -1  0  0  0 0
2-1;1,1,1;1 1 6
10 
#3 
6	% 
 0  1 -1  1 -1 -1
 0 -1  1 -1  0  1
 0 -1  2 -1  1  1
 1  1  0  0  1  0
 0  0 -1  1 -1 -1
 0  1 -2  2 -1 -1
6	% 
 0 0 0  1 0 0
 0 0 0 -1 1 0
 0 0 1 -1 0 0
 1 0 0  0 0 0
 0 1 0  1 0 0
 0 0 0  0 0 1
6	% 
  0  0  0 0 -1  0
  0  1  0 0  1  1
 -1  0  0 0  0  0
  0  0  1 0  0 -1
  0 -1 -1 1 -1  0
 -1 -1  0 0 -1  0
2-1;1,1,1;1 1 3
2 
#1 
6	% 
 0 0  0 -1 0 -1
 0 0 -1  0 0 -1
 0 0  1  1 0  1
 0 1  0  0 0  0
 1 0  0  0 0  0
 0 0  0  0 1  0
1,1,1,1;1,1 1 3
25 
#6 
6	% 
 -1  0 1 -1  0  1
  1  0 0  0  0  0
  0  0 0  0 -1  0
  1  1 0  1  0 -1
  0  0 0  0  1  1
 -1 -1 0  0  0  0
6	% 
  0 -1  1 -1  1 -1
  0  0  0  1  0  0
  0  1  0  0  0  1
 -1 -1 -1  1  0 -1
  0  0 -1  1 -1 -1
  1  0  1 -1  1  0
6	% 
 -1  0  0 -1  0  0
  1  1  1 -1  1 -1
  0  0  0  0  1  0
  0  0 -1  1 -1  0
  0  1  0  0  0 -1
  0 -1  0  0  0  0
6	% 
  0  1  0  0  0  0
  0  0  1  0  1 -1
  1  0  0  1  1  0
 -1  0 -1 -1 -1  0
 -1 -1  1 -2  0  0
  1  1  0  1  0  0
6	% 
  0 -2 -1 -1 -1  1
  0  0  0 -1  1  0
  0  1  0  1  1 -1
 -1 -1  0  1 -1  0
 -1  0  0 -1  0  0
  0 -1 -1  0 -1  0
6	% 
 0 1 0 0 0  0
 0 1 0 0 1 -1
 1 0 0 0 1  0
 0 0 1 0 0  1
 0 0 0 1 0 -2
 1 1 0 0 0  0
2-1;1,1;1,1 1 5
10 
#3 
6	% 
 -1 -1  0 0 -1  0
  0  0  0 0  0  1
  1  0  0 0  1  0
  0  0  1 0  0 -1
  0  0 -1 1  0  0
  1  1  0 0  0  0
6	% 
 0 0 1 -1 0  1
 0 0 0 -1 1  0
 0 0 0  1 0 -1
 1 0 0  0 0  0
 0 1 0  1 0  0
 0 0 0  0 0 -1
6	% 
 1  1  0  0  0  0
 0 -1 -1  1 -1  0
 0 -2 -1  1 -1 -1
 0  0  0 -1  0  0
 0  1  0  0  1  1
 0  1  1 -1  2  1
1,1,1;1,1,1 1 3
25 
#6 
6	% 
  0  1  1 -1 -1  1
 -1  0  0  0  0  0
  1  1  1  0  0  1
 -1 -1 -1  1  0 -2
  1  0 -1  2  1 -1
 -1  0  1 -2 -1  2
6	% 
  0  1  0 -1 -1  0
 -1  0  0  0  0  0
  0  0 -1  0  0  0
  0 -1  0  0  0  0
  0  0  0  1  0 -1
  0  0  0  0 -1  0
6	% 
 -1 0  1 -1  0 1
  0 1  0  1 -1 0
  1 0  0  0  1 0
  0 0 -1  0  0 0
  0 0  0  0  1 0
  0 0  1 -1  0 0
6	% 
 -1 -1 -1 -1 -1  1
  0 -1  0  0  1 -1
  0  0  0  0 -1  0
  1  0  0  1  1 -1
  0  1  0  0  0  0
 -1 -1 -1  0  0  0
6	% 
  0 -1 -1  1 -1 -1
 -1  0  0  0 -1  0
  0 -1  0 -1  0  0
  0  0  0  0  0  1
  0  0  0 -1  1  0
  0  0  0  1  0 -1
6	% 
  1  2  1  1 -1 -1
  0  1  1 -1  1  2
  1  0  0  1  0 -2
 -1  0  0 -1  1  2
 -1 -1 -1  0 -1 -1
  1  2  1  0  1  1
1,1,1;1,1,1 1 1
1 
#1 
6	% 
  0 -1  0  0 -1  0
 -1  0  0  0 -1  0
  1  1  0  0  1  0
  0  0  0 -1  0 -1
  0  0 -1  0  0 -1
  0  0  1  1  0  1
2-1',2-1';1;1 1 5
2 
#1 
6	% 
  1  1  0 0  1  0
 -1 -1  0 0  0  0
  0  0  0 1  0 -1
  0  0  0 1  0  0
 -1  0  0 0 -1  0
  0  0 -1 1  0  0
1,1,1,1;1;1 1 4
6 
#2 
6	% 
  0  0 -1 0  0  0
  0  0  0 0  0 -1
  0  2  3 1 -2  1
  0 -1 -2 0  1  0
 -1  0  1 0 -1  0
  0  0  1 0 -1  0
6	% 
  0 0 0 0 0 -1
  0 0 1 0 0  0
 -1 0 0 1 0  1
  1 0 0 0 0  0
  0 1 0 0 0  0
  0 0 0 0 1  0
1,1,1;1,1;1 1 10
60 
#9 
6	% 
  0 -2  1 -1  2  1
  0 -1  1 -1  1  1
  0  3 -3  2 -3 -2
  0 -1  0  0  1  1
  0 -1  1 -1  0  0
 -1 -1  0  0 -1  0
6	% 
  0  0 0  1  0 -2
  0 -1 0  1  1 -2
  0  1 1 -3 -1  5
  0  0 0  0  0 -1
  0 -1 0  1  0 -1
 -1 -1 0  0 -1  0
6	% 
  0 -2 -1  1  2  1
  0 -1 -1  1  1  1
  0  3  2 -3 -3 -2
  1 -1  0  0  1  1
 -1 -1 -1  1  0  0
 -1 -1  0  0 -1  0
6	% 
 -2 0 -1  1  0 -1
 -1 0  0  0  0  0
  4 0  1 -1  0  0
 -1 1  0  1 -1 -1
  0 0  0  0  1  0
  1 1  0  0  1  0
6	% 
  2  0  1 0  0  1
  1  0  0 0  0  0
 -4  0 -1 1  0 -1
  1  0  1 0  0  0
  0  0  0 0 -1  0
 -1 -1  0 0 -1  0
6	% 
 -2 0 -1 -1  0  1
 -1 0  0  0  0  0
  4 0  1  0  0 -1
 -1 1  0 -1 -1  1
  0 0  0  0  1  0
  1 1  0  0  1  0
6	% 
  0  0  1 1  0 -1
 -1 -1  0 0 -1  0
  2  2 -1 0  2  0
  0  0  0 1  0  0
 -1  0  0 0 -1  0
  0  1  0 0 -1  0
6	% 
  0  0 0  1  0 -2
  1  1 0  1  1 -2
 -2 -2 1 -3 -2  5
  0  0 0  1  0 -1
  1  0 0  0  1 -1
  0 -1 0  0  1  0
6	% 
  0  0 -1 -1  0  1
  1  1  0  0  1  0
 -1 -1  2  1 -1 -2
  0  0  0 -1  0  1
  1  0  0  0  1  0
  0 -1  0  0  1  0
1,1,1;1,1;1 1 7
50 
#9 
6	% 
  1 -1  0  0 1  0
  2  0  1 -1 0  1
 -3  0 -2  2 0 -2
  1  0  0 -1 0  1
  0  0  0 -1 0  0
  0 -1  0  0 0  0
6	% 
 -1 1  0  0 -1  0
  0 0 -1  1  0  1
  1 0  2 -2  0 -2
  0 0  1  0  0  1
  0 0  1  0  0  0
  0 1  0  0  0  0
6	% 
 1  1 0  2 -1 0
 0  0 0 -1  0 0
 0 -1 0 -1  1 0
 0  0 0 -1  0 1
 0  0 1 -1  0 1
 1  1 0  1  0 0
6	% 
 0 1  0  0 1  0
 0 0 -1  1 0  1
 1 0  2 -2 0 -2
 0 0  1  0 0  1
 0 0  1  0 0  0
 0 1  0  0 0  0
6	% 
  2  1 0  2  1 0
  0  0 0  1  0 0
 -1 -1 0 -4 -1 0
  0  0 0  0  0 1
  0  0 1 -1  0 1
  1  1 0  1  0 0
6	% 
  0  1  0  0  1  0
  2  0  1 -1  0  1
 -3 -1 -2  2 -1 -2
  1  0  0 -1  0  1
  0  0  0 -1  0  0
  0  1  0  0  0  0
6	% 
 0  0 -1 1  0  1
 0  1  0 0 -1  2
 0 -2  0 0  2 -5
 1  1  0 0  0  1
 1  0  0 0  0  0
 0  0 -1 0  0  1
6	% 
 0 1  0  0 -1  0
 0 0 -1  1 -2  1
 0 0  2 -2  5 -2
 0 0  1  0 -1  1
 0 0  1  0  0  0
 1 1  0  0  0  0
6	% 
 0  1 0  0 1 0
 0  0 0 -1 0 0
 0 -1 0  3 0 0
 0  0 1 -1 0 0
 0  0 1 -1 0 1
 1  1 0  0 1 0
1,1,1;1,1;1 1 4
10 
#3 
6	% 
  0  0  0 1  0  1
  0  0 -1 0  0  0
  0  0  0 0  0 -1
 -2  0  0 0 -1  0
 -1  0  0 0  0  0
 -1 -1  0 0 -1  0
6	% 
  0  0  1 0  0 1
  0  0  1 0  0 0
  0  0 -1 1  0 0
  0 -1  0 0  0 0
 -1 -1  0 0 -1 0
  0 -1  0 0  1 0
6	% 
  0  0  0  1  0  0
  0  0  0  1  0  1
  0  0 -1 -1  0 -1
 -1 -2  0  0 -1  0
  0 -2  0  0 -1  0
 -2 -1  0  0 -1  0
1,1,1,1;1;1 1 5
25 
#6 
6	% 
  1  0  0  0  0 -1
  1  0  0  0  0 -2
  1  0  1 -1 -1  0
 -2  0  0  1  0  1
  2  0  1  0  0 -2
 -2 -1 -1  1  0  0
6	% 
  0  0  0 -1 0  0
  0 -1 -1 -2 1 -1
 -1  0 -1 -1 0  0
  2  1  1  2 0  1
 -1  0 -1 -2 1 -1
  1  0  0  1 0  1
6	% 
  1  0  0  0  0  0
  1  0  0  1  0  0
  2  0  0  0  1  0
 -2  1  0 -1 -1 -1
  2 -1 -1  2  1  0
 -1  1  0  0  0  0
6	% 
 1  1 1 -1  1  1
 0  1 1 -1  1  2
 0  0 0  0  1  1
 0 -1 0  1 -1 -2
 0  1 1  0  1  1
 0 -1 0  0  0 -1
6	% 
  1  1  1 -1  1 -1
  0  1  1 -2  1 -1
  1  1  1 -1  2 -1
 -1 -2 -1  1 -2  2
  1  2  2 -2  2 -1
 -1 -2 -1  1 -1  1
6	% 
  0  1  0  0  0  0
  0  2  0  0 -1  1
 -1  0 -1  1 -3  0
  0 -2  1  0  2 -1
  0  2  0  1 -2  0
 -1 -1  1 -1  2  0
1,1,1,1;1;1 1 6
6 
#2 
6	% 
  0 1  0 1  1  0
  0 0  0 0  0 -1
  0 0 -1 0  0  0
  0 0  0 0 -1  0
  1 1  0 0  1  0
 -1 0  0 0 -1  0
6	% 
  0 -1 0 -1 1 0
  0  0 1  0 0 0
  0  0 0  0 0 1
  0  1 0  0 0 0
 -1 -1 0  0 0 0
  1  1 0  0 1 0
1,1,1;1,1;1 1 11
60 
#9 
6	% 
  0 -3  4 -2 -3  2
  0 -1  3 -1 -1  1
  0  4 -8  3  4 -3
  1 -1  2 -1 -1  1
 -1 -1  1  0 -1  1
  0 -1  2 -1 -2  1
6	% 
  0 -3 -2  0 -3  2
  0 -1 -2  1 -1  0
  0  4  5 -2  4 -1
 -1 -2 -1 -1 -2  1
  1  0 -1  1  0  0
  0 -2 -1  0 -1  1
6	% 
  0 -1  0  2 -1  0
  0 -3 -1  1 -3  1
  0  5  1 -4  5 -1
  1  0  0  1  0  0
 -1 -2 -1  1 -2  0
  0 -1  0  1  0  0
6	% 
 0  1 0  0 -1  0
 0  1 0  1 -1 -2
 0 -2 1 -2  2  3
 0  1 0  0  0  0
 0  1 0  1  0 -1
 1  1 0  0  0  0
6	% 
 0  1 -2  2 -1  2
 0  0 -1  3  0  1
 0 -1  4 -7  1 -4
 0  1 -1  1  0  1
 0  0  0  1  0  1
 1  1 -1  1  0  1
6	% 
 0 -1  0 -2 -1  0
 0  1  1 -1  1 -1
 0 -1 -2  3 -1  2
 0  1 -1  0 -2 -1
 0  0  1 -1  1  0
 1  0  0 -1  0  0
6	% 
 0 -1 -2  2 -1 -2
 0 -2 -2  1 -2  0
 0  5  5 -3  5  1
 0 -1 -1  0  0 -1
 0 -1 -1  1 -1  0
 1  0 -1  1  0 -1
6	% 
 0  1  0  0  1  2
 0  2  1 -1  2  3
 0 -4 -2  2 -4 -7
 0  0  0  0  1  1
 0  2  1  0  0  1
 1  1  0  0  1  1
6	% 
 0 -1 -2  2  1 -2
 0  0 -1  1  0 -3
 0  1  4 -4 -1  7
 0  0 -1  1  1 -1
 0 -1 -1  0 -1 -1
 1  0 -1  1  1 -1
1,1;1,1;1,1 1 4
25 
#6 
6	% 
 -1 -1  0 0 -1  0
  0  0 -2 1  0 -1
  0 -1  1 0  1  1
  1  1  0 0  0  0
 -1  0  0 0 -1  0
  0 -1 -2 1  1  0
6	% 
  0  0  1 -1  0 1
 -1 -1  0  0 -1 0
  1  0  0 -2  1 0
  0  0 -1  1  0 0
  0  0  1  0  0 0
 -1 -1  0 -2  0 0
6	% 
 -1 -1 0  0 -1 0
  0  0 0 -1  0 0
  0  0 1  0  0 0
  1  1 0  0  0 0
 -1  0 0  0 -1 0
  0  0 0 -1  0 1
6	% 
  0 0  1 -1  0 1
  2 1  0  0 -1 0
 -1 0  0  1  1 0
  0 0 -1  0  0 0
  0 0  1 -1  0 0
  2 1  0  1  0 0
6	% 
  1 1  0 0  1  0
  0 0  2 1  0 -1
 -1 0 -2 0  0  1
 -1 0  0 0 -1  0
  0 0  0 0  1  0
 -1 0  1 1  0  0
6	% 
 1  1  0 0  0  0
 0  0  2 1  0 -1
 0 -1 -2 0 -1  1
 0  0  0 0  1  0
 0  1  0 0  0  0
 0 -1  1 1 -1  0
1,1,1;1;1;1 1 14
2 
#1 
6	% 
  0  0 1  0 0  1
  0  0 0 -1 0  0
  0  0 0  0 0 -1
  0  1 0  0 0  0
 -1 -1 0  0 0  0
  1  1 0  0 1  0
1,1;1,1;1;1 1 26
30 
#6 
6	% 
 0  0 -1  0  0  0
 0  2  1 -1 -2 -2
 0  2  2 -2 -2 -1
 1 -1 -1  1  2  1
 0  1  1 -1 -2 -1
 1  1  0  0  1  0
6	% 
 0 0 -1  0  0 1
 0 1  1  2 -1 0
 0 1 -1  3 -1 0
 1 0  0 -1  1 0
 0 0  0  1 -1 0
 1 1  0  0  1 0
6	% 
 0 0 -1  0  0  1
 0 1  2 -2 -1  1
 0 1  1 -1 -1  2
 1 0 -1  1  1 -1
 0 0  1 -1 -1  1
 1 1  0  0  1  0
6	% 
  0  0 -1  0  0 1
  0 -1  1 -4 -1 0
  0 -1 -1 -3 -1 0
 -1  0  0  2  0 0
  0  0  0 -2 -1 0
 -1 -1  0  0  0 0
6	% 
 1  0  0  0 0  0
 0  0  0  0 1  0
 0 -1  0  0 0  0
 0  0 -1  0 0  1
 0  0  0  0 0 -1
 0  0  0 -1 0  1
6	% 
  0  0 -1  0  0  0
  0  2  1 -1  2 -2
  0  2  2 -2  2 -1
 -1 -2 -1  1 -2  1
  0  1  1 -1  2 -1
 -1  0  0  0 -1  0
1,1,1;1;1;1 1 16
30 
#6 
6	% 
 0  0  0  0  0 -1
 0 -1 -1  2  1 -4
 0  1  2 -1 -1  3
 0  0 -1  1  1 -2
 1  0 -1  1  1 -2
 1  1  0  0  1  0
6	% 
 0 0  0 -1 0 0
 0 0 -1 -2 0 0
 0 0  0  2 0 1
 0 1  0 -1 0 0
 1 1  0 -1 0 0
 1 1  0  0 1 0
6	% 
 0  0 0  1  0 0
 0  1 1  2 -1 0
 0 -1 0 -3  1 1
 0  1 0  2  0 0
 1  1 0  2  0 0
 1  1 0  0  1 0
6	% 
  1  0 0  0  0  0
  2 -1 0  0  0  0
 -3  0 0  0 -1  0
  2  0 1 -1  0  0
  2  0 1  0  0 -1
  0  0 1  0  0  0
6	% 
  1  0 0  0 0  0
  3 -1 0  0 0  0
 -3  0 0  0 1  0
  2  0 1 -1 0  0
  2  0 1  0 0 -1
  0  0 1  0 0  0
6	% 
 0 0 0 0  0 -1
 0 0 1 0  0 -3
 0 0 0 1  0  2
 1 0 0 0  0 -2
 0 0 0 0 -1 -2
 1 1 0 0  0  0
1,1,1;1;1;1 1 6
2 
#1 
6	% 
  0 0 1  0 0  1
  0 0 0 -1 0  0
  0 0 0  0 0 -1
 -1 0 0  0 0  0
  1 0 0  0 1  0
  1 1 0  0 0  0
1,1;1,1;1;1 1 20
30 
#6 
6	% 
  0  0 -1  0  0  0
  0  2  2  0 -2 -1
  0 -1  0  0  1  0
 -1  0  0  0 -1  0
  0  2 -1 -1 -2  0
  0  0  0  0 -1  0
6	% 
 0  0 -1  0  0 1
 0  1  1  2 -1 0
 0 -1  0 -2  1 0
 1  1  0  1  0 0
 0  1 -1  3 -1 0
 0  1  0  1  0 0
6	% 
 0  0  0 -1  0  0
 0 -2  0  2  2 -1
 0  1  0  0 -1  0
 1  0  0  0  1  0
 0 -2 -1 -1  2  0
 0  0  0  0  1  0
6	% 
 0 0 -2 -1 0  1
 0 0  1  0 0 -1
 1 0  0  0 0  0
 0 1  0  0 0  0
 0 0  0 -1 0  0
 0 0  0  0 1  0
6	% 
  0 0 -1 0 0 1
 -1 0  1 0 0 0
  1 0  0 0 0 0
  0 1  0 0 0 0
 -1 0 -1 1 0 0
  0 0  0 0 1 0
6	% 
  0 0  0 -1 0  0
 -2 0  0  2 0 -1
  1 0  0  0 0  0
  0 1  0  0 0  0
 -2 0 -1 -1 0  0
  0 0  0  0 1  0
1,1,1;1;1;1 1 8
30 
#6 
6	% 
 0  0  0  0  0  1
 0  1  0 -1 -1  0
 1  0  0  0  1  1
 1  0  0  0  0  0
 0 -1 -1  0  1  1
 1  1  0  0  0 -1
6	% 
 0  0  0  1  0 0
 0  1  0 -1 -1 1
 1  0  0  1  1 0
 1  0  0  0  0 0
 0 -1 -1  1  1 0
 1  1  0 -1  0 0
6	% 
 0  0  0 -1  0  0
 0  1  0  1 -1 -1
 1  0  0  0  1  0
 1  0  0  0  0  0
 0 -1 -1  0  1  0
 1  1  0  0  0  0
6	% 
 -1 0  1 -1  0  1
  2 0 -2  1  0 -1
 -1 1  1 -1  0  1
  0 1  0  0 -1  0
 -2 0  2 -2  0  1
  2 1 -1  1  0 -1
6	% 
  0  0 0 0 0 -1
 -1  0 0 1 0 -1
  0 -1 0 0 0  0
  0 -1 0 0 1  0
  1  0 1 0 0  0
 -1 -1 0 0 0  0
6	% 
 1 0  0 -1  0  0
 0 0  0  2  0 -1
 1 1  0 -1  0  0
 0 1  0  0 -1  0
 0 0 -1 -1  0  0
 0 1  0  1  0  0
2-1;2-1;1,1 1 8
1 
#1 
6	% 
  0  0  0  1 0  0
  0  0 -1  0 0  0
  0  0 -1  1 1 -1
 -1  0  0  0 0  0
  0  0  0 -1 0  1
 -1 -1 -1  1 0 -1
2-1,2-1;1,1 2 4
4 
#1 
6	% 
 -1 -1 0 0 -1 0
  1  0 0 0  1 0
 -1  0 1 0  0 0
 -2 -1 0 1 -1 0
  1  1 0 0  0 0
 -1 -1 0 0 -1 1
2-1,2-1;1;1 2 7
4 
#1 
6	% 
 -1 0 1  0 0 -1
  1 0 0  0 1  0
  0 0 0 -1 0  1
  0 0 0 -1 0  0
  1 1 0  0 0  0
  0 0 1 -1 0  0
2-1,2-1;1,1 1 3
4 
#1 
6	% 
  0  0 -1 0 0  1
  0  0  0 1 0 -1
 -1 -1 -1 1 0 -1
 -1  0  0 0 0  0
  0  0  1 0 0  0
  0  0 -1 1 1 -1
2-1,2-1;1;1 1 5
4 
#1 
6	% 
  0  0  0  1  0 0
  0  0 -1  0  0 0
 -1  0  0  0 -1 0
 -1 -1  0  0 -1 0
  0  0  0 -1  0 1
  0  0  0  0 -1 0
2-1;1,1;1;1 1 12
6 
#2 
6	% 
 -1 0  0  0 0  0
  1 1  1 -1 0  1
  0 0  0 -1 0  1
  0 0 -1  0 0  1
  1 0 -1  1 1 -1
  0 0 -1  0 0  0
6	% 
 -1 0 0 0 0 0
  1 1 0 0 0 0
  0 0 0 0 0 1
  0 0 0 1 0 0
  1 0 0 0 1 0
  0 0 1 0 0 0
2-1;1,1;1;1 1 15
10 
#3 
6	% 
 0 0  1 -1 0 1
 0 0  0  0 1 0
 0 0 -1  1 0 0
 1 0  0  0 0 0
 0 1  0  0 0 0
 0 0  1  0 0 0
6	% 
 0 0 1  2 0 -1
 0 0 0  0 1  0
 0 0 0 -1 0  1
 1 0 0  0 0  0
 0 1 0  0 0  0
 0 0 1  0 0  0
6	% 
 0 0 1 -1 0  2
 0 1 0  0 0  0
 0 0 0  1 0 -1
 1 0 0  0 0  0
 0 0 0  0 1  0
 0 0 1  0 0  0
2-1;1,1;1;1 1 29
6 
#2 
6	% 
  1  0  0  0  0 0
 -1 -1  0  0  0 0
 -1  0  0  0 -1 0
  0  0  1 -1  0 0
  0  0 -1  0  0 1
  0  0  1  0  0 0
6	% 
 0  0  1  0  0 -1
 0 -1 -1  0  1  0
 0  1  0 -1 -1  1
 1  0  0  0  1  0
 0  0  0  0 -1  0
 1  1  0  0  1  0
1,1;1,1;1;1 1 14
18 
#4 
6	% 
  0 0  1 0 0 -1
  1 0 -1 0 1  1
 -2 0 -1 1 0  0
  1 0  0 0 0  0
 -2 0 -1 0 0  0
  1 1  1 0 0 -1
6	% 
  0 0  1 -1 0  1
  1 0 -1  1 1 -1
 -2 0 -1  1 0  0
  1 0  0  0 0  0
 -2 0 -1  0 0  0
  1 1  1 -1 0  1
6	% 
  0 0  1 0 0 -1
  0 0 -1 0 1  1
  2 0 -1 1 0  0
 -1 0  0 0 0  0
  2 0  0 0 0  1
  0 1  1 0 0 -1
6	% 
 -1  0  0  0  0  0
  1  0  1  0  0  0
  0 -1 -2  0  0  2
  0  0  1  0  0 -1
  0  0 -2  0 -1  2
 -1  0  1 -1  0  0
1,1;1,1;1,1 1 7
6 
#2 
6	% 
 1  0  0 0 0 0
 0 -1  0 0 1 1
 0  0  0 0 1 0
 0  0  0 1 0 0
 0  1  0 0 0 0
 0 -1 -1 1 1 0
6	% 
 -1  0 0  0  0 0
  0  1 0 -1 -1 1
  0  0 0  0 -1 0
  0  0 0 -1  0 0
  0 -1 0  0  0 0
  0  1 1 -1 -1 0
1,1;1,1;1;1 1 8
25 
#6 
6	% 
 2 -1  0  0 1 0
 0  0  1 -1 0 1
 0  0 -1  0 0 0
 0  1  0  0 0 0
 1  0  0  0 1 0
 0  0  1 -1 0 0
6	% 
 2 -1 0  0 1 0
 0  0 0 -1 0 0
 0  0 0  0 0 1
 0  1 0  0 0 0
 1  0 0  0 1 0
 0  0 1 -1 0 0
6	% 
 -1 -1 0  0 -1 0
  0  0 0 -1  0 0
  0  0 0  0  0 1
  1  1 0  0  0 0
 -1  0 0  0 -1 0
  0  0 1 -1  0 0
6	% 
 -1 -1 0 0 -1  0
  0  0 0 0  0 -1
  0  0 0 1  0  0
  1  1 0 0  0  0
 -1  0 0 0 -1  0
  0  0 1 0  0 -1
6	% 
 0 0  1 -1 0  2
 0 2  0  0 1  0
 1 0  0  0 0  0
 0 0 -1  0 0 -1
 0 0  0 -1 0  2
 1 1  0  0 1  0
6	% 
  0  0  1  1  0 1
  0 -2  0  0 -1 0
 -1  0  0  0  0 0
  0  0 -1 -1  0 0
  0  0  0  1  0 1
 -1 -1  0  0 -1 0
1,1;1,1;1;1 1 29
36 
#5 
6	% 
  3  0  1 -1 0 -1
 -1  0 -2 -1 1  2
 -2 -1 -2 -1 0  2
  0  0  1  0 0  0
 -1  0  0  1 0  0
  1  0  0  0 0 -1
6	% 
  0 -2 -1  0 -2  1
 -2  0  0 -2  0 -1
 -2  0  1 -3  0  0
  1  1  0  1  0  0
  1  1  0  1  1  0
  0 -1  0  0  0  0
6	% 
  0 -1 -1  1  1 -1
  0 -1  0 -1 -2  1
  0 -1  1 -1 -2  0
 -1  0  0  0  0  0
  0  0  0  0  1  0
  1  1  0  0  0  0
6	% 
  0  0  1 0  0 -1
  0  1  0 0  1  1
  0  1 -1 1  1  0
  1  0  0 0  0  0
  0  0  0 0 -1  0
 -1 -1  0 0  0  0
6	% 
  0 0 0  1 0 0
  0 0 0 -1 0 1
  0 0 1 -1 0 0
 -1 0 0  0 0 0
  0 0 0 -2 1 0
  1 1 0  2 0 0
1,1;1,1;1,1 1 11
12 
#2 
6	% 
  1  0 -1  1  0  1
 -1 -2 -1 -4  1  3
  0 -1 -3 -2  2  1
  0  1  1  2 -1 -2
 -2  1  3  0 -1 -3
  2  0 -1  1  0  2
6	% 
  0  2 -1  0  2  1
  1 -3  2  0  2  1
 -1 -4  2 -3  1  1
 -1  1 -1 -1 -2 -1
  0 -1  0  1 -4 -2
  1  3 -1  2  3  1
1,1;1,1;1;1 1 37
18 
#4 
6	% 
 -1 -1 -1  1 0  1
  0  0  0  0 0  1
  1  0  0 -2 0  0
  0  1  1  2 1 -1
  0  0  1  1 1 -1
  0  1  2  1 1 -1
6	% 
  0  0 0 1  0 -1
 -1  0 0 0  0  0
  0 -1 0 0  1  1
  0  1 0 0  0  0
  0  1 1 0 -1 -1
 -1  0 0 0 -1  0
6	% 
 0  0 0 -1  0 1
 1  1 0  0  0 0
 0 -1 0  1 -1 0
 0  1 0  0  0 0
 0  1 1 -1  1 0
 1  1 0  0  1 0
6	% 
 0  0  0 0  0 1
 1  1  0 0  0 0
 0 -1 -1 0 -1 0
 0  1  0 0  0 0
 0  1  0 1  1 0
 1  1  0 0  1 0
1,1;1,1;1,1 1 12
6 
#2 
6	% 
  0  1  1 0  0  0
  0 -1 -1 0 -1  0
  1  0  0 0  1 -1
  0  0 -1 1  0  0
 -1  0  0 1  0  0
  0 -1 -1 0 -1  1
6	% 
  0  1  1  0  1 -1
  0 -1 -1  0  0  1
  0  0  0 -1  0  1
 -1 -1 -1  0  0  0
  0  1  0  0  1 -1
 -1 -1 -1  1 -1  0
2-1;1;1;1;1 1 26
2 
#1 
6	% 
  0 0 -1 0  0  1
  0 0  1 0  0  0
  0 0  0 1  0 -1
 -1 0  0 0 -1  0
  1 1  0 0  1  0
  0 0  0 0 -1  0
2-1;1;1;1;1 1 10
2 
#1 
6	% 
 0 0 -1 0 0  1
 0 0  0 1 0 -1
 1 0  0 0 1  0
 1 0  0 0 0  0
 0 0  1 0 0  0
 1 1  0 0 0  0
1,1;1;1;1;1 1 37
18 
#4 
6	% 
 0  1  2 -2 -1  2
 0 -1 -1  1  0 -1
 1  0 -1  1  1 -1
 0  2  4 -3 -2  3
 0 -2 -4  4  2 -3
 0  0  1  0  0 -1
6	% 
 0  1  2  2 -1 -2
 0 -1 -1 -1  0  1
 1  0 -1 -1  1  1
 0  2  4  3 -2 -3
 0 -2 -4 -3  2  4
 0  0  1 -1  0  0
6	% 
  1 0 0  0 0  0
  0 0 0  0 1  0
  0 1 0  0 0  0
  3 0 1 -1 0  0
 -3 0 0  1 0 -1
  0 0 0 -1 0  0
6	% 
 -1  0  0 0 0  0
  1  0  0 0 1  0
  0 -1  0 0 0  0
 -3  0 -1 1 0  0
  3  0  1 0 0 -1
  0  0 -1 0 0  0
1,1;1;1;1;1 1 10
10 
#3 
6	% 
 0 0  2 1 0 -1
 0 0 -2 0 0  1
 1 0  0 0 1  0
 1 0  0 0 0  0
 0 0  1 1 0  0
 1 1  0 0 0  0
6	% 
 0 0 1 -1 0  1
 0 0 0  0 0 -1
 1 0 0  0 1  0
 1 0 0  0 0  0
 0 0 0 -1 0  1
 1 1 0  0 0  0
6	% 
 0 0 1  2 0 -1
 0 0 0 -2 0  1
 1 0 0  0 1  0
 1 0 0  0 0  0
 0 0 1  1 0  0
 1 1 0  0 0  0
1,1;1;1;1;1 1 20
9 
#3 
6	% 
 0  1 0  0 -1  0
 0 -1 0  0  1 -1
 0  0 0  0  1  0
 0  0 1  0  0 -1
 1  0 0  0  1  0
 0  1 1 -1 -1  0
6	% 
 0  1 0  0 -1 0
 0 -1 0 -1  1 1
 0  0 0  0  1 0
 0  0 0 -1  0 0
 1  0 0  0  1 0
 0  1 1 -1 -1 0
6	% 
 -1  0 0  0  0  0
  1  0 1  0  0  0
  0  0 0  0 -1  0
  0  0 1  0  0 -1
  0 -1 0  0  0  0
 -1  0 1 -1  0  0
1,1;1;1;1;1 1 38
10 
#3 
6	% 
 2 1 0  0 -1 0
 0 0 0  0  1 0
 1 1 0  0  0 0
 0 0 0 -1  0 0
 0 0 1  0  0 0
 0 0 0  0  0 1
6	% 
  0 0 1  0  0 -1
  0 0 0 -1  0  1
  0 0 1  0  0  0
 -1 0 0  0 -1  0
  1 1 0  0  1  0
  0 0 0  0  1  0
6	% 
  0  0 1 -1 0  0
  0  0 0  1 0 -1
  0  0 1  0 0  0
 -1 -1 0  0 0  0
  1  1 0  0 1  0
  0  1 0  0 0  0
1,1;1;1;1;1 1 50
9 
#3 
6	% 
  0  0 -1  0  0  0
 -1  0  0  0 -1  0
  0  1  2 -1  1 -2
  0  1  1 -1  0 -1
 -1  0  1 -1  0 -1
  0 -1 -2  2 -1  1
6	% 
 -1 -1  0  0  0  0
  0  0 -1  0  0  1
  1 -1 -1  1 -1 -1
  0 -1 -1  1 -1  0
  0 -1 -1  0 -1  0
  0  1  1 -1  2  1
6	% 
 -1  0  0  0  0  0
  0  0  1  0  0 -1
  1  2  1 -1 -1  1
  0  1  1 -1 -1  0
  0  1  1  0 -1  0
  0 -1 -1  1  2 -1
1;1;1;1;1;1 1 33
1 
#1 
6	% 
  0 0 0 -1  0 1
  0 1 0  0  0 0
  0 0 0  1  0 0
 -1 0 0  0  0 0
 -1 0 0  0 -1 0
  0 0 1 -1  0 0
1;1;1;1;1;1 1 26
2 
#1 
6	% 
 -1 0 0  0 0  0
  1 0 0  0 1  0
  1 1 0  0 0  0
  0 0 0  0 0 -1
  0 0 1  0 0  0
  0 0 0 -1 0  0
1;1;1;1;1;1 1 13
1 
#1 
6	% 
 -1 0  0 0 0  0
  1 0  0 0 1  0
  0 0  0 1 0 -1
  0 0  0 1 0  0
  1 1  0 0 0  0
  0 0 -1 1 0  0
