#147

4-1;2-2 1 1
1 
#1 
6	% 
 1 0 0 0 0 0
 0 1 0 0 0 0
 0 0 1 0 0 0
 0 0 0 1 0 0
 0 0 0 0 1 0
 0 0 0 0 0 1
1,1,1,1,1,1 1 1
1 
#1 
6	% 
 1 0 0 0 0 0
 0 1 0 0 0 0
 0 0 1 0 0 0
 0 0 0 1 0 0
 0 0 0 0 1 0
 0 0 0 0 0 1
1,1,1,1,1;1 1 1
4 
#1 
6	% 
 0  0  0  0 -1  0
 0 -1 -1  0 -1 -1
 0 -1  0 -1 -1 -1
 0  0 -1 -1  0 -1
 0  1  1  1  1  1
 1  0  0  0  0  0
1,1,1,1,1;1 1 2
18 
#3 
6	% 
  0  0  1 1  0 1
  0 -1  0 0  0 0
 -1 -1  1 0  0 0
  0  0  1 0  0 1
  0  1 -1 0 -1 0
  0 -1  1 0 -1 1
6	% 
  0  0  1 0  0 -1
  0  1  0 0  0 -1
  1  1  1 1  1  0
  0  0  0 0  1 -1
 -1 -1 -1 0 -1  1
  0  1  1 1  1 -1
6	% 
 0  1  0 -1  0  0
 0  1  0  0  0  0
 0  1 -1 -1  0  0
 1  2  1  1  2 -1
 0 -2  0  0 -1  0
 0  2  0  0  1 -1
2-1;1,1,1;1 1 8
24 
#1 
6	% 
  0  0  0  0  0 -1
 -1 -1 -1 -1 -1  0
  0  0  0  1  0  1
  0  0  1  0  0  1
  0 -1  0  0  0 -1
 -1  0  0  0  0 -1
1,1,1,1;1,1 1 1
7 
#2 
6	% 
  0 -1 -1 -1 0  0
 -1  0 -1 -1 0  0
 -1 -1  0 -1 0  0
  1  1  1  1 0  0
  0  0  0  0 0 -1
  0  0  0  0 1  1
6	% 
 0  0 -1 -1  0 -1
 0  0  0 -1 -1 -1
 0  0 -1  0 -1 -1
 0  0  1  1  1  1
 0 -1  0  0  0  0
 1  1  0  0  0  0
1,1,1,1;1,1 1 2
48 
#3 
6	% 
 0  0 1  0 0  1
 0  0 0 -1 0  0
 0 -1 0  0 0  0
 1  0 0  0 0  0
 0  0 0  0 1 -1
 0  0 0  0 1  0
6	% 
 0 0 0  0 1 0
 0 0 0  0 0 1
 0 0 1  0 0 0
 0 1 0  0 0 0
 1 0 0  0 0 0
 0 0 0 -1 0 0
6	% 
  0  0  0  1  0  0
  0  0  1  0  0  0
  0  1  0  0  0  0
  1  0  0  0  0  0
 -1 -1 -1 -1 -1  0
 -1  1  1  1  1 -1
2-1;1,1,1,1 1 1
6 
#1 
6	% 
 1  0  0 0  0  0
 0  0  0 1  0  0
 0  0 -1 0 -1 -1
 0 -1  0 0 -1 -1
 0 -1 -1 0  0 -1
 0  1  1 0  1  1
1,1,1;1,1,1 1 1
4 
#1 
6	% 
  0  0 1  1  0  0
  0 -1 0  0  0  0
  0  0 0 -1  0  0
  0  0 0  0 -1 -1
 -1  0 0  0  0 -1
  1  0 0  0  1  1
1,1,1,1;1,1 1 3
84 
#3 
6	% 
  0 -1  1  0  0  1
  0  0  1  0  0  0
  0  1  0  1 -1  0
  1  0 -1 -1  1  0
  1  0  1 -1  1 -1
 -1 -1  0  0 -1  1
6	% 
  0  0  0  0  0 -1
 -1 -1 -1 -1 -1 -1
  0  1  0  0  0  0
  1  0  1  0  0  1
  0 -1  0 -1  0 -1
 -1  0  0  0  0  0
6	% 
  0  0  1  0  0  0
 -1 -1 -1 -1 -2  1
 -1  0  0  0  0 -1
  1  1  0  0  1  0
  0 -1  0 -1 -1  1
  0  0  0  1  0 -1
2-1;1,1;1,1 1 11
72 
#1 
6	% 
  1 0  0  1  1 0
  0 1  1  0 -1 1
  0 0 -1  0  0 0
 -1 0  0  0  0 0
  0 0  0 -1  0 0
  0 1  0  0  0 0
1,1,1;1,1,1 1 2
30 
#2 
6	% 
 -1  0  0  1 -1 -1
  0  0  0  0  1  0
 -1 -1  0 -1  0  0
  0  0 -1  0  0  0
  1  0  1  0  0  0
  0  0  1  1  0  0
6	% 
  0  1 0 0  0  0
  1  1 0 0  2 -1
  0  0 0 1  0  1
  0  0 1 0  0  1
 -1 -1 0 0 -1  0
  1  1 0 0  1 -1
2-1;1,1,1;1 1 4
48 
#3 
6	% 
 1 0  0 0  0 0
 0 0  0 1  0 0
 0 1  0 0  0 1
 0 0 -1 0  0 0
 0 0  0 0 -1 0
 0 0  0 0 -1 1
6	% 
 1 0  0  0 0  0
 0 1  0  0 0  0
 0 0  0  0 1  0
 0 0 -1 -1 0 -1
 0 0  0  1 0  0
 0 0 -1  0 0  0
6	% 
 1  0  0 0  0 0
 0  0  0 1  0 0
 0 -1 -1 0 -2 1
 0 -2 -1 0 -2 1
 0  1  1 0  1 0
 0 -1 -1 0 -1 1
2-1;1,1,1;1 1 1
12 
#1 
6	% 
 0 0 0 1  0  0
 1 0 0 0  0  0
 0 0 1 0  0  1
 0 0 0 0 -1  0
 0 0 0 0  0 -1
 0 1 0 0  0  0
2-1;1,1;1,1 1 1
6 
#1 
6	% 
 0 0  0 1 0  0
 1 0  0 0 0  0
 0 0 -1 0 0  0
 0 1  1 0 0  0
 0 0  0 0 0 -1
 0 0  0 0 1  1
1,1,1;1,1,1 1 3
72 
#1 
6	% 
  0 -1  0  0  0  0
  0  0 -1  0  0  1
  0 -1  1  1 -1  1
  1  1  0 -1  1 -1
  1  1  1  0  1  0
 -1 -1  0  1 -1  0
1,1,1;1,1,1 1 4
36 
#1 
6	% 
  1 -1  0 1  1  0
  1 -1  0 0  1 -1
 -1  2  0 0 -2  1
  1 -1 -1 0  1 -1
 -2  1  0 0 -2  1
  1 -1  0 0  1  0
2-1;1,1;1,1 1 3
36 
#1 
6	% 
 1  0 0 0  0  0
 0  0 0 1  0  0
 0 -1 0 0 -2  1
 0  0 1 0  0  1
 0  1 0 0  1 -1
 0 -1 0 0 -1  0
2-1;1,1;1,1 1 7
36 
#1 
6	% 
 0 1  0  0  0  0
 1 0  0  0  0  0
 0 0  0  1 -1  1
 0 0  0 -1  0 -1
 0 0  1  0  1  0
 0 0 -1  0  0 -1
2-1',2-1';1,1 1 1
6 
#1 
6	% 
  1  1  0 -1 0  0
  0  1  1  1 0  0
 -1  0  0  1 0  0
  0 -1 -1  0 0  0
  0  0  0  0 0 -1
  0  0  0  0 1  1
2-1',2-1';1;1 1 3
18 
#1 
6	% 
  1  1  0 -1  0  0
  0  1  1  1  0  0
 -1  0  0  1  0  0
  0 -1 -1  0  0  0
  0  0  0  0 -1  0
  0  0  0  0  1 -1
2-2;1,1,1,1 1 2
16 
#1 
6	% 
  1  0  0  0  0  0
  2  1  1  1  1  1
  1  0  0  0  0 -1
 -2 -1 -1  0 -1  0
  2  1  0  1  1  0
 -2  0 -1 -1 -1  0
2-2;1,1,1,1 1 1
1 
#1 
6	% 
  0  0  0  0 0 1
  0  0  0  0 1 0
  0 -1 -1 -1 0 0
 -1  0 -1 -1 0 0
 -1 -1  0 -1 0 0
  1  1  1  1 0 0
2-2',2-2';1,1 1 2
32 
#1 
6	% 
  1  0  0  0  0 0
  0 -1  0  1  0 1
  0 -1  1  0 -1 1
 -1  0 -1  0  0 0
  1  1  0  0  0 0
 -1  0  0 -1  0 0
1,1,1,1;1;1 1 1
6 
#1 
6	% 
 0 -1  0 0 -1 -1
 0 -1 -1 0  0 -1
 0  0 -1 0 -1 -1
 0  1  1 0  1  1
 1  0  0 0  0  0
 0  0  0 1  0  0
2-2;1,1,1;1 1 1
4 
#1 
6	% 
 0  0  0  0  0 1
 0  0  0  0 -1 1
 0  0 -1 -1  0 0
 0 -1  0 -1  0 0
 0  1  1  1  0 0
 1  0  0  0  0 0
1,1,1;1,1;1 1 1
16 
#2 
6	% 
 0 1  0  1 0 0
 0 0 -1  0 0 0
 0 0  0 -1 0 0
 0 0  0  0 1 0
 0 0  0  0 0 1
 1 0  0  0 0 0
6	% 
 0 0  0  1 0 1
 0 0  0  1 0 0
 0 0  0 -1 1 0
 0 0 -1  0 0 0
 0 1  1  0 0 0
 1 0  0  0 0 0
2-2;1,1,1;1 1 3
16 
#1 
6	% 
 0  0  0  0  0 -1
 0  1  1 -1  1  1
 1  0  0  0  0  0
 0 -1 -1  0 -1  0
 0  1  0 -1  1  0
 0  0 -1  1 -1  0
2-2',2-2';1;1 1 3
32 
#1 
6	% 
 1  0  0  0  0  0
 0  0  0  0  0 -1
 0  0  0  0 -1  0
 0 -1  0  0 -1  0
 0  0  0 -1  0 -1
 0  0 -1  0  1 -1
1,1,1,1;1;1 1 2
48 
#3 
6	% 
 0  0 1  0 0 0
 0  0 0  0 1 0
 0  0 0  0 0 1
 1  0 0  0 0 0
 0  0 0 -1 0 0
 0 -1 0  0 0 0
6	% 
 0  0  0 1  0  0
 0 -1 -1 0 -1  2
 0  0  1 0  0  0
 1  0  0 0  0  0
 0  0  0 0  0 -1
 0  0  0 0 -1  1
6	% 
 0 0 1  0  0 1
 0 1 0  1  0 1
 0 0 0 -1  0 0
 1 0 0  0  0 0
 0 0 0  0 -1 0
 0 0 0  0 -1 1
1,1,1;1,1;1 1 8
144 
#2 
6	% 
 0  1 0 -1 -2 0
 0  0 0  0 -1 0
 0 -1 1  1  4 0
 0  1 0  0 -1 0
 0 -1 0 -1 -1 1
 1  0 0  0  0 0
6	% 
 0  2  2 -2  2 -1
 0  3  2 -3  2 -1
 0 -7 -5  7 -6  3
 0  1  1 -1  1 -1
 0  2  1 -1  1  0
 1  0  0  0  0  0
1,1,1;1,1;1 1 3
96 
#3 
6	% 
 0  1  0  1  0  0
 0  1  0  1  1  0
 0 -2  0 -2 -1 -1
 0  1  0  0  0  0
 0  0 -1  0  0  0
 1  0  0  0  0  0
6	% 
 0 0  0  0 -1 0
 0 0  1  0  0 0
 0 0 -1 -1  0 0
 0 0  0  0 -1 1
 0 1  0  0  0 0
 1 0  0  0  0 0
6	% 
 0 0  2  2  2 -1
 0 0  1  1  0  0
 0 0 -2 -3 -2  1
 0 0  1  1  1 -1
 0 1  0  0  0  0
 1 0  0  0  0  0
1,1,1;1,1;1 1 4
48 
#3 
6	% 
 0  1 0 1  0 0
 0  1 0 0  0 0
 0 -1 1 0  0 0
 1  0 0 0 -1 1
 1  0 0 0  0 1
 0  0 0 0 -2 1
6	% 
  0  0  0  0 1  0
  0 -1  0  0 0 -1
  0  0  0  0 0  1
 -1  0 -1  0 0  0
 -1  0 -1 -1 0  0
 -1  0  0  1 0  0
6	% 
  0  0  1  0 0 0
  0  0  1  1 0 0
  0 -1 -1 -1 0 0
  0  0  0  0 1 0
 -1  0  0  0 0 0
  0  0  0  0 0 1
1,1,1;1,1;1 1 2
60 
#4 
6	% 
 0  0  0 0 0 -1
 0  1  0 0 0  0
 0 -1 -1 0 0  0
 1  0  0 0 0  0
 0  0  0 1 0  0
 0  0  0 0 1 -1
6	% 
  1 0 0  1  0  0
  1 0 0  1  1  0
 -2 0 0 -2 -1 -1
  0 1 0  0  0  0
  0 0 1  0  0  0
  1 0 0  0  0  0
6	% 
 -1 0  0 -1 0  0
  0 0  1  0 0  0
  1 1 -1  1 0  0
  0 0  0  0 0 -1
  0 0  0  0 1  1
  0 0  0 -1 0  0
6	% 
 0 0 0  0 -1  2
 0 0 1  1  0  0
 0 0 0 -1  1 -2
 1 0 0  0  0  0
 0 1 0  0  0  0
 0 0 0  0 -1  1
1,1,1;1,1;1 1 7
288 
#4 
6	% 
 0  0  0  0 0  1
 0  2  1  1 0  2
 0 -3 -2 -2 0 -5
 1  1  1  0 0  1
 1  0  0  0 0  0
 0  0  0  0 1  0
6	% 
 1 0 0 1  0  0
 0 0 0 0 -1  2
 0 0 1 0  2 -4
 0 0 0 0 -1  1
 0 1 0 0  0  0
 1 0 0 0  0  0
6	% 
 1 0 0 1 0  2
 0 0 0 0 0 -1
 0 0 1 0 0  0
 0 1 0 0 1 -1
 0 1 0 0 0  0
 1 0 0 0 0  1
6	% 
 0 -2 -2 -2 -2 1
 0  0 -1 -1  0 0
 0  1  2  2  0 0
 1  0  0 -1  0 0
 1  0  0  0  0 0
 0 -1 -1 -1 -1 1
1,1,1;1,1;1 1 9
168 
#5 
6	% 
 -2 -1  1 0  0  0
 -2  0  0 1  0  0
  3  1 -1 0  0  0
 -1  0  1 0  0  1
  0 -1 -1 0 -1 -2
  0  0  0 0 -2  1
6	% 
  0 -1  1 0 0  0
  0  0  0 0 1  1
  0  1 -1 0 0 -1
  0  0  1 0 0  0
  0  0  0 1 0  0
 -1  0  0 1 0  0
6	% 
  0  0  0  0 -1 0
  0  1  0  0  0 0
  0 -1 -1  0  0 0
 -1  0  0 -1 -1 1
  0  0  0  1  0 0
 -1  0  0  1  0 0
6	% 
  0 0  2 0  2 -1
  0 1  2 0  2 -1
  0 0 -3 0 -2  1
  0 0  1 0  1 -1
  0 0  0 1  0  2
 -1 0  0 1  0  0
6	% 
 -1  0 0 -1  0  0
  0  0 1  0  0  0
  1 -1 0  1  0  0
  0  0 0 -1  0  0
 -1  0 0  1 -1  0
  0  0 0  0  0 -1
1,1,1,1;1;1 1 5
84 
#3 
6	% 
  1  1 -1  1  0  1
  1  1 -1  2  0  0
  1  1 -1  1 -1  1
 -1 -1  2 -2  0 -1
  1  2 -1  2  0  1
 -1 -1  1 -1 -1  0
6	% 
  1  1 -1  1  1  1
  1  1 -1  1  1  0
  0  1 -1  1  0  1
 -1 -2  1 -1 -1 -1
  1  1 -2  1  1  1
 -1 -1  1  0  0 -1
6	% 
 0  1  0  0  0  0
 0  1 -1  0  0  0
 0  1  0 -1  0  0
 0 -2  0  0 -1  1
 0  2  0  0  0 -1
 1 -1  0  0  0  0
2-2;1,1,1;1 1 5
96 
#2 
6	% 
  1 0 0 0  0 0
  2 0 0 0 -1 0
 -2 0 0 0 -1 1
 -3 0 0 1  0 1
 -3 0 1 0  0 1
 -3 1 0 0  0 1
6	% 
  1  0  0  0  0 0
  1  1  1  1  1 0
 -1 -1 -1 -1 -1 1
 -2 -2 -2 -1 -2 1
 -2 -2 -1 -2 -2 1
 -2 -1 -2 -2 -2 1
1,1,1,1;1;1 1 3
9 
#2 
6	% 
  0 -1 -1 -1  0  0
 -1  0 -1 -1  0  0
 -1 -1  0 -1  0  0
  1  1  1  1  0  0
  0  0  0  0 -1  0
  0  0  0  0  1 -1
6	% 
 0 -1  0 0 -1 -1
 0 -1 -1 0  0 -1
 0  0 -1 0 -1 -1
 0  1  1 0  1  1
 0  0  0 1  0  0
 1  0  0 0  0  0
1,1,1;1,1;1 1 12
216 
#4 
6	% 
  0  0 0  0  0 -1
  1  0 0  1  0  0
 -1 -1 1 -1  0  0
  1  0 0  0  0  0
 -1 -1 0  0  0  0
  0  0 0  0 -1  0
6	% 
 1  0  0 1  0  0
 0  1 -1 0 -1  2
 0 -1  1 0  2 -4
 0  1  0 0  0  1
 0 -1  0 0  0 -2
 1  0  0 0  0  0
6	% 
 1 0  0 1  0  0
 0 0  0 0  0  1
 0 1 -1 0  0 -1
 0 1  1 0  1  0
 0 0 -1 0 -1  0
 1 0  0 0  0  0
6	% 
  2  0  0  2  2 -1
  2  1 -1  2  4 -2
 -5 -2  2 -5 -8  4
  1  1  0  1  2 -1
 -3 -1  1 -2 -4  2
  1  0  0  1  1 -1
2-2;1,1,1;1 1 2
12 
#1 
6	% 
  0 0 1 0 0 0
  0 1 0 0 0 0
  0 0 0 1 0 0
  0 0 0 0 0 1
  0 0 0 0 1 0
 -1 0 0 0 0 0
2-1;1,1;1;1 1 26
12 
#1 
6	% 
 0  0 0  0  1  0
 0  0 0  0 -1 -1
 0  0 0 -1  0  0
 0  0 1  0  0  0
 0 -1 0  0  0  0
 1  0 0  0  0  0
2-2;2-1;1;1 1 11
12 
#1 
6	% 
 0  0 0  0 0 1
 0  0 0  0 1 0
 0  0 0 -1 0 0
 0  0 1  0 0 0
 0 -1 0  0 0 0
 1  0 0  0 0 0
3;1,1,1 1 3
8 
#1 
6	% 
 0 0  0  0 0  1
 0 0  0  0 1 -1
 0 0  0 -1 0  0
 0 0 -1  0 0  0
 0 1  0  0 0  0
 1 0  0  0 0  0
2-1;1,1;1;1 1 32
144 
#2 
6	% 
  1  1  1  1  1 -1
 -1 -1 -1 -1  0  1
  2  2  2  1  1 -2
 -2 -1 -2 -2 -1  2
 -2 -2 -1 -2 -1  2
 -1 -2 -2 -2 -1  2
6	% 
 0 0 0  0 -1  0
 0 0 0  0 -1  1
 0 0 0 -1  0 -1
 0 1 0  0  0  1
 0 0 1  0  0  1
 1 0 0  0  0  1
1,1,1;1;1;1 1 5
24 
#2 
6	% 
 0 1  0  1 0 0
 0 0 -1  0 0 0
 0 0  0 -1 0 0
 1 0  0  0 0 0
 0 0  0  0 0 1
 0 0  0  0 1 0
6	% 
 0 0 0  0 1  1
 0 0 0 -1 0  0
 0 0 0  0 0 -1
 0 0 1  0 0  0
 0 1 0  0 0  0
 1 0 0  0 0  0
1,1;1,1;1;1 1 4
15 
#2 
6	% 
 0  1 1  0 0 0
 0 -1 0  0 0 0
 0  0 0 -1 0 0
 1  0 0  1 0 0
 0  0 0  0 0 1
 0  0 0  0 1 0
6	% 
 0 0  1 1  0  0
 0 0 -1 0  0  0
 0 0  0 0  1  0
 0 0  0 0 -1 -1
 0 1  0 0  0  0
 1 0  0 0  0  0
1,1;1,1;1,1 1 1
3 
#1 
6	% 
 0  1 1  0 0  0
 0 -1 0  0 0  0
 0  0 0 -1 0  0
 1  0 0  1 0  0
 0  0 0  0 0 -1
 0  0 0  0 1  1
1,1;1,1;1;1 1 19
72 
#2 
6	% 
 -1  0 -1  1 0 0
  0 -1 -1 -1 0 0
  1  1  1  0 0 0
  0  0  0  0 0 1
 -1  1  0  1 0 0
  0  0  0  0 1 0
6	% 
 0 0 1 0  1 -2
 0 0 0 1  1  0
 0 0 0 0 -1  1
 0 1 0 0  0  0
 0 0 0 0  0 -1
 1 0 0 0  0  0
1,1;1,1;1,1 1 2
48 
#2 
6	% 
 -1  0 -1  1 0 0
  0  0  0  0 1 0
  0  0  0  0 0 1
  0 -1 -1 -1 0 0
  1  1  1  0 0 0
 -1  1  0  1 0 0
6	% 
 -1 0 0  0 -2  1
  0 0 0 -1  0  0
  0 0 1  1  0  0
  0 1 0  0  0  1
  1 0 0  0  1 -1
 -1 0 0  0 -1  0
1,1,1;1;1;1 1 10
84 
#4 
6	% 
  0 -1  1 -1 0  0
 -1  0  0  1 0  0
  1  0 -1  0 0  0
  0  0  0  0 0 -1
  0  0  0  0 1  0
 -1 -1  0  0 0  0
6	% 
 0  0  0  0 0 1
 0  0  0  0 1 0
 0  0  0 -1 0 0
 0 -1  0  0 0 0
 1  0  0  0 0 0
 0  0 -1  0 0 0
6	% 
 0  0 0 -1 0  0
 0  0 1  1 1 -2
 0  0 0  0 0  1
 0 -1 0  0 0  0
 1  0 0  0 0  0
 0  0 0  0 1 -1
6	% 
 0  0 0 1  0 1
 0  0 1 0  0 1
 0  0 0 0 -1 0
 0 -1 0 0  0 0
 1  0 0 0  0 0
 0  0 0 0 -1 1
2-2;2-2;1,1 1 3
16 
#1 
6	% 
 1 0  0 0 0 0
 0 0  0 0 0 1
 0 0  0 0 1 0
 0 0  0 1 0 0
 0 0 -1 0 0 0
 0 1  0 0 0 0
2-2;1,1;1,1 1 3
16 
#1 
6	% 
 1 0  0 0  0 0
 0 0  0 0  1 1
 0 0  0 0 -1 0
 0 0  0 1  0 0
 0 0 -1 0  0 0
 0 1  0 0  0 0
1,1;1,1;1,1 1 5
42 
#2 
6	% 
  0  0  0  0 1  1
  0  0  0  0 0 -1
  1  1  1  0 0  0
 -1 -1  0  0 0  0
  0  1  1 -1 0  0
  0  0 -1  1 0  0
6	% 
 0 -1  0  0  0  0
 1  1  0  0  0  0
 0  0  1  1  1 -1
 0  0  0 -1 -1  0
 0  0  1  1  0 -1
 0  0 -1  0  1  0
1,1;1,1;1;1 1 34
54 
#2 
6	% 
 0  1  0 0 0 0
 0 -1  0 1 0 0
 0  0  0 0 0 1
 1  0  1 0 0 0
 0  0 -1 0 0 0
 0  0  0 0 1 0
6	% 
 0 0  1  0  1 -1
 0 0 -1  0 -1  0
 0 1  0  0  0  0
 0 0  0  1 -1  0
 0 0  0 -1  0  1
 1 0  0  0  0  0
1,1,1;1;1;1 1 2
48 
#3 
6	% 
 0 0 0 1  0 1
 0 1 0 0  0 1
 1 0 0 0  0 0
 0 0 1 0  0 0
 0 0 0 0 -1 0
 0 0 0 0 -1 1
6	% 
 0 0  0  0 0 1
 0 0  0  0 1 0
 1 0  0  0 0 0
 0 1  0  0 0 0
 0 0  0 -1 0 0
 0 0 -1  0 0 0
6	% 
 0 0 0 -1 0  0
 0 0 1  1 1 -2
 1 0 0  0 0  0
 0 1 0  0 0  0
 0 0 0  0 0  1
 0 0 0  0 1 -1
2-2;1,1;1,1 1 4
96 
#2 
6	% 
  1 0 0  0  2 -1
 -1 0 0  0 -1  0
 -1 0 0  0 -1  1
  0 0 0 -1  0  1
  0 0 1  0  0  1
  0 1 0  0  0  1
6	% 
 -1  0  0  0  0 -1
  0  1  1 -1  1  0
  0 -1 -1  1 -1  1
  0 -2 -2  1 -2  1
  0 -2 -1  2 -2  1
  0 -1 -2  2 -2  1
1,1,1;1;1;1 1 7
144 
#2 
6	% 
 0 1  1 -1 0  1
 1 0  0  0 0  0
 0 0  0  0 1  0
 0 0 -1  1 0  0
 0 0  0  0 1 -1
 0 1  1  0 0  0
6	% 
  1 0 1  1 1 -2
  0 1 0  0 0  0
  0 0 0  1 0  0
 -1 0 0 -1 0  1
 -1 0 0  0 0  0
  1 0 0  1 1 -1
1,1;1,1;1;1 1 16
288 
#4 
6	% 
 0  1  1 -1 0  0
 1  0  0  0 0  0
 0  0  0  0 1  0
 0 -1 -1  0 0 -1
 0  0  0  0 1 -1
 0  0  1 -1 0 -1
6	% 
 0 0 1  0  1 0
 0 1 0  0  0 0
 0 0 0 -1  0 0
 0 0 0  0 -1 1
 1 0 0  0  0 0
 0 0 0  0  0 1
6	% 
  0 0 1  0  0  0
  0 1 0  0  0  0
  1 0 0  0  0  2
 -1 0 0 -1  1 -4
  0 0 0 -1  0 -2
 -1 0 0 -1 -1 -3
6	% 
  1 0  1 1  0  0
  0 1  0 0  0  0
  0 0  0 0  1 -1
 -1 0 -1 0 -1  2
  0 0  0 0  0  1
  0 0  1 1 -1  2
1,1;1,1;1;1 1 2
96 
#3 
6	% 
 0 -1 0 0 0 -1
 0  0 1 0 0  0
 0  0 0 1 0  0
 1  0 0 0 0  0
 0  1 0 0 1  0
 0 -1 0 0 1 -1
6	% 
 0 1  1 -1  0 0
 0 0  0  0  1 1
 0 0  0  0 -1 0
 1 0  0  0  0 0
 0 0 -1  1  0 0
 0 1  1  0  0 0
6	% 
 1 0 0 0 1 -2
 0 0 1 0 0  0
 0 0 0 1 0  0
 0 1 0 0 0  0
 0 0 0 0 0  1
 0 0 0 0 1 -1
1,1;1,1;1,1 1 4
144 
#2 
6	% 
  0 1  1 -1  0 0
 -1 0  0  0 -2 1
  1 0  0  0  1 0
  0 0 -1  1  0 0
  0 1  1  0  0 0
 -1 0  0  0 -1 1
6	% 
  1 0  1  1  0 0
  0 1  0  0  0 1
 -1 0  0  1 -1 0
  0 0 -1 -1  0 0
  1 0  1  0  0 0
 -1 0  0  1 -1 1
2-2;1,1;1,1 1 1
3 
#1 
6	% 
 0  0 0  0  0 1
 0  0 0  0 -1 1
 0 -1 0  0  0 0
 1  1 0  0  0 0
 0  0 0 -1  0 0
 0  0 1  1  0 0
1,1;1,1;1;1 1 23
36 
#1 
6	% 
 1 0  0  0  0  0
 0 1  0  0  0  0
 0 0  1  1  1 -1
 0 0  0 -1 -1  0
 0 0  1  1  0 -1
 0 0 -1  0  1  0
1,1,1;1;1;1 1 1
4 
#1 
6	% 
 0 0 0  0 1  1
 0 0 0 -1 0  0
 0 0 0  0 0 -1
 1 0 0  0 0  0
 0 1 0  0 0  0
 0 0 1  0 0  0
1,1;1,1;1;1 1 7
36 
#1 
6	% 
 0 0 1 0  1 -2
 0 0 0 1  1  0
 1 0 0 0  0  0
 0 1 0 0  0  0
 0 0 0 0 -1  1
 0 0 0 0  0 -1
1,1;1,1;1;1 1 1
6 
#1 
6	% 
 0 0  1 1  0 0
 0 0 -1 0  0 0
 0 0  0 0  1 1
 0 0  0 0 -1 0
 1 0  0 0  0 0
 0 1  0 0  0 0
2-2;2-1;1,1 1 1
6 
#1 
6	% 
 0 0  0 1  0 0
 1 0  0 0  0 0
 0 0  0 0  0 1
 0 0  0 0 -1 1
 0 0 -1 0  0 0
 0 1  1 0  0 0
2-2;1,1,1;1 1 4
16 
#1 
6	% 
 0  0 0 0  1 0
 0  0 0 0  1 1
 1  0 0 0 -1 0
 0  0 0 1  0 0
 0  0 1 0  0 0
 0 -1 0 0  0 0
1,1;1,1;1;1 1 8
144 
#2 
6	% 
 0  1 1 -1 0  0
 1  0 0  0 1 -2
 0  0 0  0 0  1
 0 -1 0  0 0  0
 0  0 0 -1 0  0
 0  0 0  0 1 -1
6	% 
 0  1 1 -1  0 0
 1  0 0  0  0 1
 0  0 0  0 -1 0
 0 -1 0  0  0 0
 0  0 0 -1  0 0
 0  0 0  0 -1 1
2-2;2-2;1;1 1 3
16 
#1 
6	% 
 1  0 0 0  0 0
 0  0 0 0  0 1
 0  0 0 0 -1 1
 0  0 0 1  0 0
 0  0 1 0  0 0
 0 -1 0 0  0 0
1,1;1,1;1,1 1 10
72 
#1 
6	% 
  0 1  1  1  0 0
  1 0  0 -1  1 0
  0 0 -1  0  0 0
  1 1  1  0  0 0
  0 1  0  0  0 0
 -1 0  0  1 -1 1
1,1;1,1;1;1 1 9
84 
#3 
6	% 
  0 0 1 0  0  0
  0 1 0 0  0  0
  0 0 0 0 -1  0
  0 0 0 1  0  2
  0 0 0 0 -1  1
 -1 0 0 0  0 -2
6	% 
  0 0  0  0 0 -1
  0 0  0  0 1  1
  0 0 -1  0 0  0
  0 1  1  1 0  0
  0 0  0  1 0  0
 -1 0 -1 -1 0  0
6	% 
 0 1 0 0 0  0
 0 0 1 0 0  0
 0 0 0 1 0  0
 0 0 0 0 0  1
 1 0 0 0 0  0
 0 0 0 0 1 -1
2-2,2-2;1,1 2 2
96 
#1 
6	% 
 0 1 0 0  0 0
 0 0 0 0  0 1
 0 0 0 0 -1 1
 0 0 0 1  0 0
 0 0 1 0  0 0
 1 0 0 0  0 0
1,1;1,1;1;1 1 25
216 
#3 
6	% 
  1  0 -1  1 0 -2
  0  0  0  0 1  0
 -2 -1  1 -1 0  0
  1  1  0  1 0  2
  1  1 -1  2 0  0
  0  0  0  0 1 -1
6	% 
  1  1  0 0  1 -1
 -2 -1  0 0 -1  2
  0  0  0 1  1  0
 -1 -1  0 0  0  1
  0  0 -1 0 -1  0
  1  2  0 0  1 -2
6	% 
  0  0  0 -1 0  0
  1  0 -1  1 0  0
 -1  0  0  1 0  1
  1  0  0  0 0  0
  1  0  0 -1 1 -1
 -1 -1  0 -1 0  0
1,1,1;1;1;1 1 15
72 
#2 
6	% 
  0  0  0 1  0  0
  0  0  0 0 -1  0
  0  0 -1 0  0  1
 -1  0  0 0  0  0
  0 -1  0 0  0 -1
  0  0  0 0 -1  1
6	% 
 -1 -1  0  1 0  0
  0  0 -1 -1 0  1
  0  1  0  0 0  0
  1  1 -1  0 0  0
 -1  0  0  0 0  0
  0  0  1  1 1 -1
2-1;1;1;1;1 1 35
36 
#1 
6	% 
 0  0  0  0 -1  0
 0  0  0  0  1 -1
 0  0  0 -1  0  0
 0  0 -1  0  0  0
 0 -1  0  0  0  0
 1  0  0  0  0  0
2-2;1,1;1,1 1 2
12 
#1 
6	% 
 0 0 1  0 0 0
 0 1 0  0 0 0
 1 0 0  0 0 0
 0 0 0  0 0 1
 0 0 0  0 1 0
 0 0 0 -1 0 0
2-2;1,1;1,1 1 5
6 
#1 
6	% 
 0 0 0 0  0 1
 0 0 0 0 -1 1
 0 1 0 0  0 0
 0 0 1 0  0 0
 1 0 0 0  0 0
 0 0 0 1  0 0
1,1,1;1;1;1 1 19
8 
#1 
6	% 
  0  0 0  0 0 1
  0  0 0  0 1 0
  0  0 0 -1 0 0
 -1  0 0  0 0 0
  0  0 1  0 0 0
  0 -1 0  0 0 0
1,1;1,1;1;1 1 39
72 
#1 
6	% 
  1  1  1  1  1 -1
 -1 -1 -1 -1  0  1
  0  1  1  1  0 -1
 -1 -1 -1  0 -1  1
 -1  0 -1 -1  0  1
 -1 -1  0 -1 -1  1
2-1;1,1;1;1 1 4
72 
#2 
6	% 
 0 0 0 1  0 0
 1 0 0 0  0 0
 0 1 0 0  0 1
 0 0 1 0  0 0
 0 0 0 0 -1 0
 0 0 0 0 -1 1
6	% 
 0 0 0 1 0  0
 1 0 0 0 0  0
 0 0 1 0 1 -2
 0 1 0 0 0  0
 0 0 0 0 0  1
 0 0 0 0 1 -1
2-1;1,1;1;1 1 18
72 
#2 
6	% 
 0  0  0 1  0  0
 1  0  0 0  0  0
 0  0  0 0 -1  0
 0  0 -1 0  0  2
 0  0  0 0 -1  1
 0 -1  0 0  0 -2
6	% 
 0 1  0  0 0  0
 1 0  0  0 0  0
 0 0  0  1 0  0
 0 0 -1 -1 0  1
 0 0 -1  0 0  0
 0 0  1  1 1 -1
2-1;1,1;1;1 1 6
24 
#2 
6	% 
 1 0  0 0  0  0
 0 0  0 1  0  0
 0 0 -1 0  0  0
 0 1  1 0  0  0
 0 0  0 0 -1  0
 0 0  0 0  1 -1
6	% 
 1 0 0 0  0  0
 0 1 0 0  0  0
 0 0 0 0  1  0
 0 0 0 0 -1 -1
 0 0 0 1  0  0
 0 0 1 0  0  0
3;1,1,1 2 1
4 
#1 
6	% 
 0 0  0 1  0  0
 0 1  0 0  0  0
 1 0  0 0  0  0
 0 0  0 0 -1 -1
 0 0 -1 0  0 -1
 0 0  1 0  1  1
2-2;2-1;1;1 1 1
6 
#1 
6	% 
 0 0 0 1  0 0
 1 0 0 0  0 0
 0 0 0 0  0 1
 0 0 0 0 -1 1
 0 1 0 0  0 0
 0 0 1 0  0 0
2-1;1,1;1;1 1 1
6 
#1 
6	% 
 0 0 0 1  0 0
 1 0 0 0  0 0
 0 0 0 0  1 1
 0 0 0 0 -1 0
 0 1 0 0  0 0
 0 0 1 0  0 0
2-2;2-1;1;1 1 3
6 
#1 
6	% 
 1 0 0 0  0 0
 0 1 0 0  0 0
 0 0 0 0  0 1
 0 0 0 0 -1 1
 0 0 0 1  0 0
 0 0 1 0  0 0
2-1;2-1;1;1 1 5
9 
#1 
6	% 
 0 1 0 0 0 0
 0 0 1 0 0 0
 0 0 0 1 0 0
 1 0 0 0 0 0
 0 0 0 0 0 1
 0 0 0 0 1 0
2-1;2-1;1,1 1 1
3 
#1 
6	% 
 0 0 1 0 0  0
 0 1 0 0 0  0
 0 0 0 1 0  0
 1 0 0 0 0  0
 0 0 0 0 0 -1
 0 0 0 0 1  1
2-1;1;1;1;1 1 14
18 
#1 
6	% 
 0 0 0 1 0 0
 1 0 0 0 0 0
 0 0 1 0 0 0
 0 0 0 0 0 1
 0 1 0 0 0 0
 0 0 0 0 1 0
2-1;1;1;1;1 1 3
18 
#1 
6	% 
 1 0 0 0 0 0
 0 0 0 1 0 0
 0 1 0 0 0 0
 0 0 1 0 0 0
 0 0 0 0 0 1
 0 0 0 0 1 0
2-2,2-2;1;1 2 3
96 
#1 
6	% 
 0 1  0  0 0  0
 0 0  0  0 1 -1
 0 0  0  0 1  0
 1 0  0  0 1  0
 0 0  0 -1 1 -1
 0 0 -1  0 0 -1
2-2,2-2;1;1 1 3
96 
#1 
6	% 
  0 0 1  0  0  0
 -1 1 0  0 -2  2
 -1 0 0 -1  0  2
  0 1 0  0 -2  1
  0 0 0  1 -1 -1
  1 0 0  0  1 -2
2-2,2-2;1,1 1 2
96 
#1 
6	% 
  0 1  0 0  0  0
  0 0  0 0  1  0
  0 0  0 0  1 -1
  0 0  0 1  1  1
 -1 0  0 0 -1  2
  0 0 -1 0 -2  1
2-2;2-1',2-1' 1 1
6 
#1 
6	% 
  1  1  0 -1  0 0
  0  1  1  1  0 0
 -1  0  0  1  0 0
  0 -1 -1  0  0 0
  0  0  0  0  0 1
  0  0  0  0 -1 1
4-1;1,1 1 1
1 
#1 
6	% 
 0 1 0 0 0  0
 1 0 0 0 0  0
 0 0 0 1 0  0
 0 0 1 0 0  0
 0 0 0 0 0 -1
 0 0 0 0 1  1
2-1,2-1;1,1 3 1
6 
#1 
6	% 
  0 -1  0 0 0  0
  0  0  0 1 0  0
  0  0 -1 0 0  0
 -1  0  0 0 0  0
  0  0  0 0 0 -1
  0  0  0 0 1  1
2-1,2-1;1;1 1 3
36 
#1 
6	% 
 1  0 0 -1 0 0
 0  1 1  0 0 0
 0  0 0  1 0 0
 0 -1 0  0 0 0
 0  0 0  0 0 1
 0  0 0  0 1 0
2-1,2-1;1,1 1 1
12 
#1 
6	% 
 1  0  0 -1 0  0
 0 -1 -1  0 0  0
 0  0  0  1 0  0
 0  1  0  0 0  0
 0  0  0  0 0 -1
 0  0  0  0 1  1
2-1,2-1;1;1 2 4
36 
#1 
6	% 
  0  1 -1 -1 0 0
 -1 -1  0 -1 0 0
  0  0  0  1 0 0
  0  1  0  0 0 0
  0  0  0  0 0 1
  0  0  0  0 1 0
2-1,2-1;1,1 2 1
12 
#1 
6	% 
  0  1 -1 -1 0  0
 -1 -1  0 -1 0  0
  0  0  0  1 0  0
  0  1  0  0 0  0
  0  0  0  0 0 -1
  0  0  0  0 1  1
2-1;2-1;1,1 1 6
6 
#1 
6	% 
 0 0 0 0  1  0
 0 0 0 0 -1 -1
 0 0 0 1  0  0
 0 0 1 0  0  0
 0 1 0 0  0  0
 1 0 0 0  0  0
2-1;2-1;1;1 1 21
18 
#1 
6	% 
 0 0 -1 0 0 0
 0 0  0 0 0 1
 0 1  0 0 0 0
 0 0  0 1 0 0
 1 0  0 0 0 0
 0 0  0 0 1 0
4-1;1;1 1 3
3 
#1 
6	% 
 1 0 0 0 0 0
 0 1 0 0 0 0
 0 0 0 1 0 0
 0 0 1 0 0 0
 0 0 0 0 0 1
 0 0 0 0 1 0
4-1';1;1 1 3
36 
#1 
6	% 
 0 -1 0 0 0 0
 0  0 0 1 0 0
 0  0 1 0 0 0
 1  0 0 0 0 0
 0  0 0 0 0 1
 0  0 0 0 1 0
4-1';1,1 1 1
12 
#1 
6	% 
 0 -1 0 0 0  0
 0  0 0 1 0  0
 0  0 1 0 0  0
 1  0 0 0 0  0
 0  0 0 0 0 -1
 0  0 0 0 1  1
2-1,2-1;1;1 3 3
18 
#1 
6	% 
  0 -1  0 0 0 0
  0  0  0 1 0 0
  0  0 -1 0 0 0
 -1  0  0 0 0 0
  0  0  0 0 0 1
  0  0  0 0 1 0
3;2-2;1 2 1
4 
#1 
6	% 
 0 1 0 0 0 0
 0 0 0 1 0 0
 0 0 1 0 0 0
 0 0 0 0 0 1
 0 0 0 0 1 0
 1 0 0 0 0 0
3;2-2;1 1 4
8 
#1 
6	% 
  0  0  0 0 1  0
  0  0  0 0 1 -1
  0 -1  0 0 0  0
  1  0  0 0 0  0
 -1  1  0 1 0  0
  0  0 -1 0 0  0
2-2;1,1;1;1 1 1
6 
#1 
6	% 
 0 0  0 0  0 1
 0 0  0 0 -1 1
 0 0 -1 0  0 0
 0 1  1 0  0 0
 1 0  0 0  0 0
 0 0  0 1  0 0
2-2;1,1;1;1 1 2
24 
#1 
6	% 
 0 1  1 -1 0 0
 1 0  0  0 0 0
 0 0 -1  1 0 0
 0 0  0  0 0 1
 0 0  0  0 1 0
 0 1  1  0 0 0
2-2;1,1;1;1 1 6
16 
#1 
6	% 
 0  0 0 0 0 -1
 0  0 0 0 1  1
 1  0 0 0 0  0
 0  0 0 1 0  0
 0  0 1 0 0  0
 0 -1 0 0 0  0
1,1;1;1;1;1 1 9
144 
#3 
6	% 
 0 1  1 -1 0 0
 1 0  0  0 0 0
 0 0  0  0 0 1
 0 0 -1  1 0 0
 0 0  0  0 1 0
 0 1  1  0 0 0
6	% 
 0 0 0 1 1 -2
 1 0 0 0 0  0
 0 0 1 0 0  0
 0 0 0 0 0  1
 0 1 0 0 0  0
 0 0 0 0 1 -1
6	% 
 0 0 0 1  0 1
 1 0 0 0  0 0
 0 0 1 0  0 0
 0 0 0 0 -1 0
 0 1 0 0  0 0
 0 0 0 0 -1 1
1,1;1;1;1;1 1 3
24 
#2 
6	% 
 0 0  1 1 0 0
 0 0 -1 0 0 0
 1 0  0 0 0 0
 0 1  0 0 0 0
 0 0  0 0 0 1
 0 0  0 0 1 0
6	% 
 0 0 0 0 0 1
 0 0 0 0 1 0
 1 0 0 0 0 0
 0 0 0 1 0 0
 0 0 1 0 0 0
 0 1 0 0 0 0
1,1;1;1;1;1 1 1
1 
#1 
6	% 
 0 0 0 0 1 0
 0 0 0 0 0 1
 1 0 0 0 0 0
 0 1 0 0 0 0
 0 0 1 0 0 0
 0 0 0 1 0 0
1,1;1;1;1;1 1 2
24 
#2 
6	% 
 0 0 0 1 1 -2
 1 0 0 0 0  0
 0 1 0 0 0  0
 0 0 1 0 0  0
 0 0 0 0 0  1
 0 0 0 0 1 -1
6	% 
 0 0 0 1  0 1
 1 0 0 0  0 0
 0 1 0 0  0 0
 0 0 1 0  0 0
 0 0 0 0 -1 0
 0 0 0 0 -1 1
3;1,1;1 2 1
4 
#1 
6	% 
 0 0 0 1 0 0
 0 0 1 0 0 0
 0 1 0 0 0 0
 0 0 0 0 1 0
 0 0 0 0 0 1
 1 0 0 0 0 0
2-2;1,1;1;1 1 7
96 
#2 
6	% 
 1  0  0 0 0  0
 0  0  0 0 0  1
 0  0  0 0 1 -1
 0  0  0 1 0  0
 0  0 -1 0 0  0
 0 -1  0 0 0  0
6	% 
 1 0 0  0  0 0
 0 0 0  0 -1 0
 0 0 0  0 -1 1
 0 0 0 -1  0 1
 0 0 1  0  0 1
 0 1 0  0  0 1
1,1;1;1;1;1 1 11
72 
#2 
6	% 
 1 0 0 0  0 0
 0 0 1 0  0 0
 0 0 0 0  0 1
 0 0 0 1 -2 0
 0 1 0 0  2 0
 0 0 0 0 -1 1
6	% 
 1  0 0  0  0  0
 0  0 1  0  0  0
 0  0 0 -1  0  0
 0 -1 0  1 -1  0
 0  1 0 -1  1 -1
 0 -1 0  0  0  0
2-2;1,1;1;1 1 11
96 
#2 
6	% 
 1  0  0 0  0 1
 0  0  0 0 -1 0
 0  0  0 0 -1 1
 0  0  0 1  0 0
 0  0 -1 0  0 0
 0 -1  0 0  0 0
6	% 
 -1  0  0 0 -2 1
  1  0  0 0  1 0
 -1  0  0 0 -1 1
  0  0  0 1  0 0
  0  0 -1 0  0 0
  0 -1  0 0  0 0
1,1;1;1;1;1 1 28
108 
#3 
6	% 
 0 0 0 0 -1  1
 0 0 1 0  0 -2
 0 0 0 1  0  0
 0 0 0 0 -1  0
 1 0 0 0  0  0
 0 1 0 0  0  2
6	% 
 0  0 -1 0  0  0
 0 -1  1 1  0  0
 0  0  0 0 -1  0
 0 -1  0 0  0  0
 0  0  0 0  1 -1
 1  1 -1 0  0  0
6	% 
 0 -1  0 0 0  0
 0  0  0 0 0  1
 0  0  0 1 0  0
 0  0 -1 0 0  0
 1  0  0 0 0  0
 0  0  0 0 1 -1
1,1;1;1;1;1 1 25
21 
#2 
6	% 
 0 1 0  0  0  0
 0 0 1  0  0  0
 0 0 0  0 -1  0
 0 0 0 -1  0  0
 1 0 0  0  0  0
 0 0 0  0  1 -1
6	% 
 0 0 0  0  1 1
 0 0 0  0 -1 0
 0 0 1  0  0 0
 0 0 0 -1  0 0
 1 0 0  0  0 0
 0 1 0  0  0 0
2-2;1,1;1;1 1 8
48 
#1 
6	% 
 1 0  0  0  0  0
 0 0  0  0 -1  0
 0 0  0  0  1 -1
 0 0  0 -1  0  0
 0 0 -1  0  0  0
 0 1  0  0  0  0
3;1,1;1 2 4
24 
#2 
6	% 
 0 0 0 1  0 0
 0 0 1 0  0 0
 0 1 0 0  0 0
 1 0 0 0  0 1
 0 0 0 0 -1 0
 0 0 0 0 -1 1
6	% 
  0 0 0 1  0 0
  0 0 1 0  0 0
  0 1 0 0  0 0
 -1 0 0 0 -2 1
  1 0 0 0  1 0
 -1 0 0 0 -1 1
3;1,1;1 1 11
48 
#2 
6	% 
  0 0  0  0 -1  0
  0 0  0  0  1 -1
  0 0  0 -1  0  1
  0 0 -1  0  0  1
  0 1  0  0  0 -1
 -1 0  0  0  0 -1
6	% 
  1  1  1  1  1 -1
  1  1  1  1  0 -1
  2  2  2  1  1 -2
  2  2  1  2  1 -2
 -2 -1 -2 -2 -1  2
 -1 -2 -2 -2 -1  2
1,1;1;1;1;1 1 54
48 
#2 
6	% 
 0 0 0 0 1  0
 0 0 0 0 1 -1
 0 0 0 1 0  0
 0 1 0 0 0  0
 1 0 0 0 0  0
 0 0 1 0 0  0
6	% 
 0 0 0 0  1 0
 0 0 0 0 -1 1
 0 0 0 1  0 0
 0 1 0 0  0 0
 1 0 0 0  0 0
 0 0 1 0  0 0
2-2;1,1;1;1 1 14
12 
#1 
6	% 
  0  0 0  0 0 1
  0  0 0  0 1 0
  0  0 0 -1 0 0
  1  0 1  1 0 0
  1  0 0  0 0 0
 -1 -1 0 -1 0 0
2-2;1,1;1;1 1 3
6 
#1 
6	% 
 0 1 0 0 0 0
 0 0 1 0 0 0
 0 0 0 0 0 1
 0 0 0 0 1 0
 0 0 0 1 0 0
 1 0 0 0 0 0
3;1,1;1 1 12
8 
#1 
6	% 
 -1  0 0 1 0 0
 -1  0 1 0 0 0
  1 -1 0 0 0 0
  0  0 0 0 1 0
  0  0 0 0 0 1
  1  0 0 0 0 0
2-2;2-1;2-1 1 3
6 
#1 
6	% 
 0 0  0 -1  0 0
 0 0  0  0  0 1
 0 0  0  0 -1 1
 0 0 -1  0  0 0
 0 1  0  0  0 0
 1 0  0  0  0 0
2-2;1;1;1;1 1 7
48 
#1 
6	% 
 1  0  0 0 0 0
 0  0  0 0 0 1
 0  0  0 0 1 0
 0  0  0 1 0 0
 0  0 -1 0 0 0
 0 -1  0 0 0 0
1;1;1;1;1;1 1 2
3 
#1 
6	% 
 1 0 0 0 0 0
 0 1 0 0 0 0
 0 0 1 0 0 0
 0 0 0 1 0 0
 0 0 0 0 0 1
 0 0 0 0 1 0
1;1;1;1;1;1 1 18
9 
#1 
6	% 
 0 0 0 1 0 0
 0 0 0 0 0 1
 0 0 1 0 0 0
 1 0 0 0 0 0
 0 1 0 0 0 0
 0 0 0 0 1 0
1;1;1;1;1;1 1 7
18 
#1 
6	% 
 1 0 0 0 0 0
 0 0 0 1 0 0
 0 0 1 0 0 0
 0 0 0 0 0 1
 0 1 0 0 0 0
 0 0 0 0 1 0
1,1;1;1;1;1 1 48
2 
#1 
6	% 
 0 0  0  0 0 -1
 0 0  0  0 1  1
 0 0  0 -1 0  0
 0 0 -1  0 0  0
 0 1  0  0 0  0
 1 0  0  0 0  0
1;1;1;1;1;1 1 41
6 
#1 
6	% 
 0 0  0  0 0 1
 0 0  0  0 1 0
 0 1  0  0 0 0
 0 0  0 -1 0 0
 0 0 -1  0 0 0
 1 0  0  0 0 0
2-2;1;1;1;1 1 2
6 
#1 
6	% 
 1 0 0 0 0 0
 0 1 0 0 0 0
 0 0 0 1 0 0
 0 0 0 0 0 1
 0 0 0 0 1 0
 0 0 1 0 0 0
2-2;1;1;1;1 1 1
1 
#1 
6	% 
 0 0 0 0  0 1
 0 0 0 0 -1 1
 1 0 0 0  0 0
 0 1 0 0  0 0
 0 0 1 0  0 0
 0 0 0 1  0 0
2-2;1;1;1;1 1 11
3 
#1 
6	% 
 0 0 0 0  0 1
 0 0 0 0 -1 1
 0 1 0 0  0 0
 0 0 0 1  0 0
 1 0 0 0  0 0
 0 0 1 0  0 0
2-2;2-1;2-1 1 1
3 
#1 
6	% 
 0 1 0 0  0 0
 1 0 0 0  0 0
 0 0 0 1  0 0
 0 0 1 0  0 0
 0 0 0 0  0 1
 0 0 0 0 -1 1
2-2;2-1,2-1 1 1
12 
#1 
6	% 
  0 0 1 -1  0 0
  1 1 0  0  0 0
  0 0 0  1  0 0
 -1 0 0  0  0 0
  0 0 0  0  0 1
  0 0 0  0 -1 1
3;1;1;1 1 17
24 
#1 
6	% 
  0  0 0 0 1  0
  0  0 0 0 1 -1
  0  0 0 1 0  0
  0  0 1 0 0  0
  0 -1 0 0 0  0
 -1  0 0 0 0  0
2-2;2-1,2-1 2 1
12 
#1 
6	% 
 0 -1  1 1  0 0
 1  1  1 0  0 0
 0  0 -1 0  0 0
 0 -1  0 0  0 0
 0  0  0 0  0 1
 0  0  0 0 -1 1
2-2;1;1;1;1 1 20
2 
#1 
6	% 
  0 0  0 0  0 1
  0 0  0 0 -1 1
  0 0 -1 0  0 0
 -1 0  0 0  0 0
  0 1  0 0  0 0
  0 0  0 1  0 0
2-2;2-1,2-1 3 1
6 
#1 
6	% 
  1  0  1 -1  0 0
  1  1  0  1  0 0
  0  1 -1  1  0 0
 -1 -1 -1  0  0 0
  0  0  0  0  0 1
  0  0  0  0 -1 1
3;1;1;1 2 3
12 
#1 
6	% 
 0 0 0 1 0 0
 1 0 0 0 0 0
 0 1 0 0 0 0
 0 0 1 0 0 0
 0 0 0 0 0 1
 0 0 0 0 1 0
4-1';2-2 1 1
12 
#1 
6	% 
 0 -1 0 0  0 0
 0  0 0 1  0 0
 0  0 1 0  0 0
 1  0 0 0  0 0
 0  0 0 0  0 1
 0  0 0 0 -1 1
