#77

2-1;2-1;1;1 1 9
1 
#1 
6	% 
 1 0 0 0 0 0
 0 1 0 0 0 0
 0 0 1 0 0 0
 0 0 0 1 0 0
 0 0 0 0 1 0
 0 0 0 0 0 1
1,1,1,1,1,1 1 1
1 
#1 
6	% 
 1 0 0 0 0 0
 0 1 0 0 0 0
 0 0 1 0 0 0
 0 0 0 1 0 0
 0 0 0 0 1 0
 0 0 0 0 0 1
2-1;1,1,1,1 1 2
2 
#1 
6	% 
  1  0  0 -1  0  0
  1  0  0  0  0  0
  0 -1  0 -1  0 -1
  1 -1 -1 -1  0  0
  0  0  1  0 -1  0
 -1  1 -1  1  0  1
1,1,1,1,1;1 1 2
9 
#3 
6	% 
 -1  0  0  1  0 0
 -1  0  0  0  0 0
  0  0  0  1  0 1
 -1 -1 -1 -1  1 0
  1  0  0  0 -1 0
 -1  0 -1  0  0 1
6	% 
  0  0  0 -1 -1  0
 -1  0  0 -1 -1  0
 -1 -1  0 -1 -2  0
  0  0  1 -1  0 -1
  1  0 -1  2  2  0
 -1  0  1 -2 -2 -1
6	% 
  0  0  0  1 1 1
  0 -1  0  0 0 0
 -1 -1  0  1 0 0
  0  0  0  1 0 1
  0  1 -1 -1 0 0
  0 -1 -1  1 0 1
1,1,1,1,1;1 1 1
1 
#1 
6	% 
 0  0  0  0 -1  0
 0 -1 -1  0 -1 -1
 0 -1  0 -1 -1 -1
 0  0 -1 -1  0 -1
 0  1  1  1  1  1
 1  0  0  0  0  0
1,1,1,1;1,1 1 2
19 
#6 
6	% 
 0 1  0  0 0  1
 0 0  0 -1 0  0
 1 0  0  1 0  1
 0 0 -1  0 1  0
 0 0  1  0 0 -1
 0 0  1  0 0  0
6	% 
 0  0 0 -1 0  1
 0 -1 0  0 0  2
 0  0 0 -1 0  0
 1  0 0  0 0  0
 0  1 1  1 0 -1
 0 -1 0 -1 1  0
6	% 
 0  0  0  1 -1 1
 0 -1  0  0 -1 0
 0 -1 -1  1 -1 1
 1  0  0  0  0 0
 0  1  0 -1  1 0
 0 -1  0  1 -1 1
6	% 
  0  0 0  1  1  0
  0 -1 0  0  1 -1
 -1  1 0  2 -1  2
  0  0 1  0  0  0
  1  0 0 -1  0  0
 -1  0 0  1  0  1
6	% 
 0  0 0 1  0  1
 0  0 0 0 -1  0
 0 -1 0 0  0  0
 1  0 0 0  0  0
 0  0 1 0  0 -1
 0  0 1 0  0  0
6	% 
 0 1  0 0  0  1
 0 0  0 0 -1  0
 1 0  0 0  1  1
 0 0 -1 1  0  1
 0 0  1 0  0 -1
 0 0  1 0  0  0
2-1',2-1';1,1 1 2
2 
#1 
6	% 
 0 -1 0  0 1 -1
 0  0 1  1 0  0
 1  0 0  0 0  1
 0  0 0  1 0  1
 0 -1 0 -1 0 -1
 0  0 0  1 0  0
2-1;1,1,1;1 1 6
4 
#1 
6	% 
 1 1 0  1  0  1
 0 0 0  0 -1  1
 0 0 0 -1  0 -1
 0 0 1  0  1 -1
 0 0 0  0 -1  0
 0 1 0  0  0  1
2-1;1,1,1;1 1 7
6 
#2 
6	% 
  1 0 0  0 0  0
  1 1 0  1 0  1
  0 0 1  0 0 -1
  0 0 0  0 1  0
  1 0 0  1 0  1
 -1 0 0 -1 0  0
6	% 
  1 0  0 0  0  0
  0 0  0 0  1  0
  0 1 -1 0  0  1
  0 0  1 1  0  0
  1 0  1 0  1  0
 -1 0  1 0 -1 -1
2-1;1,1,1;1 1 2
2 
#1 
6	% 
 0 0  0 -1  0 -1
 0 1  0 -2  0 -1
 1 0  0  0  0  0
 0 0 -1 -1  0  0
 0 0  1  0 -1  0
 0 0 -1  1  0  1
1,1,1,1;1,1 1 3
16 
#3 
6	% 
  1 0  0  0  0 -1
  1 1  1  1 -1  1
  0 0  1  0  0  0
 -1 0 -1 -1  0  0
  1 1  0  0 -1  1
  0 0  0  0  1 -1
6	% 
  1  0  0  0  0  0
  1  1  1  1 -1  1
  0  0  0  1 -1  0
 -1 -1  0 -1  1  0
  1  1  1  1  0  2
  0  0 -1 -1  0 -1
6	% 
  1 0  0  0  0  0
 -1 0  0  0  1  0
  0 0 -1  0  0  0
  0 0  1 -1 -1 -1
  0 1  1  0  1  0
  0 0 -1  0  0  1
2-1;1,1;1,1 1 6
6 
#2 
6	% 
  0  0 1 0  1 -1
 -1  0 0 0  0 -1
 -1 -1 0 0  0 -1
  1  0 0 1  0  1
  1  0 0 0  1  0
  1  0 0 0 -1  1
6	% 
  0 0 -1 0  0  0
 -1 0  0 0 -2  1
 -1 1  0 0 -1  1
  1 0  0 1  1  0
  1 0 -1 0  1 -1
  1 0  1 0  1  0
1,1,1;1,1,1 1 3
16 
#3 
6	% 
  0 -1 -1  1 -1  1
 -1  0  0  0  0  0
  1 -1  0  0  0 -1
 -1  0  0  0  1  0
  1  0  0 -1  0 -1
 -1  0  0  0 -1  1
6	% 
 -1 -1 -1 -1  1 -1
  0 -1  1  1  1  2
  0  1 -1 -1  0 -1
  1  0  1  1  0  1
  0  1  0 -1 -1 -1
 -1 -1  0  0  1  0
6	% 
  0  1  1 -1  0 -1
 -1  0  0  0  0  0
  0  0  1 -1 -1  0
  0 -1 -1  0  0 -1
  0 -1 -1  0 -1  0
  0  0  1 -1  0  0
1,1,1;1,1,1 1 2
10 
#3 
6	% 
  1  1 0  1  0 1
  0  1 0 -1  0 0
  0  0 1  0 -1 0
  0  0 0  0  1 0
 -1 -1 0  0  0 0
  1  1 0  0  0 1
6	% 
 -1  1  0 0  0  0
  0 -1  0 0  0 -1
  0  0 -1 0 -1  1
  0  0  0 1  1  0
  0  0  1 0  0  0
  0  0  1 0  0 -1
6	% 
  0  1 0  0  1  0
 -1  1 0  0 -1  1
  0  0 0 -1  0 -1
  0  0 1  1  0  1
  0 -1 0  0  0  0
  0  1 0  0  0  1
2-1',2-1';1;1 1 2
2 
#1 
6	% 
 0  0 1  1 0  0
 0 -1 0  0 1 -1
 1  0 0  0 0  0
 0  1 0  0 0  0
 0 -1 0 -1 0 -1
 0  1 0  0 0  1
2-1;1,1;1,1 1 5
4 
#1 
6	% 
 -1 -1 0 -1  0 -1
  0  0 0  0 -1  1
  1  0 0  1  0  2
  0  0 1  0  1 -1
  0  0 0  0 -1  0
  1  1 0  0  0 -1
1,1,1,1;1;1 1 4
2 
#1 
6	% 
 0  1  0 0 0  0
 1  0  0 0 0  0
 0 -3  0 1 0 -1
 0  2  0 0 0  1
 0 -1 -1 0 0  0
 0 -1  0 0 1 -1
1,1,1;1,1;1 1 9
12 
#2 
6	% 
  2  0 0 0 0  1
  1  0 0 0 0  0
 -2  0 0 1 0  0
  1  1 0 0 0  1
  0 -1 0 0 1 -1
  0  0 1 0 1 -1
6	% 
  2  2  0  0  0  1
  2  1  0  1  0  1
 -3 -3  0 -1  0 -2
  1  1  0  0  0  1
  0  0  0  0 -1  1
  0  0 -1  0 -1  1
1,1,1;1,1;1 1 7
44 
#7 
6	% 
 0  0 1 -2 -1 -1
 0  2 0  0  0  1
 0 -3 0  1  0 -1
 1  1 0  0  0  1
 1  0 0  0  0  0
 0  0 1 -1  0 -1
6	% 
 0 0 1 0 -1  3
 0 0 0 0  0  1
 0 1 0 0  0 -3
 1 0 0 1  0  1
 1 0 0 0  0  0
 0 0 1 0  0  1
6	% 
  2 0  1 0 -1  1
  0 0  0 0  0  1
 -1 0 -1 0  1 -4
  0 1  0 0  0  1
  0 1  0 1  0  1
  1 0  1 0  0  0
6	% 
 -2 0 -1 -2 1 -1
 -2 0  0 -2 0 -1
  5 0  0  4 0  2
 -1 0  0 -1 0  0
  0 1  0  0 0  1
 -1 0 -1 -1 0  0
6	% 
 0  0 -1  0 1  1
 0  1  0  1 0  2
 0 -2  0 -2 0 -5
 1  1  0  0 0  1
 1  0  0  0 0  0
 0  0 -1  0 0  1
6	% 
 0  2  2 0  2 -1
 0  2  1 0  1  0
 0 -3 -1 1 -1  0
 1  1  1 0  0  0
 1  0  0 0  0  0
 0  1  1 0  1 -1
6	% 
 0  0 0  0 0 -1
 0  1 0  1 0  2
 0 -1 0 -1 1 -3
 1  1 0  0 0  1
 1  0 0  0 0  0
 0  0 1  0 0 -1
1,1,1,1;1;1 1 2
9 
#3 
6	% 
 0  1 0  0 0  0
 0  1 0  0 0  1
 0  1 0 -1 0 -1
 1  0 0  0 0  0
 0 -2 0  0 1  0
 0  2 1  0 0 -1
6	% 
 0  0 0  1 -1  1
 0 -1 0  1  0  0
 0  0 1  0 -1  0
 1  0 0  0  0  0
 0  1 0 -1  1 -1
 0 -1 0  1 -1  0
6	% 
 0 0  0 1  0 1
 0 1  0 0  1 1
 0 0  0 0 -1 0
 1 0  0 0  0 0
 0 0 -1 0  0 0
 0 0 -1 0  0 1
1,1,1,1;1;1 1 5
16 
#3 
6	% 
  1 0  1  1 -1  1
  1 0  1  2 -1  0
  1 1  1  1 -1  1
 -1 0 -1 -2  2 -2
  1 0  2  2 -1  1
 -1 1 -1 -1  1  0
6	% 
  1  0  0 0  0  0
  0 -1 -1 1  1  1
  1  0  0 0 -1  2
 -1  1  0 0  0 -1
  1  0  0 1  0  2
 -1  0 -1 0  0 -1
6	% 
  1  0  0  0 0  0
  0 -1 -1 -1 1 -1
  1  0  0  1 0  0
 -1  1  1  0 0  0
  1 -1  0  0 1 -1
 -1  0  0 -1 0 -1
1,1,1;1,1;1 1 5
4 
#1 
6	% 
 0  0 0  0 0 -1
 0  1 0  0 0  0
 0 -1 0 -1 0  0
 1  0 1  0 0 -1
 1  0 0  0 0  0
 0  0 1  0 1 -1
1,1,1;1,1;1 1 10
20 
#3 
6	% 
  2  1 0 -1 0  1
  2  1 0 -1 0  0
 -5 -3 0  3 0 -2
  1  1 0  0 0  1
  1  0 0 -1 1 -1
  0  0 1  0 1 -1
6	% 
  0 -1  0  1  0  0
 -2 -3 -1  3  1  0
  3  5  1 -5 -1  0
  0 -1  0  0  0 -1
 -1 -1 -1  2  0  1
  0  0 -1  0 -1  1
6	% 
 -2 -1 -1  1  1  0
 -6 -2 -1  2  1  0
 11  4  3 -4 -3  0
 -1  0 -1  1  0  1
 -3 -1  0  1  1 -1
  0  0  0  0  0 -1
1,1,1;1,1;1 1 6
50 
#10 
6	% 
  2  2 0  0 0  1
  1  1 0 -1 0  0
 -2 -3 0  1 0 -1
  1  1 1  0 0  0
  0  0 1  0 1 -1
  1  1 0  0 0  1
6	% 
 0 -2 0 0 0 -1
 0 -1 1 0 0 -1
 0  3 0 1 0  2
 1 -1 0 0 1 -1
 1  0 0 0 0  0
 0 -1 0 0 0  0
6	% 
 0 0  0 -2 0 -1
 1 0  0 -2 0 -1
 0 0  0  3 1  1
 0 0 -1 -1 0  0
 0 1 -1  0 0  1
 0 0  0 -1 0  0
6	% 
 -2 0 0 0 0 -1
 -1 0 0 0 0 -1
  2 0 0 1 0  2
 -1 0 0 0 1 -1
  0 0 1 0 1 -1
 -1 1 0 0 0  0
6	% 
 -2 0 0 0  0 -1
 -1 0 0 0  0 -1
  2 0 0 1  0  2
 -1 0 0 0 -1  0
  0 1 0 0 -1  1
 -1 0 1 0  0 -1
6	% 
 0 -2 0 0  0 -1
 0 -1 0 0 -1  0
 0  2 0 1  1  1
 1 -1 0 0  0  0
 1  0 0 0  0  0
 0 -1 1 0  0 -1
6	% 
 0 0 0  0 0 -1
 0 0 0  1 0  0
 0 1 0 -1 0  1
 1 0 0  0 1 -1
 1 0 0  0 0  0
 0 0 1  0 0 -1
6	% 
 0  0 0 -2 0 -1
 1  0 0 -2 0 -1
 0  0 0  3 1  1
 0 -1 0 -1 0 -1
 0 -1 0  0 0 -1
 0  0 1 -1 0 -1
6	% 
 0 0 0 0  0  1
 0 1 0 0  0  1
 0 0 0 0 -1 -2
 1 0 0 1  0  1
 1 0 0 0  0  0
 0 0 1 0  0  0
6	% 
  2  2 0  0 0  1
  1  1 0 -1 0  0
 -2 -3 0  1 0 -1
  1  1 0  0 0  0
  0  0 0  0 1  0
  1  1 1  0 0  0
1,1,1;1,1;1 1 11
24 
#3 
6	% 
  0  0  0 -2  0 -1
 -2  0  1 -4 -1 -2
  3  0 -1  8  1  4
  0 -1 -1 -1 -1  0
 -1  1  1 -2  0 -1
  0  0  0 -1  0  0
6	% 
  0  0 0  0 0 -1
  2  1 0 -1 0 -1
 -3 -2 0  2 0  4
  0  0 0  0 1 -1
  1  1 0  0 0  0
  0  0 1  0 0 -1
6	% 
  2  2 0 -2  2 -1
  2  1 0 -1  2 -1
 -5 -4 0  4 -6  3
  1  1 0 -1  1 -1
  1  0 0 -1  1 -1
  1  1 1 -1  1 -1
1,1,1,1;1;1 1 6
10 
#3 
6	% 
  1 0  0 0 0  0
  1 0  1 1 0  0
  2 0  1 0 1 -1
 -2 1 -1 0 0  1
  2 0  1 0 0 -1
  0 1  0 0 0  1
6	% 
  1 0  0 -1 0  0
  1 0  0  0 0  0
  0 1  0  0 0  0
 -1 0  0  1 1  0
  1 0  1 -1 0 -1
  0 0 -1  0 1  0
6	% 
  0 0  0 0  1 0
  1 0  0 0  0 0
  1 0  0 1  1 1
 -1 1  0 0 -1 0
  1 0 -1 0  1 1
  0 1  1 0  0 0
1,1,1;1,1;1 1 8
16 
#3 
6	% 
 0 -2 0  2  2 -1
 0 -3 0  3  4 -2
 0  7 1 -7 -7  3
 0 -1 0  1  1 -1
 0 -1 0  2  2 -1
 1  0 0  0  0  0
6	% 
 0  1 0  1 0  3
 0  1 0  1 0  2
 0 -2 0 -2 1 -6
 0  1 1  0 0  1
 0  0 0  1 0  1
 1  0 0  0 0  0
6	% 
 0  1  2  1 -2  2
 0  0  1  0 -1  1
 0 -1 -3 -1  3 -4
 0  1  1  0 -1  1
 0  0  0  0 -1  1
 1  0  0  0  0  0
1,1,1;1,1;1 1 3
10 
#3 
6	% 
 0  0 0  0 -2 -1
 0  0 1  0 -2  0
 0  0 0  0  3  1
 0  0 0 -1 -1 -1
 0 -1 0 -1  0 -1
 1  0 0  0  0  0
6	% 
 0 0 -2 0 0  1
 0 0 -1 0 1  0
 0 0  3 1 0 -1
 0 0 -1 0 0  0
 0 1  0 0 0  0
 1 0  0 0 0  0
6	% 
 0  0  0 0 0 -1
 0  1  0 0 0  0
 0 -1  0 0 1  1
 0  0  0 1 0  0
 0  0 -1 1 0  1
 1  0  0 0 0  0
1,1,1;1;1;1 1 18
10 
#3 
6	% 
 1  0 0 0 0  0
 0  0 0 1 0  0
 0  0 0 0 0  1
 0 -1 0 0 0 -1
 0  0 1 0 0 -1
 0  0 0 0 1 -1
6	% 
  1  0 0 0  0  0
  1  1 0 1  0  1
 -2 -2 0 0  0 -1
  1  1 0 0  0  1
  1  1 1 0  0  0
  1  1 0 0 -1  1
6	% 
  1 0  0  0 0  0
  1 0  0 -1 1 -1
 -2 0  0  2 0  1
  1 0  0 -1 0 -1
  1 0 -1 -1 0  0
  1 1  0 -1 0  0
1,1;1,1;1;1 1 32
30 
#6 
6	% 
 1  0  0 0 0  0
 0  1  0 1 0  1
 0  0  0 0 1  0
 0 -1  0 0 0  0
 0 -1  0 0 1 -1
 0  0 -1 0 1  0
6	% 
  0  1 0  0 0  0
  1  0 0  0 0  0
  0 -1 0  0 1 -1
 -1 -1 0 -1 0 -1
 -1  0 0 -1 1 -1
  0  0 1  0 1 -1
6	% 
  0 0 1  0  1 -1
  1 0 0  0  0  0
  0 1 0  0 -1  1
 -1 0 0 -1 -1  0
 -1 1 0 -1  0  0
  0 1 0  0  0  1
6	% 
  0 0 0  0 -1 0
  1 0 0  0  0 0
  0 1 0  0  1 1
 -1 0 0 -1  1 0
 -1 1 0 -1  0 0
  0 1 1  0  0 0
6	% 
 1  0 0 0 0  0
 0 -1 0 0 1 -1
 0  0 1 1 0  0
 0  1 0 1 0  1
 0  1 1 0 0  0
 0  0 1 0 0  0
6	% 
 1 0 0  0 0  0
 0 0 0 -1 1 -1
 0 1 0  0 0  1
 0 0 0  1 0  1
 0 1 0  1 0  1
 0 1 1  0 0  0
1,1;1,1;1,1 1 8
15 
#4 
6	% 
  0 0  1  0 1 -1
  0 1  0  1 0  1
 -1 0  0  0 0 -1
  1 0  0  1 0  1
  1 0  1  0 0  0
  0 0 -1 -1 0  0
6	% 
 1 0  0  0 0  0
 0 0  1  0 1 -1
 0 1  0  0 0  1
 0 0  1  0 0 -1
 0 0  0 -1 0 -1
 0 0 -1  1 0  1
6	% 
  0 -1 0  0 1 -1
  0  0 1 -1 0 -1
 -1  0 0  0 0 -1
  1  0 0 -1 0  0
  1 -1 0  0 0  0
  0  1 0  1 0  1
6	% 
 1  0  0  0 0  0
 0 -1  0  0 1 -1
 0  0  1  0 0  1
 0 -1 -1  0 0 -1
 0  0 -1 -1 0 -1
 0  1  0  1 0  1
1,1,1;1;1;1 1 13
6 
#2 
6	% 
  1  0  0  0 0  0
  0  0  0 -1 0 -1
  1  0 -1 -1 0  0
  0 -1  0  0 1 -1
  1 -1  0 -1 0 -1
 -1 -1  0  1 0  0
6	% 
 1 0  0  0 0 0
 0 1  0 -1 0 0
 0 0 -1 -1 0 0
 0 0  0  0 1 0
 0 0  0 -1 0 0
 0 0  0  1 0 1
1,1;1,1;1;1 1 22
6 
#2 
6	% 
 -1  0  0 0 0 -1
  0  1  0 1 0  1
 -1  0  0 0 1 -1
 -1  0 -1 0 0  0
  1 -1  0 0 0  0
  1  1  0 0 0  1
6	% 
  0 -1  0  0 0 -1
  1  0  0  0 0  0
  0  0  0  0 1 -1
  0  0 -1  0 0  0
 -1  0  0 -1 0  0
  1  0  0  1 0  1
1,1,1;1;1;1 1 11
10 
#3 
6	% 
 0 1  0  0  0 0
 0 1  0 -1  0 0
 1 0  0  0  0 0
 0 0 -1  0 -1 1
 0 1  0  0 -1 1
 0 1 -1  0  0 1
6	% 
 0  0  1 1  0 0
 0  0 -1 0 -1 1
 1  0  0 0  0 0
 0 -1  0 0  0 0
 0 -1  0 1  0 0
 0  0  0 1  0 1
6	% 
 0 1  0 0  0 0
 0 1  0 0 -1 0
 1 0  0 0  0 0
 0 0 -1 1  0 1
 0 1 -1 0  0 1
 0 1  0 1  0 1
1,1,1;1;1;1 1 3
2 
#1 
6	% 
 0  1 0  0  0  0
 0 -1 0 -1  0  0
 1  0 0  0  0  0
 0  0 1  0  0  0
 0  0 0  0  0 -1
 0  0 0  0 -1  1
1,1,1;1;1;1 1 16
12 
#2 
6	% 
  1  1 0 -1 0 -3
  1  1 0 -2 0 -5
 -1 -2 0  1 0  4
  1  1 0 -1 1 -3
  1  1 1 -1 0 -3
  0  0 1  0 1 -1
6	% 
  1 0  0  0  0 0
  2 0 -2 -1  1 0
 -2 0  1  1 -2 1
  1 0 -1 -1  1 0
  1 1 -1 -1  1 0
  0 1  0  0  0 1
1,1,1;1;1;1 1 8
4 
#1 
6	% 
  1 0 0 0  0  0
 -1 0 0 1  0 -1
  0 0 1 0  0  0
  0 0 1 0 -1  0
  1 1 0 0  0  2
  0 0 1 0  0 -1
1,1;1,1;1;1 1 26
12 
#2 
6	% 
 1  0 0  0  0  0
 0  0 0 -1  0 -2
 0 -1 0  0  0 -2
 0  0 1  0  0  0
 0  0 0  0  1 -1
 0  0 1  0 -1  0
6	% 
 1  0  0  0  0 0
 0 -1  0  2 -1 1
 0 -2  0  1 -1 0
 0  1 -1 -1  1 0
 0 -1  0  1 -1 0
 0  0 -1  0  0 1
1,1;1,1;1,1 1 4
12 
#2 
6	% 
  0  0  1  0 1 -1
 -1 -1  0  1 0  0
  1  0  0 -1 0 -2
  0  0 -1  0 0  1
  0  0  1  0 0  0
 -1 -1  0  0 0 -2
6	% 
  0 1  0  0  0  1
 -1 0 -1  0 -1  1
  1 0  0  1  1  0
  0 0  0 -1  0 -1
  0 0  0 -1  0  0
 -1 0 -1  1  0  1
1,1;1,1;1;1 1 20
4 
#1 
6	% 
 1  0  0  0 0  0
 0  0  0 -1 0 -3
 0  0  0  0 0  1
 0  0 -1  0 0  0
 0 -1  0  0 0 -3
 0  0  0  0 1 -1
2-1;2-1;1,1 1 5
1 
#1 
6	% 
 1 0 0 0 0  2
 0 0 0 1 0  1
 0 0 0 0 1 -1
 0 1 0 0 0  1
 0 0 1 0 0 -1
 0 0 0 0 0 -1
2-1,2-1;1;1 3 2
4 
#1 
6	% 
 1  0  0 0 0  0
 0 -1 -1 1 1  0
 0 -2 -1 1 0  0
 0 -1  0 0 0  0
 0  1  1 0 0  0
 0 -1  0 0 0 -1
2-1,2-1;1;1 2 2
4 
#1 
6	% 
 0 1  0 0 -1  1
 0 0  1 1  0  0
 1 0  0 0  0  0
 0 0 -1 0  0  0
 0 0  1 0  1 -1
 0 0 -1 0  0  1
2-1,2-1;1,1 3 2
4 
#1 
6	% 
 1  0  0 0 0  1
 0 -1 -1 1 1  0
 0 -2 -1 1 0  0
 0 -1  0 0 0  0
 0  1  1 0 0  0
 0 -1  0 0 0 -1
2-1,2-1;1,1 2 2
4 
#1 
6	% 
  0 1  0 0 -1  1
  0 0  1 1  0  0
 -1 0  0 0  0 -1
 -1 0 -1 0  0  0
  0 0  1 0  1 -1
  1 0 -1 0  0  1
2-1;1,1;1;1 1 14
2 
#1 
6	% 
 1 0 0 0 0  2
 0 0 0 0 1  0
 0 0 0 1 0  1
 0 1 0 0 0  0
 0 0 1 0 0  0
 0 0 0 0 0 -1
2-1;1,1;1;1 1 10
4 
#1 
6	% 
 1  0  0  0  0  0
 0  1 -1  1  0  4
 0  1  0  0  0  2
 0  0  1  0 -1  0
 0 -1 -1 -1  0 -3
 0  0  0 -1  0 -2
2-1;1,1;1;1 1 17
4 
#1 
6	% 
 -1 -1 0 -1 0 -1
  1  0 0  1 0  0
  0  0 0  0 1 -1
 -1 -1 0  0 0  0
  0  0 1  0 0 -1
  0  0 0  0 0  1
2-1;1,1;1;1 1 13
6 
#2 
6	% 
 0  1 0 1 0  1
 1  0 0 0 0  0
 0  0 1 0 0  0
 0  0 0 0 1 -1
 0  1 0 0 0  0
 0 -1 0 0 0 -1
6	% 
 0 1 0  0 0  0
 1 0 0  0 0  0
 0 0 1 -1 0 -1
 0 0 0  1 1  0
 0 0 0  1 0  0
 0 0 0  1 0  1
2-1;1,1;1;1 1 31
6 
#2 
6	% 
 -3 0 0 -4 0 -2
  1 0 0  1 1  0
  1 0 1  1 0  0
 -2 0 0 -2 0 -1
  1 1 0  1 0  1
  1 0 0  1 0  1
6	% 
 -3 0 0 0 0 -2
  1 0 0 1 0  1
  1 1 0 0 0  1
 -2 0 0 0 0 -1
  1 0 1 0 0  0
  1 0 0 0 1  0
1,1;1,1;1;1 1 13
12 
#2 
6	% 
 1  0  0  0  0  2
 0 -1  0  0  0  0
 0  1  0  1 -1  2
 0  0  0 -1  0  0
 0 -1 -1 -1  0 -1
 0  0  0  0  0 -1
6	% 
 -3 -2  0  2  0  0
 -1 -1  0  0  1 -1
 -1  1  1  2 -1  1
 -1 -1 -1  0  0  0
  1 -1 -1 -2  1 -2
  2  1  0 -1  0  0
1,1;1,1;1,1 1 6
10 
#2 
6	% 
 1  0  0  0  0  2
 0 -1  0  0  0 -1
 0  0  0  0  0 -1
 0  1  0  0 -1  1
 0  0 -1 -1  0  0
 0  0  0  1  0  0
6	% 
 -3  0 -2  0  2  0
  1  0  0  1 -1  1
  2  0  1  0 -1  0
  0 -1  0  0  0 -1
  0  0  0 -1  0 -1
  1  1  1  0  0  0
1,1,1;1;1;1 1 7
16 
#3 
6	% 
 0 -1 -1 -1  1 -2
 1  0  0  0  0  0
 0  0  0  0 -1  0
 0  0  0  1  0  1
 0  0 -1  0  0  1
 0 -1  0  0  0 -1
6	% 
 0  1 -1 1  1  1
 1  0  0 0  0  0
 0  1  0 0  0  0
 0 -1  0 0 -1  0
 0 -1  0 0  0 -1
 0  1 -1 0  0  1
6	% 
 0  0 1  1 -1  2
 1  0 0  0  0  0
 0 -1 0  0  0  0
 0  0 0 -1  1 -1
 0 -1 0  0  0 -1
 0  0 1  1  0  0
1,1;1,1;1;1 1 10
8 
#1 
6	% 
 -3 0 -2  0  2  0
  1 0  1  0  0 -1
  2 0  1  0 -1  0
  0 0  0 -1  0 -1
  0 1  0  0  0  1
  1 0  1  0  0  0
1,1,1;1;1;1 1 9
4 
#1 
6	% 
 -1  0  0  0 0  0
 -1  0  0 -1 0  0
 -2 -1  0 -1 1 -2
 -2 -1 -1 -1 0 -1
  1  1  0  0 0  1
  0  0  0  0 0 -1
1,1;1,1;1;1 1 24
24 
#3 
6	% 
 1  0  0  2  0  1
 0 -1 -1  0  2 -1
 0  1  2  0 -1  0
 0  1  1  0 -1  1
 0  1  1 -1 -1  0
 0  0  0  1  0  0
6	% 
 1  0  0  0  0  1
 0 -2  0  1 -1  0
 0  1  0 -2  1 -1
 0  1 -1 -1  1  0
 0  1  0 -1  1 -1
 0  0  1  0  0  0
6	% 
 1  0  0  2  0  1
 0  0  2  0 -1  2
 0  0 -1  0  2 -3
 0  1 -1  0  1 -1
 0  0 -1 -1  1 -2
 0 -1  0  1  0  0
1,1;1,1;1,1 1 9
12 
#2 
6	% 
  1 0 0  0 0 0
  0 0 1  0 0 1
  0 0 0  0 1 1
  0 1 0  0 0 1
 -1 1 0 -1 0 0
  1 0 0  1 0 0
6	% 
  1  0  0  0  0  0
  0 -1  1  0  0 -1
  0  0  1 -1  0 -1
  0  0  1  0 -1  0
 -1  0  0  0 -1  0
  1  0 -1  0  0  1
1,1;1,1;1;1 1 12
12 
#2 
6	% 
  0 -1 0 1 0  0
  1  0 0 0 0  0
 -1 -1 0 0 1 -1
  1  0 1 0 0  0
  0 -1 0 0 0  0
  0  1 0 0 0  1
6	% 
  0 0  0 0 -1 0
  1 0  0 0  0 0
 -1 0  0 1 -1 0
  1 1 -1 0  0 1
  0 0 -1 0 -1 0
  0 0 -1 0  1 1
1,1;1,1;1;1 1 17
10 
#2 
6	% 
 1 0 0  0  0  0
 0 0 0  0  0 -1
 0 0 0  0 -1  1
 0 0 0 -1  0  0
 0 0 1  0  0  0
 0 1 0  0  0  0
6	% 
 1 0  0  0  0  0
 0 0 -1  0  1  0
 0 0  1  0  0 -1
 0 0  0 -1 -1  0
 0 0  1  0  0  0
 0 1 -1  0  0  1
1,1;1,1;1;1 1 16
12 
#2 
6	% 
 0 1  0  0 0  1
 1 0  0  0 0  0
 0 0  1 -1 0 -1
 0 0 -1  1 1  0
 0 0  0  1 1  0
 0 0 -1  1 1  1
6	% 
 0 -1 0 1  0  0
 1  0 0 0  0  0
 0  0 0 0  1 -2
 0  1 1 0 -1  3
 0  0 1 0  0  1
 0 -1 1 0 -1  2
1,1;1,1;1;1 1 33
12 
#2 
6	% 
 1  0  0 0  0  0
 0  0  0 1 -1  1
 0 -1  0 0 -1  0
 0  0 -1 0  0  1
 0  0  0 0 -1  1
 0  0  1 0  1 -1
6	% 
 1  0 0  0  0  0
 0 -1 0  0  0 -1
 0  0 0 -1  0 -1
 0  0 1  0 -1  0
 0  0 1  0  0 -1
 0  0 0  0  1  0
1,1;1,1;1;1 1 18
15 
#4 
6	% 
 0 1 0  0 -1  1
 0 0 1 -1  0 -1
 1 0 0  0  0  0
 0 0 0 -1  0 -1
 0 0 0  0 -1  0
 0 0 0  1  1  0
6	% 
 0  1  0 1 0  1
 0  0  1 0 1 -1
 1  0  0 0 0  0
 0  0  1 0 0  0
 0  1  0 0 0  1
 0 -1 -1 0 0  0
6	% 
 0  1 0 1  0  1
 0  0 0 0 -1  0
 1  0 0 0  0  0
 0  0 1 0 -1 -1
 0  1 1 0  0  0
 0 -1 0 0  1  0
6	% 
 0 -1  0  0 0 -1
 0  0  0 -1 1 -1
 1  0  0  0 0  0
 0  0 -1 -1 0  0
 0 -1 -1  0 0  0
 0  1  0  1 0  1
2-1;1;1;1;1 1 27
2 
#1 
6	% 
 1 0 0 0  0 0
 0 0 0 1  0 0
 0 1 0 0  0 1
 0 0 0 0  1 0
 0 0 0 0 -1 1
 0 0 1 0 -1 0
2-1;1;1;1;1 1 12
2 
#1 
6	% 
 1 0 0 0 0  0
 0 0 0 0 1 -1
 0 0 0 1 0  0
 0 0 1 0 0  0
 0 1 0 0 0  0
 0 0 0 0 0  1
1,1;1;1;1;1 1 42
6 
#2 
6	% 
  1 0 0 0 0  0
  1 0 0 0 1  0
 -1 0 1 0 0 -1
  1 1 0 0 0  1
  1 0 0 1 0  1
 -2 0 0 0 0 -1
6	% 
  1 0 0  0 0  0
  1 0 0  1 1  0
 -1 0 1 -1 0 -1
  1 0 0  1 0  1
  1 1 0  1 0  1
 -2 0 0 -2 0 -1
1,1;1;1;1;1 1 14
6 
#2 
6	% 
 0  0 0 1 0  0
 1  0 0 0 0  0
 0  0 0 0 1 -1
 0 -1 1 0 0 -1
 0 -1 0 0 0  0
 0  1 0 0 0  1
6	% 
 0 1 0 -1 0  0
 1 0 0  0 0  0
 0 0 0 -1 1 -1
 0 0 1  0 0 -1
 0 0 0  1 0  0
 0 0 0  1 0  1
1,1;1;1;1;1 1 35
12 
#2 
6	% 
 1  0  0  0  0  0
 0  0 -1 -1  2 -1
 0  0  2  1 -1  0
 0 -1  0  0  0  0
 0 -1 -1 -1  1 -1
 0  0 -1 -1  1  0
6	% 
 1 0  0  0  0  0
 0 0  1  0 -2  3
 0 0 -2  0  1 -2
 0 1  0 -1  0  0
 0 0  1 -1 -1  1
 0 1  1  0 -1  2
1,1;1;1;1;1 1 22
4 
#1 
6	% 
 1 0 0 0 0  0
 0 0 0 0 1 -1
 0 0 0 1 0  1
 0 0 1 0 0 -1
 0 1 0 0 0  1
 0 0 0 0 0 -1
1,1;1;1;1;1 1 19
1 
#1 
6	% 
  3  0 0 0 0  2
  1  0 0 1 0  1
  1  0 1 0 0  0
  1 -1 0 0 0  0
 -1  0 0 0 1 -1
 -2  0 0 0 0 -1
1,1;1;1;1;1 1 12
4 
#1 
6	% 
 1 0 0 0 0  0
 0 1 0 0 0  0
 0 1 0 1 0  1
 0 0 0 0 1 -1
 0 1 0 0 0  1
 0 0 1 0 0  0
1,1;1;1;1;1 1 43
4 
#1 
6	% 
 1 0 1 0 -1 0
 0 0 0 0  1 0
 0 0 1 0  0 0
 0 1 0 0  0 0
 0 0 0 1  0 0
 0 0 0 0  0 1
1,1;1;1;1;1 1 21
4 
#1 
6	% 
 1 0 0 0  0  0
 1 0 0 0 -1  0
 0 0 0 1  0  1
 1 0 1 0  0 -1
 0 1 0 0  0  0
 0 0 0 0  0 -1
1,1;1;1;1;1 1 44
10 
#3 
6	% 
 0 1 0  3 0  2
 1 0 0  0 0  0
 0 0 0 -2 0 -1
 0 0 0  1 0  1
 0 0 1  1 0  0
 0 0 0 -1 1 -1
6	% 
 0 0 1 -3 0 -2
 1 0 0  0 0  0
 0 0 0  2 0  1
 0 0 0 -1 0  0
 0 1 0 -1 0  0
 0 0 0  1 1  0
6	% 
 0 0 0 0 -3 -1
 1 0 0 0  0  0
 0 0 0 0  2  1
 0 1 0 0 -1  0
 0 0 1 0 -1 -1
 0 0 0 1  1  1
1,1;1;1;1;1 1 53
5 
#2 
6	% 
 -3 0 0 -4 0 -2
  1 1 0  1 0  1
 -1 0 0 -1 0  0
 -1 0 1 -1 0 -1
 -1 0 0 -1 1 -1
  2 0 0  2 0  1
6	% 
 -3 0 0 0 0 -2
  1 1 0 0 0  1
 -1 0 1 0 0 -1
 -1 0 0 1 0  0
 -1 0 0 0 1 -1
  2 0 0 0 0  1
1;1;1;1;1;1 1 38
1 
#1 
6	% 
 1  0 0 0 0  0
 0 -1 0 0 0  0
 0 -1 1 0 0 -1
 0 -1 0 1 0  0
 0 -1 0 0 1 -1
 0  2 0 0 0  1
1;1;1;1;1;1 1 27
2 
#1 
6	% 
 1  0  0 0  0  0
 0 -1  1 0  0 -1
 0  0  0 1 -1  1
 0  0 -1 0 -1  1
 0  0  0 0  1  0
 0  0 -1 0  1  0
1;1;1;1;1;1 1 14
1 
#1 
6	% 
 1 0 0  0 0  0
 0 0 0 -1 0 -1
 0 0 0  0 1 -1
 0 1 0  0 0  0
 0 0 1  0 0  0
 0 0 0  0 0  1
