#30

2-1;1;1;1;1 1 36
1 
#1 
6	% 
 1 0 0 0 0 0
 0 1 0 0 0 0
 0 0 1 0 0 0
 0 0 0 1 0 0
 0 0 0 0 1 0
 0 0 0 0 0 1
1,1,1,1,1,1 1 1
1 
#1 
6	% 
 1 0 0 0 0 0
 0 1 0 0 0 0
 0 0 1 0 0 0
 0 0 0 1 0 0
 0 0 0 0 1 0
 0 0 0 0 0 1
1,1,1,1;1,1 1 3
10 
#4 
6	% 
  0  0  0  0  1  0
 -1 -1  1  1  0 -1
  0  0  1  1  1  0
  0  1 -1 -1  0  1
 -1 -1  1  0 -1 -1
  1  1  0  0  1  0
6	% 
  0  0 0 0  1 0
  0  0 0 0  2 1
  0 -1 0 0  0 0
  1  0 1 0  0 0
  0  1 0 1  2 0
 -1  0 0 0 -1 0
6	% 
 -1 -1  1  0  3  0
  0  0  0 -1  0  0
  1  1  0  0 -1 -1
  0 -1 -1  0 -1  1
  0 -1 -1  0  0  1
 -1  0  1  0  1 -1
6	% 
  1  0  0  1  0 -1
 -1 -1 -1 -1 -1 -1
  0  0  0 -1  0  0
  0  0  1  1  0  1
 -1 -1  0  0  0 -1
  1  0  0  0  0  0
1,1,1,1,1;1 1 2
4 
#2 
6	% 
  0  0  0  0  1  1
 -1  0  0  0  0  0
 -1  0  0  1  2  1
 -1 -1  1 -1  2  1
  1  0 -1  0 -3 -1
 -1 -1  0  0  2  1
6	% 
  0  0  1 1  1  0
  0 -1  0 0  0  0
 -1 -1  1 0  0  0
  0  0  1 0  1  0
  0  1 -1 0 -1 -1
  0 -1  1 0  0 -1
2-1;1,1,1;1 1 8
2 
#1 
6	% 
  0 0 0  0 -1 1
  0 0 0  0  1 0
  0 0 0 -1  0 0
  0 0 1  0  1 0
  0 1 0  0  0 0
 -1 0 0  0 -1 0
1,1,1;1,1,1 1 4
6 
#2 
6	% 
  1  1  1  1  1 -1
  0  1  1  1  1 -1
 -1 -1 -2 -1 -2  2
  1  1  1  1  2 -1
 -1 -2 -1 -1 -1  2
  1  1  1  0  1 -1
6	% 
  0  1  1  1  2 -1
  0  1  1  1  2  0
  0 -1 -2 -1 -1  1
  1  0  1  1  0 -1
 -1  0 -1 -2 -2  1
  1  0  1  1  1  0
1,1,1,1;1,1 1 2
1 
#1 
6	% 
 -1 -1 -1 -1 -2  0
 -1 -1  0  0 -1  0
 -2 -1 -1 -2 -3  0
  0  0  0  0  1  1
  2  1  1  1  2 -1
 -2 -1 -1 -1 -3 -1
2-1;1,1;1,1 1 11
2 
#1 
6	% 
  1  0  0 -1 -1  1
  0 -1  1  0 -2 -1
  0  1 -1 -1  1  2
 -1 -1  0  1 -1 -2
 -1  0  1  1  0 -2
 -1 -1  1  0 -2 -2
1,1,1;1,1,1 1 3
2 
#1 
6	% 
  1 0 0 -1  0 0
  0 0 0  0 -1 1
  0 0 1  0  1 0
 -1 0 0  0 -1 0
  0 1 0  0  1 0
  1 0 0  0  0 0
1,1,1,1;1;1 1 5
5 
#2 
6	% 
  0  0  0  0  1  0
  0  0  0  0  2 -1
  0  0  0  1  2  0
  1  0 -1 -1 -2  1
 -1 -1  0  1  1 -1
  1  0  0  0 -1  0
6	% 
  1  0  0  0  1 0
  2  0  0 -1  0 0
  1  0  0  0  2 1
 -2  0 -1  1 -3 0
  2 -1  0 -1  2 0
 -1  0  0  0 -1 1
1,1,1;1;1;1 1 15
2 
#1 
6	% 
  0  0  0  1  2 0
  1  0 -1 -1 -1 0
  0  0  0  0  0 1
  1  0  0  0 -1 0
  0  0  0  0  1 1
 -1 -1  0  1  0 0
1,1;1,1;1;1 1 13
1 
#1 
6	% 
  0  0  0  0  0 1
  0  0  1  0  0 0
  0  1 -1 -1 -1 0
  0 -1  0  0 -1 0
 -1 -1  1  0  0 0
  0  0  0  0  1 0
1,1,1;1,1;1 1 12
16 
#4 
6	% 
  0  0  0  0  1  0
 -1  1 -1  1  0  0
  1 -2  2 -1 -3  0
  0  1  0  1  1  0
  0 -1  1 -1 -2  0
  0  0  0  0  0 -1
6	% 
  2 1 -1 -2  1  2
  1 0  0 -1  1  2
 -3 0  0  3 -2 -4
  1 0  0  0  1  1
 -2 0  0  1 -1 -2
  1 1  0 -1  1  1
6	% 
  2  2  2  2  3 0
  2  1  2  1  0 0
 -5 -4 -5 -4 -4 0
  1  1  1  0  0 0
 -2 -2 -3 -2 -2 0
  1  1  1  1  2 1
6	% 
  2  2  2  2  3 0
  2  1  1  2  0 0
 -5 -4 -4 -5 -4 0
  1  1  0  1  0 0
 -2 -2 -2 -3 -2 0
  1  1  1  1  2 1
1,1;1,1;1,1 1 6
3 
#2 
6	% 
 0  0  0 0 0 1
 0 -1  0 0 0 0
 0  0  0 0 1 0
 0  1  0 1 1 0
 1  0  1 0 1 0
 0  0 -1 0 0 0
6	% 
  0  0  0  0  0 1
  0  1  0  0  1 0
  0  0  0  0  1 0
  0 -1  0 -1 -1 0
 -1  0 -1  0 -1 0
  1  0  0  0  1 0
1,1,1;1;1;1 1 19
4 
#2 
6	% 
  0  0 0  0  0 -1
  0  0 0  0  1 -1
  0  0 0 -1  0  1
 -1  0 0  0 -1 -1
  0  0 1  0  0 -1
  0 -1 0  0 -1 -1
6	% 
  0 0 0 0  0 -1
  0 0 0 0  1 -1
  0 0 0 1  1  1
  0 1 0 0  0 -1
  0 0 1 0  0 -1
 -1 0 0 0 -1 -1
1,1;1,1;1;1 1 39
12 
#3 
6	% 
 -1  1 -1  1  1  3
  1 -1  1 -1 -2 -3
 -1  1  0  1  1  2
  1 -1  1  0 -1 -2
  1  0  1 -1  0 -2
  0 -1  1 -1 -2 -2
6	% 
 0  0  0  0  0 -1
 0  0  0  0  1  1
 1  0  0  0 -2 -1
 0  0  0 -1 -2  1
 0 -1  0  0  2  1
 0  0 -1  0 -2  1
6	% 
 -1  1  1 -1  1  3
  1 -1 -1  1 -2 -3
 -1  1  0 -1  1  2
  0 -1 -1  1 -1 -2
  1  0 -1  1 -1 -2
  1 -1 -1  0 -1 -2
1,1,1;1,1;1 1 10
2 
#1 
6	% 
  1 0 0  1  0  2
  1 0 0  1 -1  2
 -2 0 0 -2  2 -5
  1 0 0  0  0  1
  0 0 1  1  0  1
  0 1 1  0  1  0
1,1,1;1,1;1 1 7
2 
#1 
6	% 
 0 -1 1 -2 -1 0
 0  0 0 -2 -1 0
 1  0 0  5  3 0
 0  0 0 -1 -1 0
 0  0 0  0  1 1
 0 -1 0 -1 -1 0
2-1;1,1;1;1 1 32
4 
#1 
6	% 
  0 0  0  0  0 -1
  0 0  0  0 -1 -1
  0 0  0 -1 -2  0
  0 1  0  0  2  0
  0 0 -1  0  1  0
 -1 0  0  0  1  0
2-1;1,1;1;1 1 27
1 
#1 
6	% 
 0 0  0 0 -4 -3
 0 1  0 0  2  1
 0 0  0 0  3  2
 0 0  0 1  2  1
 1 0  0 0  2  1
 0 0 -1 0 -2 -1
1,1,1;1,1;1 1 11
4 
#1 
6	% 
  2  0  0 0  1 0
  0 -1  1 0  0 0
 -1  2 -2 1  0 0
  1  0  0 0  1 0
  0 -1  0 0 -1 0
  1  0  0 0  1 1
1,1,1,1;1;1 1 6
1 
#1 
6	% 
 -1  1  1  1  1  0
  0  1  1  0  1  0
  0  1  0  1  1  0
  0 -1 -1 -1 -1  0
  0  1  1  1  1 -1
  0  0  0  0  1  1
1,1;1,1;1;1 1 28
4 
#1 
6	% 
 -2 -1 0 -1 -1  2
 -1  0 1 -1  0  1
 -1  1 0 -2  0  2
  0 -1 0  0  0  0
  1  0 0  1  1 -1
  1  0 0  1  0 -1
1,1;1,1;1;1 1 30
3 
#2 
6	% 
  0 -1  0 -1 -1 0
  0  1  1  1  1 0
 -1  0 -1  0 -1 0
  1  1  1  0  1 0
  0  0  0  0  1 1
  0  0  0  0  0 1
6	% 
  0  0 -1 -1 -1 0
  0  0  1  0  1 0
 -1 -1  0  0 -1 0
  1  0  0  0  1 0
  0  0  0  0  0 1
  0  0  0  0  1 1
1,1;1,1;1,1 1 10
2 
#1 
6	% 
 1  1  0 -1  0 -1
 0 -1 -1  0 -1  1
 0  0  0  1  2  0
 1  0 -1 -1  0  1
 1  0  0  0  2  0
 0  1  1  0  0 -1
1,1,1;1;1;1 1 16
2 
#1 
6	% 
 1 0 0 -1 0 0
 0 1 0 -1 0 0
 0 0 1  1 1 0
 0 0 0 -1 0 0
 0 0 0 -1 0 1
 0 0 0  0 1 1
1,1;1;1;1;1 1 33
1 
#1 
6	% 
  4  2 -2 -3  0 -1
 -2 -2  1  3  0  0
  1  0 -1 -1 -1 -1
  0  0  0  0  0 -1
  0  0  0  0  1  1
  1  1  0 -1  0 -1
1,1;1;1;1;1 1 54
8 
#2 
6	% 
  0 0  0  0  0 -1
  0 0  0  0 -1 -1
  0 0 -1  0 -1  0
  0 1  0  0  0  0
  0 0  0 -1 -1  0
 -1 0  0  0  0  0
6	% 
 0 0 0  0  0 -1
 0 0 0  0 -1 -1
 0 0 1  0  0  0
 0 1 0  0  0  0
 1 0 0  0  0  0
 0 0 0 -1  0  0
1,1;1;1;1;1 1 49
1 
#1 
6	% 
 0  0 0 0 -1 1
 1  0 0 0  0 0
 0  0 1 0  0 0
 0 -1 0 0 -1 0
 0  0 0 1  1 0
 0  0 0 0  1 0
1;1;1;1;1;1 1 42
1 
#1 
6	% 
 0  0  0 -1 -1 0
 0 -1  0  0  0 0
 0  0  0  0  1 1
 0  0 -1  0  0 0
 1  0  0  0  1 0
 0  0  0  0 -1 0
