#55

4-1;1,1 1 2
1 
#1 
6	% 
 1 0 0 0 0 0
 0 1 0 0 0 0
 0 0 1 0 0 0
 0 0 0 1 0 0
 0 0 0 0 1 0
 0 0 0 0 0 1
1,1,1,1,1,1 1 1
1 
#1 
6	% 
 1 0 0 0 0 0
 0 1 0 0 0 0
 0 0 1 0 0 0
 0 0 0 1 0 0
 0 0 0 0 1 0
 0 0 0 0 0 1
1,1,1,1,1;1 1 2
16 
#2 
6	% 
  1 1  1 -1  1 -1
  1 0  0  0  0  0
  0 0  0 -1  0  1
  2 0  1  0  1  0
 -1 0 -1  1 -1  0
  1 0  1 -1  0  0
6	% 
 -1  0 -2  0 -1  1
 -1  0  0  0  0  0
 -1  0 -1  0 -1  0
 -2 -1 -5  1 -2  3
  2  0  4 -1  2 -2
 -2  0 -3  0 -1  1
1,1,1,1;1,1 1 2
7 
#2 
6	% 
 0  1  0 0 0  0
 0  1  1 1 1  1
 0  0  1 0 0  0
 1  0  0 0 0  0
 0 -1 -1 0 0 -1
 0  1  1 1 0  0
6	% 
 0 0  0 1 0 -1
 0 1 -1 0 0  0
 1 0  1 0 0 -2
 0 0  0 0 1  0
 0 0  0 0 0  1
 0 1  0 0 0 -1
2-1;1,1,1;1 1 8
24 
#1 
6	% 
  1  0 0  0  0  0
  0  0 0 -1 -1  0
 -1  0 1  0  1 -1
 -1 -1 0  1  0  0
  1 -1 1 -1 -1  0
  1  0 0 -1  0  0
1,1,1;1,1,1 1 2
4 
#1 
6	% 
  0  0  0  0  1  0
  1  0  0  1  1 -1
  0  0 -1  0 -1  0
  0 -1 -1 -1 -3 -1
 -1  1  1  0  2  1
  1  1  1  1  3  0
2-1;1,1,1,1 1 2
6 
#1 
6	% 
 0 -1  1  0  0  0
 0  0  1  0  1  0
 1  1  3  1  4 -1
 0  0  3  0  3 -1
 0  0 -1  1  0  1
 0  0 -2 -1 -2  0
1,1,1;1,1,1 1 3
12 
#1 
6	% 
  1  0 -3  4 -3  2
  0 -1 -5  2 -2  2
  0  0  1  0  0  0
 -1  0 -1 -1  1  0
  0  0  2 -1  1 -1
  1  0 -4  3 -2  2
1,1,1,1;1,1 1 3
36 
#2 
6	% 
 -1  0 -1  0  1  2
  1  0 -1  1  1  1
  0  1  0  1  0  0
  0 -2  2 -2 -1 -2
  0 -2  1 -1  0 -1
  0  2 -2  1  1  2
6	% 
  1  0  0  0 1  1
  1  0  0  1 0 -1
  0  1 -1  1 0  0
 -1 -1  1  0 0  0
  1  0  1 -1 0 -1
  0  1 -1  0 0  1
2-1;1,1;1,1 1 4
6 
#1 
6	% 
  1 0  0  0 0  0
  0 1  1  0 2  0
 -1 0  1 -1 1  0
  0 0 -1  1 0  1
  0 0  1 -1 1 -1
 -1 0  0 -1 0  0
2-1;1,1,1;1 1 5
12 
#1 
6	% 
  0  1 -1  0  0 0
 -1  1 -1 -1  0 1
  1 -1  0  1 -1 0
  0  0  0  0  1 0
  0  0 -1  1 -1 1
  1  0  0  1  0 0
2-1;1,1,1;1 1 6
12 
#1 
6	% 
 -1 1  0 -1  0 -1
  0 1  0  0  1 -1
  1 1 -1  1  0 -1
  0 0  0  0 -1  0
  0 0  0  0  1  1
 -1 0 -1  0  0  2
2-1',2-1';1,1 1 2
6 
#1 
6	% 
  0 -1  1  0  0  0
  0  0  0  0  1  0
 -1  0  0 -2  0  2
 -1 -1  2 -2  1  1
  0  1 -2  1 -2  1
  1 -1  2  1  1 -2
2-2;1,1,1,1 1 2
16 
#1 
6	% 
  1  0 0  0 0  0
  1  0 0  0 0  1
  0  0 0 -1 0 -2
 -1 -1 1  1 0  1
  1  0 1 -2 0 -2
 -1  1 0  1 1  1
1,1,1;1,1;1 1 10
24 
#1 
6	% 
 0 -1  1 -1 -1 -1
 0  0  0 -1  0  1
 1  1 -1  3  1 -1
 0  1 -2  0 -1  0
 0 -1  2 -1  1  0
 0  0  0  0  1  0
2-2;1,1,1;1 1 5
16 
#1 
6	% 
  1  0  0  0  0  0
  2  1  0  0  1 -1
 -2 -1  0  0  0  1
 -3 -1  0  0  0  2
 -3 -2  1 -1 -1  1
 -3 -1 -1  0 -1  2
1,1,1,1;1;1 1 4
6 
#1 
6	% 
  1 -1 1  1 0 -1
  1  0 0  0 0  0
 -2  1 0 -3 0  1
  0 -1 0  2 0  0
  0  1 0 -1 0  0
  0  1 0 -1 1  0
1,1,1;1,1;1 1 5
16 
#2 
6	% 
  2  1 -1  1  0 -1
  1  0  0  0  0  0
 -2 -2  2 -1  0  1
  1  1 -1  1  0  0
  0  0 -1  1  0  1
  0  0  0  0 -1  0
6	% 
 0  2  2  1  5  1
 0  1  1  0  2  0
 0 -3 -2 -1 -6 -1
 1  1  1  1  2  0
 1  0  0  0  0  0
 0  0  0  0 -1  0
1,1,1,1;1;1 1 5
36 
#2 
6	% 
 1 0  0  0 0  0
 0 1  0  0 1  0
 0 1 -1 -1 0  1
 0 0  1  0 1 -1
 0 0 -1  0 0  1
 0 0  1  0 0 -2
6	% 
  1  0  0  0  0 0
  1 -1  0  0  0 1
  1  0  0 -1 -1 0
 -2  1 -1  1  0 0
  2 -1  0  0 -1 1
 -1  0 -1  1  0 0
1,1;1,1;1,1 1 3
3 
#1 
6	% 
 1  0 0  2  0 -2
 0  0 0  0  1  0
 0  0 1 -1  0 -1
 0  0 0 -1  0  1
 0 -1 1  0 -2 -1
 0  0 0  1 -1  0
2-2;1,1;1,1 1 4
16 
#1 
6	% 
  1  0  0  1  0 -1
 -1  1 -1  0  1  1
 -1 -1  1 -1 -1  0
  0 -2  2 -1 -1 -1
  0 -1  2 -1 -1 -1
  0 -2  1  0 -2  0
1,1,1;1,1;1 1 7
24 
#2 
6	% 
 0  1 -3  0  1  0
 0  2 -2  1  2  1
 0 -4  5 -2 -4 -2
 1  1 -1  1  1  0
 1  0  0  0  0  0
 0  1 -2  0  0  0
6	% 
  2  0  1 -1 -1 -1
  2  0 -1  2  1  0
 -5  0  1 -3 -1  1
  1 -1 -1  1 -1  0
  0 -1 -1  0 -2  0
  1  0  0  0 -1  0
1,1;1,1;1,1 1 6
12 
#1 
6	% 
 1  0  0  2  0 -2
 0  0 -1 -1 -1  0
 0  0  0 -1  0  1
 0  0  1  0  1  0
 0 -1  0  0  0  0
 0  1  1 -1  0  0
1,1;1,1;1,1 1 9
6 
#1 
6	% 
  1  0  0  0  0  0
  0 -1  0  1 -1  1
  0  0 -1  0  0  0
  0  0 -1  0 -1  0
 -1  0  0 -1  0  0
  1  0  1  0  1 -1
1,1,1,1;1;1 1 6
6 
#1 
6	% 
  0  0 -1 0 -1  0
  1  0  0 0  0  0
  0  1  0 0  1  0
 -1 -1  0 0 -1  1
  1  1  0 0  0 -1
  0  0 -1 1  0  1
1,1,1;1,1;1 1 11
24 
#1 
6	% 
 0  0  1 -1  1  1
 0  0  2 -1  2  1
 1  0 -4  3 -4 -3
 0  0  0  0  1  1
 0 -1  1  0  1  1
 0  0  0  0  0  1
1,1,1;1,1;1 1 9
24 
#1 
6	% 
 -2 -1  1 -1 0  1
 -2 -2  2 -1 0  1
  3  1 -1  1 0 -1
 -1 -1  0  0 0  1
  0  2  2 -2 1 -2
  0  0  1 -1 1 -1
2-1;1,1;1;1 1 34
12 
#1 
6	% 
  1  0  0  0 0 0
  0  0 -1  1 0 1
  0 -1  1  0 0 0
 -1 -1  1 -1 0 0
  0  0  0  0 1 0
 -1  0  1 -1 1 0
3;1,1,1 1 3
8 
#1 
6	% 
  1  0  0 0  0 0
  1  0  0 1  1 0
  1 -1  1 0  0 0
  1  0 -1 1  0 1
 -1 -1  0 0 -1 0
 -1  0  0 0 -1 0
1,1;1,1;1;1 1 6
6 
#1 
6	% 
  0 -1 1  0  0  0
 -3  0 0 -2  0  2
  2 -1 0  2  0  0
  0  1 0 -1  0 -1
  1 -1 0  1 -1  0
  1 -1 0  1  0  0
2-2;1,1,1;1 1 6
16 
#1 
6	% 
  1  0  0  0  0 0
  1  0  0  0  1 0
  0  0 -1  1  0 1
  1  0 -1  1 -1 0
  0  1 -1  0  0 0
 -1 -1  1 -1  0 0
1,1;1,1;1;1 1 10
24 
#1 
6	% 
 1 0 0  2 0 -2
 0 0 0 -1 0  0
 0 0 0 -1 0  1
 0 0 1 -1 0 -1
 0 1 0  0 1  0
 0 0 0  0 1  1
1,1,1;1;1;1 1 4
4 
#1 
6	% 
  1 -1  1  0 0  0
 -1  0  0  0 0  0
  0 -1  1 -1 0  1
  0  2 -1  1 1 -1
  0  1  0  0 0 -1
  0  1  0  0 1 -1
1,1,1;1;1;1 1 16
12 
#1 
6	% 
 1  0 0  0 0  0
 0 -2 1  0 0  2
 0  1 1 -1 0 -3
 0 -1 0  0 0  1
 0  0 0  0 1  1
 0  0 0  0 1  0
1,1,1;1;1;1 1 8
12 
#1 
6	% 
  1  0  0 0  0  0
 -1 -1  1 1  0 -1
  1  0 -1 0  0  1
  0 -1  0 0 -1  0
  1  0 -1 0  0  2
 -1 -1  1 0  0 -1
1,1;1,1;1;1 1 15
6 
#1 
6	% 
 -1  0 0 -1  0  1
  0  0 1 -1  0 -1
  1 -1 0  1  0  0
  1  1 0  0  0 -1
  0  0 0  0 -1  0
  0  1 0  0  1  0
1,1,1;1;1;1 1 12
12 
#1 
6	% 
 -1  0 0  0  0  0
  0  0 1 -1  0 -1
  0 -1 0  0 -1  1
  0 -1 1  0  0 -1
  0  0 0  0  1  0
  0 -1 0  0 -1  0
1,1;1,1;1;1 1 27
12 
#1 
6	% 
 1  0  0  0  0  0
 0  0 -1  1  0  1
 0  1  1 -1  0 -1
 1  0  1  0  0 -1
 1  0 -2  2  0  1
 0 -1  2 -1 -1 -1
1,1,1;1;1;1 1 19
8 
#1 
6	% 
  1 1  0 0 1 -1
  1 0  0 0 0  0
 -1 0  0 0 0  1
  1 1  0 0 0 -1
  1 0  1 0 1 -1
  1 1 -1 1 1  0
2-1;1,1;1;1 1 23
6 
#1 
6	% 
 -3  0  0 -2  0 2
 -1  0 -1  0 -1 1
  1  0  0  1  1 0
 -1  0  0 -1  0 0
  0  1 -1  0  0 0
  0 -1  0  0 -1 0
2-1;2-1;1,1 1 4
3 
#1 
6	% 
 1 0  0  1  0 -1
 0 0  1 -1 -1 -1
 0 1  0 -1 -1 -1
 0 0  0  0 -1 -1
 0 0 -1  1  0  1
 0 0  0 -1 -1  0
2-1;1,1;1;1 1 9
6 
#1 
6	% 
 1 0 0  0  0  0
 0 0 1 -1  1 -1
 0 0 1  0  1 -2
 0 0 0  0 -1  0
 0 1 0  0  1 -1
 0 0 0  0  0 -1
3;1,1,1 2 2
4 
#1 
6	% 
 1  0 0  1  0 -1
 0  0 0  1  0 -1
 0  0 0  0  0 -1
 0  1 0  0  1  0
 0 -1 1 -1 -1 -1
 0 -1 1 -1  0  0
2-1;2-1;1,1 1 9
6 
#1 
6	% 
  1  0 0  0  0  0
  0  1 0  0  1  0
 -1  0 1 -1  1  0
  0  0 1 -1  0 -1
  1 -1 0  1 -1  0
  0  0 0  0  1  0
2-1,2-1;1,1 1 2
12 
#1 
6	% 
  0 1 -1  0  0 0
  0 0  0  0  1 0
 -1 0  0 -1  0 1
 -1 0 -1  0 -1 1
  0 0  1  0  1 0
  1 0 -1  1 -1 0
2-1,2-1;1,1 3 2
6 
#1 
6	% 
 1  0  0 1 0 -1
 0  1 -1 0 1  0
 0  0 -1 0 0  0
 0  0 -1 1 0  0
 0 -1  1 0 0  0
 0  0 -1 0 0  1
2-1,2-1;1,1 2 3
12 
#1 
6	% 
 1  0  0  1  0 -1
 0  3  1  0  3  0
 0  4 -5  5  2  5
 0  0 -3  3 -1  2
 0 -2  2 -2 -1 -2
 0  0 -3  2 -1  3
4-1';1,1 1 2
12 
#1 
6	% 
 -1  0  0  0  0  0
  0 -3  3 -3  1 -3
  0 -4  8 -5  3 -5
 -1 -1  3 -2  1 -1
  0  2 -5  3 -2  3
  1 -1  3 -1  1 -2
1,1;1;1;1;1 1 18
6 
#1 
6	% 
  1 0 0  0 0  0
 -2 0 0 -1 0  1
  1 0 0  1 1  0
  1 0 1  0 0 -1
  0 0 1 -1 0 -1
  0 1 0  0 1  0
2-2;1,1;1;1 1 13
16 
#1 
6	% 
 1 0  0  0  0  0
 1 0  1  0  1 -1
 1 0  0  0 -1 -1
 0 0  1 -1  0 -1
 0 1 -1  0  0  0
 0 1  0  0  1  0
3;1,1;1 2 5
4 
#1 
6	% 
 1 0  0  1  0 -1
 0 1  0 -1  0 -1
 0 0  0 -1 -1 -1
 0 0  0 -1 -1  0
 0 0 -1  1  0  1
 0 0  0 -1  0  0
1,1;1;1;1;1 1 8
1 
#1 
6	% 
 1  0  0  0  0  0
 0  0  0  1  0 -1
 0 -1  0 -1 -1  1
 0  0 -1 -1 -1  1
 0  0 -1  0  0  1
 0  0 -1  0 -1  1
1,1;1;1;1;1 1 41
3 
#1 
6	% 
 -3  0  0 -5 0  5
  0  0  0  0 1  0
 -1  0 -1 -1 0  2
  0  1  0  0 1  0
 -1 -1  0 -1 0  2
  0  0  1 -1 0 -1
3;1,1;1 1 14
8 
#1 
6	% 
 0  0 -1 1 -1 1
 0 -1 -1 1 -1 1
 0 -1  0 1  0 1
 1 -1 -1 2 -1 1
 1  0  0 0  0 0
 0  0 -1 1  0 1
1,1;1;1;1;1 1 56
2 
#1 
6	% 
 1 0  0  0  0 0
 0 1  0 -1  0 0
 0 0  0  0 -1 0
 0 1  0  0  1 0
 0 0 -1  1  0 1
 0 1 -1  0  0 0
