#18

1,1;1;1;1;1 1 32
1 
#1 
6	% 
 1 0 0 0 0 0
 0 1 0 0 0 0
 0 0 1 0 0 0
 0 0 0 1 0 0
 0 0 0 0 1 0
 0 0 0 0 0 1
1,1,1,1,1,1 1 1
1 
#1 
6	% 
 1 0 0 0 0 0
 0 1 0 0 0 0
 0 0 1 0 0 0
 0 0 0 1 0 0
 0 0 0 0 1 0
 0 0 0 0 0 1
1,1,1,1;1,1 1 3
7 
#5 
6	% 
  0  0  1  1 1  1
 -1 -1 -1  0 0  0
  0  1  0  0 0  0
  1  0  0 -1 0 -1
  0 -1  0  0 1  1
 -1  0  0  0 0  0
6	% 
 -1 1 -2 -1 -3 -2
  1 0 -2 -1 -2 -1
  1 0 -1  1  2  3
  0 0  2  1  2  1
  0 0 -1 -1 -2 -2
 -1 0 -2  0 -1  0
6	% 
 0 0 0 -1  1  0
 0 0 1  0  1  1
 1 0 0  1  0  0
 0 0 0  0 -1 -1
 0 0 1  0  1  0
 0 1 0 -1  0  0
6	% 
 -1 -1  1  0 -1 -1
  0  0  0  1  0  0
  0  1 -1  0  0  1
  1  0  1 -1  0 -2
 -1  0  2  0 -1 -3
  0 -1  0  0  0  0
6	% 
 0  0  1  0  1  0
 1 -1  2  0  0 -2
 0  0 -1  0  0  2
 0  1 -2  0  0  2
 1  0  1  0  0 -1
 0  0  1 -1 -1 -2
1,1,1,1,1;1 1 2
4 
#3 
6	% 
  1 1 -1  0  0  1
  0 0  0 -1  0  0
 -1 0  0 -1 -1 -1
  1 0 -1  0  0  0
  0 0  0  1  0  1
  0 0 -1 -1  0  0
6	% 
 -1  1  0  0 -1 -1
 -1  0  0  0  0  0
 -1  0 -1 -1 -1 -1
  0  1 -1  0  0  1
  1 -1  1  0  0  0
 -1  1 -1 -1 -1  0
6	% 
  1 -1 1  1  0  0
  1 -1 1  1  1 -1
  1 -1 0  1  1  1
  1 -1 0  2  0  0
 -2  1 0 -2 -1 -1
  1 -2 1  2  1  0
1,1,1;1,1,1 1 4
2 
#1 
6	% 
 0 0  0  1  1 -1
 0 1  0  1  1  0
 0 0  1 -1 -2  0
 0 0 -1  1  1  0
 0 0  0 -2 -1  1
 1 0 -1  1  1  1
1,1,1;1,1,1 1 3
2 
#2 
6	% 
  1 -1 0 1 0  0
  1  1 1 0 0 -1
  0 -1 0 1 1  1
  0  1 0 0 0  0
 -1  0 0 0 0  1
  1  0 0 0 0  0
6	% 
 -1 -1  1  0  0 -1
  0  0  0  0  0  1
 -1  0  0 -1  0 -1
  1  0  0  0  0  0
  1  0 -1  0 -1  0
 -1  0  1  0  0 -1
1,1;1,1;1,1 1 11
1 
#1 
6	% 
  0  0 -1  2  2  5
  1 -2  1  1 -1 -3
  2 -1  0 -1 -3 -2
  0  2 -1 -2 -1  1
 -1  1  2 -4 -3 -9
 -1 -1 -1  5  5  8
1,1,1;1,1;1 1 10
4 
#3 
6	% 
  0  0  0  1  1  2
  0  0  1  1  1  1
  0  0 -1 -2 -2 -4
  0  0  0  0  1  1
  0 -1  1  1  0  0
 -1 -1  1  0  0 -1
6	% 
 -1  1  0 -1 -1  0
 -1  1  0  0 -2  0
  3 -3  0  1  4  0
  0  1 -2 -2 -2 -1
 -1  0  3  2  1  1
  0  0  1  0  0 -1
6	% 
  0  0 0  1  1  0
  1 -1 0  3  1  0
 -1  1 0 -5 -2  0
  0  0 1 -1 -1 -4
  0 -1 0  2  1  1
 -1 -1 1  0  0 -1
1,1,1;1,1;1 1 12
8 
#4 
6	% 
 -2 -2  1 -2 -2 -3
 -1 -1  0 -1 -1 -2
  4  4 -2  3  3  6
 -1  0  0  0 -1 -1
  3  1 -1  1  2  3
 -1 -1  0 -1 -1 -1
6	% 
 0  0 -1  0 -2 -1
 0  0 -2 -1 -3 -2
 1 -1  5  1  9  5
 1  1 -2  0 -1  0
 0 -1  3  0  4  2
 0  0 -1  0 -1  0
6	% 
  2 -2  0  1 -1  0
  1 -1  2  1 -1 -2
 -4  4 -3 -3  3  3
  1  0  1  1  0  0
 -2  2 -2 -2  1  1
  1 -1  0  1  0  0
6	% 
 1 -1  3  2  4  3
 0  0  2  1  3  2
 0  0 -5 -3 -7 -5
 0  0  2  0  1  0
 0  0 -4 -1 -3 -1
 1  0  1  1  2  2
1,1;1,1;1,1 1 10
2 
#1 
6	% 
  1 1  2  1  1  1
  0 0 -2  1  0  2
 -1 0  0 -1  0 -1
  1 1 -1  2  2  4
  0 1  0  0  1  1
  0 0  2  0 -1 -2
1,1,1;1,1;1 1 11
4 
#3 
6	% 
  0  0 0 -1 -1 -2
  1  1 0 -1 -1 -2
 -1 -1 1  3  3  5
  1 -1 0 -1  0 -1
  0  1 0  0 -1 -1
  0  0 0  0  0 -1
6	% 
  0 -2  1  2 -2 -1
 -2 -2  2  1 -1 -2
  3  5 -4 -4  4  4
  0 -1  1  1 -1  0
 -1 -1  1  1  0 -1
  0 -1  0  1 -1  0
6	% 
  2 -2  0 -1  1  0
  0 -2  1  0  0 -1
 -1  5 -2  1 -1  2
  1 -1 -1  0  1  2
  0 -1  1  0  0 -1
  1 -1  0  0  1  0
1,1,1,1;1;1 1 5
6 
#4 
6	% 
  1 1 -1 0  0 1
  0 0  0 0 -1 0
  1 0  0 0  0 1
 -1 0  0 0  1 0
  1 0 -1 0 -1 1
 -1 0  1 1  1 0
6	% 
  0 -1  2  1  2  1
 -1 -1  1  0  0 -1
  0 -1  1  0  0  0
  1  2 -3 -1 -1  1
 -1 -2  2  1  1  0
  0  1 -1 -1 -1  0
6	% 
 1 -1  0  0 -1  0
 1 -1  0 -1 -1  0
 0  0  0 -1 -1 -1
 0  1  0  1  2  1
 1  0 -1 -1 -2  0
 0  0  1  1  1  0
6	% 
  0  0 -1  0  1  2
  1 -1  0  1  3  4
 -1  0  0  0  2  2
  0  0  1 -1 -4 -5
  0  0 -1  0  3  5
  0 -1  1  0 -2 -3
1,1;1,1;1;1 1 31
1 
#1 
6	% 
  1  2 -2  2  2  2
 -2 -1  2 -2 -2 -2
  1  1  0  2  2  1
  0  0  1  0  0 -1
  2  0 -1  2  1  1
  1 -1  1  1  0  0
1,1;1,1;1;1 1 28
4 
#2 
6	% 
 -1 0  0 0 1 -1
  0 1 -1 0 0  0
  1 0 -1 1 0  0
 -1 0  1 0 0 -1
  0 0  1 0 0  0
  0 0  0 0 0  1
6	% 
  0 1 -1  1 -1  1
  0 0  0  0 -1 -1
 -1 0  1  1 -1 -1
  0 0 -1  0  0  0
  0 0  0  0  1  0
  0 0  0 -1  0  0
1,1;1,1;1;1 1 29
1 
#1 
6	% 
  0  0 -1  0  0  1
  2 -1  0  1 -1  0
  1 -2  1  1 -1 -1
 -1  1  0  0  1  0
 -1  1  0  0  1  1
  0  0  0 -1 -1 -1
1,1,1;1;1;1 1 17
1 
#1 
6	% 
 1 -1  0  0  0  0
 0  3 -2  1 -1  2
 0 -1  0 -1  0 -1
 0 -2  1  0  1 -1
 0  1 -1  0 -1  1
 0 -1  1  0  1  0
1,1,1;1;1;1 1 15
2 
#1 
6	% 
  0  0  0  0 -1  0
  0 -1  1  0  1  0
  0  0  0  0  1  1
  0  0  0 -1  0  0
  0  0 -1  0 -1  0
 -1  0  0  0 -1 -1
1,1,1;1;1;1 1 9
1 
#1 
6	% 
  0  0  0 -1  0 0
  0 -1  0  1  1 0
  1  0 -1  0  0 0
  1  0  0  1  1 1
 -1  0  0 -1 -1 0
  1  1 -1  0  0 1
