#108

5-1;1 1 2
1 
#1 
6	% 
 1 0 0 0 0 0
 0 1 0 0 0 0
 0 0 1 0 0 0
 0 0 0 1 0 0
 0 0 0 0 1 0
 0 0 0 0 0 1
1,1,1,1,1,1 1 1
1 
#1 
6	% 
 1 0 0 0 0 0
 0 1 0 0 0 0
 0 0 1 0 0 0
 0 0 0 1 0 0
 0 0 0 0 1 0
 0 0 0 0 0 1
1,1,1,1,1;1 1 2
26 
#3 
6	% 
  1  0  0  0  0  0
  0  0  1  0  0  0
  1  0  1 -1  0  0
  0 -1  0 -1 -1 -1
 -1  1 -1  1  0  1
  1 -1  1 -1 -1  0
6	% 
  0 0  0 -1  1  1
  1 1  0  0  0  0
 -1 0 -1 -1  0  2
  1 0  0  0  1  1
  0 0  1  1 -1 -2
 -1 0 -1 -1  1  2
6	% 
  1 1  0  0  0  0
  0 0 -1  1  0 -1
  0 0 -3  2  0 -1
  1 1 -1  0  1  0
 -1 0  2 -1 -1  1
  0 0 -3  2  1 -1
1,1,1,1;1,1 1 3
140 
#3 
6	% 
 -1 -1  1  0 -1 -1
 -3 -2  2 -1 -2 -1
  0  1 -2  0  1  1
  1  0  1  0  1  0
 -2 -1  2 -1 -1  0
  0 -1  0  1 -1 -1
6	% 
  1  2 -1  0  0 0
 -1 -1 -2  1  0 0
 -1 -1 -1  1  0 0
  2  0  4 -3  0 1
  1  0 -1  0 -1 0
  0  1  0  0  0 0
6	% 
  1  1 0 -1 -1  1
  1  0 1 -2  0  2
 -1 -1 0  0  1  0
  1  2 0  1  0 -1
  3  3 1 -2  0  1
  0  0 0  0 -1  0
2-1;1,1,1;1 1 8
120 
#1 
6	% 
 2 0  0  0 1  1
 1 0  0  0 0  1
 0 0  0  0 0 -1
 0 1  0  0 0 -1
 1 1 -1  0 0  1
 1 0  1 -1 0  1
2-1;1,1;1,1 1 8
60 
#1 
6	% 
  0  1 -1 0 0  0
  0 -1  0 1 0  0
 -1 -1  0 0 0  0
  1  0  0 1 0 -1
  1  0  0 0 0  0
  1  0  0 0 1  0
1,1,1;1,1,1 1 4
60 
#1 
6	% 
  1  2 -3 1  1  1
  0  0  0 0  0  1
 -1 -2  2 0 -1 -1
  1  2 -1 0  1  1
  0 -1  1 0 -1 -1
  1  1 -1 0  1  0
2-1;1,1;1,1 1 11
120 
#1 
6	% 
  1  0  0  0  0  1
 -1  0  0  0 -1  0
  3  0  0  0  1  1
 -2  1 -1  0 -1 -1
 -3 -1  0  0 -1 -1
 -2  0  1 -1 -1 -1
2-1;1,1,1;1 1 6
60 
#1 
6	% 
 0  0  0 -1  1  1
 0 -1  1  0 -1  0
 1  0  0  1 -1 -1
 0  1 -1  0  0  0
 0  0  1 -1  1  0
 1  1  0 -1  1  1
2-1',2-1';1,1 1 2
30 
#1 
6	% 
  0  1 1  0  0 0
 -1 -3 0  2  0 0
  0  0 0  0 -1 1
 -1 -2 1  2 -1 0
  2  5 0 -3  0 0
 -1 -2 1  1  1 0
2-1;1,1,1,1 1 2
10 
#1 
6	% 
  1  0  1  0  0  0
  1  1  0  0  0  0
  1  1  0  1 -1 -1
  1  1  0  1  0 -1
  0  0  1 -1  0  0
 -2 -1 -1  0  0  1
2-1;1,1;1,1 1 4
30 
#1 
6	% 
  2  0  0  1 -1 -1
  0  0  2 -2  1 -1
 -1  0  1 -2  1  0
  0 -1  1  0  0  0
 -1  0 -1  0  0  0
 -1  0 -2  1  0  1
1,1,1;1,1,1 1 3
60 
#1 
6	% 
 -2 -2  0  0  1 -1
  0  0  0 -1  1  1
  0  0  0  0  0 -1
  1  2  0  0 -1  1
  1  1  0  0 -1  0
 -2 -2 -1  1  1 -1
1,1,1,1;1,1 1 2
15 
#2 
6	% 
 -1  0  0 -1 1  1
 -1  0  0  0 0  0
  0 -1  0  0 0  0
  0  3 -1 -2 0  0
  1 -2  1  2 0 -1
 -1 -3  1  1 0  1
6	% 
  1  1  0  0  0  0
  0  1  0 -1  0  0
 -3  0 -1 -1 -1 -1
 -1  0  0  0  0  0
  1 -1  1  1  1  0
 -2  1 -1 -1  0 -1
2-1',2-1';1;1 1 4
30 
#1 
6	% 
  1  3  0 -2  0  0
  0  1  1  0  0  0
 -2 -5  0  3  0  0
  2  4 -2 -3  0  0
  1  2 -1 -1  0 -1
  1  2 -1 -1 -1  0
2-1;1,1,1;1 1 5
40 
#2 
6	% 
  0  0  0 1 -1 -1
 -1 -1  0 1 -1 -1
  0  0  0 0  0  1
  1  0  0 0  0  0
 -1  0 -1 1  0  0
  0  0  0 0  1  0
6	% 
  1  0  0 0  0  0
  1  0  0 0  1 -1
  0  0 -1 1 -1  0
  0 -1  1 0  0  0
 -1  0 -1 0  0  0
  0  0  0 0 -1  0
1,1,1;1,1,1 1 2
10 
#1 
6	% 
  0 -1  0  1  0  0
  0  2 -1 -1  0  0
 -1  0  0  0  0  0
 -1  0  0 -1  1  1
  1  0  1  0  0 -1
  1  1 -1  1 -1  0
2-2;1,1,1,1 1 2
40 
#1 
6	% 
  1  2  1 -1  0  1
  1 -1  0  0  0  0
  0  0  0  0 -1  1
 -1  0 -1  0  1 -1
  1  1  0 -1  0  2
 -1 -1 -1  1  1 -1
1,1,1;1,1;1 1 12
360 
#4 
6	% 
 -2 -2  2 -2  1  1
  0 -2  3 -2  1  1
  2  5 -6  4 -2 -2
  0 -1  1 -1  1  1
  1  2 -3  2 -1 -1
 -1 -1  1 -1  0  1
6	% 
  4  2 -2  3 -1  1
  1  1 -1  1  0  0
 -4 -2  2 -3  2 -2
  0  0  1  0  0  0
 -2 -1  0 -1  1 -1
  2  1 -1  1  0  1
6	% 
  1  1 -1  0 0  0
  3  3 -1 -1 0  0
 -6 -6  4  1 1 -1
  2  2 -1  0 0  0
 -3 -3  2  0 1  0
  1  0  0  0 0  0
6	% 
 -3 -3   3 -1 -2 -2
 -4 -6   6 -2 -3 -3
  9 13 -13  4  7  7
 -3 -4   4 -1 -2 -1
  5  7  -7  2  4  3
 -1 -1   2 -1 -1 -1
1,1,1,1;1;1 1 4
15 
#2 
6	% 
 1  0 -1  1  0  0
 0  0 -1  1  0  0
 0  0  2 -1 -1 -1
 0 -1 -1  0  1  1
 0  0  1  0  0 -1
 0  0  1  0 -1  0
6	% 
  2  2 -1 1  1 -1
  1  1  0 0  1 -1
 -3 -3  1 0 -3  1
  1  1 -1 0  2  0
 -1 -1  1 0 -1  0
  0 -1  1 0 -1  0
4-3';1;1 1 4
96 
#1 
6	% 
  0  0  0 -1  1  1
  0  1 -1  1 -1  0
  1  1 -1  2 -1 -1
 -1 -1  0  0  0  0
  1  0  0  1 -1  0
 -1 -1  1 -1  1  0
2-2;1,1,1;1 1 5
200 
#3 
6	% 
  1  0  1 -1  0  0
 -2  1 -1  0  0  1
  2 -1  1  0 -1  0
  2 -2  1  0  0  0
  2 -1  0  1 -1 -1
  3 -1  1  1 -1 -1
6	% 
 0 -1  1  0 0 -1
 1  0  0  0 0  0
 0  1 -1  0 0  0
 0  1 -2  1 0  1
 1  2 -1  0 0  1
 0  1 -1 -1 1  2
6	% 
  0  0  1 -1  0 0
  1  1 -2  1  1 0
  0 -1  2 -1 -1 0
 -1 -2  3 -2 -1 1
 -1 -1  2 -1 -2 0
  0 -1  3 -1 -2 0
1,1,1;1,1;1 1 5
60 
#3 
6	% 
  1 0 1 -1  1  1
  1 1 0  0  0  0
  0 0 0  1 -1 -1
  0 0 0  0  1  0
 -1 0 0  0  0  0
  0 0 0  0  1 -1
6	% 
  3  2 1  0  1 -1
  1  1 0  0  0  0
 -3 -3 0  0 -1  1
  1  1 0  0  1  0
  0  0 0 -1  1  1
 -1  0 0  0  0  0
6	% 
  1  1 -1  0  1  1
  1  1 -1  1  0  0
 -1 -1  2 -1 -1 -1
  0  1 -1  0  1  0
  0  2 -2  0  1 -1
 -1  0  0  0  0  0
1,1,1,1;1;1 1 5
140 
#3 
6	% 
  0  1  0 0  0  0
 -1  1 -1 0 -1 -1
  0  0 -1 0 -1  0
  0 -1  1 1  0  0
  0  1 -2 1 -1 -1
  0  0  1 0  0  1
6	% 
  0  0  0 -1  1  1
  1  0  0  0  1  0
  0  0  0  0  0  1
 -1  0 -1  1 -1  0
  0 -1  0  0  1  0
 -1 -1  1  0  0 -1
6	% 
  0  0 1 -1  0  0
 -2  1 0 -1 -2 -2
 -2  1 0 -1 -1 -2
  2 -2 0  1  3  3
 -3  1 0 -2 -2 -2
  1 -1 0  1  1  2
1,1,1;1,1;1 1 10
240 
#3 
6	% 
 0 -1  0 -1  0 0
 0  1  0  0  0 0
 1 -1  0  1  0 0
 0  0 -1 -1  1 1
 0  0  1  0 -1 0
 0  0  0  0 -1 1
6	% 
 -1  1 -2  1 -1 -1
  0  1 -2  1  0  0
  0 -2  5 -3  0  0
  0  1 -1  1 -1 -1
  0  1 -1  1  0 -1
 -1  0  0  0  0  0
6	% 
  1 -1  2 -1  1 1
 -1 -2  1  1 -2 0
  1  3 -2 -1  2 0
  1  0  1  0  0 0
  0 -1  0  1 -1 0
  1  0  0  0  0 0
1,1;1,1;1,1 1 9
30 
#1 
6	% 
  0  0  0  0 -1 1
  0  1 -1  1  0 0
 -1 -2  2 -1  0 0
  2  1 -2  0  0 0
  0 -1  1 -1  1 0
 -2 -2  3  0 -1 0
1,1,1;1;1;1 1 19
40 
#1 
6	% 
  0  1 -1  0 1  0
  0 -1  1  0 0 -1
  0  1 -1  0 0  0
 -1 -1  0  0 0  0
  0  0  1 -1 0  0
  1  0  0  0 0  0
1,1,1;1;1;1 1 16
60 
#1 
6	% 
  0  0  0 0 -1  1
 -1 -1  0 1 -3  1
  0  0 -1 0  3 -1
 -1 -1  1 0 -2  1
  0 -1  1 0 -2  1
  0 -1  1 0  0  0
4-3';1,1 1 2
96 
#1 
6	% 
  0  1 -1  1  0 -1
 -1  1 -1  1  0 -1
  0  2 -2  1  0 -1
  0 -1  2 -2  0  1
  0  1 -1  2 -1 -2
 -1 -2  1 -1  0  1
1,1;1,1;1;1 1 39
120 
#1 
6	% 
 -1  2 -2  1  1 -2
 -1 -2  2 -1 -2  1
  0  2 -1  0  1 -1
  0 -1  1 -1 -1  1
  1 -1  2 -1 -1  1
 -1 -2  2 -1 -1  1
1,1;1,1;1,1 1 10
120 
#1 
6	% 
  1  1  0 -1  0 0
  0  1 -1  0  0 1
  0 -1  1  0  0 0
  2  2 -1  0  0 0
  1  0  0  0  0 0
 -1  0  0  0 -1 0
1,1,1;1,1;1 1 11
120 
#1 
6	% 
 -1 -1  1  0 -2 0
  0  0  0  1 -2 0
  1  1 -1 -2  5 1
 -1 -1  1  0 -1 0
  1  1 -2  1 -1 0
  0 -1  1  0 -1 0
1,1,1;1;1;1 1 15
120 
#2 
6	% 
 -1 -2  2 -2  0 0
  1  2 -2  1  0 1
  0  0 -1  1  0 0
  2  3 -3  2  0 0
 -1 -1  0  0  0 0
 -1 -2  2 -1 -1 0
6	% 
  1  2 -2  1  1  0
 -1 -2  2 -1 -1  1
  0  0  1 -1  0  0
 -1 -2  2 -2  0  1
  1  1  0  0  0  0
  0  1 -1  1  1 -1
1,1;1,1;1;1 1 27
60 
#1 
6	% 
  0  0  0 -1 1 1
 -1 -2  2 -2 0 0
  3  5 -6  5 0 0
  2  3 -3  2 0 1
 -3 -5  5 -5 0 1
  4  6 -5  4 0 0
1,1;1,1;1;1 1 25
120 
#1 
6	% 
  1  0  0  0 0 1
 -1  0  0  0 0 0
  1  1  0  0 0 0
  0  1 -1  0 1 0
  0  0  1 -1 0 0
  0 -1  1  0 0 0
2-1;1,1;1;1 1 34
60 
#1 
6	% 
  0  0  0 0 1 -1
  1  0  0 0 0  0
 -1 -1  0 0 0  0
 -1 -1  0 0 0  1
  0  0 -1 1 0  0
 -1  0 -1 0 0  1
3;1,1,1 1 3
40 
#1 
6	% 
  1  0  0 0 1  0
 -1  0  0 0 0 -1
 -1 -1  0 0 0  0
 -1  0  0 0 0  0
  0 -1  1 0 0  0
  0  0 -1 1 0  0
2-1;1,1;1;1 1 32
240 
#2 
6	% 
  1 0  0  0  0  1
 -1 0  0  0 -1  0
  3 1  0  0  1  1
 -2 0  1 -1 -1 -1
 -3 0  0  0 -1 -1
 -2 1 -1  0 -1 -1
6	% 
 -1  0 0  0 -1  0
  1  0 0  1  0 -1
 -2 -1 1 -1 -1  1
  1  0 0  1  1 -1
  2  0 1  0  1 -1
  1 -1 0  1  1 -1
2-1;1,1;1;1 1 19
120 
#2 
6	% 
  0  0 -1  1  0  0
  0  1  0 -1  0  0
 -1 -1  0  0 -1  1
  1  1  0  0  1 -2
  1  0  0  0  1 -1
  1  1  0 -1  2 -1
6	% 
 0  1 -1 0 0 0
 0 -1  0 1 0 0
 1  1  0 0 0 0
 0 -2  0 0 1 0
 1  0  0 0 0 0
 0 -2  0 0 0 1
2-1;1;1;1;1 1 19
30 
#1 
6	% 
  0  1 -1 0 0  0
  0 -1  0 1 0  0
  1  0  0 1 0 -1
  0 -1  0 0 1  0
 -1 -1  0 0 0  0
  1  0  0 0 0  0
2-2;2-1;1;1 1 9
40 
#1 
6	% 
  0 1 -1  0  0  0
 -1 0 -1  1 -1  0
  1 0  1 -1  0  1
  0 0  0  1 -1 -1
  1 1  0  0  0  0
  1 0  0  0  0  0
1,1;1,1;1;1 1 35
30 
#1 
6	% 
  5  7 -8  4  0  0
 -1 -2  2 -1  0 -1
  0  2 -1  3  0  0
 -1 -2  2 -1 -1  0
  3  4 -5  2  0  0
 -1  0  1  1  0  0
1,1;1,1;1;1 1 30
60 
#1 
6	% 
 -1  0  0  1 -1 -1
  1  0  0 -1  1  0
  0  1 -1  1 -1 -1
 -1 -2  2 -1  0  1
  0  0 -1  1  0  0
 -1 -1  0  0  0  0
2-2;1,1;1,1 1 6
80 
#1 
6	% 
  0  0 -1  1 -1 1
 -1 -1  0  0 -1 1
  1  1  0 -1  1 0
  0  1 -1  0  0 0
  1  0  0  0  0 0
 -1 -1  0  0  0 1
1,1;1,1;1;1 1 28
240 
#2 
6	% 
  4  4 -1 -2  1 0
  2  2  0 -2  0 1
  4  4 -1 -1 -1 0
 -1  0  0 -1  1 0
 -3 -2  0  1  0 0
 -2 -3  1  1  0 0
6	% 
  3  6 -6  4 0 0
  1  3 -3  2 0 1
  2  5 -5  4 0 0
  1  1  0 -1 1 0
 -1 -3  4 -3 0 0
 -2 -4  3 -2 0 0
2-1;1;1;1;1 1 38
60 
#1 
6	% 
  0 1  0 -1 0 1
 -1 0  0 -1 1 0
  0 1 -1  0 0 0
  1 1  0  0 0 0
  1 0  0  0 0 0
  0 0 -1  1 0 0
2-1;1,1;1;1 1 23
30 
#1 
6	% 
  0 0  0 -2  3 1
  1 1  0 -1  1 0
 -1 0 -1  1 -1 0
  1 0  0  0  1 0
  1 1  0  0  0 0
  1 0  0  0  0 0
2-2;2-1;1,1 1 4
40 
#1 
6	% 
  0  0 1 -1  1  0
  0 -1 0  1 -2  0
  0  0 0  0  1  0
  1 -1 0  1 -2  0
  0 -1 0  2 -3 -1
 -1 -2 0  1 -2  0
2-1;2-1;1,1 1 9
30 
#1 
6	% 
  0  0  0 0 1 -1
  1  0  0 0 0  0
  0 -1  0 0 0  1
  0  0 -1 1 0  0
 -1  0  0 0 0 -1
  0 -1  1 0 0  0
2-1;2-1;1;1 1 26
30 
#1 
6	% 
  0  0  0 0 0 1
  0  0  0 0 1 0
 -1 -1  0 0 0 0
  0  0 -1 1 0 0
  0 -1  1 0 0 0
  1  0  0 0 0 0
2-1;2-1;1,1 1 4
15 
#1 
6	% 
 0  0  0 -1 1  1
 1  0  1 -1 0  0
 0 -1  1 -1 0  0
 0  0  0 -1 0  1
 0  0 -1  1 0  0
 0  0  0  0 0 -1
4-1;1,1 1 2
5 
#1 
6	% 
  0  0  0 -1 1  1
 -1  0 -1  0 0  0
  0  0 -1  0 0  0
  0  0  0 -1 0  1
  0 -1  1  0 0  0
  0  0  0  0 0 -1
2-1,2-1;1,1 1 2
60 
#1 
6	% 
  0  0 -1  1 0  0
  1  0  0  0 0  0
  0  0  0  0 1 -1
 -1 -1  0  1 0 -1
  1  1  1 -1 0  0
 -1 -1  0  0 0  1
2-1,2-1;1;1 1 4
60 
#1 
6	% 
 0 -3 1  2  0  0
 1  3 0  0  0  0
 0  1 0 -1  0  0
 0 -2 0  1  0  0
 0 -1 0  1  0 -1
 0 -1 0  1 -1  0
2-1,2-1;1,1 3 2
30 
#1 
6	% 
  0  0  0 -1  1 1
  1  0 -1 -1  0 0
  2  3 -1 -3  0 0
  1  2  0 -2  1 0
 -1 -2  0  2  0 0
  1  2  0 -1 -1 0
2-1,2-1;1;1 3 4
30 
#1 
6	% 
 -1 -3 0  2 0  0
  1  4 1 -2 0  0
  1  6 2 -3 0  0
  2  8 2 -5 0  0
  1  4 1 -2 0 -1
  1  4 1 -3 1  0
4-1';1,1 1 2
60 
#1 
6	% 
 0  0  0  0  1 -1
 1  2  1 -2  0  0
 1  2  0 -2  0  0
 1  2  0 -2  1  0
 0 -1 -1  1  0  0
 1  2  0 -1 -1  0
4-1';1;1 1 4
60 
#1 
6	% 
 -1 -2 0  1  0 0
  1  2 1 -1  0 0
  0  1 1  0  0 0
  0  2 2 -1  0 0
  0  1 1 -1  0 1
  0  1 1  0 -1 0
2-1,2-1;1,1 2 3
60 
#1 
6	% 
  0  0  0 -1 1  1
  1  4  3 -3 0  0
  6 11  1 -8 0  0
  2  2 -2 -2 0  1
 -2 -4 -1  3 0  0
  2  2 -2 -1 0 -1
2-1,2-1;1;1 2 6
60 
#1 
6	% 
  3   7  4 -4 0 0
  1   0 -7  0 0 0
 -5 -12 -8  7 0 0
 -6 -12 -2  7 0 0
 -3  -6 -1  3 0 1
 -3  -6 -1  3 1 0
4-1;1;1 1 4
5 
#1 
6	% 
 1 0 0 0 0  0
 0 1 0 0 0  0
 0 0 1 0 0  0
 0 0 0 1 0  0
 0 0 0 1 0 -1
 0 0 0 0 1  0
2-1;2-1;1;1 1 7
15 
#1 
6	% 
  1  0  0 0 0 0
 -1  0 -1 1 0 0
 -1 -1  0 1 0 0
  0  0  0 1 0 0
  0  0  0 0 0 1
  0  0  0 0 1 0
2-1;1;1;1;1 1 8
10 
#1 
6	% 
  0 -1  1  0  0  0
 -1  0 -1  0  0  0
 -1  0  0 -1  0  0
  0  0  0 -1  0  0
  0  0  0  0  0 -1
  0  0  0  0 -1  0
2-1;1,1;1;1 1 9
60 
#2 
6	% 
  1  0  0  0 0 0
 -1  0 -1  0 0 0
 -4  0 -1 -1 1 1
  0 -1  1  0 0 0
 -2  0  0 -1 1 0
 -2  0  0 -1 0 1
6	% 
  0  0  2 -2  1 -1
 -1  0 -1  0  0  0
 -1  0 -4  3 -1  1
  0 -1  1  0  0  0
  0  0 -2  1  0  1
  0  0 -2  2 -1  0
1,1,1;1,1;1 1 7
120 
#2 
6	% 
 -3 0 -1 -1 0 0
 -2 0  0 -1 0 0
  3 1  0  1 0 0
 -1 0  0 -1 1 0
  0 0  0 -1 1 1
 -1 0  0 -1 0 0
6	% 
 -3 -4 -1  1  2 -2
 -4 -5 -1  1  1 -1
  8 10  2 -2 -3  3
 -2 -4  1  0  1  0
  0 -2  2 -1  1  1
 -2 -2 -1  1  1 -1
1,1,1,1;1;1 1 6
10 
#1 
6	% 
  0 0  0 0 -1  1
  1 1  0 0  0  0
  1 0  1 0  0  0
 -1 0 -1 1  0 -1
  1 0  0 0  0  1
 -1 0  0 0  0  0
1,1,1;1,1;1 1 9
80 
#2 
6	% 
  0  1 -1  1 -2  0
  0 -1  1  0 -1  1
  0 -1  1 -1  3 -1
 -2 -2 -1  1 -1  0
  3  3  1 -1  0  0
  1  0  1 -1  0  0
6	% 
  1 0  1 -1  1  1
  1 1  0  0  0  0
 -1 0 -1  2 -2 -2
  0 0  1 -1  1  0
  1 0  0  0  0  0
  1 0  1 -1  0  0
1,1;1,1;1;1 1 21
120 
#2 
6	% 
  0 0  1 -1  1 -1
 -3 0 -3  2  1  1
  3 0  3 -2 -2  0
  2 0  2 -1 -1  0
 -1 0  0  0  1 -1
  2 1  1 -1 -1  0
6	% 
  3  3  1 -3  0  0
 -6 -5 -1  6  0  0
  4  2  0 -5  0  0
  2  1  0 -2 -1  0
 -2 -1  0  2  0  0
  2  1  0 -2  0 -1
2-2;1,1;1,1 1 4
120 
#2 
6	% 
 1 1  0  0  0  0
 2 2  0  0  0 -1
 1 1  0  0  1  0
 0 1  0  0 -1 -1
 1 1  0 -1  0  0
 1 1 -1  1 -1 -1
6	% 
  0  2 -2  1 -1 -1
  1 -1  1  0  0  1
 -1 -2  2 -1  1  0
 -1  0  0  0  0  0
 -1 -1  0  0  0  0
  0  0  1 -1  0  0
1,1;1,1;1;1 1 15
30 
#1 
6	% 
  1  1  0  0  0 0
  0 -2  2 -1  1 1
 -1  0 -1  1 -1 0
  0 -1  1 -1  0 1
  0  0  1 -1  0 0
  1  0  0  0  0 0
1,1;1,1;1;1 1 10
240 
#3 
6	% 
  0  0 0  1 -1 -1
 -1 -2 0  0  1  0
  0 -1 1 -1  1  1
  2  2 1 -1  0  0
 -1 -2 0  0  0  0
  1  1 1 -1  1  0
6	% 
  0 -3  3 -2  2  2
 -1  0  0  0 -1  0
  0  1 -1  1 -1 -1
  0  0 -1  1  0  0
 -1  0  0  0  0  0
  0  0 -1  1  0 -1
6	% 
  2  2  0 0  1 -1
  0  0  0 0 -1  0
 -1 -1  0 0 -1  1
  1  0  0 0  0  0
  0  0 -1 1  0  0
 -1  0 -1 0  0  1
1,1,1;1;1;1 1 4
20 
#2 
6	% 
  0  0 0  0 -1  1
  1  1 0  0  1 -1
 -1 -1 0  1 -2  0
  1  0 1 -1  2  0
  1  0 0  0  1  0
  1  0 1 -1  1  0
6	% 
  0 1  0  0  0  0
 -1 0  0  0  0  0
  0 1  0 -1  1  1
  0 0 -1  1 -1 -1
  0 0 -1  1 -1  0
  0 0 -1  1  0 -1
1,1;1,1;1,1 1 3
15 
#1 
6	% 
  0 -7  3  4 0  0
  0  0  0 -1 1  1
 -1 -1  0  0 0  0
  0  5 -2 -3 0  0
 -1 -3  1  2 0 -1
  1 -2  1  2 0 -1
1,1,1;1;1;1 1 12
40 
#2 
6	% 
 1 -1  0  0  0  0
 0  0  0  1 -1 -1
 0  1 -1  0  0  1
 0  0  0  0 -1  0
 0  0  1 -1  0  0
 0  1 -1  0  0  0
6	% 
  0 -1  0  0 0 0
 -1  1  0  0 0 0
  0 -1  1 -1 0 1
  0  1  0 -1 1 0
  0  1 -1  0 0 0
  0  0  1 -1 0 0
1,1;1,1;1;1 1 6
45 
#2 
6	% 
  1  0  0  0  0 0
  0  0  0 -2  3 1
  2  1  0  1 -2 0
 -2 -1  0  0  0 0
  1  1 -1  1 -1 0
  1  0  0  1 -1 0
6	% 
  0 0 -1 1  0  0
  4 1  3 0  0  0
 -1 0 -2 0  1  1
  0 0  1 0 -1 -1
  0 0 -1 0  1  0
  0 0 -1 0  0  1
1,1,1;1;1;1 1 8
120 
#2 
6	% 
 0  0  0 -1  1 1
 1  0  0  1 -2 0
 0  0  0  0  1 0
 0  0 -1  1  0 0
 1  1  0 -1  2 0
 0 -1  0  1 -1 0
6	% 
  1 0 -1  1  1  1
 -1 1  1 -1 -2 -2
  1 0 -1  1  1  0
  0 0  0  0  1 -1
  2 0 -1  2  1  1
  0 0  1 -1  0 -1
1,1;1,1;1,1 1 6
120 
#2 
6	% 
  0  2 1 -3 0 0
 -1 -2 0  0 0 1
  0 -1 0  1 0 0
  1  1 0  0 0 0
 -1  0 0  0 0 0
  1 -1 0  0 1 0
6	% 
  4  0  0  0  1 -1
 -3  1 -3  3 -3 -2
 -3  0  0  0 -1  1
  2  0  2 -1  1  1
  1 -1  2 -2  2  2
 -4  0 -2  1 -2 -1
3;1,1,1 2 2
10 
#1 
6	% 
  1 0  0  0  0 0
  1 0  0  0 -1 1
  1 0  0  0 -1 0
  0 0 -1  1  0 0
  0 1  0 -1  0 0
 -2 0  0 -1  1 0
2-2;1,1,1;1 1 6
40 
#1 
6	% 
  0  1 -1  0  0  0
  0  2 -2  1 -1 -1
  0  0 -1  1  0  0
 -1  1 -2  1  0 -1
 -1  0  0  0  0  0
  0 -2  2 -1  0  1
2-2;1,1;1;1 1 16
80 
#1 
6	% 
  1  0  0  0  0  0
 -1 -1  0  0  0  0
 -1  0  0  0 -1  0
 -2 -1  0  1 -1 -1
  2  1  1 -1  0  0
 -1  0 -1  0  1  0
1,1;1;1;1;1 1 29
120 
#2 
6	% 
 -1 -1  0  0  0 0
 -1  0 -1  1 -1 0
  1  0  0  0  0 0
 -1  0 -1  0  1 0
  0  0  0 -1  1 1
  0  0 -1  1  0 0
6	% 
 1  1  0  0  0 0
 0 -1  1 -1  0 1
 0  0  1 -1  0 0
 0  0  0  0 -1 0
 0  1 -1  0  0 0
 1  0  0  0  0 0
1,1;1;1;1;1 1 31
60 
#1 
6	% 
 -1 -1  0  1  0 -1
  0 -1  0  0  0  1
 -2 -1 -1  1  0  0
  2  1  0 -1  1  1
 -3 -2 -1  2 -1 -1
  3  1  1 -2  1  1
1,1;1;1;1;1 1 54
80 
#2 
6	% 
 -1  2 -2 -1  0  1
  1 -2  2  1 -1  0
  0 -1  1  1 -1 -1
  0 -1  0  1  0  0
  1  0  1  0  0  0
 -1  1 -1  0  0  0
6	% 
  0 -1  1 0 -1  0
  0  1 -1 1  0 -1
 -1  1 -2 1  1 -1
  1  2 -2 1  1 -1
  0  1 -1 1  1 -1
  0 -2  1 0 -1  1
2-2;1,1;1;1 1 9
120 
#2 
6	% 
 -1  0 -1  0  0 1
  0 -1  1  0  0 0
  1  1  0  0 -1 0
  1  0  0  0  0 0
  0  0  1 -1  0 0
  1  1  0  0  0 0
6	% 
 -1 -1 1  0  0 -1
  1  0 0  0  0  0
  0  0 0  0  0  1
  0  0 1 -1  0  0
 -1 -1 0  0  0  0
  0  0 0  1 -1 -1
4-3;1;1 1 5
16 
#1 
6	% 
 1  0  1 0  0 -1
 1  1  0 0  0  0
 1  0  0 0  0  0
 0  0  0 1 -1 -1
 0 -1  1 0  0  0
 0  0 -1 1  0  0
3;1,1;1 1 11
80 
#2 
6	% 
 -1 -1  0  1 -1  0
 -1 -1  0  1  0 -1
 -2 -3  1  2 -1 -1
 -2 -2 -1  3 -1 -1
  3  3  0 -2  1  1
  2  2  0 -3  2  2
6	% 
 -1  0  0  0 -1  0
 -1  0  0 -1  0  1
 -2 -1  1 -1 -1  1
 -2  0 -1  0 -1  1
  1 -1  0  1  1 -1
  1  0  0  1  1 -1
3;1,1;1 2 5
30 
#2 
6	% 
 -3 0 -2  2  0  0
  0 1 -1  1 -1 -1
 -1 0 -1  1 -1 -1
  2 0  1 -1  0 -1
  0 0  0 -1  1  1
  2 0  1 -1 -1  0
6	% 
  0  0  0 0  1 -1
 -1  0 -1 0  0  0
 -1  0 -1 1 -1 -1
 -1  0 -1 1 -1  0
  0 -1  1 0  0  0
  0  0 -1 1 -1  0
2-2;1,1;1;1 1 13
120 
#2 
6	% 
 -1  0 -2  2  0 0
  0  1 -1  0  1 0
 -1  0 -1  1 -1 0
  0  1 -1  0  0 0
 -1 -1  0  0  0 0
  0  0  0 -1  1 1
6	% 
  0 -2 2  0 -1 1
  1  0 0  0  0 1
 -1 -1 1 -1  0 1
  0  0 0 -1  1 1
  0  0 1 -1  0 0
  1  1 0  0  0 0
1,1;1;1;1;1 1 8
15 
#2 
6	% 
  1  1 0  0  0  0
 -1 -1 0  1 -1 -1
  1  0 1 -1  1  1
  1  0 0  0  1  1
  1  0 0  0  1  0
  1  0 0  0  0  1
6	% 
  0  0  0  0  1 -1
  0 -1  1  0 -1  1
 -1  0 -1  0  1 -1
  0  0 -1  0  1 -1
  0  0  0 -1  1  0
  0  0 -1  0  1  0
1,1;1;1;1;1 1 13
80 
#2 
6	% 
 -2 0 -2  3 -3 -3
  1 0  1 -1  1  1
  0 0  1 -1  0  0
  0 0  0  0  0 -1
  3 1  2 -2  2  2
 -1 0  0  0  0 -1
6	% 
  2  3 -1  0  2 -2
 -1 -2  1  0 -1  1
  1  0  0  0  0  0
  1  1  0 -1  1  0
 -1 -3  2  0 -2  2
  1  1  0  0  0 -1
1,1;1;1;1;1 1 18
60 
#2 
6	% 
 2 1  1  0 0 0
 1 0  1  0 0 0
 0 0 -1  0 0 1
 0 0  0 -1 1 0
 0 0  1 -1 0 0
 1 0  0  0 0 0
6	% 
  0 -2  2  0 -1  1
  0  1 -1  0  1 -1
 -1 -1  1 -1  0  1
  0  0  0  0  0  1
  0  0 -1  1  0  0
  0  0  0 -1  1  1
1,1;1;1;1;1 1 56
10 
#1 
6	% 
  0  0  0 0 1 -1
 -1  0  0 0 0 -1
 -1 -1  0 0 0  0
  0  1 -1 0 0  0
  0  0 -1 1 0  0
 -1  0  0 0 0  0
1,1;1;1;1;1 1 41
15 
#1 
6	% 
  0  0  0 1 1 -3
 -1 -1  0 0 0  0
 -1  0 -1 1 0 -1
  0 -1  1 0 0  0
 -1  0  0 0 0 -1
  1  0  0 0 0  0
1;1;1;1;1;1 1 44
10 
#1 
6	% 
 -1 -1  0  0 0 1
 -1  0  0 -1 1 0
  0  0 -1  1 0 0
  1  0  0  0 0 0
 -1 -1  0  0 0 0
  0 -1  1  0 0 0
1;1;1;1;1;1 1 20
15 
#1 
6	% 
 -1  0 -1 0  0 1
  0  0  0 1 -1 0
  0  0 -1 1  0 0
  1  1  0 0  0 0
  0 -1  1 0  0 0
 -1  0  0 0  0 0
2-2;1,1;1;1 1 17
40 
#1 
6	% 
  1  0  0  0  0  0
  1  0  0  0  1  0
  1  1  0 -1  2  0
 -1 -1  1  0 -1  0
  0  0 -1  0  2  0
  1  1 -1  1  1 -1
4-3;1,1 1 2
16 
#1 
6	% 
 0 1 -1  1 0 -1
 1 0  0  0 0  0
 1 1  0  0 0  0
 0 0 -1  1 0  0
 0 1 -1  0 0  0
 0 0  0 -1 1  1
3;1,1;1 2 6
20 
#1 
6	% 
  1  1  0 0  0  0
 -1 -1  0 1 -1 -1
 -1  0  0 0  0 -1
  0  1 -1 0  0  0
  0 -1  1 0 -1  0
  1  0  0 0  0  0
2-2;1,1;1;1 1 18
80 
#1 
6	% 
 1 0  0  0  0  0
 0 1 -1  0  0  0
 0 0  0  1 -1 -1
 0 0  1 -1  0  0
 0 1 -1  0  1  0
 1 0  1  0 -1  0
3;1,1;1 1 14
40 
#1 
6	% 
 -1  0 -1 1  0 0
 -2 -1  0 0  0 0
 -1  1 -1 0  0 0
 -2  0 -1 1 -1 0
  0  0  0 0 -1 1
 -1  0  0 0  0 0
3;1;1;1 2 11
10 
#1 
6	% 
  0 0  0 1 -1 -1
  0 0 -1 0  1  1
 -1 0 -1 0  1  0
  0 1 -1 0  0  1
 -1 0  0 0  0  0
  1 1  0 0  0  0
3;2-1;1 2 5
10 
#1 
6	% 
 1  1 0 0  0  0
 0 -1 0 0  0  0
 0 -1 0 1 -1 -1
 0 -1 1 0 -1 -1
 0  0 0 0  0 -1
 0  0 0 0 -1  0
2-2;1;1;1;1 1 18
40 
#1 
6	% 
 -1 -1  0  0 0  1
  1  1 -1  1 0 -1
 -1 -1  0  0 0  0
  0  1 -1  0 0  0
  0  0  0 -1 1  1
 -1  0  0  0 0  0
3;1;1;1 1 19
40 
#1 
6	% 
 -1  0  0 -1 0 1
  1  0  0  0 1 0
  0 -1  1  0 0 0
  1  1  0  0 0 0
  0  0 -1  1 0 0
  1  0  0  0 0 0
3;1;1;1 2 6
10 
#1 
6	% 
  0  0  0 -1  1  1
 -1 -1  0  1 -1 -1
 -1  0 -1  1 -1 -1
  0  0 -1  1 -1 -1
  0  0 -1  1 -1  0
  0  0  0  0 -1  0
1;1;1;1;1;1 1 12
10 
#1 
6	% 
  1  1  1 -1  0 0
  0  0  0  0 -1 1
 -1 -1  0  1 -1 0
 -1  0 -1  1 -1 0
  0  0 -1  1  0 0
  1  0  0  0  0 0
2-2;1;1;1;1 1 10
40 
#1 
6	% 
 -1 -1  1 -1  0  1
 -1 -1  0  0  0  0
  0  1  0 -1  0  1
  0  0 -1  1  0  0
  1  0  0  0  0  0
  0  0  0  1 -1 -1
1;1;1;1;1;1 1 6
1 
#1 
6	% 
  1 0  0 0 0 0
 -1 1 -1 0 0 0
 -2 0 -1 0 0 0
 -2 0 -2 1 0 0
 -1 0 -1 0 0 1
 -1 0 -1 0 1 0
