#36

2-1;1,1;1;1 1 13
1 
#1 
6	% 
 1 0 0 0 0 0
 0 1 0 0 0 0
 0 0 1 0 0 0
 0 0 0 1 0 0
 0 0 0 0 1 0
 0 0 0 0 0 1
1,1,1,1,1,1 1 1
1 
#1 
6	% 
 1 0 0 0 0 0
 0 1 0 0 0 0
 0 0 1 0 0 0
 0 0 0 1 0 0
 0 0 0 0 1 0
 0 0 0 0 0 1
2-1;1,1,1,1 1 2
1 
#1 
6	% 
  0 -1  0 0 -2 -3
  1  0  0 0  0  0
  1  0  0 0 -1 -2
  1 -1 -1 0 -2 -3
  0  0  1 1  0  0
 -1  1 -1 0  1  2
1,1,1,1,1;1 1 2
5 
#3 
6	% 
 -1  1 0  0 -1 -1
  0  1 0  0 -1 -2
 -1  1 0  0  0 -1
  0  2 1  1  0  0
  1 -2 0 -1  1  2
 -1  2 1  0  0 -1
6	% 
  1  0 -1 -1  0  0
  0  0 -1 -1  0  0
  1 -1  0 -1  0  1
  0  0 -1  0 -1  0
 -1  0  1  1  0 -1
  1  0 -1 -1 -1  0
6	% 
  0  0 0  1 -1  0
  1  0 0  1  1  1
  1 -1 0  1  1  1
  1  1 0  1  0  1
 -1  0 1 -2  0 -1
  1  0 1  2  1  2
1,1,1,1;1,1 1 2
9 
#6 
6	% 
 0  0  1  0 0  0
 0  0  1 -1 0  0
 0 -1  1  0 0  0
 1  0  0  0 0  0
 0  1 -1  1 1  0
 0 -1  1 -1 0 -1
6	% 
 1 0  0 0  1  1
 0 0  0 0 -1 -2
 0 1  0 0  2  3
 0 0 -1 1 -1 -1
 0 0  1 0  0  0
 0 0  1 0  1  1
6	% 
  0  0  0  0  0  1
  0  0  0  0 -1  0
 -1  0 -1 -1 -1 -1
  0 -1 -1  1 -1 -1
  1  1  1  0  1  0
 -1  1  0 -1  0  1
6	% 
  1 0  0 0 0 0
  2 0  1 0 0 1
  1 0  1 1 0 0
  0 1  0 0 0 0
 -2 0 -1 0 0 0
  2 0  1 0 1 1
6	% 
 1  0  0 0  2  1
 0  0  0 1  1  1
 0  0  0 0  1  0
 0 -1 -2 0 -1 -1
 0  1  1 0 -1  0
 0  1  1 0  2  1
6	% 
  1  0 0  1  0 -1
  1 -1 0  0  0  0
  1  1 0  1  1 -2
  0  0 1  0  1  1
 -1  0 0 -1 -1  1
  1  0 0  1  0 -2
1,1,1,1,1;1 1 1
1 
#1 
6	% 
  0 0  0  0 -1  0
 -1 0 -1  0 -1 -1
 -1 0  0 -1 -1 -1
  0 0 -1 -1  0 -1
  1 0  1  1  1  1
  0 1  0  0  0  0
2-1;1,1;1,1 1 6
1 
#1 
6	% 
 0 1 0 0  0  0
 1 0 0 0  1 -1
 0 0 1 0  1  0
 0 0 0 1 -1  0
 0 0 0 0 -1  0
 0 0 0 0  0  1
2-1;1,1,1;1 1 2
1 
#1 
6	% 
  0 0  0 0 -1 -2
 -1 0  0 0 -1 -2
  0 1  0 0  0  0
 -1 0 -1 0 -2 -3
  0 0  1 1  0  0
  1 0 -1 0  1  2
2-1;1,1,1;1 1 7
1 
#1 
6	% 
  1  0 0 0 0 0
  0  1 0 0 0 0
  0  0 1 0 0 0
  0  0 0 1 0 0
  1  1 0 0 1 0
 -1 -1 0 0 0 1
1,1,1;1,1,1 1 3
2 
#1 
6	% 
  1  0 -1  1  0 -2
  0 -1  1  1  3  3
 -1  0 -1  0 -2 -2
  0  0  1  0  1  2
  1  0  0 -1 -1 -1
  0  0  0  1  1  0
1,1,1,1;1,1 1 3
2 
#1 
6	% 
 -1 0 0  0 -1  1
  0 1 1  1  0  0
  1 0 0  0  0 -1
  0 0 0 -1  0  0
  0 0 1  0  0  0
 -1 0 0  0 -1  0
1,1,1;1,1,1 1 2
4 
#3 
6	% 
  0  1  0  0  0  0
  1  1  0  0  1 -1
  0  0  0 -1  0  0
  0  0 -1 -1 -1 -1
 -1 -1  1  1  0  1
  1  1  1  1  1  0
6	% 
  0 0  0  0 -2 -3
  1 0  0  0  1  1
  0 0 -1 -1  0  0
  0 1 -1  1 -1 -1
 -1 0  1  0  0  0
  1 0  1  0  1  1
6	% 
  0  0 -1 0  0 -1
  1  0  0 0  1 -1
  0  0  0 1  1  1
  0 -1  0 0 -1 -1
 -1  1  0 0  0  1
  1  1  0 0  1  0
1,1,1;1,1;1 1 7
6 
#3 
6	% 
 0  2  1  1  1  1
 0  2  0  0 -1 -1
 0 -5 -1 -1  1  1
 0  1  0  0 -1  0
 1  0  0  0  0  0
 0  1  1  0  1  1
6	% 
 0  0 -1 -1 -1  1
 0  0  0  0 -1  1
 1  0  0  0  2 -2
 0 -1  0  0 -1  0
 0 -1  0  0 -1 -1
 0  0 -1  0 -1  0
6	% 
  0  0  0  0 -1  1
  2  0  1 -1  0  2
 -3  0 -2  2  0 -4
  1 -1  0 -1  0  1
  0 -1 -1 -1  0  0
  0  0  0  0 -1  0
1,1,1;1,1;1 1 5
2 
#1 
6	% 
  2 0 0  0 1 1
  1 0 0  0 0 0
 -3 0 0  0 0 1
  1 1 1  0 1 1
  0 1 1  1 0 0
  0 0 1 -1 1 1
1,1,1,1;1;1 1 4
1 
#1 
6	% 
  0  2 0  0  2  3
 -1  0 0  0  0  0
  1 -3 0  0 -1 -1
  0  2 0  0  1  1
  0 -1 1  0  0  0
  0 -1 0 -1  0  0
1,1,1,1;1;1 1 2
5 
#3 
6	% 
 1 0  0  0  0  0
 0 0 -1 -1 -1 -2
 0 0  0  0 -1  0
 0 1  0  0  0  0
 0 0  0  1  0  0
 0 0 -1  0 -1 -1
6	% 
 1 0  0 0  2  1
 0 0  0 1  1  1
 0 0  0 0  1  0
 0 1  0 0  0  0
 0 0 -1 0 -2 -1
 0 0 -1 0  1  0
6	% 
  0 0 -1 -1  0  0
  0 0 -1  0 -1  0
 -1 0 -2 -1  0 -1
  0 1  0  0  0  0
  1 0  2  1  0  0
 -1 0 -2 -1 -1 -1
1,1,1;1,1;1 1 9
2 
#1 
6	% 
 0  0  0  0 -1  1
 1  1  0  0  0  0
 0 -1  0  0  1 -1
 0  0 -1 -1 -2 -1
 0  0  0  1  0  0
 0  0 -1  1 -1 -1
1,1,1,1;1;1 1 5
2 
#1 
6	% 
 -1  0 1  1  0  0
 -1 -1 1  1  0  0
 -1 -1 0  0 -1  0
  2  1 0 -1  1  0
 -2 -1 1  0  0  1
  1  1 0  0  0 -1
1,1;1,1;1,1 1 8
3 
#2 
6	% 
  1  0  0 0  0  0
  0  0 -1 1 -1 -1
  0 -1  0 0 -1 -1
  0  1 -1 0  0  0
  1  1  0 0  1  0
 -1  0  1 0  0  1
6	% 
 1 0 0  0  0  0
 0 1 0  0  0  0
 0 0 1  0  1  1
 0 0 0 -1  0  0
 0 0 0  0 -1  0
 0 0 0  1  0 -1
1,1,1;1,1;1 1 6
12 
#7 
6	% 
  0 0 0 0 -1 -1
  0 1 0 0  0  0
  0 0 0 1  2  2
 -1 0 0 0 -1  0
 -1 0 0 0 -1  1
  0 0 1 0  0  0
6	% 
 0 0  2  0  1  1
 0 1  1  1  0  0
 0 0 -3 -1 -1 -1
 0 0  1  0  0  1
 1 0  0  0  0  0
 0 0  1  0  1  1
6	% 
 -2 0  0 -2  1  1
 -1 0  0 -2  1  1
  3 0  0  3 -1 -2
 -1 0 -1 -1  0  0
  0 1  0  0  0  0
 -1 0  0 -1  1  1
6	% 
 0  0  0 0 -1  1
 1  1  0 0  0  0
 0 -1  0 0  1 -1
 0  0 -1 0 -1  0
 0  0 -1 1 -1 -1
 0  0  0 0  0  1
6	% 
 -2 0 0  0 -1 -1
 -1 0 0  0 -1 -1
  2 0 0  0  0 -1
 -1 0 0 -1  0  0
  0 1 0  0  0  0
 -1 0 1  0  0  0
6	% 
 -2 0 0 -2  1  1
 -1 0 0 -2  1  1
  2 0 0  3 -2 -1
 -1 0 0 -1  1  1
  0 1 0  0  1  1
 -1 0 1 -1  1  1
6	% 
  2 0 0 0  1 -1
  1 0 0 0  0  0
 -3 1 0 0 -1  1
  1 0 0 0  1  0
  0 0 0 1  1  1
  1 0 1 0  1  0
1,1,1;1,1;1 1 3
4 
#3 
6	% 
 0 0  2 0  1  1
 0 0  1 0  0  0
 0 0 -3 1 -1 -1
 1 0  1 0  1  0
 1 0  0 0  0  0
 0 1  0 0  0  0
6	% 
  2 0 0  0 1 1
  1 0 0  0 0 0
 -2 0 0  0 1 2
  1 0 1  0 1 1
  0 0 1 -1 1 1
  0 1 0  0 0 0
6	% 
 0 0  0 0 -1  1
 1 0  0 0  0  0
 0 0  0 1  1 -2
 0 0  0 0 -1  0
 0 0 -1 0 -1 -1
 0 1  0 0  0  0
1,1;1,1;1,1 1 4
2 
#1 
6	% 
 1  0  0  0  1 -1
 0 -1 -1  1 -1 -1
 0  1  0 -1 -1 -1
 0  0  0  0  0  1
 0  0  0  0  1  0
 0 -1 -1  0 -2 -2
1,1,1;1,1;1 1 8
2 
#1 
6	% 
  0 0  1 -1  0  2
 -2 0  0  0 -1  1
  3 0 -2  2  1 -5
  0 0  1  0  1  2
 -1 0  0  0 -1  0
  0 1  0  0  0  0
1,1,1,1;1;1 1 6
3 
#2 
6	% 
  1  1  0  1  0 -1
  1  0  0  0  0  0
  0  1  0  0  0  0
 -1 -1  0 -1  0  0
  1  1  1  1  0  0
  0  0 -1  0 -1 -1
6	% 
  0 -1 0  0 -2 -3
  1  0 0  0  0  0
  0  1 0  0  0  0
 -1  0 1  0  2  3
  1  0 0 -1 -1 -2
  0  0 1  1  0  0
1,1;1,1;1;1 1 32
3 
#2 
6	% 
 0 1 0 0 0 0
 1 0 0 0 0 0
 0 0 1 0 1 1
 0 0 0 0 1 0
 0 0 1 0 1 0
 0 0 1 1 0 0
6	% 
 0 1 0 0 0  0
 1 0 0 0 0  0
 0 0 1 1 0  0
 0 0 0 1 0 -1
 0 0 1 0 1  0
 0 0 1 0 1  1
1,1;1,1;1;1 1 22
1 
#1 
6	% 
 0  1  0 0  1  1
 1  0  0 0  0  0
 0  1  0 1  0  0
 0  1 -1 0  0  0
 0 -1  0 0  0 -1
 0 -1  0 0 -1  0
1,1,1;1;1;1 1 11
3 
#2 
6	% 
  1 0  0 0  0  0
 -1 0  0 0 -2 -3
  0 1  0 0  0  0
  0 0 -1 1 -1 -1
  0 0 -1 0 -1 -1
  0 0  0 1 -1 -1
6	% 
 1 0  0 0 0  0
 1 0  0 1 0 -1
 0 1  0 0 0  0
 0 0 -1 0 0  0
 1 0  0 0 1  0
 1 0 -1 0 0 -1
1,1,1;1;1;1 1 3
1 
#1 
6	% 
  1 0 0  0 0 0
 -3 0 0  0 0 1
  0 1 0  0 0 0
 -1 0 1  0 0 0
  2 0 0  0 1 1
 -1 0 0 -1 0 0
1,1,1;1;1;1 1 18
1 
#1 
6	% 
 1 0  0 0  0  0
 0 1  0 0  0  0
 0 0  0 0  1 -1
 0 0  0 0  0  1
 0 0  0 1 -1  0
 0 0 -1 0 -1  0
1,1,1;1;1;1 1 13
1 
#1 
6	% 
 1 0  0 0  0 0
 0 1  0 0  0 0
 0 0 -1 0 -1 0
 0 0  0 1  0 0
 0 0  0 0  0 1
 0 0  0 0  1 0
1,1;1,1;1;1 1 16
2 
#1 
6	% 
 1 0 0  0 1 -1
 0 1 0  0 0  0
 0 0 0 -1 0  0
 0 0 1  1 1  2
 0 0 1  0 1  1
 0 0 1  1 2  1
1,1;1,1;1;1 1 12
2 
#1 
6	% 
 1 0  0 0  0 0
 0 1  0 0  0 0
 0 0  0 1 -1 0
 0 0 -1 0  0 0
 0 0  0 0  0 1
 0 0  0 0  1 0
1,1,1;1;1;1 1 7
2 
#1 
6	% 
 1 0 -1 -1  0  0
 0 1  0  0  0  0
 0 0 -1  0 -1  0
 0 0  1  1  0 -1
 0 0  0  1  0 -1
 0 0 -1 -1 -1  0
1,1;1,1;1;1 1 18
3 
#2 
6	% 
 -1 0  0  0 -1  1
  0 0  1  0  0  0
  0 1  0  0  0  0
  0 0  1 -1  1  1
 -1 0  0 -1  0  1
  1 0 -1  0  0 -1
6	% 
  0 0 1 -1  1  1
  1 0 0  0  0  0
  0 1 0  0  0  0
  1 0 0  0  0 -1
  0 0 0 -1  0  0
 -1 0 0  1 -1  0
1,1;1;1;1;1 1 14
1 
#1 
6	% 
  1 0 0 0  0  0
  0 1 0 0  0  0
  1 0 0 1  0 -1
  0 0 1 0  0  0
 -1 0 0 0 -1  0
 -1 0 0 0  0  1
1,1;1;1;1;1 1 44
1 
#1 
6	% 
 1 0 0 0 -1  1
 0 1 0 0  0  0
 0 0 0 0  1 -1
 0 0 0 0  0  1
 0 0 0 1 -1  0
 0 0 1 0  1  0
