#56

2-1;1;1;1;1 1 14
1 
#1 
6	% 
 1 0 0 0 0 0
 0 1 0 0 0 0
 0 0 1 0 0 0
 0 0 0 1 0 0
 0 0 0 0 1 0
 0 0 0 0 0 1
1,1,1,1,1,1 1 1
1 
#1 
6	% 
 1 0 0 0 0 0
 0 1 0 0 0 0
 0 0 1 0 0 0
 0 0 0 1 0 0
 0 0 0 0 1 0
 0 0 0 0 0 1
2-1;1,1,1,1 1 1
1 
#1 
6	% 
 1 0  0  0  0  0
 0 1  0  0  0  0
 0 0  0 -1 -1 -1
 0 0 -1  0 -1 -1
 0 0 -1 -1  0 -1
 0 0  1  1  1  1
1,1,1,1,1;1 1 1
2 
#1 
6	% 
  0 0  0  0 -1  0
 -1 0 -1  0 -1 -1
 -1 0  0 -1 -1 -1
  0 0 -1 -1  0 -1
  1 0  1  1  1  1
  0 1  0  0  0  0
1,1,1,1,1;1 1 2
6 
#2 
6	% 
  0  0  0  1  0  0
  1  0  0  0  0  0
  0 -1 -1  0 -1 -1
  1  0  0  1  0 -1
 -1  1  1 -1  0  1
  1 -1  0  1 -1 -1
6	% 
  0  0  0  1  0 -1
  0  0  1  0  0 -1
  1 -1  1  1  1  0
  0  0  0  0  1 -1
 -1  0 -1 -1 -1  1
  0 -1  1  1  1 -1
1,1,1,1;1,1 1 1
3 
#2 
6	% 
 0  0 -1 -1  0 -1
 0  0  0 -1 -1 -1
 0  0 -1  0 -1 -1
 0  0  1  1  1  1
 0 -1  0  0  0  0
 1  1  0  0  0  0
6	% 
  0 -1 0 -1  0 -1
 -1  0 0 -1  0 -1
 -1 -1 0  0  0 -1
  1  1 0  1  0  1
  0  0 0  0 -1  0
  0  0 1  0  1  0
2-1;1,1,1;1 1 4
4 
#1 
6	% 
 1 0  0 0  0  0
 0 1  0 0  0  0
 0 0  0 1  0  0
 0 0 -1 0 -1 -1
 0 0  0 0  1  0
 0 0 -1 0  0  0
1,1,1,1;1,1 1 2
8 
#1 
6	% 
 1 0  0  0  0  0
 0 0  0  0  0  1
 0 0 -1 -1 -1 -1
 0 1  0  0  0  0
 0 0  1  0  0  0
 0 0  0  0 -1  0
1,1,1,1;1,1 1 3
12 
#2 
6	% 
  1 0  1 1  1  1
  2 1  1 0  1  0
  0 0 -1 0  0 -1
 -1 0  0 0 -1  0
  1 0  1 0  0  0
  0 0  0 1  1  0
6	% 
  0  0  1 -1 1  1
 -1  1  0 -1 0  0
  0  1  0  0 0  0
  0 -1 -1  1 0 -1
 -1  0  0 -1 1  1
  1  0  0  0 0  0
1,1,1;1,1,1 1 2
6 
#2 
6	% 
  0  1 0 0  0 0
  1  1 1 0 -1 0
  0  0 0 0  0 1
  0  0 0 1  0 0
 -1 -1 0 0  1 0
  1  1 1 0  0 0
6	% 
  0  0 -1  0 1  0
  0  0  1  0 0  0
 -1  1  0 -1 0 -1
  0  0  0 -1 0  0
  1  0  0  1 0  0
  0 -1  0  1 0  0
2-1;1,1;1,1 1 1
1 
#1 
6	% 
 0 1 0 0  0  0
 1 0 0 0  0  0
 0 0 0 0 -1  0
 0 0 1 0  1  0
 0 0 0 0  0 -1
 0 0 0 1  0  1
2-1;1,1;1,1 1 7
2 
#1 
6	% 
 0 1 0 0 0 0
 1 0 0 0 0 0
 0 0 0 0 1 0
 0 0 0 0 0 1
 0 0 1 0 0 0
 0 0 0 1 0 0
1,1,1;1,1,1 1 1
2 
#1 
6	% 
  0  0 1  0  1  0
  0 -1 0  0  0  0
  0  0 0  0 -1  0
  0  0 0 -1  0 -1
 -1  0 0  0  0 -1
  1  0 0  1  0  1
1,1,1;1,1,1 1 3
4 
#1 
6	% 
  1  0 1  1  1  1
  0 -1 0 -1  0  1
  0  1 0  1  0  0
 -1  0 0 -1 -1  0
  0  1 0  0  0 -1
  1  0 1  0  0  1
1,1,1;1,1,1 1 4
4 
#1 
6	% 
 0 0 -1  1  0 -1
 0 0 -1  0  0 -1
 1 0  1 -1 -1  1
 0 0  0  1  1 -1
 0 1  1 -1 -1  1
 0 0  0  1  1  0
1,1,1,1;1;1 1 1
1 
#1 
6	% 
 0 0 -1 -1  0 -1
 0 0 -1  0 -1 -1
 0 0  0 -1 -1 -1
 0 0  1  1  1  1
 1 0  0  0  0  0
 0 1  0  0  0  0
1,1,1;1,1;1 1 3
8 
#1 
6	% 
 0 0  2  1  0  1
 0 0  1  0 -1  0
 0 0 -2 -1  1 -1
 1 0  1  1  0  0
 1 0  0  0  0  0
 0 1  0  0  0  0
1,1,1;1,1;1 1 1
4 
#1 
6	% 
 1 0 0  0  0  1
 0 0 0 -1  0  0
 0 0 0  0  0 -1
 0 0 0  0 -1  0
 0 0 1  0  1  0
 0 1 0  0  0  0
1,1,1;1,1;1 1 8
8 
#1 
6	% 
  0 0 -1  0  1  0
 -2 0 -1 -1  1  1
  3 0  3  1 -3 -1
  0 0 -1 -1  0 -1
 -1 0  0  0  1  1
  0 1  0  0  0  0
1,1,1,1;1;1 1 2
8 
#1 
6	% 
 1 0  0 0  0 0
 0 0  0 0  0 1
 0 0  0 1  0 0
 0 1  0 0  0 0
 0 0  0 0 -1 0
 0 0 -1 0  0 0
1,1,1;1,1;1 1 7
16 
#1 
6	% 
 0  2  1  0  1  0
 0  4  2  1  2  1
 0 -7 -4 -2 -4 -2
 1  2  1  1  1  0
 1  0  0  0  0  0
 0  1  1  0  0  0
1,1,1;1,1;1 1 4
8 
#1 
6	% 
 1  0  0 0  0  1
 0  0  0 1  0  1
 0  0  0 0  0 -1
 0  0 -1 0  0  0
 0 -1 -1 0 -1  0
 0  0 -1 0  1  0
1,1,1;1,1;1 1 2
12 
#3 
6	% 
 0 0 -1 0 -1  0
 0 0 -1 0 -1 -1
 0 0  2 1  2  1
 1 0  0 0  0  0
 0 1  0 0  0  0
 0 0  0 0 -1  0
6	% 
  2  2  1  0  1 0
  1  1  0  0  0 0
 -2 -3 -1  0 -1 0
  0  0  0  1  0 1
  0  0  0 -1  0 0
  1  1  1  0  0 0
6	% 
 -1  1  0 0 0  0
  0  0  0 1 0  1
  1 -1  0 0 0 -1
  0  0  1 0 1  0
  0  0 -1 0 0  0
  0  1  0 0 0  0
1,1,1;1,1;1 1 9
24 
#3 
6	% 
  2  2 0  1  0 -1
  1  1 0  0  0  0
 -2 -3 0 -1  0  1
  1  1 1  1  1  0
  0  0 0  0 -1  0
  0  0 1  0 -1  0
6	% 
  1  1  0  0 0  0
  1  1  0  1 0  0
 -2 -2  0 -1 0 -1
  1  0  0  0 0  0
  0  0  0  0 1  0
  0  0 -1  0 1  0
6	% 
  0  0 -2 -1 0 -1
  0  0 -1  0 1  0
  0  0  3  1 0  1
  0  0 -1  0 0 -1
  0 -1  0  0 0  0
 -1 -1  0  0 0  0
1,1,1,1;1;1 1 3
3 
#2 
6	% 
  0 -1 0 -1 0 -1
 -1  0 0 -1 0 -1
 -1 -1 0  0 0 -1
  1  1 0  1 0  1
  0  0 0  0 1  0
  0  0 1  0 0  0
6	% 
 0 0 -1 -1  0 -1
 0 0  0 -1 -1 -1
 0 0 -1  0 -1 -1
 0 0  1  1  1  1
 0 1  0  0  0  0
 1 0  0  0  0  0
1,1,1,1;1;1 1 5
12 
#2 
6	% 
  0  1  1  1  1 -1
  1  0  1  1  1 -1
  1  1  1  0  1 -1
 -1 -1 -1 -1 -2  1
  1  1  2  1  1 -1
 -1 -1 -1 -1 -1  0
6	% 
  0  0  0  1  0 -1
 -1  1 -1  0 -1 -1
 -1  0  0  1  0  0
  1 -1  1 -1  0  1
 -1  1  0  1 -1 -1
  0 -1  0 -1  0  0
1,1,1;1,1;1 1 12
24 
#2 
6	% 
  0  0 -1  0 -1  0
 -1  1 -2 -1 -2 -1
  2 -2  4  1  4  1
 -1  0 -1 -1 -1  0
  2  0  2  1  2  0
  0  0  0  0 -1  0
6	% 
 -1  1  0  0  0  0
  0  0 -1  1  1 -1
  2 -2  2 -1 -2  1
  0  0  0  0  1 -1
  1 -1  1  0 -1  1
 -1  0  0  0  0  0
1,1,1;1;1;1 1 2
4 
#1 
6	% 
 0 0  0 -1  0 1
 0 0  0  1  0 0
 1 0  0  0  0 0
 0 1  0  0  0 0
 0 0  0  0 -1 0
 0 0 -1  0  0 0
1,1;1,1;1;1 1 23
2 
#1 
6	% 
 1 0  0 0  0 0
 0 1  0 0  0 0
 0 0 -1 0  0 1
 0 0  1 0  0 0
 0 0  0 1  1 0
 0 0  0 0 -1 0
1,1;1,1;1;1 1 1
1 
#1 
6	% 
 0 0  1 0  0 0
 0 0 -1 0 -1 0
 0 0  0 1  0 0
 0 0  0 0  0 1
 1 0  0 0  0 0
 0 1  0 0  0 0
1,1;1,1;1,1 1 5
6 
#2 
6	% 
 0 -1  0 0  0 0
 1  1  0 0  0 0
 0  0 -1 0  0 1
 0  0  1 0  0 0
 0  0  0 1  1 0
 0  0  0 0 -1 0
6	% 
  0  0 0  0 -1 0
  0  0 1  0  1 0
  0  0 0  0  0 1
 -1  0 0  0  0 0
  0  0 0 -1  0 0
  0 -1 0  0  0 0
1,1;1,1;1,1 1 1
1 
#1 
6	% 
 0 -1 0 0  0  0
 1  1 0 0  0  0
 0  0 0 0 -1  0
 0  0 1 0  1  0
 0  0 0 0  0 -1
 0  0 0 1  0  1
1,1,1;1;1;1 1 10
12 
#3 
6	% 
 0  0  0 0  0 1
 0  0  0 1  0 0
 0  0  0 0 -1 0
 0 -1  0 0  0 0
 1  0  0 0  0 0
 0  0 -1 0  0 0
6	% 
  0 -1 0  0  0  0
 -1 -1 0 -1  0  1
  1  1 0  0  0 -1
  0  0 0  0 -1  0
  0  0 1  0  0  0
 -1 -1 0 -1  0  0
6	% 
  0  0 0 0  0 1
  0  0 0 1  0 0
  0 -1 0 0  0 0
  0  0 0 0 -1 0
  0  0 1 0  0 0
 -1  0 0 0  0 0
1,1;1,1;1;1 1 34
6 
#2 
6	% 
 0 0  1 0  1 -1
 0 0 -1 0  0  0
 0 1  0 0  0  0
 0 0  0 0 -1  0
 0 0  1 1  1  0
 1 0  0 0  0  0
6	% 
  1  0 0  0 0 -1
 -1  0 0  0 0  0
  0  0 0  0 1  0
  0  1 0  0 0  0
  0 -1 0 -1 0  0
  0  0 1  0 0  0
1,1;1,1;1;1 1 4
3 
#2 
6	% 
 0 0  1 0 1 0
 0 0 -1 0 0 0
 0 0  0 1 0 0
 0 0  0 0 0 1
 0 1  0 0 0 0
 1 0  0 0 0 0
6	% 
 0 -1 0 0 0 0
 1  1 0 0 0 0
 0  0 0 1 0 0
 0  0 0 0 0 1
 0  0 0 0 1 0
 0  0 1 0 0 0
2-1;1,1;1;1 1 6
2 
#1 
6	% 
 1 0 0 0 0 0
 0 1 0 0 0 0
 0 0 0 1 0 0
 0 0 0 0 0 1
 0 0 0 0 1 0
 0 0 1 0 0 0
2-1;1,1;1;1 1 18
4 
#1 
6	% 
 0 1  0  0  0  0
 1 0  0  0  0  0
 0 0  0  0 -1  0
 0 0  1  0  1 -1
 0 0  1  0  0  0
 0 0 -1 -1 -1  0
1,1;1,1;1;1 1 16
16 
#1 
6	% 
 -1 0 0 -1  0 1
  0 1 0  0  0 0
  0 0 0  0 -1 0
  1 0 1  1  1 0
  0 0 1  0  0 0
 -1 0 1  0  1 1
1,1;1,1;1,1 1 4
8 
#1 
6	% 
  0 -1 -1  0  1  0
 -1  0  0 -1  0  1
  1  0  0  0  0 -1
  0  1  0  0 -1  0
  0 -1 -1  0  0  0
 -1  0  0 -1  0  0
1,1,1;1;1;1 1 5
4 
#1 
6	% 
 0 0 0  1 0 0
 0 0 0  1 0 1
 1 0 0 -1 0 0
 0 1 0  0 0 0
 0 0 0  0 1 0
 0 0 1  0 0 0
1,1;1,1;1;1 1 2
8 
#1 
6	% 
 -1 0 -1 0 -1 0
  0 0  0 1  0 0
  0 0  0 0  0 1
  0 1  0 0  0 0
  1 0  0 0  1 0
 -1 0 -1 0  0 0
1,1;1,1;1,1 1 2
4 
#1 
6	% 
 -1  0 -1 0 -1  0
  0  0  0 0  0 -1
  0  0  0 1  0  1
  0 -1 -1 0  1  0
  1  1  1 0  0  0
 -1  1  0 0 -1  0
1,1,1;1;1;1 1 7
8 
#1 
6	% 
 1 0  1 1  1 -1
 0 1  0 0  0  0
 0 0  0 0  1  0
 0 0 -1 0 -1  1
 0 0 -1 0  0  0
 0 0  1 1  1  0
1,1;1,1;1;1 1 19
4 
#1 
6	% 
 -1  0 0 -1 0  1
  0 -1 0 -1 0 -1
  1  1 0  1 0  0
  0  0 0  0 1  0
 -1  1 0  0 0  1
  0  0 1  0 0  0
1,1;1,1;1;1 1 8
8 
#1 
6	% 
  0 -1 -1  0 -1  0
 -1  0  0 -1  0 -1
  1  0  0  0  0  1
  0  1  1  0  0  0
  0 -1  0  0 -1  0
 -1  0  0 -1  0  0
1,1;1,1;1;1 1 9
12 
#2 
6	% 
 0 -1  0  0 0  0
 1  1  0  0 0  0
 0  0  0 -1 0  0
 0  0  0  1 1  1
 0  0  0  0 0  1
 0  0 -1 -1 0 -1
6	% 
  0  0  0 1  0  1
  0  0  0 0  0 -1
  0  1  0 0  0  0
  1 -1  0 0 -1  0
  1  0  0 0  0  0
 -1  1 -1 0  0  0
1,1,1;1;1;1 1 15
8 
#1 
6	% 
 -1  1  0  0 1 0
  1 -1  0  0 0 1
  0 -1  0  0 0 0
  1 -1 -1  0 0 0
 -1  0  0  0 0 0
 -1  1  0 -1 0 0
1,1;1,1;1;1 1 25
24 
#2 
6	% 
  0  1  0  0 0 0
  1 -1  0  0 1 0
  0  0  0  0 0 1
  1  0  0  0 0 0
  0  0  0 -1 0 0
 -1  1 -1  0 0 0
6	% 
  0  0 -1  0  0  0
  0 -1  1  0 -1  0
  0  0  1  0  1 -1
  0  0  0  0 -1  0
  0  0 -1 -1 -1  0
 -1  0 -1  0  1  0
1,1;1,1;1,1 1 10
8 
#1 
6	% 
 -1 1  0  0 -1  0
  0 0 -1 -1  1  0
  1 0  0  1  0  1
 -1 1 -1  0  0  0
  0 1  0  1  0  1
  0 0  1  0 -1 -1
1,1;1;1;1;1 1 11
4 
#1 
6	% 
 1 0 0  0 0  0
 0 1 0  0 0  0
 0 0 0  1 0  0
 0 0 0 -1 1 -1
 0 0 1  1 0  1
 0 0 0  0 0 -1
1,1;1;1;1;1 1 3
2 
#1 
6	% 
 0 0  1 0 1 0
 0 0 -1 0 0 0
 1 0  0 0 0 0
 0 1  0 0 0 0
 0 0  0 0 0 1
 0 0  0 1 0 0
1,1;1;1;1;1 1 9
8 
#1 
6	% 
 -1 0 0 -1 0  1
  0 1 0  0 0  0
  0 0 0  0 1  0
  1 0 0  0 0 -1
  0 0 1  0 0  0
 -1 0 0 -1 0  0
1,1;1;1;1;1 1 25
3 
#2 
6	% 
 0  0 0 0 0 -1
 0  0 0 1 0  1
 0  0 0 0 1  0
 0 -1 0 0 0  0
 1  0 0 0 0  0
 0  0 1 0 0  0
6	% 
 0 -1 0 0  0 0
 1  1 0 0  0 0
 0  0 0 0  0 1
 0  0 0 0 -1 0
 0  0 1 0  0 0
 0  0 0 1  0 0
1,1;1;1;1;1 1 28
12 
#2 
6	% 
 0 0  1 0  0 0
 0 0 -1 0 -1 1
 0 1  0 0  0 0
 0 0  0 0 -1 0
 1 0  0 0  0 0
 0 0  1 1  1 0
6	% 
  1  0 0 0 0 0
 -1  1 0 0 0 1
  0  0 0 0 1 0
  0  1 0 0 0 0
  0  0 1 0 0 0
  1 -1 0 1 0 0
1;1;1;1;1;1 1 7
1 
#1 
6	% 
 1 0 0 0 0 0
 0 1 0 0 0 0
 0 0 0 0 1 0
 0 0 0 0 0 1
 0 0 1 0 0 0
 0 0 0 1 0 0
1;1;1;1;1;1 1 18
1 
#1 
6	% 
 0 1 0 0 0 0
 0 0 0 0 0 1
 0 0 0 0 1 0
 1 0 0 0 0 0
 0 0 1 0 0 0
 0 0 0 1 0 0
