#71

3;1;1;1 2 5
1 
#1 
6	% 
 1 0 0 0 0 0
 0 1 0 0 0 0
 0 0 1 0 0 0
 0 0 0 1 0 0
 0 0 0 0 1 0
 0 0 0 0 0 1
1,1,1,1,1,1 1 1
1 
#1 
6	% 
 1 0 0 0 0 0
 0 1 0 0 0 0
 0 0 1 0 0 0
 0 0 0 1 0 0
 0 0 0 0 1 0
 0 0 0 0 0 1
2-1;1,1,1,1 1 1
3 
#1 
6	% 
  0 1 0  0  0  0
  0 0 1  0  0  0
  0 0 0 -1 -1 -1
 -1 0 0  0 -1 -1
 -1 0 0 -1  0 -1
  1 0 0  1  1  1
1,1,1,1,1;1 1 2
9 
#2 
6	% 
 -1  0  0 -1 -1 -1
  0  1  0  0  0  0
 -1  0 -1 -1 -1 -1
  0  1  1  0  1 -1
  1 -1  0  1  0  1
 -1  1  0  0  0 -1
6	% 
  1  1  1  0  1  1
  1  1  1  1  0  1
  1  1  1  1  1  1
  1  1  1  0  0  2
 -1 -2 -1 -1 -1 -2
  1  1  2  1  1  2
1,1,1;1,1,1 1 1
1 
#1 
6	% 
  0 -1 -1  0  0  0
 -1  0 -1  0  0  0
  1  1  1  0  0  0
  0  0  0  0 -1 -1
  0  0  0 -1  0 -1
  0  0  0  1  1  1
1,1,1,1;1,1 1 1
3 
#1 
6	% 
  0 0  0 -1 -1 -1
 -1 0  0  0 -1 -1
 -1 0  0 -1  0 -1
  1 0  0  1  1  1
  0 0 -1  0  0  0
  0 1  1  0  0  0
2-1;1,1,1;1 1 4
9 
#1 
6	% 
  0 1 0  0  0 0
  0 0 1  0  0 0
  0 0 0  0 -1 1
 -1 0 0  0 -1 1
  1 0 0  0  1 0
 -1 0 0 -1 -1 0
1,1,1,1,1;1 1 1
3 
#1 
6	% 
  0 0  0  0 -1  0
 -1 0 -1  0 -1 -1
 -1 0  0 -1 -1 -1
  0 0 -1 -1  0 -1
  1 0  1  1  1  1
  0 1  0  0  0  0
2-1;1,1,1;1 1 1
3 
#1 
6	% 
 0 0 1 0  0  0
 0 1 0 0  0  0
 0 0 0 1  0  1
 0 0 0 0 -1  0
 0 0 0 0  0 -1
 1 0 0 0  0  0
1,1,1,1;1,1 1 2
18 
#3 
6	% 
  1  0  0  0  0  0
  1  0 -1  0  0  0
  0 -1 -1  0 -1  1
  0  0  0 -1 -1 -1
 -1  1  1  1  1  0
  1 -1 -1  1  0  1
6	% 
 0  0 0  0 1  0
 0  0 0  0 0  1
 0 -1 1 -1 0 -1
 1  0 0  0 0  0
 0  1 0  0 0  0
 0  0 1  0 0  0
6	% 
  1 0  1  1  1 1
  1 0  0  0  0 0
  0 0  1  0  0 0
  0 1  0  1  0 0
 -1 0 -1 -1 -1 0
  1 0  1  0  1 0
1,1,1,1;1,1 1 3
18 
#1 
6	% 
  1 -1 -1  1  0  2
  1  1  1  1  1  1
  0  0  1 -1  0 -1
 -1  0 -1  0 -1 -1
  1  1  0  2  1  1
  0 -1  0  0  0  1
1,1,1;1,1,1 1 2
9 
#1 
6	% 
  0  0 -1 0 0  0
  0 -1  0 0 0  0
 -1  0  0 0 0  0
  0  0  0 0 1 -1
  1  1  1 1 0  1
  1 -1 -1 0 0  1
2-1;1,1;1,1 1 3
9 
#1 
6	% 
  0 1 0  0  0  0
  0 0 1  0  0  0
 -1 0 0  0 -1  1
  0 0 0 -1 -1 -1
  1 0 0  1  1  0
 -1 0 0  1  0  1
1,1,1;1,1,1 1 3
18 
#1 
6	% 
  0  1 -1 1 0  0
 -1  0  0 0 0  0
  1  1  0 0 0 -1
 -1 -1  0 0 0  0
  1  0  1 0 1  0
 -1  0 -1 0 0  0
2-2;1,1,1,1 1 2
4 
#1 
6	% 
  1  1  1  1 0  0
  0  0  0  0 0 -1
  1  1  1  1 1  0
 -1 -1  0 -1 0  1
  1  0  1  1 0 -1
  0 -1 -1 -1 0  1
1,1,1;1,1;1 1 5
18 
#1 
6	% 
 0  0  2  1  1  1
 0  0  1  0  0  0
 0 -1 -2 -1 -1 -1
 1  0  1  1  1  0
 1  0  0  0  0  0
 0  0  0  1  0  0
1,1,1,1;1;1 1 2
15 
#2 
6	% 
 0  1  1 1  1 1
 0  1  1 1  2 0
 0  0  1 0  0 0
 1  0  0 0  0 0
 0 -1 -1 0 -1 0
 0  1  1 1  1 0
6	% 
 0  0 0 1 0 0
 0  0 0 0 1 0
 0  0 0 0 0 1
 1  0 0 0 0 0
 0  0 1 0 0 0
 0 -1 0 0 0 0
1,1,1;1,1;1 1 2
9 
#1 
6	% 
 -2 0 0 -1 -2 0
 -1 0 0  0 -1 1
  3 0 0  1  2 0
  0 1 0  0  0 0
  0 0 1  0  0 0
 -1 0 0  0 -1 0
1,1,1;1,1;1 1 10
36 
#1 
6	% 
  2  1 -1 0  0  0
  2  1 -1 0 -1  1
 -5 -3  3 0  1 -1
  1  1  0 0  0  0
  1  0 -1 0 -1  0
  0  0  0 1  0  0
1,1,1;1,1;1 1 7
54 
#3 
6	% 
 0  2  2 1  2 0
 0  1  1 0  0 0
 0 -2 -2 0 -1 1
 1  1  0 0  0 0
 1  0  0 0  0 0
 0  1  1 1  1 0
6	% 
 0  1  1  2  0  0
 0  2  2  2  1  1
 0 -4 -4 -5 -2 -2
 1  1  1  1  1  0
 1  0  0  0  0  0
 0  1  0  1  0  0
6	% 
 -2 -1 -1 0  0  0
  0  0  0 0  1 -1
  1  0  0 0 -2  2
  0  0  0 0  1  0
  0  0  0 1  1  1
 -1 -1  0 0  0  0
1,1,1,1;1;1 1 5
18 
#1 
6	% 
  1  0  0  0  0  0
  0 -1  1 -1 -1 -1
  1  0  1  0  0  0
 -1  1 -1  1  1  0
  1 -1  1  0 -1  0
 -1  1  0  0  0  0
2-2;1,1,1;1 1 5
12 
#1 
6	% 
  1  1 -1  1  1 1
  1  1 -1  0  1 0
 -1 -1  1 -1 -1 0
 -2 -2  1 -1 -2 0
 -2 -1  2 -1 -2 0
 -1 -2  2 -1 -2 0
1,1,1,1;1;1 1 4
3 
#1 
6	% 
  1 0 0 0  0  0
  0 1 0 0  0  0
 -3 0 1 0 -1  1
  2 0 0 0  1 -1
 -1 0 0 1  0  1
 -1 0 0 0  0  1
1,1,1;1,1;1 1 4
9 
#2 
6	% 
  0 -1 -1  0  0  0
 -1  0 -1  0  0  0
  1  1  1  0  0  0
  0  0  0 -1  0 -1
  0  0  0 -1 -1 -1
  0  0  0 -1  0  0
6	% 
  0  0  0  1 0 1
  0  0  0  1 0 0
  0  0  0 -1 1 0
  0 -1  0  0 0 0
 -1 -1 -1  0 0 0
  0 -1  1  0 0 0
1,1,1;1,1;1 1 9
18 
#1 
6	% 
 -2  0 0 -1 -2 0
 -1  0 0  0 -1 1
  3  0 0  1  2 0
 -1  0 0 -1 -1 0
  0  0 1  2  0 0
  0 -1 1  0  0 0
1,1,1,1;1;1 1 3
3 
#1 
6	% 
  0 0 0 -1 -1 -1
 -1 0 0  0 -1 -1
 -1 0 0 -1  0 -1
  1 0 0  1  1  1
  0 0 1  0  0  0
  0 1 0  0  0  0
1,1;1,1;1;1 1 2
9 
#1 
6	% 
 0 0  0 1 1  1
 0 0 -1 0 0  0
 0 1  1 0 0  0
 1 0  0 0 0  0
 0 0  0 0 0 -1
 0 0  0 0 1  0
1,1,1;1,1;1 1 1
3 
#1 
6	% 
 0 0  0  1 0 1
 0 0  0  1 0 0
 0 0  0 -1 1 0
 0 0 -1  0 0 0
 0 1  1  0 0 0
 1 0  0  0 0 0
1,1;1,1;1;1 1 8
18 
#1 
6	% 
 -1 -1 1 0 0  0
  0  0 0 1 1  1
  0  0 0 0 0 -1
  1  1 0 0 0  0
 -1  0 1 0 0  0
  0  0 0 0 1  0
2-2;1,1,1;1 1 4
4 
#1 
6	% 
  0 0 0  0  1  0
  0 0 0  0  1  1
  0 0 0 -1 -1 -1
  0 0 1  0  0  0
  0 1 0  0  0  0
 -1 0 0  0  0  0
1,1,1;1;1;1 1 1
1 
#1 
6	% 
 0 0 0  0 1  1
 0 0 0 -1 0  0
 0 0 0  0 0 -1
 1 0 0  0 0  0
 0 1 0  0 0  0
 0 0 1  0 0  0
1,1,1;1;1;1 1 5
3 
#1 
6	% 
 0 0 0  0 1  1
 0 0 0 -1 0  0
 0 0 0  0 0 -1
 1 0 0  0 0  0
 0 0 1  0 0  0
 0 1 0  0 0  0
1,1;1,1;1;1 1 19
9 
#1 
6	% 
 -1 0 0  0 -1  1
  0 0 0 -1 -1 -1
  1 0 0  1  1  0
  0 0 1  0  0  0
 -1 0 0  1  0  1
  0 1 0  0  0  0
1,1;1,1;1;1 1 7
9 
#1 
6	% 
 -1 0 0  0 -1  1
  0 0 0 -1 -1 -1
  0 1 0  0  0  0
  0 0 1  0  0  0
  1 0 0  1  1  0
 -1 0 0  1  0  1
1,1;1,1;1,1 1 2
9 
#1 
6	% 
 -1 0  0  0 -1  1
  0 0 -1  0  0  0
  0 1  1  0  0  0
  0 0  0 -1 -1 -1
  1 0  0  1  1  0
 -1 0  0  1  0  1
1,1,1;1;1;1 1 10
9 
#1 
6	% 
 -1 0  0 -1 -1 -1
  0 0  0  0 -1  1
  1 0  0  0  1  0
  0 0 -1  0  0  0
  0 1  0  0  0  0
 -1 0  0 -1 -1  0
1,1,1;1;1;1 1 2
9 
#1 
6	% 
 -1 0 0 -1 -1 -1
  0 0 0  0 -1  1
  0 1 0  0  0  0
  0 0 1  0  0  0
  1 0 0  0  1  0
 -1 0 0 -1 -1  0
1,1,1,1;1;1 1 1
3 
#1 
6	% 
  0 0 0 -1 -1 -1
 -1 0 0  0 -1 -1
 -1 0 0 -1  0 -1
  1 0 0  1  1  1
  0 1 0  0  0  0
  0 0 1  0  0  0
2-1;1,1;1;1 1 8
9 
#1 
6	% 
 0 0 1  0  0  0
 0 1 0  0  0  0
 1 0 0  0  2 -2
 0 0 0  0 -1  1
 0 0 0  0  0 -1
 0 0 0 -1  0 -1
2-1;1,1;1;1 1 4
9 
#1 
6	% 
 0 0 1 0 0  0
 0 1 0 0 0  0
 0 0 0 1 1  1
 1 0 0 0 0  0
 0 0 0 0 0 -1
 0 0 0 1 0  1
1,1,1;1,1;1 1 3
27 
#2 
6	% 
 0 0  2 0  1  1
 0 0  1 0  0  0
 0 0 -3 1 -1 -1
 1 0  1 0  1  0
 1 0  0 0  0  0
 0 1  0 0  0  0
6	% 
  2 0  2  0  1 -1
  1 0  1  0  0  0
 -2 0 -3  0 -1  1
  1 0  1  0  0 -1
  0 0  0 -1 -1 -1
  0 1  0  0  0  0
1,1,1;1,1;1 1 8
18 
#1 
6	% 
  1 0 -1  2  1  1
  2 0 -2  4  1  1
 -3 0  3 -7 -3 -3
  1 0  0  1  0  1
  1 0 -1  2  1  0
  0 1  0  0  0  0
3;1,1,1 2 1
1 
#1 
6	% 
 0 0 1  0  0  0
 0 1 0  0  0  0
 1 0 0  0  0  0
 0 0 0  0 -1 -1
 0 0 0 -1  0 -1
 0 0 0  1  1  1
1,1,1;1;1;1 1 3
9 
#1 
6	% 
 0  1  0 0  0 0
 0 -1 -1 0  0 0
 1  0  0 0  0 0
 0  0  0 1  1 0
 0  0  0 0 -1 1
 0  0  0 0  1 0
1,1;1,1;1;1 1 5
9 
#1 
6	% 
 1 0 0  0  2 -2
 0 1 0  0  0  0
 0 0 1  0  0  0
 0 0 0  0 -1  1
 0 0 0 -1  0 -1
 0 0 0  0  0 -1
1,1;1,1;1,1 1 4
18 
#1 
6	% 
 -1 -1  1  0  0  0
  0  0  0 -1 -1 -1
  0  0  0  1  0  1
  1  0 -1  0  0  0
 -1 -1  0  0  0  0
  0  0  0 -1 -1  0
1,1;1,1;1;1 1 20
18 
#1 
6	% 
 1  0  0 0  0  0
 0  0 -1 0 -2  2
 0  0  0 0  1 -1
 0  0  0 1  0  1
 0 -1  0 0 -2  2
 0  0  0 0  0  1
1,1,1;1;1;1 1 8
18 
#1 
6	% 
  1  0  0  0  0  0
 -1  0 -1  0  1 -1
  1  0  0 -1 -1  0
  0  0  0 -1  0  0
  1 -1  0  0 -1  1
 -1  0  0 -1  0 -1
2-2;1,1;1,1 1 4
12 
#1 
6	% 
 0 0  0 1 0 0
 0 0  0 0 1 0
 0 0  0 0 0 1
 0 0 -1 0 0 0
 0 1  0 0 0 0
 1 0  0 0 0 0
1,1,1;1;1;1 1 6
1 
#1 
6	% 
  0 -1 -1  0 0 0
 -1  0 -1  0 0 0
  1  1  1  0 0 0
  0  0  0 -1 0 0
  0  0  0  1 0 1
  0  0  0  1 1 0
1,1;1,1;1;1 1 10
36 
#1 
6	% 
 -3  0  0 0 -2  2
  1  1  1 1  1  0
  2  0  0 0  1 -1
  0  0 -1 0  0  0
  0  1  0 0  0  0
  1 -1 -1 0  0 -1
1,1;1,1;1,1 1 6
18 
#1 
6	% 
 1  0  0  0  2 -2
 0 -1 -1 -1 -1  0
 0  0  0  0 -1  1
 0  0  1  1  0  0
 0  1  0 -1  0  0
 0 -1 -1  0 -1  0
1,1,1;1;1;1 1 7
18 
#1 
6	% 
 0  1  1 1  1 1
 1  0  0 0  0 0
 0  0  1 0  0 0
 0 -1 -1 0 -1 0
 0 -1  0 0  0 0
 0  1  1 1  1 0
1,1;1,1;1;1 1 16
18 
#1 
6	% 
 0 0 0 1  0 0
 1 0 0 0  0 0
 0 0 1 0  0 0
 0 0 0 0  0 1
 0 1 0 0  0 0
 0 0 0 0 -1 0
1,1;1,1;1;1 1 3
18 
#1 
6	% 
 1 0 0 0  2 -2
 0 0 1 0  0  0
 0 1 0 0  0  0
 0 0 0 0 -1  1
 0 0 0 0  0 -1
 0 0 0 1  1  0
2-1;1;1;1;1 1 5
3 
#1 
6	% 
 0 1 0  0 0 0
 0 0 1  0 0 0
 1 0 0  0 0 0
 0 0 0  1 0 1
 0 0 0 -1 0 0
 0 0 0  1 1 0
1,1;1,1;1,1 1 3
6 
#1 
6	% 
 1 0  0 0  2 -2
 0 1  0 0  0  0
 0 0 -1 0  0  0
 0 0  0 0 -1  1
 0 0 -1 0  0 -1
 0 0  1 1  1  0
1,1;1,1;1;1 1 17
18 
#1 
6	% 
 0 1  0 0  0  0
 0 0  0 0  1 -1
 0 0  0 0  0  1
 0 0 -1 0 -1  1
 0 0  0 1  0  1
 1 0  0 0  1 -1
1,1;1;1;1;1 1 4
9 
#1 
6	% 
 0 -3 0 -2 -2 -2
 1  0 0  0  0  0
 0  0 1  0  0  0
 0  2 0  1  1  1
 0 -1 0  0  0 -1
 0 -1 0  0 -1  0
1,1;1;1;1;1 1 12
18 
#1 
6	% 
 1 0 0 0 0  0
 0 0 0 0 0 -1
 0 0 0 0 1 -1
 0 0 1 0 0  0
 0 0 0 1 1  0
 0 1 0 0 0  0
1,1;1;1;1;1 1 5
3 
#1 
6	% 
 0 1 0  0 0 0
 0 0 1  0 0 0
 1 0 0  0 0 0
 0 0 0  1 0 1
 0 0 0 -1 0 0
 0 0 0  1 1 0
1,1;1;1;1;1 1 2
3 
#1 
6	% 
 0 0 0 1  1 1
 1 0 0 0  0 0
 0 1 0 0  0 0
 0 0 1 0  0 0
 0 0 0 0 -1 0
 0 0 0 1  1 0
1,1;1;1;1;1 1 16
9 
#1 
6	% 
 1 0 0 0  1 -1
 0 0 0 0 -1  1
 0 0 1 0  0  0
 0 0 0 0  1  0
 0 1 0 0  0  0
 0 0 0 1  1  0
1,1;1;1;1;1 1 9
9 
#1 
6	% 
 0 0 0 1  1 1
 1 0 0 0  0 0
 0 0 1 0  0 0
 0 0 0 0 -1 0
 0 1 0 0  0 0
 0 0 0 1  1 0
2-2;1,1;1;1 1 9
12 
#1 
6	% 
  0  0 0  1 0 1
  0  0 0 -1 0 0
  0  0 0  1 1 0
  0  0 1  0 0 0
  0 -1 0  0 0 0
 -1  0 0  0 0 0
1,1;1;1;1;1 1 10
6 
#1 
6	% 
 -1 -1  1 0 0 0
  1  0 -1 0 0 0
  0  0  0 1 0 1
  0  0  0 1 0 0
 -1 -1  0 0 0 0
  0  0  0 1 1 0
2-2;1,1;1;1 1 11
12 
#1 
6	% 
  0  0 0 0 1 -1
  0  0 0 1 0  1
  0  0 0 0 0 -1
  0  0 1 0 0  0
  0 -1 0 0 0  0
 -1  0 0 0 0  0
3;1,1;1 2 4
3 
#1 
6	% 
 0 0 1 0  0 0
 0 1 0 0  0 0
 1 0 0 0  0 0
 0 0 0 1  1 1
 0 0 0 0 -1 0
 0 0 0 1  1 0
1;1;1;1;1;1 1 8
3 
#1 
6	% 
 1 0 0 0 0 0
 0 0 1 0 0 0
 0 0 0 1 0 1
 0 0 0 1 0 0
 0 1 0 0 0 0
 0 0 0 1 1 0
1;1;1;1;1;1 1 3
1 
#1 
6	% 
 1 0 0  0 0 0
 0 1 0  0 0 0
 0 0 1  0 0 0
 0 0 0  1 0 1
 0 0 0 -1 0 0
 0 0 0  1 1 0
2-2;1;1;1;1 1 9
4 
#1 
6	% 
  0  0 0  1 0 1
  0  0 0 -1 0 0
  0  0 0  1 1 0
  0  0 1  0 0 0
  0 -1 0  0 0 0
 -1  0 0  0 0 0
