#23

2-1;2-1;1,1 1 7
1 
#1 
6	% 
 1 0 0 0 0 0
 0 1 0 0 0 0
 0 0 1 0 0 0
 0 0 0 1 0 0
 0 0 0 0 1 0
 0 0 0 0 0 1
1,1,1,1,1,1 1 1
1 
#1 
6	% 
 1 0 0 0 0 0
 0 1 0 0 0 0
 0 0 1 0 0 0
 0 0 0 1 0 0
 0 0 0 0 1 0
 0 0 0 0 0 1
1,1,1,1;1,1 1 3
8 
#3 
6	% 
  0  0  1 1 0  1
 -1  0  1 1 0  2
  0  0  0 0 1  0
  1  0 -1 0 0 -1
 -1  0  0 1 0  1
  0 -1  0 0 0  0
6	% 
 0 0  0  0  0 -1
 1 0  1 -1  0 -1
 0 0  1  0 -1 -1
 0 0 -1  0  0  1
 0 0  0 -1  0  0
 0 1  0  1  0  0
6	% 
 -1 0 -1  0 -1 -2
 -1 0 -1  0 -1 -1
  1 0  1  0  0  1
  1 1  1  0  1  1
 -1 0 -1 -1 -1 -1
 -1 0  0  0 -1 -1
1,1,1,1,1;1 1 2
4 
#1 
6	% 
  0  0  0  0  1  0
  1  0  0  0  0  0
  0 -1 -1 -1  0 -1
  1  0  0  0  1 -1
 -1  1  1  0 -1  1
  1 -1  0 -1  1 -1
2-1',2-1';1,1 1 2
2 
#1 
6	% 
  0  0 -1 -1  0 1
  0 -1  0  0 -1 1
  1  0  0  0  0 0
  1 -1  0  0  0 1
  0  1 -1  0  0 0
 -1 -1  0  0  0 0
1,1,1,1;1,1 1 2
3 
#2 
6	% 
  0  0 -1 -1  0  1
  0 -1 -1 -1 -1  2
  0 -1 -1  0  0  1
  1  0  0  0  0  0
 -1  1  1  1  0 -2
 -1 -1 -1 -1  0  1
6	% 
 0 1  0 0  0  1
 0 0  0 0 -1  0
 1 0  0 0  1  1
 0 0 -1 1  0  0
 0 0  1 0  0 -1
 0 0  1 0  0  0
1,1,1;1,1,1 1 3
4 
#1 
6	% 
  0 -1 -1 -1  1  1
 -1  0  0  0  0  0
  1 -1  0  0  0 -1
 -1  0  0  1  0  0
  1  0  0  0 -1 -1
 -1  0  0 -1  0  1
2-1;1,1,1;1 1 8
4 
#1 
6	% 
  1 0  0  0 0 -1
  0 0  0  0 0  1
 -1 0  0  0 1 -2
 -1 0  0 -1 0 -1
  1 0 -1  0 0  2
  1 1  0  0 0  1
1,1,1;1;1;1 1 8
4 
#1 
6	% 
 -1 0 0  0 0  1
  1 0 0 -1 0 -2
 -1 1 0  0 0  0
  0 1 0  0 1 -1
 -1 0 1  0 0  2
  1 1 0  0 0 -1
1,1,1;1,1;1 1 10
8 
#2 
6	% 
 0 0 -1 -1 0 -2
 0 0 -1 -1 0 -3
 1 0  3  3 0  7
 0 0 -1  0 0 -1
 0 0 -1  0 1 -2
 0 1  0  0 1 -1
6	% 
  0 -1  0 0 -1 -2
  2  0  0 0  0 -1
 -3  1  0 0  1  4
  0  0  1 1 -1 -2
  1  0 -1 0  0  0
  0  0 -1 1  0  0
1,1;1,1;1;1 1 13
4 
#2 
6	% 
 1 0  0 0 0  2
 0 1  0 0 0  0
 0 0  0 1 0  0
 0 0  0 0 1  0
 0 0 -1 0 0  0
 0 0  0 0 0 -1
6	% 
 1  0  0  0  0  2
 0  0  0 -1  0  1
 0  0  1  1 -1  0
 0  0 -1  0  0  1
 0 -1 -1 -1  0  1
 0  0  0  0  0 -1
1,1;1,1;1,1 1 6
4 
#3 
6	% 
 1  0  0  0  0  2
 0  0  0  0  1 -1
 0  0  0  0  0 -1
 0  0  0 -1 -1  1
 0 -1 -1  0  0  1
 0  1  0  0  0 -1
6	% 
 1  0  0  0  0  2
 0  0  0  1  0 -1
 0  0  0  0  0 -1
 0  0  0 -1 -1  1
 0 -1 -1  0  0  1
 0  1  0  0  0 -1
6	% 
 1  0  0  0  0  2
 0  1  0  1  1 -2
 0  0  0  0  0 -1
 0 -1  0 -1  0  1
 0  0  1  0 -1  0
 0  1 -1  0  1 -1
1,1,1;1;1;1 1 19
4 
#1 
6	% 
 1  0 0 0 0  0
 1  0 0 0 0  1
 0  0 0 0 1 -1
 0  0 0 1 0  0
 0  0 1 0 0  0
 0 -1 0 0 0  1
1,1,1,1;1;1 1 5
4 
#2 
6	% 
  1  0  0 0 0  0
  0  0  0 0 0  1
  1  0  0 1 0  1
 -1  0  0 0 1 -1
  1 -1  0 0 0  1
 -1  0 -1 0 0 -1
6	% 
  1  0 0  0  0 -1
  1  0 0  0  0 -2
  1 -1 0 -1  1 -1
 -2  1 0  0  0  1
  2  0 0  0  1 -2
 -1  1 1  0 -1  1
1,1,1;1,1;1 1 7
8 
#2 
6	% 
 0 -2 -1 -1 0  2
 0 -2  0  0 0  1
 0  5  1  1 1 -4
 0 -1  0  0 0  0
 1  0  0  0 0  0
 0 -1 -1  0 0  1
6	% 
  2 0  1  1 0  2
  0 0  0  0 0  1
 -1 0 -1 -1 0 -4
  0 1  0  0 0  0
  0 1  0  0 1 -1
  1 0  1  0 0  1
1,1,1,1;1;1 1 4
2 
#1 
6	% 
 0  1  0 0 0  0
 1  0  0 0 0  0
 0 -3  0 0 1 -1
 0  2  0 0 0  1
 0 -1 -1 0 0  0
 0 -1  0 1 0 -1
2-1,2-1;1,1 2 2
2 
#1 
6	% 
 0  0  1 1 0 -1
 0  1  0 0 1 -1
 1  0  0 0 0  1
 0 -1  0 0 0  1
 0  1 -1 0 0  0
 0 -1  0 0 0  0
2-1,2-1;1,1 2 3
2 
#1 
6	% 
  1  0  0  0  0  0
  0 -3 -1  1 -3  3
  0 -2 -5 -3 -4  7
  1  1 -2 -2  0  2
  0  1  2  1  2 -3
 -1  1 -2 -2  0  1
1,1;1,1;1,1 1 8
1 
#1 
6	% 
 0 0  1 1  0 -1
 0 1  0 0  1 -1
 1 0  0 0  0  1
 0 0  0 0  1 -1
 0 0  1 0  0 -1
 0 0 -1 0 -1  1
1,1;1,1;1;1 1 22
2 
#1 
6	% 
 -1  0  0 0 0 -1
  0  0  1 1 0 -1
  0  0  0 0 1 -1
  0 -1  0 0 0  0
  0  0 -1 0 0  1
  0  0  1 0 0  0
2-1;1,1;1;1 1 27
2 
#1 
6	% 
 -3 0 0  0 0 -2
  1 0 1  0 0  0
  2 0 0  0 0  1
  1 0 0  0 1  0
  1 1 0  0 0  0
 -1 0 0 -1 0  0
1,1;1;1;1;1 1 19
1 
#1 
6	% 
 -1  0  0  0 0 -2
  0  0  0  0 1 -1
  0  0 -1  0 0  0
  0 -1  0  0 0  0
  0  0  0 -1 0  1
  0  0  0  0 0  1
1,1;1;1;1;1 1 49
1 
#1 
6	% 
 1 0  0 0 0  2
 0 1  0 0 0  0
 0 0  0 1 0  0
 0 0 -1 0 0  1
 0 0  0 0 1 -1
 0 0  0 0 0 -1
