#38

3;1,1;1 1 1
1 
#1 
6	% 
 1 0 0 0 0 0
 0 1 0 0 0 0
 0 0 1 0 0 0
 0 0 0 1 0 0
 0 0 0 0 1 0
 0 0 0 0 0 1
1,1,1,1,1,1 1 1
1 
#1 
6	% 
 1 0 0 0 0 0
 0 1 0 0 0 0
 0 0 1 0 0 0
 0 0 0 1 0 0
 0 0 0 0 1 0
 0 0 0 0 0 1
1,1,1,1,1;1 1 2
9 
#2 
6	% 
  0 0  0  1  0 -1
  0 0  1  0  0 -1
  1 1  1  1  1  0
  0 0  0  0  1 -1
 -1 0 -1 -1 -1  1
  0 1  1  1  1 -1
6	% 
 0 -1 0 -1  0  1
 0  0 0  0  0  1
 0 -1 0 -1  1  1
 0  0 0 -1  0  1
 0  1 1  1 -1 -2
 1 -2 0 -1  1  2
1,1,1,1;1,1 1 1
1 
#1 
6	% 
  0 -1 -1 0  0 -1
 -1  0 -1 0  0 -1
 -1 -1  0 0  0 -1
  1  1  1 0  0  1
  0  0  0 0 -1  0
  0  0  0 1  1  0
1,1,1,1,1;1 1 1
1 
#1 
6	% 
  0  0  0 -1  0 0
 -1  0 -1 -1 -1 0
 -1 -1  0 -1 -1 0
  0 -1 -1  0 -1 0
  1  1  1  1  1 0
  0  0  0  0  0 1
2-1;1,1,1,1 1 2
3 
#1 
6	% 
  0  0  0 0 -1  1
  0  0  0 0  0  1
  1  1 -1 1  1  2
  0  1 -1 0  0  2
  1 -1  0 0  0  0
 -1  0  0 0  0 -2
2-1;1,1,1;1 1 3
3 
#1 
6	% 
  0 0  0  0 -1 -1
  0 0  0 -1  0 -1
  0 0  0  1  1  1
 -1 0  1  0  0  0
  0 0 -1  0  0  0
  0 1  0  0  0  0
1,1,1;1,1,1 1 2
9 
#2 
6	% 
  0  0 0  0  0 1
  0  0 1  0  0 0
 -1  1 0 -1 -1 0
  0  0 0 -1  0 0
  1  0 0  1  0 0
  0 -1 0  1  0 0
6	% 
  0  0  0  0  1  0
 -1  1 -1 -1 -1  0
  0  1  0  0  0  0
  0  1  0  0  0 -1
  1 -1  0  0  0  1
  0  0 -1  0  0  1
1,1,1,1;1,1 1 2
18 
#4 
6	% 
 0  0 0 1 0 0
 0  0 0 0 1 0
 0  0 1 0 0 0
 0  0 0 0 0 1
 1  0 0 0 0 0
 0 -1 0 0 0 0
6	% 
  0 0  0 1  0  0
  0 0  0 0  1  0
 -1 1  1 0 -1 -1
 -1 0  0 0  0  0
  2 0 -1 0  0  0
  1 1  0 0  0  0
6	% 
  0  0  0  0 1  0
 -1  1  0 -1 0 -1
  0  0  0  1 0  0
  1  1  1  0 0  0
  0 -1 -1  0 0  0
 -1  0 -1  0 0  0
6	% 
  0  0 0  0 1  0
  1 -1 1 -1 0  0
 -1  0 0  0 0  0
  0  0 0  0 0  1
 -1  1 0  0 0 -1
  0  0 1  0 0 -1
1,1,1;1,1,1 1 1
1 
#1 
6	% 
  0 -1 -1  0  0  0
 -1  0 -1  0  0  0
  1  1  1  0  0  0
  0  0  0  0 -1 -1
  0  0  0 -1  0 -1
  0  0  0  1  1  1
2-1;1,1;1,1 1 2
3 
#1 
6	% 
  1  1 -1 0  0 1
  0  0  0 0 -1 0
  0  0  0 1  1 0
  0  1 -1 0  0 0
  1 -1  0 0  0 0
 -1  0  0 0  0 0
2-1;1,1,1;1 1 2
3 
#1 
6	% 
  1  1 -1 1 1 0
  1  1 -1 0 1 0
  0  0  0 0 0 1
  0  1 -1 0 0 0
  1 -1  0 0 0 0
 -1  0  0 0 0 0
2-2;1,1,1,1 1 2
4 
#1 
6	% 
  0  0 0  0  0 -1
  0  0 0  0 -1  0
  0  0 0 -1  0  0
  1 -1 0  1  1  1
 -1  0 1 -1 -1 -1
  1  0 0  1  1  1
1,1,1,1;1;1 1 4
9 
#2 
6	% 
  1  1 -1  1  0  0
  0  0  0  1 -1  0
 -2 -2  2 -3  0 -1
  1  1 -1  2  0  0
 -1  0  1 -1  0  0
 -1  0  0 -1  0  0
6	% 
 0  0 -1  0  1  0
 0  0 -1 -1  0 -1
 0  0  1  1 -1  0
 0  0 -1  0  0  0
 1  0  0  0  0  0
 0 -1  1  0  0  0
1,1,1;1,1;1 1 5
18 
#3 
6	% 
 0  0  1  0  0 0
 0  0  0  1  0 0
 0  0 -2 -1 -1 0
 1  0  0  0  0 0
 1  1 -1  0  0 1
 1 -1  0  0  0 0
6	% 
 -1 -1  1 0  0 0
  0  0  0 1  1 0
  1  1 -1 0 -1 0
  0 -1  0 0  0 0
  0  0  1 0  0 1
  1 -1  0 0  0 0
6	% 
 -1  1  0 0  0 0
  0  0  0 1  1 0
  1 -1  0 0 -1 0
  0  1 -1 0  0 0
  0  0  1 0  0 1
  1  1 -1 0  0 0
1,1,1;1,1;1 1 4
9 
#2 
6	% 
  0 0 0  1 0 1
  0 0 0  1 0 0
  0 0 0 -1 1 0
  0 1 1  0 0 0
  0 0 1  0 0 0
 -1 1 0  0 0 0
6	% 
  0 0  0  1 0 1
  0 0  0  1 0 0
  0 0  0 -1 1 0
  0 1 -1  0 0 0
  0 1  0  0 0 0
 -1 1 -1  0 0 0
1,1,1;1,1;1 1 2
9 
#2 
6	% 
  1  1  0  0 0  0
  1  1  1  0 0  0
 -2 -2 -1  0 0 -1
  0  0  0  1 1  0
  0  0  0 -1 0  0
  1  0  0  0 0  0
6	% 
 -1 -1  1  0 0 0
  0  0  0  0 0 1
  1  0 -1  0 0 0
  0  0  0  1 1 0
  0  0  0 -1 0 0
  0 -1  1  0 0 0
1,1,1,1;1;1 1 2
9 
#2 
6	% 
  0 0 0 1 0 0
  0 0 1 0 0 0
  0 0 0 0 1 0
  0 0 0 0 0 1
  0 1 0 0 0 0
 -1 0 0 0 0 0
6	% 
  0  0  0 1  0 0
  0 -1  0 0  1 0
 -1 -1  1 0 -1 0
  0  0  0 0  0 1
  0  1 -1 0  0 0
 -1  0  0 0  0 0
1,1;1,1;1,1 1 2
9 
#2 
6	% 
  0  2 0 0  0 1
  0  0 0 0 -1 0
  0  0 0 1  1 0
 -1  0 1 0  0 0
  1 -1 0 0  0 0
  1  0 0 0  0 0
6	% 
 -1 1 -2 0 0 0
  0 0  0 1 0 0
  0 0  0 0 1 0
  0 0  0 0 0 1
  1 0  0 0 0 0
  0 1 -1 0 0 0
2-2;1,1;1,1 1 3
4 
#1 
6	% 
  0  0 0 0  0 1
  0  0 0 0 -1 0
  0  0 0 1  1 0
  1 -1 0 0  0 0
 -1  0 1 0  0 0
  1  0 0 0  0 0
1,1,1;1,1;1 1 1
1 
#1 
6	% 
  0 -1 -1 0  0 0
 -1  0 -1 0  0 0
  1  1  1 0  0 0
  0  0  0 0 -1 0
  0  0  0 1  1 0
  0  0  0 0  0 1
1,1,1;1,1;1 1 3
9 
#2 
6	% 
 0 -1 0  0 0 0
 0  0 0  1 1 0
 0  2 0 -1 0 0
 1 -1 0  0 0 0
 1 -1 1  0 0 0
 0  0 0  0 0 1
6	% 
 -1 -1  1  0 0 0
  0  0  0  1 1 0
  1  1 -1 -1 0 0
  0 -1  0  0 0 0
  1 -1  0  0 0 0
  0  0  0  0 0 1
2-2;1,1,1;1 1 3
4 
#1 
6	% 
  0  0 0  0 -1 0
  0  0 0 -1  0 0
  0  0 0  0  0 1
  1 -1 0  1  1 0
 -1  0 1 -1 -1 0
  1  0 0  1  1 0
3;1,1,1 1 1
1 
#1 
6	% 
 0 0 1  0  0  0
 0 1 0  0  0  0
 1 0 0  0  0  0
 0 0 0  0 -1 -1
 0 0 0 -1  0 -1
 0 0 0  1  1  1
2-1;1,1;1;1 1 3
3 
#1 
6	% 
  0 0  0 0 -1 0
  0 0  0 1  1 0
  0 0  0 0  0 1
 -1 0  1 0  0 0
  0 0 -1 0  0 0
  0 1  0 0  0 0
1,1;1,1;1;1 1 5
9 
#2 
6	% 
 -1 -1  1 0  0 1
  0  0  0 0 -1 0
  0  0  0 1  1 0
  1  1 -1 0  0 0
  0 -1  0 0  0 0
  0 -1  1 0  0 0
6	% 
 0  0  3 0  0 1
 0  0  0 0 -1 0
 0  0  0 1  1 0
 0  0 -1 0  0 0
 1  0  0 0  0 0
 0 -1  1 0  0 0
1,1;1,1;1;1 1 2
9 
#2 
6	% 
  0 0 1 0 0 0
  0 0 0 1 0 0
  0 0 0 0 1 0
  0 0 0 0 0 1
  0 1 0 0 0 0
 -1 0 0 0 0 0
6	% 
 0 -1 0 0  0 0
 0  0 0 0 -1 0
 0  0 0 1  1 0
 0  0 0 0  0 1
 0  0 1 0  0 0
 1 -1 0 0  0 0
1,1,1;1;1;1 1 3
9 
#2 
6	% 
  1  1 -1  1  0 0
 -2 -2  2 -1 -1 0
  0  0  0  0  0 1
  0 -1  0  0  0 0
  1  1 -1  0  0 0
  0 -1  1  0  0 0
6	% 
 0  0  0 1  1 0
 0  0  0 0 -1 0
 0  0  0 0  0 1
 1  0  0 0  0 0
 0  0 -1 0  0 0
 0 -1  1 0  0 0
1,1,1,1;1;1 1 6
3 
#1 
6	% 
 0  0 0  1  0  0
 0  0 0  0  1  0
 0  0 0  0  0  1
 0 -1 1 -1 -1 -1
 0  1 0  1  1  1
 1 -1 0  0  0  0
1,1,1;1,1;1 1 6
6 
#1 
6	% 
 -1  1  1 0  0  0
  0  0  0 1  1  0
  1 -1 -1 0 -1  0
 -1  0  1 0  0 -1
 -1 -1  1 0  0 -1
  0  0  1 0  0  0
1,1,1;1;1;1 1 14
1 
#1 
6	% 
  0 0  0  0 -1 -1
  0 0  0 -1  0 -1
  0 0  0  1  1  1
  0 0 -1  0  0  0
  0 1  0  0  0  0
 -1 0  0  0  0  0
1,1;1,1;1;1 1 11
3 
#1 
6	% 
 0  0 0 0  0  1
 0  0 0 0 -1  0
 0  0 0 1  1  0
 0  0 1 0  0 -1
 0 -1 0 0  0  1
 1  0 0 0  0  0
1,1,1;1;1;1 1 11
3 
#1 
6	% 
 0  0 0 1 0 0
 0  0 0 0 1 0
 0  0 0 0 0 1
 0 -1 1 0 0 0
 0 -1 0 1 1 0
 1 -1 0 1 1 0
1,1,1;1;1;1 1 6
3 
#1 
6	% 
  0 0 0  0  1  0
  0 0 0  0  1  1
  0 0 0 -1 -1 -1
  1 0 0  0  0  0
 -1 0 1  0  0  0
 -1 1 0  0  0  0
2-2;1,1,1;1 1 4
4 
#1 
6	% 
  0 0  0 1  0  1
  0 0  0 0 -1  0
  0 0  0 0  0 -1
 -1 1  0 0  0  0
  1 0 -1 0  0  0
 -1 0  0 0  0  0
1,1;1;1;1;1 1 5
3 
#1 
6	% 
  0 0  0  1  0 0
  0 0  0 -1 -1 0
  0 0  0  0  0 1
  0 1  0  0  0 0
  0 0 -1  0  0 0
 -1 0  1  0  0 0
2-2;1,1;1;1 1 6
4 
#1 
6	% 
  0 0  0 1 0 0
  0 0  0 0 1 0
  0 0  0 0 0 1
 -1 1  0 0 0 0
  1 0 -1 0 0 0
 -1 0  0 0 0 0
1,1;1;1;1;1 1 26
1 
#1 
6	% 
 0 0 0 0 -1 0
 0 0 0 1  1 0
 0 0 0 0  0 1
 0 0 1 0  0 0
 1 0 0 0  0 0
 0 1 0 0  0 0
