#24

2-2;1;1;1;1 1 9
1 
#1 
6	% 
 1 0 0 0 0 0
 0 1 0 0 0 0
 0 0 1 0 0 0
 0 0 0 1 0 0
 0 0 0 0 1 0
 0 0 0 0 0 1
1,1,1,1,1,1 1 1
1 
#1 
6	% 
 1 0 0 0 0 0
 0 1 0 0 0 0
 0 0 1 0 0 0
 0 0 0 1 0 0
 0 0 0 0 1 0
 0 0 0 0 0 1
1,1,1,1,1;1 1 2
6 
#2 
6	% 
  1  0  0  0  0  0
  0  0  1  0  0  0
  1  0  1 -1  0  0
  0 -1  0 -1 -1 -1
 -1  1 -1  1  0  1
  1 -1  1 -1 -1  0
6	% 
  1 1 1  1  0  0
  0 0 0  0 -1  0
  0 0 0  1 -1  0
  2 1 0  1  0  1
 -1 0 0 -1  1 -1
  1 1 0  1 -1  1
1,1,1,1;1,1 1 2
6 
#2 
6	% 
  1  0  0  0  0  0
  1  0 -1  0  0  0
  0 -1 -1  0 -1  1
  0  0  0 -1 -1 -1
 -1  1  1  1  1  0
  1 -1 -1  1  0  1
6	% 
 0 0  0 1 0 0
 0 0  0 0 0 1
 0 0  0 0 1 0
 0 1  0 0 0 0
 1 1  0 0 0 0
 0 0 -1 0 0 0
1,1,1,1;1,1 1 3
9 
#1 
6	% 
  2  1  0 1  1  1
 -1 -1 -1 0 -1 -1
 -1  0  0 0  0 -1
  1  1  1 0  0  1
 -1 -1 -1 0 -1  0
  1  1  0 0  1  0
1,1,1;1,1,1 1 1
1 
#1 
6	% 
  0 -1 -1  0  0  0
 -1  0 -1  0  0  0
  1  1  1  0  0  0
  0  0  0  0 -1 -1
  0  0  0 -1  0 -1
  0  0  0  1  1  1
1,1,1;1,1,1 1 3
9 
#1 
6	% 
 -1 -1 -1  0  0  0
  0  0  0 -1 -1 -1
 -1 -1  0  1  0  1
  1  1  0  0  0  0
  1  0  0  1  1  0
 -1  0  0  0  0  0
2-2;1,1,1,1 1 2
1 
#1 
6	% 
  0  1  0  0  0  0
  0  0  1  0  0  0
 -1 -1 -1 -1 -1 -1
  1  0  0  0  1  1
 -1  0  0 -1  0 -1
  1  0  0  1  1  0
1,1,1;1,1;1 1 7
18 
#2 
6	% 
  0 0  0 0 1 1
 -1 0  1 0 0 0
  2 0 -2 1 0 0
 -1 0  0 0 0 0
  0 1  0 0 0 0
  0 0  0 0 1 0
6	% 
  2  1  0 0  0  0
  2  2  2 0  1 -1
 -5 -4 -3 0 -2  2
  1  1  1 0  1  0
  0  0  0 1  1  1
  1  1  0 0  0  0
1,1,1,1;1;1 1 5
9 
#1 
6	% 
  1  1  1  1  1  1
  1  1  1  0  1  1
  0  0  1  1  1  1
 -1 -1 -1 -1 -1 -2
  1  1  1  1  2  1
 -1  0  0 -1 -1 -1
1,1,1;1,1;1 1 4
6 
#2 
6	% 
  0 -1 -1  0  0  0
 -1  0 -1  0  0  0
  1  1  1  0  0  0
  0  0  0  0 -1  0
  0  0  0 -1 -1 -1
  0  0  0  0 -1  1
6	% 
  0  0  0  1 0 1
  0  0  0  1 0 0
  0  0  0 -1 1 0
  0 -1 -1  0 0 0
 -1 -1 -1  0 0 0
  0 -1  0  0 0 0
2-2;1,1,1;1 1 5
3 
#1 
6	% 
 -1 0  1  0  0  0
 -1 0  0  0  0  0
  1 1  0  0  0  0
  1 0 -1  0  0 -1
  1 0 -1  0 -1  0
  1 0 -1 -1  0  0
1,1,1,1;1;1 1 4
3 
#1 
6	% 
  0  0  0  1 1  1
  0  0  0  1 0  0
  1  1  1 -1 0 -1
 -1 -1 -1  0 0  0
  0  0  1  0 0  0
  1  0  0  0 0  0
1,1,1;1,1;1 1 10
18 
#1 
6	% 
  0  0  0 0 -1 -1
  1  1  1 0 -1 -1
 -1 -1 -1 1  3  3
  1  0 -1 0 -1  0
  0  0  1 0  0 -1
  0 -1  0 0  0  0
2-2;1,1,1;1 1 4
1 
#1 
6	% 
  0 -1 -1 0  0 0
 -1  0 -1 0  0 0
  1  1  1 0  0 0
  0  0  0 0  0 1
  0  0  0 0 -1 0
  0  0  0 1  0 0
1,1;1,1;1,1 1 4
9 
#1 
6	% 
  1  1 1  0  0  0
  0  0 0 -1 -1 -1
  0  0 0  1  0  1
 -1 -1 0  0  0  0
  0  1 1  0  0  0
  0  0 0 -1 -1  0
1,1;1,1;1;1 1 8
9 
#1 
6	% 
  0 0 0 -1 -1 -1
  1 1 1  0  0  0
 -1 0 0  0  0  0
  0 0 0  1  1  0
  0 0 0 -1  0 -1
  1 1 0  0  0  0
1,1,1;1;1;1 1 8
9 
#1 
6	% 
  1  1  1 1  1  1
 -1 -1 -1 0 -1 -2
  1  1  0 0  1  1
  1  0 -1 0  0  0
  1  1  1 0  2  1
  0  0 -1 0 -1 -1
1,1,1;1;1;1 1 6
1 
#1 
6	% 
 0  0 0  0  1  0
 0  0 0  0  1  1
 0  0 0 -1 -1 -1
 0 -1 0  0  0  0
 0  1 1  0  0  0
 1  1 0  0  0  0
1,1;1,1;1;1 1 20
9 
#1 
6	% 
  0  0  0 1  0 0
 -2 -2 -2 0  0 1
  1  1  1 0  0 0
  0  0 -1 0  0 0
 -2 -2 -2 0 -1 0
 -1  0  0 0  0 0
2-2;1,1;1,1 1 4
3 
#1 
6	% 
  1  2 -1  0  0  0
  0 -1  1  0  0  0
 -1 -2  0  0  0  0
 -1 -1 -1  0  0 -1
 -1 -1 -1  0 -1  0
 -1 -1 -1 -1  0  0
1,1;1;1;1;1 1 10
3 
#1 
6	% 
 0 0 0 1 1  1
 0 0 0 0 0 -1
 0 1 1 0 0  0
 0 1 0 0 0  0
 0 0 0 0 1  0
 1 1 0 0 0  0
2-2;1,1;1;1 1 11
3 
#1 
6	% 
  1 1 1 0 0 0
 -1 0 0 0 0 0
  1 1 0 0 0 0
  0 0 0 0 0 1
  0 0 0 0 1 0
  0 0 0 1 0 0
2-2;1,1;1;1 1 9
3 
#1 
6	% 
  0  0  1  0  0  0
  0  1  0  0  0  0
 -1 -1  0  0  0  0
 -1 -1 -1  0  0 -1
 -1 -1 -1  0 -1  0
 -1 -1 -1 -1  0  0
