#31

2-1;1,1;1;1 1 3
1 
#1 
6	% 
 1 0 0 0 0 0
 0 1 0 0 0 0
 0 0 1 0 0 0
 0 0 0 1 0 0
 0 0 0 0 1 0
 0 0 0 0 0 1
1,1,1,1,1,1 1 1
1 
#1 
6	% 
 1 0 0 0 0 0
 0 1 0 0 0 0
 0 0 1 0 0 0
 0 0 0 1 0 0
 0 0 0 0 1 0
 0 0 0 0 0 1
2-1;1,1,1,1 1 2
1 
#1 
6	% 
 0 -1  1  0  0  0
 0  0  1  0  0  0
 1  1  2  1  0 -1
 0  0  2  0 -1 -1
 0  0  0  1  1  1
 0  0 -2 -1 -1  0
1,1,1,1,1;1 1 2
5 
#3 
6	% 
  0  1  0  0  0  0
  0  0  1  0  0  0
 -1  1  1  0  1  0
 -1  0  0 -1 -1  1
  1 -1 -1  0  0 -1
 -1  1  1 -1 -1  0
6	% 
  1  0  0  0  0  0
  0  0  1  0  0  0
  0 -1  0 -1 -1 -1
  1  0  1  0 -1  0
 -1  1 -1  1  1  0
  1 -1  1  0 -1 -1
6	% 
  1 -1 1  1  0  1
  0 -1 0  0  0  0
  0 -2 0  1  0  0
  1 -1 0  2  0  1
 -1  2 0 -2 -1 -1
  1 -2 0  1 -1  0
1,1,1,1;1,1 1 1
1 
#1 
6	% 
 0  0 -1 -1  0 -1
 0  0  0 -1 -1 -1
 0  0 -1  0 -1 -1
 0  0  1  1  1  1
 0 -1  0  0  0  0
 1  1  0  0  0  0
1,1,1,1,1;1 1 1
1 
#1 
6	% 
  0  0 0  0 -1  0
 -1  0 0 -1 -1 -1
 -1 -1 0  0 -1 -1
  0 -1 0 -1  0 -1
  1  1 0  1  1  1
  0  0 1  0  0  0
1,1,1,1;1,1 1 2
10 
#6 
6	% 
  1  0  0  0 0 0
  1  0 -1  0 0 0
  0 -1 -1 -1 0 1
  0  0  0  0 1 0
 -1  1  1  1 0 0
  1 -1 -1  0 0 1
6	% 
  1  1  1  0  1 0
  1  0  1  0  1 0
  1  1  0  0  1 0
  0  0  0 -1  0 1
 -1 -1 -1  1 -1 0
  1  1  1  1  2 0
6	% 
  1  0  0  0  0  0
  1 -1  0  0  1  0
  0 -1  0 -1 -1  1
  0  0 -1 -1 -1 -1
 -1  1  1  1  1  0
  1 -1  1  0  0  1
6	% 
  0  1 0  0 0  0
  1  0 0  0 0  0
  1  1 0  1 1  1
  0  0 1  1 0 -1
 -1 -1 0 -1 0  0
  1  1 0  0 0  1
6	% 
  1  1  1  1  0  1
  1  0  1  1  0  1
  1  1  0  1  0  1
  0  0  0  0 -1 -1
 -1 -1 -1 -1  1 -1
  1  1  1  2  1  2
6	% 
  1  1  0  1  0  1
  1  1  0  0  0  1
  1  0  0  2  0  1
  0  0 -1 -1 -2 -1
 -1 -1  1 -1  1 -1
  1  1  1  2  1  2
2-1;1,1;1,1 1 2
1 
#1 
6	% 
 0  0 1  1  0 -1
 0 -1 0  0  0  0
 1  1 0  0  0  0
 0  0 0  0 -1 -1
 0  0 0  1  1  1
 0  0 0 -1 -1  0
2-1;1,1,1;1 1 3
1 
#1 
6	% 
  0 -1 -1 0 0 0
 -1  0 -1 0 0 0
  1  1  1 0 0 0
  0  0  0 1 0 0
  0  0  0 0 1 0
  0  0  0 0 0 1
2-1;1,1,1;1 1 2
1 
#1 
6	% 
 1 1 0  1  0 -1
 0 1 0  1  0 -1
 0 0 1  0  0  0
 0 0 0  0 -1 -1
 0 0 0  1  1  1
 0 0 0 -1 -1  0
1,1,1;1,1,1 1 2
5 
#3 
6	% 
  1 -1  0  0  0  0
  1  0  0  1  1  1
  0  0 -1  0  1  0
  0  0 -1 -1 -1  1
 -1  0  1  0  0 -1
  1  0  1  1  1  0
6	% 
  0  1  0  0  0  0
  1  1  0  1  0 -1
  0  0 -1 -1 -1 -1
  0  0  0  0  1  0
 -1 -1  1  0  0  1
  1  1  1  1  0  0
6	% 
  0  1  0  0  0  0
  1  1  0  1  2  1
  0  0 -1  1  0  0
  0  0 -1 -1  0 -1
 -1 -1  1  0 -1  0
  1  1  1  1  1  1
1,1,1;1,1,1 1 1
1 
#1 
6	% 
  0 -1 -1  0  0  0
 -1  0 -1  0  0  0
  1  1  1  0  0  0
  0  0  0  0 -1 -1
  0  0  0 -1  0 -1
  0  0  0  1  1  1
1,1,1;1,1;1 1 2
5 
#3 
6	% 
 0 0  2  1  1 -1
 0 0  1  0  0  0
 0 0 -2 -1 -2  1
 1 0  0  0  0  0
 0 1  0  0  0  0
 0 0  1  1  1  0
6	% 
 0 0  2  1  0 -1
 0 0  1  0  0  0
 0 0 -3 -1 -1  0
 1 0  0  0  0  0
 0 1  0  0  0  0
 0 0  1  1  0  0
6	% 
 0 0  2  1  0  1
 0 0  1  0 -1  0
 0 0 -2 -1  1 -1
 1 0  0  0  0  0
 0 1  0  0  0  0
 0 0  1  1  0  0
1,1,1;1,1;1 1 5
6 
#3 
6	% 
  2  2 0 0  1  0
  1  1 0 0  0  0
 -2 -3 0 0 -1  0
  1  1 1 1  1  0
  0  0 1 1  0 -1
  0  0 0 1  1  1
6	% 
 0 0  0 -1  0  1
 1 0  0  0  0  0
 0 1  0  2  0 -2
 0 0  0  0  0  1
 0 0 -1  0 -1  0
 0 0  0  1  1  1
6	% 
  0  2 0 0  1  0
 -1  1 0 0  0  0
  1 -2 0 0 -1  0
  0  1 1 1  1  0
  0  0 1 0  0  0
  0  0 0 1  0 -1
1,1,1,1;1;1 1 4
3 
#2 
6	% 
  1 0 0  0 0  0
  0 1 0  0 0  0
 -3 0 1 -1 0  1
  2 0 0  1 0 -1
 -1 0 0  0 1  1
 -1 0 0  0 0  1
6	% 
  1 -1 1  0  0  0
  1  0 0  0  0  0
 -1  3 0  0  1  0
  0 -2 0  0 -1  0
  0  1 0 -1  0  0
  0  1 0  0  0 -1
1,1,1,1;1;1 1 2
5 
#3 
6	% 
  0  1 0  0 -1  0
 -1  1 0  0  0  0
 -1  1 0 -1 -2  1
  0  0 1  0  0  0
  1 -1 0  0  1 -1
 -1  1 0 -1 -2  0
6	% 
  1  0 0 0  0  0
  1  0 0 0 -1  0
  1  1 0 1  1  1
  0  0 1 0  0  0
 -1 -1 0 0  0 -1
  1  1 0 1  0  0
6	% 
  0  0 0 0 -1 -1
  1  1 0 1 -1 -2
  0  1 0 0  1  1
  0  0 1 0  0  0
 -1 -1 0 0  0  1
  1  1 0 1  0  0
1,1,1;1,1;1 1 4
5 
#3 
6	% 
  0 -1 -1  0  0  0
 -1  0 -1  0  0  0
  1  1  1  0  0  0
  0  0  0  0  1 -1
  0  0  0  0  1  0
  0  0  0 -1 -1 -1
6	% 
  0 -1 -1  0  0  0
 -1  0 -1  0  0  0
  1  1  1  0  0  0
  0  0  0 -1 -1  0
  0  0  0 -1 -1 -1
  0  0  0 -1  0  1
6	% 
  0 -1 -1  0  0  0
 -1  0 -1  0  0  0
  1  1  1  0  0  0
  0  0  0 -2 -1 -1
  0  0  0 -2  0 -1
  0  0  0 -1 -2 -1
1,1;1,1;1,1 1 2
5 
#3 
6	% 
 0  0 -1  0 -1 0
 0 -1  0  0  0 0
 1  1  0  0  0 0
 0  0  0 -1  0 1
 0  0  1  1  1 0
 0  0 -1  1  0 0
6	% 
 0  0 -1 -1 0 1
 0 -1  0  0 0 0
 1  1  0  0 0 0
 0  0  0  0 1 0
 0  0  1  1 0 0
 0  0 -1  0 0 1
6	% 
 0  0 -1 -1 -2 -1
 0 -1  0  0  0  0
 1  1  0  0  0  0
 0  0  0  1  0  0
 0  0  1  1  1  1
 0  0 -1  0 -1  0
1,1,1;1,1;1 1 1
1 
#1 
6	% 
 0  0 0  1 0 1
 0  0 0  1 0 0
 0  0 0 -1 1 0
 0 -1 0  0 0 0
 1  1 0  0 0 0
 0  0 1  0 0 0
1,1,1;1,1;1 1 6
6 
#3 
6	% 
  2  2  0  1  2  1
  1  1  0  0  0  0
 -2 -3  0 -1 -2 -1
  1  1 -1  0  1  0
  0  0 -1 -1  0 -1
  1  1  0  1  1  0
6	% 
 0  2 0  1 0 -1
 0  1 0  0 0  0
 1 -3 0 -1 0  1
 0  1 0  0 0 -1
 0  0 1  1 0  1
 0  1 0  1 1  0
6	% 
 0  2 0  1 0  1
 0  1 0  0 0  0
 1 -3 0 -1 0 -1
 0  1 1  1 0  0
 0  0 1  0 0  0
 0  1 0  1 1  1
1,1,1,1;1;1 1 6
3 
#2 
6	% 
  1  0  0 0  0 0
  0  1  0 0  0 0
  0  0  1 0  0 0
 -1 -1 -1 0 -1 0
  1  1  1 0  1 1
  0  0  0 1  0 0
6	% 
 0 -1 0 -1  0 1
 1  0 0  0  0 0
 0  0 1  0  0 0
 0  0 0  1  0 0
 0  0 0  0  1 1
 0  0 0  0 -1 0
1,1,1;1,1;1 1 3
5 
#3 
6	% 
  0  2 0  0  1  0
 -1  1 0  0  0  0
  1 -2 0  0 -1  0
  0  1 0  0  0 -1
  0  0 0 -1 -1 -1
  0  0 1  0  0  0
6	% 
  2  2 0  1 0 -1
  1  1 0  0 0  0
 -2 -3 0 -1 0  1
  1  1 0  1 1  0
  0  0 0  0 1  0
  0  0 1  0 0  0
6	% 
  2  2 0  1  2  1
  1  1 0  0  0  0
 -2 -3 0 -1 -2 -1
  1  1 0  2  1  1
  0  0 0  1  0  0
  0  0 1  0  0  0
1,1;1,1;1;1 1 5
3 
#2 
6	% 
 0 0 1  2  0 -2
 1 0 0  0  0  0
 0 1 0  0  0  0
 0 0 0 -1  0  1
 0 0 0  0 -1 -1
 0 0 0  0  0 -1
6	% 
 0 0 1  0  2  0
 1 0 0  0  0  0
 0 1 0  0  0  0
 0 0 0  0 -1  0
 0 0 0 -1  0  0
 0 0 0  0  0 -1
1,1;1,1;1;1 1 11
3 
#2 
6	% 
 0  0 1  0  0  0
 0 -1 0  0  0  0
 1  1 0  0  0  0
 0  0 0  0  0 -1
 0  0 0  0  1  1
 0  0 0 -1 -1 -1
6	% 
 0  0 1  0  0  0
 0 -1 0  0  0  0
 1  1 0  0  0  0
 0  0 0  0  1  0
 0  0 0  0 -1 -1
 0  0 0 -1  0  0
1,1,1;1;1;1 1 3
3 
#2 
6	% 
 1 0 0  0 0  0
 0 1 0  2 0 -2
 0 0 1  0 0  0
 0 0 0  1 1  0
 0 0 0 -1 0  1
 0 0 0  1 0  0
6	% 
 -1  1 0 0  0 0
  1 -2 0 0 -1 0
  0  0 1 0  0 0
  0 -1 0 1  0 0
  0  2 0 0  1 0
  0 -1 0 0  0 1
1,1,1;1;1;1 1 11
3 
#2 
6	% 
 1  0 0  0  0  0
 0 -1 0 -1  0  1
 0  0 1  0  0  0
 0  0 0 -1 -1 -1
 1 -1 0 -1  0  0
 1 -1 0 -1 -1  0
6	% 
 1 0 0  0  0  0
 0 1 0  0  0  0
 0 0 1  0  0  0
 0 0 0  0  0 -1
 0 0 0 -1 -1 -1
 0 0 0  0 -1 -1
1,1,1;1;1;1 1 6
1 
#1 
6	% 
  0 -1 -1 0  0 0
 -1  0 -1 0  0 0
  1  1  1 0  0 0
  0  0  0 0 -1 0
  0  0  0 0  1 1
  0  0  0 1  1 0
1,1,1;1;1;1 1 14
1 
#1 
6	% 
  0 -1 -1 0  0  0
 -1  0 -1 0  0  0
  1  1  1 0  0  0
  0  0  0 0  0  1
  0  0  0 0 -1 -1
  0  0  0 1  1  1
1,1;1,1;1;1 1 2
5 
#3 
6	% 
 0  0 0 1  2 -1
 0 -1 0 0  0  0
 1  1 0 0  0  0
 0  0 1 0  0  0
 0  0 0 0 -1  1
 0  0 0 1  2  0
6	% 
 0  0 0 1  1  1
 0 -1 0 0  0  0
 1  1 0 0  0  0
 0  0 1 0  0  0
 0  0 0 0 -1 -1
 0  0 0 1  1  0
6	% 
 0  0 0 1 1 0
 0 -1 0 0 0 0
 1  1 0 0 0 0
 0  0 1 0 0 0
 0  0 0 0 0 1
 0  0 0 1 0 0
1,1;1;1;1;1 1 5
1 
#1 
6	% 
 0 -1 0 0  0 0
 1  1 0 0  0 0
 0  0 1 0  0 0
 0  0 0 0  1 1
 0  0 0 0 -1 0
 0  0 0 1  1 0
1,1;1;1;1;1 1 26
1 
#1 
6	% 
 0 -1 0 0 0 0
 1  1 0 0 0 0
 0  0 1 0 0 0
 0  0 0 0 0 1
 0  0 0 1 1 1
 0  0 0 0 1 1
