#8

1,1;1;1;1;1 1 46
1 
#1 
6	% 
 1 0 0 0 0 0
 0 1 0 0 0 0
 0 0 1 0 0 0
 0 0 0 1 0 0
 0 0 0 0 1 0
 0 0 0 0 0 1
1,1,1,1,1,1 1 1
1 
#1 
6	% 
 1 0 0 0 0 0
 0 1 0 0 0 0
 0 0 1 0 0 0
 0 0 0 1 0 0
 0 0 0 0 1 0
 0 0 0 0 0 1
1,1,1;1,1,1 1 3
3 
#1 
6	% 
 -1  0 -1 -1 -1  1
  0 -1 -1  0  0 -1
 -1  0  0  0  0  1
  1  0  0  1  0 -1
  1  0  1  0  0  0
 -1  0 -1  0 -1  0
1,1,1,1,1;1 1 1
1 
#1 
6	% 
  0 0  0  0 -1  0
 -1 0 -1  0 -1 -1
 -1 0  0 -1 -1 -1
  0 0 -1 -1  0 -1
  1 0  1  1  1  1
  0 1  0  0  0  0
1,1,1,1;1,1 1 3
3 
#1 
6	% 
  1 0 0  0 0  0
  1 1 1 -1 0  0
  0 0 0  0 1  0
 -1 0 0  1 0  0
  1 0 1  0 0  0
  0 0 0  0 0 -1
1,1;1,1;1;1 1 36
3 
#1 
6	% 
 0 1 0  0  0  0
 1 0 1 -1 -1 -1
 0 0 1  0  0  0
 0 0 0  0  0  1
 0 0 0  0 -1  0
 0 0 0 -1  0  0
1,1,1;1,1;1 1 8
3 
#1 
6	% 
  2 0  1  1  1 -1
  2 0  1  0  0 -1
 -5 0 -3 -1 -1  3
  1 0  0  1  0 -1
  1 0  1  0  0  0
  0 1  0  0  0  0
1,1,1;1;1;1 1 19
1 
#1 
6	% 
  1  1 0  0  0 0
  0  1 0  0  0 0
 -1 -1 0  0  0 1
  1  1 0  0 -1 0
  1  1 0 -1  0 0
  1  1 1  0  0 0
