#57

4-2;1;1 2 1
1 
#1 
6	% 
 1 0 0 0 0 0
 0 1 0 0 0 0
 0 0 1 0 0 0
 0 0 0 1 0 0
 0 0 0 0 1 0
 0 0 0 0 0 1
1,1,1,1,1,1 1 1
1 
#1 
6	% 
 1 0 0 0 0 0
 0 1 0 0 0 0
 0 0 1 0 0 0
 0 0 0 1 0 0
 0 0 0 0 1 0
 0 0 0 0 0 1
1,1,1,1;1,1 1 3
30 
#4 
6	% 
 0 0  0 -1 1  0
 0 0  0 -2 0 -1
 1 0  0  0 0  0
 0 1  0  1 0  1
 0 1  0 -2 0 -1
 1 0 -1  0 0  0
6	% 
  0  0  0  0 -1  0
  0  0  0  0 -1 -1
 -1 -1  0  0  0 -1
  1  0 -1  0  1  0
 -1  0  0  0 -1  0
  1  1 -1 -1  0  1
6	% 
  0  0  0  0  0 -1
  0  0  0  1 -1 -1
  0  1  0  0  0  0
  1 -1 -1  1  1  1
 -1  0  0  0 -1 -1
  0  1  0 -1  0  0
6	% 
  0  0  0  0 -1  1
  0 -1 -1  1 -1  0
  1  0 -1  1  0 -1
 -1  1  1 -2  1  0
 -1  0  0 -1 -1  0
  1 -1  0  1  0  1
1,1,1,1,1;1 1 2
6 
#1 
6	% 
  1  1  1  0  1  1
  1  1  1  1  0  1
  1  1  1  1  1  1
  1  1  1  0  0  2
 -1 -2 -1 -1 -1 -2
  1  1  2  1  1  2
1,1,1,1,1;1 1 1
2 
#1 
6	% 
  0  0  0 -1 0  0
 -1  0 -1 -1 0 -1
 -1 -1  0 -1 0 -1
  0 -1 -1  0 0 -1
  1  1  1  1 0  1
  0  0  0  0 1  0
1,1,1,1;1,1 1 1
1 
#1 
6	% 
  0 -1 -1 -1 0  0
 -1  0 -1 -1 0  0
 -1 -1  0 -1 0  0
  1  1  1  1 0  0
  0  0  0  0 0 -1
  0  0  0  0 1  1
2-1;1,1,1;1 1 8
18 
#2 
6	% 
  0  0 0  0 -1  0
  0  0 0  0 -1 -1
  1 -1 0  0  1  0
 -1  1 1 -1  1  0
  1  0 0  0 -1  0
 -1  0 1  0 -1  0
6	% 
  0  0  0 0  0 -1
  0  0  0 0 -1  0
  1 -1  0 0  1  1
  1 -1 -1 1  1  1
 -1  0  0 0 -1 -1
 -1  0  1 0 -1 -1
1,1,1;1,1,1 1 3
30 
#2 
6	% 
  2  2 -1 -1 1  0
  0  0  0 -1 0 -1
  1  1  0  0 0  1
 -2 -1  1  1 0  0
 -1 -1  1  1 0  1
  2  1 -1  0 0  0
6	% 
  2 -1 -1  2  0  1
  0  0 -2  1 -1  0
  0  0  1 -1  1  0
 -1  0  0  0  0 -1
  0  0  1  0  1  0
  1 -1 -1  1  0  1
1,1,1,1;1,1 1 2
12 
#1 
6	% 
  0  0  0 -1 0  0
 -1 -1 -1 -1 0 -1
  0  0  0 -1 0  1
  0  0  0  0 1  0
  1  1  0  1 0  0
 -1  0 -1 -1 0  0
1,1,1;1,1,1 1 2
6 
#1 
6	% 
  1 1  1  1 0 0
  0 0  0 -1 0 0
  0 0  0  0 0 1
  0 0  0  0 1 0
 -1 0 -1  0 0 0
  1 1  0  0 0 0
2-1;1,1;1,1 1 9
18 
#1 
6	% 
  0  0 0  0 1 0
  0  0 0  1 0 1
  1 -1 0  0 0 0
  1  0 0  0 0 0
 -1  1 1 -1 0 0
 -1  0 1  0 0 0
2-2',2-2';1,1 1 1
2 
#1 
6	% 
 -1  0 0 0 0  0
 -1  0 1 0 0  0
 -1 -1 1 1 0  0
  0  0 1 1 0  0
  0  0 0 0 0 -1
  0  0 0 0 1  1
2-2;1,1,1,1 1 2
2 
#1 
6	% 
  0  0  0  0  0  1
 -1  1  1  0 -1 -1
  0  1  1 -1  0  0
  0 -1 -1  0  1  0
 -1  1  2 -1 -1  0
  1 -2 -1  1  1  0
1,1,1;1;1;1 1 19
36 
#3 
6	% 
  0 0 0  0 0  1
  0 0 0  0 1  1
 -1 1 1 -1 0 -1
 -1 1 0  0 0  1
  1 0 0  0 0  1
 -1 0 1  0 0  1
6	% 
  0  0  0  0 0  1
  0  0  2 -1 1  1
  1 -1 -1  1 0 -1
  1 -1  0  0 0  1
 -1  0  1  0 0  1
  1  0  0  0 0  1
6	% 
  0  0  0 0 -1 -1
  0  0  0 0 -1  0
  1 -1 -1 1  1  1
 -1  0  0 0 -1 -1
 -1  1  0 0 -1 -1
 -1  0  1 0 -1 -1
1,1;1,1;1;1 1 36
108 
#4 
6	% 
  0  0  0  0 1 0
  0  0  4 -2 0 1
  1  0  0  0 0 0
  1 -1 -1  1 0 0
  1 -1  0  0 0 0
 -1  0  1  0 0 0
6	% 
  0  2  0 -1 1 0
  0  0  2 -1 0 1
 -1  0  1  0 0 0
  1 -1 -1  1 0 0
  1  0  0  0 0 0
  1 -1  0  0 0 0
6	% 
  0 0 0  0 0 1
  0 0 0  0 1 0
 -1 1 0  0 0 0
  1 0 0  0 0 0
 -1 1 1 -1 0 0
 -1 0 1  0 0 0
6	% 
  0  0  0  0 -1 0
  0  0  2 -1  0 1
  1 -1  0  0  1 0
  1  0 -1  0  1 0
 -1  1  1 -1 -1 0
  1  0  0  0  1 0
1,1;1,1;1,1 1 5
15 
#2 
6	% 
  0  0  0  0  1 1
  0  0  0  0 -1 0
 -1 -2  1  1  0 0
  1  1 -1 -1  0 0
 -1 -2  0  1  0 0
  1  1  0  0  0 0
6	% 
  0  0  0  0 1 0
  0  0  0  0 0 1
  0  0  1 -1 0 0
  1 -1 -1  2 0 0
  0  0  1  0 0 0
 -1  0  0 -1 0 0
1,1,1;1,1;1 1 8
60 
#4 
6	% 
  0 0 -1 1 0 0
  0 0 -1 0 0 0
  0 0  3 0 0 1
  1 1 -1 0 0 0
 -1 0  0 0 0 0
  0 0  0 0 1 0
6	% 
 0  0 -2  1 0 0
 0 -1 -3  2 0 0
 0  1  7 -4 0 1
 0  0 -1  0 0 0
 1 -1 -2  2 0 0
 0  0  0  0 1 0
6	% 
 -2  1  1 -4 0 0
 -2  1  1 -3 0 0
  6 -3 -3 10 0 1
 -1  1  0 -2 0 0
 -1  1  1 -2 0 0
  0  0  0  0 1 0
6	% 
  0  0  2 -1 0  2
 -2  1  0  0 0  0
  4 -2 -2  1 0 -3
  0 -1  1 -1 0  1
 -1  1  0  0 0  0
  0  0  0  0 1  0
2-2;2-2;1,1 1 5
6 
#1 
6	% 
  0  0  0  0 0 -1
  0  0  0  0 1  1
  0  1  0 -1 0  0
  1  0 -1  0 0  0
  0 -1  0  0 0  0
 -1  0  0  0 0  0
2-2,2-2;1,1 1 1
2 
#1 
6	% 
 -8 -5  0  0 0 0
 -8 -5  8  5 0 0
  5  3  0  0 0 0
  5  3 -5 -3 0 0
  0  0  0  0 1 0
  0  0  0  0 0 1
1,1,1;1,1;1 1 9
18 
#1 
6	% 
  0 -1 -1  1  0 0
  0  0  0  0  1 1
  0  1  1 -1 -1 0
 -1  0  0 -1  0 0
  1 -1  0  1  0 0
  0 -1  1  0  0 0
1,1,1;1,1;1 1 7
36 
#1 
6	% 
  2 -1 -1  4 0  2
  2 -1 -1  3 0  2
 -4  2  2 -6 0 -5
  1 -1 -1  2 0  1
  0  0  0  0 1  0
  1 -1  0  2 0  1
1,1,1,1;1;1 1 5
9 
#1 
6	% 
  0  0 0  0 -1  0
  0  0 0  1 -1 -1
 -1  0 1 -1 -1 -1
  1  0 0  0  2  1
 -1  1 1 -1 -2 -1
  1 -1 0  1  1  1
2-2;1,1,1;1 1 5
6 
#1 
6	% 
  0 0  0  0  1  0
  1 0 -1  1  0  1
 -1 1  0 -1  0 -1
 -1 0  0 -1 -1 -1
 -2 1  1 -1 -1 -1
 -1 1  1 -2 -1 -1
1,1,1;1,1;1 1 2
6 
#1 
6	% 
  2  1  1 0 0  0
  1  0  0 0 0  0
 -3 -1 -1 1 0  0
  0  0  0 0 0 -1
  0  0  0 0 1  1
  1  1  0 0 0  0
1,1,1,1;1;1 1 2
12 
#1 
6	% 
 1  0 0 0 0 0
 0  0 0 0 0 1
 0  0 0 1 0 0
 0  0 0 0 1 0
 0  0 1 0 0 0
 0 -1 0 0 0 0
1,1,1;1,1;1 1 3
12 
#1 
6	% 
  0 -1  1 1 0  0
  1  0 -1 0 0  0
 -1  1  0 0 0  0
  0  0  1 0 0  0
  0  0  0 0 0 -1
  0  0  0 0 1  0
2-2',2-2';1;1 1 1
2 
#1 
6	% 
  0 -1 1 1 0 0
 -1 -1 1 0 0 0
  0  0 1 0 0 0
 -1  0 1 0 0 0
  0  0 0 0 1 0
  0  0 0 0 0 1
2-2;1,1,1;1 1 3
4 
#1 
6	% 
 0 0  0  0 0 1
 1 0 -1  1 0 0
 0 0  0  0 1 0
 1 0 -1  0 0 0
 0 0  1 -1 0 0
 0 1  0  0 0 0
1,1,1,1;1;1 1 1
1 
#1 
6	% 
  0 -1 -1 -1 0 0
 -1  0 -1 -1 0 0
 -1 -1  0 -1 0 0
  1  1  1  1 0 0
  0  0  0  0 1 0
  0  0  0  0 0 1
1,1;1,1;1;1 1 23
15 
#2 
6	% 
  0  0  0  0 0 1
  0  0  0  0 1 0
  0  0  1 -1 0 0
  1 -1 -1  2 0 0
  0  0  1  0 0 0
 -1  0  0 -1 0 0
6	% 
  0  0  0  0 1 0
  0  0  0  0 0 1
 -1  1 -2  1 0 0
  1 -1  1 -1 0 0
 -1  0 -2  1 0 0
  1  0  1  0 0 0
1,1,1;1;1;1 1 2
6 
#1 
6	% 
 -1  0  1  1 0 0
  1  1 -2 -1 0 0
  0  0  0  0 1 0
  0  0  0  0 0 1
  0 -1  0  1 0 0
  0  0 -1  0 0 0
2-2;1,1;1,1 1 3
2 
#1 
6	% 
 -1  0  1 -1 0  0
  0  0  0  0 0 -1
  0  0  0  0 1  1
 -1  0  1  0 0  0
  0  0 -1  1 0  0
  0 -1  0  0 0  0
2-1;1,1;1;1 1 26
9 
#1 
6	% 
  0 0  0  0  1 1
  0 0  0  0 -1 0
 -1 1  0  0  0 0
 -1 1  1 -1  0 0
  1 0  0  0  0 0
  1 0 -1  0  0 0
2-1;1,1;1;1 1 24
36 
#2 
6	% 
  0  0  0 0 0  1
  0  0  0 0 1  0
  1 -1 -1 1 0  1
 -1  0  0 0 0 -1
 -1  1  0 0 0  1
  1  0 -1 0 0 -1
6	% 
  0 0  0  0 1 0
  0 0  0  0 0 1
 -1 1  1 -1 0 0
  1 0  0  0 0 0
 -1 1  0  0 0 0
  1 0 -1  0 0 0
4-2;1,1 2 1
1 
#1 
6	% 
 0 1  0 -1 0  0
 1 0 -1  0 0  0
 0 1  0  0 0  0
 1 0  0  0 0  0
 0 0  0  0 0 -1
 0 0  0  0 1  1
2-2;2-2;1;1 1 9
6 
#1 
6	% 
  0  0 0 0 1 0
  0  0 0 0 0 1
  0 -1 0 1 0 0
 -1  0 1 0 0 0
  0 -1 0 0 0 0
 -1  0 0 0 0 0
2-2,2-2;1;1 1 1
2 
#1 
6	% 
 0 -1  0  0 0 0
 0 -1  0  1 0 0
 1  2  0  0 0 0
 1  2 -1 -2 0 0
 0  0  0  0 1 0
 0  0  0  0 0 1
1,1;1,1;1;1 1 16
36 
#1 
6	% 
  0  1  1 -1 0  1
  0  0  0  0 1  0
 -1  0  1 -2 0  0
  1 -1 -1  3 0 -1
  1 -1  0  2 0  0
  1  0  0  2 0  1
1,1;1,1;1,1 1 4
18 
#1 
6	% 
  0  0  0  0 1  0
  0  1  1 -1 0  1
 -1  0  0 -1 0 -1
  1  0 -1  1 0  0
  1 -1  0  1 0  0
 -1  1  1 -2 0  1
1,1,1;1;1;1 1 7
18 
#1 
6	% 
  0  0  0  1 0 -1
  0  0  0  0 1  0
 -1  0  1 -1 0 -1
  1 -1 -1  1 0  1
  1 -1  0  1 0  1
 -1  0  0  0 0 -1
2-2;1,1;1,1 1 4
12 
#1 
6	% 
  0 -1  1  0 -1  0
  1  0 -1  1  0  1
 -1  1  0 -1  0 -1
 -1  0  0 -1  0 -1
 -2  1  1 -1  0 -1
 -1  1  1 -2  0 -1
1,1;1,1;1;1 1 9
9 
#1 
6	% 
  0  0  0  0  1 1
  0  0  0  0 -1 0
  1 -1 -1  2  0 0
 -1  0  1 -2  0 0
 -1  0  0 -1  0 0
  1 -1  0  2  0 0
2-2;1,1,1;1 1 6
6 
#1 
6	% 
  0  0 0  0  1  0
  0  0 0  0  0  1
  1  0 0  0  0  0
  0  1 0 -1  1  1
 -1  1 1 -1  0  0
  0 -1 0  0 -1 -1
2-1;1;1;1;1 1 22
9 
#1 
6	% 
  0 0  0  0 1 0
  0 0  0  0 0 1
 -1 1  0  0 0 0
 -1 1  1 -1 0 0
  1 0  0  0 0 0
  1 0 -1  0 0 0
2-2,2-2;1,1 2 1
6 
#1 
6	% 
  1 -2 -1  1 0  0
 -1 -1  0  1 0  0
  1  0  0 -1 0  0
  1 -1 -1  0 0  0
  0  0  0  0 0 -1
  0  0  0  0 1  1
2-2,2-2;1;1 2 1
6 
#1 
6	% 
  2 -1 -1  0 0 0
  1  1  0 -1 0 0
  0  1  1 -1 0 0
 -1  1  1  0 0 0
  0  0  0  0 1 0
  0  0  0  0 0 1
2-2;2-2;1,1 1 2
1 
#1 
6	% 
  0  0 0  0 0 -1
  0  0 0  0 1  1
 -1  1 0  0 0  0
  1 -1 0  1 0  0
 -1  1 1 -1 0  0
  1  0 0  0 0  0
1,1;1;1;1;1 1 48
9 
#1 
6	% 
  0  0  0 0  1 1
  0  0  0 0 -1 0
  1 -1 -1 1  0 0
 -1  1  0 0  0 0
 -1  0  0 0  0 0
 -1  0  1 0  0 0
1,1;1;1;1;1 1 46
72 
#3 
6	% 
  0 0 0  0 0  1
  0 0 0  0 1  0
 -1 1 1 -1 0 -1
 -1 1 0  0 0  1
 -1 0 1  0 0  1
  1 0 0  0 0  1
6	% 
  0  0 -2 1 0 -1
  0  0  0 0 1  0
  1 -1  1 0 0  1
  1 -1 -2 1 0 -1
  1  0 -2 1 0 -1
 -1  0 -1 1 0 -1
6	% 
  0  0  0 0 0 1
  0  0  0 0 1 0
  1 -1 -1 1 0 0
 -1  0  0 0 0 0
 -1  0  1 0 0 0
 -1  1  0 0 0 0
1;1;1;1;1;1 1 30
9 
#1 
6	% 
  0 0 0  0 1 0
  0 0 0  0 0 1
 -1 1 1 -1 0 0
 -1 0 0  0 0 0
 -1 0 1  0 0 0
 -1 1 0  0 0 0
2-2;1,1;1;1 1 12
6 
#1 
6	% 
  0 0 0  0 1 0
  0 0 0  0 0 1
  0 0 1 -1 0 0
  1 0 0  0 0 0
  0 0 0 -1 0 0
 -1 1 0  0 0 0
1,1;1;1;1;1 1 11
9 
#1 
6	% 
  0 0  0  0 0 1
  0 0  0  0 1 0
 -1 1  1 -2 0 0
  1 0 -1  2 0 0
 -1 1  0 -2 0 0
  1 0  0  1 0 0
2-2;1,1;1;1 1 7
12 
#1 
6	% 
  0  0  0  0 1  0
 -1  1  0 -1 0 -1
  1  0 -1  1 0  1
  1 -1 -1  1 0  1
  0  0  0  1 0  1
  1  0  0  0 0  1
2-2;1,1;1;1 1 10
12 
#1 
6	% 
 0 -1  1  0 0 -1
 0  0  0  0 1  0
 0  0  0 -1 0  0
 1 -1  0  0 0  0
 1 -1 -1  1 0  0
 0  1  0  0 0  0
2-2;1,1;1;1 1 5
2 
#1 
6	% 
 -1 0  1 -1 0 0
  0 0  0  0 1 0
  0 0  0  0 0 1
  2 0 -2  1 0 0
 -1 0  2 -2 0 0
  1 1 -1  1 0 0
2-2;2-2;1;1 1 4
1 
#1 
6	% 
  0  0 0  0 1 0
  0  0 0  0 0 1
 -1  1 0  0 0 0
  1 -1 0  1 0 0
 -1  1 1 -1 0 0
  1  0 0  0 0 0
2-2;1;1;1;1 1 6
6 
#1 
6	% 
  0  0 0  0 1 0
  0  0 0  0 0 1
 -1  1 1 -1 0 0
  0 -1 0  0 0 0
  0  0 0 -1 0 0
 -1  1 0  0 0 0
