#57

5-2;1 3 1
1 
#1 
6	% 
 1 0 0 0 0 0
 0 1 0 0 0 0
 0 0 1 0 0 0
 0 0 0 1 0 0
 0 0 0 0 1 0
 0 0 0 0 0 1
1,1,1,1,1,1 1 1
1 
#1 
6	% 
 1 0 0 0 0 0
 0 1 0 0 0 0
 0 0 1 0 0 0
 0 0 0 1 0 0
 0 0 0 0 1 0
 0 0 0 0 0 1
1,1,1,1,1;1 1 2
15 
#1 
6	% 
 -1 -1  0  1  0  0
 -1 -1 -1  0  0  0
 -1 -1  0  1  0  1
 -1  0 -1 -1  1  0
  1  0  1  0 -1 -1
 -1 -1 -1  0  1  1
1,1,1,1,1;1 1 1
1 
#1 
6	% 
  0  0  0 -1  0 0
 -1  0 -1 -1 -1 0
 -1 -1  0 -1 -1 0
  0 -1 -1  0 -1 0
  1  1  1  1  1 0
  0  0  0  0  0 1
2-1;1,1,1;1 1 8
90 
#2 
6	% 
 -2 -2  1  1 1 -1
  0  0  0  0 0  1
  1  1 -1 -1 0  0
  1  1  0  0 0  0
 -1 -1  0  1 1  0
 -1  0  1  0 1  0
6	% 
  0  0 -2 0  0 -1
  0  0 -1 0  0 -1
  1  0  1 0  0  1
 -1 -1  2 1  0  1
  1  0 -2 0 -1 -1
 -1  0 -1 1  1 -1
1,1,1,1;1,1 1 2
15 
#1 
6	% 
  0  0 -1 -1 0 0
 -1 -1 -1  0 0 0
  0  1  0 -1 1 0
  0  2  0  0 0 1
  1  0  1  1 0 0
 -1 -1 -1 -1 0 0
1,1,1,1;1,1 1 3
60 
#2 
6	% 
 1  2  2 -1  0  2
 0 -1  0  1 -1  1
 0 -1 -1  1  0 -1
 0  0  0 -1  0 -1
 0 -1  0  0 -1  1
 0  1  1  0  1  1
6	% 
  0  1 -1  0 0  0
  0  2  0  0 0  1
  1  0  0 -1 0  0
 -1 -1  0  0 1 -1
 -1  1  1  1 1  1
  1  1 -1  0 0  0
2-1;1,1;1,1 1 9
90 
#2 
6	% 
  0  0  0  0  0 1
  0 -1 -1  0  0 0
  1  1  0 -1  0 0
  1  0 -1 -1 -1 0
 -1  0  1  0  0 0
 -1  0  0  0  1 0
6	% 
  0  0  0  0  0 1
 -2 -3  1  1  1 0
  1  1  0  0 -1 0
 -1 -1  1  0  0 0
  1  1 -1 -1 -1 0
 -1 -2  0  1  0 0
1,1,1;1,1,1 1 3
60 
#2 
6	% 
  0  0  0  0  0 1
 -3 -3 -2  2  1 0
  2  2  1 -1 -1 0
 -1 -1  0  1  1 0
  2  1  1 -1 -1 0
 -1  0  0  0  0 0
6	% 
  0 -1  0 -1  0  0
 -2  0  1  1  2 -1
  2  1 -1 -1 -1  1
 -1  0  1  1  1  0
  2  0 -1 -1 -1  1
 -1  0  0  0  1  0
2-2',2-2';1,1 1 2
20 
#1 
6	% 
 0  0  0  0  0  1
 1 -1  0 -2 -2  0
 1 -3 -1  1 -2  0
 0 -1  0  0 -1 -1
 0  0  0 -1  0  1
 0  1  0 -1  0 -1
2-2;1,1,1,1 1 2
20 
#1 
6	% 
  1  0 0 -1 0 0
  0  0 0  0 1 0
  0  0 0  0 0 1
  0  0 0 -1 0 0
 -1 -1 0  1 0 0
  0  0 1  0 0 0
1,1,1;1,1;1 1 11
90 
#2 
6	% 
  4  1 -2 -2 -2  2
  2  0 -2 -1 -1  2
 -8 -1  6  4  4 -5
  2  0 -1 -1 -2  1
  1  0 -1 -1 -1  1
  2  1 -1 -1 -1  1
6	% 
 0  3  2  0  4  2
 0  1  1  0  1  2
 0 -5 -4  0 -6 -5
 0  1  1  1  2  1
 1  1  0 -1  0  1
 0  2  1  0  2  1
2-2;1,1,1;1 1 5
60 
#1 
6	% 
  1  0 -1  0  0  1
 -2  0  3 -1 -1  0
  2 -1 -3  1  1  0
  2 -1 -4  1  1 -1
  2  0 -3  1  2 -1
  2 -1 -3  2  1 -1
1,1,1;1,1;1 1 7
90 
#1 
6	% 
 -2 -1  2  2  0 0
 -2 -1  1  2  1 0
  5  2 -2 -4 -3 0
 -1  0  1  1  1 0
  0  1  1  0  1 1
 -1 -1  1  1  0 0
1,1,1,1;1;1 1 5
45 
#1 
6	% 
 0  0  1  0 -1  1
 1  0  2  0 -3  1
 0 -1  1  1 -1  0
 0  0 -3 -1  2 -1
 0 -1  2  1 -3  1
 0  0 -1 -1  1  0
1,1,1,1;1;1 1 2
15 
#1 
6	% 
  0  1 0 -1  1 0
 -1  0 0  0  1 0
 -1  1 1 -1  1 0
  0  0 0  0  0 1
  1 -1 0  1 -1 0
 -1  0 0 -1  1 0
1,1,1;1,1;1 1 8
60 
#2 
6	% 
  0 -1  0  0  0 0
  2  0  2 -1 -1 0
 -2  2 -3  1  1 0
  0 -1  0  0 -1 0
  1  0  1  0  0 0
  0  0  0  0  0 1
6	% 
  0  1  1 0  1 0
  0  2  1 0  1 0
  0 -4 -4 0 -3 0
 -1  0  1 1  1 0
  1  1  0 0  0 0
  0  0  0 0  0 1
2-2;1,1,1;1 1 3
20 
#1 
6	% 
  0  1  0 0  0 0
  1 -1 -1 0  0 0
  0  0  0 0  0 1
 -1  0  0 0  0 0
  1 -1 -1 0 -1 0
 -1  0  1 1  0 0
2-2',2-2';1;1 1 3
20 
#1 
6	% 
 0  0  0  0  0 1
 1 -1  0  0 -2 0
 0 -1  1  1  0 0
 0  0  1  0  0 0
 0 -1  0  0 -1 0
 1  0 -1 -1 -1 0
4-3';1;1 1 3
36 
#1 
6	% 
  0 0 0 0  0 1
  0 0 1 0  0 0
  0 0 0 0 -1 0
  0 0 0 1  0 0
  0 1 1 0  0 0
 -1 0 1 1  1 0
3;1,1,1 1 3
15 
#1 
6	% 
 -2 -1  1  1  1 -1
  0  0  0  0  0  1
 -1  0  1  0  0  0
 -1 -1  0  1  0  0
  1  0  0  0 -1  0
  1  0 -1 -1 -1  0
2-1;1,1;1;1 1 24
90 
#2 
6	% 
 -2 -4  1  1  1 0
  0  0  0  0  0 1
 -1 -2  0  0  0 0
  1  2  0 -1 -1 0
 -1 -2  1  1  0 0
  1  1 -1  0 -1 0
6	% 
  0 0  1  0  0 0
  0 0  0  0  0 1
 -1 0  1  0  0 0
  1 0 -1 -1 -1 0
  1 1  0 -1  0 0
 -1 0  0  0  1 0
2-1;1,1;1;1 1 34
45 
#1 
6	% 
  0 0 0  0  0 1
  1 1 0 -1  0 0
 -1 0 1  0  0 0
  0 0 0  0 -1 0
  1 0 0  0 -1 0
 -1 0 1  1  0 0
2-1;1,1;1;1 1 33
90 
#2 
6	% 
  0  0  0  0  0 -1
  1  0 -1  0  0  1
 -1 -1  0  1  0 -1
  1  0  0  0 -1  1
  2  1 -1 -1 -1  2
  1  0 -1 -1 -1  1
6	% 
  0 -2 -4  0  0 -1
  1  2  3  0  0  1
  1 -2 -4  0 -1 -1
 -1  1  4  1  0  1
  0  4  7  0  0  2
  1  2  3 -1 -1  1
1,1;1,1;1,1 1 9
45 
#1 
6	% 
  0  2  0  0  0 1
 -1 -1 -1  1  1 0
 -1 -1 -1  0  0 0
  0 -1 -1 -1 -2 0
  0 -1  0 -1 -2 0
  0  1  1  0  0 0
1,1;1,1;1;1 1 33
45 
#1 
6	% 
  0  0  0  0  0 1
 -1  1  1  0  2 0
  1  1  0  0  1 0
  0 -1  0  1  0 0
  0  1  1  0  2 0
  0 -1 -1 -1 -2 0
2-2;1,1;1,1 1 4
60 
#1 
6	% 
  0 0  0  0  0 1
  2 0 -3  1  1 0
 -2 1  3 -1 -1 0
 -1 0  1 -1 -1 0
 -1 1  2 -1  0 0
 -1 0  2  0 -1 0
1,1,1;1;1;1 1 7
45 
#1 
6	% 
 -1  0  0  0 1 0
  0  0  0  0 0 1
  0  0  1  1 0 0
  1  0 -1 -1 0 0
  0  1  0 -1 1 0
 -1 -1  1  1 0 0
1,1,1;1;1;1 1 17
15 
#1 
6	% 
  0  0  0  0  0 -1
  2  2  1 -1 -1  3
 -1 -1  0  1  0 -1
 -1 -1 -1  0  0 -2
  1  1  0  0  0  1
 -1  0  0  0  1 -1
4-3';1,1 1 2
36 
#1 
6	% 
 0  0  0  0  0 1
 0  0  1  0  0 0
 0 -1  0  1  0 0
 1  1  0 -1  0 0
 0  0  0  0 -1 0
 0 -1 -1  0  0 0
1,1;1,1;1;1 1 27
45 
#1 
6	% 
  0 0  0  0  0 1
  1 0 -1 -1 -1 0
 -2 0  3  1  1 0
 -1 1  2  0  1 1
  2 0 -3 -2 -1 1
 -2 1  3  1  1 0
2-2,2-2;1,1 1 2
60 
#1 
6	% 
 0 0  0  0  0 1
 0 0 -1  0  1 0
 0 0 -1 -1  0 0
 0 1  0  0  1 0
 0 0  0  1  0 0
 1 0  0  0 -1 0
1,1,1;1;1;1 1 19
60 
#2 
6	% 
 1 -1 -2  0 -1  0
 0  0  0  0  0 -1
 0  0  1  0  0  0
 1  0 -1 -1 -1  0
 1  0 -1  0  0  0
 0 -1 -1  0  0  0
6	% 
 1  0  0 0 -1 0
 1  0  0 0 -1 1
 0  0 -1 0  1 0
 1  0 -1 0 -1 0
 0  0  1 1  0 0
 1 -1 -1 0 -1 0
1,1;1,1;1;1 1 36
180 
#3 
6	% 
 0  0  0  0  0 1
 1  0  0  0 -1 0
 1  0 -1  0  0 0
 0 -1 -1  0  0 0
 0  0  1  0  0 0
 1  0 -1 -1 -1 0
6	% 
 2  1  0 -1 -1 1
 1 -1 -2  0 -1 0
 1  0 -1 -1 -1 0
 0  1  1  0  0 0
 0  0 -1  0  0 0
 1  0 -1  0  0 0
6	% 
  1  0  0  0 -1 0
  0  1  0 -1 -1 1
  0  0 -1  0  0 0
  0 -1 -1  0  0 0
  1  0 -1 -1 -1 0
 -1  0  1  0  0 0
2-1;1;1;1;1 1 33
45 
#1 
6	% 
  0 0  0  0  0 1
  1 1  0 -1  0 0
  1 0 -1  0  0 0
 -1 0  0  0  1 0
  0 1  1  0  0 0
  1 1  0 -1 -1 0
4-2;1;1 1 3
10 
#1 
6	% 
 0  0  0  0  0 1
 1  1  0 -1  0 0
 0  1  0 -1  1 0
 1  1 -1 -1  0 0
 0 -1  0  0 -1 0
 0  1  0 -1  0 0
2-2,2-2;1;1 1 3
60 
#1 
6	% 
  0  0  0  0  0 1
 -1  1  2  0  0 0
 -1  0  2  1  1 0
 -1  1  1  0  0 0
  1  1 -1 -1 -1 0
  1 -1 -2  0 -1 0
4-2;1,1 1 2
10 
#1 
6	% 
  0  1 1 0  0 1
 -1 -1 0 1  0 0
  0 -1 0 1 -1 0
 -1 -1 1 1  0 0
  0  1 0 0  1 0
  0 -1 0 1  0 0
2-2;2-2;1;1 1 10
60 
#1 
6	% 
 0 0  0  0 0 1
 1 0 -1 -1 0 0
 0 0 -1  0 1 0
 0 0  0  0 1 0
 0 1  1  0 0 0
 1 0 -1  0 0 0
2-2,2-2;1;1 2 3
20 
#1 
6	% 
 0  0  0  0  0 1
 1  0 -1 -1 -2 0
 0  1 -1 -1  0 0
 0 -1  0  1  0 0
 0  0  0  0  1 0
 0  1  0  0  1 0
2-2,2-2;1,1 2 2
20 
#1 
6	% 
  0  0  0  0  0 1
 -1 -1  1  0 -1 0
  0  0  1 -1  0 0
  0  0 -3  2  0 0
  3  2 -3  0  2 0
  3  3  0 -3  2 0
2-2;2-2;1,1 1 6
60 
#1 
6	% 
  0 0  0  0  0 1
  0 1  0 -1  0 0
  1 0 -1  0  0 0
  0 0  0  0 -1 0
 -1 0  0  0  0 0
  0 0  0  1  1 0
2-2;2-2;1,1 1 4
10 
#1 
6	% 
  0  0  0  0 1 1
  0  1  0  0 1 0
  1  1 -1 -1 0 0
  1  1  0  0 0 0
 -1 -1  0  1 0 0
  1  0 -1  0 0 0
3;2-2;1 3 2
15 
#1 
6	% 
 0  0  0  0  0 1
 1  1  0 -1  0 0
 0 -1 -1  0 -1 0
 0  0  1  1  0 0
 0 -1  0  0 -1 0
 0 -2 -1  0 -1 0
1,1;1;1;1;1 1 55
60 
#2 
6	% 
  0  2 4 0 0 1
  0  1 1 0 0 0
 -1  0 0 0 1 0
 -1  0 1 0 0 0
 -1 -1 0 1 0 0
 -1  0 1 1 1 0
6	% 
 -4 -1 2  2  2 -1
 -2  0 1  1  1  0
  1  1 0 -1  0  0
 -1  0 1  0  0  0
  1  0 0  0 -1  0
 -1  0 1  1  1  0
1,1;1;1;1;1 1 36
15 
#1 
6	% 
  0  0  0  0  0 1
  0  1  0 -1  0 0
  1  2  1 -1  0 0
 -1 -1 -1  1  1 0
  1  0  0  0 -1 0
 -1 -1  0  1  0 0
3;1,1;1 1 10
15 
#1 
6	% 
  0  0  0  0  0 -1
  0  1  0  0  1  0
 -1  0  1  0  0 -1
 -1 -1  0  1  0 -1
 -1  0  0  0  1 -1
  1  0 -1 -1 -1  1
2-2;1,1;1;1 1 7
60 
#1 
6	% 
  0  0  0  0  0 1
  2 -1 -3  1  1 0
 -2  0  3 -1 -1 0
 -1  0  1 -1 -1 0
 -1  1  2 -1  0 0
 -1  0  2  0 -1 0
4-3;1,1 1 2
6 
#1 
6	% 
 -1 -1 -1  2  2 -2
  0  0  0 -1 -1  1
 -1  0  0  1  1 -1
  0 -1 -1  1  0 -1
 -1 -1  0  1  1 -1
  0  0  1  0 -1  1
1,1;1;1;1;1 1 46
60 
#2 
6	% 
  2  2 -1 -1 -1 0
  0  0  0  0  0 1
 -1 -1  1  1  1 0
  1  2  0 -1  0 0
  1  1 -1  0  0 0
  1  1  0  0 -1 0
6	% 
  0 0 -1  0  0 0
  0 0  0  0  0 1
  1 0  0  0  0 0
 -1 0  0  1  1 0
  1 0 -1  0 -1 0
  1 1 -1 -1  0 0
3;1,1;1 1 6
15 
#1 
6	% 
  2  2 -1 -1 -1 0
  0  0  0  0  0 1
  1  1 -1 -1 -1 0
  1  1  0  0 -1 0
 -1 -2  0  1  0 0
 -1 -1  1  0  0 0
2-2;2-2;1;1 1 5
10 
#1 
6	% 
 0 0  0  0  0 1
 0 1  1  0  0 0
 0 1  1  0  1 0
 0 0  1  1  0 0
 1 0 -1 -1 -1 0
 0 0  1  0  0 0
4-3;1;1 1 4
6 
#1 
6	% 
  0  0  0  0  0 1
  0 -1  0  1  0 0
  0  0 -1  0  0 0
  1  0 -1 -1 -1 0
  1  1  0 -1 -1 0
 -1 -1  1  1  0 0
3;1,1;1 1 14
15 
#1 
6	% 
 0 -1 -1  0 -1 0
 0  0 -1 -1  0 0
 0  0  0 -1 -1 0
 0  0 -1 -1 -1 1
 0  0  0  0  0 1
 1  0 -1 -1 -1 0
1;1;1;1;1;1 1 39
15 
#1 
6	% 
  0 0  0  0 0 1
  0 0  0  1 0 0
  1 0 -1  0 0 0
  1 1  0 -1 0 0
 -1 0  0  0 1 0
 -1 0  1  1 1 0
1,1;1;1;1;1 1 56
15 
#1 
6	% 
  0  0  0  0  0 1
  0 -1  0  0 -1 0
 -1  0  1  0  0 0
  1  0  0  0 -1 0
  1  1  0 -1  0 0
  1  0 -1 -1 -1 0
3;1;1;1 1 15
15 
#1 
6	% 
  0 0  0  0  0 1
  0 0 -1  0  0 0
  1 1  0 -1  0 0
  1 0  0  0 -1 0
  1 0 -1  0  0 0
 -1 0  1  1  1 0
