#38

3;2-2;1 3 2
1 
#1 
6	% 
 1 0 0 0 0 0
 0 1 0 0 0 0
 0 0 1 0 0 0
 0 0 0 1 0 0
 0 0 0 0 1 0
 0 0 0 0 0 1
1,1,1,1,1,1 1 1
1 
#1 
6	% 
 1 0 0 0 0 0
 0 1 0 0 0 0
 0 0 1 0 0 0
 0 0 0 1 0 0
 0 0 0 0 1 0
 0 0 0 0 0 1
1,1,1;1,1,1 1 3
16 
#4 
6	% 
  1  0  0  0  0 -1
  0 -1 -1 -1  0  0
  1  0  0  1 -1 -1
 -1  0  1  0  2 -1
 -1  1  0  0  0  2
  1  0  1  0  2 -2
6	% 
  3 1  2  1 -1  0
  0 0  0 -1  1 -1
  1 0  0  0 -1  1
 -2 0 -1  0  0  0
 -1 0  0  0  1  0
  2 1  1  1 -1  0
6	% 
 -1  1  0  0  1 -1
  0 -1 -1  1 -2  1
  0  1  1  0  2 -1
  1 -1  0  0  0  0
  0  0  1 -1  1 -1
 -1  0  0  0  1 -1
6	% 
 -1 -1  0 -1  3 -2
  0  0 -1 -1  1 -1
  0  0  1  0  0  0
  1  0  0  0 -2  1
  0  0  1  1 -2  1
 -1 -1  0 -1  1 -1
1,1,1,1,1;1 1 1
1 
#1 
6	% 
 0  0  0  0 -1  0
 0 -1 -1  0 -1 -1
 0 -1  0 -1 -1 -1
 0  0 -1 -1  0 -1
 0  1  1  1  1  1
 1  0  0  0  0  0
1,1,1,1;1,1 1 3
16 
#4 
6	% 
 -1  1  0  1 -1  0
  0  0  0  1 -1  1
  1  0  0  0 -1  1
  0 -1 -1 -1  2 -1
  0  0 -1  0  1  0
 -1  0  0  0 -1  0
6	% 
  1  0  1  0  1 -1
  1 -1  2 -1  3 -3
  0  0  0  1  0  0
 -1  1 -1  0 -1  1
  1  0  1 -1  2 -2
  0 -1  0  0 -1  0
6	% 
 -2  0 -1  0  1  0
 -1  0 -1  1  1  0
  1  0  0  1 -1  1
  1  0  1 -2  2 -2
 -1 -1 -1  0  3 -2
 -1  0  0  0 -1  1
6	% 
  1  1 0  0 -1  0
  2  0 1  1 -1  1
  0  0 0  1  1  0
 -1  0 0 -2  0 -1
  1 -1 0 -1 -1  1
  0  1 0  1  0  0
2-1;1,1,1;1 1 8
6 
#2 
6	% 
  1  0  0  0  0  0
 -1  0 -1 -1  1 -1
  0  0  0 -1  1 -1
  0  0  0  0 -1  0
  0  0  0  0 -1  1
  0 -1  0  0  0  0
6	% 
  1  0  0  0  0  0
 -1 -1 -1  0  0  0
  0  0  1  0  0  0
  0  1  1  0 -1  0
  0 -1 -1  0 -1  1
  0 -1 -1 -1  1 -1
2-1;1,1;1,1 1 9
6 
#2 
6	% 
 1  0 0  0  0  0
 0 -1 1  2 -2  3
 0  0 0 -1  1 -1
 0  0 0  0 -1  1
 0  0 0  0 -1  0
 0 -1 0  0  0  0
6	% 
 0  1 1  0 0  0
 1  1 0 -1 1 -2
 0 -1 0  0 0  0
 0  0 0  0 1 -1
 0  0 0  0 1  0
 0  0 0 -1 1 -1
1,1,1,1,1;1 1 2
3 
#1 
6	% 
 -1 0 -1 -1 -1 -1
 -2 0 -1 -1 -1 -1
 -1 1 -2 -3 -2  0
 -2 0 -1 -1  0 -1
  2 0  2  3  1  2
 -2 1 -2 -2 -2 -1
1,1,1,1;1,1 1 2
3 
#1 
6	% 
  0 -1 1  2 1 -1
  0  0 0  0 0  1
  0 -1 0  1 0 -2
  1  0 0  0 0  0
 -1  0 0 -1 0  0
 -1 -1 0  0 1 -1
2-2',2-2';1,1 1 2
4 
#1 
6	% 
  1  0  0  0  0  0
  0 -1 -3 -1 -1  1
  0  0 -2  1  0  1
 -1  0  1  0  1 -1
  1  1  1  1  0  0
 -1  0 -1  0  1  0
1,1;1,1;1;1 1 33
9 
#2 
6	% 
 1  0  0  0 0  0
 0  0 -1 -1 1  0
 0 -1 -1  0 0  0
 0 -1  0  1 0 -1
 0  0 -1  0 1  0
 0  1  1 -1 1  0
6	% 
 1  0  0  0  0  0
 0 -1  0 -2  4 -3
 0 -1  0 -1  4 -2
 0  0 -1  0  1  0
 0 -1 -1 -1  2 -1
 0  0  0  0 -2  1
1,1,1;1,1;1 1 8
16 
#4 
6	% 
 0 -2 -4 -2 -4   3
 0 -3 -6 -3 -7   5
 0  7 13  7 14 -10
 0 -1 -2 -1 -2   1
 0 -1 -3 -2 -3   3
 1  0  0  0  0   0
6	% 
 0  1 0  1 -1  1
 0  2 0  2 -2  1
 0 -4 0 -5  5 -3
 0  1 1  1  0  0
 0  1 0  1 -2  1
 1  0 0  0  0  0
6	% 
 0  0  1  1 -2  0
 0  1  0  1 -1  1
 0 -1 -1 -3  4 -1
 0  0  1  1 -1  0
 0  1  0  0  0  0
 1  0  0  0  0  0
6	% 
 0  1  1  1  1 -1
 0  1  1  1 -1  0
 0 -3 -3 -3  0  1
 0  1 -1  0  1  0
 0  0  3  1 -1 -1
 1  0  0  0  0  0
1,1,1;1,1;1 1 11
18 
#4 
6	% 
 0 -1 0  1 -1 -2
 0 -1 0  1 -1 -1
 1  3 0 -3  3  3
 0  0 0  1  0 -1
 0  0 0  1 -1  0
 0  0 1  1 -1 -1
6	% 
 -2 -1 -2 -1  3 -1
  0  0  0  0  2 -1
  3  1  2  1 -7  3
 -1  0 -1 -1  2  0
  0  0  0  0  1  0
 -1 -1 -1 -1  2 -1
6	% 
  0 -1 -2 -1 -1  1
  2  0 -1 -1  0  1
 -3  1  4  3  1 -3
  0  0 -2 -2  2 -1
  1  0  0  0 -1  1
  0  0 -1  0 -1  1
6	% 
 0 -1 -2 -1 -1  1
 0 -1 -1  0 -1  1
 1  3  4  1  3 -3
 0  1 -2 -3  3  2
 0 -1  0  1 -2  0
 0  0 -1  0 -1  1
1,1;1,1;1;1 1 36
36 
#7 
6	% 
 1 1 0 -1  1 -2
 0 0 1  0 -1  0
 0 0 0  1 -1  1
 0 0 0  0 -1  1
 0 1 0  0  0  0
 0 0 0  0  1  0
6	% 
 1  0  0 0  0  1
 0  0  1 0  1 -1
 0 -1 -1 0  0  0
 0  0  1 1 -1  0
 0  0  0 1 -1  1
 0  1  0 0  0  0
6	% 
 1  1  0 -1  1 1
 0  1  0  0  0 0
 0  1 -1  0  0 0
 0 -2  0  0 -1 0
 0  2  0  0 -1 1
 0  2  1  1 -1 0
6	% 
 0  0  0 -1  1  0
 1  1  0 -1  1 -1
 0  0  0  0  1 -1
 0 -1 -1  0  0  0
 0  0 -1 -1  1  0
 0  0  0  0 -1  0
6	% 
  1 0  0  0  0  0
  0 1 -1  1 -2  2
 -1 0 -1  0  0  1
 -1 0  0 -1  2 -1
  1 1  0  0 -1  1
 -1 0 -1  0  0  0
6	% 
  1  0  0  0  0  0
  0 -1  0  0  0 -1
 -1 -1 -1  0  0  0
 -1  0 -1 -1  1  0
  1  0  0  0 -1  0
 -1  0  0  0  1 -1
6	% 
  1  0  0 0  0  0
  0 -1  0 0  0  0
 -1  1  0 0  1  0
 -1 -1  0 0  1 -1
  1  1  1 1 -1  0
 -1  0 -1 0  0  0
2-2;2-2;1;1 1 10
4 
#1 
6	% 
 1  0  0  0  0 0
 0  0  0 -1  0 0
 0 -1 -1 -1  1 0
 0  0  0  0 -1 1
 0  1  1  1  0 0
 0  0 -1 -1  1 0
2-2',2-2';1;1 1 3
4 
#1 
6	% 
 1  0  0  0  0  0
 0 -1  0  0  1 -1
 0 -1 -1 -1  1 -1
 0  0  0 -1  1 -1
 0  0  0  0  1 -1
 0  0  1  1 -1  0
1,1,1,1;1;1 1 2
3 
#1 
6	% 
 0  1  1  1 -1  1
 0  1  1  0  0  1
 0  1  0  1 -1  1
 1  0  0  0  0  0
 0 -1 -1 -1  0 -1
 0  1  1  1 -2  2
1,1,1;1;1;1 1 17
1 
#1 
6	% 
  1  1  0 -1  1  0
 -3 -2  0  2 -1  2
  1  0 -1 -1  1 -1
  2  2  0 -1  1 -1
 -1 -1  0  0  1  0
  1  1  1  0  0 -1
1,1,1;1;1;1 1 7
3 
#1 
6	% 
 0 -1  0 -2  2 -1
 1  0  0  0  0  0
 0  0 -1 -1  1  0
 0  0  0  1 -2  1
 0 -1 -1  0  0  0
 0  0  0 -1  0  0
1,1;1,1;1;1 1 27
3 
#1 
6	% 
 -1 -1  0 -1  1 -1
  0  0 -1 -1  1  0
  0 -1  0  1  0  0
 -1 -1  0  0  0  0
 -1  0 -1 -2  2 -1
  0 -1  0  1 -2  1
1,1;1,1;1,1 1 9
9 
#2 
6	% 
 -1 -1  0 -1  1 -1
  0  0 -1 -1  1  0
  0  1  1  0  0  0
  0  1  1  0 -1  1
  1  1  1  1 -2  1
 -1 -1  0  0  0 -1
6	% 
  1  0  0 0  0  0
  0 -1  0 0  0 -1
  0 -1  0 1 -2  1
  0 -1  0 1 -1  1
 -1 -1 -1 0  0  1
  1  1  1 0  0  0
1,1,1;1;1;1 1 19
12 
#3 
6	% 
  1  1  0  0  0  1
  1  0  0  0  0  0
 -1 -1 -1 -1  1 -1
  1  1  0  0  1  0
  1  1  0  0 -1  1
  1  0 -1  0  0  1
6	% 
 0  1  0  0  0 0
 1  0  0  0  0 0
 0 -2 -1 -1  1 0
 0  2  0  0  1 0
 0  2  0  0 -1 1
 0  1 -1  0  0 0
6	% 
  2  0  1 0  1 -1
  1  0  1 0  1 -1
 -1  0 -1 1 -2  2
  1  1  2 0  1 -1
  1 -1  1 0  1 -1
  1  0  2 1  0 -1
1,1,1,1;1;1 1 5
3 
#1 
6	% 
 1  0  0  0 0  0
 0 -2  0 -1 1 -1
 0 -1 -1  0 0  0
 0  1  0  0 1  0
 0 -1  0  0 1 -1
 0  0 -1 -1 1  0
2-1;1,1;1;1 1 33
6 
#2 
6	% 
 1 0  0  0 0  0
 0 0  0 -1 1 -1
 0 0  0  0 1  0
 0 0  0  0 1 -1
 0 0 -1 -1 1 -1
 0 1  0  0 0  0
6	% 
  1  0  0 0  0  0
 -1 -1  0 0  0  0
  1  0  0 0  1  0
 -1  0  0 0  1 -1
 -2 -1 -1 0  0  0
 -1  0  0 1 -1  1
2-1;1,1;1;1 1 24
6 
#2 
6	% 
 0  1 -1 -2  2 -3
 1  0  0  0  0  0
 0  1 -1 -1  1 -2
 0  0  1  2 -2  3
 0  1 -1 -2  1 -2
 0 -1  1  2 -3  3
6	% 
 0  1  1  0  0  0
 1  0  0  0  0  0
 0  1  1  0 -1  0
 0 -1 -1  0 -1  1
 0  0  1  0  0  0
 0 -1 -1 -1  1 -1
2-1;1,1;1;1 1 34
3 
#1 
6	% 
  1 0  0  0  0  0
  0 0  0 -1  1 -1
  0 0  0  0 -1  0
 -1 0 -1  0 -1  1
  0 1  0  0  0  0
 -1 0 -1  0  0  0
2-1;1;1;1;1 1 33
3 
#1 
6	% 
 1 0 0 0  0  0
 0 0 0 0  1  0
 0 1 0 0  0  0
 0 0 0 0  1 -1
 0 0 1 1 -1  1
 0 0 1 0  0  0
2-2;2-2;1,1 1 6
4 
#1 
6	% 
  1  0  0  0  0  0
 -1  0  1  0 -1  0
  1  0  0  0  1  0
 -1  0  0 -1  1 -1
  0  0  1  0  0 -1
  0 -1 -1  0  1  0
1,1,1;1,1;1 1 7
6 
#1 
6	% 
 0 1  2  1 -1  3
 0 0  0  0  0 -1
 0 0 -1 -1  1  0
 1 0  0  0  1 -1
 1 0  0  0  0  0
 0 0  1  0  0  1
2-2,2-2;1;1 2 3
4 
#1 
6	% 
 1  0 0  0  0 0
 0  0 0  0  0 1
 0  1 0 -1  1 0
 0  1 1  0  0 0
 0  0 0  0 -1 1
 0 -1 0  0  0 0
2-2,2-2;1,1 2 2
4 
#1 
6	% 
  1  0  0  0 0  0
  0  0  0  0 0  1
  0  1  0 -1 1  0
 -1 -1 -1  0 0  0
  1  0  0  0 1 -1
 -1  0  0 -1 1 -1
2-2,2-2;1,1 1 2
4 
#1 
6	% 
  1  0  0  0  0  0
  0  0  3  0  0 -1
  0 -1  0 -2 -1  0
 -1  0  1  0  1 -1
  1  1  1  1  0  0
 -1  0 -1  0  1  0
2-2,2-2;1;1 1 3
4 
#1 
6	% 
 1  0  0  0  0  0
 0 -1  0  3 -5  2
 0  2  2  2 -2 -1
 0 -3 -2  3 -6  4
 0 -4 -3 -1 -1  3
 0 -1 -2 -4  6 -1
1;1;1;1;1;1 1 39
3 
#1 
6	% 
 1  0  0  0 0  0
 0  0  1  0 1 -1
 0  0  0 -1 1 -1
 0 -1 -1  0 0  0
 0  0 -1 -1 1  0
 0 -1  0  0 0  0
1,1;1;1;1;1 1 36
1 
#1 
6	% 
 1  0  0  0  0  0
 0  0  1  0 -1  0
 0  0  0 -1  0  2
 0 -1 -1  0  0 -2
 0  0  0  0  1  0
 0  0  0  0  1 -1
1,1;1;1;1;1 1 46
12 
#3 
6	% 
 0  0  1  0 1 -1
 1  0  0  0 0  0
 0  0  0 -1 1 -1
 0 -1 -1  0 0  0
 0  0 -1 -1 1  0
 0  1  0  0 0  0
6	% 
 0 -1  0  0  0 -1
 1  0  0  0  0  0
 0  0 -1 -1  1  0
 0  0  0  0  1 -1
 0 -1 -1  0  0  0
 0  0  0  0 -1  0
6	% 
 0 -1 0 0  0  0
 1  0 0 0  0  0
 0  1 1 1 -1  0
 0 -1 0 0 -1  0
 0  0 1 0  0  0
 0 -1 0 0  1 -1
1,1;1;1;1;1 1 55
12 
#3 
6	% 
 1 1 0 -1  1 -2
 0 1 1  0  0 -1
 0 0 0  0  1  0
 0 1 0  0  0  0
 0 0 0  0 -1  1
 0 0 0 -1  1 -1
6	% 
 -1 -1 0 1 -1 0
  0  0 1 1 -1 0
  0  0 0 0  1 0
  0  0 0 1 -1 1
  0  0 0 0 -1 1
  0 -1 0 0  0 0
6	% 
 -3 -1 -2 -1  3 -1
 -2 -1 -1 -1  2 -1
  1  1  1  0  0  0
 -1  0  0  0  1 -1
  1  0  0  0 -1  0
 -1  0 -1 -1  1  0
1,1;1;1;1;1 1 56
3 
#1 
6	% 
 1  0  0 0  0  0
 1  0  0 1 -1  0
 0  0  0 0  1 -1
 0 -1 -1 0  0  0
 0  0  0 0  1  0
 0  0  1 1 -1  0
