#84

3;1;1;1 1 14
1 
#1 
6	% 
 1 0 0 0 0 0
 0 1 0 0 0 0
 0 0 1 0 0 0
 0 0 0 1 0 0
 0 0 0 0 1 0
 0 0 0 0 0 1
1,1,1,1,1,1 1 1
1 
#1 
6	% 
 1 0 0 0 0 0
 0 1 0 0 0 0
 0 0 1 0 0 0
 0 0 0 1 0 0
 0 0 0 0 1 0
 0 0 0 0 0 1
1,1,1,1,1;1 1 2
12 
#4 
6	% 
  1  0  0  0  0  0
  0  0  1  0  0  0
  0 -1  0 -1 -1 -1
  1  0  1  0  0 -1
 -1  1 -1  1  0  1
  1 -1  1  0 -1 -1
6	% 
 0 0  1 -1  0  1
 0 0  0  0  0  1
 0 0  1 -1  1  1
 0 0  0 -1  0  1
 0 1 -1  1 -1 -2
 1 0  2 -1  1  2
6	% 
  1 1  1  1  2  3
  1 1  1  2  2  3
  1 0  1  1  2  3
  1 0  1  0  0  2
 -2 0 -1 -1 -2 -4
  1 1  2  2  3  5
6	% 
 0  0  0 -1  0  0
 0  1  0  0  0  0
 1  1  1 -1  0  0
 0  0  1 -2 -1  2
 0 -1 -1  2  1 -1
 0  1  1 -3  0  2
2-1;1,1,1,1 1 2
3 
#1 
6	% 
 0 -1 -1  0  0 -1
 0  0 -1  0  0 -1
 1  1 -2  1  1 -4
 0  0 -2  0  1 -3
 0  0  0  1 -1  0
 0  0  2 -1  0  2
1,1,1;1,1,1 1 2
1 
#1 
6	% 
 -1 0 -1  0  0  0
 -1 1  1  1  1  1
  0 0  0  2  1  1
  0 0  0  1  0 -1
  1 0  0 -2 -1  0
 -1 0  0 -1  0  1
1,1,1,1;1,1 1 3
35 
#6 
6	% 
 0 0  1 1  1  1
 0 0 -1 0  0  0
 0 0  0 0 -1 -1
 1 0  1 0  0  0
 0 1  0 0  0  0
 0 0  0 1  0  1
6	% 
  0 -1  0 -1 -1 -3
  0 -1  0  0  0  0
  1 -1 -1  0 -1  0
  0  1  1  0  0  1
 -1  0  0  1  1  0
  1 -1 -1 -1 -2 -2
6	% 
  1 1  1  0  0  0
 -1 0  1  1  1  1
  0 0 -1  0 -1  0
  0 0 -1 -1 -1 -2
  0 0  1  0  0 -1
  0 0  1  0  1  1
6	% 
  0 0  0 -1  0  0
 -1 1 -1 -1 -1 -2
 -1 0  0  0  0  0
  3 0  1  0  0  0
  2 1  0 -2 -2 -2
 -1 0  0  1  1  1
6	% 
  1 -1 -2  2 -1 -2
  0  0 -1  3  1 -2
  0  0  0  0  1  0
 -1  0  1 -2 -1  1
  0 -1 -2  4 -1 -3
  0  0  0 -1  0  1
6	% 
  1  0  1  1  0  0
  0  1  0  0  0  0
 -1  1  0  2 -1 -1
  0 -2 -1 -2  0  1
  1  1  0 -1  1  0
  0  0  1  2 -1 -1
1,1,1,1;1,1 1 2
4 
#2 
6	% 
  0  0 0 1  0  0
  0  0 0 0  0  1
 -1  1 1 0 -1 -1
  0 -1 0 0  0  0
  1  1 0 0  0  0
  0  2 1 0  0  0
6	% 
  0  1  0  0  0  0
  0  1 -1  0  0 -1
 -1  0 -1 -1 -1  1
  0  0  0  0  0  1
  1 -1  1  1  0  0
 -1  1 -1  0 -1  1
2-1;1,1,1;1 1 6
9 
#2 
6	% 
  0  0 -1 0  0 -1
  1 -1 -1 1  0 -3
  1  0  1 0  0  0
  0  0  0 0  0  1
 -1  1  1 0 -1  2
  0  1  0 0  0  0
6	% 
 -1  2 -1  1  1 -1
  0 -1  0 -2 -1  1
  0 -1  1 -1 -1  2
  0  0  0  0  0  1
  0  1  0  1  2 -2
 -1  2  0  2  2 -1
2-1;1,1,1;1 1 7
3 
#1 
6	% 
 -1  1 1  1  1  1
  0  1 0  0  0  0
  0  0 0  1  0 -1
  0  0 0 -1  0  0
 -1  1 0  0  0  1
  1 -1 0 -1 -1  0
1,1,1;1,1,1 1 3
15 
#3 
6	% 
  1 -1 -1  0 0 1
  0  1  0  0 0 0
  0 -1 -1 -1 0 0
 -1  0  0  0 0 0
 -1  0  0  0 1 0
  0 -1 -1  0 0 0
6	% 
  0  0  0  0  0  1
 -1  1 -2 -1 -1  0
  0 -1  1  0  1  0
  0  1  0  0  0  1
  1  0  2  1  0  1
 -1  0 -1  0  0 -1
6	% 
  1 -1 -1 -1 -1  2
  0 -1  0 -1 -1  1
  0  0  0  0  1 -1
 -1  1  0  1  1 -1
  0  0  0  1  0  0
  0  0 -1  0  0  0
1,1,1;1,1,1 1 4
12 
#1 
6	% 
 -1  1  2  1  2  2
  0  1  1  0  0  0
  1 -2 -2 -1 -2 -1
 -2  2  1  1  2  1
  1 -2 -2 -1 -2 -2
  0  1  1  1  1  1
2-1;1,1;1,1 1 5
3 
#1 
6	% 
 -1 -2 -1 0  0  0
  0  0  0 1  0 -1
  0  1  1 0  0  1
  0  0  0 0  0  1
  0  0  0 0 -1  0
  1  0  0 0  0 -1
2-1;1,1;1,1 1 10
6 
#1 
6	% 
  0  0  0 -1  0  1
  0 -1 -2 -2 -2  0
 -1  2  1  0  0  2
  0  0  0  1  0  0
  0  1  1  1  1  0
  0 -1 -1  0  0 -1
2-2;1,1,1,1 1 2
4 
#1 
6	% 
 0  1  1 -1  1  1
 0  1  0  0  0  0
 1  1  1  0  0  0
 0 -2 -1  0 -1  0
 0  2  1  0  0  1
 0 -2 -1  0 -1 -1
1,1,1,1;1;1 1 4
3 
#1 
6	% 
  1 0  1  0  0  0
  1 0  0  0  0 -1
 -3 1 -3 -1 -1  1
  2 0  2  1  1 -1
 -1 0 -1  0 -1  1
 -1 0 -1 -1  0  1
1,1,1,1;1;1 1 5
35 
#6 
6	% 
  0  2 0  1  1  1
  1  2 1  2  2  3
  0  2 0  1  2  2
 -1 -3 0 -2 -2 -3
  0  4 1  3  3  4
  0 -2 0 -2 -1 -2
6	% 
  1 -1 -1 -1 -1  1
  1 -2 -1 -1 -1  2
  1 -1  0 -1 -1  2
 -2  2  1  2  1 -2
  2 -2 -1 -1 -2  2
 -1  1  0  0  0 -1
6	% 
  0 0  1  0  0 1
 -1 1  0 -1 -1 0
  0 0  1 -1  0 0
  1 0 -1  1  1 0
  0 1  2 -1 -1 0
  0 0 -1  0  1 0
6	% 
  0  0 -1 -1  0 -1
 -1  1  2  0  3 -3
 -1  0  0  0  1 -2
  1 -1 -1  0 -3  4
 -1  1  1 -1  2 -3
  0 -1 -1  0 -1  2
6	% 
  0 0 0  0  0 -1
  0 0 0  0  1  0
  0 0 1  2  2  2
  0 1 0 -2 -2 -1
  1 0 1  2  2  1
 -1 1 0 -1 -1 -1
6	% 
  0  0  0 0 0 -1
  0 -1  0 0 0 -3
 -1  0  0 0 1 -1
  1  0  1 1 0  2
 -1  0 -1 0 1 -3
  0  1  1 1 0  2
1,1,1;1,1;1 1 10
36 
#5 
6	% 
 -1  1 -1 -1 -1  1
 -1  3 -1  0  0  0
  3 -6  3  1  1 -1
  0  0 -1 -1 -1  2
 -1  2  0  0  1 -2
  0  0  0 -1  1  0
6	% 
  1  1  1  0 0  0
  2  2  2  0 0  1
 -4 -5 -4  0 0 -1
  1  0  0  0 0 -1
  1  1  1  0 1  0
  0  0  0 -1 1  0
6	% 
 -1  1  3  0  0   4
 -2  2  2 -1 -1   5
  4 -4 -7  1  1 -12
  0  1  2  0  0   3
 -1  1  1 -1  0   3
  0  0  0 -1  1   0
6	% 
  0  0  0  0  0 -1
  1  1  1  0  0  2
 -1 -2 -1  0  0 -2
  0  0  0 -1 -2  1
  0  1  1  1  1  1
 -1  1  1  1  1  1
6	% 
 -1 -1 -1 0  0 -1
  0  0  0 0  0  1
  1  0  1 0  0 -2
  0 -1 -1 0 -1 -1
  0  0  0 1  0  0
  0  0  0 1  1 -1
1,1,1;1,1;1 1 7
18 
#4 
6	% 
  0  0  0 1 1 0
 -1  1  1 0 0 0
  2 -2 -2 0 0 1
  0  1  1 0 0 0
  0 -1  0 0 0 0
  0  0  0 1 0 0
6	% 
 -1 1  1  2  0  0
  0 0  2  3 -1 -1
  0 0 -5 -7  2  2
  0 0  1  0  0 -1
  0 0  0 -2  1 -1
 -1 0  0  1  0  0
6	% 
 -1 -1 -1 -1  1  1
  0  0  0 -1  1  1
  1  0  1  4 -4 -4
  0  0  0 -3  0  1
  0  0  0 -1  0  0
  0 -1 -1 -1  0  0
6	% 
  0  0  0  1  1 -1
 -1  1  1 -2  0  2
  2 -2 -2  4 -1 -3
  0  1  1 -1  0  1
  0 -1  0  0  0  0
  0  0  0  1  0 -1
1,1,1;1,1;1 1 9
8 
#2 
6	% 
  2 0  0 -1 -1 -1
  1 1  1  0  0  0
 -3 0 -1  1  1  1
  1 0  0  0  0  1
  0 0  0  0 -1 -1
  0 0  0  1 -1  0
6	% 
 0 0 0  1  1 1
 0 0 0  0  1 1
 0 0 0 -1 -1 0
 0 0 1  1  1 1
 0 1 0  0  0 0
 1 1 1  0  0 0
1,1,1;1,1;1 1 12
72 
#6 
6	% 
  0  0 -2 -1 -1  2
  1 -1  3  1  1  1
 -1  1 -1  0  0 -4
  0 -1  1  1  1  0
  0  1  0  0  0 -2
  0  0 -1  0 -1  1
6	% 
  0  0  0  1  1  0
 -1 -1 -1  0  0 -2
  1  1  1 -1 -1  1
  0 -1  2  1  1  0
  0  1 -3 -2 -2 -1
  0  0  0  0  1  0
6	% 
  1 -1  5  2  2 -2
  0  0 -2 -1 -1  0
 -2  2 -4 -1 -1  3
  0  0 -1  0 -1  0
 -1  1 -2  0 -2  2
  0 -1  2  1  1 -1
6	% 
  1 -1  1  0  2  0
  0  0  0 -1  0 -1
 -1  1 -1  0 -3  0
 -1  1  1  1  1  0
  1 -1 -2 -2 -3 -1
  1  0  1  0  1  0
6	% 
 -1 -1 -1  1 -1 -1
  0  0  0  1  0 -2
  1  1  1 -2  0  4
  0  0  0  1  0 -1
  0  1  0 -1  0  2
 -1  0  0  1  0  0
6	% 
  0  0  2  1  1 -1
  1 -1  3  1  1 -4
 -1  1 -5 -2 -2  6
  0 -1  1  1  0 -2
  1  2 -1 -2  0  3
  0  0  1  0  0  0
2-2;1,1,1;1 1 5
12 
#2 
6	% 
  0 0  1  1 -1  1
  1 0  1  0  0  0
  0 1  0  0  0  0
 -1 1 -1  0  1 -1
 -1 1 -1 -1  1  0
 -1 1 -1  0  1  0
6	% 
  0 -1 0 0  0 0
  0  1 1 0  2 0
 -1  0 0 1 -1 1
  0  0 0 0 -1 1
  0  0 0 1 -1 0
  0  0 0 0 -1 0
1,1,1;1,1;1 1 11
54 
#7 
6	% 
 -1  1  1  2 0  0
 -2  2  2  3 0  2
  4 -4 -4 -7 1 -3
  0  0  1  2 0  0
 -1  1  1  1 0  1
  0  1  1  1 0  0
6	% 
  1 -1  1  0 -2  2
  1 -1  1  1 -1  1
 -3  3 -3 -1  4 -4
  0  0  1  1 -1  1
  1 -1  0 -1  0  1
  1  0  1  0 -1  1
6	% 
 -1  1  1  0  2 -2
 -1  1  1  1  1 -1
  3 -3 -3 -2 -4  5
 -1  1  0  0  1 -1
  0  0  1  0  0  0
  0  1  1  0  1 -1
6	% 
  1 -1  1 -3  1 -1
  1 -1  1 -4  2 -2
 -2  2 -2  9 -4  4
  1  0  1 -2  1  0
  0 -1  0 -2  1 -1
  1 -1  0 -2  0 -1
6	% 
  0 -2  0  1  1 -1
  1 -1  1  3  3 -3
 -1  4 -1 -5 -5  5
  0 -1  0  0  1 -1
  1 -1  0  2  0 -1
  0 -1  0  0  1  0
6	% 
  2 -2 -2  1  1 -5
  1 -1 -1  1  1 -3
 -3  3  2 -2 -2  7
  1 -1 -1  0  1 -3
  0 -1 -1  0  1 -2
  1 -1 -1  0  1 -2
6	% 
  0  0  0  3 -1  1
 -1 -1 -1  1 -1  1
  1  1  1 -5  2 -2
  0  0  1  2  0  1
  0 -1 -3 -1 -2 -1
  0  0  0  1  0  1
1,1,1,1;1;1 1 6
4 
#2 
6	% 
 0  0 0  1  0 -1
 0  0 0  1  0  0
 0  0 0  0  1  0
 0  0 1 -1 -1  0
 1  0 0  1  1  0
 0 -1 0  0  0  0
6	% 
  0  0 -1 0 -1  0
  1  0  0 0 -1  0
  0  1  0 0  0  0
 -1 -1  1 0  3 -1
  1  1 -1 0 -2  1
  0  0  0 1  0 -1
1,1,1;1,1;1 1 5
1 
#1 
6	% 
 0  0  0  1  1  1
 0  0  0  1  2  3
 0  0  0 -2 -3 -3
 1  0  0  0  0  0
 0 -1  0  0  0  0
 1 -1 -1 -1 -1 -1
2-2;1,1,1;1 1 6
4 
#1 
6	% 
  0 1  0  0 0  0
 -1 0 -1  0 0  0
  0 0  0  0 1 -1
  0 0 -1 -1 0  0
  0 0  0 -1 0  1
  0 0  1  1 0  1
1,1,1;1,1;1 1 6
3 
#1 
6	% 
  2 0  0 -1 -1 -1
  1 1  1  0  0  0
 -3 0 -1  1  1  1
  1 0  0 -3 -1  0
  0 0  0 -1  0  0
  1 0  0  0 -1 -1
1,1;1,1;1;1 1 12
3 
#1 
6	% 
  0 0 0 -1 -4  1
  1 0 1  0  0  0
 -1 0 0  0 -1  1
  0 1 1  0  1  0
  0 0 0 -1 -1  0
  0 0 0  0  2 -1
1,1;1,1;1;1 1 10
6 
#1 
6	% 
 -2 -3 -2  0  0  0
  1  0  0 -1 -1 -1
  1  1  1  0  0  0
  0  0  0 -1 -1 -2
  0  0  0  2  1  1
  1  0  0  0  0  0
1,1;1,1;1;1 1 24
6 
#1 
6	% 
  0  0  0 -1 -4  1
  2 -1 -2 -2 -2 -2
 -1  2  3  2  2  2
 -1  1  2  1  2  1
 -1  1  2  2  3  1
  0  0  0  0 -2  1
1,1;1,1;1;1 1 25
12 
#1 
6	% 
  0  0  1  0  1  0
  0  0  0  0  0  1
  0 -1 -4 -2 -2 -2
  0  0  1  1  0  1
 -1  0  3  2  2  2
  0  0  0 -1  0  0
1,1,1;1;1;1 1 8
9 
#2 
6	% 
 1 -1  0  1  1 -2
 0  1 -1 -1 -1  0
 0  0  1  1  0  1
 0  0  0  0  0  1
 1  0  2  1  1  0
 0  0 -1  0 -1  0
6	% 
  1  0  1  2  2 -2
 -1  0  0 -1 -1  2
  1  1  1  2  3 -3
  0  0  0  0  0 -1
  0  1  1  2  2 -1
 -1 -1 -1 -3 -2  2
1,1,1;1;1;1 1 15
24 
#2 
6	% 
  1 -1  6  2  2 -1
 -1  1 -8 -4 -3  2
  0  1 -4 -2 -2  1
 -1  1 -6 -3 -3  2
  1  0  5  2  2 -1
  1 -1  8  3  4 -2
6	% 
 1 -1  0  2  2  3
 0  1  0 -2 -2 -3
 0  0  0 -1  0 -1
 0  0 -1 -3 -3 -4
 0  0  0  0  1  1
 1  0  1  2  2  3
1,1;1,1;1,1 1 10
24 
#2 
6	% 
 0 0  1  0  0 -2
 0 1  2  1  1  1
 0 0  0  1  0  2
 0 0 -1 -1 -1 -3
 0 0  0  0 -1 -2
 1 0 -1 -1 -1 -1
6	% 
 -1  0 -1  1  1 -1
  1 -1  0 -2 -2  3
  0  1  1  0  1 -1
  0 -1  0 -1 -1  1
 -1  0  0  1  0 -1
  0  0 -1  1  1  0
1,1;1,1;1;1 1 28
60 
#5 
6	% 
  0  0  1  0  0  0
  1 -1  0 -1  0  1
  1 -1  0 -1 -1  1
 -1  0  0  0  1 -1
 -1  0 -1  0  0  0
  0  1  0  0  0  0
6	% 
  1 -1  1  0 -1  0
  0 -1  0 -1  0  0
  1 -1  1 -1  0  1
 -1  0  0  1  0  0
 -1  1  0  1  1  0
  0  0 -1  0  0 -1
6	% 
 -1  0  2  1  2  1
 -1 -1  0  0  1  1
  0  1  3  2  1  2
 -1 -1 -1  0  1 -1
  0  0 -1  0  0 -1
  0  0 -1 -1 -1  0
6	% 
  1 -1  1 0 0  1
  0  0  1 0 1  1
  1 -1  1 1 0 -1
 -1  0  0 1 0  0
 -1  0 -1 0 0  0
  0  1  0 0 0  0
6	% 
  1 -1  1 -1  2 -1
  0  0  1 -1  1 -1
  1 -1  1 -2  1  1
  0  1  1  1  1 -2
  0  1  0  1 -1  0
 -1  0 -1  1 -1  0
1,1;1,1;1;1 1 29
12 
#1 
6	% 
  1 -1  1 0 0 -1
  1 -1 -2 0 1 -3
  1 -1 -2 1 0 -3
 -1  0  0 0 0  1
 -1  1  0 0 0  1
  1  0  1 0 0  0
1,1,1;1;1;1 1 16
18 
#4 
6	% 
  1 -1 -1  1  1  1
  2 -2 -2  2  1  1
 -2  2  2 -1 -2 -1
  1 -1 -2  1  1  1
  2 -1 -1  1  1  1
  0  1  0  0  0  0
6	% 
  0  0  0 -1  1  0
 -1  1  1 -1  4 -3
  1 -1 -1  2 -3  2
 -1  1  0 -1  2 -1
  0  1  1 -1  2 -1
  0  1  0  0  0  0
6	% 
  0  3 0  1  1 -1
 -1  7 0  3  3 -2
  0 -6 1 -2 -2  3
  0  4 0  2  1 -2
  0  4 0  1  2 -2
  0  0 0  0  0 -1
6	% 
  0  0 -1  0  0 -1
 -1  2  1 -1 -1  3
  2 -1  0  1  1 -3
 -1  1  0  0 -1  2
 -1  1  0 -1  0  2
  0  0  0  0  0  1
1,1;1,1;1,1 1 11
6 
#1 
6	% 
 -1  1 -1  0  0  1
 -1 -1  0 -1  0  1
  0 -2 -1  0  1 -2
  1  0  0  1  1 -2
  2 -1  2  0  0 -1
 -2  2 -1 -1 -1  3
1,1,1;1;1;1 1 9
6 
#1 
6	% 
  1  0  1  0 0  0
  1  1  1 -1 0  2
  1  1  2  1 1  1
  2  0  1  0 0  0
 -1 -1 -1 -1 0 -1
  0  0  0  1 1 -1
1,1;1,1;1,1 1 6
6 
#1 
6	% 
 -2 -3 -2  0  0  0
  0  1  1  0  1  0
  1  1  1  0  0  0
  1 -1 -1  0 -1  0
  1 -1 -1 -1 -2 -2
  0  1  1  0  1  1
1,1,1;1;1;1 1 13
3 
#1 
6	% 
 1 -1 -1 -1 -1 -1
 0 -1  0  0  0  0
 0 -1 -1  0 -1  0
 0  0  0  0 -1  0
 0 -1 -1 -1 -1  0
 0  1  1  0  0  1
1,1;1,1;1;1 1 13
6 
#1 
6	% 
 -2 -3 -2  0  0 0
 -1  0  0  0  1 0
 -1  0  0  0  0 1
 -1  0  0  0  1 1
  1  0  0 -1 -1 0
  1  1  1  0  0 0
1,1;1,1;1,1 1 4
3 
#1 
6	% 
 -1 -2 -1  0 0  0
  0  0  0 -2 1 -1
  0  0  0  1 0  1
  0  1  1  1 0  0
 -1  0  0  1 0  0
  0  0  0 -2 1  0
2-2;1,1;1,1 1 4
4 
#1 
6	% 
  1  2  1  0  0  0
  0 -1 -1 -1  1 -1
 -1  0  0  1 -1  1
  0  0  0  0 -1  1
  0  0  0  1 -1  0
  0  0  0  0 -1  0
1,1;1,1;1;1 1 26
6 
#2 
6	% 
  0  0  0  2 -1  1
  2 -2 -2 -3 -1 -2
  2 -2 -2 -2 -2 -1
 -2  1  1  2  1  1
  1 -1 -2 -2 -1 -1
  0 -1  0  0  0  0
6	% 
  0 -1  0  0 0  0
  2  0 -1  1 1 -4
  1 -3 -2  1 1 -4
 -1  1  1 -1 0  3
  1 -1 -1  1 0 -2
  0  0  0 -1 1  0
1,1,1;1;1;1 1 12
1 
#1 
6	% 
  0  0  0  0 -1 -2
  0  0  0  1  1  0
  0  0 -1 -1 -1 -1
  0 -1 -1  0  0  0
  0 -1  0  0  0  0
 -1  0 -1  0  0  0
1,1;1,1;1;1 1 30
6 
#1 
6	% 
  0 0  0  1  2 -1
  1 0  0 -1 -1  2
  0 0  0 -1 -2  2
  1 0  0  0  0  1
 -1 0 -1  0  0  0
  0 1  0  0  0  0
1,1;1,1;1,1 1 9
6 
#1 
6	% 
  0 0 0  1  2 -1
  0 1 0 -1  1 -1
  1 0 1  1 -1  1
 -1 0 0  1  0  1
  0 0 0  0 -2  1
  1 0 0  0  1 -1
2-2;1,1;1,1 1 6
8 
#1 
6	% 
  0  0 -1 -1 -1  1
  1 -1  0  0  0 -2
  1  0  1  1  1 -2
  1 -1  1  2  1 -4
 -1  1 -1 -1 -1  4
  0 -1  0  0  1 -2
1,1,1;1;1;1 1 17
6 
#1 
6	% 
  0  0  0  1  0  0
 -1  0 -1  0 -1  1
  1 -1  0 -1  0 -1
  0  0  0  1  0 -1
 -1  0 -1  0  0  1
  0  0  1  0  1  0
1,1;1,1;1;1 1 27
6 
#1 
6	% 
  0  0  0  1  2 -1
  2 -2  1 -1  0 -1
 -4  3 -4  1 -1  1
 -2  2 -2  1  0  0
  4 -4  3 -1  1 -2
 -3  4 -3  1 -1  1
2-1;1,1;1;1 1 28
6 
#1 
6	% 
  0  0 0  0 -1  0
  2 -1 0 -1 -1 -1
 -1  2 1  1  1  1
  0  0 0  0  1 -1
 -1  1 0  1  1  0
  1 -1 0  0  0 -1
2-1;1,1;1;1 1 30
6 
#1 
6	% 
  0  0 -1 0 -1 0
  0  0  1 0  1 1
 -1  1  0 0  0 1
 -1  0 -1 0  0 0
  1 -1  2 1  1 0
  0 -1  0 0  0 0
2-1;1,1;1;1 1 29
3 
#1 
6	% 
  0  0  0  0 0  1
 -1  1  1 -1 0  2
  1 -1 -1  0 1 -3
 -1  1  0  0 0  1
  1  0  0  0 0 -1
 -1  0 -1  0 0  0
2-1;1,1;1;1 1 17
3 
#1 
6	% 
 -1 -2 -1  0  0  0
  0  1  1  1  1  0
  0  0  0  0  1 -1
 -1  0  0  0  0  1
  0  0  0  1  0 -1
  0  0  0 -1 -1  1
1,1,1;1;1;1 1 18
1 
#1 
6	% 
  0  1 0  0  0  0
 -1  1 1  1  1  1
  2 -2 0 -1 -1 -1
 -1  1 0  0  1  1
 -1  1 0  1  0  1
 -1  1 0  0  0  1
1,1;1,1;1;1 1 20
3 
#1 
6	% 
  0 -1 0  0  0  0
  0  2 1  1  1  0
  0  0 0 -1 -1  1
  0  0 0  1  0  0
 -1 -1 0  1  1  0
  0  0 0  1  0 -1
1,1;1,1;1;1 1 35
6 
#1 
6	% 
  0 1 -1 -2 -2  1
  0 0  1  0  1  1
 -1 0 -2  1  1 -2
  0 0  1  0  1  0
  0 0 -1 -1 -1  0
  0 0 -1  0  0 -1
1,1;1,1;1;1 1 38
6 
#1 
6	% 
 0 1  3  1  1  2
 1 0 -2 -2 -2 -1
 0 0  1  1  1  0
 0 0  0  0  1  0
 0 0  0 -1  0  1
 0 0  0 -1  1  0
3;1,1,1 1 2
1 
#1 
6	% 
  0  1  0 0  0  0
 -1  0 -1 0  0  0
  0  0  0 1 -1 -1
  0  0  0 1  0 -1
  0  0  0 1 -1  0
  1 -1  0 0 -1 -1
1,1;1,1;1;1 1 31
6 
#1 
6	% 
  2  0  1 -1  0 -2
  0  2  1  0  1  2
  0  0  1  0  0  0
 -1  1  1  1  1  1
 -1 -2 -1  1 -1 -1
 -2 -1 -1  1 -1  1
1,1;1,1;1,1 1 12
6 
#1 
6	% 
 1 -1 -1  1 -3  0
 0  1  1  0  1 -1
 0  0  0 -1  0  1
 1  0  1 -1 -2  1
 1 -1 -1  1 -2  0
 0  0  1 -2  0  1
1,1;1,1;1;1 1 37
18 
#2 
6	% 
  0 -1 -1  0 -1  0
  1 -1 -1  0 -2  1
 -1  1  0  1  2 -1
  1 -1 -1  0 -3  1
  0 -1  0 -1 -1  1
  0  0  0 -1  0  1
6	% 
 0 0  0 -1  0  1
 0 0 -1  0  0 -1
 0 0  0  1  0  0
 0 1  0  1  0  0
 0 0  0 -1  1  0
 1 0  0  0 -1  0
2-1;1;1;1;1 1 28
3 
#1 
6	% 
 -1 0  0  1  0  1
  1 0  0 -1  0  0
  1 0  0 -1 -1  0
 -1 0 -1  0  0  0
  1 0  0  0  0 -1
  0 1  0  0  0  0
1,1;1;1;1;1 1 21
3 
#1 
6	% 
 0 -1 0 0  0  0
 0  1 1 1  1  0
 0  0 0 0 -1  0
 1  0 0 0  0 -1
 0  0 0 0  1 -1
 0  0 0 1  1 -1
1,1;1;1;1;1 1 31
6 
#1 
6	% 
  0 0 0 -1 0 1
  0 1 1  0 1 0
  1 0 1  0 0 0
  0 1 0  0 0 0
  0 0 1  0 0 1
 -1 1 0  1 1 0
1,1;1;1;1;1 1 32
12 
#1 
6	% 
  0  0  0  0 -1  0
  0  0  0  0 -1  1
  1  0  0 -1 -1  0
  0 -1  0  0  0  0
 -1  0 -1  0  0  0
  1  0  0  0  0 -1
1,1;1;1;1;1 1 29
6 
#1 
6	% 
  0  0  0  0 -1 -2
  1 -1  0 -1 -1 -2
  0  0  0  1  0  2
 -1  0  0  0  0 -1
 -1  0 -1  0  0  0
  0 -1  0  0  0  0
1,1;1;1;1;1 1 33
6 
#1 
6	% 
 -2  2  1  1  2 -8
  1 -1 -1 -2 -1  6
 -1  1  0  0  0 -2
 -1  0 -1  0  0  0
  0 -1  0  0  0  0
 -1  1  0  1  1 -3
1,1;1;1;1;1 1 37
3 
#1 
6	% 
  2 -2 -2  1  1 -5
 -1  1  1 -1  0  3
 -1  1  1  0 -1  3
  4 -3 -3  2  2 -9
 -3  3  4 -2 -2  9
  0  1  0  0  0  0
1,1;1;1;1;1 1 30
6 
#1 
6	% 
 -2  1  8  5  5  5
  1 -1 -6 -3 -4 -3
  1 -2 -9 -5 -5 -5
  0  0  0  1  0 -1
 -1  1  6  4  4  3
  1 -1 -6 -3 -3 -4
1,1;1;1;1;1 1 51
2 
#1 
6	% 
 0 1 -4 -2 -2 -2
 1 0  5  2  2  2
 0 0 -1  0 -1 -1
 0 0 -1 -1  0 -1
 0 0 -1 -1 -1  0
 0 0  2  1  1  1
1,1;1;1;1;1 1 50
3 
#1 
6	% 
 0  0  0 -1  0 0
 0 -1  0  0  0 0
 0  0  0  0  0 1
 0 -1 -1 -1  0 0
 1 -1  0 -1  0 0
 0  0  0  0 -1 0
1,1;1;1;1;1 1 52
6 
#1 
6	% 
 -1  1 -1 -1  1  1
  3 -3  3  2 -2 -2
  1 -1  0  0 -1 -1
  2 -2  2  2 -1 -2
  2 -2  2  2 -2 -1
 -1  2 -1 -1  1  1
3;1,1;1 1 9
2 
#1 
6	% 
 -1  0 -1  0 0 0
  0 -1  0  0 0 0
  0  0  0 -1 1 1
  0  0  0 -1 0 1
  0  0 -1 -1 0 0
  0  0  0 -1 1 0
2-2;1,1;1;1 1 18
8 
#1 
6	% 
 0 1  0 0  0 0
 1 0  1 0  0 0
 0 0  0 0 -1 1
 0 0  0 1 -1 0
 0 0  1 0  2 0
 0 0 -1 0 -1 0
2-2;1,1;1;1 1 17
4 
#1 
6	% 
  0  1  0 0  0 0
 -1  1  0 0  2 0
 -1  1  1 1  3 0
  0 -1 -1 0 -2 0
 -1  1  1 0  3 0
 -1  1  1 0  3 1
2-2;1,1;1;1 1 16
8 
#1 
6	% 
  1 -1  0 -1  1 -1
  0  0 -1  0 -2  0
 -1  0 -1  0 -1  1
 -1  1 -1  0 -2  1
  1 -1  1 -1  2  0
  0  1  0  1 -1  0
1,1;1;1;1;1 1 39
3 
#1 
6	% 
  0  0 0  0  1 0
  1  0 1  0  0 0
  0  0 0  0 -3 1
  1 -1 0 -1 -3 0
 -1  0 0  1  3 0
  0  0 0 -1 -2 0
1,1;1;1;1;1 1 43
1 
#1 
6	% 
 1  2  1  0  0  0
 0 -2 -1  0 -1 -1
 1  1  0  0 -1 -1
 0  0  0 -1  1  0
 0  0  0 -1  0  1
 0  0  0  1 -1 -1
3;1,1;1 1 5
1 
#1 
6	% 
  1  2  1  0 0 0
 -1 -1  0  0 1 1
  0 -2 -1 -1 0 0
  0  0  0 -1 0 1
  0  0  0 -1 1 0
  0  0  0 -1 1 1
2-2;1,1;1;1 1 13
4 
#1 
6	% 
 0 -1 0  0  0 0
 0  1 1  0  2 0
 1  0 0  0 -1 0
 0  0 0  0  1 0
 0  0 0  0 -1 1
 0  0 0 -1  1 0
1;1;1;1;1;1 1 21
3 
#1 
6	% 
 -1  1 0 1  1 0
  0  0 0 1 -1 0
  1  0 1 0  0 0
  1 -1 0 0 -1 0
  0  1 0 0  0 0
 -1  1 0 1  0 1
1;1;1;1;1;1 1 34
1 
#1 
6	% 
 1  0 1  0  0  0
 1  0 0 -1 -1  0
 1 -1 0 -1 -1  0
 0  0 0  1  0 -1
 0  0 0  1 -1  0
 0  0 0  0  1  0
2-2;1;1;1;1 1 18
4 
#1 
6	% 
 -1 1  0 0  1  0
  1 0  0 0 -1  0
 -1 0 -1 0  0  0
  0 0  0 1 -1  0
  0 0  0 0  1 -1
  0 0  0 0 -1  0
