#14

1;1;1;1;1;1 1 41
1 
#1 
6	% 
 1 0 0 0 0 0
 0 1 0 0 0 0
 0 0 1 0 0 0
 0 0 0 1 0 0
 0 0 0 0 1 0
 0 0 0 0 0 1
1,1,1,1,1,1 1 1
1 
#1 
6	% 
 1 0 0 0 0 0
 0 1 0 0 0 0
 0 0 1 0 0 0
 0 0 0 1 0 0
 0 0 0 0 1 0
 0 0 0 0 0 1
1,1,1,1;1,1 1 3
6 
#1 
6	% 
  1 0 0 1  0  1
  2 1 1 0 -1  0
  0 0 0 0  0 -1
 -1 0 0 0  1  0
  1 0 1 0  0  0
  0 0 0 1  0  0
1,1,1,1,1;1 1 2
2 
#1 
6	% 
  0 0  0  1  0 -1
  0 0  1  0  0 -1
  1 1  1  1  1  0
  0 0  0  0  1 -1
 -1 0 -1 -1 -1  1
  0 1  1  1  1 -1
1,1,1;1,1,1 1 4
6 
#1 
6	% 
  0 -1  0 -1  0  0
  0 -1  0  1  1  0
  0  1  0  0 -1  0
  1  0  0  0  0  1
 -1  0 -1  0  0  0
  1  0  1  0  0 -1
1,1,1,1;1,1 1 1
1 
#1 
6	% 
 0  0 -1 -1  0 -1
 0  0  0 -1 -1 -1
 0  0 -1  0 -1 -1
 0  0  1  1  1  1
 0 -1  0  0  0  0
 1  1  0  0  0  0
1,1;1,1;1,1 1 5
3 
#1 
6	% 
 0 -1  0 0  0 0
 1  1  0 0  0 0
 0  0 -1 0  0 1
 0  0  1 0  0 0
 0  0  0 1  1 0
 0  0  0 0 -1 0
1,1,1;1;1;1 1 19
4 
#1 
6	% 
  1  1 0  0  0 0
  0  1 0  0  0 0
 -1 -1 0  0  0 1
  1  1 0  0 -1 0
  1  1 0 -1  0 0
  1  1 1  0  0 0
1,1,1;1,1;1 1 12
12 
#1 
6	% 
 1 -1  0  0  0 0
 0  0 -1  0  1 0
 0  0  1  1 -1 1
 0  0 -1 -1  0 1
 0  0  1  1  0 0
 1  0  0  0  0 0
1,1;1,1;1;1 1 39
12 
#1 
6	% 
  1  2  1 -1 -1 -1
 -2 -1 -1  1  1  1
  1  1  0 -1 -1 -1
 -1 -1 -1  0  1  1
 -1 -1 -1  1  0  1
 -1 -1 -1  1  1  0
1,1,1,1;1;1 1 3
1 
#1 
6	% 
 0 0 -1 -1  0 -1
 0 0  0 -1 -1 -1
 0 0 -1  0 -1 -1
 0 0  1  1  1  1
 0 1  0  0  0  0
 1 0  0  0  0  0
1,1;1,1;1;1 1 34
3 
#1 
6	% 
 0 0  1 0  1 -1
 0 0 -1 0  0  0
 0 1  0 0  0  0
 0 0  0 0 -1  0
 0 0  1 1  1  0
 1 0  0 0  0  0
1,1;1;1;1;1 1 48
1 
#1 
6	% 
 0 -1 0 0  0  0
 1  1 0 0  0  0
 0  0 0 0  0 -1
 0  0 0 0 -1  0
 0  0 0 1  0  0
 0  0 1 0  0  0
1,1;1;1;1;1 1 54
8 
#1 
6	% 
  0  1  0  0  0  0
  1  0  0  0  0  0
  1 -1  0  0  0 -1
  1 -1  0 -1  0  0
  1 -1  0  0 -1  0
 -1  1 -1  0  0  0
