#86

3;2-1;1 2 1
1 
#1 
6	% 
 1 0 0 0 0 0
 0 1 0 0 0 0
 0 0 1 0 0 0
 0 0 0 1 0 0
 0 0 0 0 1 0
 0 0 0 0 0 1
1,1,1,1,1,1 1 1
1 
#1 
6	% 
 1 0 0 0 0 0
 0 1 0 0 0 0
 0 0 1 0 0 0
 0 0 0 1 0 0
 0 0 0 0 1 0
 0 0 0 0 0 1
2-1;1,1,1,1 1 1
4 
#2 
6	% 
  0 1 0  0  0  0
  0 0 1  0  0  0
  0 0 0 -1 -1 -1
 -1 0 0  0 -1 -1
 -1 0 0 -1  0 -1
  1 0 0  1  1  1
6	% 
  0  0  0 1 0  0
  0  0  0 0 1  0
  0 -1 -1 0 0 -1
 -1  0 -1 0 0 -1
 -1 -1  0 0 0 -1
  1  1  1 0 0  1
1,1,1,1,1;1 1 2
8 
#2 
6	% 
  1  0  0  0  0  0
  0  0  1  0  0  0
  0 -1  0 -1 -1 -1
  1  0  1  0  0 -1
 -1  1 -1  1  0  1
  1 -1  1  0 -1 -1
6	% 
  1  1 -1  0  1  1
  1  1 -1  1  0  1
  1  1 -1  1  1  1
  1  1 -1  0  0  2
 -1 -2  1 -1 -1 -2
  1  1 -2  1  1  2
1,1,1,1,1;1 1 1
6 
#3 
6	% 
  0  0  0 -1  0 0
 -1  0 -1 -1 -1 0
 -1 -1  0 -1 -1 0
  0 -1 -1  0 -1 0
  1  1  1  1  1 0
  0  0  0  0  0 1
6	% 
  0 0  0  0 -1  0
 -1 0 -1  0 -1 -1
 -1 0  0 -1 -1 -1
  0 0 -1 -1  0 -1
  1 0  1  1  1  1
  0 1  0  0  0  0
6	% 
  0  0  0 -1 0  0
 -1  0 -1 -1 0 -1
 -1 -1  0 -1 0 -1
  0 -1 -1  0 0 -1
  1  1  1  1 0  1
  0  0  0  0 1  0
2-1;1,1,1;1 1 1
16 
#5 
6	% 
 0 0 1 0  0  0
 0 1 0 0  0  0
 0 0 0 1  0  1
 0 0 0 0 -1  0
 0 0 0 0  0 -1
 1 0 0 0  0  0
6	% 
  0 0 1  0  0 0
  0 1 0  0  0 0
  0 0 0 -1 -1 0
 -1 0 0  0 -1 0
  1 0 0  1  1 0
  0 0 0  0  0 1
6	% 
  0  0  0 0 1 0
  0  0  0 1 0 0
  0 -1 -1 0 0 0
 -1  0 -1 0 0 0
  1  1  1 0 0 0
  0  0  0 0 0 1
6	% 
  0 0 1  0 0  0
  0 1 0  0 0  0
  0 0 0 -1 0 -1
 -1 0 0  0 0 -1
  1 0 0  1 0  1
  0 0 0  0 1  0
6	% 
 0 0  0 0 1  0
 0 0  0 1 0  0
 1 0  0 0 0  1
 0 0 -1 0 0  0
 0 0  0 0 0 -1
 0 1  0 0 0  0
1,1,1,1;1,1 1 1
15 
#5 
6	% 
  0 0  0 -1 -1 -1
 -1 0  0  0 -1 -1
 -1 0  0 -1  0 -1
  1 0  0  1  1  1
  0 0 -1  0  0  0
  0 1  1  0  0  0
6	% 
  0 -1 -1 0  0 -1
 -1  0 -1 0  0 -1
 -1 -1  0 0  0 -1
  1  1  1 0  0  1
  0  0  0 0 -1  0
  0  0  0 1  1  0
6	% 
  0 0 -1 -1 -1  0
 -1 0  0 -1 -1  0
 -1 0 -1  0 -1  0
  1 0  1  1  1  0
  0 0  0  0  0 -1
  0 1  0  0  0  1
6	% 
  0 -1 -1 -1 0  0
 -1  0 -1 -1 0  0
 -1 -1  0 -1 0  0
  1  1  1  1 0  0
  0  0  0  0 0 -1
  0  0  0  0 1  1
6	% 
  0 0 -1 -1  0 -1
 -1 0  0 -1  0 -1
 -1 0 -1  0  0 -1
  1 0  1  1  0  1
  0 0  0  0 -1  0
  0 1  0  0  1  0
2-1',2-1';1,1 1 1
6 
#1 
6	% 
 0  1 0  1 -1  0
 0  0 1  1  1  0
 0  0 1  0  1  0
 0 -1 0 -1  0  0
 0  0 0  0  0 -1
 1  0 0  0  0  1
2-1;1,1,1;1 1 4
12 
#2 
6	% 
  0 1 0  0 0 0
  0 0 1  0 0 0
  0 0 0  0 0 1
 -1 0 0  0 0 1
  1 0 0  0 1 0
 -1 0 0 -1 0 0
6	% 
  0  0  0 1 0  0
  0  0  0 0 1  0
 -1 -1  1 0 0  0
 -1 -1  1 0 0 -1
  1  0 -1 0 0  0
 -1 -1  0 0 0  0
1,1,1;1,1,1 1 1
10 
#3 
6	% 
  0 -1 -1  0  0  0
 -1  0 -1  0  0  0
  1  1  1  0  0  0
  0  0  0  0 -1 -1
  0  0  0 -1  0 -1
  0  0  0  1  1  1
6	% 
 0  0  0  1 0  0
 0  0  0  1 1  0
 1  0  0 -1 0  0
 0  0 -1  0 0 -1
 0 -1  0  0 0 -1
 0  1  1  0 0  1
6	% 
  0  0 1  0  1  0
  0 -1 0  0  0  0
  0  0 0  0 -1  0
  0  0 0 -1  0 -1
 -1  0 0  0  0 -1
  1  0 0  1  0  1
2-1',2-1';1;1 1 1
6 
#1 
6	% 
 0  0 -1 -1 -1 0
 0 -1  0 -1  1 0
 0 -1  0  0  1 0
 0  0  1  1  0 0
 1  0  0  0  0 0
 0  0  0  0  0 1
1,1,1,1;1,1 1 2
32 
#5 
6	% 
  1  0  0  0  0 0
  1  0 -1  0  0 0
  0 -1 -1 -1 -1 0
  0  0  0  0  0 1
 -1  1  1  1  0 0
  1 -1 -1  0 -1 0
6	% 
 1  0  0  0  0 0
 0 -1  1 -1 -1 0
 0  0  0  1  0 0
 0  1  1  0  0 1
 0  0 -1  0  0 0
 0 -1  0  0  0 0
6	% 
  0 0  1  0  0 0
  1 0  0  0  0 0
  1 0  1  1  1 1
  0 1  0  1 -1 0
 -1 0 -1 -1  0 0
  1 0  1  0  1 0
6	% 
 0  0  0  0 1  0
 0  0  0  0 0  1
 0 -1 -1 -1 0 -1
 1  0  0  0 0  0
 0  1  0  0 0  0
 0  0 -1  0 0  0
6	% 
  0  0 0 -1 0  0
 -1  0 0  0 0  0
 -1 -1 1 -1 0 -1
  0  0 0  0 1  0
  1  1 0  1 0  0
 -1  0 1 -1 0  0
2-1;1,1;1,1 1 3
12 
#2 
6	% 
  0 1 0  0 0 0
  0 0 1  0 0 0
 -1 0 0 -1 1 0
  0 0 0  0 0 1
  1 0 0  1 0 0
 -1 0 0  0 1 0
6	% 
  0  0 0 1 0 0
  0  0 0 0 1 0
 -1 -1 1 0 0 0
  0  0 0 0 0 1
  1  1 0 0 0 0
 -1  0 1 0 0 0
1,1,1,1;1,1 1 3
12 
#1 
6	% 
  1  0 0  0  0  0
 -1 -1 1 -1 -1 -1
 -1  0 0  0 -1 -1
  1  1 0  1  1  1
 -1  0 1 -1 -1 -1
  1  0 0  1  0  1
2-1;1,1;1,1 1 1
12 
#3 
6	% 
 0 0 1  0 0  0
 0 1 0  0 0  0
 0 0 0  1 1  0
 0 0 0 -1 0  0
 0 0 0  0 0 -1
 1 0 0  0 0  1
6	% 
 0 0 0 0 1  0
 0 0 0 1 0  0
 0 1 0 0 0  0
 0 0 1 0 0  0
 0 0 0 0 0 -1
 1 0 0 0 0  1
6	% 
 0 0 1 0  0  0
 0 1 0 0  0  0
 0 0 0 0 -1  0
 1 0 0 0  1  0
 0 0 0 0  0 -1
 0 0 0 1  0  1
1,1,1;1,1,1 1 2
24 
#3 
6	% 
  0  0 -1 0 0  0
  0 -1  0 0 0  0
 -1  0  0 0 0  0
  0  0  0 0 0 -1
  1  1  1 1 0  1
  1 -1 -1 0 1  1
6	% 
  0  0  0 -1  1  0
  0 -1 -1  0 -1  0
 -1  0  0  0  0  0
  0  0  0  0  0 -1
  1  1  0  0  0  1
  1  0 -1  0  0  1
6	% 
  0  0  0  0  0  1
  0 -1 -1  0 -1 -1
 -1  0  0  0  0  0
  0  0  0 -1  0  0
  1  1  0  1  0  0
  1  0 -1  1  0  0
1,1,1;1,1,1 1 3
12 
#1 
6	% 
  0  1  1  1 -1  1
 -1  0  0  0  0  0
  1  0  1  1  0  1
 -1 -1 -1 -1  0 -1
  1 -1  0  0  1 -1
 -1  1  1  0 -1  1
2-2;1,1,1,1 1 2
4 
#1 
6	% 
  1  1  1  1 0  0
  0  0  0  0 0 -1
  1  1  1  1 1  0
 -1 -1  0 -1 0  1
  1  0  1  1 0 -1
  0 -1 -1 -1 0  1
2-2;2-1;1,1 1 3
4 
#1 
6	% 
  0  0  0 0 1  0
  0  0  0 1 0  0
  1  1 -1 0 0  1
 -1 -1  0 0 0 -1
  1  0 -1 0 0  1
  0 -1  1 0 0 -1
1,1,1,1;1;1 1 2
32 
#5 
6	% 
 0  1  0 0  0  0
 0  1  0 0  0 -1
 0  1  1 1  1  1
 1  0  0 0  0  0
 0 -1 -1 0 -1  0
 0  1  1 1  0  0
6	% 
  1  0  0  0  0 0
  1  0 -1  0  0 0
  0 -1 -1 -1 -1 0
  0  0  0  0  0 1
 -1  1  1  0  1 0
  1 -1 -1 -1  0 0
6	% 
 1  0  0 0 0 0
 0  0  0 0 1 0
 0  0  0 1 0 0
 0  0  0 0 0 1
 0  0 -1 0 0 0
 0 -1  0 0 0 0
6	% 
 0  0  0 1 0 0
 0  0  0 0 1 0
 0  0  0 0 0 1
 1  0  0 0 0 0
 0  0 -1 0 0 0
 0 -1  0 0 0 0
6	% 
  0  0  0 0 -1  0
  0  0  0 0 -1  1
 -1 -1  1 0 -1 -1
  0  0  0 1  0  0
  1  0 -1 0  1  0
 -1 -1  0 0 -1  0
1,1,1;1,1;1 1 2
48 
#6 
6	% 
 0  2  2  1  1 0
 0  1  1  0  0 0
 0 -3 -2 -1 -1 0
 1  0  0  0  0 0
 0  0  0  0  0 1
 0  1  1  1  0 0
6	% 
  2 0 0  1  1  0
  2 0 0  1  1  1
 -3 0 0 -2 -2 -1
  0 1 0  0  0  0
  0 0 1  0  0  0
  1 0 0  1  0  0
6	% 
 0 -1  1 0  0 0
 0  0  0 1  1 0
 0  1 -1 0 -1 0
 1  0  0 0  0 0
 0  0  0 0  0 1
 0  0  1 0  0 0
6	% 
 0 -1  1  0 0 0
 0  0  0  1 0 1
 0  1 -1 -1 0 0
 1  0  0  0 0 0
 0  0  0  0 1 0
 0  0  1  0 0 0
6	% 
  2  1 -1  0 0  0
  1  0  0  0 0 -1
 -2 -1  1  0 0  1
  0  0  0  1 1  0
  0  0  0 -1 0  0
  1  1  0  0 0  0
6	% 
  2  1 -1  0  0 0
  2  0  0  0 -1 0
 -3 -1  1  0  1 0
  0  0  0  1  0 1
  0  0  0 -1  0 0
  1  1  0  0  0 0
1,1,1,1;1;1 1 3
4 
#2 
6	% 
  0 -1 -1 0 0 -1
 -1  0 -1 0 0 -1
 -1 -1  0 0 0 -1
  1  1  1 0 0  1
  0  0  0 0 1  0
  0  0  0 1 0  0
6	% 
  0 0 0 -1 -1 -1
 -1 0 0  0 -1 -1
 -1 0 0 -1  0 -1
  1 0 0  1  1  1
  0 0 1  0  0  0
  0 1 0  0  0  0
1,1,1;1,1;1 1 4
32 
#5 
6	% 
  0  1 0  0  0 1
  0  1 0  0  0 0
  0 -1 1  0  0 0
  0  0 0 -1  0 0
 -1  0 0 -1 -1 0
  0  0 0 -1  1 0
6	% 
  0 -1 -1  0 0 0
 -1  0 -1  0 0 0
  1  1  1  0 0 0
  0  0  0  0 1 1
  0  0  0  0 0 1
  0  0  0 -1 1 0
6	% 
  0  0  0  0 -1 -1
 -1  0  0  0  0 -1
  1  0  0  0  1  1
  0 -1  0 -1  0  0
  0 -1  1 -1  0  0
  0 -1 -1  0  0  0
6	% 
 1  0  0 0  1  0
 0  0  0 1  1  0
 0  0  0 0 -1  0
 0 -1  0 0  0 -1
 0 -1  1 0  0 -1
 0 -1 -1 0  0  0
6	% 
  0  0  0  1 0 1
  0  0  0  1 0 0
  0  0  0 -1 1 0
  0 -1  0  0 0 0
 -1 -1  1  0 0 0
  0 -1 -1  0 0 0
1,1,1;1,1;1 1 7
48 
#4 
6	% 
 0  0  0 -1 -1 -2
 0  1  1  0  0  0
 0 -1 -1  1  1  1
 1  1  0  0  0  0
 1  0  0  0  0  0
 0  0  0  0 -1 -1
6	% 
 -2 -2  2 -1 -1 0
  0 -1  1  0  0 0
  1  2 -2  0  0 0
  0 -1  0  0  0 0
  0  0  0  0  0 1
 -1 -1  1 -1  0 0
6	% 
 0 -1  1  0  0 0
 0  0  0  1  1 0
 0  1 -1 -1 -1 1
 1  0  0  1  0 0
 1  0  0  0  0 0
 0 -1  0  0  0 0
6	% 
  0 -1 1  0  0  0
  2  0 0  1 -1  0
 -3  0 0 -2  2  0
  1  0 0  0 -1 -1
  0  0 0  0  0 -1
  0 -1 0  0  0  0
1,1,1;1,1;1 1 9
24 
#2 
6	% 
 -2 -1  1  0 0 0
 -1  0  0  0 0 1
  3  1 -1  0 0 0
 -1  0  1  0 0 0
  0  0  0  0 1 0
  0  0  0 -1 1 0
6	% 
 -2  0  0 -1  1 0
 -1  0  0  0  0 1
  3  0  0  1 -1 0
 -1  0  0 -1  0 0
  0  0 -1  1  1 0
  0 -1 -1  0  0 0
1,1,1,1;1;1 1 5
12 
#1 
6	% 
  1  0  0  0 0  0
  0  0  0  0 0  1
  1  0  0  0 1  1
 -1  0 -1  0 0 -1
  1 -1  0  0 0  1
 -1  0  0 -1 0 -1
2-2;1,1,1;1 1 5
8 
#1 
6	% 
  1  1 -1  1  1  1
  1  1 -1  0  1  1
 -1 -1  1 -1  0 -1
 -2 -2  1 -1 -1 -2
 -2 -1  2 -1 -1 -2
 -1 -2  2 -1 -1 -2
1,1,1,1;1;1 1 1
15 
#5 
6	% 
 0 -1  0 -1 -1 0
 0 -1 -1  0 -1 0
 0  0 -1 -1 -1 0
 0  1  1  1  1 0
 1  0  0  0  0 0
 0  0  0  0  0 1
6	% 
  0 -1 -1 0 -1 0
 -1  0 -1 0 -1 0
 -1 -1  0 0 -1 0
  1  1  1 0  1 0
  0  0  0 1  0 0
  0  0  0 0  0 1
6	% 
  0 0 0 -1 -1 -1
 -1 0 0  0 -1 -1
 -1 0 0 -1  0 -1
  1 0 0  1  1  1
  0 1 0  0  0  0
  0 0 1  0  0  0
6	% 
  0 0 -1 0 -1 -1
 -1 0  0 0 -1 -1
 -1 0 -1 0  0 -1
  1 0  1 0  1  1
  0 1  0 0  0  0
  0 0  0 1  0  0
6	% 
  0 -1 -1 0 0 -1
 -1  0 -1 0 0 -1
 -1 -1  0 0 0 -1
  1  1  1 0 0  1
  0  0  0 1 0  0
  0  0  0 0 1  0
1,1,1;1,1;1 1 1
60 
#12 
6	% 
 0  0  1  0  0 0
 0  0  1  1  0 0
 0 -1 -1 -1  0 0
 0  0  0  0 -1 0
 1  0  0  0  1 0
 0  0  0  0  0 1
6	% 
  0 -1 -1 0  0 0
 -1  0 -1 0  0 0
  1  1  1 0  0 0
  0  0  0 0 -1 0
  0  0  0 1  1 0
  0  0  0 0  0 1
6	% 
  0 0  0 -1 -1 0
 -1 0  0  0 -1 0
  1 0  0  1  1 0
  0 0 -1  0  0 0
  0 1  1  0  0 0
  0 0  0  0  0 1
6	% 
 0 0  0  1 0 1
 0 0  0  1 0 0
 0 0  0 -1 1 0
 0 0 -1  0 0 0
 0 1  1  0 0 0
 1 0  0  0 0 0
6	% 
 1 0  0 0  0  1
 0 0  0 0 -1  0
 0 0  0 0  0 -1
 0 0 -1 0  0  0
 0 1  1 0  0  0
 0 0  0 1  0  0
6	% 
  0 -1 -1 0 0 0
 -1  0 -1 0 0 0
  1  1  1 0 0 0
  0  0  0 0 1 0
  0  0  0 0 0 1
  0  0  0 1 0 0
6	% 
 0 0  0 1  1  0
 0 0 -1 0  0  0
 0 0  0 0 -1  0
 0 0  0 0  0 -1
 1 0  0 0  0  1
 0 1  0 0  0  0
6	% 
 0 0  0 1  0  1
 0 0 -1 0  0  0
 0 0  0 0  0 -1
 0 0  0 0 -1  0
 1 0  0 0  1  0
 0 1  0 0  0  0
6	% 
 1 0  0 0  0  1
 0 0 -1 0  0  0
 0 0  0 0  0 -1
 0 0  0 0 -1  0
 0 0  0 1  1  0
 0 1  0 0  0  0
6	% 
 1 0  0 0  1 0
 0 0 -1 0  0 0
 0 0  0 0 -1 0
 0 0  0 1  0 0
 0 0  0 0  0 1
 0 1  0 0  0 0
6	% 
 0  0  1  0 0  0
 0  0  1  1 0  0
 0 -1 -1 -1 0  0
 0  0  0  0 0 -1
 1  0  0  0 0  1
 0  0  0  0 1  0
6	% 
 0  0  1  0 0  0
 0  0  1  0 0  1
 0 -1 -1  0 0 -1
 0  0  0 -1 0  0
 1  0  0  1 0  0
 0  0  0  0 1  0
1,1,1;1,1;1 1 3
96 
#10 
6	% 
 0  0  2  1  1 0
 0  0  1  0  0 0
 0 -1 -2 -1 -1 0
 1  0  1  1  0 0
 1  0  0  0  0 0
 0  0  0  0  0 1
6	% 
 0  1  1 0  0 0
 0  1  1 1  0 0
 0 -2 -2 0 -1 0
 1  1  0 0  0 0
 1  0  0 0  0 0
 0  0  0 0  0 1
6	% 
  2  1 -1  0 0 0
  1  0  0  0 0 0
 -3 -1  1  0 1 0
  1  1  0  0 0 0
  0  0  0 -1 0 0
  0  0  0  0 0 1
6	% 
 0 0  2  1  1  0
 0 0  2  1  1  1
 0 0 -3 -2 -2 -1
 1 0  1  1  0  0
 1 0  0  0  0  0
 0 1  0  0  0  0
6	% 
 0 0  2  1 -1 0
 0 0  1  0  0 0
 1 0 -3 -1  1 0
 0 0  1  1  0 1
 0 0  0  0  0 1
 0 1  0  0  0 0
6	% 
 -1 0  1 0  0 0
  0 0  0 1  1 0
  1 0 -1 0 -1 0
  0 0  1 0  0 0
  1 0  1 0  0 1
  0 1  0 0  0 0
6	% 
 -1 0  1  0 0 0
  0 0  0  1 0 1
  1 0 -1 -1 0 0
  0 0  1  0 0 0
  1 0  1  0 1 0
  0 1  0  0 0 0
6	% 
 0  1  1  0 0 0
 0  1  1  0 0 1
 0 -2 -2 -1 0 0
 1  1  0  0 0 0
 1  0  0  0 0 0
 0  0  0  0 1 0
6	% 
  2  1 -1  0 0  0
  1  0  0  0 0 -1
 -2 -1  1  0 0  1
  1  1  0  0 0  0
  0  0  0 -1 0  0
  0  0  0  0 1  0
6	% 
  2  1 -1  0 0  0
  1  0  0 -1 0  0
 -2 -1  1  1 0  0
  1  1  0  0 0  0
  0  0  0  0 0 -1
  0  0  0  0 1  0
1,1,1;1,1;1 1 8
24 
#2 
6	% 
  2  1 -1  1 -1 0
  2  1 -1  0  0 0
 -5 -3  3 -1  1 0
  1  0 -1  1  0 0
  1  1  0  0  0 0
  0  0  0  0  0 1
6	% 
  0 0  0  1  1  2
  1 0 -1  1  1  2
 -2 0  2 -2 -2 -5
  1 0  1  1  0  1
  0 0 -1  0  1  1
  0 1  0  0  0  0
2-2;1,1,1;1 1 3
12 
#2 
6	% 
  1  1 -1  1  1 0
  0  0  0 -1  0 0
  0  0  0  0  0 1
 -1 -1  0  0 -1 0
  1  0 -1  0  1 0
  0 -1  1  0 -1 0
6	% 
  0  0  0  0 0 -1
  1  1 -1  1 0  1
  0  0  0  0 1  0
 -1 -1  0 -1 0  0
  1  0 -1  1 0  0
  0 -1  1 -1 0  0
2-1;1,1;1;1 1 1
24 
#6 
6	% 
 0 0 1 0 0 0
 0 1 0 0 0 0
 0 0 0 1 0 0
 0 0 0 0 1 0
 1 0 0 0 0 0
 0 0 0 0 0 1
6	% 
 0 0 1 0  0 0
 0 1 0 0  0 0
 0 0 0 0  1 1
 0 0 0 0 -1 0
 1 0 0 0  0 0
 0 0 0 1  0 0
6	% 
 0 0 1 0  0 0
 0 1 0 0  0 0
 0 0 0 0 -1 0
 1 0 0 0  1 0
 0 0 0 1  0 0
 0 0 0 0  0 1
6	% 
 0 0  0 0 1 0
 0 0  0 1 0 0
 0 0 -1 0 0 0
 0 1  1 0 0 0
 1 0  0 0 0 0
 0 0  0 0 0 1
6	% 
 0 0 1 0 0  0
 0 1 0 0 0  0
 0 0 0 0 0 -1
 1 0 0 0 0  1
 0 0 0 1 0  0
 0 0 0 0 1  0
6	% 
 0 0 0 0 1  0
 0 0 0 1 0  0
 0 0 0 0 0 -1
 1 0 0 0 0  1
 0 1 0 0 0  0
 0 0 1 0 0  0
2-1;1,1;1;1 1 4
24 
#4 
6	% 
 0 0 1 0  0  0
 0 1 0 0  0  0
 0 0 0 1 -1  1
 1 0 0 0  0  0
 0 0 0 0  1 -1
 0 0 0 1  0  1
6	% 
  0 0 1  0  0 0
  0 1 0  0  0 0
 -1 0 0 -1 -1 0
  0 0 0  0  0 1
  1 0 0  0  1 0
 -1 0 0 -1  0 0
6	% 
  0  0  0 0 1 0
  0  0  0 1 0 0
 -1 -1  1 0 0 0
  0  0  0 0 0 1
  1  0 -1 0 0 0
 -1 -1  0 0 0 0
6	% 
 0 0  0 0 1 0
 0 0  0 1 0 0
 0 1 -1 0 0 1
 1 0  0 0 0 0
 0 0  1 0 0 0
 0 1  0 0 0 0
3;1,1,1 2 1
1 
#1 
6	% 
 0 0 1  0  0  0
 0 1 0  0  0  0
 1 0 0  0  0  0
 0 0 0  0 -1 -1
 0 0 0 -1  0 -1
 0 0 0  1  1  1
1,1,1;1;1;1 1 1
20 
#6 
6	% 
 0 0 0  0 1  1
 0 0 0 -1 0  0
 0 0 0  0 0 -1
 1 0 0  0 0  0
 0 1 0  0 0  0
 0 0 1  0 0  0
6	% 
 0 0 0  1 0 0
 0 0 0  1 1 0
 1 0 0 -1 0 0
 0 1 0  0 0 0
 0 0 1  0 0 0
 0 0 0  0 0 1
6	% 
  0 0 0 0 -1 -1
 -1 0 0 0  0 -1
  1 0 0 0  1  1
  0 1 0 0  0  0
  0 0 1 0  0  0
  0 0 0 1  0  0
6	% 
 0 1  0 0 0  1
 0 0 -1 0 0  0
 0 0  0 0 0 -1
 1 0  0 0 0  0
 0 0  0 1 0  0
 0 0  0 0 1  0
6	% 
  0 -1 -1 0 0 0
 -1  0 -1 0 0 0
  1  1  1 0 0 0
  0  0  0 1 0 0
  0  0  0 0 1 0
  0  0  0 0 0 1
6	% 
 1 0  0 0  1 0
 0 0 -1 0  0 0
 0 0  0 0 -1 0
 0 1  0 0  0 0
 0 0  0 1  0 0
 0 0  0 0  0 1
1,1;1,1;1,1 1 1
15 
#3 
6	% 
 0  1 1  0 0  0
 0 -1 0  0 0  0
 0  0 0  1 1  0
 0  0 0 -1 0  0
 0  0 0  0 0 -1
 1  0 0  0 0  1
6	% 
 0  1 1 0  0  0
 0 -1 0 0  0  0
 0  0 0 0 -1  0
 1  0 0 0  1  0
 0  0 0 0  0 -1
 0  0 0 1  0  1
6	% 
 0 0 0 0 -1  0
 1 0 0 0  1  0
 0 0 1 0  0  0
 0 0 0 1  0  0
 0 0 0 0  0 -1
 0 1 0 0  0  1
1,1,1;1;1;1 1 5
16 
#5 
6	% 
 0 0 0  0 1  1
 0 0 0 -1 0  0
 0 0 0  0 0 -1
 1 0 0  0 0  0
 0 0 1  0 0  0
 0 1 0  0 0  0
6	% 
 0 0 0 0 -1 -1
 0 0 0 0 -1  0
 1 0 0 0  1  1
 0 0 0 1  0  0
 0 0 1 0  0  0
 0 1 0 0  0  0
6	% 
 0 0 0  1 0 0
 0 0 0  1 1 0
 1 0 0 -1 0 0
 0 0 0  0 0 1
 0 0 1  0 0 0
 0 1 0  0 0 0
6	% 
 0 1  0 0 0  1
 0 0 -1 0 0  0
 0 0  0 0 0 -1
 1 0  0 0 0  0
 0 0  0 0 1  0
 0 0  0 1 0  0
6	% 
  0 -1 -1 0 0 0
 -1  0 -1 0 0 0
  1  1  1 0 0 0
  0  0  0 0 0 1
  0  0  0 0 1 0
  0  0  0 1 0 0
1,1;1,1;1;1 1 4
12 
#3 
6	% 
 0 0 0 0 0 -1
 1 0 0 0 0  1
 0 0 0 1 0  0
 0 0 0 0 1  0
 0 0 1 0 0  0
 0 1 0 0 0  0
6	% 
 0 0 0 0 -1 0
 1 0 0 0  1 0
 0 0 0 1  0 0
 0 0 0 0  0 1
 0 0 1 0  0 0
 0 1 0 0  0 0
6	% 
 0  1 1 0 0  0
 0 -1 0 0 0  0
 0  0 0 0 0 -1
 1  0 0 0 0  1
 0  0 0 0 1  0
 0  0 0 1 0  0
1,1;1,1;1;1 1 1
45 
#8 
6	% 
 0 0 0 0 0 -1
 1 0 0 0 0  1
 0 0 0 1 0  0
 0 0 0 0 1  0
 0 1 0 0 0  0
 0 0 1 0 0  0
6	% 
 0 0 0 0 -1 0
 1 0 0 0  1 0
 0 0 0 1  0 0
 0 0 0 0  0 1
 0 1 0 0  0 0
 0 0 1 0  0 0
6	% 
 0 1 0 0  0 0
 0 0 1 0  0 0
 0 0 0 0  1 1
 0 0 0 0 -1 0
 1 0 0 0  0 0
 0 0 0 1  0 0
6	% 
 0 1 0 0 0 0
 0 0 1 0 0 0
 0 0 0 1 0 0
 0 0 0 0 1 0
 1 0 0 0 0 0
 0 0 0 0 0 1
6	% 
 0  1 1 0 0  0
 0 -1 0 0 0  0
 0  0 0 0 0 -1
 1  0 0 0 0  1
 0  0 0 1 0  0
 0  0 0 0 1  0
6	% 
 0 0 0 0 -1  0
 1 0 0 0  1  0
 0 0 0 0  0 -1
 0 0 1 0  0  1
 0 1 0 0  0  0
 0 0 0 1  0  0
6	% 
 0  1 1 0  0 0
 0 -1 0 0  0 0
 0  0 0 0 -1 0
 1  0 0 0  1 0
 0  0 0 1  0 0
 0  0 0 0  0 1
6	% 
 0 0 0  0 -1 0
 1 0 0  0  1 0
 0 0 0 -1  0 0
 0 0 1  1  0 0
 0 1 0  0  0 0
 0 0 0  0  0 1
1,1;1,1;1;1 1 19
12 
#2 
6	% 
 -1 0 0 -1 1 0
  0 0 0  0 0 1
  1 0 0  1 0 0
  0 0 1  0 0 0
 -1 0 0  0 1 0
  0 1 0  0 0 0
6	% 
 -1 -1 1 0 0 0
  0  0 0 0 0 1
  1  1 0 0 0 0
  0  0 0 0 1 0
 -1  0 1 0 0 0
  0  0 0 1 0 0
1,1;1,1;1;1 1 7
48 
#6 
6	% 
 -1 0 0 -1 1 0
  0 0 0  0 0 1
  0 1 0  0 0 0
  0 0 1  0 0 0
  1 0 0  1 0 0
 -1 0 0  0 1 0
6	% 
 -1 -1 1 0 0 0
  0  0 0 0 0 1
  0  0 0 0 1 0
  0  0 0 1 0 0
  1  1 0 0 0 0
 -1  0 1 0 0 0
6	% 
 -1 0  0 -1 -1 0
  0 0 -1 -1  1 0
  0 1  0  0  0 0
  0 0  0  0  0 1
  1 0  1  1  0 0
 -1 0  1  0 -1 0
6	% 
 0 0  0 0 1 0
 0 0  0 1 0 0
 0 1  0 0 0 0
 0 0  0 0 0 1
 1 0  0 0 0 0
 0 0 -1 0 0 0
6	% 
 0 0  0 0 1 0
 0 0  0 0 0 1
 1 0  0 0 0 0
 0 0  0 1 0 0
 0 1  0 0 0 0
 0 0 -1 0 0 0
6	% 
 -1 -1 1 0 0 0
  0  0 0 0 1 0
  0  0 0 0 0 1
  0  0 0 1 0 0
  1  1 0 0 0 0
 -1  0 1 0 0 0
1,1;1,1;1,1 1 2
48 
#6 
6	% 
 -1 0  0 -1 1 0
  0 0 -1  0 0 0
  0 1  1  0 0 0
  0 0  0  0 0 1
  1 0  0  1 0 0
 -1 0  0  0 1 0
6	% 
 -1 -1 1 0 0 0
  0  0 0 1 0 0
  0  0 0 0 1 0
  0  0 0 0 0 1
  1  1 0 0 0 0
 -1  0 1 0 0 0
6	% 
 0 0  0 0  0 1
 0 0  0 0 -1 0
 1 0  0 0  1 0
 0 0  0 1  0 0
 0 1  0 0  0 0
 0 0 -1 0  0 0
6	% 
 0 -1  0 -1  1  0
 0  0  0  0  0 -1
 1  0  0  0  0  1
 0  0 -1 -1 -1  0
 0  1  1  1  0  0
 0 -1  1  0  1  0
6	% 
 0 0  0 0 1  0
 0 0  0 0 0 -1
 0 1  0 0 0  1
 0 0  0 1 0  0
 1 0  0 0 0  0
 0 0 -1 0 0  0
6	% 
 -1 -1 1 0 0 0
  0  0 0 1 0 0
  0  0 0 0 0 1
  0  0 0 0 1 0
  1  1 0 0 0 0
 -1  0 1 0 0 0
1,1,1;1;1;1 1 10
12 
#2 
6	% 
 -1 0  0 -1  1 -1
  0 0  0  0  0  1
  1 0  0  0 -1  0
  0 0 -1  0  0  0
  0 1  0  0  0  0
 -1 0  0 -1  0  0
6	% 
 -1 -1  1 0  0 -1
  0  0  0 0  0  1
  1  0 -1 0  0  0
  0  0  0 0 -1  0
  0  0  0 1  0  0
 -1 -1  0 0  0  0
1,1,1;1;1;1 1 2
48 
#6 
6	% 
 -1 0 0  0  0 1
 -1 0 0 -1  1 0
  0 1 0  0  0 0
  0 0 1  0  0 0
  1 0 0  0 -1 0
 -1 0 0 -1  0 0
6	% 
 -1  0  0 0 0 1
 -1 -1  1 0 0 0
  0  0  0 1 0 0
  0  0  0 0 1 0
  1  0 -1 0 0 0
 -1 -1  0 0 0 0
6	% 
 0 1 -1  0  0 0
 0 0 -1 -1 -1 0
 1 0  0  0  0 0
 0 0  0  0  0 1
 0 0  1  0  1 0
 0 0 -1 -1  0 0
6	% 
 0  0  0 0 1 0
 0  0  0 1 0 0
 1  0  0 0 0 0
 0  0  0 0 0 1
 0  0 -1 0 0 0
 0 -1  0 0 0 0
6	% 
  0 -1  1 0 -1 0
 -1  0  0 0  1 0
  0  0  0 1  0 0
  0  0  0 0  0 1
  1  0 -1 0  0 0
 -1 -1  0 0  0 0
6	% 
 0  0 0 0 0 1
 0  0 0 0 1 0
 1  0 0 0 0 0
 0  0 0 1 0 0
 0  0 1 0 0 0
 0 -1 0 0 0 0
2-1;2-1;1,1 1 1
3 
#1 
6	% 
 0 0 1 0 0  0
 0 1 0 0 0  0
 0 0 0 0 1  0
 0 0 0 1 0  0
 0 0 0 0 0 -1
 1 0 0 0 0  1
2-1,2-1;1;1 1 1
12 
#1 
6	% 
 0  0 -1  0 0 0
 0 -1  0  0 0 0
 0  0  0 -1 0 0
 0  0  0  0 1 0
 1  0  0  0 0 0
 0  0  0  0 0 1
2-1;2-1;1;1 1 1
3 
#1 
6	% 
 0 0 0 0 1 0
 0 0 0 1 0 0
 0 0 1 0 0 0
 0 1 0 0 0 0
 1 0 0 0 0 0
 0 0 0 0 0 1
2-1,2-1;1;1 2 1
12 
#1 
6	% 
 0  0 -1  1 -1 0
 0 -1  0 -1 -1 0
 0  0  0  0  1 0
 0  0  0  1  0 0
 1  0  0  0  0 0
 0  0  0  0  0 1
2-1,2-1;1,1 1 1
12 
#1 
6	% 
 0  0 -1 -1 0  0
 0 -1  0  0 1  0
 0  0  1  0 0  0
 0  1  0  0 0  0
 0  0  0  0 0 -1
 1  0  0  0 0  1
2-1,2-1;1,1 2 1
12 
#1 
6	% 
 0  0 -1  1 -1  0
 0 -1  0 -1 -1  0
 0  0  0  0  1  0
 0  0  0  1  0  0
 0  0  0  0  0 -1
 1  0  0  0  0  1
2-1;1,1;1;1 1 6
6 
#2 
6	% 
 0 1 0 0 0  0
 0 0 1 0 0  0
 0 0 0 0 0 -1
 1 0 0 0 0  1
 0 0 0 0 1  0
 0 0 0 1 0  0
6	% 
 0 0 0 1 0  0
 0 0 0 0 1  0
 0 0 0 0 0 -1
 1 0 0 0 0  1
 0 0 1 0 0  0
 0 1 0 0 0  0
1,1;1,1;1;1 1 2
96 
#10 
6	% 
 0 0  0 1 -1  1
 0 0 -1 0  0  0
 0 1  1 0  0  0
 1 0  0 0  0  0
 0 0  0 0  1 -1
 0 0  0 1  0  1
6	% 
 -1 -1  1 0  0  0
  0  0  0 0  1  0
  0  0  0 0 -1 -1
  0  0  0 1  0  0
  1  0 -1 0  0  0
 -1 -1  0 0  0  0
6	% 
 -1 -1  1 0 0 0
  0  0  0 1 0 0
  0  0  0 0 1 0
  0  0  0 0 0 1
  1  0 -1 0 0 0
 -1 -1  0 0 0 0
6	% 
 -1 0  0 -1 -1 0
  0 0 -1  0  0 0
  0 1  1  0  0 0
  0 0  0  0  0 1
  1 0  0  0  1 0
 -1 0  0 -1  0 0
6	% 
 0 1 -1 1  0 0
 0 0  0 0 -1 0
 1 0  0 0  1 0
 0 0  0 0  0 1
 0 0  1 0  0 0
 0 1  0 0  0 0
6	% 
 0 0 -1 -1  1  0
 0 0  0  0  0 -1
 1 0  0  0  0  1
 0 1  0  0  0  0
 0 0  1  0 -1  0
 0 0 -1 -1  0  0
6	% 
 0 1 -1 0 0  1
 0 0  0 1 0  0
 0 0  0 0 1  0
 1 0  0 0 0  0
 0 0  1 0 0 -1
 0 1  0 0 0  1
6	% 
 0 1 -1 0  0 1
 0 0  0 0 -1 0
 1 0  0 0  1 0
 0 0  0 1  0 0
 0 0  1 0  0 0
 0 1  0 0  0 0
6	% 
 0 0  0 0 -1 0
 0 0  0 1  0 0
 0 0  0 0  0 1
 1 0  0 0  0 0
 0 1  0 0  1 0
 0 0 -1 0 -1 0
6	% 
 0  0 0 0 1  0
 0  0 0 0 0 -1
 1  0 0 0 0  1
 0  0 0 1 0  0
 0  0 1 0 0  0
 0 -1 0 0 0  0
1,1;1,1;1;1 1 8
24 
#2 
6	% 
 -1 -1 1 0  0  0
  0  0 0 1 -1  1
  0  0 0 0  1 -1
  1  1 0 0  0  0
 -1  0 1 0  0  0
  0  0 0 1  0  1
6	% 
  0  1 -1  0  0 1
 -1  0  0 -1 -1 0
  1  0  0  0  1 0
  0 -1  0  0  0 0
  0  0 -1  0  0 0
 -1  0  0 -1  0 0
2-2;1,1,1;1 1 4
4 
#1 
6	% 
  0 0 0  0  1  0
  0 0 0  0  1  1
  0 0 0 -1 -1 -1
  0 0 1  0  0  0
  0 1 0  0  0  0
 -1 0 0  0  0  0
2-2;1,1;1,1 1 3
12 
#2 
6	% 
  1  1 -1 0 0  1
  0  0  0 1 0  0
  0  0  0 0 1  0
 -1 -1  0 0 0 -1
  1  0 -1 0 0  1
  0 -1  1 0 0 -1
6	% 
  1  1 -1  1  0 0
  0  0  0  0  1 1
  0  0  0  0 -1 0
 -1 -1  0 -1  0 0
  1  0 -1  1  0 0
  0 -1  1 -1  0 0
2-2;2-1;1;1 1 5
4 
#1 
6	% 
  0 0 0 1 0 0
  0 0 0 0 1 0
  0 0 0 0 0 1
  0 0 1 0 0 0
  0 1 0 0 0 0
 -1 0 0 0 0 0
1,1;1,1;1;1 1 16
48 
#4 
6	% 
 -1 -1 1 0  0 0
  0  0 0 0  0 1
  0  0 0 1  0 0
  1  1 0 0  0 0
  0  0 0 0 -1 0
 -1  0 1 0  0 0
6	% 
 -1 0 0 -1  1 0
  0 0 0  0  0 1
  0 0 1  0  0 0
  1 0 0  0 -1 0
  0 1 0  0  0 0
 -1 0 0 -1  0 0
6	% 
 0 0 0  1 1  1
 1 0 0  0 0  0
 0 0 1  0 0  0
 0 0 0 -1 0 -1
 0 1 0  0 0  0
 0 0 0  0 1  1
6	% 
  0 0 0  0  0 1
  0 1 0  0  0 0
  0 0 0  1  0 0
  0 0 1 -1 -1 0
  0 0 0  0 -1 0
 -1 0 0 -1 -1 0
1,1;1,1;1,1 1 4
24 
#2 
6	% 
 -1 -1 1 0  0 0
  0  0 0 1 -1 1
  0  0 0 0  1 0
  1  1 0 0  0 0
 -1  0 1 0  0 0
  0  0 0 1  0 0
6	% 
  0  1 -1  0  0  1
 -1  0  0 -1 -1  0
  1  0  0  0  1  0
  0 -1  0  0  0 -1
  0  0 -1  0  0  1
 -1  0  0 -1  0  0
1,1,1;1;1;1 1 7
24 
#2 
6	% 
 1  1 -1 1  1 0
 0  0  0 0  0 1
 0  0 -1 0  0 0
 0 -1  1 0 -1 0
 0 -1  0 0  0 0
 0  1 -1 1  0 0
6	% 
 0  0  0  0 0 1
 1  0  0  0 0 0
 0  0 -1  0 0 0
 0  0  0  0 1 0
 0 -1  0  0 0 0
 0  0  0 -1 0 0
2-2;1,1;1,1 1 4
8 
#1 
6	% 
 0 0  0  1 -1  1
 0 0  0  0  1 -1
 0 0  0 -1  0 -1
 0 0 -1  0  0  0
 0 1  0  0  0  0
 1 0  0  0  0  0
2-1;1;1;1;1 1 3
6 
#2 
6	% 
 0 1 0 0 0 0
 0 0 1 0 0 0
 1 0 0 0 0 0
 0 0 0 0 0 1
 0 0 0 0 1 0
 0 0 0 1 0 0
6	% 
 0 0 0 1 0 0
 0 0 0 0 1 0
 1 0 0 0 0 0
 0 0 0 0 0 1
 0 0 1 0 0 0
 0 1 0 0 0 0
1,1;1,1;1,1 1 5
6 
#1 
6	% 
 0  0  0  0 0 -1
 1  0  0  0 0  1
 0  0  0  0 1  0
 0 -1  0  0 0  0
 0  0  0 -1 0  0
 0  0 -1  0 0  0
1,1;1,1;1;1 1 9
12 
#1 
6	% 
 0  0  0  0  0 -1
 1  0  0  0  0  1
 0  0  0 -1  0  0
 0  0 -1  1  1  0
 0  0  0  0  1  0
 0 -1  0 -1 -1  0
2-1;1;1;1;1 1 1
4 
#2 
6	% 
 0 0 1 0 0 0
 0 1 0 0 0 0
 1 0 0 0 0 0
 0 0 0 1 0 0
 0 0 0 0 1 0
 0 0 0 0 0 1
6	% 
 0 0 0 0 1 0
 0 0 0 1 0 0
 1 0 0 0 0 0
 0 1 0 0 0 0
 0 0 1 0 0 0
 0 0 0 0 0 1
1,1;1,1;1;1 1 23
6 
#1 
6	% 
  0 1  0  0 0 0
  0 0  0  0 0 1
  0 0  0  0 1 0
 -1 0  0  0 0 0
  0 0  0 -1 0 0
  0 0 -1  0 0 0
1,1;1;1;1;1 1 2
32 
#5 
6	% 
 0 1 0 1  1 0
 1 0 0 0  0 0
 0 0 1 0  0 0
 0 0 0 0  0 1
 0 0 0 0 -1 0
 0 0 0 1  0 0
6	% 
 0 0 0  0 0 1
 1 0 0  0 0 0
 0 1 0  0 0 0
 0 0 1  0 0 0
 0 0 0  0 1 0
 0 0 0 -1 0 0
6	% 
 0 1 -1  1 0 0
 1 0  0  0 0 0
 0 0  0  0 0 1
 0 0  0  0 1 0
 0 0  1 -1 0 0
 0 1  0  1 0 0
6	% 
 -1 -1  1 0 0 0
  0  0  0 0 0 1
  0  0  0 1 0 0
  0  0  0 0 1 0
  1  0 -1 0 0 0
 -1 -1  0 0 0 0
6	% 
 0 1 -1 0 0  1
 1 0  0 0 0  0
 0 0  0 1 0  0
 0 0  0 0 1  0
 0 0  1 0 0 -1
 0 1  0 0 0  1
1,1;1;1;1;1 1 11
12 
#1 
6	% 
 1 0 0  0  0 0
 0 0 0  0  0 1
 0 0 0  1  0 0
 0 0 1 -1 -1 0
 0 1 0  1  1 0
 0 0 0  0 -1 0
1,1;1;1;1;1 1 3
24 
#6 
6	% 
 0 1 0 0 0 0
 0 0 1 0 0 0
 1 0 0 0 0 0
 0 0 0 0 0 1
 0 0 0 0 1 0
 0 0 0 1 0 0
6	% 
 0 1 0 0 0 0
 0 0 0 0 0 1
 1 0 0 0 0 0
 0 0 1 0 0 0
 0 0 0 0 1 0
 0 0 0 1 0 0
6	% 
 0 0 0 0 -1 0
 0 0 0 1  1 0
 1 0 0 0  0 0
 0 0 0 0  0 1
 0 0 1 0  0 0
 0 1 0 0  0 0
6	% 
 0 0 0 0 -1 0
 1 0 0 0  1 0
 0 0 0 0  0 1
 0 0 0 1  0 0
 0 0 1 0  0 0
 0 1 0 0  0 0
6	% 
 0 0 0 0 0 1
 0 0 0 1 0 0
 1 0 0 0 0 0
 0 0 0 0 1 0
 0 0 1 0 0 0
 0 1 0 0 0 0
6	% 
 0 0 0 0 0 -1
 1 0 0 0 0  1
 0 0 0 0 1  0
 0 0 0 1 0  0
 0 0 1 0 0  0
 0 1 0 0 0  0
2-2;1,1;1;1 1 8
4 
#1 
6	% 
  1  1 -1 0 0  1
  0  0  0 0 1  0
  0  0  0 1 0  0
 -1 -1  0 0 0 -1
 -1  0  1 0 0 -1
  0 -1  1 0 0 -1
1,1;1;1;1;1 1 9
24 
#4 
6	% 
 0 1 -1 0 0  1
 1 0  0 0 0  0
 0 0  0 0 1  0
 0 0  1 0 0 -1
 0 0  0 1 0  0
 0 1  0 0 0  1
6	% 
 0 0 0  0 0 1
 1 0 0  0 0 0
 0 0 1  0 0 0
 0 0 0  0 1 0
 0 1 0  0 0 0
 0 0 0 -1 0 0
6	% 
 -1 0 0 -1 -1 0
  0 0 0  0  0 1
  0 0 1  0  0 0
  1 0 0  0  1 0
  0 1 0  0  0 0
 -1 0 0 -1  0 0
6	% 
 -1 -1  1 0 0 0
  0  0  0 0 0 1
  0  0  0 0 1 0
  1  0 -1 0 0 0
  0  0  0 1 0 0
 -1 -1  0 0 0 0
1,1;1;1;1;1 1 25
3 
#1 
6	% 
 0 0  0 0 0 -1
 1 0  0 0 0  1
 0 0  0 0 1  0
 0 0 -1 0 0  0
 0 1  0 0 0  0
 0 0  0 1 0  0
2-2;1,1;1;1 1 11
8 
#1 
6	% 
  0  0 0 1  1 1
  0  0 0 0 -1 0
  0  0 0 1  0 0
  0  0 1 0  0 0
  0 -1 0 0  0 0
 -1  0 0 0  0 0
2-2;1,1;1;1 1 7
8 
#1 
6	% 
  0  0  0  0 0 1
  1  1 -1  0 1 0
 -1 -1  1 -1 0 0
  0  0  1  0 0 0
  0 -1  0  0 0 0
 -1  0  0  0 0 0
3;1,1;1 2 4
2 
#1 
6	% 
 0 0 1  0 0 0
 0 1 0  0 0 0
 1 0 0  0 0 0
 0 0 0  0 0 1
 0 0 0  0 1 0
 0 0 0 -1 0 0
1,1;1;1;1;1 1 1
15 
#5 
6	% 
 0 1 0 0 0 0
 0 0 0 1 0 0
 1 0 0 0 0 0
 0 0 1 0 0 0
 0 0 0 0 1 0
 0 0 0 0 0 1
6	% 
 0 1 0 0 0 0
 0 0 1 0 0 0
 1 0 0 0 0 0
 0 0 0 1 0 0
 0 0 0 0 1 0
 0 0 0 0 0 1
6	% 
 0 0 0 0 -1 0
 0 0 0 1  1 0
 1 0 0 0  0 0
 0 1 0 0  0 0
 0 0 1 0  0 0
 0 0 0 0  0 1
6	% 
 0 0 0 0 1 0
 0 0 0 0 0 1
 1 0 0 0 0 0
 0 1 0 0 0 0
 0 0 1 0 0 0
 0 0 0 1 0 0
6	% 
 0 0 0 0 0 -1
 1 0 0 0 0  1
 0 1 0 0 0  0
 0 0 1 0 0  0
 0 0 0 1 0  0
 0 0 0 0 1  0
2-2;1,1;1;1 1 6
12 
#2 
6	% 
  0 0 0  1  0 0
  0 0 0 -1 -1 0
  0 0 0  0  0 1
  0 0 1  0  0 0
  0 1 0  0  0 0
 -1 0 0  0  0 0
6	% 
  0 0 0 0  1 1
  0 0 0 0 -1 0
  0 0 0 1  0 0
  0 0 1 0  0 0
  0 1 0 0  0 0
 -1 0 0 0  0 0
2-2;1,1;1;1 1 5
12 
#2 
6	% 
  1  1 -1 0  1 0
  0  0  0 0  0 1
  0  0  0 1  0 0
 -1 -1  0 0 -1 0
  1  0 -1 0  1 0
  0 -1  1 0 -1 0
6	% 
  1  1 -1 0 0  1
  0  0  0 0 1  0
  0  0  0 1 0  0
 -1 -1  0 0 0 -1
  1  0 -1 0 0  1
  0 -1  1 0 0 -1
3;1,1;1 2 1
3 
#2 
6	% 
 0 0 1 0  0 0
 0 1 0 0  0 0
 1 0 0 0  0 0
 0 0 0 0 -1 0
 0 0 0 1  1 0
 0 0 0 0  0 1
6	% 
 0 0 1 0 0 0
 0 1 0 0 0 0
 1 0 0 0 0 0
 0 0 0 0 1 0
 0 0 0 0 0 1
 0 0 0 1 0 0
1;1;1;1;1;1 1 7
3 
#1 
6	% 
 1 0 0 0 0 0
 0 0 0 0 0 1
 0 0 1 0 0 0
 0 0 0 0 1 0
 0 1 0 0 0 0
 0 0 0 1 0 0
1;1;1;1;1;1 1 2
4 
#2 
6	% 
 1 0 0 0 0 0
 0 0 0 0 0 1
 0 0 0 0 1 0
 0 0 0 1 0 0
 0 0 1 0 0 0
 0 1 0 0 0 0
6	% 
 1 0 0 0 0 0
 0 1 0 0 0 0
 0 0 1 0 0 0
 0 0 0 0 0 1
 0 0 0 0 1 0
 0 0 0 1 0 0
1;1;1;1;1;1 1 1
1 
#1 
6	% 
 1 0 0 0 0 0
 0 1 0 0 0 0
 0 0 1 0 0 0
 0 0 0 1 0 0
 0 0 0 0 1 0
 0 0 0 0 0 1
2-2;1;1;1;1 1 7
4 
#1 
6	% 
  0  0 0 0 0 1
  0  0 0 0 1 0
  0  0 0 1 0 0
  0  0 1 0 0 0
  0 -1 0 0 0 0
 -1  0 0 0 0 0
2-2;1;1;1;1 1 5
4 
#1 
6	% 
  0 0 0 0 1 0
  0 0 0 0 0 1
  0 0 0 1 0 0
  0 0 1 0 0 0
  0 1 0 0 0 0
 -1 0 0 0 0 0
3;1;1;1 2 3
1 
#1 
6	% 
 0 0 1 0 0 0
 1 0 0 0 0 0
 0 1 0 0 0 0
 0 0 0 0 0 1
 0 0 0 0 1 0
 0 0 0 1 0 0
3;1;1;1 2 1
1 
#1 
6	% 
 0 0 1 0 0 0
 0 1 0 0 0 0
 1 0 0 0 0 0
 0 0 0 1 0 0
 0 0 0 0 1 0
 0 0 0 0 0 1
