#111

4-1;1;1 1 3
1 
#1 
6	% 
 1 0 0 0 0 0
 0 1 0 0 0 0
 0 0 1 0 0 0
 0 0 0 1 0 0
 0 0 0 0 1 0
 0 0 0 0 0 1
1,1,1,1,1,1 1 1
1 
#1 
6	% 
 1 0 0 0 0 0
 0 1 0 0 0 0
 0 0 1 0 0 0
 0 0 0 1 0 0
 0 0 0 0 1 0
 0 0 0 0 0 1
1,1,1,1,1;1 1 1
4 
#1 
6	% 
 0  0  0  0 -1  0
 0 -1 -1  0 -1 -1
 0 -1  0 -1 -1 -1
 0  0 -1 -1  0 -1
 0  1  1  1  1  1
 1  0  0  0  0  0
1,1,1,1,1;1 1 2
14 
#2 
6	% 
  1  0  0  0  0  0
  0  0  1  0  0  0
  1  0  1 -1  0  0
  0 -1  0 -1 -1 -1
 -1  1 -1  1  0  1
  1 -1  1 -1 -1  0
6	% 
  0  0  1 0  0 -1
  0  1  0 0  0 -1
  1  1  1 1  1  0
  0  0  0 0  1 -1
 -1 -1 -1 0 -1  1
  0  1  1 1  1 -1
2-1;1,1,1;1 1 8
24 
#1 
6	% 
  0  0  0  0  0 -1
 -1 -1 -1 -1 -1  0
  0  0  0  1  0  1
  0  0  1  0  0  1
  0 -1  0  0  0 -1
 -1  0  0  0  0 -1
1,1,1,1;1,1 1 2
32 
#2 
6	% 
 0  0  1  0 0  0
 0  0  1 -1 0  0
 0 -1  1  0 0  0
 1  0  0  0 0  0
 0  1 -1  1 1  0
 0 -1  1 -1 0 -1
6	% 
 0 0 0  0 1 0
 0 0 0  0 0 1
 0 0 1  0 0 0
 0 1 0  0 0 0
 1 0 0  0 0 0
 0 0 0 -1 0 0
1,1,1,1;1,1 1 1
7 
#2 
6	% 
 0  0 -1 -1  0 -1
 0  0  0 -1 -1 -1
 0  0 -1  0 -1 -1
 0  0  1  1  1  1
 0 -1  0  0  0  0
 1  1  0  0  0  0
6	% 
  0 -1 -1 -1 0  0
 -1  0 -1 -1 0  0
 -1 -1  0 -1 0  0
  1  1  1  1 0  0
  0  0  0  0 0 -1
  0  0  0  0 1  1
2-1;1,1,1,1 1 1
6 
#1 
6	% 
 1  0  0 0  0  0
 0  0  0 1  0  0
 0  0 -1 0 -1 -1
 0 -1  0 0 -1 -1
 0 -1 -1 0  0 -1
 0  1  1 0  1  1
1,1,1,1;1,1 1 3
36 
#2 
6	% 
  0 -1  1  0 -1 -1
  1  0  1  1  0  0
  1  1  0  0  0  1
 -1  0 -1  0  0  0
  0  0  1  1  0  0
  0 -1  0 -1 -1  0
6	% 
  0  0  0  0  0 -1
 -1 -1 -1 -1 -1 -1
  0  1  0  0  0  0
  1  0  1  0  0  1
  0 -1  0 -1  0 -1
 -1  0  0  0  0  0
2-1;1,1;1,1 1 11
24 
#1 
6	% 
  0 0 0 0 0 1
  0 0 0 0 1 0
  0 0 0 1 0 0
  0 1 0 0 0 0
  0 0 1 0 0 0
 -1 0 0 0 0 0
1,1,1;1,1,1 1 1
4 
#1 
6	% 
  0  0 1  1  0  0
  0 -1 0  0  0  0
  0  0 0 -1  0  0
  0  0 0  0 -1 -1
 -1  0 0  0  0 -1
  1  0 0  0  1  1
1,1,1;1,1,1 1 2
18 
#2 
6	% 
  0  1  0  0  0  0
  1  1  0  0  1 -1
  0  0  0 -1  0  0
  0  0 -1 -1 -1 -1
 -1 -1  1  1  0  1
  1  1  1  1  1  0
6	% 
 -1  0  0  1 -1 -1
  0  0  0  0  1  0
 -1 -1  0 -1  0  0
  0  0 -1  0  0  0
  1  0  1  0  0  0
  0  0  1  1  0  0
2-1;1,1,1;1 1 4
24 
#2 
6	% 
 1  0  0 0  0  0
 0  0  0 1  0  0
 0 -1 -1 0 -1 -1
 0 -2 -1 0 -1 -1
 0  1  1 0  0  1
 0 -1 -1 0 -1  0
6	% 
 1 0  0  0 0  0
 0 1  0  0 0  0
 0 0  0  0 1  0
 0 0 -1 -1 0 -1
 0 0  0  1 0  0
 0 0 -1  0 0  0
2-1;1,1,1;1 1 1
12 
#1 
6	% 
 0 0 0 1  0  0
 1 0 0 0  0  0
 0 0 1 0  0  1
 0 0 0 0 -1  0
 0 0 0 0  0 -1
 0 1 0 0  0  0
1,1,1;1,1,1 1 3
24 
#1 
6	% 
 -1 -1  0  1  0  0
 -1  0 -1 -1 -1 -1
  1  0  0  1  0  1
  0  0  0 -1  0  0
  1  0  0  1  1  0
 -1  0  0  0  0  0
1,1,1;1,1,1 1 4
12 
#1 
6	% 
 0 0 0 1  1  1
 0 0 0 0  0  1
 1 0 0 0 -1 -1
 0 0 1 0  1  1
 0 1 0 0 -1 -1
 0 0 0 0  1  0
2-1;1,1;1,1 1 1
6 
#1 
6	% 
 0 0  0 1 0  0
 1 0  0 0 0  0
 0 0 -1 0 0  0
 0 1  1 0 0  0
 0 0  0 0 0 -1
 0 0  0 0 1  1
2-1;1,1;1,1 1 3
12 
#1 
6	% 
 1  0  0 0  0  0
 0  0  0 1  0  0
 0 -1  0 0 -1  1
 0  0 -1 0 -1 -1
 0  1  1 0  1  0
 0 -1  1 0  0  1
2-1;1,1;1,1 1 7
12 
#1 
6	% 
 0 1 0 0 0 0
 1 0 0 0 0 0
 0 0 0 1 0 0
 0 0 0 0 1 0
 0 0 1 0 0 0
 0 0 0 0 0 1
2-1',2-1';1,1 1 1
6 
#1 
6	% 
  1  1  0 -1 0  0
  0  1  1  1 0  0
 -1  0  0  1 0  0
  0 -1 -1  0 0  0
  0  0  0  0 0 -1
  0  0  0  0 1  1
2-1',2-1';1;1 1 3
6 
#1 
6	% 
  1  1  0 -1 0 0
  0  1  1  1 0 0
 -1  0  0  1 0 0
  0 -1 -1  0 0 0
  0  0  0  0 0 1
  0  0  0  0 1 0
2-2;1,1,1,1 1 2
16 
#1 
6	% 
  1  0  0  0  0  0
  2  1  1  1  1  1
  1  0  0  0  0 -1
 -2 -1 -1  0 -1  0
  2  1  0  1  1  0
 -2  0 -1 -1 -1  0
1,1,1,1;1;1 1 1
6 
#1 
6	% 
 0 -1 0  0 -1 -1
 0 -1 0 -1  0 -1
 0  0 0 -1 -1 -1
 0  1 0  1  1  1
 1  0 0  0  0  0
 0  0 1  0  0  0
1,1,1;1,1;1 1 1
16 
#2 
6	% 
 0 1  0  1 0 0
 0 0 -1  0 0 0
 0 0  0 -1 0 0
 0 0  0  0 1 0
 0 0  0  0 0 1
 1 0  0  0 0 0
6	% 
 0 0  0  1 0 1
 0 0  0  1 0 0
 0 0  0 -1 1 0
 0 0 -1  0 0 0
 0 1  1  0 0 0
 1 0  0  0 0 0
2-2;1,1,1;1 1 3
16 
#1 
6	% 
 0  0  0  0  0 -1
 0  1  1 -1  1  1
 1  0  0  0  0  0
 0 -1 -1  0 -1  0
 0  1  0 -1  1  0
 0  0 -1  1 -1  0
1,1,1,1;1;1 1 2
32 
#2 
6	% 
 0  0 1  0 0 0
 0  0 0  0 1 0
 0  0 0  0 0 1
 1  0 0  0 0 0
 0  0 0 -1 0 0
 0 -1 0  0 0 0
6	% 
 0  1  0  0  0  0
 0  0 -1 -1 -1  1
 0  1  0 -1  0  0
 1  0  0  0  0  0
 0 -1  1  1  0 -1
 0  1 -1 -1 -1  0
1,1,1;1,1;1 1 8
48 
#1 
6	% 
 0  1  0 -1 -1 -1
 0  2  2 -2 -1 -1
 0 -4 -3  4  3  3
 0  1  0  0  0 -1
 0  1  1 -1 -1  0
 1  0  0  0  0  0
1,1,1;1,1;1 1 3
48 
#2 
6	% 
 0  1  0  1  0  0
 0  1  0  1  1  0
 0 -2  0 -2 -1 -1
 0  1  0  0  0  0
 0  0 -1  0  0  0
 1  0  0  0  0  0
6	% 
 0 0  2  0  1  1
 0 0  1  0  0  0
 0 0 -2 -1 -1 -1
 0 1  1  0  1  0
 0 1  0  0  0  0
 1 0  0  0  0  0
1,1,1;1,1;1 1 4
32 
#2 
6	% 
  0  1 0 1  0  0
  0  1 0 0  0  0
  0 -1 1 0  0  0
  0  0 0 0 -1  0
 -1  0 0 0 -1 -1
  0  0 0 0 -1  1
6	% 
  0  0  0  0 1  0
  0 -1  0  0 0 -1
  0  0  0  0 0  1
 -1  0 -1  0 0  0
 -1  0 -1 -1 0  0
 -1  0  0  1 0  0
1,1,1;1,1;1 1 2
36 
#3 
6	% 
 0  0  2 0  1  1
 0  0  1 0  0  0
 0 -1 -2 0 -1 -1
 1  0  0 0  0  0
 0  0  0 1  0  0
 0  0  1 0  1  0
6	% 
  1 0 0  1  0  0
  1 0 0  1  1  0
 -2 0 0 -2 -1 -1
  0 1 0  0  0  0
  0 0 1  0  0  0
  1 0 0  0  0  0
6	% 
 -1 0  0 -1 0  0
  0 0  1  0 0  0
  1 1 -1  1 0  0
  0 0  0  0 0 -1
  0 0  0  0 1  1
  0 0  0 -1 0  0
1,1,1;1,1;1 1 7
96 
#2 
6	% 
 0  0  0  0 -1 -1
 0  2  1  1  0  0
 0 -3 -2 -2  0  0
 1  1  1  0  0  0
 1  0  0  0  0  0
 0  0  0  0 -1  0
6	% 
  1  0  2  1  0  0
  2  0  2  2  1 -1
 -4  0 -5 -4 -2  2
  1 -1  1  1  0 -1
  0 -1  0  0 -1 -1
  1  0  1  0  0  0
1,1,1;1,1;1 1 9
72 
#3 
6	% 
 -2 -1  1 0  0 0
 -2  0  0 1  0 0
  3  1 -1 0  0 0
 -1  0  1 0  0 0
  0  0  0 0  0 1
  0  0  0 0 -1 1
6	% 
  0 -1  1 0 0  0
  0  0  0 0 1  1
  0  1 -1 0 0 -1
  0  0  1 0 0  0
  0  0  0 1 0  0
 -1  0  0 1 0  0
6	% 
  0  2  2 0  1  1
  0  1  1 0  0  0
  0 -3 -2 0 -1 -1
  0  1  1 0  1  0
  0  0  0 1  0  0
 -1  0  0 1  0  0
1,1,1,1;1;1 1 5
36 
#2 
6	% 
  1  0  0  0  0  0
  0 -1  1 -1 -1 -1
  1 -1  0 -1  0  0
 -1  1 -1  1  1  0
  1 -1  1 -1  0 -1
 -1  0 -1  1  0  0
6	% 
  1  1 -1  1  1  1
  1  1 -1  1  1  0
  0  1 -1  1  0  1
 -1 -2  1 -1 -1 -1
  1  1 -2  1  1  1
 -1 -1  1  0  0 -1
2-2;1,1,1;1 1 5
32 
#1 
6	% 
  1 0 0 0  0 0
  1 0 0 0 -1 0
 -1 0 0 0  0 1
 -1 0 0 1  1 1
 -1 0 1 0  1 1
 -1 1 0 0  1 1
1,1,1,1;1;1 1 3
7 
#2 
6	% 
  0 -1 -1 -1 0 0
 -1  0 -1 -1 0 0
 -1 -1  0 -1 0 0
  1  1  1  1 0 0
  0  0  0  0 0 1
  0  0  0  0 1 0
6	% 
 0 -1  0 0 -1 -1
 0 -1 -1 0  0 -1
 0  0 -1 0 -1 -1
 0  1  1 0  1  1
 0  0  0 1  0  0
 1  0  0 0  0  0
1,1,1;1,1;1 1 12
72 
#2 
6	% 
  0  0 0  0  1  1
 -1  0 0 -1  0  0
  1 -1 1  1 -2 -2
  0  0 0 -1  0  0
  0 -1 0  1 -1 -1
  0  0 0  0  0  1
6	% 
 -1 0  0 -1  0  0
  0 0  0  0  1 -1
  2 1 -1  2 -1  1
  0 1  1  0  1  0
  1 0 -1  1 -1  0
 -1 0  0  0  0  0
2-1;1,1;1;1 1 26
12 
#1 
6	% 
 0  0 0  0  1  0
 0  0 0  0 -1 -1
 0  0 0 -1  0  0
 0  0 1  0  0  0
 0 -1 0  0  0  0
 1  0 0  0  0  0
3;1,1,1 1 3
8 
#1 
6	% 
 0 0  0  0 0  1
 0 0  0  0 1 -1
 0 0  0 -1 0  0
 0 0 -1  0 0  0
 0 1  0  0 0  0
 1 0  0  0 0  0
2-1;1,1;1;1 1 32
48 
#1 
6	% 
 0 0 0  0 -1  0
 0 0 0  0  0 -1
 0 0 0 -1 -1  1
 0 1 0  0  1 -1
 0 0 1  0  1 -1
 1 0 0  0  1 -1
1,1,1;1;1;1 1 2
24 
#2 
6	% 
 0 1 -1 0  0  0
 0 0 -1 0 -1 -1
 1 0  0 0  0  0
 0 0  0 1  0  0
 0 0  1 0  0  1
 0 0 -1 0 -1  0
6	% 
 0 0  0  0 0 1
 0 0  0  0 1 0
 1 0  0  0 0 0
 0 1  0  0 0 0
 0 0  0 -1 0 0
 0 0 -1  0 0 0
1,1,1;1;1;1 1 5
16 
#2 
6	% 
 0 1  0  1 0 0
 0 0 -1  0 0 0
 0 0  0 -1 0 0
 1 0  0  0 0 0
 0 0  0  0 0 1
 0 0  0  0 1 0
6	% 
 0 0 0  0 1  1
 0 0 0 -1 0  0
 0 0 0  0 0 -1
 0 0 1  0 0  0
 0 1 0  0 0  0
 1 0 0  0 0  0
1,1;1,1;1,1 1 2
24 
#2 
6	% 
 -1 0  0  0 -1  1
  0 0 -1  0  0  0
  0 1  1  0  0  0
  0 0  0 -1 -1 -1
  1 0  0  1  1  0
 -1 0  0  1  0  1
6	% 
 -1  0 -1  1 0 0
  0  0  0  0 1 0
  0  0  0  0 0 1
  0 -1 -1 -1 0 0
  1  1  1  0 0 0
 -1  1  0  1 0 0
2-2;1,1;1,1 1 4
32 
#1 
6	% 
  1 0 0  0  1 -1
 -1 0 0  0 -1  0
 -1 0 0  0  0  1
  0 0 0 -1  1  1
  0 0 1  0  1  1
  0 1 0  0  1  1
1,1,1;1;1;1 1 7
48 
#1 
6	% 
 0 -1 -1  1 -1 -1
 1  0  0  0  0  0
 0 -1 -1  0  0  0
 0  1  1 -1  0  1
 0  0  1 -1  0  0
 0 -1 -1  1 -1  0
1,1;1,1;1;1 1 16
96 
#2 
6	% 
 0  1  1 -1 0  0
 1  0  0  0 0  0
 0 -1  0 -1 0 -1
 0  1 -1  2 1  1
 0  1  0  1 1  0
 0  2  1  1 1  1
6	% 
 0 0 -1  0 -1 -1
 0 1  0  0  0  0
 0 0  0 -1  0  0
 1 0  1  1  1  0
 1 0  0  0  0  0
 1 0 -1  1  0 -1
1,1;1,1;1;1 1 2
48 
#2 
6	% 
 0 1 0 0 1  1
 0 0 1 0 0  0
 0 0 0 1 0  0
 1 0 0 0 0  0
 0 0 0 0 0 -1
 0 0 0 0 1  0
6	% 
 1 0 1  1  0 0
 0 0 0  0  1 1
 0 0 0  0 -1 0
 0 1 0  0  0 0
 0 0 0 -1  0 0
 1 0 0  0  0 0
1,1;1,1;1,1 1 4
48 
#1 
6	% 
  0  1  1 -1  0  0
 -1  0  0  0 -1  1
  1  0  0  0  0 -1
  0 -1 -1  0  0  0
  0  0  1 -1  0  0
 -1  0  0  0 -1  0
1,1;1,1;1,1 1 1
3 
#1 
6	% 
 0 -1 0  0 0  0
 1  1 0  0 0  0
 0  0 0 -1 0  0
 0  0 1  1 0  0
 0  0 0  0 0 -1
 0  0 0  0 1  1
1,1;1,1;1;1 1 23
12 
#1 
6	% 
 1 0  0  0  0 0
 0 1  0  0  0 0
 0 0  0  0  0 1
 0 0 -1  0  0 0
 0 0  0  0 -1 0
 0 0  0 -1  0 0
1,1,1;1;1;1 1 1
4 
#1 
6	% 
 0 0 0  0 1  1
 0 0 0 -1 0  0
 0 0 0  0 0 -1
 1 0 0  0 0  0
 0 1 0  0 0  0
 0 0 1  0 0  0
1,1;1,1;1;1 1 7
12 
#1 
6	% 
 0 0 -1  0 -1  1
 0 0  0 -1 -1 -1
 1 0  0  0  0  0
 0 1  0  0  0  0
 0 0  1  1  1  0
 0 0 -1  1  0  1
1,1;1,1;1;1 1 1
6 
#1 
6	% 
 0 0  1 1  0 0
 0 0 -1 0  0 0
 0 0  0 0  1 1
 0 0  0 0 -1 0
 1 0  0 0  0 0
 0 1  0 0  0 0
1,1,1;1;1;1 1 10
36 
#3 
6	% 
 0  0  0  0 0 1
 0  0  0  0 1 0
 0  0  0 -1 0 0
 0 -1  0  0 0 0
 1  0  0  0 0 0
 0  0 -1  0 0 0
6	% 
 0  0  0 -1  0  0
 0  0 -1 -1 -1  1
 0  0  1  1  0 -1
 0 -1  0  0  0  0
 1  0  0  0  0  0
 0  0 -1 -1 -1  0
6	% 
  0 -1  1 -1 0  0
 -1  0  0  1 0  0
  1  0 -1  0 0  0
  0  0  0  0 0 -1
  0  0  0  0 1  0
 -1 -1  0  0 0  0
1,1;1,1;1,1 1 5
18 
#2 
6	% 
 0 -1  0  0  0 0
 1  1  0  0  0 0
 0  0  0  0  0 1
 0  0 -1  0  0 0
 0  0  0  0 -1 0
 0  0  0 -1  0 0
6	% 
  0  0  0  0 1  1
  0  0  0  0 0 -1
  1  1  1  0 0  0
 -1 -1  0  0 0  0
  0  1  1 -1 0  0
  0  0 -1  1 0  0
1,1;1,1;1;1 1 34
18 
#2 
6	% 
 0 0  0 -1 0 1
 0 0 -1  0 0 0
 0 1  0  0 0 0
 0 0  0  1 0 0
 0 0  1  0 1 0
 1 0  0  0 0 0
6	% 
 0  1  0 0 0 0
 0 -1  0 1 0 0
 0  0  0 0 0 1
 1  0  1 0 0 0
 0  0 -1 0 0 0
 0  0  0 0 1 0
1,1;1,1;1;1 1 19
24 
#2 
6	% 
 0 0 -1  0 -1  1
 0 0  0 -1 -1 -1
 0 0  1  1  1  0
 0 1  0  0  0  0
 0 0 -1  1  0  1
 1 0  0  0  0  0
6	% 
 -1  0 -1  1 0 0
  0 -1 -1 -1 0 0
  1  1  1  0 0 0
  0  0  0  0 0 1
 -1  1  0  1 0 0
  0  0  0  0 1 0
1,1;1,1;1;1 1 4
9 
#2 
6	% 
 0 0  1 1  0  0
 0 0 -1 0  0  0
 0 0  0 0  1  0
 0 0  0 0 -1 -1
 0 1  0 0  0  0
 1 0  0 0  0  0
6	% 
 0  1 1  0 0 0
 0 -1 0  0 0 0
 0  0 0 -1 0 0
 1  0 0  1 0 0
 0  0 0  0 0 1
 0  0 0  0 1 0
2-2;1,1;1,1 1 3
16 
#1 
6	% 
 1 0  0 0  0 0
 0 0  0 0  1 1
 0 0  0 0 -1 0
 0 0  0 1  0 0
 0 0 -1 0  0 0
 0 1  0 0  0 0
1,1;1,1;1,1 1 10
24 
#1 
6	% 
  0 -1 -1 -1  0  0
  0  0  0  0 -1  0
  0  1  0  0  1  1
 -1 -1 -1  0  0  0
  0  0 -1  0  1  1
  0  0  0  0  0 -1
1,1;1,1;1;1 1 9
36 
#2 
6	% 
  0  1  0 0  0  0
  0 -1 -1 0  0  0
  0  0  0 0 -1  0
  0  0  0 1  1  1
  0  0  0 0  0  1
 -1  0  0 0 -1 -1
6	% 
  0 0  0  0 0 -1
  0 0  0  0 1  1
  0 0 -1  0 0  0
  0 1  1  1 0  0
  0 0  0  1 0  0
 -1 0 -1 -1 0  0
1,1;1,1;1;1 1 8
48 
#1 
6	% 
  1  0 1 1  0  0
  0 -1 0 0 -1 -1
  0  1 0 0  0  1
 -1  0 0 0  0  0
  0  0 0 1  0  0
  0 -1 0 0 -1  0
1,1;1,1;1;1 1 25
72 
#2 
6	% 
  1  0 -1  1  0 0
  0  1  1  0  0 1
 -2 -1  1 -1  0 0
  1  1  0  1  0 0
  1  1 -1  2  0 0
  0 -1 -1  0 -1 0
6	% 
  0 0 0  0 -1  0
  0 1 0  0  1 -1
  0 0 0 -1  0  0
  0 0 0  0  0 -1
  0 0 1  0  0  0
 -1 0 0  0 -1  1
1,1,1;1;1;1 1 15
24 
#1 
6	% 
 0 0 1  0 0  0
 0 0 0  0 0 -1
 0 0 0 -1 0  0
 0 1 0  0 0  0
 1 0 0  0 0  0
 0 0 0  0 1  0
2-1;1;1;1;1 1 35
12 
#1 
6	% 
 0  0  0  0 0 1
 0  0  0  0 1 0
 0  0  0 -1 0 0
 0  0 -1  0 0 0
 0 -1  0  0 0 0
 1  0  0  0 0 0
2-2;1,1,1;1 1 4
16 
#1 
6	% 
  0 0 0 0  1 0
  0 0 0 0  1 1
  0 0 1 0 -1 0
  0 0 0 1  0 0
  0 1 0 0  0 0
 -1 0 0 0  0 0
1,1,1;1;1;1 1 19
8 
#1 
6	% 
  0  0 0  0 0 1
  0  0 0  0 1 0
  0  0 0 -1 0 0
 -1  0 0  0 0 0
  0  0 1  0 0 0
  0 -1 0  0 0 0
1,1;1,1;1;1 1 39
24 
#1 
6	% 
 -1 -1 -1 -1 -2  1
  1  1  1  1  1 -2
 -1  0 -1 -1 -1  1
  1  1  1  0  1 -1
  0  1  1  1  1 -1
  1  1  0  1  1 -1
2-1;1,1;1;1 1 4
24 
#1 
6	% 
 0  0 0 1  0  0
 1  0 0 0  0  0
 0 -1 0 0 -1 -1
 0  0 1 0  0  0
 0  1 0 0  0  1
 0 -1 0 0 -1  0
2-1;1,1;1;1 1 18
24 
#1 
6	% 
 0  0 0 1  0  0
 1  0 0 0  0  0
 0  0 0 0 -1  0
 0  0 1 0  1  1
 0  0 0 0  0  1
 0 -1 0 0 -1 -1
2-1;1,1;1;1 1 6
12 
#2 
6	% 
 1 0  0 0 0 0
 0 0  0 1 0 0
 0 0 -1 0 0 0
 0 1  1 0 0 0
 0 0  0 0 0 1
 0 0  0 0 1 0
6	% 
 1 0 0 0  0  0
 0 1 0 0  0  0
 0 0 0 0  1  0
 0 0 0 0 -1 -1
 0 0 0 1  0  0
 0 0 1 0  0  0
3;1,1,1 2 1
4 
#1 
6	% 
 0 0  0 1  0  0
 0 1  0 0  0  0
 1 0  0 0  0  0
 0 0  0 0 -1 -1
 0 0 -1 0  0 -1
 0 0  1 0  1  1
2-1;1,1;1;1 1 1
6 
#1 
6	% 
 0 0 0 1  0 0
 1 0 0 0  0 0
 0 0 0 0  1 1
 0 0 0 0 -1 0
 0 1 0 0  0 0
 0 0 1 0  0 0
2-1;2-1;1;1 1 5
3 
#1 
6	% 
 0 1 0 0 0 0
 0 0 1 0 0 0
 0 0 0 1 0 0
 1 0 0 0 0 0
 0 0 0 0 0 1
 0 0 0 0 1 0
2-1;2-1;1,1 1 1
3 
#1 
6	% 
 0 0 1 0 0  0
 0 1 0 0 0  0
 0 0 0 1 0  0
 1 0 0 0 0  0
 0 0 0 0 0 -1
 0 0 0 0 1  1
2-1;1;1;1;1 1 14
6 
#1 
6	% 
 0 0 0 1 0 0
 1 0 0 0 0 0
 0 0 1 0 0 0
 0 0 0 0 0 1
 0 1 0 0 0 0
 0 0 0 0 1 0
2-1;1;1;1;1 1 3
6 
#1 
6	% 
 1 0 0 0 0 0
 0 0 0 1 0 0
 0 1 0 0 0 0
 0 0 1 0 0 0
 0 0 0 0 0 1
 0 0 0 0 1 0
4-1;1,1 1 1
1 
#1 
6	% 
 0 1 0 0 0  0
 1 0 0 0 0  0
 0 0 0 1 0  0
 0 0 1 0 0  0
 0 0 0 0 0 -1
 0 0 0 0 1  1
2-1,2-1;1,1 3 1
6 
#1 
6	% 
  0 -1  0 0 0  0
  0  0  0 1 0  0
  0  0 -1 0 0  0
 -1  0  0 0 0  0
  0  0  0 0 0 -1
  0  0  0 0 1  1
2-1,2-1;1;1 1 3
12 
#1 
6	% 
 1  0 0 -1 0 0
 0  1 1  0 0 0
 0  0 0  1 0 0
 0 -1 0  0 0 0
 0  0 0  0 0 1
 0  0 0  0 1 0
2-1,2-1;1,1 1 1
12 
#1 
6	% 
 1  0  0 -1 0  0
 0 -1 -1  0 0  0
 0  0  0  1 0  0
 0  1  0  0 0  0
 0  0  0  0 0 -1
 0  0  0  0 1  1
2-1,2-1;1;1 2 4
12 
#1 
6	% 
  0  1 -1 -1 0 0
 -1 -1  0 -1 0 0
  0  0  0  1 0 0
  0  1  0  0 0 0
  0  0  0  0 0 1
  0  0  0  0 1 0
2-1,2-1;1,1 2 1
12 
#1 
6	% 
  0  1 -1 -1 0  0
 -1 -1  0 -1 0  0
  0  0  0  1 0  0
  0  1  0  0 0  0
  0  0  0  0 0 -1
  0  0  0  0 1  1
2-1;2-1;1,1 1 6
6 
#1 
6	% 
 0 0 0 0  1  0
 0 0 0 0 -1 -1
 0 0 0 1  0  0
 0 0 1 0  0  0
 0 1 0 0  0  0
 1 0 0 0  0  0
2-1;2-1;1;1 1 21
6 
#1 
6	% 
 0 0 -1 0 0 0
 0 0  0 0 0 1
 0 1  0 0 0 0
 0 0  0 1 0 0
 1 0  0 0 0 0
 0 0  0 0 1 0
4-1';1;1 1 3
12 
#1 
6	% 
 0 -1 0 0 0 0
 0  0 0 1 0 0
 0  0 1 0 0 0
 1  0 0 0 0 0
 0  0 0 0 0 1
 0  0 0 0 1 0
4-1';1,1 1 1
12 
#1 
6	% 
 0 -1 0 0 0  0
 0  0 0 1 0  0
 0  0 1 0 0  0
 1  0 0 0 0  0
 0  0 0 0 0 -1
 0  0 0 0 1  1
2-1,2-1;1;1 3 3
6 
#1 
6	% 
  0 -1  0 0 0 0
  0  0  0 1 0 0
  0  0 -1 0 0 0
 -1  0  0 0 0 0
  0  0  0 0 0 1
  0  0  0 0 1 0
2-2;1,1;1;1 1 6
16 
#1 
6	% 
 0  0 0 0 0 -1
 0  0 0 0 1  1
 1  0 0 0 0  0
 0  0 0 1 0  0
 0  0 1 0 0  0
 0 -1 0 0 0  0
1,1;1;1;1;1 1 9
48 
#2 
6	% 
 0 1  1 -1 0 0
 1 0  0  0 0 0
 0 0  0  0 0 1
 0 0 -1  1 0 0
 0 0  0  0 1 0
 0 1  1  0 0 0
6	% 
 0 0 0 -1 -1  1
 1 0 0  0  0  0
 0 0 1  0  0  0
 0 0 0  1  0 -1
 0 1 0  0  0  0
 0 0 0 -1 -1  0
1,1;1;1;1;1 1 3
12 
#2 
6	% 
 0 0  1 1 0 0
 0 0 -1 0 0 0
 1 0  0 0 0 0
 0 1  0 0 0 0
 0 0  0 0 0 1
 0 0  0 0 1 0
6	% 
 0 0 0 0 0 1
 0 0 0 0 1 0
 1 0 0 0 0 0
 0 0 0 1 0 0
 0 0 1 0 0 0
 0 1 0 0 0 0
1,1;1;1;1;1 1 1
1 
#1 
6	% 
 0 0 0 0 1 0
 0 0 0 0 0 1
 1 0 0 0 0 0
 0 1 0 0 0 0
 0 0 1 0 0 0
 0 0 0 1 0 0
1,1;1;1;1;1 1 2
8 
#1 
6	% 
 0 0 0 -1 -1  1
 1 0 0  0  0  0
 0 1 0  0  0  0
 0 0 1  0  0  0
 0 0 0  1  0 -1
 0 0 0 -1 -1  0
3;1,1;1 2 1
4 
#1 
6	% 
 0 0 0 1 0 0
 0 0 1 0 0 0
 0 1 0 0 0 0
 0 0 0 0 1 0
 0 0 0 0 0 1
 1 0 0 0 0 0
2-2;1,1;1;1 1 7
32 
#1 
6	% 
 1  0  0  0  0  0
 0  1  1 -1  0 -1
 0 -1 -1  1 -1  0
 0 -2 -2  1 -1  1
 0 -2 -1  2 -1  1
 0 -1 -2  2 -1  1
1,1;1;1;1;1 1 11
24 
#1 
6	% 
 1 0 0 0  0  0
 0 0 1 0  0  0
 0 0 0 0  1  0
 0 0 0 1 -1 -1
 0 1 0 0  1  1
 0 0 0 0  0 -1
2-2;1,1;1;1 1 11
32 
#1 
6	% 
 -1  0  0 0 -1 -1
  1  0  0 0  0  1
 -1  0  0 0 -1  0
  0  0  0 1  0  0
  0  0 -1 0  0  0
  0 -1  0 0  0  0
1,1;1;1;1;1 1 28
36 
#2 
6	% 
 0  0 0 0  0 -1
 0  0 1 0  1  1
 0  0 0 1  0  0
 0  0 0 0  1  0
 1  0 0 0  0  0
 0 -1 0 0 -1 -1
6	% 
 0  0 -1 0 0 0
 0 -1  1 1 0 0
 0  0  0 0 0 1
 0 -1  0 0 0 0
 0  0  0 0 1 0
 1  1 -1 0 0 0
1,1;1;1;1;1 1 25
9 
#2 
6	% 
 0 1 0  0 0 0
 0 0 1  0 0 0
 0 0 0  0 0 1
 0 0 0 -1 0 0
 1 0 0  0 0 0
 0 0 0  0 1 0
6	% 
 0 0 0  0  1 1
 0 0 0  0 -1 0
 0 0 1  0  0 0
 0 0 0 -1  0 0
 1 0 0  0  0 0
 0 1 0  0  0 0
2-2;1,1;1;1 1 8
16 
#1 
6	% 
 1 0  0  0 0 0
 0 0  0  0 0 1
 0 0  0  0 1 0
 0 0  0 -1 0 0
 0 0 -1  0 0 0
 0 1  0  0 0 0
3;1,1;1 2 4
8 
#1 
6	% 
  0 0 0 1  0  0
  0 0 1 0  0  0
  0 1 0 0  0  0
 -1 0 0 0 -1 -1
  1 0 0 0  0  1
 -1 0 0 0 -1  0
3;1,1;1 1 11
16 
#1 
6	% 
 0  0 0 0 -1  0
 0  0 0 0  0 -1
 0  0 0 1 -1 -1
 0  0 1 0 -1 -1
 0 -1 0 0  1  1
 1  0 0 0  1  1
1,1;1;1;1;1 1 54
16 
#1 
6	% 
 0 0 0 0  0 1
 0 0 0 0 -1 0
 0 0 0 1  0 0
 0 1 0 0  0 0
 1 0 0 0  0 0
 0 0 1 0  0 0
3;1,1;1 1 12
8 
#1 
6	% 
 -1  0 0 1 0 0
 -1  0 1 0 0 0
  1 -1 0 0 0 0
  0  0 0 0 1 0
  0  0 0 0 0 1
  1  0 0 0 0 0
2-2;1;1;1;1 1 7
16 
#1 
6	% 
 1  0  0 0 0 0
 0  0  0 0 0 1
 0  0  0 0 1 0
 0  0  0 1 0 0
 0  0 -1 0 0 0
 0 -1  0 0 0 0
1;1;1;1;1;1 1 7
6 
#1 
6	% 
 1 0 0 0 0 0
 0 0 0 1 0 0
 0 0 1 0 0 0
 0 0 0 0 0 1
 0 1 0 0 0 0
 0 0 0 0 1 0
1;1;1;1;1;1 1 2
1 
#1 
6	% 
 1 0 0 0 0 0
 0 1 0 0 0 0
 0 0 1 0 0 0
 0 0 0 1 0 0
 0 0 0 0 0 1
 0 0 0 0 1 0
1;1;1;1;1;1 1 18
3 
#1 
6	% 
 0 1 0 0 0 0
 0 0 0 0 0 1
 0 0 0 1 0 0
 1 0 0 0 0 0
 0 0 1 0 0 0
 0 0 0 0 1 0
1,1;1;1;1;1 1 48
2 
#1 
6	% 
 0 0  0  0 0 -1
 0 0  0  0 1  1
 0 0  0 -1 0  0
 0 0 -1  0 0  0
 0 1  0  0 0  0
 1 0  0  0 0  0
1;1;1;1;1;1 1 41
2 
#1 
6	% 
 0 0  0  0 0 1
 0 0  0  0 1 0
 0 1  0  0 0 0
 0 0  0 -1 0 0
 0 0 -1  0 0 0
 1 0  0  0 0 0
3;1;1;1 1 17
8 
#1 
6	% 
  0  0 0 0 0 -1
  0  0 0 0 1  0
  0  0 0 1 0  0
  0  0 1 0 0  0
  0 -1 0 0 0  0
 -1  0 0 0 0  0
3;1;1;1 2 3
4 
#1 
6	% 
 0 0 0 1 0 0
 1 0 0 0 0 0
 0 1 0 0 0 0
 0 0 1 0 0 0
 0 0 0 0 0 1
 0 0 0 0 1 0
