#10

1,1,1;1;1;1 1 13
1 
#1 
6	% 
 1 0 0 0 0 0
 0 1 0 0 0 0
 0 0 1 0 0 0
 0 0 0 1 0 0
 0 0 0 0 1 0
 0 0 0 0 0 1
1,1,1,1,1,1 1 1
1 
#1 
6	% 
 1 0 0 0 0 0
 0 1 0 0 0 0
 0 0 1 0 0 0
 0 0 0 1 0 0
 0 0 0 0 1 0
 0 0 0 0 0 1
1,1,1;1,1,1 1 2
1 
#1 
6	% 
  1  0 0  0  1 -1
 -1 -1 0  0 -1  1
  0  0 1  0  0  1
  0  0 0 -1 -1 -1
  0  0 0  1  0  1
  0  0 0  1  1  0
1,1,1,1,1;1 1 2
3 
#2 
6	% 
  0  0  0 -1  0  1
  1  0  0  0  0  0
  1  0 -1  0  0  0
  0 -1 -1 -1 -1  2
 -1  1  1  1  0 -2
  1 -1 -1 -1 -1  1
6	% 
 1 0  0  0  0  0
 0 1  0  0  0  0
 0 0 -1 -1 -1 -1
 0 0  0  0  1 -1
 0 0  0  1  0  0
 0 0 -1  0  0 -1
1,1,1,1;1,1 1 2
1 
#1 
6	% 
  1  1  0 0  1  1
  1  0  0 0  2  1
  1  1  0 0  0  1
  0  0 -1 1  0 -1
 -1 -1  1 0 -2 -1
  1  1  1 0  1  2
1,1,1,1;1,1 1 3
2 
#1 
6	% 
  1 0  0  0  0  0
  2 1  1 -1  0  1
  0 0  0 -1 -1  0
 -1 0  0  1  0  0
  1 0  1  0  0  1
  0 0 -1  0  0 -2
1,1,1;1,1;1 1 9
2 
#1 
6	% 
  0 0  0  0 -1  1
  1 0  0  0  0  0
 -1 1  0  0  1 -1
  0 0  0  0 -1  0
  0 0  0 -1  1  1
  0 0 -1 -1  1  0
1,1,1;1,1;1 1 6
1 
#1 
6	% 
 0  0 0 0 -1  1
 1  1 0 0  0  0
 0 -1 0 0  1 -1
 0  0 1 0 -1  1
 0  0 1 1 -1  0
 0  0 0 0 -1  0
1,1,1,1;1;1 1 5
2 
#1 
6	% 
  1  0  1 -1  0  1
  0  1  1 -1  0  1
  1  1  1 -1  0  0
 -1 -1 -1  2 -1 -1
  1  1  2 -1  0  1
 -1 -1 -1  1 -1 -1
1,1,1,1;1;1 1 4
1 
#1 
6	% 
 -1  1  0 0  0  0
 -1  0  0 0  0  0
  3 -1  0 0  2  1
 -2  0  0 0 -1 -1
  1  0 -1 0  1  0
  1  0  0 1  0  0
