#36

6-3 1 1
1 
#1 
6	% 
 1 0 0 0 0 0
 0 1 0 0 0 0
 0 0 1 0 0 0
 0 0 0 1 0 0
 0 0 0 0 1 0
 0 0 0 0 0 1
1,1,1,1,1,1 1 1
1 
#1 
6	% 
 1 0 0 0 0 0
 0 1 0 0 0 0
 0 0 1 0 0 0
 0 0 0 1 0 0
 0 0 0 0 1 0
 0 0 0 0 0 1
1,1,1,1,1;1 1 2
21 
#1 
6	% 
  0  1 -1 -1 -1  1
 -1  0 -1 -1 -1  2
 -1  1 -2 -1 -1  2
 -1  1 -1  0 -1  1
  1 -1  2  1  2 -2
 -1  1 -2 -1 -2  3
2-1;1,1,1;1 1 8
105 
#1 
6	% 
  1 0 -1 0  0  0
 -1 1  0 0  0  0
  0 0  1 0  0 -1
  0 0  1 0 -1  0
  0 0 -1 1  0  0
  0 0 -1 0  0  0
1,1,1,1;1,1 1 3
105 
#1 
6	% 
 -1  1 0  0  0 0
  0  1 1  1 -2 1
  1  0 0  0  0 0
  0 -1 0 -1 -1 0
  0  1 0  0 -3 1
 -1  0 0  0  1 0
2-1;1,1;1,1 1 11
315 
#1 
6	% 
  1  0 1 -1 -1 0
 -1 -1 0  0  0 1
  1  0 0 -1  0 0
 -1  0 0  0  0 0
 -1  0 0  0  0 1
 -1  0 0  0  1 0
1,1,1;1,1,1 1 4
105 
#1 
6	% 
  1 0 1  0 -1  1
  1 0 0  0 -1  1
 -1 0 0 -1  1 -1
  1 1 0  1 -2  0
 -1 0 0 -1  2 -1
  1 0 0  1 -1  0
2-2;1,1,1,1 1 2
35 
#1 
6	% 
  2  1  0  0 -1 -1
  0  0 -1  1  0  0
  1  1  0  1 -1 -1
 -1 -1  1 -1  1  0
  1  1 -1  1  0 -1
 -1 -1  1 -1  1  1
2-2',2-2';1,1 1 3
140 
#1 
6	% 
 0 0  0 1 -1  0
 0 1  0 0  0 -1
 0 0 -1 0  0  0
 1 0  0 1 -2  0
 1 1  0 0  0 -2
 1 0  1 0  0  0
1,1,1,1;1;1 1 5
105 
#1 
6	% 
  1  0  0  1  0 -1
  0 -1 -1  1 -1  1
  1  0  0  0  0  0
 -1  1  1 -1  0  0
  1 -1  0  1 -1  0
 -1  0  0  0  0  1
1,1,1;1,1;1 1 12
315 
#1 
6	% 
 -2 0 0  0  0  1
 -2 0 0 -1 -1  2
  6 1 1  2  2 -6
 -1 0 0 -1  0  1
  3 1 0  2  0 -3
 -1 0 0  0  0  1
2-2;1,1,1;1 1 5
210 
#1 
6	% 
  0 -1 -1 -1 -1  2
 -1  0  0  0  0  0
  1  0  0  0  0 -1
  1  1  1  1  0 -2
  1  1  0  1  1 -2
  1  0  1  1  1 -2
4-3';1;1 1 4
126 
#1 
6	% 
  0  0  0  1  1 -1
  0  1 -1 -1  0  1
 -1  0 -2 -2 -1  3
  1  0  1  0  0 -1
 -1 -1 -1 -1 -1  3
  1  0  1  1  0 -2
2-1;1,1;1;1 1 32
315 
#1 
6	% 
  1 -1  0  0  0 0
 -1  0  1  0  0 0
  1 -1 -1  0  0 1
 -1  1  1 -1  0 0
 -1  1  1  0 -1 0
 -1  1  1  0  0 0
3;1,1,1 1 3
35 
#1 
6	% 
  0  1 -1  0 0 0
 -1  1  0  0 0 0
 -1  1 -1  0 0 1
 -1  1 -1  0 1 0
  1 -1  1 -1 0 0
  1 -1  1  0 0 0
2-2;2-1;1;1 1 13
105 
#1 
6	% 
  0  0  1 0 -1 0
 -1  0  0 0  0 1
  0 -1 -1 1  1 0
 -2  0  0 0  0 1
 -1  0  1 0  0 0
  1 -1  0 0  0 0
4-3';1,1 1 2
126 
#1 
6	% 
 -1  0 1  0  0  0
 -1 -1 0  0  1  0
 -1  0 0 -1  0  1
  1 -1 0  0  1 -1
 -1  1 0  1  0  0
  1  0 0 -1 -1  1
1,1,1;1;1;1 1 15
105 
#1 
6	% 
 -1  0 1  0  0 0
  1  0 0  0 -1 1
  1  0 0  0  0 0
  1 -1 0  0  0 0
 -1  0 0  0  1 0
 -1  0 0 -1  1 0
1,1,1;1;1;1 1 19
35 
#1 
6	% 
  2 -1 -1 0 0  0
  1  0 -1 0 0  0
 -1  1  1 0 0 -1
  1 -1 -1 0 0  0
  1 -1 -1 1 0  0
  1 -1 -1 0 1  0
2-2,2-2;1,1 1 3
420 
#1 
6	% 
  0  1  1  0 -1  0
  0  0 -1  0 -1  1
  0  0  1 -1 -1  0
 -1  0  1  0  1 -1
 -1  0  1 -1  0  0
 -1 -1  0  0  1  0
1,1;1,1;1;1 1 39
315 
#1 
6	% 
 -1 -2 -1  0  2  0
  1  1  2 -2  0 -2
 -1 -1 -1  1  0  1
  1  1  1  0 -1 -1
  1  1  1 -1 -1 -1
  1  1  1 -1 -1  0
2-2;1,1;1,1 1 6
105 
#1 
6	% 
  1  1  1  0 -2 1
 -1 -1 -1 -1  2 0
  0  0 -1  0  0 0
  0 -1 -1  0  1 0
  1  1  0  0 -1 0
 -1  0  0  0  1 0
4-2;1;1 1 6
70 
#1 
6	% 
 -1 0 0 0 0 1
 -1 0 0 0 1 0
 -1 0 0 1 0 0
 -1 0 1 0 0 0
 -1 0 0 0 0 0
 -1 1 0 0 0 0
2-2;2-2;1;1 1 18
420 
#1 
6	% 
  1  0  0 0  0 -1
  1 -1  0 0  0  0
 -1  0  0 1  0  0
 -1  0  0 0  0  0
  1  0 -1 0  0  0
  1  0  0 0 -1  0
2-2,2-2;1;1 2 6
140 
#1 
6	% 
  1 0 -2 1  1 -2
  2 0 -1 0  0 -1
 -1 0 -2 1  2 -2
  0 1 -1 1  0 -1
 -1 0  0 1  1 -1
 -1 1  1 1 -1  0
6-3' 1 1
120 
#1 
6	% 
  0 -1 0  0 1 1
 -1  0 1 -1 1 1
 -1  0 1  0 0 0
  0 -1 0  0 0 1
  0 -1 1 -1 1 1
 -1  0 1 -1 1 0
2-2;2-2;1,1 1 8
70 
#1 
6	% 
 -1 -1 -1 -1  1  2
 -1 -1 -1 -1  2  1
  1  1  1  1 -1 -1
 -1 -1  0 -1  1  1
 -1 -1 -1  0  1  1
  0 -1 -1 -1  1  1
3;2-2;1 2 8
105 
#1 
6	% 
  2 -1 0  0 -1  0
  3 -1 0 -1 -1  0
  1  0 0  0  0 -1
 -1  1 0  0  0  0
  1  0 0  0  0  0
 -2  0 1  0  0  0
3;2-2;1 1 6
35 
#1 
6	% 
  0  0  1  0  0  0
 -1 -1 -1  0  1  1
  1  0  0  0  0 -1
  2  1  1  1 -2 -2
  0 -1 -1 -1  1  1
  1  1  1  1 -1 -1
2-2;1,1;1;1 1 16
105 
#1 
6	% 
  1  1  0  1 1 -2
 -1 -1 -1 -1 0  2
  0 -1  0  0 0  0
  0 -1  0 -1 0  1
  1  0  0  1 0 -1
 -1  0  0  0 0  1
1,1;1;1;1;1 1 54
105 
#1 
6	% 
  1 0 0 0  0 0
 -1 0 0 0  0 1
 -1 0 0 1  0 0
 -1 0 1 0  0 0
 -1 1 0 0  0 0
  1 0 0 0 -1 0
4-3;1,1 1 2
21 
#1 
6	% 
 -1 0 0 1 0  0
  1 0 0 0 0 -1
 -1 0 0 0 1  0
 -1 1 0 0 0  0
 -1 0 1 0 0  0
  1 0 0 0 0  0
3;1,1;1 1 11
105 
#1 
6	% 
 -1 0 0  0  0  0
 -1 0 0  0  0  1
 -1 0 0  0 -1  1
 -1 0 0 -1  0  1
  1 0 1  0  0 -1
  1 1 0  0  0 -1
4-3;1;1 1 6
21 
#1 
6	% 
 -1  0  0  0 0  0
 -1  0  0  0 1  0
 -1  0  0 -1 0  1
 -1  0 -1  0 0  1
 -1 -1  0  0 0  1
  2  0  0  0 0 -1
5-2;1 1 4
7 
#1 
6	% 
 -1  0 0 0 0 1
 -1  0 0 0 1 0
 -1  0 0 1 0 0
 -1  0 1 0 0 0
  1 -1 0 0 0 0
  1  0 0 0 0 0
2-2;1;1;1;1 1 22
35 
#1 
6	% 
 1 1  0  0 -1 -1
 0 0 -1  1  0  0
 1 1  1 -1 -1  0
 1 1  1  0 -1 -1
 0 1  1 -1  0  0
 1 0  0  0  0 -1
