#139

3;2-1;1 1 3
1 
#1 
6	% 
 1 0 0 0 0 0
 0 1 0 0 0 0
 0 0 1 0 0 0
 0 0 0 1 0 0
 0 0 0 0 1 0
 0 0 0 0 0 1
1,1,1,1,1,1 1 1
1 
#1 
6	% 
 1 0 0 0 0 0
 0 1 0 0 0 0
 0 0 1 0 0 0
 0 0 0 1 0 0
 0 0 0 0 1 0
 0 0 0 0 0 1
1,1,1,1,1;1 1 2
12 
#4 
6	% 
  1 0  0  1  0 -1
  1 0  0  0  0  0
  2 1  1  0  0 -2
  1 0  1  1 -1 -1
 -2 0 -1 -1  1  2
  2 0  1  1  0 -2
6	% 
 -1  0 -1  0 -1  0
 -1  0  0  0  0  0
 -1 -1  0 -1 -1  0
  0  0 -1 -1 -1  0
  1  0  1  1  1 -1
 -1  0  0 -1 -1 -1
6	% 
 1 -1 0  0  0  0
 0 -1 0  0  0  0
 0 -1 0 -1  1  0
 0 -1 0  0 -1  1
 0  2 1  0  0 -1
 0 -2 0  0  0  1
6	% 
  0  0  0  1  0 -1
  0  0  1  0  0 -1
  1 -1  1  1  1  0
  0  0  0  0  1 -1
 -1  0 -1 -1 -1  1
  0 -1  1  1  1 -1
2-1;1,1,1,1 1 1
1 
#1 
6	% 
 1 0  0  0  0  0
 0 1  0  0  0  0
 0 0  0 -1 -1 -1
 0 0 -1  0 -1 -1
 0 0 -1 -1  0 -1
 0 0  1  1  1  1
1,1,1,1,1;1 1 1
2 
#1 
6	% 
  0 0  0  0 -1  0
 -1 0 -1  0 -1 -1
 -1 0  0 -1 -1 -1
  0 0 -1 -1  0 -1
  1 0  1  1  1  1
  0 1  0  0  0  0
2-1;1,1,1,1 1 2
3 
#1 
6	% 
  1  0  0  1 0 -1
  1  0  0  0 0  0
  1  1  1 -1 0 -1
  1  1  1  0 0 -1
  0  0 -1  0 1  0
 -1 -1  0  0 0  1
1,1,1;1,1,1 1 2
16 
#4 
6	% 
  0  1  0  0 0  0
 -1 -1 -1  0 0  2
  0  0  1  0 1  0
  0  0  1 -1 0  0
  0  0  0  1 0 -1
  0  0 -1  1 0  1
6	% 
  0  1 0  0  0  0
  1  1 0  0  1  0
  0  0 1 -1  0 -1
  0  0 0 -1  0  1
 -1 -1 0  1 -1  0
  1  1 0  1  0  0
6	% 
  0  0  1 0  1  0
  0 -1 -1 0 -1  0
 -1  0  0 0  0  0
  0  0  0 1  0 -1
  0  1 -1 0  0  1
  0 -1  0 0  0  1
6	% 
  0  1  0  0 0  0
 -1 -1 -1  2 0  0
  0  0 -1  0 0 -1
  0  0  1  0 1  1
  0  0  0 -1 0  0
  0  0 -1  1 0  0
2-1;1,1,1;1 1 4
10 
#3 
6	% 
 1 0  0  0  0 0
 0 1  0  0  0 0
 0 0  0 -1  0 1
 0 0 -1 -1  1 1
 0 0  0  1 -1 0
 0 0  0 -1  0 0
6	% 
 1 0 0  0  0  0
 0 1 0  0  0  0
 0 0 1 -1  0  0
 0 0 0 -2 -1  0
 0 0 0  1  0 -1
 0 0 1 -1  0 -1
6	% 
 1 0 0  0 0  0
 0 1 0  0 0  0
 0 0 0 -1 1  0
 0 0 1 -2 1 -1
 0 0 0  1 0  0
 0 0 1 -1 0  0
1,1,1,1;1,1 1 2
26 
#5 
6	% 
  0 0  0 1  0 -1
 -1 0  0 0  0  0
  0 0 -1 0  1  0
  0 1  0 0  1  0
  0 0  0 0 -1  1
  0 0  0 0  0 -1
6	% 
  0 0 -1 -1 -1  0
 -1 0 -1  0 -1  0
 -1 0  0 -1 -1  0
  0 1  1  0  0 -2
  1 0  0  1  1  1
 -1 0 -1 -1 -1  1
6	% 
 -1 -1 -1 1 0  1
  0 -1  0 0 0  0
 -1 -1 -1 0 0  2
  0  0  2 0 1  0
  1  1  0 0 0 -1
 -1 -1 -1 0 0  1
6	% 
  1  0  0  0 0  0
  1  0  0  0 1 -1
  0  0 -1  1 0  1
  0  1  0  0 0  0
 -1 -1  0 -1 0  0
  1 -1 -1  1 0  0
6	% 
 -1 -1 -1 1  1 0
  0 -1  0 0  0 0
 -1 -1 -1 0  2 0
  0  0  2 0  0 1
  1  1  0 0 -1 0
 -1 -1 -1 0  1 0
1,1,1,1;1,1 1 3
32 
#5 
6	% 
 1 -1  0  0  0  0
 0 -1 -2  0  2  0
 0  1 -2  1  1  1
 0  1  2  0 -1 -1
 0 -1 -1  0  2 -1
 0 -1  1 -1 -1  1
6	% 
  1 -1  0  0  0  0
  0 -1  0  0  2  0
 -1  0  1  1 -3  1
  0  1 -2 -1  1  0
  0 -1 -2 -1  4  0
  1  0  2  1 -1 -1
6	% 
  1 -1  1 1 -1 -1
  0  0  0 1  0 -1
  0  1  0 0  0  0
  0 -1 -1 0  0  1
 -1  0  1 0 -1 -1
  1  0  0 0  0  0
6	% 
 1 -1  0 1  1  0
 1 -1  1 0  1  0
 0  0  0 0  0  1
 0  1  0 0 -1 -1
 1  0  1 0  1 -1
 0  0 -1 0  0  1
6	% 
  0  0 -1  0 1  1
 -1  1  0 -1 0  1
  0  1  2 -1 0 -1
  0 -1 -2  1 0  0
 -1  0 -1 -1 0  0
  1  0  0  1 0  1
1,1,1,1;1,1 1 1
1 
#1 
6	% 
 0  0 -1 -1  0 -1
 0  0  0 -1 -1 -1
 0  0 -1  0 -1 -1
 0  0  1  1  1  1
 0 -1  0  0  0  0
 1  1  0  0  0  0
2-1',2-1';1,1 1 2
6 
#1 
6	% 
 -1  0  0 0 -1  0
  0 -1 -1 0  1  0
  0  0  0 1  0 -1
  0 -1  0 0  0 -1
 -1  1  1 0 -1  0
  0 -1 -1 0  0  1
2-1;1,1,1;1 1 2
6 
#1 
6	% 
 -1 0 -1 1  0  1
 -2 0 -1 1  0  1
  0 1  0 0  0  0
 -1 0 -1 0  0  1
  0 0  1 0 -1  0
  1 0  0 0  0 -1
2-1;1,1,1;1 1 7
6 
#2 
6	% 
  1  0  0  0  0  0
  0  1  0  0  0  0
  0  0  1  0  0 -1
  0  0  0  0 -1  1
  1  1  0 -1  0  1
 -1 -1 -1  1  0  1
6	% 
  1  0  0  0  0  0
  0  1  0  0  0  0
  0  0  1 -1  0  0
  0  0  0  1 -1  0
  1  1  0  1  0 -1
 -1 -1 -1  1  0  1
2-1;1,1;1,1 1 7
6 
#1 
6	% 
 0 1  0  0  0  0
 1 0  0  0  0  0
 0 0 -1  1  0  0
 0 0  2 -1 -1 -1
 0 0 -1  1  1  0
 0 0  1 -1 -1  1
1,1,1;1,1,1 1 3
18 
#2 
6	% 
 -1  0 -1  0  1  0
  0  1  0  0 -1  0
 -1 -1  1 -1  0  0
  1  1  1  0 -1 -1
  1 -1 -1  1  1  0
 -1  1  0  0  0 -1
6	% 
 -1  1  1 -1  0 -1
 -1 -1 -1  0 -1  0
  0  1  0  0  1  0
  0  0  0  0  0  1
  1  0  0  0  1  0
  0  0  1  0  0 -1
2-1;1,1;1,1 1 2
3 
#1 
6	% 
 0  0 -1 1  0  1
 0 -1  0 0  0  0
 1  1  0 0  0  0
 0  0 -1 0  0  1
 0  0  1 0 -1  0
 0  0  0 0  0 -1
2-1;1,1,1;1 1 6
6 
#1 
6	% 
 0 0 0 -1  0  1
 0 0 0  1 -1  0
 1 0 0  1  0 -1
 0 0 0  0  1  0
 0 0 1 -1 -1  0
 0 1 0 -1  0  1
2-1',2-1';1;1 1 6
6 
#1 
6	% 
 -1 0  0  0 -1  0
  0 1  1  0 -1  0
  1 0 -1  1  1  0
  0 1  1 -1  0  0
  0 0  1 -1  0 -1
  0 0  0 -1  0  1
2-1;1,1;1,1 1 3
3 
#1 
6	% 
 1 0  0  0 0 0
 0 1  0  0 0 0
 0 0  2  0 1 0
 0 0  0 -1 0 1
 0 0 -1  1 0 0
 0 0  0  1 0 0
2-1;1,1;1,1 1 6
6 
#1 
6	% 
 0  1  0  0  0  0
 1  0  1 -2  0  0
 0  0  0 -1  0  0
 0  0  0  1 -1  0
 0  1  0  1  0 -1
 0 -1 -1  1  0  1
1,1,1;1,1,1 1 4
12 
#1 
6	% 
  1 -1 0  1 -1  1
  1 -1 0  1  0  0
 -1  2 0 -2  1  0
  1 -1 1  1 -1 -1
 -2  1 0 -2  1  0
  1 -1 0  1 -1  0
2-1;1,1;1,1 1 10
6 
#1 
6	% 
  0  0  0  1 -1  0
 -2 -1 -2  2  0  2
  1  2  0  2  0 -2
  0  0  1 -1  0  0
  1  1  1 -1  0 -1
 -1 -1  0 -1  0  1
2-2;1,1,1,1 1 2
4 
#1 
6	% 
  2  1  2 -1 -1 -1
  1  0  0  0  0  0
  1  1  0  0  0  0
 -2 -1 -1  1  0  1
  2  1  1  0 -1 -1
 -2 -1 -1  0  0  1
1,1,1,1;1;1 1 2
20 
#3 
6	% 
 0 0  0 1  0 -1
 0 1  1 0  0 -2
 0 0 -1 0  1  0
 1 0  0 0  0  0
 0 0  0 0 -1  1
 0 0  0 0  0 -1
6	% 
  1 0  1 -1  0 -1
  1 0  1 -2  1 -1
  1 0  1 -1 -1  0
  0 1  0  0  0  0
 -1 0 -1  2  0  1
  1 0  2 -2  0 -1
6	% 
  0 0 -1 -1 -1  0
 -1 0  0 -1 -1  0
 -1 0 -1  0 -1  0
  0 1  0  0  0  0
  1 0  1  1  1 -1
 -1 0  0 -1 -1 -1
1,1,1,1;1;1 1 4
3 
#1 
6	% 
 1  1  0  1  0 -1
 0  1  0  1  0 -1
 0 -2  1 -3  0  1
 0  0 -1  2  0  0
 0  0  1 -1  0  0
 0  0  1 -1 -1  0
1,1,1;1,1;1 1 7
60 
#6 
6	% 
 0  2  2 0 -1 -2
 0  2  1 0  0 -2
 0 -5 -4 0  1  6
 0  1  0 1  0 -1
 1  0  0 0  0  0
 0  1  1 0  0 -1
6	% 
  2 0 -2  2  1 0
  0 0  3 -2 -2 0
 -1 0 -4  2  3 0
  0 0  1 -1 -1 1
  0 1  0  0  0 0
  1 0 -1  1  1 0
6	% 
 0  0  1  0  0  0
 0  2 -1  1 -1  0
 0 -3  2 -2  2  0
 0  1 -1  1  0  0
 1  0  0  0  0  0
 0  0  1  0  0 -1
6	% 
 -2  0 -1  0  0  2
 -2  0  0  0 -1  2
  5  0  0  0  2 -4
 -1 -1  0  0 -1  1
  0 -1  0  0 -1  0
 -1  0  0 -1  0  1
6	% 
  1 -1  0  0 0  0
  2 -2  1 -2 0  0
 -4  4 -2  3 1  0
  1 -1 -1 -1 0 -1
  0  0 -2  0 0 -1
  1  0  0  0 0  0
6	% 
  1 -1  0  0  0 0
  2 -2  1  0 -2 0
 -4  4 -2  0  3 1
  1 -1 -1 -1 -1 0
  0  0 -2 -1  0 0
  1  0  0  0  0 0
1,1,1;1,1;1 1 5
18 
#2 
6	% 
 0  0  1 -2 0 0
 0 -1  0 -1 0 1
 0  1 -1  2 0 0
 1  0  1 -1 0 0
 1  0  0  0 0 0
 0  0  0  0 1 0
6	% 
  0  2  1 0 -1  0
 -1  1  0 0  0  0
  1 -2 -1 0  1  0
  0  1  0 1  0  0
  0  0  0 1  0 -1
  0  0  0 0  1  0
1,1,1;1,1;1 1 2
10 
#3 
6	% 
 0 0  0 -2  1 0
 0 0 -1 -1  1 1
 0 0  1  2 -2 0
 1 0  0  0  0 0
 0 1  0  0  0 0
 0 0  0 -1  1 0
6	% 
 0 0  1  0  0 0
 0 0  0  1  0 0
 0 0 -2 -1 -1 0
 1 0  0  0  0 0
 0 1  0  0  0 0
 0 0  0  0  0 1
6	% 
 0 0  1 -2 0  0
 0 0  0 -1 0  1
 0 0 -1  2 1 -1
 1 0  0  0 0  0
 0 1  0  0 0  0
 0 0  0 -1 0  0
1,1,1;1,1;1 1 9
44 
#7 
6	% 
 0  0 -1  2  0  0
 1  1  0  0  0  0
 0 -1  1 -2  0  0
 0  0 -2  1  1  1
 0  0  2  0 -2 -1
 0  0  0  0 -1  0
6	% 
 0  0 -1  0  0  2
 1  1  0  0  0  0
 0 -1  1  0  0 -2
 0  0 -2  1  1  1
 0  0  2 -1 -2  0
 0  0  0  0 -1  0
6	% 
 0  0 -1  1  1  0
 0  1  0  0  0  0
 1 -1  1 -1 -1  0
 0  0 -2  1  0  0
 0  0  1  0  0 -1
 0  0  1  0  0 -2
6	% 
 0 0  1  0  0 0
 0 0  0  1  0 0
 0 0 -2 -1 -1 0
 0 0  0  0  0 1
 0 1  0  0  0 0
 1 1  0  0  0 0
6	% 
 0  2  1  0 -1  0
 0  1  0  0  0  0
 1 -3 -1  0  1  0
 0  1  1  0  1 -1
 0  0  0 -1 -1  1
 0  0  1 -2  0  0
6	% 
  0  0 -1 -1  1 0
  0  0  0  0  0 1
  0  0  0  1 -1 0
 -1  1 -1  0  1 0
  0 -1  0  0  0 0
 -1 -1  0  0  0 0
6	% 
 0 0  1 0  0  0
 0 0  0 0  1  0
 0 0 -2 0 -1 -1
 0 0  0 1  0  0
 0 1  0 0  0  0
 1 1  0 0  0  0
1,1,1,1;1;1 1 5
32 
#5 
6	% 
 -1  0 -1  0  1  0
 -1  1  0  0  0  0
 -1  1 -1  1  1 -1
  2 -1  2 -1 -1  0
 -2  1 -2  1  2  0
  1 -1  2 -1 -1 -1
6	% 
  0  1 -1 0  1  0
  1  1 -2 0  2  0
  1  1  0 0  0 -1
 -1 -2  1 1 -2  1
  1  2 -2 1  2 -1
 -1 -1  0 0 -1  1
6	% 
 0 0  1 0 -1  0
 0 0  2 1 -2 -1
 0 1  1 0 -1  0
 0 0 -2 0  1  1
 0 0  2 0 -2 -1
 1 0 -1 0  1  0
6	% 
  1 -1 1  1  1  0
  1 -1 0  2  1  0
  1  0 0  1  1  0
 -1  1 0 -2 -1 -1
  1 -1 1  2  1 -1
  0  1 0 -1 -1  0
6	% 
 0 0 0  1 -1  0
 0 0 0  1  0 -1
 0 1 0  1 -1  0
 0 0 0 -1  1  1
 0 0 1  1 -1 -1
 1 0 0 -1  1  0
1,1,1;1,1;1 1 12
72 
#6 
6	% 
 -2  2  2 0 -3  2
 -1  1 -1 0  0  2
  3 -3  0 0  2 -4
  0  1 -1 1  0  1
  2 -1  0 0  1 -2
 -1  1  1 0 -1  1
6	% 
 -2 -2  0 -2  1  0
 -2 -2  1 -2  0  0
  5  5  0  4 -2  0
  0 -2  1 -1  0 -1
  1  4 -1  2 -1  2
 -1 -1  0 -1  1  0
6	% 
  0  0  1  0 0 0
 -1  1  1 -1 1 0
  1 -1 -4  0 0 0
 -1  0  0  0 1 0
  1  0 -2  0 0 0
  0  0  0  0 0 1
6	% 
 -1  1 -2  0  2 0
 -2  2 -1 -2  2 0
  4 -4  6  2 -7 0
 -1  1 -1 -1  1 1
  2 -2  3  1 -4 0
 -1  0 -1  0  1 0
6	% 
 0  0  1  0  0 -2
 0  0  1 -1  1 -2
 1 -1 -3  1 -1  6
 0  0  0  0  1 -1
 1  0 -1  0 -1  3
 0  0  0  0  0 -1
6	% 
 -1  1  0  0  0  0
 -2  2 -1  0 -2  2
  4 -4  2  0  5 -4
 -1  1  1  1 -3  1
  2 -2 -1 -1  5 -2
 -1  0  0  0  0  0
1,1,1;1,1;1 1 10
12 
#1 
6	% 
 -1  1  0 -2  0  2
 -2  2  1 -2  0  0
  4 -4 -1  5  0 -3
  0  1  0 -1  0  1
 -1  1  1 -1 -1  0
  0  0  0  0 -1  0
2-2;2-1;1,1 1 3
4 
#1 
6	% 
 0 1 0  0  0  0
 1 0 0  0  0  0
 0 0 1 -1 -1  1
 0 0 0  1  0 -1
 0 0 0  0 -1  1
 0 0 0  0  0 -1
1,1,1;1,1;1 1 3
32 
#5 
6	% 
 0 0 1  0  0 0
 1 0 0  0  0 0
 0 0 0  0  0 1
 0 0 1  0 -1 0
 0 0 1 -1 -1 0
 0 1 0  0  0 0
6	% 
 0 0  1  1 -1  0
 0 0  0  0  0 -1
 0 0 -2 -1  1  1
 0 0  0  1  0  0
 1 0  0  0  0  0
 0 1  0  0  0  0
6	% 
 0 0 1 0 0 0
 0 0 0 0 1 0
 0 0 0 0 0 1
 0 0 0 1 0 0
 1 0 0 0 0 0
 0 1 0 0 0 0
6	% 
 0 0 -1  2  0 0
 1 0  0  1 -1 0
 0 0  1 -3  1 0
 0 0  1  1  0 1
 0 0  2  0  0 1
 0 1  0  0  0 0
6	% 
 0 0  1  0  0 0
 0 0  0  1  0 0
 0 0 -2 -1 -1 0
 0 0  0  0  0 1
 1 0  0  0  0 0
 0 1  0  0  0 0
1,1,1;1,1;1 1 8
24 
#2 
6	% 
  2 0 -1  2  2 -2
  2 0 -1  1  1  0
 -5 0  3 -4 -4  2
  1 0 -1  1  1 -1
  1 0  0  0  1  0
  0 1  0  0  0  0
6	% 
 0 0  0  0  1 0
 0 0 -1  2  1 0
 1 0  2 -4 -3 0
 0 0 -2  0  2 1
 0 0  0  1  0 0
 0 1  0  0  0 0
2-2;1,1,1;1 1 3
8 
#1 
6	% 
 1 0  0  0 0  0
 0 0  0 -1 1  1
 0 1  0  0 0  0
 0 0  0  0 0 -1
 0 0 -1  0 1  1
 0 0  0  1 0 -1
1,1,1,1;1;1 1 1
1 
#1 
6	% 
 0 0 -1 -1  0 -1
 0 0 -1  0 -1 -1
 0 0  0 -1 -1 -1
 0 0  1  1  1  1
 1 0  0  0  0  0
 0 1  0  0  0  0
1,1,1;1,1;1 1 6
36 
#6 
6	% 
 0  0 -1 0 0 0
 0  1  0 0 0 0
 1 -1  1 0 0 0
 0  0 -1 1 0 0
 0  0 -1 1 1 0
 0  0 -1 0 0 1
6	% 
 0  2 -1 0 0 0
 0  1  0 0 0 0
 0 -2  2 0 1 0
 0  1 -1 1 0 0
 1  0  0 0 0 0
 0  1 -1 0 0 1
6	% 
 0  0 -1 0 0  2
 1  1  0 0 0  0
 0 -1  1 0 0 -2
 0  0 -1 1 0  1
 0  0 -1 1 1  0
 0  0 -1 0 0  1
6	% 
  0 0  1 -2 0  0
  1 0  1 -2 0  0
 -1 0 -2  3 1  0
  0 1  1 -1 0 -1
  0 1  0  0 0  0
  0 0  0 -1 0  0
6	% 
 0  0  1 0 -2 0
 0  1  1 0 -2 0
 0 -1 -2 0  3 1
 0  0  0 1 -1 0
 1  0  0 0  0 0
 0  0  0 0 -1 0
6	% 
 0  0 -1  2 0 0
 1  1  0  0 0 0
 0 -1  1 -2 0 0
 0  0 -1  1 1 0
 0  0 -1  0 1 1
 0  0 -1  1 0 0
2-2;1,1,1;1 1 5
12 
#2 
6	% 
  1  0  0  0  0  0
  2  1  1 -1  1 -1
 -2 -1  0  1 -1 -1
 -3 -1 -1  1 -1  0
 -3 -1 -1  2 -1  0
 -3 -1  0  1 -2  0
6	% 
 1 -1  1 -1  1 -1
 0  1  0  0  0  0
 1  0  0  0  0  0
 0  0  0  0 -1  0
 0  0  0  1 -1  0
 0  0 -1  1  0  0
1,1,1,1;1;1 1 6
6 
#2 
6	% 
  1  1  1 -1 -1  0
  1  0  0  0  0  0
  0  1  0  0  0  0
 -1 -1 -1  0  1  0
  1  1  1  0 -1 -1
  0  0 -1  0  0  1
6	% 
  1  1  1  0 -1 -1
  1  0  0  0  0  0
  0  1  0  0  0  0
 -1 -1 -1  0  0  1
  1  1  1 -1  0 -1
  0  0 -1  1  0  0
1,1,1;1,1;1 1 11
24 
#3 
6	% 
  0  0 -1 0 -2 0
 -1  1  0 0 -2 0
  1 -1  2 0  5 0
 -1 -1 -1 1 -1 0
  0  1  0 0 -1 0
  0  0 -1 0 -1 1
6	% 
  2  2  1 0 -2  0
  3  3  1 0 -2  0
 -6 -6 -3 1  5  0
  2  0  1 0 -1 -1
  1  2  0 0 -1  1
  1  1  0 0 -1  0
6	% 
  0  0  1  0 -2 0
 -1  1  1  0 -2 0
  1 -1 -3  0  5 1
  0  0  0  1 -1 0
  0  1  1 -1 -1 0
  0  0  0  0 -1 0
1,1;1,1;1;1 1 16
48 
#4 
6	% 
 0 1  1 0  0 -2
 1 0  0 0  0  0
 0 0  1 0 -1  0
 0 0 -2 1  1  1
 0 0 -1 1  1  0
 0 0 -1 1  1 -1
6	% 
 1 0  1 -2  0  0
 0 1  0  0  0  0
 0 0  2  0 -1 -1
 0 0 -3  1  2  1
 0 0 -2  0  2  1
 0 0 -2 -1  2  1
6	% 
 1 0  1 -1 -1 0
 0 1  0  0  0 0
 0 0 -1  0  0 1
 0 0 -1  1  0 0
 0 0  0  0  0 1
 0 0  0  0 -1 0
6	% 
 0 -1  0 0 -1  0
 1  0  0 0  0  0
 0  0  1 1 -1 -1
 0  1 -2 0  2  1
 0  0 -2 1  1  1
 0 -1 -2 0  1  1
2-2;1,1,1;1 1 6
4 
#1 
6	% 
  1  0  0  0  0  0
  0  1  0  0  0  0
  0  0 -1  1  0  0
  1  1  1  0 -1 -1
  0  0  1 -1 -1  0
 -1 -1  0  0  0  1
1,1;1,1;1;1 1 18
24 
#3 
6	% 
 0  0 -2 -1  0  0
 0  1  0  0  0  0
 1  0  0  0  0  0
 0  1  1  0 -1 -1
 0  0 -1 -1 -1  0
 0 -1  1  1  0  1
6	% 
  0 0 -2  0 -1  0
  1 0  0  0  0  0
  0 1  0  0  0  0
  1 0  1 -1  0 -1
  0 0 -1  0 -1 -1
 -1 0  1  1  1  0
6	% 
  1 0  0  0 0  0
  0 0 -1  0 1  1
  0 1  0  0 0  0
  0 0  0  0 0  1
  1 0  1 -1 0  0
 -1 0  0  1 0 -1
1,1;1,1;1;1 1 9
12 
#2 
6	% 
 0 -1  0  0  0  0
 1  1  0  0  0  0
 0  0 -1  1  1 -1
 0  0  2 -2 -1  0
 0  0  2 -1 -1 -1
 0  0 -2  1  1  0
6	% 
 0 -1  0  0  0  0
 1  1  0  0  0  0
 0  0  0 -1 -1  1
 0  0  0  0  2 -1
 0  0  1 -1  1 -1
 0  0 -1  0 -1  1
1,1;1,1;1;1 1 11
6 
#2 
6	% 
 0  0 2 1  0  0
 0 -1 0 0  0  0
 1  1 0 0  0  0
 0  0 0 0  0 -1
 0  0 1 0 -1  0
 0  0 0 0  1 -1
6	% 
 0  0 -1 1  0  1
 0 -1  0 0  0  0
 1  1  0 0  0  0
 0  0  1 0  0 -1
 0  0 -1 0  1  1
 0  0  1 0 -1  0
1,1;1,1;1;1 1 25
48 
#4 
6	% 
  0  0 -2  1  1  1
  0  0  1  0 -1  0
  0 -1  1  0  0 -2
  0  0  1 -1 -1  1
 -1  0 -1  0  0  2
  0  0 -1  1  1  0
6	% 
  0  0 -2 0  1  1
  0  0  1 1 -1 -1
  0 -1  0 0  2  0
  0  0  2 0 -2 -1
 -1  0  0 0 -2  0
  0  0 -2 1  1  1
6	% 
  0  0 -2  1  1 0
  0  0  1 -1 -1 1
  0 -1  0  0  2 0
  0  0  2 -1 -2 0
 -1  0  0  0 -2 0
  0  0 -2  1  1 1
6	% 
  1 -1 -1 -1 1  1
 -2  1 -1  2 0  0
  0  0  1  0 0 -1
 -1  1 -2  1 1  1
  0  0 -1  0 1  1
  1 -2  1 -2 0  0
1,1;1,1;1;1 1 24
24 
#3 
6	% 
  0  0  1 1  0  0
 -1  2 -1 0  0  2
  2 -1  1 0  0 -2
  1 -1  1 0 -1 -1
  1 -1  1 0  0 -1
  0  0 -1 0  1  0
6	% 
  0  0  1  0  1  0
 -1  2 -1  2  0  0
  2 -1  1 -2  0  0
  1 -1  1 -1  0 -1
  1 -1 -1 -1 -1  0
  0  0  1  0  1  1
6	% 
  0  0  1  0  0  1
 -1  2 -1  2  0  0
  2 -1  1 -2  0  0
  1 -1  1 -1 -1  0
  1 -1 -1 -1  0 -1
  0  0  1  0  1  1
2-1;1,1;1;1 1 8
3 
#1 
6	% 
 0 1  0  0  0 0
 1 0  0  0  0 0
 0 0 -2  3  0 1
 0 0  1 -2  0 0
 0 0  0  1 -1 0
 0 0 -1  1  0 0
2-1;1,1;1;1 1 18
12 
#2 
6	% 
 0 1  0  0  0  0
 1 0  0  0  0  0
 0 0 -1 -1  1  1
 0 0  2  0 -2 -1
 0 0  2 -1 -1 -1
 0 0 -2  0  1  1
6	% 
 0 1  0  0  0  0
 1 0  0  0  0  0
 0 0 -1  1  1 -1
 0 0  2 -1 -2  0
 0 0  2 -1 -1 -1
 0 0 -2  1  1  0
1,1,1;1;1;1 1 3
6 
#1 
6	% 
 -1 0  0 -1 0 1
  1 0 -1  2 0 0
  0 1  0  0 0 0
  0 0 -1  1 0 0
  0 0  1 -2 0 0
  0 0 -1  1 1 0
1,1,1;1;1;1 1 2
10 
#3 
6	% 
 0 0 1 -1  0 -1
 0 0 0 -1  0  1
 1 0 0  0  0  0
 0 1 0  0  0  0
 0 0 0  1 -1  0
 0 0 0 -1  0  0
6	% 
 0 0 1  0  0 1
 0 0 1 -1  0 0
 1 0 0  0  0 0
 0 1 0  0  0 0
 0 0 0  1 -1 0
 0 0 1 -1 -1 0
6	% 
 0 0 1  0 1  0
 0 0 1 -1 0  0
 1 0 0  0 0  0
 0 1 0  0 0  0
 0 0 0  1 0 -1
 0 0 1 -1 0 -1
1,1,1;1;1;1 1 7
24 
#2 
6	% 
 1 0  1  0 -1  0
 0 1  0  0  0  0
 0 0  2 -1 -1 -1
 0 0 -2  1  2  0
 0 0 -1  1  1 -1
 0 0  2 -1 -1  0
6	% 
  1 0 -1  0  1  0
  0 1  0  0  0  0
  1 0  1 -1  0 -1
 -1 0  0  0 -1  1
 -1 0  0 -1  0  1
  1 0  0  0  0 -1
1,1;1,1;1;1 1 3
12 
#1 
6	% 
 0 0 -2 1  0  3
 1 0  1 0 -1  0
 0 1  0 0  0  0
 0 0  1 0  0 -2
 0 0 -1 0  0  1
 0 0 -1 0  1  1
1,1;1,1;1,1 1 4
24 
#2 
6	% 
 1  0  1 -2  0  0
 0 -1  0  0 -1  0
 0  1 -2  0  2  1
 0  0  1  1 -1 -1
 0  0  2 -1 -1 -1
 0 -1 -2  0  1  1
6	% 
 1  0  1  0  0 -2
 0 -1  0  0 -1  0
 0  1  1 -1  0  0
 0  0 -2  1  1  1
 0  0 -1  1  1 -1
 0 -1  1 -1 -1  0
1,1;1,1;1,1 1 3
6 
#1 
6	% 
  0 0 -2 1 0  3
  0 1  0 0 0  0
 -1 0 -1 0 1  0
  0 0  1 0 0 -2
 -1 0 -1 0 1  1
  1 0  0 0 0  1
1,1;1,1;1;1 1 12
24 
#2 
6	% 
 1  0  0  0 0  0
 0  1  0  0 0  0
 0 -1 -1  1 1  0
 0  1  1  0 0 -1
 0  0  0  1 0 -1
 0  0  1 -1 0 -1
6	% 
  0 1 0  0  0  0
  1 0 0  0  0  0
 -1 0 0  0 -1  1
  1 0 1 -1  0  0
  0 0 0 -1  0  1
  0 0 1 -1  0 -1
1,1,1;1;1;1 1 13
6 
#2 
6	% 
 1 0 0  0  0  0
 0 1 0  0  0  0
 0 0 0  1  0  0
 0 0 1  0 -1 -1
 0 0 0  1  0 -1
 0 0 1 -1  0 -1
6	% 
 1 0 0  0  0  0
 0 1 0  0  0  0
 0 0 0  0  0  1
 0 0 1 -1 -1  0
 0 0 0 -1  0  1
 0 0 1 -1  0 -1
1,1;1,1;1,1 1 5
6 
#1 
6	% 
 1 0  0  0  0  0
 0 1  0  0  0  0
 0 0 -1  1  0  0
 0 0  2 -1  0 -1
 0 0 -1  1  1  0
 0 0  1 -1 -2  1
1,1,1;1;1;1 1 12
6 
#1 
6	% 
 1 -1  0 0  0  0
 0 -1 -1 0  1  0
 0  1  0 0 -1  1
 0 -1 -1 1  0  0
 0  0  0 1  0 -1
 0  0 -1 1  0  1
1,1,1;1;1;1 1 15
24 
#2 
6	% 
  1 -1  0  1 -1  0
 -1  1  0 -1  1 -1
  0  1 -1  0  1  0
 -1  1  0 -1  0  0
  1  0  1  0 -1  0
  1 -1  1  1 -1 -1
6	% 
  1 -1  0  0  2 -1
 -1  1  0 -1 -1  1
  0  1  0  0  0  0
 -1  1 -1  0 -1  1
  1  0  0  0  0  0
  1 -1  1 -1  1 -1
1,1;1,1;1,1 1 10
24 
#2 
6	% 
 1  1  0 -1 -1  1
 0  0  0  0  2 -1
 0 -1  0  0  0  0
 1  1  1 -1  1 -1
 1  0  0  0  0  0
 0  0 -1  0 -1  1
6	% 
  0 0  1 -1  0 0
  0 1  0  0  0 0
  0 0 -2  1  1 1
  0 0  1 -1 -1 0
  0 0  1 -1 -1 1
 -1 0  0  0  0 0
1,1;1,1;1;1 1 28
24 
#2 
6	% 
 0 1  1 -2  0  0
 0 0  1 -1 -1  0
 1 0  1 -2  0  0
 0 0 -1  0  0  1
 0 0 -1  1  0  1
 0 0  0  1  0 -1
6	% 
  2 -1  1  0 0 -2
  1 -1  0  0 1 -1
  1 -2  1  0 0 -2
  0  0 -1  1 0  0
 -1  1 -1  1 0  1
 -1  1  0 -1 0  1
2-2;1,1;1,1 1 3
4 
#1 
6	% 
 0  0  1 -1 -1 1
 0 -1  0  0  0 0
 1  1  0  0  0 0
 0  0 -1  0  1 0
 0  0  1 -1  0 0
 0  0 -1  1  1 0
1,1;1,1;1;1 1 23
6 
#1 
6	% 
 0 1  0  0  0  0
 1 0  0  0  0  0
 0 0  1 -1 -1  0
 0 0 -2  1  1  1
 0 0  0  0 -1  0
 0 0  1 -1  1 -1
1,1;1,1;1,1 1 2
3 
#1 
6	% 
 0  0  2  0 0 1
 0 -1  0  0 0 0
 1  1  0  0 0 0
 0  0  0 -1 1 0
 0  0 -1  1 0 0
 0  0  0  1 0 0
1,1;1,1;1;1 1 7
3 
#1 
6	% 
 0 0  2 1  0 0
 0 0  0 0 -1 1
 1 0  0 0  0 0
 0 1  0 0  0 0
 0 0 -1 0  1 0
 0 0  0 0  1 0
1,1,1;1;1;1 1 10
10 
#3 
6	% 
 0  0 1  0 -1 -1
 0  0 0  0 -1  1
 0  0 0 -1  1  0
 0 -1 0  0  0  0
 1  0 0  0  0  0
 0  0 0  0 -1  0
6	% 
 0  0 1  0  0 1
 0  0 1 -1  0 0
 0  0 0  1 -1 0
 0 -1 0  0  0 0
 1  0 0  0  0 0
 0  0 1 -1 -1 0
6	% 
 0  0 1  0 1  0
 0  0 1 -1 0  0
 0  0 0  1 0 -1
 0 -1 0  0 0  0
 1  0 0  0 0  0
 0  0 1 -1 0 -1
1,1,1,1;1;1 1 3
1 
#1 
6	% 
 0 0 -1 -1  0 -1
 0 0  0 -1 -1 -1
 0 0 -1  0 -1 -1
 0 0  1  1  1  1
 0 1  0  0  0  0
 1 0  0  0  0  0
1,1;1,1;1;1 1 34
6 
#1 
6	% 
 0 0  0  2 -1  0
 0 0  1 -2  1 -1
 0 1  0  0  0  0
 0 0 -2  0  1  1
 0 0  1  1 -1  0
 1 0  0  0  0  0
1,1;1,1;1;1 1 19
3 
#1 
6	% 
 0 0  2 1  0 0
 0 0  0 0 -1 1
 0 0 -1 0  1 0
 0 1  0 0  0 0
 0 0  0 0  1 0
 1 0  0 0  0 0
2-2;2-1;1;1 1 8
4 
#1 
6	% 
 0 1  0  0  0  0
 1 0  0  0  0  0
 0 0  0  0  0  1
 0 0 -1  1  1  0
 0 0  1  0 -1  0
 0 0  1 -1  0 -1
2-1;1,1;1;1 1 20
6 
#2 
6	% 
 0 1  0  0 0  0
 1 0  0  0 0  0
 0 0 -1  1 1  0
 0 0  0 -1 0  0
 0 0  0  1 0 -1
 0 0 -1  0 0  1
6	% 
 0 1  0  0 0  0
 1 0  0  0 0  0
 0 0 -1  0 1  1
 0 0  1  0 0 -1
 0 0 -1  1 0  1
 0 0  1 -1 0  0
2-1;2-1;1,1 1 3
3 
#1 
6	% 
 1 0  0 0  0  0
 0 1  0 0  0  0
 0 0 -1 1  0  1
 0 0 -1 0  0  1
 0 0  1 0 -1  0
 0 0  0 0  0 -1
2-1;2-1;1;1 1 15
3 
#1 
6	% 
 1 0  0  0  0  0
 0 1  0  0  0  0
 0 0  1 -1  0  0
 0 0  0  1 -1  0
 0 0  0  1  0 -1
 0 0 -1  1  0  1
2-1,2-1;1,1 1 2
12 
#1 
6	% 
 -1  0  0 0 -1  0
  0 -1 -1 0  1  0
  0  0 -1 1  0  1
 -1  1  0 0 -1  1
  2  0  0 0  1  0
 -1  1  1 0 -1 -1
2-1,2-1;1;1 1 6
12 
#1 
6	% 
  1  0  0  0  1  0
  0 -1 -1  0  1  0
 -1  1  1 -1 -1  0
 -1 -1 -1  1  0  0
  0  0  0  1  0 -1
  0  0 -1  1  0  1
2-1,2-1;1,1 2 2
12 
#1 
6	% 
 -1  0 -1 0  2  0
  0 -1  1 0  0  0
  0  0  0 1  0 -1
  0  1  0 0  0 -1
  1 -1  1 0 -1  0
  0  1 -1 0  0  1
2-1,2-1;1;1 2 8
12 
#1 
6	% 
 -1  0 -1  0  2  0
  0 -1  1  0  0  0
  1  0  0  0 -1  1
  0 -1  1  0  0 -1
  0  0  1 -1  0 -1
  0  0  0  1  0 -1
1,1;1,1;1,1 1 8
12 
#2 
6	% 
 0 1  0  0 0  0
 0 0 -1  1 1  0
 1 0  1  0 0  0
 0 0 -1  1 0  0
 0 0 -1  0 0  1
 0 0  1 -1 0 -1
6	% 
  1 0  0  0  0 0
  0 0 -1  0  1 1
  0 1  1  0  0 0
  0 0 -1  0  1 0
  1 0  0 -1  0 0
 -1 0  0  1 -1 0
2-2;1,1;1,1 1 4
8 
#1 
6	% 
  0  1  0  0  0 0
  2 -1  0 -1  1 1
 -2 -1 -1  1 -1 1
 -1  0 -1  1  0 0
 -1  0  0  0 -1 0
 -1  0  0  1 -1 0
1,1,1;1;1;1 1 11
12 
#2 
6	% 
 1 0 0  0  0 0
 1 0 1 -1 -1 0
 0 1 0  0  0 0
 0 0 0  0  0 1
 1 0 1 -1  0 0
 1 0 0 -1  0 1
6	% 
 0 1 0  0 0  0
 0 1 1 -1 0 -1
 1 0 0  0 0  0
 0 0 0  0 1  0
 0 1 1 -1 0  0
 0 1 0 -1 1  0
2-1;1,1;1;1 1 13
12 
#2 
6	% 
  1 0  0  0  0  0
  0 1  0  0  0  0
  0 0  1 -1  0  0
  0 0  0  1 -1  0
  1 0  0  1  0 -1
 -1 0 -1  1  0  1
6	% 
  1 0  0  0  0  0
  0 1  0  0  0  0
  0 0  1  0  0 -1
  0 0  0  0 -1  1
  1 0  0 -1  0  1
 -1 0 -1  1  0  1
2-1;1,1;1;1 1 2
3 
#1 
6	% 
 0 0 -1 1  0  1
 1 0  0 0  0  0
 0 1  0 0  0  0
 0 0 -1 0  0  1
 0 0  1 0 -1  0
 0 0  0 0  0 -1
2-1;1,1;1;1 1 16
3 
#1 
6	% 
 0 -1  0  0  0  0
 1  1  0  0  0  0
 0  0  1 -1  0  0
 0  0  0  1 -1  0
 0  0  0  1  0 -1
 0  0 -1  1  0  1
2-1;1,1;1;1 1 28
12 
#2 
6	% 
  0  0  0  0  0  1
  2 -1  1 -2  0  0
 -1  2 -1  2  0  0
  0  0  1  0 -1 -1
 -1  1  0  1  0 -1
  1 -1  1 -1  0 -1
6	% 
  0  0  0  1  0  0
  2 -1  1  0  0 -2
 -1  2 -1  0  0  2
  0  0  1 -1 -1  0
 -1  1  0 -1  0  1
  1 -1  1 -1  0 -1
1,1,1;1;1;1 1 18
4 
#2 
6	% 
 1 0  0  0  0  0
 0 1  0  0  0  0
 0 0  1  0  0 -2
 0 0  0 -1  0  1
 0 0  0  0 -1  1
 0 0 -1  0  0  1
6	% 
 1 0  0  0  0  0
 0 1  0  0  0  0
 0 0  1 -2  0  0
 0 0 -1  1  0  0
 0 0  0  1 -1  0
 0 0  0  1  0 -1
1,1;1,1;1;1 1 22
6 
#1 
6	% 
 1 0  1 -2  0  0
 0 1  0  0  0  0
 0 0  1 -1 -1  0
 0 0  1 -1  0  0
 0 0  0  1  0 -1
 0 0 -1  1  0  1
1,1;1,1;1;1 1 32
12 
#2 
6	% 
  1 0  0 0 0  0
  0 1  0 0 0  0
 -1 0 -1 1 0  0
 -1 0  0 1 0 -1
  0 0  0 0 0 -1
  0 0 -1 0 1  0
6	% 
  1 0  0 0  0 0
  0 1  0 0  0 0
 -1 0 -1 1  0 1
 -1 0  0 1 -1 0
  0 0  0 0 -1 1
  0 0 -1 0  0 1
1,1;1,1;1;1 1 5
3 
#1 
6	% 
 0 0 -2  3  0 1
 1 0  0  0  0 0
 0 1  0  0  0 0
 0 0  1 -2  0 0
 0 0 -1  1  0 0
 0 0  0  1 -1 0
1,1;1,1;1;1 1 35
6 
#1 
6	% 
  2 -1  2 -2 0 -2
  0  0 -1  1 1  0
 -1  2  0 -2 0  2
  0  0 -1  1 0  0
  1 -1  1 -1 0 -1
 -1  1  0 -1 0  1
1,1;1,1;1,1 1 9
12 
#2 
6	% 
 0 0 -2  0 -1  0
 1 0  1 -1  0 -1
 0 1  0 -1  0  1
 0 0  0 -1  0  1
 0 0  1  0  1  1
 0 0 -2  1 -1  0
6	% 
 0 0 -2  0  0 -1
 1 0  1 -1 -1  0
 0 1  0 -1  1  0
 0 0  0 -1  1  0
 0 0  1  0  1  1
 0 0 -2  1  0 -1
1,1;1,1;1;1 1 38
12 
#2 
6	% 
 0 1  0  1 0 -1
 1 0 -1  1 0  1
 0 0  1 -1 0 -1
 0 0  1 -1 0  0
 0 0  0  1 0  0
 0 0  0  0 1  0
6	% 
 0 1  0  1 -1 0
 1 0 -1  1  1 0
 0 0  1 -1 -1 0
 0 0  1 -1  0 0
 0 0  0  1  0 0
 0 0  0  0  0 1
1,1,1;1;1;1 1 8
6 
#1 
6	% 
 -1  1 -1 1 0  1
  2 -1  1 0 0 -2
 -1  1  0 0 0  1
  0  0  0 0 1  0
 -1  2 -1 0 0  2
  1 -1  1 0 0 -1
1,1,1;1;1;1 1 16
12 
#2 
6	% 
  1 -1  1 -1 0 -1
  2 -1  2 -3 0 -1
 -1  2 -2  3 0  1
  1 -1  1 -2 0 -1
  1 -1  1 -2 1 -1
  0  0 -1  0 1  0
6	% 
  1 -1  1 -1 -1 0
  2 -1  2 -3 -1 0
 -1  2 -2  3  1 0
  1 -1  1 -2 -1 0
  1 -1  1 -2 -1 1
  0  0 -1  0  0 1
3;1,1,1 1 2
1 
#1 
6	% 
  1  0 0  0  0 0
  0  1 0  0  0 0
  0  0 1  0  0 0
  0  0 1  0 -1 0
  0  0 1 -1  0 0
 -1 -1 0  0  0 1
1,1;1,1;1;1 1 10
12 
#1 
6	% 
  0  0 -2 1  0  3
  0  0  0 0  1 -1
  0  0  1 0  0 -2
  0 -1  0 0  1  0
 -1  0  0 0 -1  0
  0  0  0 0  0 -1
1,1;1,1;1,1 1 6
6 
#1 
6	% 
  0  0 -2 1  0  3
  1  0  2 0  0 -1
  0  0  1 0  0 -2
 -1  0 -2 0  1  0
  0 -1  2 0 -3  0
  0  1 -1 0  3 -1
2-1;1;1;1;1 1 17
3 
#1 
6	% 
 0 1  0 0  0  0
 1 0  0 0  0  0
 0 0  1 0 -1 -1
 0 0 -1 1  0  0
 0 0  0 1  0 -1
 0 0 -1 1  0  1
1,1;1,1;1;1 1 15
6 
#1 
6	% 
 -1  0 -1  0  1  0
  0 -1  0  0 -1  0
  1  1  1 -1  0  0
  1 -1  0  1 -1  0
  0  0  0  1  0 -1
  0  0 -1  1  0  1
1,1;1,1;1;1 1 30
6 
#1 
6	% 
  0  1  0  0  0 0
  1 -1  1  0 -1 0
 -1  0  0  0  0 0
  1 -1  1 -1  0 0
  0  0 -1  0  0 1
  0  0  0  0  0 1
2-1;1;1;1;1 1 11
3 
#1 
6	% 
 1 0  0  0  0  0
 0 1  0  0  0  0
 0 0  1 -1  0  0
 0 0  0  1 -1  0
 0 0  0  1  0 -1
 0 0 -1  1  0  1
2-1;1,1;1;1 1 11
3 
#1 
6	% 
 0 0 0 1  0 -1
 0 0 1 0 -1 -1
 0 0 0 0  1  0
 0 1 0 0  0  0
 0 0 0 0 -1  1
 1 0 0 0  0  0
2-1;1;1;1;1 1 25
3 
#1 
6	% 
 0 0  1 -1  0  0
 0 1  0  0  0  0
 1 0  0  0  0  0
 0 0  0  1 -1  0
 0 0  0  1  0 -1
 0 0 -1  1  0  1
2-2;1,1;1,1 1 6
8 
#1 
6	% 
  0  1  0  0  0  0
  1  0  0  0  0  0
  1  0  1  0 -1 -1
  1 -1  0  1 -1  0
 -1  1  1 -1  0  0
  0 -1 -1  0  0  1
2-1;1;1;1;1 1 30
1 
#1 
6	% 
 0 1  0 0 0 0
 1 0  0 0 0 0
 0 0  1 0 0 0
 0 0 -1 1 0 0
 0 0 -1 0 1 0
 0 0 -1 0 0 1
1,1;1;1;1;1 1 11
12 
#2 
6	% 
 1 0  0 0  0  0
 0 1  0 0  0  0
 0 0  1 1 -1 -1
 0 0 -2 0  2  1
 0 0  2 0 -1 -1
 0 0 -2 1  1  1
6	% 
 1 0  0  0  0 0
 0 1  0  0  0 0
 0 0  1 -1 -1 1
 0 0 -2  1  2 0
 0 0  2 -1 -1 0
 0 0 -2  1  1 1
1,1;1;1;1;1 1 17
12 
#1 
6	% 
 0 1  0  0  0  0
 1 0  0  0  0  0
 0 0  1  0 -1 -1
 0 0 -1  1  0  0
 0 0  0  1  0 -1
 0 0  1 -1  0 -1
1,1;1;1;1;1 1 14
12 
#2 
6	% 
 0  1  0  0  0  0
 1  0  0  0  0  0
 0  1  1  0 -1 -1
 0  0 -1  1  0  0
 0 -1 -1  1  0  1
 0 -1  0 -1  0  1
6	% 
  1 0  0  0  0  0
  0 1  0  0  0  0
  1 0  1 -1 -1  0
  0 0 -1  0  0  1
 -1 0 -1  1  0  1
 -1 0  0  1  0 -1
1,1;1;1;1;1 1 4
3 
#1 
6	% 
 0 0 -2  3  0 1
 1 0  0  0  0 0
 0 1  0  0  0 0
 0 0  1 -2  0 0
 0 0 -1  1  0 0
 0 0  0  1 -1 0
1,1;1;1;1;1 1 28
12 
#2 
6	% 
 0 0 -2 1  1  1
 0 0  2 0 -2 -1
 0 1  0 0  0  0
 0 0  1 1 -1 -1
 1 0  0 0  0  0
 0 0 -2 0  1  1
6	% 
 0 0 -2  1  1 1
 0 0  2 -1 -2 0
 0 1  0  0  0 0
 0 0  1 -1 -1 1
 1 0  0  0  0 0
 0 0 -2  1  1 0
1,1;1;1;1;1 1 16
3 
#1 
6	% 
 0 0 -1  1 0 1
 0 0  1 -2 0 0
 0 1  0  0 0 0
 0 0 -1  1 1 0
 1 0  0  0 0 0
 0 0  0  1 0 0
1,1;1;1;1;1 1 27
3 
#1 
6	% 
 1 0 0  0  0  0
 0 1 0  0  0  0
 0 0 1  0 -1 -1
 0 0 1 -1  0  0
 0 0 0 -1  0  1
 0 0 1 -1  0 -1
1,1;1;1;1;1 1 30
12 
#2 
6	% 
 -1  0 -1  2  0  0
  0  0  1 -1  0  0
  0 -1  1 -2  0  0
  0  0  1  0 -1 -1
  0  0  0  1  0 -1
  0  0  1 -1  0 -1
6	% 
 -1  0 -1  0  0  2
  0  0  1  0  0 -1
  0 -1  1  0  0 -2
  0  0  1 -1 -1  0
  0  0  0 -1  0  1
  0  0  1 -1  0 -1
1,1;1;1;1;1 1 29
12 
#1 
6	% 
 0 1 -1  0  1  0
 0 0  0  1  0  0
 1 0  1  0 -1  0
 0 0  1  0 -1 -1
 0 0  1 -1  0 -1
 0 0  0  1  0 -1
1,1;1;1;1;1 1 24
6 
#2 
6	% 
 0 0  2  0  0 1
 1 0  0  0  0 0
 0 1  0  0  0 0
 0 0  1 -1 -1 0
 0 0 -1  1  0 0
 0 0  1  0 -1 0
6	% 
 0 0  2  0 1  0
 1 0  0  0 0  0
 0 1  0  0 0  0
 0 0  1 -1 0 -1
 0 0 -1  1 0  0
 0 0  1  0 0 -1
1,1;1;1;1;1 1 44
8 
#2 
6	% 
 1 0 -1 0 0  2
 0 1  0 0 0  0
 0 0  1 0 0 -2
 0 0 -1 1 0  1
 0 0 -1 0 1  1
 0 0  0 0 0 -1
6	% 
 1 0 -1 0 0 0
 0 1  0 0 0 0
 0 0  1 0 0 0
 0 0 -1 1 0 0
 0 0 -1 0 1 0
 0 0  0 0 0 1
2-2;1,1;1;1 1 5
4 
#1 
6	% 
 0 0 0 -1  1 1
 1 0 0  0  0 0
 0 1 0  0  0 0
 0 0 0  1 -1 0
 0 0 1 -1  0 0
 0 0 0  0 -1 0
2-2;1,1;1;1 1 10
8 
#1 
6	% 
 -1 0 -1  0  0  2
  0 1  0  0  0  0
  0 0  1 -1  0  0
  0 0  0  0 -1  1
  0 0  0  1 -1  0
  0 0  0  0  0 -1
3;1,1;1 1 2
2 
#1 
6	% 
  1 0 0  0  0 0
  0 1 0  0  0 0
  0 0 1  0  0 0
  0 0 1  0 -1 0
  0 0 1 -1  0 0
 -1 0 0  0  0 1
2-2;1,1;1;1 1 7
8 
#1 
6	% 
  0 1 0  0  0  0
 -1 0 0  1 -1 -1
  1 0 1 -1  1 -1
  1 0 0 -1  1  0
  1 0 0  0  1  0
  1 0 1 -1  0  0
1,1;1;1;1;1 1 45
1 
#1 
6	% 
 0 -1  0 0 0 0
 1  1  0 0 0 0
 0  0  1 0 0 0
 0  0 -1 1 0 0
 0  0 -1 0 1 0
 0  0 -1 0 0 1
1,1;1;1;1;1 1 51
8 
#2 
6	% 
 -2  3 -6 0 0 0
  3 -2  6 0 0 0
 -1  1 -3 1 0 0
 -1  1 -3 0 1 0
 -1  1 -3 0 0 1
  2 -2  5 0 0 0
6	% 
  0 -1 -1 0 0  2
 -1  0  1 0 0 -2
  0  0 -1 1 0  1
  0  0 -1 0 1  1
  0  0 -1 0 0  1
  0  0  1 0 0 -2
3;1,1;1 1 3
1 
#1 
6	% 
 0 -1 0  0 0 0
 1  1 0  0 0 0
 0  0 1  0 0 0
 0  0 1 -1 0 0
 0  0 0  0 1 0
 0  0 0  0 0 1
2-2;1,1;1;1 1 12
4 
#1 
6	% 
 1 0 0  0  0  0
 0 1 0  0  0  0
 0 0 0  0  0  1
 0 0 0  1 -1  0
 0 0 0  0  1  0
 0 0 1 -1  0 -1
2-2;1,1;1;1 1 16
8 
#1 
6	% 
  1 -1  1 -1  1 -1
 -1  1  0  1 -1 -1
 -1  0  0  0 -1  0
 -1  1 -1  1 -1  0
  1 -1  1 -2  1  0
  0  1  0  1 -1  0
1,1;1;1;1;1 1 40
6 
#2 
6	% 
 0 0 2 1 0  0
 0 1 0 0 0  0
 1 0 0 0 0  0
 0 0 0 0 1  0
 0 0 1 0 0 -1
 0 0 0 0 1 -1
6	% 
 0 0 -1 1 0 1
 0 1  0 0 0 0
 1 0  0 0 0 0
 0 0 -1 0 1 1
 0 0  0 0 0 1
 0 0  0 0 1 0
1;1;1;1;1;1 1 10
3 
#1 
6	% 
 1 0  0  0  0  0
 0 1  0  0  0  0
 0 0  1 -1  0 -1
 0 0 -1  0  1  0
 0 0 -1  0  1  1
 0 0  0  0 -1  1
2-2;1,1;1;1 1 18
8 
#1 
6	% 
  0  1  0  0  0  0
  1  0  0  0  0  0
  0  0  1  0 -1  0
  0  0  1 -1  0  0
  1 -1 -1  1  1 -1
 -1  1  0  0  0  1
1;1;1;1;1;1 1 29
1 
#1 
6	% 
 1 0  0 0 0  0
 0 1  0 0 0  0
 0 0  1 0 0  0
 0 0 -1 1 0  0
 0 0 -1 0 1  0
 0 0  1 0 0 -1
1;1;1;1;1;1 1 19
3 
#1 
6	% 
 0 1  0  0 0  0
 0 0  1 -1 0 -1
 1 0  0  0 0  0
 0 0 -1  0 1  0
 0 0 -1  0 1  1
 0 0  0  0 1 -1
1;1;1;1;1;1 1 35
1 
#1 
6	% 
 0 1  0 0 0 0
 1 0  0 0 0 0
 0 0  0 1 0 0
 0 0  0 0 1 0
 0 0  0 0 0 1
 0 0 -1 0 0 0
2-2;1;1;1;1 1 6
4 
#1 
6	% 
 1 0 0  0  0  0
 0 1 0  0  0  0
 0 0 1 -1  0  0
 0 0 0  0 -1  1
 0 0 1  0 -1  0
 0 0 1 -1  0 -1
2-2;1,1;1;1 1 8
4 
#1 
6	% 
 0 0  1 -1 -1 1
 0 1  0  0  0 0
 1 0  0  0  0 0
 0 0 -1  0  1 0
 0 0 -1  1  0 0
 0 0 -1  1  1 0
2-2;1;1;1;1 1 14
4 
#1 
6	% 
 0 1  0  0 0  0
 1 0  0  0 0  0
 0 0 -1  1 1  0
 0 0 -1  0 1  1
 0 0  1 -1 0  0
 0 0  0  0 0 -1
3;1,1;1 1 9
2 
#1 
6	% 
 -1  0  0 0 0  0
  0 -1  0 0 0  0
  0  0 -1 0 0  0
  0  0 -1 0 1  0
  1 -1  0 0 0 -1
  0  0 -1 1 0  0
3;1;1;1 1 2
1 
#1 
6	% 
 1 0 0  0 0 0
 0 1 0  0 0 0
 0 0 1  0 0 0
 0 0 1 -1 0 0
 0 0 0  0 1 0
 0 0 0  0 0 1
3;1;1;1 1 11
1 
#1 
6	% 
 0 1 0  0 0 0
 1 0 0  0 0 0
 0 0 1  0 0 0
 0 0 0  0 1 0
 0 0 0  0 0 1
 0 0 1 -1 0 0
