#145

3;3 2 1
1 
#1 
6	% 
 1 0 0 0 0 0
 0 1 0 0 0 0
 0 0 1 0 0 0
 0 0 0 1 0 0
 0 0 0 0 1 0
 0 0 0 0 0 1
1,1,1,1,1,1 1 1
1 
#1 
6	% 
 1 0 0 0 0 0
 0 1 0 0 0 0
 0 0 1 0 0 0
 0 0 0 1 0 0
 0 0 0 0 1 0
 0 0 0 0 0 1
1,1,1,1,1;1 1 2
15 
#3 
6	% 
  0 0  0  1  0 -1
  0 0  1  0  0 -1
  1 1  1  1  1  0
  0 0  0  0  1 -1
 -1 0 -1 -1 -1  1
  0 1  1  1  1 -1
6	% 
  1  0  0  0  0  0
  0  0  1  0  0  0
  1  0  1 -1  0  0
  0 -1  0 -1 -1  1
 -1  1 -1  1  0 -1
  1 -1  1 -1 -1  0
6	% 
 0 -1 0 -1  0  1
 0  0 0  0  0  1
 0 -1 0 -1  1  1
 0  0 0 -1  0  1
 0  1 1  1 -1 -2
 1 -2 0 -1  1  2
2-1;1,1,1,1 1 1
3 
#1 
6	% 
  0  0  0  0 1 0
  0  0  0  0 0 1
  0 -1 -1 -1 0 0
 -1  0 -1 -1 0 0
 -1 -1  0 -1 0 0
  1  1  1  1 0 0
2-1;1,1,1,1 1 2
3 
#1 
6	% 
  0  0  0 0 -1  1
  0  0  0 0  0  1
  1  1 -1 1  1  2
  0  1 -1 0  0  2
  1 -1  0 0  0  0
 -1  0  0 0  0 -2
2-1;1,1,1;1 1 3
3 
#1 
6	% 
  0 0  0  0 -1 -1
  0 0  0 -1  0 -1
  0 0  0  1  1  1
 -1 0  1  0  0  0
  0 0 -1  0  0  0
  0 1  0  0  0  0
2-1;1,1,1;1 1 1
3 
#1 
6	% 
  0  0  0 0 0 1
  0  0  0 0 1 0
  0 -1 -1 0 0 0
 -1  0 -1 0 0 0
  1  1  1 0 0 0
  0  0  0 1 0 0
2-1;1,1,1;1 1 4
27 
#2 
6	% 
  0  0 0  0 1 0
  0  0 0  0 0 1
  0  0 1  0 0 0
 -1 -1 0 -1 0 0
  0  1 0  0 0 0
 -1  0 0  0 0 0
6	% 
  0  0  0  0 1 0
  0  0  0  0 0 1
  0 -1  0  0 0 0
 -1  0  1 -1 0 0
  0  0 -1  0 0 0
 -1  1  0  0 0 0
1,1,1,1;1,1 1 2
42 
#5 
6	% 
  0 0  0 1  0  0
  0 0  0 0  1  0
 -1 1  1 0 -1 -1
 -1 0  0 0  0  0
  2 0 -1 0  0  0
  1 1  0 0  0  0
6	% 
  0  0  0  0 1  0
 -1  1  0 -1 0 -1
  0  0  0  1 0  0
  1  1  1  0 0  0
  0 -1 -1  0 0  0
 -1  0 -1  0 0  0
6	% 
 0  0 0 1 0 0
 0  0 0 0 0 1
 0  0 1 0 0 0
 0  0 0 0 1 0
 1  0 0 0 0 0
 0 -1 0 0 0 0
6	% 
  1  0  0  0  0  0
  1  0 -1  0  0  0
  0 -1 -1  0 -1 -1
  0  0  0 -1 -1  1
 -1  1  1  1  1  0
  1 -1 -1  1  0 -1
6	% 
  0  0  0 0  0  1
  1  0  0 0  0  0
 -1 -1  1 0 -1  1
  1 -1 -1 1  0  0
  0  1  0 0  0 -1
 -1  0  1 0  0  1
2-1;1,1;1,1 1 3
27 
#2 
6	% 
 0  0 0 0 1 0
 0  0 0 0 0 1
 0  0 1 0 0 0
 0  0 0 1 0 0
 1  0 0 0 0 0
 0 -1 0 0 0 0
6	% 
  0  0  0 0 1 0
  0  0  0 0 0 1
 -2 -1  1 0 0 0
  1 -1 -1 1 0 0
  0  1  0 0 0 0
 -1  0  1 0 0 0
1,1,1,1;1,1 1 3
54 
#2 
6	% 
 -1 -1 -1 1 0 0
 -1 -1 -1 0 0 0
  0  1  0 0 0 0
  1  0  1 0 1 0
  0 -1 -1 0 0 1
 -1  0  0 0 0 0
6	% 
  0 -3  0  0 -1  1
  1 -1 -1  1  0  0
  0  1  0  0  0 -1
 -1  1  0 -1  0  0
  0  0 -1  1  0  0
  0 -1  0  0 -1  0
1,1,1,1;1,1 1 1
3 
#1 
6	% 
  0 -1 -1 -1 0  0
 -1  0 -1 -1 0  0
 -1 -1  0 -1 0  0
  1  1  1  1 0  0
  0  0  0  0 0 -1
  0  0  0  0 1  1
2-1',2-1';1,1 1 2
18 
#1 
6	% 
  0 0  0 0 -1  0
  0 0  0 0  0 -1
  0 0  0 1  0  0
 -1 0  0 0 -1  0
  0 0  1 0  1  1
  0 1 -1 0 -1  0
2-1',2-1';1;1 1 2
18 
#1 
6	% 
 -1  1  0 0  0  1
  0  0 -1 0 -1  0
  0  0  0 1  0  0
  0  1  0 0  0  1
  1 -1  0 0  1 -1
 -1  0  1 0  0  1
1,1,1;1,1,1 1 1
1 
#1 
6	% 
  0 -1 -1  0  0  0
 -1  0 -1  0  0  0
  1  1  1  0  0  0
  0  0  0  0 -1 -1
  0  0  0 -1  0 -1
  0  0  0  1  1  1
1,1,1,1,1;1 1 1
3 
#1 
6	% 
  0  0  0 -1 0  0
 -1  0 -1 -1 0 -1
 -1 -1  0 -1 0 -1
  0 -1 -1  0 0 -1
  1  1  1  1 0  1
  0  0  0  0 1  0
2-1;1,1,1;1 1 6
18 
#1 
6	% 
 -1 -1  1 -1 -1  1
  0  1  0  0  1 -1
  1  1 -1  1  2 -1
  0  0 -1  0  0  0
 -1  0  1  0 -1  1
 -1 -1  1 -1 -1  2
2-1;1,1;1,1 1 5
18 
#1 
6	% 
 0  0  0 -1 -1  1
 1  0 -1  0  0  0
 0  0  0  1  0 -1
 0  0  1  0  0  0
 0 -1  0  0  0  0
 0  0  0  1  1  0
1,1,1;1,1,1 1 2
27 
#2 
6	% 
  0  0 -1 1  0  0
  0  0  1 0  0  0
 -1  1  0 0 -1 -1
  0  0  0 0 -1  0
  1  0  0 0  1  0
  0 -1  0 0  1  0
6	% 
  0  0  0  0  0  1
 -1  1 -1  0 -1 -1
  0  1  0  0  0  0
  0  1  0 -1  0  0
  1 -1  0  1  0  0
  0  0 -1  1  0  0
1,1,1;1,1,1 1 3
54 
#2 
6	% 
 -1  1  1 -1 0 0
  1  0  0  0 0 0
 -2  1  0  0 0 0
  1 -1  0  1 1 0
 -1  0 -1  0 0 0
  0  0  1 -1 0 1
6	% 
  0  0  1  0  0 0
  0  0  0 -1  0 0
  0  1  0  0  0 0
  0 -1 -1  0 -1 0
 -1  0  0  0  0 0
  1  0  1  0  0 1
2-1;1,1;1,1 1 2
9 
#1 
6	% 
  1  1 -1 1 0  0
  0  0  0 0 0 -1
  0  0  0 0 1  1
  0  1 -1 0 0  0
  1 -1  0 0 0  0
 -1  0  0 0 0  0
2-1;1,1,1;1 1 2
9 
#1 
6	% 
  1  1 -1 0 1 1
  1  1 -1 0 1 0
  0  0  0 1 0 0
  0  1 -1 0 0 0
  1 -1  0 0 0 0
 -1  0  0 0 0 0
2-2;1,1,1,1 1 2
8 
#2 
6	% 
  0  0 0  0  0 -1
  0  0 0  0 -1  0
  0  0 0 -1  0  0
  1 -1 0  1  1  1
 -1  0 1 -1 -1 -1
  1  0 0  1  1  1
6	% 
  0  1  0  0  0  0
  0  0  1  0  0  0
 -1 -1 -1 -1 -1 -1
  1  0  0  0  1  1
 -1  0  0 -1  0 -1
  1  0  0  1  1  0
2-2',2-2';1,1 1 3
32 
#1 
6	% 
  0  1 -1  1  0  0
  0 -1  0  0  1  0
  0  0 -1  0  0 -1
 -1  1  0  0 -1 -1
 -1  0  0 -1  0 -1
 -1  0  1 -1 -1  0
1,1,1;1,1;1 1 2
27 
#2 
6	% 
  1  1  0  0 0  0
  1  1  1  0 0  0
 -2 -2 -1 -1 0  0
  0  0  0  0 0 -1
  0  0  0  0 1  1
  1  0  0  0 0  0
6	% 
 -1 1  1 0 0  0
  0 0  0 1 0  0
  1 0 -1 0 0  0
  0 0  0 0 0 -1
  0 0  0 0 1  1
  0 0  1 0 0  0
2-2;1,1,1;1 1 5
60 
#3 
6	% 
 -1 -1 -2 -1 -1 -1
  0  1  0  0  0  0
 -1  0  0  0  0  0
  0  0  1  0  0  1
  0  0  1  0  1  0
  0  0  1  1  0  0
6	% 
 0  0  0 -1  0  0
 0  0  0  0 -1  0
 0  0  0  0  0 -1
 1 -1  0  1  1 -1
 1  0 -1  1  1 -1
 1  0  0  1  1 -1
6	% 
 0 -1 0  0  0  0
 0  0 1  0  0  0
 1 -1 0  0  0  0
 0  1 0  0  0 -1
 0  1 0  0 -1  0
 0  1 0 -1  0  0
1,1,1,1;1;1 1 4
9 
#2 
6	% 
  1  1 -1  1  0  0
  0  0  0  1 -1  0
 -2 -2  2 -3  0 -1
  1  1 -1  2  0  0
 -1  0  1 -1  0  0
 -1  0  0 -1  0  0
6	% 
 0  0 -1  0  1  0
 0  0 -1 -1  0 -1
 0  0  1  1 -1  0
 0  0 -1  0  0  0
 1  0  0  0  0  0
 0 -1  1  0  0  0
1,1,1;1,1;1 1 5
54 
#3 
6	% 
 0  0  1  0  0 0
 0  0  0  1  0 0
 0  0 -2 -1 -1 0
 1  0  0  0  0 0
 1  1 -1  0  0 1
 1 -1  0  0  0 0
6	% 
 -1 -1  1 0 0  0
  0  0  0 0 1  1
  1  1 -1 0 0 -1
  0 -1  0 0 0  0
  0  0  1 1 0  0
  1 -1  0 0 0  0
6	% 
 0 -1 0 0  0  0
 0  0 0 1  1  0
 0  0 0 0 -1  0
 1 -1 0 0  0  0
 0  0 0 0  0 -1
 1 -1 1 0  0  0
1,1,1;1,1;1 1 10
108 
#3 
6	% 
  0 0 -2 0 -1 -1
  0 0 -3 0 -1 -1
  0 0  7 1  3  3
  1 1 -2 0  0 -1
 -1 0 -1 0 -1  0
 -1 1  0 0  0  0
6	% 
  0  0  0  1 -1 0
 -1 -1  1  0  0 0
  2  2 -2 -1  1 1
  0  0  0  1  0 0
  0 -1  1  0  0 0
  1 -1  0  0  0 0
6	% 
  0 -2  0 0 -1 -1
  0 -3  0 0 -1 -1
  0  7  0 1  3  3
  0 -1  0 0 -1  0
  0 -1 -1 0  0 -1
 -1  1 -1 0  0  0
1,1,1;1,1;1 1 4
15 
#3 
6	% 
  0 0 0  1 0 1
  0 0 0  1 0 0
  0 0 0 -1 1 0
  0 1 1  0 0 0
  0 0 1  0 0 0
 -1 1 0  0 0 0
6	% 
  0 -1 -1  0  0  0
 -1  0 -1  0  0  0
  1  1  1  0  0  0
  0  0  0  0 -1  0
  0  0  0 -1 -1  1
  0  0  0  0 -1 -1
6	% 
  0 0  0  1 0 1
  0 0  0  1 0 0
  0 0  0 -1 1 0
  0 1 -1  0 0 0
  0 1  0  0 0 0
 -1 1 -1  0 0 0
1,1,1;1,1;1 1 7
162 
#6 
6	% 
  1  1  2 0  0  0
  2  2  2 0  1 -1
 -4 -4 -5 0 -2  2
  1  1  1 0  1  0
  0  0  0 1  1  1
  1  0  1 0  0  0
6	% 
 0  0 0  2  1 -1
 0 -1 0  0  0  0
 0  0 0 -1 -1  1
 1 -1 0  0  0  0
 1 -1 1  0  0  0
 0  0 0  1  1  0
6	% 
  0  0 0 0 -1 1
 -2  1 0 0  0 0
  3 -2 1 0  0 0
 -1  0 0 0  0 0
  0  1 0 1  0 0
  0  0 0 0 -1 0
6	% 
  0  0  2 0  1 -1
 -1  1  1 0  0  0
  1 -1 -4 0 -1  1
  0  1  0 0  0  0
  1  1 -1 1  0  0
  0  0  1 0  1  0
6	% 
  2  2 -2  2  1 -1
  1  1 -1  2  0  0
 -3 -3  3 -5 -1  1
  1  0 -1  1  0  0
  0  0 -1  0  0  0
  1  1 -1  1  1  0
6	% 
 1 -1 -1 0  0  0
 0  0  0 0 -1  1
 0 -1  0 0  2 -2
 0  0  0 0  0  1
 0  0  0 1  1  1
 1 -1  0 0  0  0
1,1,1,1;1;1 1 2
33 
#3 
6	% 
  0 0 1 0 0 0
  0 0 0 0 1 0
  0 0 0 0 0 1
  0 0 0 1 0 0
  0 1 0 0 0 0
 -1 0 0 0 0 0
6	% 
  1  0  0 0  0  0
  1  0 -1 0  0  0
  0 -1 -1 0 -1  1
  0  0  0 1  0  0
 -1  1  1 0  0 -1
  1 -1 -1 0 -1  0
6	% 
  1  2 -1 0 0  0
  1  1 -1 0 1  1
  0  1  0 0 0 -1
  0  0  0 1 0  0
 -1 -1  0 0 0  0
  0  2 -1 0 0  0
1,1,1,1;1;1 1 5
54 
#2 
6	% 
  0  0 -1  0  0 1
 -1 -1 -1 -1  1 0
  0  0 -1 -1  0 0
  1  0  2  1 -1 0
  0 -1 -2 -1  1 0
  0  0  1  0 -1 0
6	% 
 0 -1 0 -1  0  0
 0 -2 0 -1  0  0
 0  0 0 -1  0 -1
 1  1 0  2  0  0
 0 -2 1 -2  0  0
 0  0 0  1 -1  0
2-2;2-1;1,1 1 3
12 
#1 
6	% 
  0  0 0  0 0 1
  0  0 0  0 1 0
  0  0 0 -1 0 0
  1 -1 0  1 0 0
 -1  0 1 -1 0 0
  1  0 0  1 0 0
2-2;2-1;1,1 1 4
12 
#1 
6	% 
  0  1 0 0 0 0
 -1 -1 1 0 0 0
  1  0 0 0 0 0
 -1 -1 1 1 0 0
 -1 -1 1 0 0 1
 -1 -1 1 0 1 0
2-1;1,1;1;1 1 3
9 
#1 
6	% 
  0 0  0 0 -1 0
  0 0  0 1  1 0
  0 0  0 0  0 1
 -1 0  1 0  0 0
  0 0 -1 0  0 0
  0 1  0 0  0 0
2-2;2-1;1;1 1 7
12 
#1 
6	% 
 -1 0  1  0  0 0
  1 1 -1  0  0 0
 -1 0  0  0  0 0
  0 0  0  0  0 1
  0 0  0  0 -1 0
  0 0  0 -1  0 0
3;1,1,1 1 1
1 
#1 
6	% 
 0 0 1  0  0  0
 0 1 0  0  0  0
 1 0 0  0  0  0
 0 0 0  0 -1 -1
 0 0 0 -1  0 -1
 0 0 0  1  1  1
2-1;1,1;1;1 1 15
18 
#1 
6	% 
  0 0  0 1 1 -1
 -1 0  1 0 0  0
  0 0  0 0 0  1
  0 0 -1 0 0  0
  0 1  0 0 0  0
  0 0  0 1 0  0
3;1,1,1 2 1
1 
#1 
6	% 
  0  0  0 0 0 1
  0  0  0 0 1 0
  0  0  0 1 0 0
  0 -1 -1 0 0 0
 -1  0 -1 0 0 0
  1  1  1 0 0 0
2-1;1,1;1;1 1 4
27 
#2 
6	% 
  0  0 0 0 0 1
  0  0 0 0 1 0
  1 -1 1 0 0 0
  0  0 0 1 0 0
 -1  0 0 0 0 0
  1 -1 0 0 0 0
6	% 
 0 0  0 0 0 1
 0 0  0 0 1 0
 0 0 -1 0 0 0
 0 0  0 1 0 0
 0 1  0 0 0 0
 1 0 -1 0 0 0
2-2;2-1;1;1 1 5
12 
#1 
6	% 
  0 0  0 0 1 0
  0 0  0 0 0 1
  0 0  0 1 0 0
 -1 1  0 0 0 0
  1 0 -1 0 0 0
 -1 0  0 0 0 0
1,1,1,1;1;1 1 3
3 
#1 
6	% 
  0 -1 -1 -1 0 0
 -1  0 -1 -1 0 0
 -1 -1  0 -1 0 0
  1  1  1  1 0 0
  0  0  0  0 0 1
  0  0  0  0 1 0
1,1,1;1,1;1 1 9
54 
#2 
6	% 
  2 -1  0 0 0 0
  1  0 -1 1 0 0
 -3  1  1 0 0 0
  1 -1  0 0 0 0
  0 -1  0 0 0 1
  0  0  0 0 1 1
6	% 
 -1 -1  1 0  0  0
  0  0  0 1  0  0
  1  0 -1 0  0  0
  0 -1  1 0  0  0
  0  0  0 0  0 -1
  0  0  0 0 -1 -1
2-1;1,1;1;1 1 8
27 
#2 
6	% 
  0  0  0 0 0 1
  0  0  0 0 1 0
 -1 -1  1 1 0 0
  1  1 -1 0 0 0
  0 -1  1 0 0 0
  0 -1  0 0 0 0
6	% 
 0  0  0 0 0 1
 0  0  0 0 1 0
 0  0  3 1 0 0
 0  0 -1 0 0 0
 0 -1  1 0 0 0
 1  0  0 0 0 0
1,1,1,1;1;1 1 6
3 
#1 
6	% 
 0  0 0  1  0  0
 0  0 0  0  1  0
 0  0 0  0  0  1
 0 -1 1 -1 -1 -1
 0  1 0  1  1  1
 1 -1 0  0  0  0
1,1,1;1,1;1 1 6
18 
#1 
6	% 
  1 -1 -1  0  2  2
  0  0  0  0  1  1
 -1  1  1  0 -2 -3
  0 -1  0 -1  1  1
 -1 -1  1 -1  0  0
  1 -1  0  0  1  1
1,1,1;1,1;1 1 11
36 
#1 
6	% 
 -1  1  1 -2  0  0
 -1  1  1  0  1  1
  3 -3 -3  3 -2 -2
 -1  0  1 -1  0  0
  0  1  0  0  1  0
  0  0  1 -1  0  0
1,1;1,1;1,1 1 2
27 
#2 
6	% 
 -2 -1  1 0 0 0
  0  0  0 0 1 0
  0  0  0 0 0 1
  1 -1 -1 1 0 0
  0  1  0 0 0 0
 -1  0  1 0 0 0
6	% 
  0  2 0 1 0 0
  0  0 0 0 1 0
  0  0 0 0 0 1
 -1  0 1 0 0 0
  1 -1 0 0 0 0
  1  0 0 0 0 0
2-2;1,1;1,1 1 4
60 
#3 
6	% 
 -2 -1  1  0  0  0
  1  0 -1  0  0  0
  0  1  0  0  0  0
 -1  1  1  0  0 -1
 -1  1  1  0 -1  0
 -1  1  1 -1  0  0
6	% 
 0 0 1  0  0  0
 0 1 0  0  0  0
 1 0 0  0  0  0
 0 0 0  0  0 -1
 0 0 0  0 -1  0
 0 0 0 -1  0  0
6	% 
 0  0  0 1 0  0
 0  0  0 0 1  0
 0  0  0 0 0 -1
 1 -1  0 0 0  0
 1  0 -1 0 0  0
 1  0  0 0 0  0
1,1,1;1;1;1 1 14
1 
#1 
6	% 
  0 0  0  0 -1 -1
  0 0  0 -1  0 -1
  0 0  0  1  1  1
  0 0 -1  0  0  0
  0 1  0  0  0  0
 -1 0  0  0  0  0
1,1;1,1;1;1 1 11
9 
#1 
6	% 
 0  0 0 0  0  1
 0  0 0 0 -1  0
 0  0 0 1  1  0
 0  0 1 0  0 -1
 0 -1 0 0  0  1
 1  0 0 0  0  0
1,1;1,1;1;1 1 26
18 
#1 
6	% 
  0  0  0 1  0 0
  0  0  0 0  0 1
  0  0  0 0 -1 0
 -1  0  1 0  0 0
  0  0 -1 0  0 0
  0 -1  1 0  0 0
1,1,1;1;1;1 1 11
9 
#1 
6	% 
  0 0  0 0 1 0
  0 0  0 0 0 1
  0 0  0 1 0 0
  0 1 -1 0 0 0
  0 1  0 0 0 0
 -1 1  0 0 0 0
1,1,1;1;1;1 1 16
18 
#1 
6	% 
 0  0  0  0  0  1
 0  0  0 -1  0  3
 0  0  0  0 -1 -3
 1 -1  0  0  0  2
 1  0 -1  0  0  2
 1  0  0  0  0  0
1,1,1;1;1;1 1 6
3 
#1 
6	% 
  0 0 0  0  1  0
  0 0 0  0  1  1
  0 0 0 -1 -1 -1
  1 0 0  0  0  0
 -1 0 1  0  0  0
 -1 1 0  0  0  0
1,1;1,1;1;1 1 5
27 
#2 
6	% 
  2 -2 -2 0 0 1
  0  0  0 1 0 0
  0  0  0 0 1 0
 -1  1  1 0 0 0
  0  0 -1 0 0 0
  0 -1  0 0 0 0
6	% 
 0  0  3 1 0  0
 0  0  0 0 1  1
 0  0  0 0 0 -1
 0  0 -1 0 0  0
 1  0  0 0 0  0
 0 -1  1 0 0  0
1,1;1,1;1;1 1 20
54 
#2 
6	% 
  0  0  0 1  0 0
 -2  2  2 0  0 1
  1 -1 -1 0  0 0
  0  0  1 0  0 0
 -2  2  2 0 -1 0
  0  1  0 0  0 0
6	% 
  0  0 0 -1 -1 -1
  1 -1 0  1  0  1
 -1  1 0  0  0  0
  0 -1 1  0  0  0
  1 -1 0 -1 -1  0
  1  0 0  0  0  0
1,1,1;1;1;1 1 3
27 
#2 
6	% 
  0  0  0 0  1 1
  1 -1 -1 0 -1 0
  0  0  0 1  0 0
  0  0 -1 0  0 0
 -1  1  1 0  0 0
  0 -1  0 0  0 0
6	% 
  0  0 0 0 1  1
  1 -1 0 0 0 -1
  0  0 0 1 0  0
  0 -1 1 0 0  0
 -1  1 0 0 0  0
  1  0 0 0 0  0
1,1,1;1;1;1 1 8
54 
#2 
6	% 
  1 -1 -1  1 -1  1
 -1  1  1 -1  0 -1
  0  0 -1  0  0  1
  0  1 -1  0  0  0
  1 -1 -1  0 -1  1
 -1  1  0  0  0 -1
6	% 
 0 0  1 -1 0 0
 0 0 -3  1 0 1
 1 0  1 -1 0 0
 1 1 -1  0 0 0
 0 0  3 -1 1 0
 1 0 -2  1 0 0
1,1;1,1;1,1 1 4
54 
#2 
6	% 
 -2 1 -1  0  0  0
  0 0  0 -1 -1 -1
  0 0  0  1  0  1
  1 0  1  0  0  0
 -2 1  0  0  0  0
  0 0  0 -1 -1  0
6	% 
 0  0 1 0 0  0
 0  0 0 1 1 -1
 0  0 0 0 0  1
 1  0 0 0 0  0
 0 -1 0 0 0  0
 0  0 0 0 1  0
1,1,1;1,1;1 1 3
81 
#4 
6	% 
 -1  1  1 0  0 0
  0  0  0 0  1 0
  1 -1 -1 0 -1 1
  0  1  0 0  0 0
 -1  0  0 0  0 0
  0  0  0 1  0 0
6	% 
 0 -1 0  0 0 0
 0  0 0  1 0 1
 0  2 0 -1 0 0
 1 -1 0  0 0 0
 1 -1 1  0 0 0
 0  0 0  0 1 0
6	% 
 -2  1  0 0 0 0
 -2  1  0 0 0 1
  3 -1 -1 0 0 0
 -1  0  0 0 0 0
  0  1  0 1 0 0
  0  0  0 0 1 0
6	% 
 -1  1 -1  0 0 0
  0  0  0  0 0 1
  1 -1  0  0 0 0
  0  1 -1  0 0 0
  0  0  0 -1 0 0
  0  0  0  0 1 0
2-1;1;1;1;1 1 5
9 
#1 
6	% 
  0 0  0 0 1 0
  0 0  0 0 0 1
  0 0  0 1 0 0
  0 1  0 0 0 0
  0 0 -1 0 0 0
 -1 0  1 0 0 0
1,1,1;1;1;1 1 10
27 
#2 
6	% 
  0 0 0 1 0  0
  0 0 1 0 0  0
  0 1 0 0 0  0
  0 0 0 0 0 -1
  0 0 0 0 1  0
 -1 0 0 0 0  0
6	% 
 -1 -1  1 -1 0  0
  0 -1  0  1 0  0
  0  1 -1  0 0  0
  0  0  0  0 0 -1
  0  0  0  0 1  0
 -1  0  0  0 0  0
2-2,2-2;1,1 1 3
96 
#1 
6	% 
  1 -1  1  0 0 1
 -1 -1  1 -1 0 0
  1 -1 -1  0 1 0
  0  0 -1  0 0 0
  0  1 -1  0 0 0
  1  0 -1  0 0 0
1,1;1,1;1,1 1 6
54 
#2 
6	% 
 -1 -1  1 1 0 0
  1  0  0 0 0 0
  1  1 -1 0 0 0
  0  0 -1 0 0 1
  0  0  1 0 1 0
  1  0 -1 0 0 0
6	% 
 0  0  3 1  0  0
 0 -1  0 0 -1  0
 0  0 -1 0  0  0
 0  0  0 0  1  0
 0  0  0 0  0  1
 1  0 -1 0  0 -1
1,1;1,1;1;1 1 10
108 
#3 
6	% 
  0  0  3 1 0 0
  1  0 -1 0 0 0
  0  0 -1 0 0 0
 -1 -1  1 0 0 1
  1  1 -1 0 1 0
  0 -1  0 0 0 0
6	% 
 -1 -1  1 1 0 0
  1  0 -1 0 0 0
  1  1 -1 0 0 0
  0  0 -1 0 0 1
  0  0  1 0 1 0
  1  0  0 0 0 0
6	% 
 0 0  3 1  0  0
 1 0 -1 0  0  0
 0 0 -1 0  0  0
 0 0  0 0  0 -1
 0 0  0 0 -1  0
 0 1 -1 0  0  0
1,1;1,1;1;1 1 8
54 
#2 
6	% 
 0  0 1 0 0  0
 0  0 0 1 1 -1
 0  0 0 0 0  1
 1  0 0 0 0  0
 0 -1 0 0 0  0
 0  0 0 0 1  0
6	% 
 0  0 0  1 1 -1
 0 -1 0  0 0  0
 0  0 1  0 0  0
 0  0 0 -1 0  0
 0  0 0  0 0 -1
 1 -1 0  0 0  0
1,1,1;1;1;1 1 7
54 
#2 
6	% 
 -1 -1 -1 0 -1  1
  0  0  0 1  0  0
 -1  0 -1 0  0  0
  1  1  1 0  0 -1
  0  1  1 0  0  0
 -1 -1 -1 0 -1  0
6	% 
 -1  2  1 0 -1  1
  0  0  0 1  0  0
 -1  2  0 0  0  0
  1 -2 -1 0  0 -1
  0 -1 -1 0  0  0
 -1  2  1 0 -1  0
1,1,1;1,1;1 1 8
54 
#2 
6	% 
  0  0 0 0 1 -1
  1  1 0 0 0  0
 -1 -1 1 0 0  0
  0  0 0 0 1  0
  0  1 0 0 0  0
  0  0 0 1 0  0
6	% 
  0 -2  0  1 0 -1
  1 -3 -1  1 0 -1
 -2  7  2 -3 0  3
  1 -2  1  1 0  0
  0 -1 -1  0 0 -1
  0  0  0  0 1  0
1,1;1,1;1;1 1 19
27 
#2 
6	% 
  0  2 0 1 0 0
 -1  0 1 0 0 0
  1 -1 0 0 0 0
  0  0 0 0 0 1
  1  0 0 0 0 0
  0  0 0 0 1 0
6	% 
 -1 -2 1 0 0 0
  0  0 0 1 0 0
  1  0 0 0 0 0
  0  0 0 0 0 1
  0 -1 1 0 0 0
  0  0 0 0 1 0
1,1;1,1;1;1 1 7
27 
#2 
6	% 
  0  2 0 1 0 0
 -1  0 1 0 0 0
  0  0 0 0 0 1
  0  0 0 0 1 0
  1 -1 0 0 0 0
  1  0 0 0 0 0
6	% 
 -1 -2 1 0 0 0
  0  0 0 1 0 0
  0  0 0 0 0 1
  0  0 0 0 1 0
  1  0 0 0 0 0
  0 -1 1 0 0 0
1,1,1;1;1;1 1 1
1 
#1 
6	% 
  0 -1 -1 0 0 0
 -1  0 -1 0 0 0
  1  1  1 0 0 0
  0  0  0 1 0 0
  0  0  0 0 1 0
  0  0  0 0 0 1
1,1,1;1;1;1 1 2
27 
#2 
6	% 
 -1 1 -1 1 0 0
 -1 0  1 0 0 0
  0 0  0 0 1 0
  0 0  0 0 0 1
  1 0  0 0 0 0
 -1 1  0 0 0 0
6	% 
 -1  1 -1 -1 0 0
  0  0 -1  1 0 0
  0  0  0  0 1 0
  0  0  0  0 0 1
  0 -1  1  0 0 0
 -1  0  0  0 0 0
2-2;1,1;1,1 1 3
12 
#1 
6	% 
  0  0 0 1 0 0
  0  0 0 0 1 0
  0  0 0 0 0 1
  1 -1 0 0 0 0
 -1  0 1 0 0 0
  1  0 0 0 0 0
1,1,1;1;1;1 1 5
3 
#1 
6	% 
  0 -1 -1 0 0 0
 -1  0 -1 0 0 0
  1  1  1 0 0 0
  0  0  0 1 0 0
  0  0  0 0 0 1
  0  0  0 0 1 0
1,1,1;1,1;1 1 1
3 
#1 
6	% 
  0 -1 -1 0 0 0
 -1  0 -1 0 0 0
  1  1  1 0 0 0
  0  0  0 0 1 0
  0  0  0 0 0 1
  0  0  0 1 0 0
1,1,1,1;1;1 1 1
3 
#1 
6	% 
  0 -1 -1 -1 0 0
 -1  0 -1 -1 0 0
 -1 -1  0 -1 0 0
  1  1  1  1 0 0
  0  0  0  0 1 0
  0  0  0  0 0 1
2-1;2-1;1,1 1 3
9 
#1 
6	% 
  0  0  0 0 1 0
  0  0  0 0 0 1
  1  1 -1 1 0 0
  0  1 -1 0 0 0
  1 -1  0 0 0 0
 -1  0  0 0 0 0
2-1,2-1;1,1 2 2
36 
#1 
6	% 
  0  0  0  0 1 0
  0  0  0  0 0 1
 -1 -1  1 -1 0 0
  0 -1  1 -1 0 0
  0  0 -1  0 0 0
  1  0  0  1 0 0
2-1,2-1;1;1 1 2
36 
#1 
6	% 
  0  0  1 0 1 0
 -1  1  0 0 0 1
  0  0  0 1 0 0
  0 -1  1 0 0 0
  0  0 -1 0 0 0
  1  0  0 0 0 0
2-1;2-1;1;1 1 3
9 
#1 
6	% 
  0 0  0 0 1 0
  0 0  0 0 0 1
  0 0  0 1 0 0
 -1 0  1 0 0 0
  0 0 -1 0 0 0
  0 1  0 0 0 0
2-1,2-1;1;1 2 2
36 
#1 
6	% 
 0  0  0 0 1 0
 0  0  0 0 0 1
 0  0  0 1 0 0
 0 -1  1 0 0 0
 0  0 -1 0 0 0
 1  0  0 0 0 0
2-1,2-1;1,1 1 2
36 
#1 
6	% 
  0 0  0 0 1 0
  0 0  0 0 0 1
  1 1 -1 1 0 0
  0 1 -1 0 0 0
  0 0  1 0 0 0
 -1 0  0 0 0 0
2-2;1,1,1;1 1 4
8 
#2 
6	% 
  0 -1 -1  0 0 0
 -1  0 -1  0 0 0
  1  1  1  0 0 0
  0  0  0  0 0 1
  0  0  0  0 1 0
  0  0  0 -1 0 0
6	% 
  0 0  0 1  0  1
  0 0  0 0 -1  0
  0 0  0 0  0 -1
 -1 1  0 0  0  0
  1 0 -1 0  0  0
 -1 0  0 0  0  0
1,1;1,1;1;1 1 2
27 
#2 
6	% 
  1 -1 1 0 0 0
  0  0 0 0 1 0
  0  0 0 0 0 1
  0  0 0 1 0 0
 -1  0 0 0 0 0
  1 -1 0 0 0 0
6	% 
 0 0 -1 0  0 0
 0 0  0 0 -1 0
 0 0  0 1  1 0
 0 0  0 0  0 1
 0 1  0 0  0 0
 1 0 -1 0  0 0
2-2;2-2;1;1 1 12
16 
#1 
6	% 
  0 0 0 0  0 1
  0 0 0 0 -1 0
  0 0 0 1  0 0
 -1 1 0 0  0 0
 -1 0 1 0  0 0
 -1 0 0 0  0 0
2-2;1,1,1;1 1 3
12 
#1 
6	% 
  0  0 0  0 0 -1
  0  0 0 -1 0  0
  0  0 0  0 1  0
  1 -1 0  1 0  1
 -1  0 1 -1 0 -1
  1  0 0  1 0  1
2-1;1,1;1;1 1 11
9 
#1 
6	% 
 1  1 -1 1 0 0
 1  0 -1 0 0 0
 0  0  1 0 0 0
 0  0  0 0 0 1
 0 -1  0 0 0 0
 0  0  0 0 1 0
2-1;1,1;1;1 1 10
18 
#1 
6	% 
  0  0 0 1  0  0
  0 -1 1 0 -1  1
  0  0 0 0  0  1
 -1  1 0 0  0  0
  1  0 0 0  1 -1
  0  0 0 0  1  0
2-1;1;1;1;1 1 9
9 
#1 
6	% 
  0 0  0 1 0 0
 -1 0  1 0 0 0
  0 0  0 0 0 1
  0 0 -1 0 0 0
  0 1  0 0 0 0
  0 0  0 0 1 0
1,1;1,1;1;1 1 3
54 
#2 
6	% 
  0  0 -5 -3  0 0
  1 -1  0  0  1 0
  0  0  0  0  0 1
  0  0  3  2  0 0
 -1  0 -1 -1 -1 0
  0  1 -2 -1 -1 0
6	% 
 -1 -1  1 -3 0  0
  1 -1  0  0 0  1
  0  0  0  0 1  0
  1  1 -1  2 0  0
 -1  0  1 -1 0 -1
 -1  0  0 -1 0 -1
1,1;1,1;1;1 1 16
54 
#2 
6	% 
  0 0 1 0  0 0
  0 0 0 1  0 0
  0 0 0 0  1 0
  0 1 0 0 -1 1
  0 0 0 0  0 1
 -1 0 0 0 -1 1
6	% 
 -2  1 -1 0 0  0
  0  0  0 1 0  0
  0  0  0 0 0  1
  2 -1  0 0 1 -1
  0  0  0 0 1  0
 -1  0 -1 0 1 -1
2-1;1,1;1;1 1 20
9 
#1 
6	% 
  0  0  0  0 0 1
  0  0  0  0 1 0
 -1 -1  1 -1 0 0
  1  0 -1  1 0 0
 -1  0  0 -1 0 0
  1 -1  0  0 0 0
2-1;1;1;1;1 1 16
3 
#1 
6	% 
  0 0 0 0 1 0
  0 0 0 0 0 1
  0 0 0 1 0 0
 -1 1 0 0 0 0
  1 0 0 0 0 0
 -1 0 1 0 0 0
1,1;1,1;1,1 1 3
18 
#1 
6	% 
  0 0 -5  0  0 -3
  0 0  0 -1  0  0
 -1 1  0  0 -1  0
  0 0  3  0  0  2
  0 1 -2  1  0 -1
  1 0 -2  1  0 -1
1,1;1,1;1;1 1 17
54 
#2 
6	% 
  0  0  0  0 1  0
  1  1 -1  1 0 -1
 -1  0  0  0 0  1
 -1 -1  1 -1 0  0
  0 -1  0  0 0  1
  1  1 -1  0 0 -1
6	% 
  0  0  0 1  0  0
  0 -1  1 0 -1 -1
  1  0 -1 0  1  0
 -1  0  0 0  0  1
  0  1  0 0  1  0
 -1  0  0 0 -1  0
1,1;1,1;1,1 1 9
18 
#1 
6	% 
  0  0  0  1 0 0
  1 -1  0  0 1 0
  0  0  1  0 0 1
  0  0  1  0 0 0
 -1  0  1 -1 0 0
  0  1 -1  1 0 0
1,1;1,1;1;1 1 24
36 
#1 
6	% 
 -2 -2  2 -1  0  0
  2 -2 -2  0  2 -1
 -2  2  2  0 -1  2
 -2  2  1  0 -1  1
  0  3  0  1 -1  1
 -1 -2  2 -1  0  0
1,1;1,1;1;1 1 33
18 
#1 
6	% 
  0  0  0 1  0  0
  0  0 -1 0 -1  0
 -1  1  0 0  0 -1
 -1  0  1 0  0  0
 -1  0  0 0 -1 -1
  1 -1  0 0  1  1
2-1;1;1;1;1 1 2
3 
#1 
6	% 
  0 0  0 1 0 0
  0 0  0 0 1 0
  0 0  0 0 0 1
 -1 0  1 0 0 0
  0 0 -1 0 0 0
  0 1  0 0 0 0
2-1;1,1;1;1 1 2
9 
#1 
6	% 
  1  1 -1 1 0 0
  0  0  0 0 1 0
  0  0  0 0 0 1
  0  1 -1 0 0 0
  1 -1  0 0 0 0
 -1  0  0 0 0 0
1,1;1,1;1;1 1 18
18 
#1 
6	% 
  1 -1 1  0 0 1
  0  0 0  1 0 0
  0  0 0  0 1 0
  0 -1 0  1 0 0
  0 -1 1  0 0 0
 -1  1 0 -1 0 0
1,1;1,1;1,1 1 8
6 
#1 
6	% 
  0  0  0  1  0  0
  0  0  0  0  0  1
 -1  1 -1  0 -1  0
  1  0  0  0  1  1
  1 -1  0  1  1  0
 -1  0  1 -1  0 -1
2-2,2-2;1;1 2 5
96 
#1 
6	% 
 -1 1  0 -1 -1  1
  1 0  0  1  1  1
  0 1  0 -1  1  1
  0 1 -1 -1  0  1
  1 0 -1  1  1  0
  0 0 -1  0 -1 -1
2-2;2-2;1,1 1 8
16 
#1 
6	% 
 -1 1 0 0 0 0
 -1 0 1 0 0 0
  1 0 0 0 0 0
  0 0 0 0 0 1
  0 0 0 0 1 0
  0 0 0 1 0 0
3;2-2;1 2 4
4 
#1 
6	% 
  0 0 0 0 0 1
  0 0 0 0 1 0
  0 0 0 1 0 0
  1 0 0 0 0 0
 -2 1 0 0 0 0
 -1 0 1 0 0 0
3,3 2 1
24 
#1 
6	% 
 -1 0 0  0 -1 -1
 -1 0 1 -1  0 -1
 -1 1 0 -1 -1  0
  0 0 0  0  0  1
  0 0 0  0  1  0
  0 0 0  1  0  0
3;2-2;1 1 3
4 
#1 
6	% 
 0 0 1 0 0 0
 0 1 0 0 0 0
 1 0 0 0 0 0
 0 0 0 1 0 0
 0 0 0 1 0 1
 0 0 0 0 1 0
1,1;1;1;1;1 1 2
9 
#2 
6	% 
  0 0 1 0 0 0
  0 0 0 0 0 1
  0 0 0 1 0 0
  0 0 0 0 1 0
  0 1 0 0 0 0
 -1 0 0 0 0 0
6	% 
 0 -1 0 0 0 0
 0  0 0 1 0 0
 0  0 0 0 1 0
 0  0 0 0 0 1
 0  0 1 0 0 0
 1 -1 0 0 0 0
1,1;1;1;1;1 1 16
27 
#2 
6	% 
  0 0  2 1 0 0
  0 0 -1 0 0 0
  0 0  0 0 0 1
  0 1  0 0 0 0
  0 0  0 0 1 0
 -1 0  1 0 0 0
6	% 
  1  1 -1 1 0 0
 -1 -1  1 0 0 0
  0  0  0 0 0 1
  1  0  0 0 0 0
  0  0  0 0 1 0
  1  0 -1 0 0 0
1,1;1;1;1;1 1 4
27 
#2 
6	% 
 0  0  3 1 0 0
 0  0  0 0 0 1
 0  0  0 0 1 0
 0  0 -1 0 0 0
 1  0  0 0 0 0
 0 -1  1 0 0 0
6	% 
 -1 -1  1 1 0 0
  0  0  0 0 1 0
  0  0  0 0 0 1
  1  1 -1 0 0 0
  0 -1  0 0 0 0
  0 -1  1 0 0 0
1,1;1;1;1;1 1 9
27 
#2 
6	% 
  0 0 1 0 0 0
  0 0 0 1 0 0
  0 0 0 0 0 1
  0 1 0 0 0 0
  0 0 0 0 1 0
 -1 0 0 0 0 0
6	% 
 0 0 -1 0 0 0
 0 0  0 1 0 0
 0 0  0 0 0 1
 0 1  0 0 0 0
 0 0  0 0 1 0
 1 0 -1 0 0 0
3;1,1;1 2 4
9 
#2 
6	% 
  0 0 0 0 0 1
  0 0 0 0 1 0
  0 0 0 1 0 0
  0 0 1 0 0 0
  0 1 0 0 0 0
 -1 0 0 0 0 0
6	% 
 0 0  0 0 0 1
 0 0  0 0 1 0
 0 0  0 1 0 0
 0 0 -1 0 0 0
 0 1  0 0 0 0
 1 0 -1 0 0 0
2-2;1,1;1;1 1 9
36 
#2 
6	% 
  0  1  0  0  0  0
  0  0 -1  0  0  0
 -1  0  1  0  0  0
 -1 -1  1  0  0 -1
 -1 -1  1  0 -1  0
 -1 -1  1 -1  0  0
6	% 
 -1 0  0  0  0  0
  1 1 -1  0  0  0
 -1 0  1  0  0  0
  0 0  0  0  0 -1
  0 0  0  0 -1  0
  0 0  0 -1  0  0
2-2;1,1;1;1 1 11
60 
#3 
6	% 
  0 0 1 0 0 0
  0 1 0 0 0 0
 -1 0 0 0 0 0
  0 0 0 0 0 1
  0 0 0 0 1 0
  0 0 0 1 0 0
6	% 
  0 0 0 1 0 0
  0 0 0 0 1 0
  0 0 0 0 0 1
 -1 1 0 0 0 0
 -1 0 1 0 0 0
 -1 0 0 0 0 0
6	% 
 0 -1 0 0 0 0
 0  0 1 0 0 0
 1 -1 0 0 0 0
 0  0 0 0 0 1
 0  0 0 0 1 0
 0  0 0 1 0 0
1,1;1;1;1;1 1 5
9 
#1 
6	% 
  0 0  0  1  0 0
  0 0  0 -1 -1 0
  0 0  0  0  0 1
  0 1  0  0  0 0
  0 0 -1  0  0 0
 -1 0  1  0  0 0
1,1;1;1;1;1 1 12
54 
#2 
6	% 
  0  0  0 0 0 1
 -1  0  0 0 0 0
 -1 -1  1 0 0 0
  0  0 -1 0 1 0
 -1  0  1 0 0 0
  0  0  1 1 0 0
6	% 
  0  0  0 1 0 0
  0  1  0 0 0 0
  0  0  1 0 0 0
 -1 -1  1 0 0 1
 -1  0  1 0 0 0
  1  1 -1 0 1 0
1,1;1;1;1;1 1 10
18 
#1 
6	% 
 0  0  0 1 0  0
 0  0  0 0 1  0
 0 -1  0 0 0  0
 0  0 -1 0 0  0
 0  0  0 0 0 -1
 1  0 -1 0 0  0
3;2-1;1 1 1
3 
#1 
6	% 
 1 0 0 0 0 0
 0 0 1 0 0 0
 0 1 0 0 0 0
 0 0 0 0 0 1
 0 0 0 0 1 0
 0 0 0 1 0 0
3;2-1;1 2 4
3 
#1 
6	% 
  0 0  0 0 0 1
  0 0  0 0 1 0
  0 0  0 1 0 0
  0 0  1 0 0 0
  0 1 -1 0 0 0
 -1 0  0 0 0 0
3;1,1;1 1 1
3 
#1 
6	% 
 0 0 1 0  0 0
 0 1 0 0  0 0
 1 0 0 0  0 0
 0 0 0 0 -1 0
 0 0 0 1  1 0
 0 0 0 0  0 1
3;1,1;1 1 4
6 
#1 
6	% 
 0 0 0 1 1 -1
 0 0 0 0 0  1
 0 0 0 1 0  0
 0 0 1 0 0  0
 0 1 0 0 0  0
 1 0 0 0 0  0
2-2;1,1;1;1 1 8
12 
#1 
6	% 
 0  0  0 1 0 0
 0  0  0 0 0 1
 0  0  0 0 1 0
 1 -1  0 0 0 0
 1  0 -1 0 0 0
 1  0  0 0 0 0
2-2;1,1;1;1 1 7
24 
#1 
6	% 
 0  0  0 1  0  0
 0  0  0 0 -1  0
 0  0  0 0  0 -1
 1 -1  0 0  1 -1
 1  0 -1 0  1 -1
 1  0  0 0  1 -1
1,1;1;1;1;1 1 35
18 
#1 
6	% 
  0  0  0 1  0  0
  2 -2 -2 0  1 -2
 -2  2  2 0 -2  1
  1  0  0 0  0  0
  2 -1 -2 0  1 -1
  2 -2 -1 0  1 -1
1,1;1;1;1;1 1 38
6 
#1 
6	% 
 0  0 0 -1 -1  1
 0  0 0  1  0 -1
 0  0 0 -1 -1  0
 0 -1 0  0  0  0
 1  0 0  0  0  0
 0  0 1  0  0  0
1,1;1;1;1;1 1 40
9 
#1 
6	% 
 0 0 0 1 0 0
 0 0 0 0 0 1
 0 0 0 0 1 0
 0 1 0 1 0 0
 1 0 0 1 0 0
 0 0 1 0 0 0
2-2;1,1;1;1 1 17
12 
#1 
6	% 
 1 -1 0 0 0 0
 0 -1 1 0 0 0
 0  0 0 0 1 0
 0  1 0 0 0 0
 0  0 0 1 0 0
 0  0 0 0 0 1
1,1;1;1;1;1 1 24
9 
#1 
6	% 
  0 0  0 1 0 0
  0 0  0 0 1 0
  0 0  0 0 0 1
  0 0 -1 0 0 0
  0 1  0 0 0 0
 -1 0  0 0 0 0
1,1;1;1;1;1 1 26
3 
#1 
6	% 
 0 0 0 0 1 0
 0 0 0 0 0 1
 0 0 0 1 0 0
 0 0 1 0 0 0
 1 0 0 0 0 0
 0 1 0 0 0 0
1;1;1;1;1;1 1 24
3 
#1 
6	% 
 0 0 0 1 0 0
 0 0 0 0 0 1
 0 0 0 0 1 0
 0 0 1 0 0 0
 0 1 0 0 0 0
 1 0 0 0 0 0
1;1;1;1;1;1 1 17
1 
#1 
6	% 
  0 0 0 1 0 0
  0 0 0 0 1 0
  0 0 0 0 0 1
 -1 0 1 0 0 0
  1 0 0 0 0 0
 -1 1 0 0 0 0
1;1;1;1;1;1 1 8
9 
#1 
6	% 
 0  0  0 1 0 0
 0  0  0 0 0 1
 1  0 -1 0 0 0
 1  0  0 0 0 0
 0  0  0 0 1 0
 1 -1  0 0 0 0
1;1;1;1;1;1 1 3
3 
#1 
6	% 
  0 0 0 0 0 1
  0 0 0 0 1 0
  0 0 0 1 0 0
 -1 0 1 0 0 0
  1 0 0 0 0 0
 -1 1 0 0 0 0
2-2;1;1;1;1 1 17
4 
#1 
6	% 
  0 0 -1 0 0 0
  0 1 -1 0 0 0
  0 0  0 0 0 1
 -1 0  1 0 0 0
  0 0  0 0 1 0
  0 0  0 1 0 0
2-2;1;1;1;1 1 9
12 
#1 
6	% 
 -1 0 1 0 0 0
  1 0 0 0 0 0
 -1 1 0 0 0 0
  0 0 0 0 0 1
  0 0 0 0 1 0
  0 0 0 1 0 0
3;1;1;1 2 5
3 
#1 
6	% 
  0  0  0 1 0 0
  0  0  0 0 0 1
  0  0  0 0 1 0
 -1 -1  1 0 0 0
  1  0  0 0 0 0
  1  0 -1 0 0 0
2-2;1;1;1;1 1 7
12 
#1 
6	% 
  0 0 0 1 0 0
  0 0 0 0 0 1
  0 0 0 0 1 0
 -1 1 0 0 0 0
 -1 0 1 0 0 0
 -1 0 0 0 0 0
2-2;1;1;1;1 1 5
4 
#1 
6	% 
  0 0  0 0 0 1
  0 0  0 1 0 0
  0 0  0 0 1 0
 -1 1  0 0 0 0
  1 0 -1 0 0 0
 -1 0  0 0 0 0
2-2;1,1;1;1 1 6
12 
#1 
6	% 
  0 0  0 0  1  0
  0 0  0 0 -1 -1
  0 0  0 1  0  0
 -1 1  0 0  0  0
  1 0 -1 0  0  0
 -1 0  0 0  0  0
2-2;1,1;1;1 1 5
12 
#1 
6	% 
  0  0 0 1 0 0
  0  0 0 0 0 1
  0  0 0 0 1 0
  1 -1 0 0 0 0
 -1  0 1 0 0 0
  1  0 0 0 0 0
3;1;1;1 1 3
3 
#1 
6	% 
 0 0 0 1 0 0
 0 0 0 0 0 1
 0 0 0 0 1 0
 0 0 1 0 0 0
 0 1 0 0 0 0
 1 0 0 0 0 0
3;1;1;1 2 10
1 
#1 
6	% 
  0 0  0 0 1 0
  0 0  0 0 0 1
  0 0  0 1 0 0
  0 0 -1 0 0 0
  0 1  0 0 0 0
 -1 0  0 0 0 0
3;1;1;1 1 1
1 
#1 
6	% 
 0 0 1 0 0 0
 0 1 0 0 0 0
 1 0 0 0 0 0
 0 0 0 1 0 0
 0 0 0 0 1 0
 0 0 0 0 0 1
