#39

1;1;1;1;1;1 1 25
1 
#1 
6	% 
 1 0 0 0 0 0
 0 1 0 0 0 0
 0 0 1 0 0 0
 0 0 0 1 0 0
 0 0 0 0 1 0
 0 0 0 0 0 1
1,1,1,1,1,1 1 1
1 
#1 
6	% 
 1 0 0 0 0 0
 0 1 0 0 0 0
 0 0 1 0 0 0
 0 0 0 1 0 0
 0 0 0 0 1 0
 0 0 0 0 0 1
1,1,1,1,1;1 1 2
5 
#2 
6	% 
  0  0  0  0  0 -1
 -1  0  0  0  0  0
 -1 -1  0  0  1 -1
 -1 -1 -1 -1 -1 -1
  1  2  0  1  0  1
 -1 -1 -1  0  0 -1
6	% 
  0  0  0  0 -1 -1
 -1  0  0  0  0  0
 -1  0  0  1  0  0
 -1  0  0 -1 -2 -1
  1 -1  0 -1  0 -1
 -1  0 -1  0 -1  0
1,1,1,1,1;1 1 1
1 
#1 
6	% 
 0  0  0  0 -1  0
 0 -1 -1  0 -1 -1
 0 -1  0 -1 -1 -1
 0  0 -1 -1  0 -1
 0  1  1  1  1  1
 1  0  0  0  0  0
1,1,1,1;1,1 1 2
7 
#3 
6	% 
 1  0  0  0  0  0
 0 -1 -1 -1 -1 -1
 0  0  0  0  1  0
 0  0  0  1  0  0
 0  0  1  1  0  0
 0 -1  0  0  0  0
6	% 
  0  0  0  0  0  1
  0 -1 -1 -1 -1  1
  0  1  0  0  0  0
  1  0  0  0  0  0
 -1  0  1  0  0 -1
 -1 -1  0 -1  0  1
6	% 
 0 -1  1 -1 -2 -3
 0 -1  1 -2 -3 -3
 0 -1  1  0 -1 -2
 1  0  0  0  0  0
 0  2 -1  3  4  5
 0 -1  2 -2 -3 -4
1,1,1,1;1,1 1 3
8 
#2 
6	% 
 1  1  1  1 1  1
 1  2  1  1 0  0
 0  0 -1  0 0 -1
 0 -2  0 -1 0  0
 0  1  1  0 0  0
 0  1  0  1 1  0
6	% 
  1  0  0  0  0  0
  0  0  0  0  0  1
 -1 -1 -1  0 -1 -1
  0  0  1  1  1  1
  0  1  0  0  0  0
  1  0 -2 -1 -1 -1
1,1,1;1,1,1 1 3
8 
#2 
6	% 
 -1 -1 -1 -1  0  0
  0  0  0  1  1 -1
 -1  0  0  0  0  1
  1  0  1  0  0  0
  1  0  0  0 -1  0
 -1 -1  0 -1  0  0
6	% 
 -1  0  0  0 -1 -1
  0  0 -1  0 -1  0
 -1  0  0 -1 -1 -2
  1  0  0  0  0  1
  1 -1  1  0  2  1
 -1  0  0  0 -1  0
1,1,1;1,1,1 1 2
2 
#1 
6	% 
  1  0 0 0 -1 -2
  1  0 0 0  1  1
  0  0 0 1  0  0
  0 -1 1 0  0  0
 -1  1 0 0  0  0
  1  1 0 0  1  1
1,1,1;1,1;1 1 7
20 
#4 
6	% 
 0 -1 1 1  0  0
 0  2 0 0  1  1
 0 -3 0 0 -2 -1
 0  1 0 0  0  0
 1  0 0 0  0  0
 0 -1 1 0  0  0
6	% 
 0  1 -1 -1  2  2
 0  1 -1 -1  1  1
 0 -2  2  2 -3 -2
 1  1  0  0  1  1
 1  0  0  0  0  0
 0  1 -1  0  1  1
6	% 
 0  3 1 1  2  2
 0  2 0 0  1  1
 1 -4 0 0 -2 -2
 0  1 0 0  1  2
 0  0 0 0  0  1
 0  1 1 0  1  1
6	% 
 0 1 -1 1  3  3
 0 0  0 0 -1 -1
 0 0  0 1  2  2
 0 0  0 0 -1  0
 1 0  0 0  0  0
 0 1  0 1  2  2
1,1,1;1,1;1 1 9
4 
#1 
6	% 
  0  0  0 0  1  1
 -1  0  0 0  1  2
  1  0  0 0 -1 -1
  0 -1  0 0  0  0
  0  2  0 1  1  1
  0  1 -1 1  0  0
1,1,1,1;1;1 1 2
5 
#2 
6	% 
 0  0  0  0  0 1
 0 -1  0  0  1 0
 0 -1 -1 -1 -1 0
 1  0  0  0  0 0
 0  1  0  1  0 0
 0  0 -1  0  0 0
6	% 
 0 -1  1 -1 -1 -2
 0 -1  1  0 -1 -2
 0 -1  1 -1  0 -1
 1  0  0  0  0  0
 0  1 -2  1  1  2
 0 -2  1 -2 -2 -3
1,1,1;1,1;1 1 11
20 
#3 
6	% 
 0 -1  1  1 -2 -2
 0 -1  1  1 -3 -3
 1  3 -3 -3  7  7
 0  0  1  1 -1  0
 0 -1  0  0 -2 -2
 0 -1  1  0 -1 -1
6	% 
  2  1  1  1  2  2
  2  1  1  1  1  1
 -5 -3 -3 -3 -4 -4
  1  1  0  0  1  1
  1  0  1  1  1  0
  1  1  0  1  1  1
6	% 
  0 -1  1  1  1 -1
  2  0  0  0  1 -1
 -3  1 -1 -1 -3  3
  0 -1  1  0 -2 -3
  1  0  0  0  0 -1
  0  0  1  1  1  0
1,1,1,1;1;1 1 5
8 
#2 
6	% 
 1  0  0  0 -1 -1
 0  0  0  0 -1  0
 0 -1  0  0 -2 -2
 0  0  0 -1  2  2
 0 -1  1  0 -2 -2
 0  0 -1 -1  1  1
6	% 
  1  1  1  1  1  1
  1  0  1  1  1  1
  1  1  1  1  0  1
 -1 -2 -1 -2 -1 -1
  1  1  2  1  1  1
 -1 -1 -1 -1 -1  0
1,1,1;1,1;1 1 6
4 
#1 
6	% 
 0 -1 -1 -1 0  0
 0  0  0  0 1  1
 0  1  1  1 0 -1
 0  0 -1 -1 0  0
 1  1 -1 -1 0  0
 0  0 -1  0 0  0
1,1,1,1;1;1 1 6
2 
#1 
6	% 
  1 0  0  0  0  0
  0 0  0  0  1  0
  0 0  0  0  0  1
 -1 0 -1 -1 -1 -1
  1 1  0  1  1  1
  0 0  0 -1  0  0
1,1,1;1,1;1 1 5
2 
#1 
6	% 
  2 0 0  0 1 1
  1 0 0  0 0 0
 -3 0 0  0 0 1
  1 1 0  1 1 1
  0 0 0 -1 0 0
  0 1 1  1 1 1
1,1,1;1,1;1 1 8
8 
#2 
6	% 
 0  0 -2  0 -1 -1
 0  1 -1  1  0  0
 0 -2  5 -2  1  1
 0  0 -1  0  0 -1
 0  0  0  1  0  0
 1  0  0  0  0  0
6	% 
 0  0  0  0 -1 -1
 0  1 -1 -1 -2  0
 0 -1  1  1  4  1
 0  0  1  0  0  0
 0  1 -1  0 -1  0
 1  0  0  0  0  0
1,1,1;1,1;1 1 3
2 
#1 
6	% 
 0  1  1  1  0  0
 0  1  1  1  1  0
 0 -2 -2 -2 -1 -1
 0  1  0  0  0  0
 0  0  0  1  0  0
 1  0  0  0  0  0
1,1;1,1;1,1 1 4
4 
#1 
6	% 
  0  0  0  1  0  0
 -1  0  0  0 -1 -1
  1  0  0  0  0  1
  0 -1  0 -1  0 -1
  0  0 -1  0  0 -1
 -1  0  0  0 -1  0
1,1;1,1;1;1 1 26
4 
#1 
6	% 
  1  0  0  0  0  0
 -1 -2 -2 -2 -2 -3
  1 -2 -2 -2 -1 -2
  0  2  1  2  1  2
  0 -2 -1 -1 -1 -2
  0  1 -1  0  0  0
1,1,1;1;1;1 1 12
2 
#1 
6	% 
 -1  0  0  0  0  0
 -1  0  0  0 -1 -2
  1 -1  0 -1  0  1
 -1  0 -1 -1 -1 -2
  0  1 -1  0  0  0
  0  0  0 -1  0  0
1,1,1;1;1;1 1 11
2 
#1 
6	% 
 0 0  0 0 1 0
 0 0  0 0 0 1
 1 0  0 0 0 0
 0 1 -1 0 0 0
 0 1  0 0 1 1
 0 1  0 1 1 1
1,1,1;1;1;1 1 16
4 
#1 
6	% 
  1 0 0 0  0 0
  3 0 0 0 -1 0
 -3 0 0 0  0 1
  2 1 0 1  0 0
  2 0 1 1  0 0
  0 0 0 1  0 0
1,1;1,1;1,1 1 3
1 
#1 
6	% 
  0  2 -2  5  0  0
  0  0  0  0  2  3
 -1 -1 -1 -1 -1 -1
  0 -1  1 -3  0  0
 -1  0 -1  1 -2 -3
  1  1  0  2 -1 -2
1,1;1,1;1;1 1 15
2 
#1 
6	% 
 -1 -1 -1 -1 -1 -1
  0  0  0  0  1  2
  1  0  1  1  0  0
  1  1  0  0  1  1
  0  1 -1  0  0  0
  0  0  0 -1  0  0
1,1;1,1;1,1 1 9
10 
#2 
6	% 
 1  0  0  0  0  0
 0 -1 -1  0 -1 -1
 0 -2  0 -1 -1 -1
 0 -1  0  0 -1  0
 0  0  0  0  0  1
 0  1  0  0  0  0
6	% 
  1 0  0  0  0  0
  0 0  0  1  0  0
  0 1 -1  0  0  0
  0 0  0 -1 -1  0
 -1 0 -1 -1 -1 -1
  1 1  0  1  1  0
1,1;1,1;1;1 1 24
8 
#1 
6	% 
 -1  0  0 0 -1 -1
  0  1 -1 0  0  0
  0  0  0 1  0  0
  0 -1  0 0  0 -1
  1 -1  0 0  0  0
 -1  0  0 0 -1  0
1,1,1;1;1;1 1 7
8 
#2 
6	% 
 0 1  0 0  0 0
 1 0  0 0  0 0
 0 0  0 0  0 1
 0 0  0 1  0 0
 0 0  0 0 -1 0
 0 1 -1 0  0 0
6	% 
 0 0  0 0 -1  0
 1 0  0 0  0  0
 0 0  0 1 -1 -2
 0 1  0 0  2  2
 0 1 -1 0  1  2
 0 0  1 1 -1 -1
1,1,1;1;1;1 1 17
4 
#1 
6	% 
 1  0  0  0  0  0
 0 -1  1  1 -4 -3
 0  0 -1 -1  1  1
 0  0  0 -1  2  2
 0  0  0  1 -2 -1
 0  1  0  0  2  2
1,1;1,1;1;1 1 27
12 
#2 
6	% 
 1  0 0  0  0  0
 0  0 0 -1  2  2
 0 -1 1  1 -4 -5
 1  0 1  1 -2 -2
 1  1 0 -1  5  5
 0 -1 1  1 -5 -4
6	% 
 1  0  0  0  0  0
 0 -1  1  0 -2 -2
 0  1 -2 -2  5  5
 0  1 -1 -1  3  4
 0 -2  2  1 -6 -5
 0  2 -1 -1  6  6
1,1;1,1;1;1 1 12
4 
#1 
6	% 
  1  0  0  0  0  0
  0  0  0  0  1  2
  1  0 -1 -1 -1 -1
  0 -1  0 -1  0  0
  1  0  0 -1  0  0
 -1 -1  1  0  0  0
1,1;1,1;1;1 1 33
10 
#2 
6	% 
 1  0  0  0  0  0
 0  0  0  0 -1  0
 0  0  0  0  0  1
 0  0  1  0  1  1
 0 -1  1  0  0  0
 0  0 -1 -1 -1 -1
6	% 
 1  0  0  0  0  0
 0  1 -1  1  1  0
 0 -1  1 -1  0  1
 0 -1  0 -1 -1  0
 0 -1  0  0  0  0
 0  1 -1  0  0 -1
1,1;1,1;1;1 1 16
4 
#1 
6	% 
 0  0  0  0  0  1
 1  0  0  0  0  0
 0  1  1  0  1  1
 0 -2 -1 -1 -2 -3
 0 -2  0 -1 -1 -1
 0 -2 -1 -1 -1  0
1,1;1,1;1;1 1 3
1 
#1 
6	% 
 0  2 -2  5  0  0
 0  0  0  0 -1 -2
 1  0  0  0  0  0
 0 -1  1 -3  0  0
 0  0 -1  1  1  2
 0  1  0  2  2  3
1,1;1;1;1;1 1 35
4 
#1 
6	% 
 1  0  0  0 0  0
 0  0  0  0 1  0
 0  0  0  0 0  1
 0  0  0 -1 0  0
 0 -1  0 -1 0 -1
 0  0 -1 -1 0 -1
1,1;1;1;1;1 1 36
4 
#1 
6	% 
 1  0  0  0  0  0
 0  1  0  1  0  0
 0  2 -2 -1 -1  0
 0 -2  1  1  0 -1
 0  0  0 -1  0  0
 0 -1  1  0  0  0
1,1;1;1;1;1 1 17
2 
#1 
6	% 
 0 0  0  0  0  1
 1 0  0  0  0  0
 0 0 -1  0 -1 -2
 0 0 -1 -1  0  1
 0 1 -1  0  0  0
 0 0  0  1  0  0
1,1;1;1;1;1 1 39
4 
#1 
6	% 
  1 0  0 0  0 0
  0 0  0 1  0 0
 -1 0  0 0  0 1
 -1 0 -1 0 -1 0
  1 1  0 0  1 0
 -1 0  0 0 -1 0
1,1;1;1;1;1 1 41
1 
#1 
6	% 
 -3 -5 -5 -5 -5 -5
  0  0  0  1  0  0
 -1 -2 -1 -1 -1 -2
  0  0  0  0 -1  0
 -1 -1 -2 -1 -1 -2
  0  0  0  0  0  1
