#35

2-2;2-1;1;1 1 11
1 
#1 
6	% 
 1 0 0 0 0 0
 0 1 0 0 0 0
 0 0 1 0 0 0
 0 0 0 1 0 0
 0 0 0 0 1 0
 0 0 0 0 0 1
1,1,1,1,1,1 1 1
1 
#1 
6	% 
 1 0 0 0 0 0
 0 1 0 0 0 0
 0 0 1 0 0 0
 0 0 0 1 0 0
 0 0 0 0 1 0
 0 0 0 0 0 1
1,1,1,1;1,1 1 3
18 
#5 
6	% 
  0  1  0  0  0  0
 -1  0 -1  1 -1  1
 -1 -1  0  0  0  1
  1  0  0 -1  0 -1
 -1  0 -1  0 -1  0
  1  1  1  0  0  0
6	% 
  1 0  1 1  1  1
  2 1  1 0  0  1
  0 0 -1 0 -1  0
 -1 0  0 0  0 -1
  1 0  1 0  0  0
  0 0  0 1  0  1
6	% 
  1 0 0  0 0 0
  1 1 1 -1 0 0
  0 0 0  0 1 0
 -1 0 0  1 0 0
  1 0 1  0 0 0
  0 0 0  0 0 1
6	% 
  0  0  1  0  0  0
  0 -2  0 -1  1 -1
 -1  0  0  0  0  0
  0  1 -1  0 -1  1
  0 -1  1 -1  0 -1
 -1  1  0  0  0  0
6	% 
  0  0 1  0  0  0
 -2  1 0 -1  1 -1
  0 -1 0 -1  0  0
  1  1 0  1  0  0
 -1  2 0  0  1  0
  0 -1 0  0 -1  0
1,1,1,1,1;1 1 2
8 
#3 
6	% 
  1  0  0  0 0  0
  0  0  1  0 0  0
  0 -1  0 -1 1 -1
  1  0  1  0 0 -1
 -1  1 -1  1 0  1
  1 -1  1  0 1 -1
6	% 
 0 -1  1  0 -1  0
 0  0  1  1  0  1
 0 -1  0  1 -1  0
 0  0  1  0  0  1
 1  0 -1 -1  1 -1
 1 -1  1  1 -1  1
6	% 
 -2  1 -1 -1 -1 -1
 -2  1 -1 -1 -1  0
 -2  1 -2 -1 -1 -1
 -2  1 -1  0 -1 -1
  3 -1  2  1  2  1
 -3  2 -2 -1 -2 -1
2-1;1,1,1;1 1 8
2 
#1 
6	% 
  0  1  0 0 0  0
 -1  1  0 0 0  0
  1 -1  0 0 0 -1
  1 -1  0 0 1  0
 -1  1  0 1 0  0
 -1  1 -1 0 0  0
1,1,1,1;1,1 1 1
1 
#1 
6	% 
 0  0 -1 -1  0 -1
 0  0  0 -1 -1 -1
 0  0 -1  0 -1 -1
 0  0  1  1  1  1
 0 -1  0  0  0  0
 1  1  0  0  0  0
1,1,1;1,1,1 1 4
18 
#3 
6	% 
  1 -1  1 1 0  1
  1  0  1 0 0  1
 -1  1 -1 0 0 -2
  1  0  1 0 1  1
 -1  0 -2 0 0 -1
  1 -1  1 0 0  1
6	% 
  1  0 1  1 -1  0
  1  0 0  1 -1  0
 -1  0 0 -1  2  0
  1 -1 0  1 -1 -1
 -1  1 0 -2  1  0
  1 -1 0  1 -1  0
6	% 
  1  0 1 0  1  1
  1  0 0 0  1  1
 -1  0 0 0 -2 -1
  1 -1 0 1  1  1
 -1  1 0 0 -1 -2
  1 -1 0 0  1  1
1,1,1;1,1,1 1 2
2 
#1 
6	% 
  0  1  0  0  0  0
  1  1  0  1  1  0
  0  0 -1 -1  1 -1
  0  0  0  0  0  1
 -1 -1  1  0 -1  0
  1  1  1  1  0  0
2-1;1,1;1,1 1 11
6 
#1 
6	% 
  1 -2  0  1 -1  0
 -1 -1 -1  0  0  1
  1  0  0  0  0 -1
 -1  1  0 -1  0  0
 -1  1  0  0  1  0
 -1  0 -1  0  0  0
2-2;1,1,1,1 1 1
1 
#1 
6	% 
 0 1  0  0  0  0
 1 0  0  0  0  0
 0 0  0 -1 -1 -1
 0 0 -1  0 -1 -1
 0 0 -1 -1  0 -1
 0 0  1  1  1  1
1,1,1;1;1;1 1 15
6 
#2 
6	% 
  0  1 0 0 1 0
  0 -1 0 0 0 1
 -1  0 0 0 0 0
  0 -1 0 1 0 0
 -1  1 0 0 0 0
  0  1 1 0 0 0
6	% 
  0 0 -1  1 -1  0
  1 0  1  0  0 -1
  0 0  0 -1  0  0
  0 0  0 -1  1 -1
  0 0  0  0 -1  0
 -1 1 -1  0  0  1
1,1,1;1,1;1 1 12
48 
#8 
6	% 
  0  1  0  0  0  0
  0  0 -1  1 -1  1
  0 -2  1 -2  2 -1
  0  0  0  1  0  1
  0 -1  0 -1  1 -1
 -1  1  0  0  0  0
6	% 
 -2  1 -2  0  0  2
 -4  2 -2 -1  1  2
  8 -4  5  1 -1 -5
 -2  1 -1  0  1  1
  4 -2  3  0 -1 -2
 -1  0 -1  0  0  1
6	% 
  0  0 0 -1  1  0
  2 -1 0  0  0  0
 -2  1 1  2 -2 -1
  1 -1 0  0  0  0
 -1  1 1  1 -1  0
  0  0 0  0  1  0
6	% 
 0  0  0 -1  1  0
 0  2  1  0  0 -1
 0 -3 -1  2 -2  1
 0  1  0  0  0 -1
 1 -2  0  1 -1  1
 0  0  0  0  1  0
6	% 
 0 -1  0  0  0  0
 0 -2 -1  1 -1  1
 0  4  2 -2  1 -1
 0 -1  0  1  0  1
 0  2  1 -1  0 -1
 1 -1  0  0  0  0
6	% 
 0 -1 0  0  0 0
 0  0 1  1  1 1
 0  4 0 -1 -1 0
 0  0 1  0  1 0
 0  2 0  0 -1 0
 1 -1 0  0  0 0
6	% 
 -2  1 -2  0  0 -2
  0  0  0  1  1  0
  4 -2  3 -1 -1  3
  0  0  1  0  1 -1
  2 -1  1  0 -1  2
 -1  0 -1  0  0 -1
6	% 
 -2  1  0  0 -2  2
 -4  2 -1  1 -2  2
  8 -4  1 -1  5 -5
 -2  1  0  1 -1  1
  4 -2  0 -1  3 -2
 -1  0  0  0 -1  1
1,1;1,1;1;1 1 39
36 
#4 
6	% 
 -1  1 -1  1 -1  1
  1  0  1 -1  1 -1
 -1  1 -1  1 -1  0
  1  0  1 -1  0 -1
  1 -1  0 -1  1 -1
  1  0  1  0  1 -1
6	% 
 -1  1 -1  1  1 -1
  1  0  1 -1 -1  1
 -1  0 -1  0  1 -1
  1 -1  0 -1 -1  1
  1  0  1 -1  0  1
  1 -1  1 -1 -1  0
6	% 
 -1  1 -1  1  1 -1
  1  0  1 -1 -1  1
 -1  1 -1  0  1 -1
  1  0  1 -1 -1  0
  1 -1  0 -1 -1  1
  1  0  1 -1  0  1
6	% 
 -1  1 -1  1 -1  1
  1  0  1 -1  1 -1
 -1  0 -1  1 -1  0
  1 -1  0 -1  1 -1
  1  0  1 -1  0 -1
  1 -1  1  0  1 -1
1,1;1,1;1;1 1 9
1 
#1 
6	% 
 0 -1  0  0  0  0
 1  1  0  0  0  0
 0  0  0 -1  0  0
 0  0  0  1 -1 -1
 0  0  0  0 -1  0
 0  0 -1 -1  1  0
1,1;1,1;1,1 1 5
3 
#2 
6	% 
 0 -1  0  0 0  0
 1  1  0  0 0  0
 0  0  1  0 1  0
 0  0 -1  0 0  0
 0  0  0 -1 0 -1
 0  0  0  0 0  1
6	% 
 1 0 0 0 0 0
 0 1 0 0 0 0
 0 0 0 0 1 0
 0 0 0 0 0 1
 0 0 1 0 0 0
 0 0 0 1 0 0
1,1,1;1;1;1 1 19
4 
#2 
6	% 
 1 0  0 0  0  0
 0 1  0 0  0  0
 0 0  0 0  0 -1
 0 0 -1 0  0  0
 0 0  0 1  0  0
 0 0  0 0 -1  0
6	% 
  1  1 0  0  0  0
  0  1 0  0  0  0
 -1 -1 0  0  0 -1
  1  1 0  0 -1  0
  1  1 0 -1  0  0
  1  1 1  0  0  0
1,1,1,1;1;1 1 5
13 
#3 
6	% 
  0  1  1  1 -1 -1
  1  0  1  1 -1 -1
  1  1  1  0 -1 -1
 -1 -1 -1 -1  1  2
  1  1  2  1 -1 -1
 -1 -1 -1 -1  0  1
6	% 
 0  0 -1  0  0 1
 0 -2 -1 -1  1 0
 0 -1 -1 -1  0 0
 1  1  2  1 -1 0
 1 -2 -2 -1  1 0
 0  1  1  0 -1 0
6	% 
  0  0 0  0  0 -1
  0  0 1  0  0 -1
  0  0 0  0 -1 -1
  1 -1 0  0  0  2
 -1  0 0  0  0 -2
  0  0 0 -1  0  1
2-2;1,1;1,1 1 5
3 
#2 
6	% 
  0 1  0  0 0  0
 -1 1  0  0 0  0
  0 0  1  0 1  0
  0 0 -1  0 0  0
  0 0  0 -1 0 -1
  0 0  0  0 0  1
6	% 
  0 1 0 0 0 0
 -1 1 0 0 0 0
  0 0 0 1 0 0
  0 0 0 0 1 0
  0 0 1 0 0 0
  0 0 0 0 0 1
1,1,1;1,1;1 1 2
2 
#1 
6	% 
 0 0 -2 -1  1 0
 0 0 -1  0  0 1
 0 0  3  1 -1 0
 1 0  0  0  0 0
 0 1  0  0  0 0
 0 0 -1  0  1 0
1,1,1;1,1;1 1 9
14 
#3 
6	% 
  2  2  1  0  0  1
  1  1  0  0  0  0
 -2 -3 -1  0  0 -1
  1  1  1  0  0  0
  0  0  0  0 -1  0
  0  0  0 -1 -1  0
6	% 
 0  0 -2 -1  1 0
 0  0 -1  0  0 1
 0  0  3  1 -1 0
 0  1 -1  0  1 0
 1  0  0  0  0 0
 2 -1  0  0  0 0
6	% 
 0 0 -2 -1  1 0
 0 0 -1  0  0 1
 0 0  3  1 -1 0
 0 0 -1  0  1 0
 1 0  0  0  0 0
 0 1  0  0  0 0
2-2;1,1,1;1 1 2
2 
#1 
6	% 
 0 0 -1  0  0 1
 0 0 -1 -1  1 0
 0 0  1  0 -1 0
 0 1  0  0  0 0
 1 0  0  0  0 0
 0 0 -1 -1  0 0
2-1;1,1;1;1 1 32
12 
#2 
6	% 
 -1  0 0  0 0 0
 -1  1 0  0 0 0
  0 -1 0  0 0 1
  0  1 0 -1 0 0
  0  1 0  0 1 0
  0  1 1  0 0 0
6	% 
 -1  0 0  0 0 0
  1 -1 0  0 0 0
 -2  1 0  0 0 1
  2 -1 0 -1 0 0
  2 -1 0  0 1 0
  2 -1 1  0 0 0
2-1;1,1;1;1 1 26
1 
#1 
6	% 
 0 -1 0  0  0 0
 1  1 0  0  0 0
 0  0 0  0  0 1
 0  0 0  0 -1 0
 0  0 0 -1  0 0
 0  0 1  0  0 0
1,1,1;1;1;1 1 10
6 
#1 
6	% 
 0  0  0 0 1  0
 0  0  0 1 0  0
 0  0  0 0 0 -1
 1  0  0 0 0  0
 1 -1  0 0 0  0
 0  0 -1 0 0  0
1,1;1,1;1;1 1 34
9 
#2 
6	% 
  0  0  0  0 -1  0
  0  0 -1  0  0  0
 -1  0  0  0  0  0
  0  0  0  0  0 -1
  0  0  0 -1  0  0
  1 -1  0  0  0  0
6	% 
  0  0 0  1 1  1
  0  0 0 -1 0  0
 -1  0 0  0 0  0
  0  0 0  0 0 -1
  0  0 1  1 0  1
  1 -1 0  0 0  0
1,1,1,1;1;1 1 3
3 
#1 
6	% 
  0  0 -1  0 -1 -1
  0  0 -1 -1  0 -1
  0  0  0 -1 -1 -1
  0  0  1  1  1  1
 -1  0  0  0  0  0
  1 -1  0  0  0  0
1,1;1,1;1,1 1 10
6 
#1 
6	% 
 -1  0  0 -1 -1 0
  0  1  0  0  0 1
  0  0  0  0  1 0
 -1  1  0 -1 -1 0
  0  0  0 -1  0 0
  0 -1 -1  0  0 0
1,1;1,1;1;1 1 25
12 
#2 
6	% 
  0 0 0 -1  0 0
  1 0 0  1  1 0
  0 0 0  0  0 1
  0 0 0  0  1 0
  0 0 1  0  0 0
 -1 1 0 -1 -1 0
6	% 
  0 -2 0 -1  0 0
 -1  4 0  1  1 0
  0  0 0  0  0 1
  0  2 0  0  1 0
  0  0 1  0  0 0
 -1 -3 0 -1 -1 0
2-1;1;1;1;1 1 35
3 
#1 
6	% 
 -1  0 0  0 0 0
  1 -1 0  0 0 0
  0  0 0  0 0 1
  0  0 0  0 1 0
  0  0 0 -1 0 0
  0  0 1  0 0 0
1,1;1;1;1;1 1 28
3 
#1 
6	% 
  0  0 0  0 -1 0
  0  0 0 -1  1 1
 -1  0 0  0  0 0
  0  0 0 -1  0 0
  1 -1 0  0  0 0
  0  0 1  1 -1 0
2-2;1,1;1;1 1 14
1 
#1 
6	% 
 0 1  0  0  0  0
 1 0  0  0  0  0
 0 0  0 -1  0  0
 0 0  0  1 -1 -1
 0 0  0  0 -1  0
 0 0 -1 -1  1  0
1,1;1;1;1;1 1 54
24 
#4 
6	% 
 1  0  0  0 0  0
 1 -1  0  0 0  0
 0  0  0  0 1  0
 0  0  0 -1 0  0
 0  0  0  0 0 -1
 0  0 -1  0 0  0
6	% 
  1 0  0  0 0  0
 -1 1  0  0 0  0
  0 0  0  0 1  0
  0 0  0 -1 0  0
  0 0  0  0 0 -1
  0 0 -1  0 0  0
6	% 
 1  0  0  0  0 0
 1 -1  0  0  0 0
 0  0  0  0  0 1
 0  0  0 -1  0 0
 0  0  0  0 -1 0
 0  0 -1  0  0 0
6	% 
  1 0  1 -1 -1  1
 -1 1 -1  1  1 -1
  0 0 -1  0  0  0
  0 0  0  1  0  0
  0 0  0  0  1  0
  0 0  0  0  0  1
1;1;1;1;1;1 1 41
3 
#1 
6	% 
 -1  0  0 0  0  0
  1 -1  0 0  0  0
  0  0  0 0  0 -1
  0  0  0 0 -1  0
  0  0  0 1  0  0
  0  0 -1 0  0  0
2-2;1;1;1;1 1 20
1 
#1 
6	% 
  0 1  0 0  0 0
 -1 1  0 0  0 0
  0 0  0 0 -1 0
  0 0 -1 0  0 0
  0 0  0 1  0 0
  0 0  0 0  0 1
1,1;1;1;1;1 1 48
1 
#1 
6	% 
 0 -1 0 0  0 0
 1  1 0 0  0 0
 0  0 0 0  0 1
 0  0 0 0 -1 0
 0  0 0 1  0 0
 0  0 1 0  0 0
