#30

2-2;1;1;1;1 1 11
1 
#1 
6	% 
 1 0 0 0 0 0
 0 1 0 0 0 0
 0 0 1 0 0 0
 0 0 0 1 0 0
 0 0 0 0 1 0
 0 0 0 0 0 1
1,1,1,1,1,1 1 1
1 
#1 
6	% 
 1 0 0 0 0 0
 0 1 0 0 0 0
 0 0 1 0 0 0
 0 0 0 1 0 0
 0 0 0 0 1 0
 0 0 0 0 0 1
1,1,1,1,1;1 1 2
10 
#3 
6	% 
 0 -1  1  0 -1  0
 0  0  1  1  0  1
 0 -1  0  1 -1  0
 0  0  1  0  0  1
 1  0 -1 -1  1 -1
 1 -1  1  1 -1  1
6	% 
  0  0  0  1  0  0
  1  0  0  0  0  0
  0 -1 -1  0 -1 -1
  1  0  0  1  0 -1
 -1  1  1 -1  0  1
  1 -1  0  1 -1 -1
6	% 
 -2  1 -1 -1 -1 -1
 -2  1 -1 -1 -1  0
 -2  1 -2 -1 -1 -1
 -2  1 -1  0 -1 -1
  3 -1  2  1  2  1
 -3  2 -2 -1 -2 -1
1,1,1,1;1,1 1 1
3 
#2 
6	% 
 0  0 -1 -1  0 -1
 0  0  0 -1 -1 -1
 0  0 -1  0 -1 -1
 0  0  1  1  1  1
 0 -1  0  0  0  0
 1  1  0  0  0  0
6	% 
  0 -1 0 -1  0 -1
 -1  0 0 -1  0 -1
 -1 -1 0  0  0 -1
  1  1 0  1  0  1
  0  0 0  0 -1  0
  0  0 1  0  1  0
1,1,1,1;1,1 1 3
28 
#3 
6	% 
  0 1  0  0  0 -1
  0 0 -1 -1 -1 -1
 -1 0  0  0  0  0
  0 0  0  0  1  1
  0 0 -1  0  0 -1
 -1 1  0  0  0  0
6	% 
  1 0  1 1  1  1
  2 1  1 0  1  0
  0 0 -1 0  0 -1
 -1 0  0 0 -1  0
  1 0  1 0  0  0
  0 0  0 1  1  0
6	% 
  0  0  0 1  0 0
  0  0  0 0  0 1
  0 -1 -1 0  0 0
  1  1  1 0  0 0
 -1  2  0 0 -1 0
  0 -1  0 0  1 0
1,1,1;1,1,1 1 2
10 
#2 
6	% 
  0  1 0 0  0 0
  1  1 1 0 -1 0
  0  0 0 0  0 1
  0  0 0 1  0 0
 -1 -1 0 0  1 0
  1  1 1 0  0 0
6	% 
 -2  1 -1  0 -1  0
  0  0  1  0  0  0
  0  1  0 -1  0  0
  0 -1  0 -1  0 -1
  1  0  0  1  0  1
 -1  1  0  1  0  1
1,1,1;1,1,1 1 4
12 
#1 
6	% 
  0  1  0  1 1 -1
  1  0  0  1 0 -1
 -1  0  0 -1 0  2
  0 -1 -1  1 0 -1
 -1  1  0 -2 0  1
  1 -1  0  1 0 -1
2-2;1,1,1,1 1 1
1 
#1 
6	% 
 0 1  0  0  0  0
 1 0  0  0  0  0
 0 0  0 -1 -1 -1
 0 0 -1  0 -1 -1
 0 0 -1 -1  0 -1
 0 0  1  1  1  1
1,1,1,1;1;1 1 3
5 
#2 
6	% 
  0  0 -1  0 -1 -1
  0  0 -1 -1  0 -1
  0  0  0 -1 -1 -1
  0  0  1  1  1  1
 -1  0  0  0  0  0
  1 -1  0  0  0  0
6	% 
  0 -1 0 -1 0 -1
 -1  0 0 -1 0 -1
 -1 -1 0  0 0 -1
  1  1 0  1 0  1
  0  0 0  0 1  0
  0  0 1  0 0  0
1,1,1;1,1;1 1 9
56 
#5 
6	% 
 0  0 -2 -1 0 -1
 0  0 -1  0 1  0
 0  0  3  1 0  1
 0  1 -1  0 0 -1
 1  0  0  0 0  0
 2 -1  0  0 0  0
6	% 
 -2  1 0  0  0 0
  0  0 0  1  0 1
  2 -1 0 -1  0 0
 -1  0 0  0  0 0
  0  0 0  0 -1 0
  0  0 1  0 -1 0
6	% 
 0 1  0 0 0 0
 0 0  0 1 0 0
 0 0  0 0 0 1
 1 0  1 0 1 0
 0 0 -1 0 0 0
 0 0 -1 0 1 0
6	% 
  2  2 0  1  0 -1
  1  1 0  0  0  0
 -2 -3 0 -1  0  1
  1  1 1  1  1  0
  0  0 0  0 -1  0
  0  0 1  0 -1  0
6	% 
 0 0  1 0  1 0
 0 0  1 0  1 1
 0 0 -1 1 -1 0
 0 0  1 0  0 0
 1 0  0 0  0 0
 0 1  0 0  0 0
1,1,1;1,1;1 1 2
20 
#4 
6	% 
 0  1 0  0 0  0
 0  0 0  1 0  0
 0 -2 0 -1 0 -1
 0  0 1  0 0  0
 0  0 0  0 1  0
 1  0 0  0 0  0
6	% 
 0 0 -1 0 -1  0
 0 0 -1 0 -1 -1
 0 0  2 1  2  1
 1 0  0 0  0  0
 0 1  0 0  0  0
 0 0  0 0 -1  0
6	% 
  2  2  1  0  1 0
  1  1  0  0  0 0
 -2 -3 -1  0 -1 0
  0  0  0  1  0 1
  0  0  0 -1  0 0
  1  1  1  0  0 0
6	% 
 -2  1 0  0 0 0
  0  0 0  1 0 1
  2 -1 0 -1 0 0
  0  0 1  0 0 0
  0  0 0  0 1 0
 -1  0 0  0 0 0
1,1,1;1,1;1 1 12
72 
#4 
6	% 
  0 1 0  0  0  0
  0 0 0 -1  0  1
  0 0 1  1 -1 -1
  0 0 0 -1  0  0
  0 0 1  1  0  0
 -1 1 0  0  0  0
6	% 
 0  2  1  0  1  0
 0  3  2  1  2  1
 0 -8 -4 -1 -4 -1
 1  1  1  1  1  0
 0 -4 -2 -1 -2  0
 0  1  1  0  0  0
6	% 
  0  0  1  0  1  0
  2 -1  2  1  2 -1
 -2  1 -4 -2 -4  2
  1  0  1  1  1  0
 -1  0 -2 -1 -2  1
  0  0  1  0  0  0
6	% 
 -2  1  0 -2  0  2
 -4  2 -1 -2  1  2
  8 -4  1  5 -1 -5
 -2  1  0 -1  1  1
  4 -2  0  3 -1 -2
 -1  0  0 -1  0  1
1,1,1,1;1;1 1 5
28 
#3 
6	% 
  0  2  1  0 -1  1
  0  1  1  1 -1  1
  0  1  1  0  0  1
 -1 -1 -1 -1  1 -1
 -1  2  1  1 -1  1
  0 -1  0  0  1 -1
6	% 
  0  0  0 0 0 -1
  0  0  0 1 0 -1
  0  0  0 0 1 -1
  1 -1  0 0 0  2
 -1  0  0 0 0 -2
  0  0 -1 0 0  1
6	% 
  0  1  1  1  1 -1
  1  0  1  1  1 -1
  1  1  1  0  1 -1
 -1 -1 -1 -1 -2  1
  1  1  2  1  1 -1
 -1 -1 -1 -1 -1  0
2-2;1,1,1;1 1 2
4 
#1 
6	% 
 0 0  0 0 0 1
 0 0  0 1 0 0
 0 0  0 0 1 0
 0 1  0 0 0 0
 1 0  0 0 0 0
 0 0 -1 0 0 0
1,1,1;1;1;1 1 10
28 
#4 
6	% 
 0  0  0 0  0 1
 0  0  0 1  0 0
 0  0  0 0 -1 0
 1  0  0 0  0 0
 1 -1  0 0  0 0
 0  0 -1 0  0 0
6	% 
  0 -1 0 0  0 -1
  0  1 0 1  0  1
 -1  0 0 0  0  0
  0  0 0 0 -1  0
  0  0 1 0  0  0
 -1  1 0 0  0  0
6	% 
  0 0 0 0  0 1
  0 0 0 1  0 0
  1 0 0 0  0 0
  0 0 0 0 -1 0
  0 0 1 0  0 0
 -1 1 0 0  0 0
6	% 
  0 -1 0  0  0  0
 -1 -1 0 -1  0  1
  1  1 0  0  0 -1
  0  0 0  0 -1  0
  0  0 1  0  0  0
 -1 -1 0 -1  0  0
1,1;1,1;1;1 1 34
18 
#2 
6	% 
  0  0  0  0  0 1
  0  0 -1  0  0 0
 -1  0  0  0  0 0
  0  0  0  0 -1 0
  0  0  0 -1  0 0
  1 -1  0  0  0 0
6	% 
  0 -1 0  0 0 -1
 -1  1 0  0 0  1
  0  0 0  0 1  0
  1  0 0  1 0  0
  0 -1 0 -1 0  0
  0  0 1  0 0  0
1,1;1,1;1;1 1 4
5 
#2 
6	% 
  0  0 0 1  0 0
  0  0 0 0  0 1
  0  0 0 0 -1 0
  0  0 1 0  1 0
 -1  0 0 0  0 0
  1 -1 0 0  0 0
6	% 
 0 -1 0 0 0 0
 1  1 0 0 0 0
 0  0 0 1 0 0
 0  0 0 0 0 1
 0  0 0 0 1 0
 0  0 1 0 0 0
1,1;1,1;1,1 1 5
14 
#2 
6	% 
 0 -1  0 0  0 0
 1  1  0 0  0 0
 0  0 -1 0  0 1
 0  0  1 0  0 0
 0  0  0 1  1 0
 0  0  0 0 -1 0
6	% 
  0  0  0  1  0 1
  0  0  0 -1  0 0
  1 -1  1  0 -1 0
 -1  1  0  0  1 0
  1  0  1  0 -1 0
 -1  0 -1  0  0 0
1,1;1,1;1,1 1 1
1 
#1 
6	% 
 0 -1 0 0  0  0
 1  1 0 0  0  0
 0  0 0 0 -1  0
 0  0 1 0  1  0
 0  0 0 0  0 -1
 0  0 0 1  0  1
1,1;1,1;1;1 1 25
72 
#3 
6	% 
  0 -2 0 -1  0  0
 -1  4 0  1  0 -1
  0  0 0  0 -1  0
  0  2 0  0  0 -1
  0  0 1  0  0  0
 -1 -3 0 -1  0  1
6	% 
 -1  1  0 -1 0 -1
  0  0  0  0 1  0
  2 -1  0  1 0  2
 -1  0  0 -1 0 -1
 -2  1  0 -2 0 -1
  0  0 -1  0 0  0
6	% 
  0 0 -1  0  0  0
  1 0  1  0 -1  0
  0 0  1  0  1 -1
  0 0  0  0 -1  0
  0 0 -1 -1 -1  0
 -1 1 -1  0  1  0
1,1;1,1;1;1 1 9
28 
#3 
6	% 
  0  0  0 0 0 -1
  0  0  0 1 0  1
 -1  0  0 0 0  0
  0  1  0 0 1  0
 -1  1  0 0 0  0
  0 -1 -1 0 0  0
6	% 
 0 -1  0  0 0  0
 1  1  0  0 0  0
 0  0  0 -1 0  0
 0  0  0  1 1  1
 0  0  0  0 0  1
 0  0 -1 -1 0 -1
6	% 
  0 0  0 1  0  1
  0 0  0 0  0 -1
  0 0 -1 0  0  0
  1 0  1 0 -1  0
  0 0  0 0 -1  0
 -1 1 -1 0  1  0
1,1,1;1;1;1 1 15
24 
#2 
6	% 
  0  1 0 0  0 1
  0 -1 0 0 -1 0
 -1  0 0 0  0 0
  0 -1 0 1  0 0
 -1  1 0 0  0 0
  0  1 1 0  0 0
6	% 
  1 0  1  1  1  1
  0 0 -1  0  0  0
  0 0  0 -1  0  0
 -1 1 -1 -1 -1 -1
  0 0  0  0  0  1
  0 0  0  0  1  0
1,1;1,1;1,1 1 10
24 
#1 
6	% 
 1  0 1  0 -1  0
 0 -1 0 -1  0  0
 0  0 0  1  1  1
 1 -1 1  0 -1  0
 0  0 1  1  0  1
 0  1 0  0  0 -1
2-2;1,1;1,1 1 1
1 
#1 
6	% 
  0 1 0 0  0  0
 -1 1 0 0  0  0
  0 0 0 0 -1  0
  0 0 1 0  1  0
  0 0 0 0  0 -1
  0 0 0 1  0  1
2-2;1,1;1,1 1 5
2 
#1 
6	% 
  0 1 0 0 0 0
 -1 1 0 0 0 0
  0 0 0 0 1 0
  0 0 0 0 0 1
  0 0 1 0 0 0
  0 0 0 1 0 0
1,1;1;1;1;1 1 28
36 
#3 
6	% 
  0  0 0  0 0  1
  0  0 0 -1 1 -1
 -1  0 0  0 0  0
  0  0 0 -1 0  0
  1 -1 0  0 0  0
  0  0 1  1 0  1
6	% 
 -1  1 0 0 0 0
  0 -2 0 0 0 1
  0  0 0 0 1 0
 -1  0 0 0 0 0
  0  0 1 0 0 0
  0  2 0 1 0 0
6	% 
  0 0 0  0 0  1
  1 0 0  1 0 -1
  0 0 0  0 1  0
  0 0 0  1 0  0
  0 0 1  0 0  0
 -1 1 0 -1 0  1
1,1;1;1;1;1 1 25
7 
#2 
6	% 
 0  0 1 0 0 0
 0  0 0 0 1 0
 0  0 0 0 0 1
 1  0 0 0 0 0
 1 -1 0 0 0 0
 0  0 0 1 0 0
6	% 
 0 -1 0 0  0 0
 1  1 0 0  0 0
 0  0 0 0  0 1
 0  0 0 0 -1 0
 0  0 1 0  0 0
 0  0 0 1  0 0
2-2;1,1;1;1 1 14
4 
#1 
6	% 
 0 1  0  0 0  0
 1 0  0  0 0  0
 0 0  0 -1 0  0
 0 0  0  1 1  1
 0 0  0  0 0  1
 0 0 -1 -1 0 -1
2-2;1,1;1;1 1 3
2 
#1 
6	% 
 0 0 0 1 0 0
 0 0 0 0 0 1
 0 1 0 0 0 0
 1 0 0 0 0 0
 0 0 0 0 1 0
 0 0 1 0 0 0
1;1;1;1;1;1 1 18
3 
#1 
6	% 
 -1  0 0 0 0 0
  0  0 0 0 0 1
  0  0 0 0 1 0
  1 -1 0 0 0 0
  0  0 1 0 0 0
  0  0 0 1 0 0
