#59

2-1;2-1;1;1 1 12
1 
#1 
6	% 
 1 0 0 0 0 0
 0 1 0 0 0 0
 0 0 1 0 0 0
 0 0 0 1 0 0
 0 0 0 0 1 0
 0 0 0 0 0 1
1,1,1,1,1,1 1 1
1 
#1 
6	% 
 1 0 0 0 0 0
 0 1 0 0 0 0
 0 0 1 0 0 0
 0 0 0 1 0 0
 0 0 0 0 1 0
 0 0 0 0 0 1
1,1,1,1;1,1 1 3
12 
#4 
6	% 
  0  0  1 1 0  1
 -1  0  1 1 0  2
  0  0  0 0 1  0
  1  0 -1 0 0 -1
 -1  0  0 1 0  1
  0 -1  0 0 0  0
6	% 
 -1 0  1  1  0 -1
  2 1  1  1  1 -2
  1 0 -1  0  0  0
 -1 0  0 -1 -1  2
  1 0  1  0  1  0
 -1 0  0  1  0 -1
6	% 
 0 0  0  0  0 -1
 1 0  1 -1  0 -1
 0 0  1  0 -1 -1
 0 0 -1  0  0  1
 0 0  0 -1  0  0
 0 1  0  1  0  0
6	% 
 -1 0 -1  0 -1 -2
 -1 0 -1  0 -1 -1
  1 0  1  0  0  1
  1 1  1  0  1  1
 -1 0 -1 -1 -1 -1
 -1 0  0  0 -1 -1
1,1,1,1,1;1 1 2
5 
#2 
6	% 
  0  0  0  0  1  0
  1  0  0  0  0  0
  0 -1 -1 -1  0 -1
  1  0  0  0  1 -1
 -1  1  1  0 -1  1
  1 -1  0 -1  1 -1
6	% 
 0  0  1  1  0 -1
 0  1  0  1  0 -1
 1  1  1  1  1 -2
 0  0  1  2  1 -2
 0 -1 -1 -2 -1  3
 0  1  1  2  1 -2
2-1',2-1';1,1 1 2
2 
#1 
6	% 
  0  0 -1 -1  0 1
  0 -1  0  0 -1 1
  1  0  0  0  0 0
  1 -1  0  0  0 1
  0  1 -1  0  0 0
 -1 -1  0  0  0 0
1,1,1,1,1;1 1 1
1 
#1 
6	% 
 0  0  0  0 -1  0
 0 -1 -1  0 -1 -1
 0 -1  0 -1 -1 -1
 0  0 -1 -1  0 -1
 0  1  1  1  1  1
 1  0  0  0  0  0
1,1,1;1,1,1 1 3
12 
#4 
6	% 
  0  1  1  1 1  1
 -1  0  0  0 0  0
  0  0  0  1 0  1
  0 -1 -1 -1 0 -1
  0  0 -1  0 0 -1
  0  0  1  1 1  1
6	% 
  0 -1 -1 -1  1  1
 -1  0  0  0  0  0
  1 -1  0  0  0 -1
 -1  0  0  1  0  0
  1  0  0  0 -1 -1
 -1  0  0 -1  0  1
6	% 
 -1 -1 -1 -1  1  1
  0 -1  0  0 -1 -1
  0  0  0  0  1  0
  1  0  0  1 -1 -1
  0  1  0  0  0  0
 -1 -1 -1  0  0  0
6	% 
  1  1  1 -1 -1 0
  0 -1  0 -1  0 1
  1  1  1  1  0 0
 -1 -1 -1  0  0 0
 -1  1  0  1  1 0
  1  0  0 -1 -1 0
2-1;1,1,1;1 1 8
4 
#1 
6	% 
  1 0  0  0 0 -1
  0 0  0  0 0  1
 -1 0  0  0 1 -2
 -1 0  0 -1 0 -1
  1 0 -1  0 0  2
  1 1  0  0 0  1
1,1,1,1;1,1 1 2
7 
#3 
6	% 
 0 1  0  0  0  0
 0 0  0  0  0  1
 0 0 -1 -1 -1 -1
 1 0  0  0  0  0
 0 0  1  0  0  0
 0 0  0 -1  0  0
6	% 
 0 1  0 0  0  1
 0 0  0 0 -1  0
 1 0  0 0  1  1
 0 0 -1 1  0  0
 0 0  1 0  0 -1
 0 0  1 0  0  0
6	% 
  0  0 -1 -1  0  1
  0 -1 -1 -1 -1  2
  0 -1 -1  0  0  1
  1  0  0  0  0  0
 -1  1  1  1  0 -2
 -1 -1 -1 -1  0  1
2-1',2-1';1;1 1 2
2 
#1 
6	% 
 0 -1  0 1 0  0
 0  0  1 0 1 -1
 1  0  0 0 0  0
 0  0 -1 0 0  0
 0  1  1 0 0 -1
 0  0 -1 0 0  1
2-1;1,1;1,1 1 9
4 
#1 
6	% 
 1 1  1 -1 -1  0
 0 0  0  0  0 -1
 0 0 -1  0  0  1
 0 0  0  0  1 -1
 0 1  0  0  0  0
 0 0  0 -1  0  0
1,1,1;1,1,1 1 2
2 
#1 
6	% 
  0  0 0  0  1  1
  0 -1 0  0 -1 -1
 -1  0 0  0  0  0
  0  0 1 -1  0  0
  1  0 0  1  0 -1
  1  0 0  1  0  0
1,1;1,1;1;1 1 10
8 
#2 
6	% 
 1  0  2  2 0 -2
 0  0 -1  0 0  1
 0  0 -1 -1 0  1
 0  0  0  0 1  1
 0 -1  0  0 0 -1
 0  0 -1  0 0  0
6	% 
 -3 0 -2  2  0  0
  1 0  1  0  0 -1
  2 0  1 -1  0  0
  0 0  0  0 -1 -1
  0 1  0  0  0  1
  1 0  1  0  0  0
1,1;1,1;1,1 1 6
12 
#5 
6	% 
 1  0  2  2  0 -2
 0 -1 -1  0  1  1
 0  0 -1 -1  0  1
 0  0  0  0 -1 -1
 0  1  0  0  0  1
 0 -1 -1  0  1  0
6	% 
 1  0  0  0  0  2
 0  0  0  0  1 -1
 0  0  0  0  0 -1
 0  0  0 -1 -1  1
 0 -1 -1  0  0  1
 0  1  0  0  0 -1
6	% 
 -3  0 -2  2  0  0
  1  0  0 -1  1  1
  2  0  1 -1  0  0
  0 -1  0  0  0 -1
  0  0  0  0 -1 -1
  1  1  1  0  0  0
6	% 
 1  0  0  0  0  2
 0  0  0  1  0 -1
 0  0  0  0  0 -1
 0  0  0 -1 -1  1
 0 -1 -1  0  0  1
 0  1  0  0  0 -1
6	% 
 1  0  0  0  0  2
 0  1  0  1  1 -2
 0  0  0  0  0 -1
 0 -1  0 -1  0  1
 0  0  1  0 -1  0
 0  1 -1  0  1 -1
1,1,1;1;1;1 1 7
8 
#3 
6	% 
 0 1  1  1  1  1
 1 0  0  0  0  0
 0 0  1  0  0  1
 0 0 -1 -1 -1 -1
 0 0  0 -1  0 -1
 0 1  1  1  0  1
6	% 
 0 -1 0  0 -1  1
 1  0 0  0  0  0
 0 -1 0  0  0  0
 0  2 1  0  1 -2
 0  1 0  0  0 -1
 0 -2 0 -1 -1  2
6	% 
 0 -1 -1 -1  1 -2
 1  0  0  0  0  0
 0  0  0  0 -1  0
 0  0  0  1  0  1
 0 -1  0  0  0  1
 0  0 -1  0  0 -1
1,1,1;1,1;1 1 8
12 
#4 
6	% 
 0 -1 -1 -1 -1  0
 0 -1  0  0 -1  2
 0  3  1  1  3 -3
 0 -1  0 -1  0  0
 0  0  0  0 -1  1
 1  0  0  0  0  0
6	% 
 0  1  2 -1 -2  3
 0  2  3 -2 -3  3
 0 -4 -7  4  7 -8
 0  1  1  0 -1  1
 0  1  2 -1 -1  1
 1  0  0  0  0  0
6	% 
 0 -2 -1 -1  2 -2
 0 -1  0  0  1 -1
 0  4  1  1 -4  3
 0 -1  0 -1  1 -1
 0  0  0  0  1 -1
 1  0  0  0  0  0
6	% 
 0  1  2 0  1 -2
 0 -1  0 0 -1  1
 0  1 -3 1  1  0
 0  1  1 0  0 -1
 0 -1  0 0  0  0
 1  0  0 0  0  0
1,1,1;1;1;1 1 8
4 
#1 
6	% 
 -1 0 0  0 0  1
  1 0 0 -1 0 -2
 -1 1 0  0 0  0
  0 1 0  0 1 -1
 -1 0 1  0 0  2
  1 1 0  0 0 -1
1,1,1;1,1;1 1 10
24 
#7 
6	% 
 0 0 -1 -1 0 -2
 0 0 -1 -1 0 -3
 1 0  3  3 0  7
 0 0 -1  0 0 -1
 0 0 -1  0 1 -2
 0 1  0  0 1 -1
6	% 
  2  1  1  1  1 -2
  0  0  1  1  0 -1
 -3 -2 -3 -3 -2  5
  1  1  0  1  0 -1
  0  0  1  0  0  0
  0  0  0  0  0  1
6	% 
  0  1  0  0 -1  0
 -2  1 -1 -1 -1  1
  3 -3  1  1  3 -1
  0  0  0  0 -1 -1
 -1  1 -1  0  0  1
  0  0 -1  1  0  0
6	% 
  2  1  0  0  1 -1
  2  1 -1 -1  1  0
 -5 -3  1  1 -3  2
  1  0  0  0  1 -1
  1  1 -1  0  0  0
  0  0 -1  1  0  0
6	% 
  0 -1  0 0 -1 -2
  2  0  0 0  0 -1
 -3  1  0 0  1  4
  0  0  1 1 -1 -2
  1  0 -1 0  0  0
  0  0 -1 1  0  0
6	% 
 0 -1 -1 -1  1  1
 0 -2 -1 -1  2  1
 1  4  3  3 -4 -3
 0  1 -1  0  2 -1
 0 -2  0 -1  0  2
 0  0  0  0  0  1
6	% 
 0 -1  1 -1  1  0
 0 -1  1  0  0  0
 1  3 -3  1 -1  0
 0  0  1  0  1 -1
 0 -1  0 -1 -1  2
 0  0  0  0  0  1
1,1;1,1;1;1 1 13
12 
#4 
6	% 
 1 0  0 0 0  2
 0 1  0 0 0  0
 0 0  0 1 0  0
 0 0  0 0 1  0
 0 0 -1 0 0  0
 0 0  0 0 0 -1
6	% 
 -3  0 -2  2  0  0
 -1  0  0  1  1 -1
 -1 -1 -1  0 -1  1
 -1  1  0  1  0 -1
  1  1  1  0  1 -2
  2  0  1 -1  0  0
6	% 
 1  0  0  0  0  2
 0  0  0 -1  0  1
 0  0  1  1 -1  0
 0  0 -1  0  0  1
 0 -1 -1 -1  0  1
 0  0  0  0  0 -1
6	% 
 -3 -2  0  0 -2  2
 -1  0  1  0 -1  0
 -1 -1 -1 -1  0  2
 -1  0  0  1 -1  0
  1  1  1  1  0 -1
  2  1  0  0  1 -1
1,1;1,1;1;1 1 36
12 
#2 
6	% 
 0  1  1  1 1 1
 1  1 -1 -1 1 0
 0  0  0 -1 0 0
 0 -1  0  0 0 0
 0  0  0  0 1 0
 0  0 -1  0 0 0
6	% 
 0 0  0 0  0 -1
 1 1 -1 1 -1  0
 0 1  0 0  0  0
 0 0  0 0  1  0
 0 0  0 1  0 -1
 0 0 -1 0  0  1
1,1,1;1;1;1 1 19
4 
#1 
6	% 
 1  0 0 0 0  0
 1  0 0 0 0  1
 0  0 0 0 1 -1
 0  0 0 1 0  0
 0  0 1 0 0  0
 0 -1 0 0 0  1
1,1,1;1;1;1 1 9
4 
#2 
6	% 
  1  0  0 0  0  0
  1  0  0 1  1 -1
  2  1  0 0  0  0
  2  1  0 0  0 -1
 -1 -1 -1 0  0  1
  0  1  0 0 -1  0
6	% 
  1  0  0 0  0  0
  1  0  0 1 -1  0
  1  1  0 0  0  0
  1  1  0 0  0 -1
 -1 -1 -1 0  0  1
  0  1  0 0  1 -1
1,1,1,1;1;1 1 5
8 
#3 
6	% 
  1  0  0 0 0  0
  0  0  0 0 0  1
  1  0  0 1 0  1
 -1  0  0 0 1 -1
  1 -1  0 0 0  1
 -1  0 -1 0 0 -1
6	% 
  1  0 0  0  0 -1
  1  0 0  0  0 -2
  1 -1 0 -1  1 -1
 -2  1 0  0  0  1
  2  0 0  0  1 -2
 -1  1 1  0 -1  1
6	% 
  1  2  1  1  2 -3
  0  1  1  1  3 -3
  1  1  1  1  2 -2
 -1 -2 -1 -2 -3  4
  1  2  2  1  3 -4
 -1 -1 -1 -1 -2  3
1,1,1;1,1;1 1 5
4 
#1 
6	% 
 0  0 0  0  0 -1
 0  1 0  0  0  0
 0 -1 0  0 -1  0
 1  0 1  0  0 -1
 1  0 0  0  0  0
 0  0 1 -1  0  0
1,1,1,1;1;1 1 2
5 
#2 
6	% 
 0  0  0  0 -1  0
 0  0  0  0 -1  1
 0 -1 -1 -1 -1 -1
 1  0  0  0  0  0
 0  1  0  1  1  0
 0 -1 -1  0 -1  0
6	% 
 0 -1 1 0 0 0
 0 -1 0 1 0 0
 0 -1 0 0 1 0
 1  0 0 0 0 0
 0  1 0 0 0 0
 0 -1 0 0 0 1
1,1,1;1,1;1 1 7
20 
#5 
6	% 
 0 -2 -1 -1 0  2
 0 -2  0  0 0  1
 0  5  1  1 1 -4
 0 -1  0  0 0  0
 1  0  0  0 0  0
 0 -1 -1  0 0  1
6	% 
  2 0  1  1 0  2
  0 0  0  0 0  1
 -1 0 -1 -1 0 -4
  0 1  0  0 0  0
  0 1  0  0 1 -1
  1 0  1  0 0  1
6	% 
 0  0 1 1  0  2
 0 -1 0 0 -1  0
 0  2 0 0  2 -1
 1  0 0 0 -1  0
 1  0 0 0  0  0
 0  0 1 0  0  1
6	% 
 0  0 -1 -1  0 -2
 0  1  0  0 -1 -1
 0 -2  0  0  2  1
 1  1  0  0  0 -1
 1  0  0  0  0  0
 0  0 -1  0  0 -1
6	% 
 0  2 0 -2  2 -1
 0  1 0 -2  1  0
 0 -2 1  5 -2 -1
 1  1 0 -1  0  0
 1  0 0  0  0  0
 0  1 0 -1  1 -1
1,1,1;1,1;1 1 9
4 
#1 
6	% 
 -2 -2  0 0 0  1
 -1 -1  0 0 1  0
  3  2  0 0 0 -1
 -1 -1  0 0 0  0
  0  0  0 1 0  2
  0  0 -1 1 0  0
1,1,1,1;1;1 1 4
2 
#1 
6	% 
 0  1  0 0 0  0
 1  0  0 0 0  0
 0 -3  0 0 1 -1
 0  2  0 0 0  1
 0 -1 -1 0 0  0
 0 -1  0 1 0 -1
2-1;2-1;1,1 1 7
1 
#1 
6	% 
 -3 0 0  0  0 -2
  1 0 1  0  0  0
  1 0 0  0 -1  1
  1 1 0  0  0  0
  1 0 0 -1  0  1
  2 0 0  0  0  1
2-1,2-1;1;1 2 2
2 
#1 
6	% 
 0 1 0  0  1 -1
 0 0 1  1  0 -1
 1 0 0  0  0  0
 0 0 0 -1  0  1
 0 0 0  1 -1  0
 0 0 0 -1  0  0
2-1,2-1;1;1 2 3
2 
#1 
6	% 
 1  0  0  0  0 0
 0  1  1 -1 -1 0
 0  2 -1  0 -3 1
 0  0 -1  1 -1 1
 0 -1  0  0  1 0
 0  0 -1  1 -1 0
2-1,2-1;1,1 2 2
2 
#1 
6	% 
 0  0  1 1 0 -1
 0  1  0 0 1 -1
 1  0  0 0 0  1
 0 -1  0 0 0  1
 0  1 -1 0 0  0
 0 -1  0 0 0  0
2-1,2-1;1,1 2 3
2 
#1 
6	% 
  1  0  0  0  0  0
  0 -3 -1  1 -3  3
  0 -2 -5 -3 -4  7
  1  1 -2 -2  0  2
  0  1  2  1  2 -3
 -1  1 -2 -2  0  1
1,1,1;1,1;1 1 3
2 
#1 
6	% 
 0 0 0 0 0 -1
 0 0 1 0 0  0
 0 0 0 1 0  2
 0 1 0 0 0 -1
 0 1 0 0 1 -1
 1 0 0 0 0  0
1,1,1;1,1;1 1 6
2 
#1 
6	% 
 -2 0 -2 0 0  1
 -1 0 -2 0 0  1
  3 0  3 1 0 -2
 -1 0 -1 0 1  0
  0 1  0 0 1 -1
 -1 0 -1 0 0  0
1,1;1,1;1;1 1 17
12 
#5 
6	% 
 1 0  0  0 0  0
 0 0  1 -1 0  0
 0 0 -1  0 0  1
 0 0  0  1 1 -1
 0 0 -1  0 0  0
 0 1  1  0 0 -1
6	% 
 1 0 0  0  0  0
 0 0 0  0  0 -1
 0 0 0  0 -1  1
 0 0 0 -1  0  0
 0 1 0  0  0  0
 0 0 1  0  0  0
6	% 
 1 0 0 0  0  0
 0 0 0 0  0 -1
 0 0 0 1  0  0
 0 0 0 0 -1  0
 0 0 1 0  0  0
 0 1 0 0  0  0
6	% 
 1  0  0  0  0  0
 0  1  0 -1  0  0
 0  0  0  1  0  0
 0 -1  0  0 -1  1
 0  0  0  1  0 -1
 0  0 -1 -1  0  1
6	% 
 1 0  0  0 0  0
 0 0 -1 -1 0  1
 0 0  0  1 0  0
 0 0  1  0 1 -1
 0 0  0  1 0 -1
 0 1  0 -1 0  0
1,1;1,1;1;1 1 20
4 
#1 
6	% 
 1  0  0  0 0  0
 0  0  0 -1 0 -3
 0  0  0  0 0  1
 0 -1  0  0 0  0
 0  0 -1  0 0 -3
 0  0  0  0 1 -1
1,1;1,1;1;1 1 16
4 
#1 
6	% 
 0 0 1  1  0 -1
 1 0 0  0  0  0
 0 1 0  0  0  2
 0 0 0 -1  0  0
 0 0 0  0 -1 -2
 0 0 0  1  0 -1
1,1;1,1;1;1 1 22
2 
#1 
6	% 
 -1  0  0 0 0 -1
  0  0  1 1 0 -1
  0  0  0 0 1 -1
  0 -1  0 0 0  0
  0  0 -1 0 0  1
  0  0  1 0 0  0
1,1;1,1;1;1 1 12
4 
#1 
6	% 
 0  0 1 -1 0  0
 1  0 0  0 0  0
 0  0 0 -1 1  0
 0 -1 0  0 0  0
 0  0 0 -1 0  0
 0  0 0  1 0 -1
2-1;1,1;1;1 1 27
2 
#1 
6	% 
 -3 0 0  0 0 -2
  1 0 1  0 0  0
  2 0 0  0 0  1
  1 0 0  0 1  0
  1 1 0  0 0  0
 -1 0 0 -1 0  0
2-1;1,1;1;1 1 24
4 
#1 
6	% 
 0  0 0 0  0 -1
 1  0 0 0  0  0
 0  0 0 0 -1  1
 0 -1 0 0  0  0
 0  0 0 1  0  0
 0  0 1 0  0 -1
2-1;1,1;1;1 1 25
4 
#1 
6	% 
 -3 -1  1 -1 1  0
 -1  0  0  0 1 -1
  0  0  0  0 0 -1
  1  0  0  1 0 -1
 -1 -1  0  0 0  1
  1  0 -1  0 0  1
1,1,1;1;1;1 1 3
2 
#1 
6	% 
 0  1 0  0  0  0
 0 -1 0  0 -1  0
 1  0 0  0  0  0
 0  0 1  0  0  0
 0  0 0  0  0 -1
 0  0 0 -1  0  1
1,1;1,1;1,1 1 4
4 
#1 
6	% 
  0 1  0  0  1 -1
 -1 0 -1  1  0  0
  1 0  0 -1  0 -2
  0 0  0  0 -1  1
  0 0  0  0  1  0
 -1 0 -1  0  0 -2
1,1,1;1;1;1 1 13
2 
#1 
6	% 
 1 0  0 0  0  0
 0 1  0 0 -1  0
 0 0 -1 0 -1  1
 0 0  0 1  0 -1
 0 0  0 0 -1  0
 0 0  0 0  1 -1
1,1;1,1;1,1 1 8
1 
#1 
6	% 
 0 0  1 1  0 -1
 0 1  0 0  1 -1
 1 0  0 0  0  1
 0 0  0 0  1 -1
 0 0  1 0  0 -1
 0 0 -1 0 -1  1
1,1;1,1;1;1 1 18
1 
#1 
6	% 
 0  1  0 0 1 -1
 0  0  1 1 0 -1
 1  0  0 0 0  0
 0  0  1 0 0 -1
 0  1  0 0 0 -1
 0 -1 -1 0 0  1
2-1;1;1;1;1 1 23
2 
#1 
6	% 
 1  0  0  0 0  0
 0  0  0  0 1 -1
 0  0  0  0 0 -1
 0  0  0 -1 0  0
 0  0 -1  0 0  0
 0 -1  0  0 0  1
1;1;1;1;1;1 1 14
1 
#1 
6	% 
 1 0 0 0  0  0
 0 0 0 0 -1  1
 0 0 0 1  0  0
 0 1 0 0  0  0
 0 0 1 0  0 -1
 0 0 0 0  0 -1
1,1;1;1;1;1 1 12
4 
#1 
6	% 
 1 0  0  0  0  0
 0 0 -1  0  0  0
 0 0 -1 -1  0  1
 0 0  0  0 -1 -1
 0 0 -1  0  0  1
 0 1  0  0  0  1
1,1;1;1;1;1 1 21
4 
#1 
6	% 
 1 0 0 0 0  0
 1 0 0 1 0  0
 0 0 0 0 1 -1
 1 0 1 0 0  0
 0 1 0 0 0  0
 0 0 0 0 0  1
1,1;1;1;1;1 1 22
4 
#2 
6	% 
 1  0  0  0  0  0
 0  0  0  0  1 -1
 0  0  0 -1 -1  1
 0  1  0  0  0 -1
 0 -1 -1  0  0  1
 0  1  0  0  1 -1
6	% 
 1 0  0  0 0  0
 0 0 -1 -1 1  1
 0 0  1  0 0 -1
 0 1  1  1 0 -1
 0 0  0 -1 0  0
 0 0  0  0 0  1
1,1;1;1;1;1 1 46
4 
#1 
6	% 
 0 0  0  0  0 -1
 1 0  0  0  0  0
 0 0  0  0 -1  1
 0 0 -1  0  0  0
 0 1  0  0  0 -1
 0 0  0 -1  0  0
1,1;1;1;1;1 1 19
1 
#1 
6	% 
 -1  0  0  0 0 -2
  0  0  0  0 1 -1
  0  0 -1  0 0  0
  0 -1  0  0 0  0
  0  0  0 -1 0  1
  0  0  0  0 0  1
1;1;1;1;1;1 1 31
1 
#1 
6	% 
 1  0 0  0 0  0
 0 -1 0  0 0  0
 0  0 0 -1 0  1
 0  0 1  0 0 -1
 0  0 0  0 1  0
 0  0 0  0 0  1
1,1;1;1;1;1 1 49
1 
#1 
6	% 
 1 0  0 0 0  2
 0 1  0 0 0  0
 0 0  0 1 0  0
 0 0 -1 0 0  1
 0 0  0 0 1 -1
 0 0  0 0 0 -1
1,1;1;1;1;1 1 47
4 
#1 
6	% 
 1  0  0 0  0  0
 0  0 -1 0  0  1
 0  0  0 0 -1  1
 0 -1  0 0  0  0
 0  0  0 1  0  0
 0  0  0 0  0 -1
1,1;1;1;1;1 1 14
2 
#1 
6	% 
 0 -1 0 0 1  0
 1  0 0 0 0  0
 0 -1 0 1 0  0
 0  0 1 0 0  0
 0  1 0 0 0  0
 0  1 0 0 0 -1
