#23

4-3;1;1 1 6
1 
#1 
6	% 
 1 0 0 0 0 0
 0 1 0 0 0 0
 0 0 1 0 0 0
 0 0 0 1 0 0
 0 0 0 0 1 0
 0 0 0 0 0 1
1,1,1,1,1,1 1 1
1 
#1 
6	% 
 1 0 0 0 0 0
 0 1 0 0 0 0
 0 0 1 0 0 0
 0 0 0 1 0 0
 0 0 0 0 1 0
 0 0 0 0 0 1
1,1,1,1,1;1 1 2
11 
#2 
6	% 
 0 -1  1 -1 1 0
 0  0  0 -1 0 0
 0  0  1 -1 0 0
 0 -1  1 -1 0 0
 1  1 -1  2 0 1
 1 -1  1 -2 0 0
6	% 
  0  0  0  0  1  0
  1  0  0  0  0  0
  0 -1 -1 -1  0 -1
  1  0  0  0  1 -1
 -1  1  1  0 -1  1
  1 -1  0 -1  1 -1
2-1;1,1;1,1 1 11
15 
#1 
6	% 
 -1 -1  0  0  1 -1
 -1  1 -1 -1  0 -1
  0 -1  1  0  0  0
  0  1  0  0  0  1
  0  1  0  0 -1  0
  0  1  0 -1  0  0
1,1,1,1;1,1 1 3
25 
#2 
6	% 
 0  0  2  1  1  1
 1  1  2  1  1  2
 0  0  0 -1  0  0
 0 -1 -1  0 -1 -1
 0  1  1  1  0  1
 0  0  1  0  1  1
6	% 
 0 1 -1 -1 -2 -1
 0 0 -1 -1 -1 -2
 0 0  1  0  1  0
 1 0  1  1  1  2
 1 0 -1 -1 -1 -1
 0 0  0 -1 -1  0
2-1;1,1,1;1 1 8
15 
#1 
6	% 
  1  1  1  1  1  2
 -2  0 -2 -2 -2 -3
  0 -1 -1  0  0 -1
  0 -1  0  0  0  0
  0  1  0  0  1  1
  0  1  0  1  0  1
1,1,1;1,1,1 1 4
15 
#1 
6	% 
  0  1  0  0  1  0
  0  1  1  1  1  1
 -1 -2 -1 -2 -1 -2
  0  1  2  1  0  2
  1 -2 -3 -1 -2 -3
  0  1  2  1  1  2
2-2;1,1,1,1 1 2
10 
#1 
6	% 
  1  1  0  0  0  1
  1  1  1  1  1  2
  0  2  1  1  1  2
 -1 -2 -1  0 -1 -2
  1  2  1  1  1  3
 -1 -2 -1 -1  0 -2
2-2;1,1,1;1 1 5
20 
#2 
6	% 
  0  0 0  1 -1  0
 -1  0 0  1  0  0
 -1  0 0 -1  0 -1
  0 -1 0 -2  1 -1
  0  0 1 -2  1  0
  0  0 0 -2  1 -1
6	% 
 -1  1 -1 -1 -1 -1
  1  0  0  1  0  1
 -1  0 -1  0  0 -1
  0 -1  0  0  1  0
  0 -1  0  0  0 -1
  0  0  0  0  1  0
4-3';1;1 1 4
6 
#1 
6	% 
  0  1  1  1 -1  0
 -1 -2  2 -3 -1 -2
  0 -1  1 -4 -2 -2
  0 -1 -1  1  2  1
 -1  1 -1 -1 -1 -1
  1  0 -1  2  2  2
1,1,1;1,1;1 1 12
45 
#2 
6	% 
 0   6  2 -2  2   7
 0   6  1 -2  1   6
 0 -13 -3  4 -3 -14
 0   4  0 -1  1   3
 0  -7 -1  2 -2  -7
 1   3  1 -1  1   4
6	% 
  0 -2 -1 -1  0 -2
  0 -2  0  0  2 -1
  0  4  0  0 -3  2
 -1 -1  0  0  0 -2
  1  2  0  0 -1  2
  0 -1  0 -1  0 -1
1,1,1,1;1;1 1 5
25 
#2 
6	% 
 0  0  0 -1  0 -1
 0  0 -1 -1  0 -3
 1  0  0 -1  0 -1
 0  0  1  2 -1  2
 0 -1 -1 -2  0 -3
 1  0  0  1  0  2
6	% 
 1 -2  1  1  1  0
 0 -2  1  1  0 -1
 0 -1  1  1  1  0
 0  3 -2 -1 -1  1
 0 -3  1  2  1 -1
 0  2 -1 -1 -1  0
2-1;1,1;1;1 1 32
15 
#1 
6	% 
 1 -1 -1 -1 -1 -1
 1  1  1  1  1  2
 0 -1  0 -1 -1 -1
 0  1  1  1  1  2
 0  1  1  1  0  1
 0  1  1  0  1  1
4-3';1,1 1 2
6 
#1 
6	% 
 1 1 -1 -1 -1  0
 0 1  0  0  0  1
 0 1 -1  0  0  0
 0 0  1  0  1  1
 0 0  0 -1 -1 -1
 0 0  0  1  0  0
1,1,1;1;1;1 1 19
5 
#1 
6	% 
  2  0  0  0  0  1
  1 -1 -1 -1 -1 -1
 -1  0  1  0  0  0
  1  0  0 -1  0  0
  1  0  0  0 -1  0
  1  0  0  0  0  1
1,1,1;1;1;1 1 15
15 
#1 
6	% 
 0 -1  2  0 1 0
 1  1 -1  0 0 1
 0  1  0  0 0 1
 0  1 -2 -1 0 0
 0 -1  1  0 0 0
 1 -1  1  0 0 0
1,1;1,1;1;1 1 39
15 
#1 
6	% 
 1 -1 -2 -1 -1 -1
 1  1  1  2  2  3
 0 -1 -1 -2 -1 -2
 0  1  1  1  1  1
 0  1  1  1  2  2
 0  1  2  1  1  2
2-2;1,1;1,1 1 6
10 
#1 
6	% 
 -1  0  0  1  0  0
 -1  0 -1  0  0 -1
  0 -1 -1  0  0 -1
  0 -1 -1 -1  1 -1
  0  0  1  1 -1  1
  0  0  0 -1  0 -1
3;1,1,1 1 3
5 
#1 
6	% 
  1  1  1 1 1  2
  1 -1  0 0 0  0
  1  0  0 0 1  1
  1  0  0 1 0  1
 -1  0 -1 0 0 -1
 -1  0  0 0 0  0
2-2;1,1;1;1 1 16
10 
#1 
6	% 
 -1 -1  1  1  1  0
 -1  1 -1 -1 -1 -1
  0  1  0  0 -1  0
  0  1 -1 -1 -1 -1
  0  0  1  1  1  1
  0  0  0 -1  0  0
3;1,1;1 1 11
5 
#1 
6	% 
 -1 0 0  0  1  0
  1 0 0  0  1  1
  0 1 0  0  1  1
  0 0 0 -1  1  0
  0 0 1  0 -1  0
  0 0 0  0 -1 -1
1,1;1;1;1;1 1 54
5 
#1 
6	% 
 1  1 -1  1 -1  1
 1 -1  1 -1  1  0
 0 -1  2 -1  1  0
 0 -1  1 -1  2  0
 0 -2  1 -1  1 -1
 0  1 -1  1 -1  1
4-3;1,1 1 2
1 
#1 
6	% 
 -2 -4  4  4  4  1
  1  2 -2 -2 -2 -1
 -1 -1  2  2  2  1
 -1 -2  2  2  1  0
 -1 -2  2  1  2  0
  1  2 -1 -2 -2  0
