#65

2-1;1;1;1;1 1 18
1 
#1 
6	% 
 1 0 0 0 0 0
 0 1 0 0 0 0
 0 0 1 0 0 0
 0 0 0 1 0 0
 0 0 0 0 1 0
 0 0 0 0 0 1
1,1,1,1,1,1 1 1
1 
#1 
6	% 
 1 0 0 0 0 0
 0 1 0 0 0 0
 0 0 1 0 0 0
 0 0 0 1 0 0
 0 0 0 0 1 0
 0 0 0 0 0 1
2-1;1,1,1,1 1 2
1 
#1 
6	% 
  0  0  0  0 -1  1
  0  0  0  0  0  1
 -1 -1  0  1 -1  1
 -1 -1 -1  0 -1  1
  0  1  1  1  0  1
  1  0 -1 -1  1 -2
1,1,1,1,1;1 1 2
7 
#4 
6	% 
  0  0  0  0  0 -1
 -1  0  0  0  0  0
 -1  0  1  0  0  0
 -1  0 -1  0  1 -2
  1 -1 -1  0 -1  0
 -1  0  0 -1  1 -1
6	% 
  0 -1 -1 -2 -1  0
 -1 -1 -1 -1 -1  0
  0  0 -1 -1 -1  1
  0 -1  0 -2 -1  0
  0  1  1  2  1 -1
  0 -1 -1 -2 -2  0
6	% 
  0  0  0 0  0 -1
 -1  0  0 0  0  0
 -1  0  1 0 -1 -1
 -1  0  0 0  1 -1
  1 -1 -1 0 -1  1
 -1  0  1 1  0 -1
6	% 
  1  1  0  0  0  1
  0  0  0 -1  0  0
  1  0  0  0  1  1
  0  2  0  0  0  1
 -1 -2 -1  0 -1 -2
  1  1 -1 -1  1  1
1,1,1,1,1;1 1 1
1 
#1 
6	% 
 0  0  0  0 -1  0
 0 -1 -1  0 -1 -1
 0 -1  0 -1 -1 -1
 0  0 -1 -1  0 -1
 0  1  1  1  1  1
 1  0  0  0  0  0
1,1,1,1;1,1 1 2
11 
#7 
6	% 
  0 -1 0  1 -1 -1
  0 -1 0  1  0 -2
 -1 -1 0  1 -1  0
  0  0 1  0  0  0
  1  2 0 -1  1  2
 -1 -1 0  2 -1 -1
6	% 
 -1  0  1 0  0  2
  0  0  0 0 -1  0
 -1  0 -1 0 -1 -1
  0 -1  0 1 -1  0
  1  1  1 0  1  1
 -1  1  0 0  0  0
6	% 
 0  0  0 0  0  1
 0  0 -1 0  1 -1
 0 -1 -1 1 -1 -1
 1  0  0 0  0  0
 0  1  1 0  0  1
 0  0  0 1  0  0
6	% 
 0 1  0  1  0  1
 0 0 -1  0  0  0
 1 0  1  2 -1  1
 0 0  0  0 -2 -1
 0 0  0 -1  1  0
 0 0  0  1  0  1
6	% 
 0  0  0 -1  0  0
 0 -1 -1 -1  0 -1
 0 -1  0 -2 -1  0
 1  0  0  0  0  0
 0  1  0  2  1  1
 0 -1  0 -2  0  0
6	% 
 0  0 1  0  0  0
 0 -1 0 -1 -1 -1
 0  0 0  0  1  0
 1  0 0  0  0  0
 0  1 0  0  1  0
 0  0 0 -1  0  0
6	% 
 0  0 0  1 -1  0
 0  0 0  2  0  1
 0 -1 0 -1 -1 -1
 1  0 0  0  0  0
 0  1 1  0  1  1
 0  0 1  1 -1  0
2-1;1,1,1;1 1 6
2 
#1 
6	% 
 -1  1  0 -1 -1  2
  1  1  0  0  0  1
  2  0  0  0  0 -1
  0 -1 -1 -1  0 -1
 -1  0  0  1  0  0
 -2  0  0  0 -1  0
2-1;1,1,1;1 1 5
1 
#1 
6	% 
  0 0  0 0  1  0
 -1 0  0 0  2 -1
  1 0  1 1 -1  1
  0 0 -1 0  0  0
  0 1  2 1  0  1
  1 1  1 0  0  1
2-1;1,1,1;1 1 2
1 
#1 
6	% 
 0  0  0  0 0  1
 0  1  0 -1 1  1
 1  0  0  0 0  0
 0  0 -1 -1 0  0
 0  1  1  1 0  1
 0 -1 -1  0 0 -1
1,1,1,1;1,1 1 3
12 
#4 
6	% 
  1  0  0  0 0  0
  0 -1 -2  1 0 -1
 -1  0  0  1 0  0
  0  0  0 -1 1  0
  0 -1 -1  0 0  0
  1  1  1  0 0  1
6	% 
  0 1  1  1 -1  2
  1 1  2  1  0  1
  1 0  0  0  0 -1
  0 0 -1 -1  0 -1
  0 1  1  0  0  0
 -1 0  0  0 -1  0
6	% 
  0  0  0 -1  0  0
 -1 -1  0 -1  0 -1
  0  0  1  0  1  1
  0  1 -1  1 -1  1
  0 -2 -1 -2  0 -3
  0  1  1  1  1  2
6	% 
  1  0 0  0  0 0
  1  0 0  0 -1 0
 -1  0 0 -1  0 0
 -1 -1 1  1 -1 0
  1  0 1  2 -1 1
  1  1 0  0  1 0
1,1,1;1,1,1 1 3
12 
#4 
6	% 
 -1 -1  0  1  1 -2
  0 -1 -1 -1 -1 -2
  0  1  1  1  1  1
  1  0  0 -1 -1  0
  0  1  1  1  0  2
 -1 -1  0  0  0 -2
6	% 
  0 -1 -1 -1 0 -1
 -1  0  0  0 0  0
  1 -1  0  0 1  0
  0  1  0  0 0  0
  1  1  1  0 0 -1
  0 -1 -1  0 0  0
6	% 
  1 -1  0  1 -1  0
  0 -1 -2 -1  0 -4
  1  0  1  2 -1  3
 -1  0 -1 -1  0 -2
 -1  1  1 -1  1  2
  1 -1 -1  0 -1 -2
6	% 
  1 -1 0 -1  1 -2
  0  0 1  1  1  2
  1  0 0  0  0 -1
 -1  1 0  0  0  1
 -1  0 0  0 -1  0
  1  0 0 -1  1 -1
1,1,1;1,1,1 1 2
4 
#3 
6	% 
  0  0 0  0  1  0
  1  0 0  0  1  1
  0 -1 0 -1  0 -1
  0 -1 1  1 -1  0
 -1  1 0  0  0  0
  1  1 0  0  1  1
6	% 
  0  0  0 0  1 -1
  0 -1  0 1 -1 -1
 -1  0  0 0  0  0
  0  0 -1 0  0  0
  1  1  1 0  0  1
  1  0  1 1  0  0
6	% 
  0  0  1  0  0  0
  1  1 -2 -1  1  0
  0 -1 -1 -1 -1 -1
  0  0  0  0 -1  1
 -1  0  1  1  0  0
  1  1  0  0  1  0
2-1;1,1;1,1 1 4
1 
#1 
6	% 
 0  0  0  0 0  1
 1  0  0  0 0  0
 0 -1 -1  0 0 -1
 0  1  1  1 0  1
 0 -1 -2 -1 0 -1
 0  0 -1 -1 1 -1
2-1;1,1;1,1 1 5
2 
#1 
6	% 
 -1 0 0 0 -1  1
  0 1 0 0 -1 -1
  1 0 0 0  0 -1
  0 0 1 0  0  0
  0 0 0 1  1  2
  1 0 0 0  1  0
1,1,1;1,1;1 1 5
12 
#7 
6	% 
 0 0  0 0 -1 -1
 1 0  0 0  0  0
 0 0  0 0  0  1
 0 1  1 0  0  0
 0 0 -1 0  0  0
 0 1  1 1  0  1
6	% 
 0 -1 0  1  0 -1
 0  0 0  0  1  0
 0  1 0 -1 -1  2
 1  0 1  1  0  0
 1  0 0  0  0  0
 0  1 1  1  0  1
6	% 
  2  1 1 -1  1 0
  1  0 0  0  0 0
 -3 -1 0  1 -1 0
  1  1 1  0  1 1
  0  0 0  0  2 1
  0  1 1  1  0 1
6	% 
 0 0 1 0  1 1
 0 0 1 0  0 1
 0 0 0 0 -1 1
 1 1 1 0  1 1
 1 0 0 0  0 0
 0 1 1 1  0 1
6	% 
  2 0  0  0  1  1
  1 0  0  0  0  0
 -2 0  0  0 -2 -1
  1 1  0  0  1  1
  0 0 -1  0  0  0
  0 1  0 -1  1  0
6	% 
 0 -1 -1 -1 -1 0
 0  0  0  0  0 1
 0  1  1  1  2 0
 1  0  0 -1  0 0
 1  0  0  0  0 0
 0  1  0 -1  1 0
6	% 
  2 1 0  1 0 1
  1 0 0  0 0 0
 -2 0 1  0 0 0
  1 1 0  0 1 1
  0 0 0  0 2 1
  0 1 0 -1 1 0
1,1,1,1;1;1 1 4
3 
#2 
6	% 
  1  0  0  0  0  0
 -1  0 -2  0  0 -3
  0  0  1  0  0  1
  0  0 -1  0 -1 -1
  0 -1  0  0  0  0
  0  0  0 -1  1  0
6	% 
  1  0 0  0  0 0
  1  0 0  0 -1 0
 -3 -1 0  1  0 0
  2  1 0 -1  0 1
 -1  0 1  1  0 0
 -1  0 0  1  0 0
1,1,1;1,1;1 1 7
32 
#11 
6	% 
 0 1  3 -1  0  1
 0 0  2  0  1 -1
 0 0 -5  0 -2  2
 1 0  1  0  1  0
 1 0  0  0  0  0
 0 1  2  0  0  1
6	% 
 0  0 -2 0 -1  1
 0  0 -1 0 -1  1
 1  0  4 0  3 -3
 0 -1 -1 0 -1  0
 0 -1  0 1 -1  0
 0  0 -1 0  0  1
6	% 
  2  0 0  0 1 -1
  2  1 0 -1 0  1
 -3 -2 0  2 0 -2
  1  0 0 -1 0  0
  0  0 1  0 0  0
  1  0 0  0 1  0
6	% 
 0  2  0 -2 1  1
 0  0 -1 -2 0  0
 0 -1  2  5 0 -1
 1  0  0 -1 0  0
 1  0  0  0 0  0
 0  1  0 -1 1  1
6	% 
 0  0 0  2  1 -1
 0  1 0  1  0  1
 0 -1 0 -4 -1  0
 1  1 1  1  0  1
 1  0 0  0  0  0
 0  0 0  1  1  0
6	% 
 0  0 -2  0 -1 1
 0 -1  0 -1 -1 0
 0  2  1  2  2 0
 1  0  0 -1  0 0
 1  0  0  0  0 0
 0  0 -1  0  0 1
6	% 
 0  1 0  1  1  0
 0  2 0  2  1  1
 0 -4 1 -4 -2 -2
 1  1 0  1  1  1
 1  0 0  0  0  0
 0  1 0  0  1  0
6	% 
 0 -1 0 -1 -1 -2
 0 -1 0 -1  0 -3
 0  2 0  2  0  5
 1  0 1  0  0 -1
 1  0 0  0  0  0
 0  0 0 -1  0 -1
6	% 
 0 -1 0 -3  0 -1
 0 -2 0  0  1 -3
 0  4 0  1 -2  6
 1 -1 0  0  1 -1
 1  0 0  0  0  0
 0  0 1 -1  0  0
6	% 
 0  1  0  1  2  3
 0  1  0  1  1  2
 0 -2  0 -2 -2 -5
 1  1  0  0  1  1
 1  0  0  0  0  0
 0  0 -1  0  1  1
6	% 
 0 1  0  1  0  1
 0 0  0 -2  1 -1
 1 0  0  4 -2  2
 0 0  0 -1  0 -1
 0 0  0  0 -1  0
 0 0 -1  0  0  0
1,1,1;1,1;1 1 10
12 
#3 
6	% 
  0  0 -2  0 -1 -1
  2  0 -1  0  0  0
 -3  0  4  0  1  1
  0 -1 -1  1  0 -2
  1  0 -1 -1  0  0
  0 -1 -1 -1  0 -1
6	% 
  2  0  0  0  1  1
  2  1  0 -1  0 -1
 -5 -2  0  2 -1  1
  1  0  1  0  1  0
  1  0 -1 -1  0 -1
  0 -1 -1 -1  0 -1
6	% 
 0 0 -2  0 -1 -1
 0 0 -3  0 -1 -1
 1 0  7  0  3  3
 0 0 -1  0  0 -1
 0 0 -2 -1  0 -1
 0 1  0 -1  1  0
1,1,1,1;1;1 1 2
7 
#4 
6	% 
 0  0  0  0 1  0
 0  0  1  0 0  1
 0  0 -1  0 0  0
 1  0  0  0 0  0
 0  0  0 -1 0  0
 0 -1 -1  0 0 -1
6	% 
 0  0  0 -1  0  0
 0  0  1 -1  0  0
 0 -1 -1 -1  0 -1
 1  0  0  0  0  0
 0  1  0  2  0  0
 0 -1  0 -2 -1 -1
6	% 
 0  0 0 0  0 1
 0  0 1 0 -1 0
 0  0 0 0  1 0
 1  0 0 0  0 0
 0  0 0 1  0 0
 0 -1 0 0 -1 0
6	% 
 0  0  0  0 -1  1
 0 -1 -1  0 -2 -1
 0  0 -1 -1  0 -1
 1  0  0  0  0  0
 0  1  1  1  1  1
 0  0 -1  0 -1  0
1,1,1,1;1;1 1 5
12 
#4 
6	% 
 1 0  0 0 0  0
 0 0  1 0 0  0
 0 0 -1 0 0 -1
 0 1  1 0 0  0
 0 0  0 1 0  1
 0 0  1 0 1  0
6	% 
 1  0  0  0 0  0
 0 -1 -1  0 0 -1
 0  0 -1 -1 0  1
 0  0  1  0 0  0
 0 -1 -1 -1 0 -1
 0  0  1  1 1  0
6	% 
  1  0 0  0 0  0
  1 -1 1 -1 0 -1
  0  0 0 -1 0  0
 -1  1 0  1 1  1
  1 -1 0 -1 0  0
  0  1 0  0 1  0
6	% 
  1  0  0  0  0 -1
  1  0  0  0  0 -2
  1  1  1  0  2 -1
 -2 -1 -1 -1 -1  1
  2  0  1  0  1 -2
 -1  0 -1 -1 -1  1
1,1,1;1,1;1 1 6
4 
#2 
6	% 
 0  0  2  2 -1  1
 0  1  1  1  0  1
 0 -1 -2 -3  1 -2
 0  0  1  1  0  0
 1  0  0  0  1 -1
 0  0  1  1  0  1
6	% 
 0  1 0 -1  2  1
 0  0 0  0  1  1
 0 -1 0  1 -2 -2
 0  1 0  0  1  1
 1  1 0  1  0  1
 0  1 1  0  1  1
1,1,1;1,1;1 1 11
20 
#5 
6	% 
  2  0  0  0 -1  1
  4  1  2  1  1  0
 -9 -2 -4 -2 -1 -1
  1  0  0  1 -1  1
  2  0  1 -1  1 -1
  1  0  0  0  0  1
6	% 
  2  0  2  2 -1  1
  2 -1  4  5 -3  2
 -5  1 -8 -9  5 -4
  1  0  1  1 -1  1
  1  0  2  3 -1  1
  1  0  1  1  0  1
6	% 
  0  1  2  1  3   4
  2  1  2  1  2   3
 -3 -3 -6 -3 -7 -10
  0  0  1  0  2   1
  1  0  1  0  1   1
  0  1  1  0  2   2
6	% 
  4 -3 0  3  2   5
  2 -2 0  2  1   3
 -7  7 0 -7 -4 -11
  2 -2 0  1  1   2
  1 -1 0  1  0   2
  2 -1 1  2  1   3
6	% 
  0  1 0  1  0  1
 -2  0 0  0 -1 -1
  3 -2 0 -2  1 -1
  0 -1 0  2 -1  0
 -1  1 0 -1  0  0
  0  1 1  1  0  1
1,1,1;1,1;1 1 9
8 
#3 
6	% 
  2  1  1 -1  1  0
  1  0  0  0  0  0
 -2 -1 -2  1 -1  0
  1  1  1  0  1  0
  0  0  0  0 -1  0
  0  0  0  0 -1 -1
6	% 
  2  1  0  1  0  1
  1  0 -1  0  0  0
 -2 -1  1 -1  0 -1
  1  1  0  0  0  1
  0 -1  0  1  0 -2
  0  0  0  0 -1 -1
6	% 
 0  0 0  0 1 -1
 1  0 0  0 0  0
 0  0 0  0 0  1
 0 -1 0 -2 1 -2
 0  1 1  1 0  1
 0  1 2  1 0  1
1,1,1,1;1;1 1 6
2 
#2 
6	% 
 0 -1 0 -1 0 -1
 1  0 0  0 0  0
 0  0 1  0 0  0
 0  0 0  1 0  1
 0  0 0 -1 1 -1
 0  0 0  0 0  1
6	% 
 1 0  0 0 0 0
 0 0  0 0 1 0
 0 0  0 0 0 1
 0 1  0 0 0 0
 0 0  1 1 0 1
 0 0 -1 0 0 0
1,1,1;1,1;1 1 8
12 
#4 
6	% 
 0  1  0  1  1  2
 0  2  2  2  1  3
 0 -4 -3 -4 -3 -7
 0  1  0  0  0  2
 0  1  1  1  1  1
 1  0  0  0  0  0
6	% 
 0  0  0  0  1 -1
 0  1  3 -1 -1  2
 0 -1 -4  1  0 -1
 0  0  0  0  0 -1
 0  1  2  0  0  2
 1  0  0  0  0  0
6	% 
 0  0  2  2 -1  1
 0  1  2  1 -1  2
 0 -2 -5 -3  3 -5
 0 -1  1  0 -1 -1
 0  1  1  1  0  2
 1  0  0  0  0  0
6	% 
 0  0  0  0 -1  1
 0  1  0  1  0  1
 0 -2  0 -2  0 -3
 0  0 -1 -1  0  0
 0  1  1  1  0  1
 1  0  0  0  0  0
1,1,1;1,1;1 1 3
4 
#3 
6	% 
 0 -1  0  1 0 -1
 0  0  0  0 1  0
 0  1  0 -1 0  0
 0  0  0  1 0  0
 0  0 -1  0 0  0
 1  0  0  0 0  0
6	% 
 0  1  1  1 1 0
 0  1  1  1 0 1
 0 -1 -1 -1 0 0
 0  1  1  0 1 0
 0  0  1  0 0 0
 1  0  0  0 0 0
6	% 
 0 -2 0 0 -1 -1
 0 -1 0 1 -1  0
 0  2 1 0  1  1
 0 -1 0 0 -2 -1
 0  0 0 0 -2 -1
 1  0 0 0  0  0
1,1,1;1;1;1 1 4
1 
#1 
6	% 
  1  0 0  0 -1  0
 -1  0 0  0  0  0
  0  0 0  0 -1 -1
  0  0 1  0  1  1
  0  0 0 -1  1  0
  0 -1 0  0  0  0
1,1,1;1;1;1 1 12
4 
#3 
6	% 
 1 0  0 0  2  0
 0 0  0 0  2 -1
 0 0  1 1 -2  1
 0 0  0 1  1  0
 0 0 -1 0  0  0
 0 1  1 1  0  1
6	% 
 -1  0  0  0 0 0
 -1  0  1  0 0 0
  1  0  0 -1 0 0
 -1 -1 -1  0 0 0
  0  0  0  0 1 0
  0  0  0  0 0 1
6	% 
 -1  0 0 0 0 0
 -1  0 1 0 0 0
  1  0 0 1 0 0
 -1 -1 0 0 0 0
  0  0 0 0 0 1
  0  0 0 0 1 0
1,1;1,1;1,1 1 4
8 
#3 
6	% 
  0 1 1  1  0  1
 -1 0 0  0 -1 -1
  1 0 0  0  0  1
  0 0 0 -1  0  0
  0 1 0  0  0  1
 -1 0 0  0 -1  0
6	% 
 1 0  0 0  1 -1
 0 0 -1 0  0  0
 0 1  1 0  0  0
 0 0  0 0  0  1
 0 0  0 0  1  0
 0 0  0 1 -1  0
6	% 
 -1 -1 -2 -1 0 -1
  0  0  0  0 0  1
  0  0  0 -1 0 -1
  1  0  1  0 0  0
 -1 -1 -1 -1 0 -1
  0  0  0 -1 1  0
1,1;1,1;1;1 1 20
6 
#2 
6	% 
 1  0 0  0  0  0
 0 -1 0  1  0  0
 0  1 0 -1  0  1
 0  0 0  1  0  0
 0 -1 0  1 -1 -1
 0  0 1  1  0  0
6	% 
 1 0  0 0  0  0
 0 0 -5 0 -1  2
 0 0  3 0  1 -1
 0 1 -1 0  0  1
 0 0 -5 0 -2  1
 0 0 -1 1 -1  1
1,1;1,1;1;1 1 26
4 
#2 
6	% 
 1  0  0  0  0  0
 0  0  0  0  0  1
 0  0  0  0 -1  0
 0  0 -1 -1  0  0
 0 -1  0  0  0 -1
 0  0 -1  0  0  0
6	% 
 1  0  0  0 0  0
 0 -1  1 -3 1 -2
 0 -2 -1 -4 1 -3
 0  1  0  2 0  2
 0 -1  0 -2 0 -1
 0  0  0  0 1  0
1,1,1;1;1;1 1 3
3 
#2 
6	% 
 0  0  0  0 1  0
 0  1  0 -1 0  0
 1  0  0  0 0  0
 0  0 -1 -1 0  0
 0 -1  0  1 0 -1
 0  0  0 -1 0  0
6	% 
 0 0  2 0  1  3
 0 0 -1 0 -2 -1
 1 0  0 0  0  0
 0 1  0 0  0  0
 0 0  1 0  1  1
 0 0  0 1 -1  0
1,1,1;1;1;1 1 11
2 
#2 
6	% 
 0  0  0  0 0  1
 0  0  0  0 1  0
 1  0  0  0 0  0
 0 -1 -1 -1 0 -1
 0  0  0 -1 1  0
 0  0 -1 -1 1  0
6	% 
 0 1  0 1 0 1
 0 0 -1 0 0 0
 1 0  0 0 0 0
 0 0  0 0 1 0
 0 1 -1 0 1 1
 0 1 -1 0 1 0
1,1,1;1;1;1 1 8
6 
#2 
6	% 
 1 0  0 0  0 0
 0 0  0 0  0 1
 0 0  0 1  0 1
 0 0 -1 0  0 0
 0 0  0 0 -1 0
 0 1  0 0  0 0
6	% 
  1  0 -1 0  0  0
 -1  0  0 0 -1  0
  1 -1  0 0  0 -1
  0 -1  0 1 -1  0
  1  0  0 0  0 -1
 -1 -1 -1 0 -1  0
1,1,1;1;1;1 1 16
4 
#2 
6	% 
 1  0 0 0  0 0
 0  0 0 0 -1 0
 0  0 0 0  0 1
 0 -1 0 0  0 0
 0  0 1 1  0 1
 0  0 1 0  0 0
6	% 
 1  0  0  0  0  0
 0 -2 -1  0 -1 -1
 0  1  1 -1  1  0
 0 -1 -1  0 -1  0
 0 -1 -1  0  0  0
 0  0  0  0  0  1
1,1;1,1;1,1 1 3
3 
#2 
6	% 
  0  2  3  2  0  2
  0  0  0  0 -1  0
 -1 -1  0  1 -1  0
  0 -1 -2 -1  0 -1
 -1  0  1  1  1  1
  1  1  1  0  2  1
6	% 
  0 1  2  3 -1  2
  0 0  0  0 -1  0
 -1 0 -1  0  0  0
  0 0 -1 -2  1 -1
 -1 0  0  1  1  1
  1 0  1  1  1  1
1,1;1,1;1;1 1 6
3 
#2 
6	% 
 0  0 0  0 -1  0
 1  2 0 -2  2  0
 0 -1 0  1  0  1
 0  0 0  0 -1 -1
 0  0 0  1  0  1
 0  0 1  1  0  1
6	% 
 0 0  0 0 -1  0
 1 0  2 0  0  0
 0 0 -1 0  1  1
 0 0  0 0 -1 -1
 0 0  0 1  0  1
 0 1  0 0  1  1
1,1;1,1;1;1 1 15
4 
#3 
6	% 
  0  0  0  0 0  1
  1  0  0  0 0  0
 -1  0  1  1 0  0
  1  0 -1 -1 1 -1
  0  0 -1  0 0  0
  0 -1 -1 -1 0 -1
6	% 
  0  1 1  1  0  1
  1  0 0  0  0  0
 -1 -1 0  0  0  0
  1  0 0 -1  0 -1
  0  0 0  0  0 -1
  0  0 0  0 -1  0
6	% 
  0  1  1 1  0  1
  1  0  0 0  0  0
 -1 -1 -1 0  0  0
  1 -1  0 0 -1 -1
  0  0  0 0  0 -1
  0  0  0 0 -1  0
2-1;1,1;1;1 1 21
2 
#1 
6	% 
 -1 0 0 0 -1 1
 -1 1 0 0  0 1
  0 0 1 0  0 0
  0 0 0 1  0 1
 -1 0 0 0  0 1
  1 0 0 0  1 0
2-1;1,1;1;1 1 10
2 
#1 
6	% 
 1  0  0  0  0  0
 0  0  1  1  1 -1
 0  0  0  0  0 -1
 0 -1 -1 -1  0 -1
 0  1  1  0 -1  2
 0  0  0  0 -1  0
2-1;1,1;1;1 1 23
1 
#1 
6	% 
 1  0  0 0  0 0
 0 -1 -1 0 -1 0
 0  1  0 0  1 0
 0  0  1 1 -1 1
 0  0  0 0  0 1
 0  0  0 0 -1 0
2-1;1,1;1;1 1 5
1 
#1 
6	% 
 0  0  0  0 0  1
 1  0  0  0 0  0
 0  0 -1 -1 1 -1
 0  1  1  1 0  1
 0 -1 -2 -1 0 -1
 0 -1 -1  0 0 -1
1,1;1,1;1;1 1 12
8 
#3 
6	% 
 1  0  0  0 0 0
 0  0  1  0 0 0
 0  0  0 -1 0 0
 0 -1 -1  0 0 0
 0  0  0  0 0 1
 0  0  0  0 1 0
6	% 
 1  0 0 0  0 0
 0  0 1 0  0 0
 0  0 0 1 -1 1
 0 -1 0 0  0 0
 0  0 0 0  0 1
 0  0 0 0  1 0
6	% 
  1 0  0 0 0 0
  0 0  0 0 0 1
  1 1  1 0 1 0
  0 1  0 0 0 1
  1 1  1 1 0 1
 -1 0 -1 0 0 0
1,1;1,1;1,1 1 6
6 
#2 
6	% 
 -3  0 -2  0  0  0
  1 -1  0  0 -1 -1
  2  0  1  0  0  0
  0  1  1  1  1  1
  0  1  1  1  0  2
  1  0  0 -1  0 -1
6	% 
 1  2  0 -2  2  0
 0 -1  0  0  0  0
 0 -1  0  1 -1  0
 0  0 -1  0 -1  0
 0  0  1  0  0 -1
 0 -1 -1  0  0  0
1,1,1;1;1;1 1 7
12 
#4 
6	% 
 0  1  0 -1 -1  2
 1  0  0  0  0  0
 0  0  0 -1  0  0
 0 -1 -1  1  0 -2
 0 -1 -1  0  0 -1
 0  1  1 -1 -1  1
6	% 
 0 -1 1 -1  0 -1
 1  0 0  0  0  0
 0  0 0 -1  0  0
 0  1 0  1  0  0
 0  1 0  0  1  0
 0 -1 0 -1 -1 -1
6	% 
 0 0 1 1 1 -1
 1 0 0 0 0  0
 0 1 0 0 0  1
 0 0 0 0 0  1
 0 0 0 1 0  0
 0 0 0 0 1  0
6	% 
 0  0  0  0  1  0
 1  0  0  0  0  0
 0 -1 -1 -1  0 -2
 0  0  0  1 -1  1
 0  0 -1  0  0  1
 0 -1  0  0  0 -1
1,1;1,1;1;1 1 10
12 
#3 
6	% 
 1  0  2  0  0  0
 0  1  0  0  0  1
 0  0 -1  0  0  0
 0 -1  0  1  0 -2
 0  1  0 -1 -1  1
 0  0  0  1  0  0
6	% 
 1  2  0 -2  2  0
 0 -1 -2  0 -1  0
 0 -1  0  1 -1  0
 0  0  1  0  1  0
 0  0 -1  0  0  1
 0 -1  1  0  0 -1
6	% 
 1  0  2  0 0 0
 0  1  0  0 1 0
 0  0 -1  0 0 0
 0 -1 -1 -1 0 0
 0  1  1  1 1 1
 0  0 -1 -1 0 0
1,1;1,1;1;1 1 17
6 
#2 
6	% 
 1  0  0  0  0  0
 0  1  0 -1 -1 -2
 0 -1  0  0  1  0
 0 -1 -1  1  0  2
 0  0  1  1  1  1
 0  1 -1 -1 -1 -1
6	% 
 1 0 0 0  0 0
 0 0 1 0  0 0
 0 0 0 1 -1 0
 0 0 0 0  1 0
 0 1 0 0  0 0
 0 0 0 0  0 1
1,1;1,1;1;1 1 3
3 
#2 
6	% 
 0 -1  2  1 -1  0
 0  0  0  0  2  1
 1  0  0  0  0  0
 0  1 -1 -1  1  0
 0 -1  0  0 -2 -1
 0  0  1  1 -2  0
6	% 
 0  2  3  2  0  2
 0  0  0  0  2  1
 1  0  0  0  0  0
 0 -1 -2 -1  0 -1
 0  0  1  1 -2  0
 0  1  1  0 -1  0
1,1;1,1;1,1 1 9
10 
#3 
6	% 
  1  0  0  0  0  0
  0  0  0 -1 -1 -1
  0 -1  0  0  0  1
  0  1  0  0  0  0
 -1  0 -1 -1  0 -1
  1  0  1  0  0  0
6	% 
 -1  0  0  0 -2 -2
  0 -1 -1 -1  0 -1
  0  0  1  0  0  0
  0  0  1 -1  0  0
  1  1  1  0  2  2
 -1  1  0  1 -1 -1
6	% 
  1  0  0  0  0  0
  0  1  0  1  0  0
  0  1  0  1 -1  1
  0  1 -1  1 -1  1
 -1 -1 -1  0 -1  0
  1 -1  0 -2  1 -1
1,1,1;1;1;1 1 17
4 
#1 
6	% 
  1  0  0  0 -1 1
 -2 -1 -2 -1  0 0
  1  0  1  1  0 0
  1  1  1  1  0 1
 -1 -1 -1 -1  0 0
  1  1  1  0  1 0
1,1;1,1;1;1 1 27
12 
#3 
6	% 
 1  0 0  0 0  0
 0  0 0  0 0  1
 0  0 0 -1 1 -1
 1  0 1  0 0  0
 1  1 1  1 0  2
 0 -1 0  0 0 -1
6	% 
 1  0  0  0  0  0
 0  0  0 -1  0 -1
 0  1 -1  1  1  2
 0  1  0  1  0  2
 0 -1  0 -2 -1 -2
 0  2  1  2  1  3
6	% 
 1  0  0  0  0  0
 0  2  0  2 -1  2
 0 -4  1 -4  1 -3
 1 -2  0 -3  1 -2
 1  5  0  4 -1  4
 0 -5 -1 -5  1 -4
1,1;1,1;1;1 1 16
8 
#3 
6	% 
 0  1  1 1  0  1
 1  0  0 0  0  0
 0  0  0 0 -1  0
 0 -1 -1 0  1 -2
 0  0  0 0  0 -1
 0  0  1 1  1 -1
6	% 
 0 -1 -2  1 -1  0
 1  0  0  0  0  0
 0  0  0  0  0  1
 0  0  0 -1  1 -1
 0  0  0  0  1  0
 0 -1 -1  0  0 -1
6	% 
 0  0  0  0  0  1
 1  0  0  0  0  0
 0 -1 -1 -1  0 -1
 0  0  1  1 -1  0
 0  0  1  0  0  0
 0  0  1  1  0  1
1,1;1,1;1;1 1 33
10 
#3 
6	% 
 1  0  0  0  0  0
 0 -1 -1 -1  0 -1
 0  0 -1  0  0  0
 0  1  0  1  0  0
 0  0 -1 -1  0 -1
 0 -1  1  0 -1  0
6	% 
 1  0  0 0  0  0
 0  0  0 0  0 -1
 0  0  0 0 -1  0
 0  0  1 1  0  0
 0 -1  0 0 -1 -1
 0  0 -1 0  0  1
6	% 
 1  0  0  0  0  0
 0 -1  0  0 -1 -1
 0  0  0  1  0  1
 0 -1 -1 -1  0 -1
 0 -2 -1  1 -1 -1
 0  2  0 -1  1  1
1,1;1,1;1;1 1 24
8 
#2 
6	% 
 1  0  0  0  0  0
 0  0 -1 -2  1 -1
 0 -1  1  1 -1  0
 0  0  1  1 -1  0
 0  0  1  1  0  0
 0  0  0  0  0  1
6	% 
 1  1  2  1  0  1
 0 -2  0  2  2  3
 0  2  0 -2 -1 -4
 0  2  0 -1 -1 -2
 0  1 -1 -2 -1 -3
 0  0  1  0  0  0
1,1;1;1;1;1 1 6
1 
#1 
6	% 
 0  0 0  0 -1  0
 1  0 0  0  0  0
 0  0 1  0  1  1
 0  0 0 -1  1  0
 0  0 0  0 -1 -1
 0 -1 0  0  0  0
1,1;1;1;1;1 1 15
2 
#1 
6	% 
 -1 0 0 0  0  0
  0 0 1 1  0  0
  0 0 1 0  0  0
  0 1 1 0  0  0
  0 0 0 0  0 -1
  0 0 0 0 -1  0
1,1;1;1;1;1 1 17
4 
#3 
6	% 
 0  0 -1  0  0 0
 1  0  0  0  0 0
 0  0  1 -1  0 0
 0 -1 -2  0  0 0
 0  0  0  0  0 1
 0  0  0  0 -1 0
6	% 
 0  0 -1 0 0  0
 1  0  0 0 0  0
 0  0  1 1 0  0
 0 -1 -1 0 0  0
 0  0  0 0 1  0
 0  0  0 0 0 -1
6	% 
 0  0  0  0  1  0
 1  0  0  0  0  0
 0 -1  0  0 -1  0
 0  0  1  1  0  0
 0  0  1  0  0  0
 0 -1 -1 -1  0 -1
1,1;1;1;1;1 1 12
6 
#2 
6	% 
 1  0  0  0 0  0
 0  0  0  1 0  0
 0  0 -1  0 0  0
 0  1  0 -1 0  2
 0  1  0  0 0  1
 0 -1  0  1 1 -1
6	% 
 1  0  0 0  0  0
 0 -1  1 0  0 -1
 0 -1  0 1 -1  0
 0  0 -1 0 -1  0
 0 -1 -2 0 -1  0
 0  0  1 0  0 -1
1,1;1;1;1;1 1 18
3 
#2 
6	% 
 1  0  0  0 0 0
 0  0  1  0 0 0
 0  0 -1 -1 0 0
 0 -1 -1  0 0 0
 0  0  0  0 1 0
 0  0  0  0 0 1
6	% 
 1  0  0  0  0 0
 0  1  0 -1  1 0
 0 -1  0  0 -1 0
 0 -1 -1  0  0 0
 0  0  0  0  1 0
 0  0  0  0  0 1
1,1;1;1;1;1 1 39
4 
#2 
6	% 
 -1 0 0 0 -1  1
  0 0 1 0  0  0
  1 0 0 0  0 -1
  1 1 1 0  1  0
 -1 0 0 1 -1  1
  1 0 0 0  1  0
6	% 
 1  0  0 0 0  0
 0  0  0 0 0  1
 0  1  1 1 0  1
 0  1  1 0 1  1
 0 -1 -1 0 0 -1
 0  0  1 0 0  0
1,1;1;1;1;1 1 35
4 
#2 
6	% 
 1  0  0  0 0  0
 0  0  0  0 0  1
 0  0  0  0 1  0
 0 -1 -1 -1 0 -1
 0 -1 -1  0 0 -1
 0 -1  0  0 0 -1
6	% 
 1  0  0 0  0  0
 0 -1 -1 1 -1  0
 0  2  1 0  1  1
 0  0  0 0  0 -1
 0 -1 -1 0 -1 -1
 0 -1 -1 0  0 -1
1,1;1;1;1;1 1 41
1 
#1 
6	% 
 3 1 0 -1  1  0
 0 1 1  1  0  1
 1 1 1  0  1  1
 0 0 0  0  0 -1
 1 1 0  0  1  1
 0 0 0  0 -1  0
1,1;1;1;1;1 1 36
4 
#1 
6	% 
 1  0  0  0  0  0
 0 -1  0  0 -1 -1
 0  0  2  1  2 -2
 0 -1 -2 -1 -2  2
 0  1  1  0  2 -1
 0  0 -1 -1 -1  1
1;1;1;1;1;1 1 11
1 
#1 
6	% 
 1 0 0  0  0  0
 0 1 0  0  1  0
 0 1 0 -1  1  0
 0 1 1  0  0  0
 0 0 0  0  0 -1
 0 0 0  0 -1  0
1;1;1;1;1;1 1 25
1 
#1 
6	% 
 1  0  0 0  0  0
 0 -1 -1 0 -1 -1
 0 -1 -1 0 -1  0
 0  0  0 0  1  0
 0  1  1 1  0  1
 0  0  1 0  0  0
