#11

2-2;1;1;1;1 1 22
1 
#1 
6	% 
 1 0 0 0 0 0
 0 1 0 0 0 0
 0 0 1 0 0 0
 0 0 0 1 0 0
 0 0 0 0 1 0
 0 0 0 0 0 1
1,1,1,1,1,1 1 1
1 
#1 
6	% 
 1 0 0 0 0 0
 0 1 0 0 0 0
 0 0 1 0 0 0
 0 0 0 1 0 0
 0 0 0 0 1 0
 0 0 0 0 0 1
1,1,1,1,1;1 1 2
3 
#1 
6	% 
 -1  1 -1  0 -1  0
 -1  1 -1  1 -1  0
 -1  1 -1  0 -1  1
 -1  1 -1 -1  0 -1
  1 -2  2  1  0  0
 -2  1 -2  0 -1  0
1,1,1,1;1,1 1 3
3 
#1 
6	% 
  2  1 -1 -1  2 -1
  0  2 -1 -1  1  0
 -1  1  1 -1  0  2
  0 -2  0  2 -2 -1
  1  1 -1  0  0 -1
  1 -1 -1  0  1 -1
1,1,1;1,1,1 1 4
9 
#1 
6	% 
  2  1  0 -1  1  0
  2  1  0  0  1  0
 -4 -1  1  1 -2  1
  2  1 -1 -1  1 -1
 -3 -2  1  2 -1  1
  2  1 -2 -1  1 -1
2-2;1,1,1,1 1 2
1 
#1 
6	% 
  1 -1 -2  1  0  0
  1 -1 -1  2  1  1
  1 -1 -2  2  0  0
 -2  2  3 -3 -1 -2
  3 -2 -4  3  2  1
 -2  3  4 -4 -1 -1
1,1,1;1,1;1 1 12
9 
#1 
6	% 
  1 -1 -4 -1  1 -2
  1 -1  0  0  1  1
 -3  3  5  1 -3  1
  1 -1 -1  1  0  0
 -2  2  3  0 -1  1
  0 -1 -2  0  0 -1
2-2;1,1;1,1 1 6
3 
#1 
6	% 
 -1  1  0 -1  1 1
  0  0  1 -1  1 1
  1 -2  1  1 -1 0
  2 -3  2  1  0 0
 -3  2 -2  0 -1 0
  1  0  2 -1  1 1
1,1;1,1;1;1 1 39
9 
#1 
6	% 
  0 -1  1 -1 -2 -1
  1 -2  1  0 -1 -1
 -1  1  0 -1  0  1
  1 -1 -1  1  1  0
  1 -1  0  0  1  0
  0  0  0  1  1  0
1,1,1;1;1;1 1 19
1 
#1 
6	% 
  1 -2  0  2 1 0
  1 -1  0  1 1 0
 -1  2  0 -2 0 1
  0 -1  0  2 1 0
  1 -2  0  1 1 0
  1 -2 -1  2 1 0
1,1;1;1;1;1 1 54
3 
#1 
6	% 
  0 1 -1 -1 0 -1
  1 0  1  0 1  1
  0 0  0  1 0  0
  0 0  0  0 1  1
  0 0  1  0 0  0
 -1 1  0  0 0  0
