#11

4-3;1,1 1 2
1 
#1 
6	% 
 1 0 0 0 0 0
 0 1 0 0 0 0
 0 0 1 0 0 0
 0 0 0 1 0 0
 0 0 0 0 1 0
 0 0 0 0 0 1
1,1,1,1,1,1 1 1
1 
#1 
6	% 
 1 0 0 0 0 0
 0 1 0 0 0 0
 0 0 1 0 0 0
 0 0 0 1 0 0
 0 0 0 0 1 0
 0 0 0 0 0 1
1,1,1,1;1,1 1 3
15 
#1 
6	% 
  1 0  0 0 0 0
  2 1  1 0 1 0
  0 0  0 0 0 1
 -1 0 -1 0 0 0
  1 0  0 0 1 0
  0 0  0 1 0 0
2-1;1,1,1;1 1 8
15 
#1 
6	% 
 1  0  0  0 0  0
 0 -1  0  0 0  0
 0  1  0  0 0 -1
 0  1  0  0 1  0
 0 -1  0 -1 0  0
 0 -1 -1  0 0  0
1,1,1,1,1;1 1 2
10 
#1 
6	% 
  1  0  0  0  0  0
  0  0  1  0  0  0
  0 -1  0 -1 -1 -1
  1  0  1  0  0 -1
 -1  1 -1  1  0  1
  1 -1  1  0 -1 -1
2-2;1,1,1,1 1 2
10 
#1 
6	% 
  0  1  0  0  0  0
  0  0  1  0  0  0
 -1 -1 -1 -1 -1  1
  1  0  0  0  1 -1
 -1  0  0 -1  0  1
  1  0  0  1  1  0
4-3';1,1 1 2
6 
#1 
6	% 
 1  0  0  0  0  0
 0 -1 -1  0  0 -1
 0 -1  0  1 -1  0
 0  0 -1 -1  0 -1
 0  1  1  0  1  0
 0  0  0  1 -1  1
2-2;1,1,1;1 1 5
10 
#1 
6	% 
  1 0  0  0 0 0
  1 0 -1  0 0 0
 -1 0  0  0 1 0
 -1 0  1  0 1 1
 -1 0  1 -1 1 0
 -1 1  1  0 1 0
1,1,1;1;1;1 1 19
5 
#1 
6	% 
  1 0 0 0 0 0
  0 1 0 0 0 0
 -1 0 0 0 0 1
  1 0 0 1 0 0
  1 0 0 0 1 0
  1 0 1 0 0 0
1,1,1,1;1;1 1 5
15 
#1 
6	% 
  0  1  1  1  1 -1
  1  0  1  1  1 -1
  1  1  1  0  1 -1
 -1 -1 -1 -1 -2  1
  1  1  2  1  1 -1
 -1 -1 -1 -1 -1  0
3;1,1,1 1 3
5 
#1 
6	% 
  1  0  0  0  0  0
 -1 -1 -1 -1 -1  1
  0 -1  0 -1 -1  1
  0 -1 -1  0 -1  1
  0  1  1  1  0 -1
  0  1  1  1  1  0
