#50

2-2;1;1;1;1 1 2
1 
#1 
6	% 
 1 0 0 0 0 0
 0 1 0 0 0 0
 0 0 1 0 0 0
 0 0 0 1 0 0
 0 0 0 0 1 0
 0 0 0 0 0 1
1,1,1,1,1,1 1 1
1 
#1 
6	% 
 1 0 0 0 0 0
 0 1 0 0 0 0
 0 0 1 0 0 0
 0 0 0 1 0 0
 0 0 0 0 1 0
 0 0 0 0 0 1
1,1,1,1,1;1 1 2
8 
#3 
6	% 
  0  0  1  0 -1  0
  0 -1  0  0  0  0
  0 -1  1  0  1  1
  1  0  1  0  0  1
 -1  1 -1 -1  0 -1
  1 -1  1 -1  1  1
6	% 
  0 0 0  1  0  0
  1 0 0  0  0  0
  0 0 0  0  1  0
  1 1 1  1  1  1
 -1 0 0 -1 -1 -1
  1 0 1  1  1  0
6	% 
  0  1  0  0  0 -1
  0  1  0  0  0  0
 -1  0 -1 -2  1 -2
  0  1  1  0  0  0
  1 -1  0  1 -1  1
 -1  1  0 -1  0 -1
1,1,1,1,1;1 1 1
2 
#1 
6	% 
 0  0  0  0 -1  0
 0 -1 -1  0 -1 -1
 0 -1  0 -1 -1 -1
 0  0 -1 -1  0 -1
 0  1  1  1  1  1
 1  0  0  0  0  0
1,1,1,1;1,1 1 1
3 
#3 
6	% 
  0 -1 -1 0  0 -1
 -1  0 -1 0  0 -1
 -1 -1  0 0  0 -1
  1  1  1 0  0  1
  0  0  0 0 -1  0
  0  0  0 1  1  0
6	% 
  0 -1 0 -1 -1  0
 -1  0 0 -1 -1  0
 -1 -1 0  0 -1  0
  1  1 0  1  1  0
  0  0 0  0  0 -1
  0  0 1  0  0  1
6	% 
 0  0 -1 -1  0 -1
 0  0  0 -1 -1 -1
 0  0 -1  0 -1 -1
 0  0  1  1  1  1
 0 -1  0  0  0  0
 1  1  0  0  0  0
1,1,1,1;1,1 1 3
12 
#2 
6	% 
 1  1 1 0  1  1
 0  1 0 0  0  0
 0  0 0 0 -1 -1
 0 -1 0 1  0  0
 0  1 0 1 -1  0
 0  0 1 0  1  0
6	% 
 1 -1  0  0  0  0
 0 -1  1  0  0  1
 0  1  1  1  0  0
 0  1 -1  0 -1  0
 0 -1  0  0 -1  1
 0 -1  0 -1  1 -1
1,1,1,1;1,1 1 2
16 
#3 
6	% 
 0  0  1 0 -1  0
 0  0  0 0 -2 -1
 0 -1  1 0 -1  0
 1  0  0 0  0  0
 0  0 -1 1  1  0
 0  0  1 1 -2  0
6	% 
 0  0  0 -1  0  0
 0 -1 -1 -1 -1 -1
 0 -1  0  0  0  0
 1  0  0  0  0  0
 0  1  1  1  0  0
 0 -1  0 -1  0 -1
6	% 
  0  0  0  0  0 -1
  0  0 -1  0  0  0
  0 -1  0  0  0  0
  1  0  0  0  0  0
 -1  1  1  1 -1  1
 -1 -1 -1 -1  0 -1
1,1,1;1,1,1 1 2
8 
#3 
6	% 
  0  1 0 0 0  0
  1  1 1 0 0  1
  0  0 0 0 1  0
  0  0 0 1 0  0
 -1 -1 0 0 0 -1
  1  1 1 0 0  0
6	% 
  1  0 0  0  1  0
 -1 -1 0  0 -1  0
  0  0 0  0  0 -1
  0  0 1  2 -1  1
  0  0 0 -1  0  0
  0  0 0 -1  1  0
6	% 
  0  1  0  0  0 0
  1  1  0  2 -1 0
  0  0  0  0  1 1
  0  0 -1  0  1 0
 -1 -1  1 -1  0 0
  1  1  1  1 -1 0
1,1,1;1,1,1 1 1
2 
#1 
6	% 
 0  0  0  1 0  0
 0  0  0  1 1  0
 1  0  0 -1 0  0
 0  0 -1  0 0 -1
 0 -1  0  0 0 -1
 0  1  1  0 0  1
1,1,1;1,1,1 1 3
12 
#1 
6	% 
 -1 0 -1 -2  1  1
  0 1  1  0  1  1
  0 0 -1  0 -1  0
  1 0  1  1  1  0
  0 0  0  0 -1 -1
 -1 0  0 -1  2  1
2-2;1,1,1,1 1 1
1 
#1 
6	% 
  0  0  0 1 0  0
  0  0  0 0 1  0
  0 -1 -1 0 0 -1
 -1  0 -1 0 0 -1
 -1 -1  0 0 0 -1
  1  1  1 0 0  1
1,1,1,1;1;1 1 2
16 
#3 
6	% 
 0 0  1  0 -1  0
 0 1  1  0  0  1
 0 0  0  0 -2 -1
 1 0  0  0  0  0
 0 0 -1 -1  2  0
 0 0  1 -1 -1  0
6	% 
 0 1  0 0 0 0
 0 0  0 1 0 0
 0 0  0 0 1 0
 1 0  0 0 0 0
 0 0  0 0 0 1
 0 0 -1 0 0 0
6	% 
 0  0  0  0  0 1
 0 -1 -1 -1  2 0
 0  0  1  0  0 0
 1  0  0  0  0 0
 0  0  0  0 -1 0
 0  0  0 -1  1 0
1,1,1;1,1;1 1 4
16 
#3 
6	% 
 0  1 0  0 0 1
 0  1 0  0 0 0
 0 -1 1  0 0 0
 1  0 0 -1 1 0
 1  0 0  0 1 0
 0  0 0 -2 1 0
6	% 
 1  0  0 0  1  0
 0  0  0 1  1  0
 0  0  0 0 -1  0
 0  0 -1 0  0  0
 0 -1 -1 0  0 -1
 0  0 -1 0  0  1
6	% 
  0  0  1 0 0  0
  0  0  1 0 0  1
  0 -1 -1 0 0 -1
  0  0  0 1 0  0
 -1  0  0 0 0  0
  0  0  0 0 1  0
1,1,1;1,1;1 1 7
48 
#4 
6	% 
 0  0  0 0  1  0
 0  2  1 0  2  1
 0 -3 -2 0 -5 -2
 1  1  1 0  1  0
 1  0  0 0  0  0
 0  0  0 1  0  0
6	% 
 0  2  1  2 0  1
 0  0  0  1 0  0
 0 -1 -1 -4 0 -1
 0  0  0  0 1  0
 1  0  0  0 0  0
 0  1  1  1 0  0
6	% 
 0  0  1  0  0  1
 0  2  2  2 -1  2
 0 -3 -4 -4  2 -4
 0  1  1  1 -1  1
 1  0  0  0  0  0
 0  0  1  0  0  0
6	% 
 0 -2 -2 -2 1 -2
 0  0 -1  0 0 -1
 0  1  2  0 0  2
 1  0  0  0 0 -1
 1  0  0  0 0  0
 0 -1 -1 -1 1 -1
1,1,1;1,1;1 1 2
16 
#6 
6	% 
 0 0  0 0  1  0
 0 0  1 0  0  0
 0 0 -1 0 -2 -1
 1 0  0 0  0  0
 0 1  0 0  0  0
 0 0  0 1  0  0
6	% 
 0 0  0 0 -1 0
 1 0  0 0  0 0
 0 1  0 0  2 0
 0 0  1 0  0 1
 0 0 -1 0  0 0
 0 0  0 1 -1 0
6	% 
 0 0 -1 0  0 -1
 0 0  0 1  1  0
 0 0  1 0 -1  1
 1 0  0 0  0  0
 0 1  0 0  0  0
 0 0  0 0  0 -1
6	% 
  2  2  1  0 0  1
  1  1  0  0 0  0
 -2 -3 -1  0 0 -1
  0  0  0  1 1  0
  0  0  0 -1 0  0
  1  1  1  0 0  0
6	% 
 0 0  2  2 -1  0
 0 0  1  0  0 -1
 0 0 -2 -2  1  1
 1 0  0  0  0  0
 0 1  0  0  0  0
 0 0  1  1 -1  0
6	% 
  2  2 0  2 -1 0
  1  1 0  0  0 0
 -2 -3 0 -2  1 0
  0  0 1  0  0 0
  0  0 0  0  0 1
  1  1 0  1 -1 0
1,1,1;1,1;1 1 9
24 
#4 
6	% 
  2  2  1  0 0 -1
  1  1  0  0 0  0
 -2 -3 -1  0 0  1
  1  1  1  0 2  0
  0  0  0 -1 0  0
  0  0  0 -2 1  0
6	% 
 0  0  0 -1  2 0
 1  1  0  0  0 0
 0 -1  0  1 -2 0
 0  0  0 -1  1 0
 0  0  0  1  0 1
 0  0 -1  0  0 1
6	% 
 0 0 0 0 -1  0
 1 0 0 0  0  0
 0 1 0 0  2  0
 0 0 1 1 -1  1
 0 0 0 0  0 -1
 0 0 1 0  0 -1
6	% 
  2  2  1 0 0  1
  1  1  0 0 0  0
 -2 -3 -1 0 0 -1
  1  1  1 0 0  0
  0  0  0 1 0  0
  0  0  0 0 1  0
1,1,1,1;1;1 1 5
12 
#2 
6	% 
 1  1  1  0  1 -1
 0  1  1  0  2 -1
 0  0  1  0  1  0
 0 -1 -1 -1 -1  1
 0  1  1 -1  2 -1
 0  0  0  0 -1  1
6	% 
  1  0 0  0  0  0
  1 -1 0  0  0  0
  1  0 0  0  0 -1
 -2  0 0 -1  1  0
  2  0 0  0 -1  0
 -1  0 1  0  0  0
1,1,1,1;1;1 1 3
4 
#2 
6	% 
  0 -1 -1  0  0 -1
 -1  0 -1  0  0 -1
 -1 -1  0  0  0 -1
  1  1  1  0  0  1
  0  0  0 -1  0  0
  0  0  0  1 -1  0
6	% 
  0 -1 0 -1 -1 0
 -1  0 0 -1 -1 0
 -1 -1 0  0 -1 0
  1  1 0  1  1 0
  0  0 0  0  0 1
  0  0 1  0  0 0
2-2;1,1,1;1 1 2
2 
#1 
6	% 
  0 -1  0 0 0  0
 -1 -1 -1 0 0 -1
  1  1  0 0 0  1
  0  0  0 1 0  0
  0  0  0 0 1  0
 -1 -1 -1 0 0  0
1,1,1,1;1;1 1 1
1 
#1 
6	% 
 0 0 -1 -1  0 -1
 0 0 -1  0 -1 -1
 0 0  0 -1 -1 -1
 0 0  1  1  1  1
 1 0  0  0  0  0
 0 1  0  0  0  0
1,1,1;1,1;1 1 3
16 
#3 
6	% 
 0 0  0  1 0  0
 0 0  1  0 0  0
 0 0 -1 -2 0 -1
 0 0  0  0 1  0
 0 1  0  0 0  0
 1 0  0  0 0  0
6	% 
 0 0  2  2 -1  0
 0 0  1  0  0 -1
 0 0 -2 -2  1  1
 0 0  1  1 -1  0
 0 1  0  0  0  0
 1 0  0  0  0  0
6	% 
 0 0 -1  0 0 -1
 0 0  0  1 1  0
 0 0  1 -1 0  1
 0 1  0  0 0 -1
 0 1  0  0 0  0
 1 0  0  0 0  0
2-2;1,1,1;1 1 1
2 
#1 
6	% 
 0  0  0 1  0  0
 0  0  0 1 -1  0
 0  0 -1 0  0 -1
 0 -1  0 0  0 -1
 0  1  1 0  0  1
 1  0  0 0  0  0
1,1,1;1,1;1 1 1
4 
#2 
6	% 
 0  0 0 -1 -1 0
 0 -1 0  0 -1 0
 0  1 0  1  1 0
 0  0 1  0  0 0
 0  0 0  0  0 1
 1  0 0  0  0 0
6	% 
 0 1  0 0  0  1
 0 0 -1 0  0  0
 0 0  0 0  0 -1
 0 0  0 0 -1  0
 0 0  0 1  1  0
 1 0  0 0  0  0
1,1,1;1,1;1 1 8
24 
#2 
6	% 
 0 -2 -1  0  0  1
 0  0  1 -1  2 -1
 0  3 -1  2 -4  1
 0 -1  0  1  0  1
 0  0  0 -2  1 -1
 1  0  0  0  0  0
6	% 
 0  2  1 0  1 -1
 0  2  1 0  0 -1
 0 -5 -3 0 -2  3
 0  1  1 1  0  0
 0  1  0 0  0 -1
 1  0  0 0  0  0
1,1,1;1;1;1 1 5
8 
#2 
6	% 
 0 1  0 0 0  1
 0 0 -1 0 0  0
 0 0  0 0 0 -1
 1 0  0 0 0  0
 0 0  0 0 1  0
 0 0  0 1 0  0
6	% 
 0 0 0  1 0 0
 0 0 0  1 1 0
 0 1 0 -1 0 0
 1 0 0  0 0 0
 0 0 0  0 0 1
 0 0 1  0 0 0
1,1;1,1;1;1 1 19
12 
#2 
6	% 
 -1  0 -1 0 0  1
  0 -1 -1 0 0 -1
  1  1  1 0 0  0
  0  0  0 0 1  0
 -1  1  0 0 0  1
  0  0  0 1 0  0
6	% 
 1 0 0  1 -2 0
 0 1 0  1  0 0
 0 0 0 -1  1 0
 0 0 0  0  0 1
 0 0 0  0 -1 0
 0 0 1  0  0 0
1,1;1,1;1,1 1 2
8 
#2 
6	% 
 -1  0 -1 0  0  1
  0  0  0 0 -1  0
  0  0  0 1  1  0
  0 -1 -1 0  0 -1
  1  1  1 0  0  0
 -1  1  0 0  0  1
6	% 
 -1 0 0 -2  1  0
  0 0 0  0  0 -1
  0 0 1  0  0  1
  0 1 0  0  1  0
  1 0 0  1 -1  0
 -1 0 0 -1  0  0
1,1;1,1;1;1 1 4
4 
#2 
6	% 
 0 -1 0 0 0  0
 1  1 0 0 0  0
 0  0 0 0 0 -1
 0  0 1 0 0  1
 0  0 0 0 1  0
 0  0 0 1 0  0
6	% 
 0 -1 0 0 0 0
 1  1 0 0 0 0
 0  0 0 1 0 0
 0  0 0 0 1 0
 0  0 0 0 0 1
 0  0 1 0 0 0
1,1;1,1;1,1 1 1
1 
#1 
6	% 
 0 -1 0  0 0  0
 1  1 0  0 0  0
 0  0 0  1 1  0
 0  0 0 -1 0  0
 0  0 0  0 0 -1
 0  0 1  0 0  1
1,1,1;1;1;1 1 10
12 
#3 
6	% 
  0 -1  0 0  0  0
 -1 -1 -1 0  0  1
  1  1  0 0  0 -1
  0  0  0 0 -1  0
  0  0  0 1  0  0
 -1 -1 -1 0  0  0
6	% 
 0 1 0  0 1  0
 1 0 0  0 1  0
 0 0 0 -1 0  0
 0 0 0  0 0 -1
 0 0 1  0 0  0
 0 0 0 -1 1  0
6	% 
 0 -1 0 0  0  0
 1  1 0 1 -2  0
 0  0 0 0  1  0
 0  0 0 0  0 -1
 0  0 1 0  0  0
 0  0 0 1 -1  0
1,1;1,1;1;1 1 8
24 
#2 
6	% 
 0 -1 -1  0 0 -1
 1  0  0  0 1  0
 0  0  0 -1 0  0
 0  1  1  0 0  0
 0 -1  0  0 0 -1
 0  0  0 -1 1  0
6	% 
 0 -1 -1 0  0 1
 1  0  0 1 -2 0
 0  0  0 0  1 0
 0  1  1 0  0 0
 0 -1  0 0  0 1
 0  0  0 1 -1 0
1,1,1;1;1;1 1 7
24 
#2 
6	% 
 0 -1 -1  0 -2 -1
 1  0  0  0  0  0
 0  0  0 -1  0  0
 0  1  0  0  1  1
 0  0  0 -1  1  0
 0 -1 -1  0 -1  0
6	% 
 0 1  1 1 -2  1
 1 0  0 0  0  0
 0 0  0 0  0  1
 0 0 -1 0  1 -1
 0 0 -1 0  0  0
 0 0  1 1 -1  1
1,1;1,1;1,1 1 4
24 
#2 
6	% 
 0 -1 -1  0 0 -1
 1  0  0  0 1  0
 0  0  0 -1 0  0
 0  1  0  0 0  1
 0 -1 -1  0 0  0
 0  0  0 -1 1  0
6	% 
 -1  0  0 -2  1  0
  0 -1 -1  0  0  1
  0  1  0  0 -2 -1
  1  0  0  1  0  0
 -1  0  0 -1  1  0
  0 -1 -1  0 -2  0
1,1;1,1;1;1 1 9
12 
#2 
6	% 
 0 -1  0  0  0  0
 1  1  0  0  0  0
 0  0 -1  0 -1  0
 0  0  1 -1  2  1
 0  0  0  0  1  1
 0  0 -1 -1 -1 -1
6	% 
 0 -1  0 0  0  0
 1  1  0 0  0  0
 0  0  0 0  0 -1
 0  0 -1 0  1  1
 0  0 -1 0  0  0
 0  0  1 1 -1 -1
1,1;1,1;1,1 1 5
6 
#1 
6	% 
 1 0  0  0  0  0
 0 1  0  0  0  0
 0 0  0 -1  1  1
 0 0  0  0 -1 -1
 0 0  1  1  0  0
 0 0 -1  0 -1  0
1,1,1;1;1;1 1 2
8 
#3 
6	% 
 0 0  0  0 1 1
 0 0 -1  0 1 0
 1 0  0  0 0 0
 0 1  0  0 0 0
 0 0  1 -1 0 0
 0 0 -1 -1 1 0
6	% 
 0 0  0 1 -1 0
 0 0  0 0  1 0
 1 0  0 0  0 0
 0 1  0 0  0 0
 0 0  0 0  0 1
 0 0 -1 0  0 0
6	% 
 0 0 0 0  0 -1
 0 0 1 1 -2  1
 1 0 0 0  0  0
 0 1 0 0  0  0
 0 0 0 0  1  0
 0 0 0 1 -1  0
1,1;1,1;1;1 1 2
16 
#3 
6	% 
 0 -1 0 0 -1 0
 0  0 1 0  0 0
 0  0 0 0  0 1
 1  0 0 0  0 0
 0  1 0 1  0 0
 0 -1 0 1 -1 0
6	% 
 0 1 1 0 0  1
 0 0 0 1 0  0
 0 0 0 0 1  0
 1 0 0 0 0  0
 0 0 0 0 0 -1
 0 0 1 0 0  0
6	% 
 1 0 0 1 -2 0
 0 0 1 0  0 0
 0 0 0 0  0 1
 0 1 0 0  0 0
 0 0 0 0  1 0
 0 0 0 1 -1 0
1,1;1,1;1;1 1 16
48 
#4 
6	% 
 0 -1 -1 0  0  1
 1  0  0 0  0  0
 0  0  0 1  0  0
 0  1  0 0 -2 -1
 0  0  0 1 -1  0
 0 -1 -1 0 -2  0
6	% 
 0 1 0  1 -2  0
 1 0 0  0  0  0
 0 0 1  1  0  0
 0 0 0 -1  1  0
 0 0 0 -1  0 -1
 0 0 0  0 -1  0
6	% 
 0 1 0 0  1  0
 1 0 0 0  0  0
 0 0 0 0  0 -1
 0 0 1 1 -1  1
 0 0 1 0  0  0
 0 0 1 1  0  1
6	% 
 0 -1 -1  0  0 -1
 1  0  0  0  0  0
 0  0 -1 -1  1  1
 0  1  1  0  0  0
 0  0  1  0 -1 -1
 0 -1  0  0  0 -1
2-2;1,1;1,1 1 1
1 
#1 
6	% 
 0  0 0 1  0  0
 0  0 0 1 -1  0
 0 -1 0 0  0  0
 1  1 0 0  0  0
 0  0 0 0  0 -1
 0  0 1 0  0  1
2-2;1,1;1,1 1 2
2 
#1 
6	% 
 -1  0 -1 0 0  1
  0 -1 -1 0 0 -1
  1  1  1 0 0  0
  0  0  0 1 0  0
  0  0  0 0 1  0
 -1  1  0 0 0  1
1,1;1,1;1;1 1 23
6 
#1 
6	% 
 0 1  0  0  0  0
 1 0  0  0  0  0
 0 0  0 -1  1  1
 0 0  0  0 -1 -1
 0 0  1  1  0  0
 0 0 -1  0 -1  0
1,1;1,1;1;1 1 1
1 
#1 
6	% 
 0 0  1 0 0 1
 0 0 -1 0 0 0
 0 0  0 1 0 0
 0 0  0 0 1 0
 1 0  0 0 0 0
 0 1  0 0 0 0
1,1;1;1;1;1 1 3
4 
#2 
6	% 
 0 0  1  0  0 1
 0 0 -1  0  0 0
 1 0  0  0  0 0
 0 1  0  0  0 0
 0 0  0 -1  0 0
 0 0  0  1 -1 0
6	% 
 0 0 0 0 -1 0
 0 0 0 1  1 0
 1 0 0 0  0 0
 0 1 0 0  0 0
 0 0 0 0  0 1
 0 0 1 0  0 0
1,1;1;1;1;1 1 9
24 
#3 
6	% 
 0 1 1  0  0 -1
 1 0 0  0  0  0
 0 0 0 -1  0  0
 0 0 0  0  0  1
 0 0 0  1 -1  0
 0 0 1  0  0  0
6	% 
 0 -1 0 0 -1 0
 1  0 0 0  0 0
 0  0 0 0  0 1
 0  1 0 1  0 0
 0  0 1 0  0 0
 0 -1 0 1 -1 0
6	% 
 0 1 0  2 -1 0
 1 0 0  0  0 0
 0 0 0  0  0 1
 0 0 0 -1  0 0
 0 0 1  0  0 0
 0 0 0  1 -1 0
1,1;1;1;1;1 1 11
12 
#2 
6	% 
 1 0 0 0  0  0
 0 1 0 0  0  0
 0 0 0 1  0  0
 0 0 0 0 -1 -1
 0 0 1 0  1  0
 0 0 0 1 -1  0
6	% 
 1 0  0  0  0  0
 0 1  0  0  0  0
 0 0  0  0  0  1
 0 0 -1 -1  0 -1
 0 0  1  1 -1  1
 0 0 -1  0  0  0
1,1;1;1;1;1 1 25
3 
#1 
6	% 
 0 -1 0  0  0  0
 1  1 0  0  0  0
 0  0 0 -1  0  0
 0  0 0  0  0 -1
 0  0 1  0  0  0
 0  0 0  1 -1  0
2-2;1,1;1;1 1 2
4 
#1 
6	% 
 0 1 1 0 0  1
 1 0 0 0 0  0
 0 0 0 0 0 -1
 0 0 0 1 0  0
 0 0 0 0 1  0
 0 0 1 0 0  0
2-2;1,1;1;1 1 3
1 
#1 
6	% 
 0 -1 0 0 0 0
 1  1 0 0 0 0
 0  0 0 1 0 0
 0  0 0 0 1 0
 0  0 0 0 0 1
 0  0 1 0 0 0
2-2;1,1;1;1 1 1
1 
#1 
6	% 
 0 0 0 1  0 0
 0 0 0 1 -1 0
 0 0 1 0  0 0
 0 0 0 0  0 1
 1 0 0 0  0 0
 0 1 0 0  0 0
1;1;1;1;1;1 1 7
3 
#1 
6	% 
 1 0 0 0 0 0
 0 1 0 0 0 0
 0 0 0 0 0 1
 0 0 0 0 1 0
 0 0 1 0 0 0
 0 0 0 1 0 0
