#36

2-1;2-1;1;1 1 27
1 
#1 
6	% 
 1 0 0 0 0 0
 0 1 0 0 0 0
 0 0 1 0 0 0
 0 0 0 1 0 0
 0 0 0 0 1 0
 0 0 0 0 0 1
1,1,1,1,1,1 1 1
1 
#1 
6	% 
 1 0 0 0 0 0
 0 1 0 0 0 0
 0 0 1 0 0 0
 0 0 0 1 0 0
 0 0 0 0 1 0
 0 0 0 0 0 1
1,1,1,1;1,1 1 3
19 
#5 
6	% 
 0  0 -1 1  0  0
 0 -1 -1 0  0 -1
 0  0  1 0  0  0
 0  0  1 0  0  1
 1 -1  0 1 -1  0
 0  0 -1 0  1  0
6	% 
  1 1  0  0  0  1
 -1 0  0  1  1  1
  0 0 -1  0  0  0
  0 0  0 -1 -1 -1
  0 0  0  1  0  1
  0 0  0 -1  0  0
6	% 
  0 0  0 0  1  1
  1 1  1 1 -1  1
  1 0  0 0 -1  0
 -1 0 -1 0  1 -1
  1 0  0 1  1  1
 -1 0  0 0  0  0
6	% 
  1 -1  1 0  1  0
  0  0  1 0  0  1
  0  1  0 1 -1  1
 -1  0 -1 0 -1 -1
  0 -1  1 0  1  0
  1  0  1 0  0  0
6	% 
  0  0 -1  1 -1 -2
  0 -1  0  0  0  0
  0  0  1  0  1  1
 -1  2  0 -1  0  1
 -1  0 -2  0 -1 -2
  1 -1  0  1  0  0
1,1,1,1,1;1 1 2
6 
#2 
6	% 
  0  0 -1 1  1  1
  0 -1 -1 0  1  0
  0 -1 -1 0  2  1
 -1  0 -1 0  0 -1
  0  1  2 0 -2  0
  0 -1 -2 0  1  0
6	% 
  0 -1 -1  1  1 -1
 -1 -1 -1  1  1 -1
 -1 -1 -1  1  2 -1
  0 -1  0  1  1  0
  1  1  1 -2 -2  1
 -1 -1 -2  1  3 -1
2-1',2-1';1,1 1 3
2 
#1 
6	% 
 -2  2 -2 -1  1 -1
  1  0  1  0 -1  1
 -1  0 -1 -1  0 -1
  0  0  0  0 -1  0
  0 -1  1  0 -1  0
  0 -1  0  0  0  0
1,1,1;1,1,1 1 4
10 
#3 
6	% 
  2 0  0  1 -1 1
  0 0  0  1 -1 0
 -1 0  1 -1  1 0
  1 1 -1  0  0 0
 -1 0  1 -1  0 0
  0 0 -1  0  1 0
6	% 
 -1 1  1 -1  0  0
  0 0  1  0 -2  0
  1 0 -1  1  2  0
  0 0  0 -2  0 -1
 -1 0 -1  1  3  0
  0 0  0 -1 -1  0
6	% 
  0  1 -1 -1  0  0
  0  2 -2 -1  0  0
  1 -3  3  2 -1  0
  1  0  1  1  0  1
 -2  0 -2 -1  0 -1
  2  0  1  1  0  1
2-1;1,1,1;1 1 8
4 
#1 
6	% 
  1  0  0 0 0 1
  1 -1  0 0 0 1
  0  0  0 1 0 0
 -1  1  0 0 0 0
  0  0  0 0 1 1
  0  0 -1 0 0 0
2-1',2-1';1;1 1 5
2 
#1 
6	% 
 -2  2 -3 -2 -1 -3
  1 -1  2  2 -1  2
  1  0  1  0  1  1
  0  0  0 -1  1 -1
  1 -1  1  1  0  2
  0  1 -1 -1  0 -1
2-1;1,1;1,1 1 11
4 
#1 
6	% 
  0 -1  1 1  0  0
  1  0  1 1  0  1
 -1  0 -1 0  0 -1
  0  1  0 0  0  1
  1  0  0 0 -1  0
  1  0  0 1  0  1
1,1,1;1,1,1 1 3
4 
#1 
6	% 
  0  0  2  1 -2  0
 -1 -1  0  0  0 -1
  1  0  3  2  0  1
 -1  0 -2 -1  2  0
  1  0 -2 -1  0  1
 -1  0  2  1 -1  0
1,1,1;1,1;1 1 12
44 
#7 
6	% 
 -1 -1  0  2 -1 -1
 -1 -1  1  3 -2 -1
  2  2 -2 -8  5  2
 -1  0  0  1 -1 -1
  1  1 -1 -4  3  1
 -1  0  0  1  0  0
6	% 
  1 -1  0  2 -2 -1
 -1  1 -1 -1  2  1
  1 -1  1 -1 -1 -1
  0  0  0  0  1  1
  0  0  0 -1  0 -1
  1  0  0  1 -1  0
6	% 
  0  0 -4  2  1  0
 -1 -1 -2  0  1 -1
  1  1  7 -3 -2  1
  0 -1 -1  0  0 -1
  0  1  3 -2 -1  0
  0  0 -2  1  1  0
6	% 
  0  0  0  2  1  2
 -1  1 -1  1  1  1
  2 -2  1 -3 -3 -4
  0  1 -1  0  1  1
  1 -1  1 -1 -2 -2
  0  0  0  1  1  1
6	% 
 -2  2  2 -4  3  2
 -2  2  3 -3  2  2
  5 -5 -6  8 -6 -5
 -1  2  1 -2  1  1
  3 -4 -2  5 -3 -2
 -1  1  1 -2  2  1
6	% 
 -2  2  1 -1  1  2
 -1  1  1 -1  0  1
  4 -4 -3  3 -2 -4
  0  0  1  0  0  1
  2 -1 -2  1 -1 -2
 -1  1  1  0  0  1
6	% 
 -2  0 -1 -1  1 -2
  0 -2  2  1 -1  1
  1  3 -3 -1  1 -1
  1 -2  2  0 -1  0
  0  2 -2  0  1  0
 -1  0  0  0  0 -1
1,1,1;1;1;1 1 15
12 
#3 
6	% 
  1  2  0 -1  1  2
 -2 -1 -1  0  0 -2
 -1 -1  0  1 -1 -1
 -2 -1  0  1  0 -1
  1  1  0 -1  0  1
  1  2  0 -1  0  1
6	% 
  0 1  0 -1  1  1
  0 0  0  1  0  0
  0 0  0  0 -1 -1
  1 0  0  1 -1  0
 -1 1 -1 -1  1  0
  0 0  0 -1  1  0
6	% 
 0 1 0 -1  0  0
 0 0 0  1  0  1
 0 0 1  1  0  1
 1 0 0  1  0  1
 0 0 0  0 -1 -1
 0 0 0 -1 -1 -1
1,1;1,1;1,1 1 11
9 
#4 
6	% 
  0  0  1  1 -1  0
  1 -1 -2  0 -1 -2
  2 -2 -1  1 -1 -1
  0  0  1  0  1  1
 -1  0 -1 -2  2  0
  0  1  1  1 -2  0
6	% 
  0  0 -1 -1  1  0
  0  1  1 -1 -1  0
  1  0  2  0  0  1
  0 -1  0  1  1  0
  0 -1  1  2 -2 -1
 -1  1 -2 -2  1  0
6	% 
  0  0  1 -1  0  0
 -1  0 -3 -2  0 -3
  0  1 -1  0 -2 -2
  1  1  2  2 -1  2
  0  0 -1  2  1  1
 -1 -1  0 -3  1 -1
6	% 
  4 -4  4  1 -4  1
  0 -1 -1  2  3  0
  1  0 -1  2  3  1
 -1  2 -1 -2  0  0
 -7  7 -6 -3  5 -2
  5 -6  6  2 -6  1
1,1;1,1;1;1 1 31
17 
#5 
6	% 
  1 -1  0 1 -1 -1
 -1  1  1 0  0  1
  1 -1  0 1 -1  0
  0  0  0 0 -1  0
  0 -1 -1 0  0 -1
  0 -1  0 0  0  0
6	% 
  2 -2  1  2  1  2
 -2  2 -2 -1 -1 -2
  2 -1  1  1  0  2
  0  0  0  0 -1  0
  1 -1  1  1  1  2
  0  1  0  0  0  1
6	% 
  0  0  1 -1 -1 -1
  1 -1  1 -1  0  0
 -1  0 -1 -1  0 -1
  0  0 -1 -1  1  0
 -1  1 -1  0  0  0
 -1  0 -1  0  1  0
6	% 
  0 -1  2  2 -1  0
  1  0 -1 -1  1  1
  0 -1  1  1 -2 -1
  0  0  0  0 -1  0
 -1  0  1  0 -1 -1
  0  0  0 -1 -1 -1
6	% 
  2 -1 -1  0  0 -2
 -3  2  0 -4  1 -2
  1 -2 -1  1  0 -1
 -1 -1  0  0  0 -1
  2 -2  0  4 -1  2
  0 -1  0  2  0  2
1,1;1,1;1;1 1 29
6 
#2 
6	% 
  0  0 -1  1 0  0
  1 -1 -1 -2 1 -1
  1 -1 -1 -2 0 -1
 -1  1  0  0 0  0
  0  1  1  0 0  1
  0 -1  0  1 0  0
6	% 
  0 0 -1  1 -2  0
  0 1 -1 -2  0 -2
 -1 0 -1 -2  0 -3
  0 0  0  0  1  1
  0 0  1  0  1  1
  0 0  0  1 -1  0
1,1,1,1;1;1 1 5
15 
#4 
6	% 
 -2 -1 1 -2  1 -1
 -3 -1 0 -2  2 -1
 -2 -1 0 -2  1 -1
  4  1 0  3 -2  2
 -3 -2 1 -2  2 -1
  2  1 0  2 -2  1
6	% 
  2 1  0 -1 -1  0
  1 0  1 -2 -1 -1
  1 0  1  0 -1  0
 -2 0 -1  2  2  1
  2 0  1 -2 -1 -1
 -1 0  0  1  0  0
6	% 
 1  1 0  0  0  1
 1  1 0  0  1  2
 0  1 0  0  1  1
 0 -1 1  0 -2 -2
 0  1 0 -1  2  2
 0 -1 0  0  0 -1
6	% 
  1 -1  2 -1  1  0
  1 -1  2 -1  2  0
  0 -1  1 -1  1 -1
 -1  1 -2  2 -2  0
  1 -1  3 -1  1  0
 -1  0 -1  1 -1  0
1,1;1,1;1;1 1 39
12 
#2 
6	% 
 -2 1 -3 -2  4  1
 -1 0  1  4 -2  0
 -1 1 -2 -2  2  0
  0 0  1  2 -1  0
  0 0  1  1 -2 -1
  0 0  1  2 -2  0
6	% 
  4  3 -1  1 -1  2
 -5 -2  1 -1  1 -3
  3  2 -1  1  0  2
 -3 -2  1 -1  1 -2
 -3 -2  1  0  1 -1
 -4 -1  0 -1  1 -2
1,1,1;1;1;1 1 19
4 
#1 
6	% 
  1 0  2  1 -2  0
  0 0  1  1 -1  0
 -2 1 -3 -2  3  0
  1 0  3  1 -3  0
  1 0  2  1 -3 -1
  1 0  3  1 -2  0
1,1,1;1,1;1 1 10
12 
#2 
6	% 
  1 -1 -1 -1  0 -1
  2 -2 -1 -1 -1 -2
 -4  4  3  3  0  3
  1  0  0 -1  0  0
  1 -1 -1  0 -1 -1
  0  0  0  0 -1  0
6	% 
  1  1  0 0  0  1
  1 -1  1 1  0  1
 -2 -1 -1 0  0 -2
  0  1  0 0  0  1
  1 -1  1 1 -1  0
  0  0  1 1 -1  0
1,1,1;1,1;1 1 11
12 
#2 
6	% 
 -2  0  0  0  1 0
 -2  2 -1 -1  1 0
  5 -3  2  2 -2 1
 -1  0  0  1  0 0
 -1  1  0  0  0 0
 -1  0  0  0  1 0
6	% 
  0 0 -1 -1 -1 -2
 -2 0 -1 -1  0 -2
  3 1  2  2  1  5
  0 0 -1  0  1 -1
 -1 0 -1  0  1 -1
  0 0  0  0 -1 -1
2-1,2-1;1;1 2 9
4 
#1 
6	% 
  3 -3  4  4  0  4
 -1  0  0  0  0 -1
  0  0  0  0  1  0
  0 -1  0  0  1  0
  0  0  0  1 -4  0
  0  0 -1 -1  1  0
2-1;2-1;1,1 1 10
1 
#1 
6	% 
 -1  0 -3 -2  3 -1
  1  0  2  2 -2  1
  1 -1  1  0 -1  0
  0 -1 -1 -1  1  0
  0  0 -1  0  0 -1
 -1  0 -3 -2  2 -1
2-1,2-1;1,1 2 4
4 
#1 
6	% 
  1 -1  2 1  2  2
  0  0 -1 0 -1  0
  0 -1  1 1 -1  0
  0  0  0 0 -1  0
  0  0  0 1 -2  0
 -1  0  0 0 -1 -1
1,1;1,1;1;1 1 28
24 
#3 
6	% 
  0 -2 -2 -1  3  0
  0 -1 -1 -1  1  0
  2  0 -1 -2  2  2
  0 -1  0  0  0 -1
  0  0  1  1 -2 -1
 -1  1  1  1 -1  0
6	% 
 -1  1  0 -1 -1 -1
 -1  1  0 -1  1  0
 -1  1 -1 -2  1 -1
 -1  0  0  0  0  0
  0 -1  0  1  0  0
  1  0  0  1  0  1
6	% 
  1  0  1  1 -1  0
  0 -1  1  0 -1 -1
  0 -1  1  1 -2 -1
  0  1  0 -1  0  0
 -1  1 -1 -1  1  0
  0  0  0  0  1  1
2-1;1,1;1;1 1 35
2 
#1 
6	% 
  0  1  3  3 -3  1
 -1  0 -3 -2  2 -1
 -1  0 -2 -3  3  0
  1  0  2  2 -1  1
  0 -1 -2 -2  3  0
  0  0  1  1 -1  0
2-1;1,1;1;1 1 32
8 
#1 
6	% 
 -1  0  0 0  0 -1
  1  0  1 1 -1  1
 -1  0 -1 0  1 -1
  2 -1  1 1 -1  1
  1  0  1 1  0  2
  1  0  0 1 -1  1
1,1,1;1;1;1 1 17
4 
#1 
6	% 
 1  1  0  0 0  1
 0 -3  1  1 0 -1
 0  1 -1  0 0  0
 0  2 -1 -1 1  1
 0 -1  1  1 0  0
 0  1  0 -1 0  0
1,1;1,1;1,1 1 10
8 
#1 
6	% 
 -1  1  0  0  1  2
  1  1  1  0  0  1
  0 -1 -1  0 -1 -2
 -1  1  1  1  2  2
 -1  0  0  1  1  1
  1  1  0 -1  0  1
1,1,1;1;1;1 1 9
4 
#1 
6	% 
  0  1  0 -1  0  0
  0 -1  0  0  0 -1
 -1  0 -1 -1  0 -1
 -1  0  0  0 -1 -1
  1  0  0  0  0  0
  0  0  0  0 -1  0
2-1;1;1;1;1 1 37
2 
#1 
6	% 
 -1  0 0 0  1 0
  0  0 0 0 -1 0
  0 -1 1 0  0 0
  1 -1 0 1  0 0
  1 -1 0 0  0 0
  0  1 0 0  0 1
1,1;1;1;1;1 1 32
12 
#2 
6	% 
 -1  0 -1 -2  1 -1
 -1  0  0  1 -1 -1
  0 -1  0  0  0 -1
  0  0  0 -1  0  0
  0  0  0  1 -1  0
  1  0  0  0  0  0
6	% 
  1  0  1  1  1  2
  0  1 -1 -1  0 -1
  0  0  1  0  0  0
  1 -1  1  1  1  2
 -1  1 -2 -2  0 -2
  0  0  1  0 -1  0
1,1;1;1;1;1 1 34
3 
#2 
6	% 
 -1 0 -1  0  0 -1
  0 1  0 -1  1  1
  0 0  0  1  0  0
  0 0  0 -1  1  0
 -1 0  0  1 -1 -1
 -1 0  0  1  0  0
6	% 
  0  0 0  1 -1 0
 -1  1 0 -1  0 0
  1  0 0  1  1 1
  0  1 0 -1 -1 0
  1 -1 1  2  1 1
  0  0 0  1  1 1
1;1;1;1;1;1 1 23
1 
#1 
6	% 
  1 -1 0  0  0 0
  1  0 0  0 -1 0
 -1  0 1  0  0 0
 -1  0 0  0  0 0
  2  0 0  0  0 1
  1  0 0 -1  0 0
1;1;1;1;1;1 1 45
1 
#1 
6	% 
  0 0 -1 -1 0 -1
  0 1  0 -1 0  0
  0 0  0  1 0  1
 -1 1 -1 -1 0 -1
  0 0  1  1 1  2
  0 0 -1  0 0 -1
1,1;1;1;1;1 1 57
1 
#1 
6	% 
  1  0  1  2 -2  0
 -1  0 -3 -2  2 -1
  1 -1  0  1  0  0
 -1  1  1 -1  1  1
  0  0 -1  0  0 -1
  0  0 -1  1  0  0
1,1;1;1;1;1 1 54
8 
#1 
6	% 
 -1  0 -2 -3  3  0
  0 -1  2  3 -3 -1
  1 -1  2  2 -2  0
  0  0  1  1 -2 -1
  0  0  1  2 -2  0
  0  0 -1 -2  1  0
