#17

1;1;1;1;1;1 1 38
1 
#1 
6	% 
 1 0 0 0 0 0
 0 1 0 0 0 0
 0 0 1 0 0 0
 0 0 0 1 0 0
 0 0 0 0 1 0
 0 0 0 0 0 1
1,1,1,1,1,1 1 1
1 
#1 
6	% 
 1 0 0 0 0 0
 0 1 0 0 0 0
 0 0 1 0 0 0
 0 0 0 1 0 0
 0 0 0 0 1 0
 0 0 0 0 0 1
1,1,1,1,1;1 1 2
5 
#1 
6	% 
  0  0  1 1  0  1
  0 -1  0 0  0  0
 -1 -1  1 0  0  0
  0  0  1 0  0  1
  0  1 -1 0 -1 -1
  0 -1  1 0 -1  0
1,1,1,1,1;1 1 1
1 
#1 
6	% 
 0  0  0  0 -1  0
 0 -1 -1  0 -1 -1
 0 -1  0 -1 -1 -1
 0  0 -1 -1  0 -1
 0  1  1  1  1  1
 1  0  0  0  0  0
1,1,1,1;1,1 1 2
15 
#2 
6	% 
  1  1  1  0 0  1
  1  0  1  0 0  1
  1  1  0  0 0  1
  0  0  0 -1 1  0
 -1 -1 -1  1 0 -1
  1  1  1  1 0  2
6	% 
 0  1  1  1 0  1
 0  1  0  1 0  1
 0  0  1  1 0  1
 1  0  0  0 0  0
 0 -1 -1 -1 1 -1
 0  1  1  1 1  2
1,1,1;1,1,1 1 2
10 
#1 
6	% 
  0 0  0  0  1  0
  0 0  0 -1 -1 -1
 -1 0  0  0  0  0
  0 1 -1  0  0  0
  1 0  1  0  0  1
  1 0  1  0  0  0
1,1,1,1;1;1 1 6
10 
#1 
6	% 
  0 0 0  1  0 0
  1 0 0  0  0 0
  1 0 1  1  0 1
 -1 1 0 -1  0 0
  1 0 0  1 -1 0
  0 1 0  0  1 1
1,1,1;1,1;1 1 6
50 
#2 
6	% 
 -2 0 0 0 0 -1
 -1 0 0 0 0 -1
  2 0 1 0 0  2
 -1 0 0 1 0  0
  0 1 0 1 0  1
 -1 0 0 0 1  0
6	% 
  0 0 0  2 0  1
  0 1 0  1 0  1
  0 0 1 -3 0 -1
 -1 0 0  1 0  0
 -1 0 0  0 0 -1
  0 0 0  1 1  1
1,1,1,1;1;1 1 2
5 
#1 
6	% 
 0  1  1  1  0  1
 0  1  1  0  0  1
 0  1  0  1  0  1
 1  0  0  0  0  0
 0 -1 -1 -1 -1 -2
 0  1  1  1 -1  1
1,1,1;1,1;1 1 3
10 
#1 
6	% 
 0  0  2  0  0  1
 0 -1  1  0  0  0
 0  1 -2  0  0 -1
 0  0  1  0 -1  0
 0  0  0 -1 -1 -1
 1  0  0  0  0  0
1,1,1;1;1;1 1 18
10 
#1 
6	% 
 1  0 0  0  0  0
 0  0 1  0  0  0
 0  0 0  0  0  1
 0 -1 0  0  0 -1
 0  0 0 -1  0 -1
 0  0 0  0 -1 -1
1,1;1,1;1;1 1 32
30 
#1 
6	% 
  0 1  1  0 0  1
  1 0  0  0 0  0
  0 0 -1  0 1  0
 -1 0 -1  0 0 -1
 -1 0  0  0 1  0
  0 0  0 -1 1  0
1,1;1,1;1,1 1 8
15 
#1 
6	% 
  0 0  0 1  1  1
  0 1  1 0  0  1
 -1 0  0 0  0 -1
  1 0  1 0  0  1
  1 0  0 0  1  1
  0 0 -1 0 -1 -1
1,1,1;1;1;1 1 11
10 
#1 
6	% 
 0 1  0  0  0  0
 0 1 -1  0  0  0
 1 0  0  0  0  0
 0 0  0 -1 -1 -1
 0 1 -1  0 -1 -1
 0 1 -1 -1  0 -1
1,1;1,1;1;1 1 18
15 
#1 
6	% 
 0 -1 0  0  0 -1
 0  0 1  1  0  1
 1  0 0  0  0  0
 0  0 0  1 -1  0
 0 -1 0  0 -1 -1
 0  1 0 -1  0  0
1,1;1;1;1;1 1 53
5 
#1 
6	% 
 -3 0 0 0 0 -2
  1 1 0 0 0  1
 -1 0 1 0 0  0
 -1 0 0 1 0  0
 -1 0 0 0 1  0
  2 0 0 0 0  1
1,1;1;1;1;1 1 44
10 
#1 
6	% 
 0 0 -3 0 0 -1
 1 0  0 0 0  0
 0 0  2 0 0  1
 0 1 -1 0 0  0
 0 0 -1 1 0  0
 0 0  1 0 1  1
