#7

1,1,1;1;1;1 1 6
1 
#1 
6	% 
 1 0 0 0 0 0
 0 1 0 0 0 0
 0 0 1 0 0 0
 0 0 0 1 0 0
 0 0 0 0 1 0
 0 0 0 0 0 1
1,1,1,1,1,1 1 1
1 
#1 
6	% 
 1 0 0 0 0 0
 0 1 0 0 0 0
 0 0 1 0 0 0
 0 0 0 1 0 0
 0 0 0 0 1 0
 0 0 0 0 0 1
1,1,1;1,1,1 1 1
1 
#1 
6	% 
  0 -1 -1  0  0  0
 -1  0 -1  0  0  0
  1  1  1  0  0  0
  0  0  0  0 -1 -1
  0  0  0 -1  0 -1
  0  0  0  1  1  1
1,1,1,1,1;1 1 2
3 
#1 
6	% 
 -1  0  0 -1 -1 -1
  0  1  0  0  0  0
 -1  0 -1 -1 -1 -1
  0  1  1  0  1 -1
  1 -1  0  1  0  1
 -1  1  0  0  0 -1
1,1,1,1;1,1 1 2
3 
#1 
6	% 
  1  1  1  1  0 0
  1  0  1  1  0 0
  1  1  0  1  0 0
  0  0  0  0 -1 1
 -1 -1 -1 -1  1 0
  1  1  1  2  1 0
1,1,1;1,1;1 1 4
3 
#1 
6	% 
  0 -1 -1  0  0  0
 -1  0 -1  0  0  0
  1  1  1  0  0  0
  0  0  0  0 -1  0
  0  0  0 -1 -1 -1
  0  0  0  0 -1  1
1,1,1,1;1;1 1 4
3 
#1 
6	% 
  1 0 0 0  0  0
  0 1 0 0  0  0
 -3 0 1 0 -1  1
  2 0 0 0  1 -1
 -1 0 0 1  0  1
 -1 0 0 0  0  1
