49
1,1;1,1;1;1 1 37
1,1;1;1;1;1 1 50
1,1;1;1;1;1 1 52
1;1;1;1;1;1 1 33
1;1;1;1;1;1 1 34
1;1;1;1;1;1 1 36
2-1,2-1;1;1 1 5
2-1,2-1;2-1 3 3
2-1;1,1;1;1 1 29
2-1;1,1;1;1 1 30
2-1;1;1;1;1 1 26
2-1;1;1;1;1 1 28
2-1;1;1;1;1 1 31
2-1;1;1;1;1 1 32
2-1;1;1;1;1 1 43
2-1;1;1;1;1 1 46
2-1;2-1;1,1 1 8
2-1;2-1;1;1 1 14
2-1;2-1;1;1 1 16
2-1;2-1;1;1 1 17
2-1;2-1;1;1 1 28
2-1;2-1;1;1 1 30
2-1;2-1;1;1 1 31
2-1;2-1;2-1 1 10
2-1;2-1;2-1 1 11
2-1;2-1;2-1 1 3
2-1;2-1;2-1 1 9
3;1;1;1 1 13
3;1;1;1 1 14
3;1;1;1 1 22
3;1;1;1 2 12
3;1;1;1 3 4
3;2-1;1 1 10
3;2-1;1 1 4
3;2-1;1 1 5
3;2-1;1 2 6
3;2-1;1 3 2
3;3 1 1
3;3 2 2
3;3 3 1
3;3 6 1
3;3 6 2
4-1;1;1 1 5
4-1;1;1 1 6
4-1;2-1 1 2
4-1;2-1 1 3
6-1 2 1
6-1 4 1
6-1 5 1
