71
1,1;1,1;1;1 1 21
1,1;1;1;1;1 1 13
1,1;1;1;1;1 1 23
1;1;1;1;1;1 1 12
1;1;1;1;1;1 1 15
1;1;1;1;1;1 1 16
1;1;1;1;1;1 1 32
1;1;1;1;1;1 1 9
2-1,2-1;1;1 2 5
2-1,2-1;1;1 2 6
2-1,2-1;2-1 2 2
2-1,2-1;2-1 2 3
2-1;1,1;1,1 1 8
2-1;1,1;1;1 1 19
2-1;1,1;1;1 1 22
2-1;1;1;1;1 1 13
2-1;1;1;1;1 1 15
2-1;1;1;1;1 1 19
2-1;1;1;1;1 1 20
2-1;1;1;1;1 1 21
2-1;1;1;1;1 1 24
2-1;1;1;1;1 1 40
2-1;1;1;1;1 1 7
2-1;1;1;1;1 1 8
2-1;2-1;1;1 1 10
2-1;2-1;1;1 1 13
2-1;2-1;1;1 1 16
2-1;2-1;1;1 1 17
2-1;2-1;1;1 1 19
2-1;2-1;1;1 1 6
2-1;2-1;1;1 1 7
2-1;2-1;1;1 1 8
2-1;2-1;2-1 1 2
2-1;2-1;2-1 1 3
2-1;2-1;2-1 1 4
2-1;2-1;2-1 1 6
2-2;1;1;1;1 1 10
2-2;1;1;1;1 1 4
2-2;2-1;1;1 1 4
2-2;2-1;1;1 1 9
2-2;2-1;2-1 1 2
3;1,1;1 2 6
3;1;1;1 1 6
3;1;1;1 1 9
3;1;1;1 2 11
3;1;1;1 2 6
3;1;1;1 2 7
3;1;1;1 2 9
3;2-1;1 1 5
3;2-1;1 1 7
3;2-1;1 2 3
3;2-1;1 2 5
3;2-1;1 2 6
3;2-2;1 2 3
3;2-2;1 2 7
3;3 2 2
3;3 4 2
3;3 4 3
4-1';1;1 1 4
4-1';2-1 1 2
4-1;1;1 1 4
4-1;1;1 1 5
4-1;1;1 2 3
4-1;1;1 2 4
4-1;2-1 1 2
4-1;2-1 2 1
4-1;2-1 2 2
4-1;2-2 2 1
5-1;1 1 2
6-1 2 1
6-1 3 1
