391
1,1,1;1,1,1 1 2
1,1,1;1,1;1 1 2
1,1,1;1,1;1 1 3
1,1,1;1,1;1 1 5
1,1,1;1,1;1 1 6
1,1,1;1,1;1 1 9
1,1,1;1;1;1 1 10
1,1,1;1;1;1 1 11
1,1,1;1;1;1 1 12
1,1,1;1;1;1 1 13
1,1,1;1;1;1 1 18
1,1,1;1;1;1 1 2
1,1,1;1;1;1 1 3
1,1,1;1;1;1 1 4
1,1;1,1;1;1 1 10
1,1;1,1;1;1 1 11
1,1;1,1;1;1 1 12
1,1;1,1;1;1 1 16
1,1;1,1;1;1 1 18
1,1;1,1;1;1 1 2
1,1;1,1;1;1 1 24
1,1;1,1;1;1 1 25
1,1;1,1;1;1 1 3
1,1;1,1;1;1 1 32
1,1;1,1;1;1 1 4
1,1;1,1;1;1 1 5
1,1;1,1;1;1 1 6
1,1;1,1;1;1 1 7
1,1;1,1;1;1 1 9
1,1;1;1;1;1 1 11
1,1;1;1;1;1 1 12
1,1;1;1;1;1 1 13
1,1;1;1;1;1 1 14
1,1;1;1;1;1 1 15
1,1;1;1;1;1 1 16
1,1;1;1;1;1 1 17
1,1;1;1;1;1 1 18
1,1;1;1;1;1 1 2
1,1;1;1;1;1 1 21
1,1;1;1;1;1 1 24
1,1;1;1;1;1 1 25
1,1;1;1;1;1 1 26
1,1;1;1;1;1 1 27
1,1;1;1;1;1 1 28
1,1;1;1;1;1 1 29
1,1;1;1;1;1 1 3
1,1;1;1;1;1 1 30
1,1;1;1;1;1 1 35
1,1;1;1;1;1 1 39
1,1;1;1;1;1 1 4
1,1;1;1;1;1 1 40
1,1;1;1;1;1 1 42
1,1;1;1;1;1 1 43
1,1;1;1;1;1 1 44
1,1;1;1;1;1 1 45
1,1;1;1;1;1 1 5
1,1;1;1;1;1 1 51
1,1;1;1;1;1 1 53
1,1;1;1;1;1 1 6
1,1;1;1;1;1 1 7
1,1;1;1;1;1 1 8
1,1;1;1;1;1 1 9
1;1;1;1;1;1 1 10
1;1;1;1;1;1 1 11
1;1;1;1;1;1 1 12
1;1;1;1;1;1 1 14
1;1;1;1;1;1 1 15
1;1;1;1;1;1 1 17
1;1;1;1;1;1 1 18
1;1;1;1;1;1 1 19
1;1;1;1;1;1 1 2
1;1;1;1;1;1 1 20
1;1;1;1;1;1 1 21
1;1;1;1;1;1 1 22
1;1;1;1;1;1 1 24
1;1;1;1;1;1 1 25
1;1;1;1;1;1 1 27
1;1;1;1;1;1 1 28
1;1;1;1;1;1 1 29
1;1;1;1;1;1 1 3
1;1;1;1;1;1 1 34
1;1;1;1;1;1 1 35
1;1;1;1;1;1 1 37
1;1;1;1;1;1 1 38
1;1;1;1;1;1 1 4
1;1;1;1;1;1 1 46
1;1;1;1;1;1 1 5
1;1;1;1;1;1 1 6
1;1;1;1;1;1 1 7
1;1;1;1;1;1 1 8
1;1;1;1;1;1 1 9
2-1,2-1,2-1 2 1
2-1,2-1;1;1 1 2
2-1,2-1;1;1 1 3
2-1,2-1;1;1 1 4
2-1,2-1;1;1 2 1
2-1,2-1;1;1 2 2
2-1,2-1;1;1 2 8
2-1,2-1;2-1 1 1
2-1,2-1;2-1 1 2
2-1,2-1;2-1 2 1
2-1,2-1;2-1 2 2
2-1,2-1;2-1 2 4
2-1;1,1,1;1 1 2
2-1;1,1,1;1 1 4
2-1;1,1,1;1 1 5
2-1;1,1,1;1 1 7
2-1;1,1;1,1 1 1
2-1;1,1;1,1 1 2
2-1;1,1;1,1 1 3
2-1;1,1;1,1 1 4
2-1;1,1;1,1 1 6
2-1;1,1;1;1 1 1
2-1;1,1;1;1 1 10
2-1;1,1;1;1 1 11
2-1;1,1;1;1 1 13
2-1;1,1;1;1 1 14
2-1;1,1;1;1 1 16
2-1;1,1;1;1 1 17
2-1;1,1;1;1 1 18
2-1;1,1;1;1 1 19
2-1;1,1;1;1 1 2
2-1;1,1;1;1 1 20
2-1;1,1;1;1 1 21
2-1;1,1;1;1 1 23
2-1;1,1;1;1 1 26
2-1;1,1;1;1 1 28
2-1;1,1;1;1 1 3
2-1;1,1;1;1 1 31
2-1;1,1;1;1 1 4
2-1;1,1;1;1 1 5
2-1;1,1;1;1 1 6
2-1;1,1;1;1 1 7
2-1;1,1;1;1 1 8
2-1;1,1;1;1 1 9
2-1;1;1;1;1 1 1
2-1;1;1;1;1 1 11
2-1;1;1;1;1 1 12
2-1;1;1;1;1 1 13
2-1;1;1;1;1 1 14
2-1;1;1;1;1 1 15
2-1;1;1;1;1 1 16
2-1;1;1;1;1 1 17
2-1;1;1;1;1 1 18
2-1;1;1;1;1 1 19
2-1;1;1;1;1 1 2
2-1;1;1;1;1 1 20
2-1;1;1;1;1 1 21
2-1;1;1;1;1 1 22
2-1;1;1;1;1 1 25
2-1;1;1;1;1 1 27
2-1;1;1;1;1 1 28
2-1;1;1;1;1 1 29
2-1;1;1;1;1 1 3
2-1;1;1;1;1 1 30
2-1;1;1;1;1 1 31
2-1;1;1;1;1 1 32
2-1;1;1;1;1 1 35
2-1;1;1;1;1 1 4
2-1;1;1;1;1 1 42
2-1;1;1;1;1 1 5
2-1;1;1;1;1 1 6
2-1;1;1;1;1 1 7
2-1;1;1;1;1 1 8
2-1;1;1;1;1 1 9
2-1;2-1;1,1 1 1
2-1;2-1;1,1 1 2
2-1;2-1;1,1 1 3
2-1;2-1;1,1 1 4
2-1;2-1;1,1 1 5
2-1;2-1;1,1 1 6
2-1;2-1;1;1 1 1
2-1;2-1;1;1 1 10
2-1;2-1;1;1 1 11
2-1;2-1;1;1 1 12
2-1;2-1;1;1 1 15
2-1;2-1;1;1 1 16
2-1;2-1;1;1 1 17
2-1;2-1;1;1 1 18
2-1;2-1;1;1 1 2
2-1;2-1;1;1 1 21
2-1;2-1;1;1 1 22
2-1;2-1;1;1 1 23
2-1;2-1;1;1 1 24
2-1;2-1;1;1 1 26
2-1;2-1;1;1 1 3
2-1;2-1;1;1 1 4
2-1;2-1;1;1 1 5
2-1;2-1;1;1 1 6
2-1;2-1;1;1 1 7
2-1;2-1;1;1 1 8
2-1;2-1;1;1 1 9
2-1;2-1;2-1 1 1
2-1;2-1;2-1 1 2
2-1;2-1;2-1 1 3
2-1;2-1;2-1 1 4
2-1;2-1;2-1 1 5
2-1;2-1;2-1 1 6
2-1;2-1;2-1 1 9
2-2;1,1,1;1 1 2
2-2;1,1,1;1 1 6
2-2;1,1;1,1 1 1
2-2;1,1;1,1 1 3
2-2;1,1;1;1 1 1
2-2;1,1;1;1 1 10
2-2;1,1;1;1 1 12
2-2;1,1;1;1 1 13
2-2;1,1;1;1 1 14
2-2;1,1;1;1 1 15
2-2;1,1;1;1 1 18
2-2;1,1;1;1 1 19
2-2;1,1;1;1 1 2
2-2;1,1;1;1 1 3
2-2;1,1;1;1 1 4
2-2;1,1;1;1 1 5
2-2;1,1;1;1 1 6
2-2;1,1;1;1 1 8
2-2;1;1;1;1 1 1
2-2;1;1;1;1 1 10
2-2;1;1;1;1 1 11
2-2;1;1;1;1 1 12
2-2;1;1;1;1 1 13
2-2;1;1;1;1 1 14
2-2;1;1;1;1 1 15
2-2;1;1;1;1 1 16
2-2;1;1;1;1 1 18
2-2;1;1;1;1 1 19
2-2;1;1;1;1 1 2
2-2;1;1;1;1 1 21
2-2;1;1;1;1 1 3
2-2;1;1;1;1 1 4
2-2;1;1;1;1 1 5
2-2;1;1;1;1 1 6
2-2;1;1;1;1 1 7
2-2;1;1;1;1 1 8
2-2;2-1,2-1 1 1
2-2;2-1;1,1 1 1
2-2;2-1;1,1 1 2
2-2;2-1;1,1 1 3
2-2;2-1;1;1 1 1
2-2;2-1;1;1 1 10
2-2;2-1;1;1 1 11
2-2;2-1;1;1 1 12
2-2;2-1;1;1 1 2
2-2;2-1;1;1 1 3
2-2;2-1;1;1 1 4
2-2;2-1;1;1 1 5
2-2;2-1;1;1 1 6
2-2;2-1;1;1 1 8
2-2;2-1;1;1 1 9
2-2;2-1;2-1 1 1
2-2;2-1;2-1 1 2
2-2;2-1;2-1 1 3
2-2;2-2;1,1 1 1
2-2;2-2;1,1 1 2
2-2;2-2;1,1 1 3
2-2;2-2;1;1 1 1
2-2;2-2;1;1 1 14
2-2;2-2;1;1 1 2
2-2;2-2;1;1 1 3
2-2;2-2;1;1 1 4
2-2;2-2;1;1 1 6
2-2;2-2;1;1 1 7
2-2;2-2;2-1 1 1
2-2;2-2;2-1 1 2
2-2;2-2;2-2 1 1
2-2;2-2;2-2 1 2
3;1,1,1 1 2
3;1,1,1 2 2
3;1,1;1 1 1
3;1,1;1 1 12
3;1,1;1 1 2
3;1,1;1 1 3
3;1,1;1 1 5
3;1,1;1 1 8
3;1,1;1 1 9
3;1,1;1 2 1
3;1,1;1 2 2
3;1,1;1 2 3
3;1,1;1 2 4
3;1,1;1 2 5
3;1,1;1 2 6
3;1,1;1 2 7
3;1,1;1 3 1
3;1;1;1 1 1
3;1;1;1 1 10
3;1;1;1 1 11
3;1;1;1 1 12
3;1;1;1 1 14
3;1;1;1 1 17
3;1;1;1 1 2
3;1;1;1 1 21
3;1;1;1 1 3
3;1;1;1 1 4
3;1;1;1 1 6
3;1;1;1 1 7
3;1;1;1 2 1
3;1;1;1 2 10
3;1;1;1 2 11
3;1;1;1 2 12
3;1;1;1 2 2
3;1;1;1 2 3
3;1;1;1 2 4
3;1;1;1 2 5
3;1;1;1 2 6
3;1;1;1 2 7
3;1;1;1 2 8
3;1;1;1 2 9
3;1;1;1 3 1
3;1;1;1 3 2
3;2-1;1 1 1
3;2-1;1 1 2
3;2-1;1 1 3
3;2-1;1 1 5
3;2-1;1 1 6
3;2-1;1 1 8
3;2-1;1 2 1
3;2-1;1 2 2
3;2-1;1 2 3
3;2-1;1 2 4
3;2-1;1 2 5
3;2-1;1 2 6
3;2-1;1 3 1
3;2-2;1 1 1
3;2-2;1 1 2
3;2-2;1 1 4
3;2-2;1 1 5
3;2-2;1 2 1
3;2-2;1 2 3
3;2-2;1 2 4
3;2-2;1 2 7
3;2-2;1 3 1
3;3 1 2
3;3 2 1
3;3 2 2
3;3 4 1
3;3 4 2
3;3 4 4
3;3 5 1
4-1';1;1 1 1
4-1';2-1 1 1
4-1;1,1 1 1
4-1;1,1 1 2
4-1;1,1 2 1
4-1;1,1 2 2
4-1;1;1 1 1
4-1;1;1 1 2
4-1;1;1 1 3
4-1;1;1 1 4
4-1;1;1 1 5
4-1;1;1 2 1
4-1;1;1 2 2
4-1;1;1 2 3
4-1;1;1 2 4
4-1;1;1 2 6
4-1;2-1 1 1
4-1;2-1 1 2
4-1;2-1 2 1
4-1;2-1 2 2
4-1;2-2 1 1
4-1;2-2 2 1
4-2;1,1 1 1
4-2;1,1 2 1
4-2;1;1 1 1
4-2;1;1 1 2
4-2;1;1 2 1
4-2;1;1 2 2
4-2;2-1 1 1
4-2;2-1 1 3
4-2;2-1 2 1
4-2;2-2 1 1
4-2;2-2 2 1
4-3;1,1 1 1
4-3;1,1 2 1
4-3;1;1 1 1
4-3;1;1 1 2
4-3;1;1 2 1
4-3;1;1 2 2
4-3;2-1 1 1
4-3;2-1 2 1
4-3;2-2 1 1
4-3;2-2 2 1
5-1;1 1 1
5-1;1 1 2
5-1;1 2 1
5-1;1 3 1
5-1;1 3 2
6-1 1 1
6-1 2 1
6-1 3 1
6-2 1 1
