55
2-1',2-1';1,1 1 3
2-1',2-1';1;1 1 5
2-1,2-1;1,1 1 3
2-1,2-1;1,1 2 4
2-1,2-1;1;1 1 5
2-1,2-1;1;1 2 7
2-1,2-1;1;1 2 9
2-1,2-1;1;1 3 7
2-1,2-1;2-1 3 4
2-1;2-1;1,1 1 10
2-1;2-1;1,1 1 8
2-1;2-1;1;1 1 14
2-1;2-1;1;1 1 16
2-1;2-1;1;1 1 25
2-1;2-1;1;1 1 27
2-1;2-1;1;1 1 29
2-1;2-1;1;1 1 32
2-1;2-1;2-1 1 10
2-1;2-1;2-1 1 8
3,3 1 1
3,3 3 1
3,3 6 1
3;2-1;1 1 4
3;2-1;1 1 5
3;2-1;1 1 9
3;2-1;1 2 6
3;2-1;1 3 2
3;3 1 1
3;3 1 3
3;3 1 4
3;3 2 2
3;3 3 1
3;3 5 2
3;3 6 1
3;3 6 4
4-1';1;1 1 6
4-1';2-1 1 3
4-1;1,1 2 3
4-1;1;1 1 6
4-1;1;1 2 5
4-1;1;1 2 7
4-1;2-1 1 3
4-1;2-1 2 3
4-1;2-2 2 2
4-2';2-2 1 2
4-2;2-2 1 3
5-1;1 3 3
6-1 4 1
6-1 5 1
6-1 6 1
6-2 2 1
6-2 3 1
6-2 4 1
6-2 5 1
6-3 3 1
