42
1,1;1;1;1;1 1 38
1;1;1;1;1;1 1 24
1;1;1;1;1;1 1 26
1;1;1;1;1;1 1 33
2-1;1,1;1;1 1 15
2-1;1;1;1;1 1 10
2-1;1;1;1;1 1 16
2-1;1;1;1;1 1 26
2-1;1;1;1;1 1 9
2-1;2-1;1;1 1 14
2-1;2-1;1;1 1 3
2-1;2-1;2-1 1 11
2-2;1;1;1;1 1 12
2-2;1;1;1;1 1 17
2-2;2-1;1;1 1 2
2-2;2-1;1;1 1 7
3;1,1;1 1 4
3;1,1;1 3 2
3;1;1;1 1 13
3;1;1;1 1 3
3;1;1;1 1 5
3;1;1;1 2 10
3;1;1;1 3 2
3;1;1;1 3 3
3;1;1;1 3 4
3;2-1;1 1 1
3;2-1;1 1 4
3;2-1;1 2 4
3;2-1;1 3 1
3;2-1;1 3 2
3;2-2;1 1 1
3;2-2;1 1 3
3;2-2;1 3 1
3;2-2;1 3 3
3;3 1 1
3;3 2 1
3;3 3 1
3;3 5 1
3;3 6 1
4-1;2-1 1 3
6-1 4 1
6-1 5 1
