44
2-1;1,1;1;1 1 26
2-1;1;1;1;1 1 22
2-1;1;1;1;1 1 35
2-1;2-1;1,1 1 6
2-1;2-1;1;1 1 11
2-1;2-1;1;1 1 18
2-1;2-1;1;1 1 21
2-1;2-1;2-1 1 5
2-2;2-1;1;1 1 11
2-2;2-1;2-1 1 3
3;1,1;1 1 12
3;1;1;1 1 17
3;1;1;1 1 7
3;2-1;1 1 6
3;2-2;1 1 4
3;3 4 4
4-1;1,1 1 1
4-1;1;1 1 1
4-1;1;1 1 3
4-1;2-1 1 1
4-1;2-2 1 1
4-2;1,1 1 1
4-2;1,1 2 1
4-2;1;1 1 1
4-2;1;1 1 2
4-2;1;1 2 1
4-2;1;1 2 2
4-2;2-1 1 1
4-2;2-1 2 1
4-2;2-2 1 1
4-2;2-2 2 1
4-3;1,1 1 1
4-3;1,1 2 1
4-3;1;1 1 1
4-3;1;1 1 2
4-3;1;1 2 1
4-3;1;1 2 2
4-3;2-1 1 1
4-3;2-1 2 1
4-3;2-2 1 1
4-3;2-2 2 1
5-1;1 1 1
6-1 1 1
6-2 1 1
