35
1,1;1;1;1;1 1 27
1;1;1;1;1;1 1 10
1;1;1;1;1;1 1 19
2-1;1,1;1;1 1 16
2-1;1,1;1;1 1 7
2-1;1;1;1;1 1 11
2-1;1;1;1;1 1 15
2-1;1;1;1;1 1 17
2-1;1;1;1;1 1 25
2-1;1;1;1;1 1 4
2-1;2-1;1,1 1 2
2-1;2-1;1;1 1 15
2-1;2-1;1;1 1 2
2-1;2-1;1;1 1 6
2-1;2-1;1;1 1 8
2-1;2-1;2-1 1 2
2-2;1;1;1;1 1 13
2-2;2-1;1;1 1 10
2-2;2-1;1;1 1 4
2-2;2-1;2-1 1 2
3;1,1;1 1 3
3;1,1;1 2 3
3;1;1;1 1 11
3;1;1;1 1 2
3;1;1;1 2 2
3;1;1;1 2 7
3;2-1;1 1 3
3;2-1;1 2 3
3;2-2;1 1 2
3;2-2;1 2 3
4-1;1,1 2 1
4-1;1;1 2 1
4-1;1;1 2 3
4-1;2-1 2 1
4-1;2-2 2 1
