51
1,1;1,1;1;1 1 29
1,1;1;1;1;1 1 32
1,1;1;1;1;1 1 37
1;1;1;1;1;1 1 21
1;1;1;1;1;1 1 23
1;1;1;1;1;1 1 26
1;1;1;1;1;1 1 28
1;1;1;1;1;1 1 40
2-1,2-1;1;1 2 7
2-1,2-1;1;1 2 9
2-1;1,1;1;1 1 12
2-1;1,1;1;1 1 29
2-1;1;1;1;1 1 10
2-1;1;1;1;1 1 13
2-1;1;1;1;1 1 21
2-1;1;1;1;1 1 26
2-1;1;1;1;1 1 28
2-1;1;1;1;1 1 32
2-1;1;1;1;1 1 34
2-1;2-1;1,1 1 8
2-1;2-1;1;1 1 14
2-1;2-1;1;1 1 16
2-1;2-1;1;1 1 25
2-1;2-1;1;1 1 27
2-1;2-1;2-1 1 8
3;1;1;1 1 13
3;1;1;1 1 14
3;1;1;1 1 16
3;1;1;1 1 5
3;1;1;1 1 6
3;1;1;1 2 12
3;1;1;1 2 9
3;1;1;1 3 3
3;1;1;1 3 4
3;2-1;1 1 4
3;2-1;1 1 5
3;2-1;1 2 6
3;2-1;1 3 2
3;3 1 1
3;3 2 2
3;3 3 1
3;3 5 2
3;3 6 1
4-1';2-1 1 3
4-1;1;1 1 6
4-1;1;1 2 5
4-1;2-1 1 3
4-1;2-1 2 3
6-1 4 1
6-1 5 1
6-1 6 1
