66
1,1;1,1;1,1 1 7
1,1;1,1;1;1 1 14
1,1;1;1;1;1 1 20
1,1;1;1;1;1 1 23
1;1;1;1;1;1 1 13
1;1;1;1;1;1 1 15
1;1;1;1;1;1 1 16
1;1;1;1;1;1 1 43
2-1,2-1;1,1 1 3
2-1,2-1;1;1 1 5
2-1,2-1;1;1 1 8
2-1,2-1;2-1 1 4
2-1;1,1;1;1 1 12
2-1;1,1;1;1 1 22
2-1;1;1;1;1 1 10
2-1;1;1;1;1 1 13
2-1;1;1;1;1 1 20
2-1;1;1;1;1 1 21
2-1;1;1;1;1 1 24
2-1;1;1;1;1 1 41
2-1;2-1;1,1 1 8
2-1;2-1;1;1 1 10
2-1;2-1;1;1 1 13
2-1;2-1;1;1 1 14
2-1;2-1;1;1 1 16
2-1;2-1;1;1 1 19
2-1;2-1;1;1 1 20
2-1;2-1;1;1 1 32
2-1;2-1;2-1 1 10
2-1;2-1;2-1 1 4
2-1;2-1;2-1 1 6
2-1;2-1;2-1 1 7
2-2;2-2;2-2 1 5
3,3 1 1
3,3 6 1
3,3 7 1
3;1;1;1 1 5
3;1;1;1 1 6
3;1;1;1 1 9
3;1;1;1 2 9
3;1;1;1 3 3
3;2-1;1 1 4
3;2-1;1 1 5
3;2-1;1 1 7
3;2-1;1 2 6
3;2-1;1 3 2
3;3 1 1
3;3 1 4
3;3 2 2
3;3 3 1
3;3 4 3
3;3 4 5
3;3 6 1
3;3 6 4
4-1;1;1 1 6
4-1;1;1 2 4
4-1;2-1 1 3
4-1;2-1 2 2
4-2;2-2 1 3
6-1 3 1
6-1 4 1
6-1 5 1
6-2 4 1
6-2 5 1
6-4' 2 1
6-4 3 1
