99
1,1;1,1;1;1 1 36
1,1;1;1;1;1 1 46
1,1;1;1;1;1 1 47
1,1;1;1;1;1 1 55
1;1;1;1;1;1 1 30
1;1;1;1;1;1 1 31
1;1;1;1;1;1 1 32
1;1;1;1;1;1 1 39
1;1;1;1;1;1 1 40
1;1;1;1;1;1 1 48
2-1,2-1;1;1 2 11
2-1,2-1;2-1 2 4
2-1;1,1;1,1 1 9
2-1;1,1;1;1 1 24
2-1;1,1;1;1 1 25
2-1;1,1;1;1 1 33
2-1;1;1;1;1 1 22
2-1;1;1;1;1 1 23
2-1;1;1;1;1 1 24
2-1;1;1;1;1 1 33
2-1;1;1;1;1 1 34
2-1;1;1;1;1 1 39
2-1;1;1;1;1 1 40
2-1;1;1;1;1 1 43
2-1;1;1;1;1 1 44
2-1;2-1;1;1 1 11
2-1;2-1;1;1 1 12
2-1;2-1;1;1 1 13
2-1;2-1;1;1 1 18
2-1;2-1;1;1 1 19
2-1;2-1;1;1 1 24
2-1;2-1;1;1 1 25
2-1;2-1;1;1 1 28
2-1;2-1;1;1 1 30
2-1;2-1;2-1 1 5
2-1;2-1;2-1 1 6
2-1;2-1;2-1 1 9
2-2;2-2;1;1 1 10
2-2;2-2;1;1 1 15
2-2;2-2;1;1 1 9
2-2;2-2;2-1 1 3
3;1,1;1 1 10
3;1,1;1 1 6
3;1,1;1 1 7
3;1;1;1 1 15
3;1;1;1 1 16
3;1;1;1 1 22
3;1;1;1 1 7
3;1;1;1 1 8
3;1;1;1 1 9
3;2-1;1 1 10
3;2-1;1 1 6
3;2-1;1 1 7
3;2-2;1 2 2
3;2-2;1 2 6
3;2-2;1 3 2
3;2-2;1 3 4
3;3 4 3
3;3 5 2
3;3 6 2
3;3 6 3
4-1;1;1 1 1
4-1;1;1 1 2
4-1;1;1 1 5
4-1;1;1 2 2
4-1;1;1 2 4
4-1;1;1 2 5
4-1;2-1 1 1
4-1;2-1 1 2
4-1;2-1 2 2
4-1;2-1 2 3
4-2;1;1 1 1
4-2;1;1 1 3
4-2;1;1 1 5
4-2;1;1 2 1
4-2;1;1 2 3
4-2;2-1 1 1
4-2;2-1 1 3
4-2;2-1 2 1
4-3;1;1 1 1
4-3;1;1 1 3
4-3;1;1 1 4
4-3;1;1 2 1
4-3;2-1 1 1
4-3;2-1 2 1
5-1;1 1 1
5-1;1 2 1
5-1;1 3 1
5-2;1 1 1
5-2;1 1 3
5-2;1 2 1
5-2;1 3 1
5-2;1 3 2
5-2;1 4 1
6-1 1 1
6-1 2 1
6-1 3 1
6-1 6 1
6-4 1 1
