41
2-1,2-1;1,1 1 2
2-1,2-1;1;1 1 2
2-1,2-1;1;1 1 4
2-1,2-1;1;1 1 6
2-1,2-1;2-1 1 2
2-1;2-1;1,1 1 3
2-1;2-1;1,1 1 4
2-1;2-1;1,1 1 9
2-1;2-1;1;1 1 15
2-1;2-1;1;1 1 17
2-1;2-1;1;1 1 24
2-1;2-1;1;1 1 26
2-1;2-1;1;1 1 3
2-1;2-1;1;1 1 30
2-1;2-1;1;1 1 4
2-1;2-1;1;1 1 6
2-1;2-1;1;1 1 7
2-1;2-1;2-1 1 2
2-1;2-1;2-1 1 3
2-1;2-1;2-1 1 9
3,3 5 1
3;2-1;1 1 1
3;2-1;1 1 3
3;2-1;1 2 2
3;2-1;1 2 3
3;2-1;1 2 4
3;2-1;1 2 5
3;2-1;1 3 1
3;3 2 1
3;3 4 2
3;3 5 1
3;3 6 2
4-1;1,1 1 2
4-1;1;1 1 2
4-1;1;1 1 4
4-1;1;1 1 5
4-1;2-1 1 2
4-1;2-1 2 1
5-1;1 1 2
5-1;1 2 1
6-1 2 1
