69
2-1;1;1;1;1 1 4
2-1;1;1;1;1 1 40
2-1;1;1;1;1 1 41
2-1;1;1;1;1 1 42
2-1;1;1;1;1 1 43
2-1;1;1;1;1 1 44
2-1;1;1;1;1 1 45
2-1;1;1;1;1 1 46
2-1;2-1;1;1 1 19
2-1;2-1;1;1 1 2
2-1;2-1;1;1 1 20
2-1;2-1;1;1 1 22
2-1;2-1;1;1 1 28
2-1;2-1;1;1 1 28
2-1;2-1;1;1 1 29
2-1;2-1;1;1 1 30
2-1;2-1;1;1 1 31
2-1;2-1;1;1 1 6
2-1;2-1;2-1 1 10
2-1;2-1;2-1 1 10
2-1;2-1;2-1 1 11
2-1;2-1;2-1 1 2
2-1;2-1;2-1 1 4
2-1;2-1;2-1 1 6
2-1;2-1;2-1 1 7
2-1;2-1;2-1 1 8
2-1;2-1;2-1 1 9
2-1;2-1;2-1 1 9
3;1;1;1 1 21
3;1;1;1 1 22
3;1;1;1 1 23
3;1;1;1 2 2
3;2-1;1 1 10
3;2-1;1 1 10
3;2-1;1 1 7
3;2-1;1 1 8
3;2-1;1 1 9
3;2-1;1 2 3
3;3 1 2
3;3 1 3
3;3 6 2
4-1;1;1 1 5
4-1;1;1 1 6
4-1;1;1 1 6
4-1;1;1 2 1
4-1;1;1 2 6
4-1;1;1 2 7
4-1;2-1 1 2
4-1;2-1 1 2
4-1;2-1 1 3
4-1;2-1 1 3
4-1;2-1 2 1
4-1;2-1 2 2
4-1;2-1 2 2
4-1;2-1 2 3
4-1;2-2 2 2
5-1;1 3 2
5-1;1 3 3
6-1 2 1
6-1 2 1
6-1 3 1
6-1 3 1
6-1 4 1
6-1 4 1
6-1 5 1
6-1 5 1
6-1 6 1
6-2 2 1
6-2 3 1
