61
1,1,1;1;1;1 1 17
1,1;1;1;1;1 1 32
1,1;1;1;1;1 1 36
1,1;1;1;1;1 1 39
1,1;1;1;1;1 1 52
1;1;1;1;1;1 1 21
1;1;1;1;1;1 1 23
1;1;1;1;1;1 1 25
1;1;1;1;1;1 1 34
1;1;1;1;1;1 1 36
2-1;1,1;1;1 1 21
2-1;1,1;1;1 1 30
2-1;1,1;1;1 1 33
2-1;1;1;1;1 1 18
2-1;1;1;1;1 1 21
2-1;1;1;1;1 1 28
2-1;1;1;1;1 1 31
2-1;1;1;1;1 1 32
2-1;1;1;1;1 1 33
2-1;1;1;1;1 1 34
2-1;1;1;1;1 1 43
2-1;2-1;1;1 1 16
2-1;2-1;1;1 1 17
2-1;2-1;1;1 1 24
2-1;2-1;1;1 1 25
2-1;2-1;1;1 1 27
2-1;2-1;1;1 1 28
2-1;2-1;1;1 1 30
2-1;2-1;1;1 1 4
2-1;2-1;2-1 1 3
2-1;2-1;2-1 1 8
2-1;2-1;2-1 1 9
3;1,1;1 1 10
3;1,1;1 2 7
3;1;1;1 1 14
3;1;1;1 1 15
3;1;1;1 1 16
3;1;1;1 1 22
3;1;1;1 2 12
3;1;1;1 2 8
3;1;1;1 2 9
3;2-1;1 1 10
3;2-1;1 1 5
3;2-1;1 2 2
3;2-1;1 2 6
3;2-2;1 3 2
3;2-2;1 3 4
3;3 2 2
3;3 5 2
3;3 6 2
4-1;1;1 1 2
4-1;1;1 1 5
4-1;1;1 2 5
4-1;2-1 1 2
4-1;2-1 2 3
5-1;1 2 1
5-2;1 2 1
5-2;1 3 1
5-2;1 3 2
6-1 2 1
6-1 6 1
