54
1,1;1,1;1;1 1 32
1,1;1;1;1;1 1 42
1,1;1;1;1;1 1 44
1,1;1;1;1;1 1 53
1;1;1;1;1;1 1 22
1;1;1;1;1;1 1 27
1;1;1;1;1;1 1 29
1;1;1;1;1;1 1 37
1;1;1;1;1;1 1 38
1;1;1;1;1;1 1 46
2-1,2-1;1;1 2 8
2-1,2-1;2-1 2 2
2-1;1,1;1,1 1 6
2-1;1,1;1;1 1 13
2-1;1,1;1;1 1 14
2-1;1,1;1;1 1 31
2-1;1;1;1;1 1 11
2-1;1;1;1;1 1 12
2-1;1;1;1;1 1 20
2-1;1;1;1;1 1 27
2-1;1;1;1;1 1 29
2-1;1;1;1;1 1 30
2-1;1;1;1;1 1 42
2-1;2-1;1,1 1 5
2-1;2-1;1;1 1 10
2-1;2-1;1;1 1 15
2-1;2-1;1;1 1 2
2-1;2-1;1;1 1 22
2-1;2-1;1;1 1 23
2-1;2-1;1;1 1 9
2-1;2-1;2-1 1 2
2-1;2-1;2-1 1 4
2-1;2-1;2-1 1 6
3;1,1;1 1 2
3;1,1;1 1 8
3;1;1;1 1 10
3;1;1;1 1 12
3;1;1;1 1 2
3;1;1;1 1 21
3;1;1;1 1 4
3;2-1;1 1 2
3;2-1;1 1 3
3;2-1;1 1 8
3;3 1 2
4-1;1,1 2 2
4-1;1;1 2 1
4-1;1;1 2 2
4-1;1;1 2 4
4-1;1;1 2 6
4-1;2-1 2 1
4-1;2-1 2 2
5-1;1 3 1
5-1;1 3 2
6-1 3 1
