257
2-2',2-2';2-2 1 2
2-2,2-2;2-2 1 2
2-2,2-2;2-2 2 2
2-2;1,1,1,1 1 2
2-2;1,1,1;1 1 3
2-2;1,1,1;1 1 4
2-2;1,1,1;1 1 5
2-2;1,1,1;1 1 6
2-2;1,1;1,1 1 3
2-2;1,1;1,1 1 4
2-2;1,1;1,1 1 6
2-2;1,1;1;1 1 10
2-2;1,1;1;1 1 11
2-2;1,1;1;1 1 12
2-2;1,1;1;1 1 13
2-2;1,1;1;1 1 16
2-2;1,1;1;1 1 17
2-2;1,1;1;1 1 18
2-2;1,1;1;1 1 19
2-2;1,1;1;1 1 5
2-2;1,1;1;1 1 6
2-2;1,1;1;1 1 7
2-2;1,1;1;1 1 8
2-2;1,1;1;1 1 9
2-2;1;1;1;1 1 10
2-2;1;1;1;1 1 14
2-2;1;1;1;1 1 15
2-2;1;1;1;1 1 16
2-2;1;1;1;1 1 17
2-2;1;1;1;1 1 18
2-2;1;1;1;1 1 21
2-2;1;1;1;1 1 22
2-2;1;1;1;1 1 5
2-2;1;1;1;1 1 6
2-2;1;1;1;1 1 7
2-2;1;1;1;1 1 8
2-2;1;1;1;1 1 9
2-2;2-1;1,1 1 3
2-2;2-1;1,1 1 4
2-2;2-1;1;1 1 12
2-2;2-1;1;1 1 13
2-2;2-1;1;1 1 5
2-2;2-1;1;1 1 6
2-2;2-1;1;1 1 7
2-2;2-1;1;1 1 8
2-2;2-1;1;1 1 9
2-2;2-2;1,1 1 2
2-2;2-2;1,1 1 3
2-2;2-2;1,1 1 4
2-2;2-2;1,1 1 7
2-2;2-2;1,1 1 8
2-2;2-2;1;1 1 11
2-2;2-2;1;1 1 12
2-2;2-2;1;1 1 13
2-2;2-2;1;1 1 14
2-2;2-2;1;1 1 3
2-2;2-2;1;1 1 4
2-2;2-2;1;1 1 5
2-2;2-2;1;1 1 6
2-2;2-2;1;1 1 7
2-2;2-2;1;1 1 8
2-2;2-2;2-1 1 2
2-2;2-2;2-2 1 2
2-2;2-2;2-2 1 3
2-2;2-2;2-2 1 6
2-2;2-2;2-2 1 7
3;1,1,1 1 1
3;1,1,1 1 2
3;1,1,1 1 3
3;1,1,1 2 1
3;1,1,1 2 2
3;1,1,1 3 1
3;1,1;1 1 1
3;1,1;1 1 10
3;1,1;1 1 11
3;1,1;1 1 12
3;1,1;1 1 13
3;1,1;1 1 14
3;1,1;1 1 15
3;1,1;1 1 2
3;1,1;1 1 3
3;1,1;1 1 4
3;1,1;1 1 5
3;1,1;1 1 6
3;1,1;1 1 7
3;1,1;1 1 8
3;1,1;1 1 9
3;1,1;1 2 1
3;1,1;1 2 2
3;1,1;1 2 3
3;1,1;1 2 4
3;1,1;1 2 5
3;1,1;1 2 6
3;1,1;1 2 7
3;1,1;1 3 1
3;1,1;1 3 2
3;1;1;1 1 1
3;1;1;1 1 10
3;1;1;1 1 11
3;1;1;1 1 12
3;1;1;1 1 13
3;1;1;1 1 14
3;1;1;1 1 15
3;1;1;1 1 16
3;1;1;1 1 17
3;1;1;1 1 18
3;1;1;1 1 19
3;1;1;1 1 2
3;1;1;1 1 20
3;1;1;1 1 21
3;1;1;1 1 22
3;1;1;1 1 23
3;1;1;1 1 3
3;1;1;1 1 4
3;1;1;1 1 5
3;1;1;1 1 6
3;1;1;1 1 7
3;1;1;1 1 8
3;1;1;1 1 9
3;1;1;1 2 1
3;1;1;1 2 10
3;1;1;1 2 11
3;1;1;1 2 12
3;1;1;1 2 2
3;1;1;1 2 3
3;1;1;1 2 4
3;1;1;1 2 5
3;1;1;1 2 6
3;1;1;1 2 7
3;1;1;1 2 8
3;1;1;1 2 9
3;1;1;1 3 1
3;1;1;1 3 2
3;1;1;1 3 3
3;1;1;1 3 4
3;2-1;1 1 1
3;2-1;1 1 10
3;2-1;1 1 2
3;2-1;1 1 3
3;2-1;1 1 4
3;2-1;1 1 5
3;2-1;1 1 6
3;2-1;1 1 7
3;2-1;1 1 8
3;2-1;1 1 9
3;2-1;1 2 1
3;2-1;1 2 2
3;2-1;1 2 3
3;2-1;1 2 4
3;2-1;1 2 5
3;2-1;1 2 6
3;2-1;1 3 1
3;2-1;1 3 2
3;2-2;1 1 1
3;2-2;1 1 2
3;2-2;1 1 3
3;2-2;1 1 4
3;2-2;1 1 5
3;2-2;1 1 6
3;2-2;1 2 1
3;2-2;1 2 3
3;2-2;1 2 4
3;2-2;1 2 7
3;2-2;1 3 1
3;2-2;1 3 3
3;3 1 1
3;3 1 2
3;3 1 3
3;3 2 1
3;3 2 2
3;3 3 1
3;3 4 1
3;3 4 2
3;3 5 1
3;3 6 1
4-1;1,1 1 1
4-1;1,1 1 2
4-1;1,1 2 1
4-1;1,1 2 2
4-1;1,1 2 3
4-1;1;1 1 1
4-1;1;1 1 2
4-1;1;1 1 3
4-1;1;1 1 4
4-1;1;1 1 5
4-1;1;1 2 1
4-1;1;1 2 2
4-1;1;1 2 3
4-1;1;1 2 4
4-1;1;1 2 5
4-1;1;1 2 6
4-1;1;1 2 7
4-1;2-1 1 1
4-1;2-1 1 2
4-1;2-1 2 1
4-1;2-1 2 2
4-1;2-1 2 3
4-1;2-2 1 1
4-1;2-2 2 1
4-1;2-2 2 2
4-2;1,1 1 2
4-2;1,1 2 1
4-2;1,1 2 2
4-2;1;1 1 3
4-2;1;1 1 4
4-2;1;1 1 5
4-2;1;1 1 6
4-2;1;1 2 1
4-2;1;1 2 2
4-2;1;1 2 3
4-2;1;1 2 4
4-2;2-1 1 2
4-2;2-1 1 3
4-2;2-1 2 1
4-2;2-2 1 2
4-2;2-2 2 1
4-2;2-2 2 2
4-3;1,1 1 1
4-3;1,1 1 2
4-3;1,1 2 1
4-3;1;1 1 1
4-3;1;1 1 2
4-3;1;1 1 3
4-3;1;1 1 4
4-3;1;1 1 5
4-3;1;1 1 6
4-3;1;1 2 1
4-3;1;1 2 2
4-3;2-1 1 1
4-3;2-1 2 1
4-3;2-2 1 1
4-3;2-2 2 1
5-1;1 1 1
5-1;1 1 2
5-1;1 2 1
5-1;1 3 1
5-1;1 3 2
5-1;1 3 3
5-2;1 1 1
5-2;1 1 2
5-2;1 1 3
5-2;1 1 4
5-2;1 2 1
5-2;1 3 1
5-2;1 3 2
5-2;1 4 1
5-2;1 4 2
6-1 1 1
6-1 2 1
6-1 3 1
6-1 4 1
6-1 5 1
6-1 6 1
6-2 2 1
6-2 3 1
6-3 1 1
6-3 2 1
