67
1,1;1,1;1;1 1 12
1,1;1;1;1;1 1 14
1,1;1;1;1;1 1 15
1,1;1;1;1;1 1 17
1,1;1;1;1;1 1 21
1,1;1;1;1;1 1 39
1,1;1;1;1;1 1 43
1;1;1;1;1;1 1 10
1;1;1;1;1;1 1 11
1;1;1;1;1;1 1 14
1;1;1;1;1;1 1 15
1;1;1;1;1;1 1 21
1;1;1;1;1;1 1 25
1;1;1;1;1;1 1 27
1;1;1;1;1;1 1 28
1;1;1;1;1;1 1 34
2-1;1,1;1;1 1 13
2-1;1,1;1;1 1 17
2-1;1,1;1;1 1 21
2-1;1,1;1;1 1 5
2-1;1;1;1;1 1 11
2-1;1;1;1;1 1 12
2-1;1;1;1;1 1 13
2-1;1;1;1;1 1 17
2-1;1;1;1;1 1 18
2-1;1;1;1;1 1 21
2-1;1;1;1;1 1 27
2-1;1;1;1;1 1 28
2-1;1;1;1;1 1 32
2-1;1;1;1;1 1 4
2-1;1;1;1;1 1 6
2-1;2-1;1;1 1 12
2-1;2-1;1;1 1 15
2-1;2-1;1;1 1 16
2-1;2-1;1;1 1 2
2-1;2-1;1;1 1 24
2-1;2-1;1;1 1 4
2-1;2-1;1;1 1 6
2-1;2-1;1;1 1 9
2-1;2-1;2-1 1 2
3;1,1;1 1 2
3;1,1;1 1 5
3;1,1;1 2 2
3;1,1;1 2 7
3;1;1;1 1 10
3;1;1;1 1 14
3;1;1;1 1 2
3;1;1;1 1 4
3;1;1;1 1 6
3;1;1;1 2 12
3;1;1;1 2 2
3;1;1;1 2 4
3;1;1;1 2 8
3;1;1;1 2 9
3;2-1;1 1 2
3;2-1;1 1 3
3;2-1;1 1 5
3;2-1;1 2 2
3;2-1;1 2 3
3;2-1;1 2 6
3;3 2 2
4-1;1;1 1 2
4-1;1;1 2 1
4-1;1;1 2 2
4-1;2-1 2 1
5-1;1 2 1
5-1;1 3 1
