41
2-1,2-1;1,1 2 2
2-1,2-1;1;1 2 2
2-1,2-1;1;1 2 5
2-1,2-1;1;1 2 8
2-1,2-1;2-1 2 2
2-1;2-1;1,1 1 3
2-1;2-1;1,1 1 5
2-1;2-1;1,1 1 7
2-1;2-1;1;1 1 10
2-1;2-1;1;1 1 12
2-1;2-1;1;1 1 13
2-1;2-1;1;1 1 15
2-1;2-1;1;1 1 22
2-1;2-1;1;1 1 23
2-1;2-1;1;1 1 3
2-1;2-1;1;1 1 6
2-1;2-1;1;1 1 9
2-1;2-1;2-1 1 2
2-1;2-1;2-1 1 4
2-1;2-1;2-1 1 6
3,3 2 1
3;2-1;1 1 1
3;2-1;1 1 2
3;2-1;1 1 3
3;2-1;1 1 8
3;2-1;1 2 3
3;2-1;1 2 4
3;2-1;1 3 1
3;3 1 2
3;3 2 1
3;3 4 3
3;3 5 1
4-1;1,1 2 2
4-1;1;1 2 2
4-1;1;1 2 4
4-1;1;1 2 6
4-1;2-1 2 1
4-1;2-1 2 2
5-1;1 3 1
5-1;1 3 2
6-1 3 1
