67
1,1;1;1;1;1 1 28
1;1;1;1;1;1 1 18
1;1;1;1;1;1 1 19
2-1;1,1;1;1 1 18
2-1;1;1;1;1 1 14
2-1;1;1;1;1 1 15
2-1;1;1;1;1 1 17
2-1;1;1;1;1 1 25
2-1;1;1;1;1 1 35
2-1;2-1;1;1 1 15
2-1;2-1;1;1 1 18
2-1;2-1;1;1 1 21
2-1;2-1;1;1 1 5
2-1;2-1;1;1 1 6
2-1;2-1;1;1 1 8
2-1;2-1;2-1 1 1
2-1;2-1;2-1 1 2
2-1;2-1;2-1 1 5
2-2;1,1;1;1 1 14
2-2;1;1;1;1 1 11
2-2;1;1;1;1 1 13
2-2;1;1;1;1 1 14
2-2;2-1;1;1 1 10
2-2;2-1;1;1 1 11
2-2;2-1;1;1 1 3
2-2;2-1;1;1 1 4
2-2;2-1;1;1 1 8
2-2;2-1;2-1 1 1
2-2;2-1;2-1 1 2
2-2;2-1;2-1 1 3
2-2;2-2;1;1 1 2
2-2;2-2;1;1 1 6
2-2;2-2;1;1 1 7
2-2;2-2;2-1 1 1
2-2;2-2;2-1 1 2
2-2;2-2;2-2 1 1
2-2;2-2;2-2 1 2
3;1;1;1 1 11
3;1;1;1 1 17
3;1;1;1 2 7
3;2-1;1 1 3
3;2-1;1 1 6
3;2-1;1 2 3
3;2-2;1 1 2
3;2-2;1 1 4
3;2-2;1 2 3
3;3 4 4
4-1;1;1 1 3
4-1;1;1 2 3
4-1;2-1 1 1
4-1;2-1 2 1
4-1;2-2 1 1
4-1;2-2 2 1
4-2;1;1 1 2
4-2;1;1 2 2
4-2;2-1 1 1
4-2;2-1 2 1
4-2;2-2 1 1
4-2;2-2 2 1
4-3;1;1 1 2
4-3;1;1 2 2
4-3;2-1 1 1
4-3;2-1 2 1
4-3;2-2 1 1
4-3;2-2 2 1
6-1 1 1
6-2 1 1
