65
1,1;1,1;1;1 1 13
1,1;1;1;1;1 1 19
1,1;1;1;1;1 1 21
1,1;1;1;1;1 1 22
1,1;1;1;1;1 1 23
1,1;1;1;1;1 1 33
1;1;1;1;1;1 1 14
1;1;1;1;1;1 1 15
1;1;1;1;1;1 1 16
1;1;1;1;1;1 1 21
1;1;1;1;1;1 1 22
2-1;1,1;1;1 1 14
2-1;1,1;1;1 1 17
2-1;1,1;1;1 1 22
2-1;1,1;1;1 1 27
2-1;1;1;1;1 1 12
2-1;1;1;1;1 1 13
2-1;1;1;1;1 1 20
2-1;1;1;1;1 1 21
2-1;1;1;1;1 1 23
2-1;1;1;1;1 1 24
2-1;1;1;1;1 1 28
2-1;1;1;1;1 1 29
2-1;1;1;1;1 1 36
2-1;2-1;1,1 1 5
2-1;2-1;1,1 1 7
2-1;2-1;1;1 1 10
2-1;2-1;1;1 1 12
2-1;2-1;1;1 1 13
2-1;2-1;1;1 1 16
2-1;2-1;1;1 1 19
2-1;2-1;1;1 1 22
2-1;2-1;1;1 1 23
2-1;2-1;1;1 1 9
2-1;2-1;2-1 1 4
2-1;2-1;2-1 1 6
3;1,1;1 1 13
3;1,1;1 1 5
3;1;1;1 1 12
3;1;1;1 1 14
3;1;1;1 1 18
3;1;1;1 1 4
3;1;1;1 1 6
3;1;1;1 1 8
3;1;1;1 1 9
3;1;1;1 2 9
3;2-1;1 1 2
3;2-1;1 1 5
3;2-1;1 1 7
3;2-1;1 1 8
3;2-1;1 2 6
3;2-2;1 2 2
3;3 1 2
3;3 2 2
3;3 4 3
4-1;1,1 2 2
4-1;1;1 2 2
4-1;1;1 2 4
4-1;1;1 2 6
4-1;2-1 2 2
5-1;1 3 1
5-1;1 3 2
5-2;1 1 1
5-2;1 4 1
6-1 3 1
