61
2-1;1,1,1;1 1 4
2-1;1,1;1;1 1 18
2-1;1,1;1;1 1 20
2-1;1,1;1;1 1 4
2-1;1,1;1;1 1 6
2-1;1,1;1;1 1 8
2-1;1;1;1;1 1 14
2-1;1;1;1;1 1 16
2-1;1;1;1;1 1 17
2-1;1;1;1;1 1 3
2-1;1;1;1;1 1 30
2-1;1;1;1;1 1 5
2-1;1;1;1;1 1 7
2-1;2-1;1,1 1 1
2-1;2-1;1,1 1 3
2-1;2-1;1;1 1 1
2-1;2-1;1;1 1 15
2-1;2-1;1;1 1 18
2-1;2-1;1;1 1 3
2-1;2-1;1;1 1 5
2-1;2-1;1;1 1 6
2-1;2-1;2-1 1 1
2-1;2-1;2-1 1 2
2-1;2-1;2-1 1 5
2-2;2-1;1,1 1 1
2-2;2-1;1,1 1 3
2-2;2-1;1;1 1 1
2-2;2-1;1;1 1 3
2-2;2-1;1;1 1 5
2-2;2-1;1;1 1 8
2-2;2-1;2-1 1 1
2-2;2-2;2-1 1 1
2-2;2-2;2-1 1 2
3;1,1;1 2 4
3;1;1;1 2 10
3;1;1;1 2 3
3;1;1;1 2 5
3;2-1;1 1 1
3;2-1;1 1 3
3;2-1;1 1 6
3;2-1;1 2 1
3;2-1;1 2 3
3;2-1;1 2 4
3;2-1;1 3 1
3;2-2;1 2 1
3;2-2;1 2 4
3;3 2 1
3;3 4 1
3;3 5 1
4-1;1,1 1 1
4-1;1;1 1 1
4-1;1;1 1 3
4-1;2-1 1 1
4-1;2-1 2 1
4-1;2-2 1 1
4-2;2-1 1 1
4-2;2-1 2 1
4-3;2-1 1 1
4-3;2-1 2 1
5-1;1 1 1
6-1 1 1
