48
1,1;1,1;1;1 1 33
1,1;1;1;1;1 1 35
1,1;1;1;1;1 1 36
1;1;1;1;1;1 1 24
1;1;1;1;1;1 1 25
1;1;1;1;1;1 1 27
1;1;1;1;1;1 1 39
2-1,2-1;1;1 1 2
2-1,2-1;1;1 3 2
2-1;1,1;1;1 1 10
2-1;1;1;1;1 1 12
2-1;1;1;1;1 1 16
2-1;1;1;1;1 1 18
2-1;1;1;1;1 1 27
2-1;1;1;1;1 1 33
2-1;1;1;1;1 1 9
2-1;2-1;1;1 1 24
2-1;2-1;1;1 1 3
2-1;2-1;1;1 1 4
2-1;2-1;1;1 1 9
2-2;1;1;1;1 1 12
2-2;1;1;1;1 1 15
2-2;2-1;1;1 1 2
2-2;2-1;1;1 1 6
3;1;1;1 1 10
3;1;1;1 1 15
3;1;1;1 1 3
3;1;1;1 1 4
3;1;1;1 2 10
3;1;1;1 2 8
3;1;1;1 3 2
3;2-1;1 1 1
3;2-1;1 1 2
3;2-1;1 2 2
3;2-1;1 2 4
3;2-1;1 3 1
3;2-2;1 1 1
3;2-2;1 3 1
3;2-2;1 3 2
3;3 2 1
3;3 5 1
4-1';1;1 1 2
4-1;1;1 1 2
4-1;1;1 2 2
5-1;1 2 1
5-1;1 3 1
5-2;1 2 1
5-2;1 3 1
