83
1,1,1;1;1;1 1 18
1,1;1;1;1;1 1 43
1,1;1;1;1;1 1 44
1,1;1;1;1;1 1 45
1,1;1;1;1;1 1 51
1,1;1;1;1;1 1 53
1;1;1;1;1;1 1 27
1;1;1;1;1;1 1 28
1;1;1;1;1;1 1 29
1;1;1;1;1;1 1 34
1;1;1;1;1;1 1 35
1;1;1;1;1;1 1 37
1;1;1;1;1;1 1 38
1;1;1;1;1;1 1 46
2-1;1,1,1;1 1 7
2-1;1,1;1;1 1 13
2-1;1,1;1;1 1 16
2-1;1,1;1;1 1 17
2-1;1,1;1;1 1 28
2-1;1,1;1;1 1 31
2-1;1;1;1;1 1 11
2-1;1;1;1;1 1 12
2-1;1;1;1;1 1 13
2-1;1;1;1;1 1 25
2-1;1;1;1;1 1 27
2-1;1;1;1;1 1 28
2-1;1;1;1;1 1 29
2-1;1;1;1;1 1 30
2-1;1;1;1;1 1 32
2-1;1;1;1;1 1 42
2-1;2-1;1,1 1 2
2-1;2-1;1,1 1 5
2-1;2-1;1;1 1 10
2-1;2-1;1;1 1 15
2-1;2-1;1;1 1 16
2-1;2-1;1;1 1 2
2-1;2-1;1;1 1 22
2-1;2-1;1;1 1 8
2-1;2-1;1;1 1 9
2-1;2-1;2-1 1 2
2-1;2-1;2-1 1 4
2-2;1;1;1;1 1 19
2-2;1;1;1;1 1 21
2-2;2-1;1;1 1 10
2-2;2-1;1;1 1 12
2-2;2-1;2-1 1 2
3;1,1,1 1 2
3;1,1;1 1 2
3;1,1;1 1 3
3;1,1;1 1 5
3;1,1;1 1 8
3;1,1;1 1 9
3;1;1;1 1 10
3;1;1;1 1 11
3;1;1;1 1 12
3;1;1;1 1 14
3;1;1;1 1 2
3;1;1;1 1 21
3;1;1;1 1 4
3;1;1;1 1 6
3;1;1;1 2 12
3;2-1;1 1 2
3;2-1;1 1 3
3;2-1;1 1 5
3;2-1;1 1 8
3;2-1;1 2 6
3;2-2;1 1 2
3;2-2;1 1 5
3;3 1 2
3;3 2 2
4-1;1,1 2 1
4-1;1,1 2 2
4-1;1;1 2 1
4-1;1;1 2 2
4-1;1;1 2 3
4-1;1;1 2 4
4-1;1;1 2 6
4-1;2-1 2 1
4-1;2-1 2 2
4-1;2-2 2 1
5-1;1 3 1
5-1;1 3 2
6-1 3 1
