80
1,1;1,1;1,1 1 11
1,1;1,1;1;1 1 29
1,1;1,1;1;1 1 31
1,1;1;1;1;1 1 32
1,1;1;1;1;1 1 34
1,1;1;1;1;1 1 37
1,1;1;1;1;1 1 57
1;1;1;1;1;1 1 21
1;1;1;1;1;1 1 23
1;1;1;1;1;1 1 26
1;1;1;1;1;1 1 28
1;1;1;1;1;1 1 40
1;1;1;1;1;1 1 45
1;1;1;1;1;1 1 47
2-1,2-1;1,1 2 4
2-1,2-1;1;1 2 7
2-1,2-1;1;1 2 9
2-1;1,1;1;1 1 12
2-1;1,1;1;1 1 29
2-1;1,1;1;1 1 35
2-1;1;1;1;1 1 10
2-1;1;1;1;1 1 13
2-1;1;1;1;1 1 21
2-1;1;1;1;1 1 26
2-1;1;1;1;1 1 28
2-1;1;1;1;1 1 32
2-1;1;1;1;1 1 34
2-1;1;1;1;1 1 37
2-1;1;1;1;1 1 45
2-1;2-1;1,1 1 10
2-1;2-1;1,1 1 8
2-1;2-1;1;1 1 14
2-1;2-1;1;1 1 16
2-1;2-1;1;1 1 25
2-1;2-1;1;1 1 27
2-1;2-1;1;1 1 29
2-1;2-1;2-1 1 8
3,3 3 1
3;1,1;1 1 15
3;1;1;1 1 13
3;1;1;1 1 14
3;1;1;1 1 16
3;1;1;1 1 20
3;1;1;1 1 23
3;1;1;1 1 5
3;1;1;1 1 6
3;1;1;1 2 12
3;1;1;1 2 9
3;1;1;1 3 3
3;1;1;1 3 4
3;2-1;1 1 4
3;2-1;1 1 5
3;2-1;1 1 9
3;2-1;1 2 6
3;2-1;1 3 2
3;2-2;1 2 5
3;3 1 1
3;3 1 3
3;3 2 2
3;3 3 1
3;3 5 2
3;3 6 1
4-1';1;1 1 6
4-1';2-1 1 3
4-1;1,1 2 3
4-1;1;1 1 6
4-1;1;1 2 5
4-1;1;1 2 7
4-1;2-1 1 3
4-1;2-1 2 3
4-1;2-2 2 2
5-1;1 3 3
5-2;1 1 2
5-2;1 4 2
6-1 4 1
6-1 5 1
6-1 6 1
6-2 2 1
6-2 3 1
6-3 3 1
