62
3;1;1;1 1 1
3;1;1;1 1 10
3;1;1;1 1 11
3;1;1;1 1 12
3;1;1;1 1 13
3;1;1;1 1 14
3;1;1;1 1 15
3;1;1;1 1 16
3;1;1;1 1 17
3;1;1;1 1 18
3;1;1;1 1 19
3;2-1;1 1 1
3;2-1;1 1 10
3;2-1;1 1 2
3;2-1;1 1 3
3;2-1;1 1 4
3;2-1;1 1 5
3;2-1;1 1 6
3;2-1;1 1 7
3;2-1;1 1 8
3;2-2;1 1 2
3;2-2;1 1 4
3;3 1 1
3;3 1 2
3;3 2 1
3;3 2 2
3;3 3 1
4-1;1;1 1 2
4-1;1;1 1 3
4-1;1;1 1 4
4-1;1;1 2 2
4-1;1;1 2 3
4-1;1;1 2 4
4-1;1;1 2 5
4-1;1;1 2 6
4-1;2-1 1 1
4-1;2-1 1 2
4-1;2-1 2 1
4-1;2-1 2 2
4-1;2-1 2 2
4-1;2-1 2 3
4-1;2-2 1 1
4-1;2-2 2 1
4-3;1;1 1 2
4-3;1;1 2 2
4-3;2-1 1 1
4-3;2-1 2 1
4-3;2-2 1 1
4-3;2-2 2 1
5-1;1 1 2
5-1;1 2 1
5-1;1 3 1
5-1;1 3 2
5-1;1 3 2
5-2;1 2 1
5-2;1 3 1
6-1 1 1
6-1 2 1
6-1 3 1
6-1 3 1
6-1 5 1
6-1 6 1
