48
1,1;1;1;1;1 1 46
1;1;1;1;1;1 1 30
1;1;1;1;1;1 1 31
1;1;1;1;1;1 1 39
2-1;1,1;1;1 1 24
2-1;1;1;1;1 1 22
2-1;1;1;1;1 1 23
2-1;1;1;1;1 1 33
2-1;1;1;1;1 1 39
2-1;2-1;1;1 1 11
2-1;2-1;1;1 1 12
2-1;2-1;1;1 1 18
2-1;2-1;1;1 1 24
2-1;2-1;2-1 1 5
2-2;2-2;1;1 1 10
2-2;2-2;1;1 1 9
2-2;2-2;2-1 1 3
3;1,1;1 1 6
3;1;1;1 1 15
3;1;1;1 1 7
3;1;1;1 1 8
3;2-1;1 1 6
3;2-2;1 2 2
3;2-2;1 3 2
4-1;1;1 1 1
4-1;1;1 1 2
4-1;1;1 2 2
4-1;2-1 1 1
4-2;1;1 1 1
4-2;1;1 1 3
4-2;1;1 2 1
4-2;1;1 2 3
4-2;2-1 1 1
4-2;2-1 2 1
4-3;1;1 1 1
4-3;1;1 1 3
4-3;1;1 1 4
4-3;1;1 2 1
4-3;2-1 1 1
4-3;2-1 2 1
5-1;1 1 1
5-1;1 2 1
5-1;1 3 1
5-2;1 1 1
5-2;1 2 1
5-2;1 3 1
5-2;1 4 1
6-1 1 1
