40
2-2;1,1;1;1 1 12
2-2;1;1;1;1 1 14
2-2;1;1;1;1 1 6
2-2;2-1;1;1 1 8
2-2;2-2;1,1 1 2
2-2;2-2;1;1 1 4
2-2;2-2;1;1 1 6
2-2;2-2;1;1 1 7
2-2;2-2;2-1 1 2
2-2;2-2;2-2 1 2
3;1,1;1 1 3
3;1,1;1 2 3
3;1;1;1 1 11
3;1;1;1 1 2
3;1;1;1 2 2
3;1;1;1 2 7
3;2-1;1 1 3
3;2-1;1 2 3
3;2-2;1 1 2
3;2-2;1 2 3
4-1;1,1 2 1
4-1;1;1 2 1
4-1;1;1 2 3
4-1;2-1 2 1
4-1;2-2 2 1
4-2;1,1 2 1
4-2;1;1 2 1
4-2;1;1 2 2
4-2;2-1 2 1
4-2;2-2 2 1
4-3;1,1 1 1
4-3;1,1 2 1
4-3;1;1 1 1
4-3;1;1 1 2
4-3;1;1 2 1
4-3;1;1 2 2
4-3;2-1 1 1
4-3;2-1 2 1
4-3;2-2 1 1
4-3;2-2 2 1
