68
2-1;1,1;1,1 1 5
2-1;1,1;1;1 1 10
2-1;1,1;1;1 1 12
2-1;1,1;1;1 1 15
2-1;1,1;1;1 1 17
2-1;1,1;1;1 1 21
2-1;1,1;1;1 1 29
2-1;1;1;1;1 1 10
2-1;1;1;1;1 1 12
2-1;1;1;1;1 1 13
2-1;1;1;1;1 1 18
2-1;1;1;1;1 1 21
2-1;1;1;1;1 1 26
2-1;1;1;1;1 1 28
2-1;1;1;1;1 1 32
2-1;1;1;1;1 1 9
2-1;2-1;1,1 1 8
2-1;2-1;1;1 1 14
2-1;2-1;1;1 1 16
2-1;2-1;1;1 1 3
2-1;2-1;1;1 1 4
2-1;2-1;1;1 1 9
2-2;2-1;1;1 1 2
2-2;2-1;1;1 1 6
2-2;2-1;1;1 1 7
3;1,1;1 1 4
3;1,1;1 1 5
3;1,1;1 2 7
3;1,1;1 3 2
3;1;1;1 1 13
3;1;1;1 1 14
3;1;1;1 1 3
3;1;1;1 1 4
3;1;1;1 1 5
3;1;1;1 1 6
3;1;1;1 2 12
3;1;1;1 2 8
3;1;1;1 2 9
3;1;1;1 3 2
3;1;1;1 3 3
3;1;1;1 3 4
3;2-1;1 1 1
3;2-1;1 1 2
3;2-1;1 1 4
3;2-1;1 1 5
3;2-1;1 2 2
3;2-1;1 2 4
3;2-1;1 2 6
3;2-1;1 3 1
3;2-1;1 3 2
3;2-2;1 1 1
3;2-2;1 1 3
3;2-2;1 3 1
3;2-2;1 3 3
3;3 1 1
3;3 2 1
3;3 2 2
3;3 3 1
3;3 5 1
3;3 6 1
4-1;1;1 1 2
4-1;1;1 1 6
4-1;1;1 2 2
4-1;2-1 1 3
5-1;1 2 1
5-1;1 3 1
6-1 4 1
6-1 5 1
