62
1,1;1,1;1;1 1 15
1,1;1;1;1;1 1 17
1,1;1;1;1;1 1 18
1,1;1;1;1;1 1 41
1;1;1;1;1;1 1 10
1;1;1;1;1;1 1 11
1;1;1;1;1;1 1 12
1;1;1;1;1;1 1 20
1;1;1;1;1;1 1 25
1;1;1;1;1;1 1 36
2-1,2-1;1;1 1 6
2-1,2-1;2-1 1 2
2-1;1,1;1,1 1 4
2-1;1,1;1;1 1 23
2-1;1,1;1;1 1 5
2-1;1,1;1;1 1 9
2-1;1;1;1;1 1 11
2-1;1;1;1;1 1 17
2-1;1;1;1;1 1 18
2-1;1;1;1;1 1 19
2-1;1;1;1;1 1 31
2-1;1;1;1;1 1 4
2-1;1;1;1;1 1 6
2-1;1;1;1;1 1 8
2-1;2-1;1,1 1 4
2-1;2-1;1,1 1 9
2-1;2-1;1;1 1 15
2-1;2-1;1;1 1 17
2-1;2-1;1;1 1 2
2-1;2-1;1;1 1 24
2-1;2-1;1;1 1 26
2-1;2-1;1;1 1 30
2-1;2-1;1;1 1 4
2-1;2-1;1;1 1 6
2-1;2-1;1;1 1 7
2-1;2-1;2-1 1 2
2-1;2-1;2-1 1 3
2-1;2-1;2-1 1 9
3;1,1;1 2 2
3;1,1;1 2 5
3;1;1;1 1 2
3;1;1;1 2 11
3;1;1;1 2 2
3;1;1;1 2 4
3;1;1;1 2 6
3;1;1;1 2 8
3;2-1;1 1 3
3;2-1;1 2 2
3;2-1;1 2 3
3;2-1;1 2 5
3;3 4 2
3;3 6 2
4-1;1,1 1 2
4-1;1;1 1 2
4-1;1;1 1 4
4-1;1;1 1 5
4-1;1;1 2 1
4-1;2-1 1 2
4-1;2-1 2 1
5-1;1 1 2
5-1;1 2 1
6-1 2 1
