139
1,1,1;1;1;1 1 10
1,1;1;1;1;1 1 16
1,1;1;1;1;1 1 25
1,1;1;1;1;1 1 28
1,1;1;1;1;1 1 40
1,1;1;1;1;1 1 9
1;1;1;1;1;1 1 18
1;1;1;1;1;1 1 19
1;1;1;1;1;1 1 24
1;1;1;1;1;1 1 35
1;1;1;1;1;1 1 7
1;1;1;1;1;1 1 8
1;1;1;1;1;1 1 9
2-1;1,1,1;1 1 4
2-1;1,1;1;1 1 11
2-1;1,1;1;1 1 18
2-1;1,1;1;1 1 20
2-1;1,1;1;1 1 4
2-1;1,1;1;1 1 6
2-1;1,1;1;1 1 8
2-1;1;1;1;1 1 14
2-1;1;1;1;1 1 15
2-1;1;1;1;1 1 16
2-1;1;1;1;1 1 17
2-1;1;1;1;1 1 25
2-1;1;1;1;1 1 3
2-1;1;1;1;1 1 30
2-1;1;1;1;1 1 35
2-1;1;1;1;1 1 5
2-1;1;1;1;1 1 7
2-1;1;1;1;1 1 9
2-1;2-1;1,1 1 1
2-1;2-1;1,1 1 3
2-1;2-1;1,1 1 6
2-1;2-1;1;1 1 1
2-1;2-1;1;1 1 11
2-1;2-1;1;1 1 15
2-1;2-1;1;1 1 18
2-1;2-1;1;1 1 21
2-1;2-1;1;1 1 3
2-1;2-1;1;1 1 5
2-1;2-1;1;1 1 6
2-1;2-1;1;1 1 8
2-1;2-1;2-1 1 1
2-1;2-1;2-1 1 2
2-1;2-1;2-1 1 5
2-2;1,1,1;1 1 2
2-2;1,1;1;1 1 14
2-2;1,1;1;1 1 15
2-2;1,1;1;1 1 2
2-2;1,1;1;1 1 3
2-2;1,1;1;1 1 4
2-2;1,1;1;1 1 8
2-2;1;1;1;1 1 11
2-2;1;1;1;1 1 12
2-2;1;1;1;1 1 13
2-2;1;1;1;1 1 14
2-2;1;1;1;1 1 19
2-2;1;1;1;1 1 2
2-2;1;1;1;1 1 3
2-2;1;1;1;1 1 4
2-2;1;1;1;1 1 7
2-2;2-1;1,1 1 1
2-2;2-1;1,1 1 2
2-2;2-1;1,1 1 3
2-2;2-1;1;1 1 1
2-2;2-1;1;1 1 10
2-2;2-1;1;1 1 11
2-2;2-1;1;1 1 2
2-2;2-1;1;1 1 3
2-2;2-1;1;1 1 4
2-2;2-1;1;1 1 5
2-2;2-1;1;1 1 8
2-2;2-1;2-1 1 1
2-2;2-1;2-1 1 2
2-2;2-1;2-1 1 3
2-2;2-2;1,1 1 1
2-2;2-2;1,1 1 3
2-2;2-2;1;1 1 1
2-2;2-2;1;1 1 2
2-2;2-2;1;1 1 3
2-2;2-2;1;1 1 6
2-2;2-2;1;1 1 7
2-2;2-2;2-1 1 1
2-2;2-2;2-1 1 2
2-2;2-2;2-2 1 1
2-2;2-2;2-2 1 2
3;1,1;1 2 4
3;1;1;1 1 11
3;1;1;1 1 17
3;1;1;1 1 3
3;1;1;1 2 10
3;1;1;1 2 3
3;1;1;1 2 5
3;1;1;1 2 7
3;1;1;1 3 2
3;2-1;1 1 1
3;2-1;1 1 3
3;2-1;1 1 6
3;2-1;1 2 1
3;2-1;1 2 3
3;2-1;1 2 4
3;2-1;1 3 1
3;2-2;1 1 1
3;2-2;1 1 2
3;2-2;1 1 4
3;2-2;1 2 1
3;2-2;1 2 3
3;2-2;1 2 4
3;2-2;1 3 1
3;3 2 1
3;3 4 1
3;3 4 4
3;3 5 1
4-1;1,1 1 1
4-1;1;1 1 1
4-1;1;1 1 3
4-1;1;1 2 3
4-1;2-1 1 1
4-1;2-1 2 1
4-1;2-2 1 1
4-1;2-2 2 1
4-2;1,1 1 1
4-2;1;1 1 1
4-2;1;1 1 2
4-2;1;1 2 2
4-2;2-1 1 1
4-2;2-1 2 1
4-2;2-2 1 1
4-2;2-2 2 1
4-3;1;1 1 2
4-3;1;1 2 2
4-3;2-1 1 1
4-3;2-1 2 1
4-3;2-2 1 1
4-3;2-2 2 1
5-1;1 1 1
6-1 1 1
6-2 1 1
