40
2-1,2-1;1,1 3 2
2-1,2-1;1;1 3 2
2-1,2-1;1;1 3 4
2-1,2-1;1;1 3 5
2-1,2-1;2-1 3 2
2-1;2-1;1,1 1 5
2-1;2-1;1,1 1 9
2-1;2-1;1;1 1 10
2-1;2-1;1;1 1 22
2-1;2-1;1;1 1 24
2-1;2-1;1;1 1 26
2-1;2-1;1;1 1 30
2-1;2-1;1;1 1 9
2-1;2-1;2-1 1 4
2-1;2-1;2-1 1 9
3;2-1;1 1 2
3;2-1;1 1 8
3;3 1 2
3;3 6 2
4-1';1,1 1 2
4-1';1;1 1 2
4-1';1;1 1 4
4-1';1;1 1 5
4-1';2-1 1 2
4-1;1,1 1 2
4-1;1,1 2 2
4-1;1;1 1 2
4-1;1;1 1 4
4-1;1;1 1 5
4-1;1;1 2 2
4-1;1;1 2 4
4-1;1;1 2 6
4-1;2-1 1 2
4-1;2-1 2 2
5-1;1 1 2
5-1;1 2 1
5-1;1 3 1
5-1;1 3 2
6-1 2 1
6-1 3 1
