48
1,1;1,1;1;1 1 17
1,1;1;1;1;1 1 12
1,1;1;1;1;1 1 22
1;1;1;1;1;1 1 11
1;1;1;1;1;1 1 14
1;1;1;1;1;1 1 31
1;1;1;1;1;1 1 8
2-1,2-1;1;1 2 2
2-1,2-1;1;1 2 3
2-1;1,1;1;1 1 10
2-1;1;1;1;1 1 12
2-1;1;1;1;1 1 18
2-1;1;1;1;1 1 23
2-1;1;1;1;1 1 5
2-1;1;1;1;1 1 6
2-1;1;1;1;1 1 9
2-1;2-1;1;1 1 12
2-1;2-1;1;1 1 3
2-1;2-1;1;1 1 4
2-1;2-1;1;1 1 9
2-2;1;1;1;1 1 3
2-2;1;1;1;1 1 8
2-2;2-1;1;1 1 2
2-2;2-1;1;1 1 6
3;1;1;1 1 3
3;1;1;1 1 4
3;1;1;1 1 8
3;1;1;1 2 4
3;1;1;1 2 5
3;1;1;1 2 8
3;1;1;1 3 2
3;2-1;1 1 1
3;2-1;1 1 2
3;2-1;1 2 2
3;2-1;1 2 4
3;2-1;1 3 1
3;2-2;1 1 1
3;2-2;1 2 2
3;2-2;1 3 1
3;3 2 1
3;3 5 1
4-1';1;1 1 2
4-1;1;1 1 2
4-1;1;1 2 2
5-1;1 2 1
5-1;1 3 1
5-2;1 1 1
5-2;1 4 1
