171
1,1;1,1;1,1 1 5
1,1;1,1;1;1 1 23
1,1;1,1;1;1 1 34
1,1;1,1;1;1 1 9
1,1;1;1;1;1 1 11
1,1;1;1;1;1 1 25
1,1;1;1;1;1 1 27
1,1;1;1;1;1 1 28
1,1;1;1;1;1 1 48
1;1;1;1;1;1 1 10
1;1;1;1;1;1 1 18
1;1;1;1;1;1 1 19
1;1;1;1;1;1 1 30
1;1;1;1;1;1 1 41
1;1;1;1;1;1 1 7
2-1,2-1;1,1 1 1
2-1,2-1;1,1 3 1
2-1,2-1;1;1 1 1
2-1,2-1;1;1 1 3
2-1,2-1;1;1 3 1
2-1,2-1;1;1 3 3
2-1,2-1;2-1 1 1
2-1,2-1;2-1 3 1
2-1;1,1;1,1 1 7
2-1;1,1;1;1 1 16
2-1;1,1;1;1 1 18
2-1;1,1;1;1 1 26
2-1;1,1;1;1 1 6
2-1;1,1;1;1 1 7
2-1;1;1;1;1 1 11
2-1;1;1;1;1 1 14
2-1;1;1;1;1 1 15
2-1;1;1;1;1 1 17
2-1;1;1;1;1 1 22
2-1;1;1;1;1 1 25
2-1;1;1;1;1 1 3
2-1;1;1;1;1 1 35
2-1;1;1;1;1 1 39
2-1;1;1;1;1 1 4
2-1;2-1;1,1 1 1
2-1;2-1;1,1 1 2
2-1;2-1;1,1 1 6
2-1;2-1;1;1 1 1
2-1;2-1;1;1 1 11
2-1;2-1;1;1 1 15
2-1;2-1;1;1 1 18
2-1;2-1;1;1 1 2
2-1;2-1;1;1 1 21
2-1;2-1;1;1 1 5
2-1;2-1;1;1 1 6
2-1;2-1;1;1 1 8
2-1;2-1;2-1 1 1
2-1;2-1;2-1 1 2
2-1;2-1;2-1 1 5
2-2,2-2;1,1 1 1
2-2,2-2;1,1 2 1
2-2,2-2;1;1 1 1
2-2,2-2;1;1 1 2
2-2,2-2;1;1 2 1
2-2,2-2;1;1 2 2
2-2,2-2;2-1 1 1
2-2,2-2;2-1 2 1
2-2,2-2;2-2 1 1
2-2,2-2;2-2 2 1
2-2;1,1;1,1 1 5
2-2;1,1;1;1 1 12
2-2;1,1;1;1 1 14
2-2;1,1;1;1 1 3
2-2;1;1;1;1 1 11
2-2;1;1;1;1 1 13
2-2;1;1;1;1 1 14
2-2;1;1;1;1 1 2
2-2;1;1;1;1 1 20
2-2;1;1;1;1 1 6
2-2;2-1,2-1 1 1
2-2;2-1,2-1 3 1
2-2;2-1;1,1 1 1
2-2;2-1;1;1 1 1
2-2;2-1;1;1 1 10
2-2;2-1;1;1 1 11
2-2;2-1;1;1 1 3
2-2;2-1;1;1 1 4
2-2;2-1;1;1 1 8
2-2;2-1;2-1 1 1
2-2;2-1;2-1 1 2
2-2;2-1;2-1 1 3
2-2;2-2;1,1 1 1
2-2;2-2;1,1 1 2
2-2;2-2;1,1 1 5
2-2;2-2;1;1 1 1
2-2;2-2;1;1 1 16
2-2;2-2;1;1 1 2
2-2;2-2;1;1 1 4
2-2;2-2;1;1 1 6
2-2;2-2;1;1 1 7
2-2;2-2;1;1 1 9
2-2;2-2;2-1 1 1
2-2;2-2;2-1 1 2
2-2;2-2;2-1 1 3
2-2;2-2;2-2 1 1
2-2;2-2;2-2 1 2
2-2;2-2;2-2 1 4
3,3 4 1
3;1,1;1 1 12
3;1,1;1 1 3
3;1,1;1 2 3
3;1;1;1 1 11
3;1;1;1 1 17
3;1;1;1 1 2
3;1;1;1 1 7
3;1;1;1 2 2
3;1;1;1 2 3
3;1;1;1 2 7
3;2-1;1 1 3
3;2-1;1 1 6
3;2-1;1 2 1
3;2-1;1 2 3
3;2-2;1 1 2
3;2-2;1 1 4
3;2-2;1 2 1
3;2-2;1 2 3
3;3 4 1
3;3 4 4
4-1';1,1 1 1
4-1';1;1 1 1
4-1';1;1 1 3
4-1';2-1 1 1
4-1';2-2 1 1
4-1;1,1 1 1
4-1;1,1 2 1
4-1;1;1 1 1
4-1;1;1 1 3
4-1;1;1 2 1
4-1;1;1 2 3
4-1;2-1 1 1
4-1;2-1 2 1
4-1;2-2 1 1
4-1;2-2 2 1
4-2';1,1 1 1
4-2';1;1 1 1
4-2';1;1 1 2
4-2';2-1 1 1
4-2';2-2 1 1
4-2;1,1 1 1
4-2;1,1 2 1
4-2;1;1 1 1
4-2;1;1 1 2
4-2;1;1 2 1
4-2;1;1 2 2
4-2;2-1 1 1
4-2;2-1 2 1
4-2;2-2 1 1
4-2;2-2 2 1
4-3';1,1 1 1
4-3';1;1 1 1
4-3';1;1 1 2
4-3';2-1 1 1
4-3';2-2 1 1
4-3;1,1 1 1
4-3;1,1 2 1
4-3;1;1 1 1
4-3;1;1 1 2
4-3;1;1 2 1
4-3;1;1 2 2
4-3;2-1 1 1
4-3;2-1 2 1
4-3;2-2 1 1
4-3;2-2 2 1
5-1;1 1 1
6-1 1 1
6-2 1 1
