#g4 f3 z4

5x5
0 1 0 0 0
1 0 0 0 0
0 0 1 0 0
0 0 0 1 0
0 0 0 0 1

5x5
0 0 -1 0 0
1 0 0 0 0
0 1 0 0 0
0 0 0 1 0
0 0 0 0 1

5x5
1 0 0 0 0
0 1 0 0 0
0 0 1 0 0
0 0 0 -1 0
0 0 0 0 1

5x5
1 0 0 0 0
0 1 0 0 0
0 0 1 0 0
0 0 0 1 0
0 0 0 0 -1

5x5
1 0 0 0 0
0 1 0 0 0
0 0 1 0 0
0 0 0 0 0
0 0 0 0 0

5x5
0 0 0 0 0
0 0 0 0 0
0 0 0 0 0
0 0 0 1 0
0 0 0 0 0

5x5
0 0 0 0 0
0 0 0 0 0
0 0 0 0 0
0 0 0 0 0
0 0 0 0 1

5x5
0 0 0 1 0
0 1 0 1 0
0 -1 1 0 1
1 0 0 0 0
0 0 -1 0 1

5x5
1 0 0 0 0
0 1 0 0 0
0 0 1 0 0
0 0 0 1 -1
0 0 0 1 1

5x5
1 0 0 0 0
1 1 0 0 0
0 -1 1 0 0
0 0 -1 1 1
0 0 0 -1 1

5x5
1 0 -1 0 0
1 1 1 0 0
0 -1 0 1 -1
0 0 0 1 1
0 0 0 -1 1

2^6*3=192

dim5/3;1;1b

