#24

3;1;1 1 7
1 
#1 
5	% 
 1 0 0 0 0
 0 1 0 0 0
 0 0 1 0 0
 0 0 0 1 0
 0 0 0 0 1
1,1,1,1,1 1 1
1 
#1 
5	% 
 1 0 0 0 0
 0 1 0 0 0
 0 0 1 0 0
 0 0 0 1 0
 0 0 0 0 1
2-1;1,1,1 1 2
3 
#1 
5	% 
 1  0  1 0 1
 1  0  2 1 1
 0 -1  0 0 0
 0  0  1 0 1
 0  0 -1 0 0
1,1,1,1;1 1 2
11 
#3 
5	% 
 -1 -1  0  0 -1
  0 -1  0  1  0
 -1 -1  0 -1 -1
  1  1 -1  0  0
 -1 -1 -1  0 -1
5	% 
  0  1 -1 -1 0
 -1  2  0 -1 0
  0  0 -1 -1 0
  1 -2  1  1 1
 -1  1 -1 -1 0
5	% 
  1  0 1  0 1
  1 -1 0  0 1
  0  1 0 -1 0
 -1  0 0  0 0
  1  0 0  0 1
1,1,1;1,1 1 2
10 
#3 
5	% 
 0 1  0 0  1
 1 0  0 0  1
 0 0 -1 1 -1
 0 0  1 0  0
 0 0  1 0  1
5	% 
  0 0 -1 -1 0
 -1 0  1  0 0
  0 1  0  0 0
  1 0  0  0 1
 -1 0  0  0 0
5	% 
  0 -1 0 0 -1
  0  1 1 0  1
  1  0 0 1  0
 -1  0 0 0  0
 -1  0 0 0 -1
2-1;1,1;1 1 6
9 
#2 
5	% 
 1  0  0  1  0
 0  0 -1  0 -1
 0 -1 -1  0  0
 0  0  1 -1  1
 0  0 -1 -1  0
5	% 
  0  0 1  1  0
 -1  0 0  0 -1
 -1 -1 0  0  0
  1  0 0 -1  1
 -1  0 0 -1  0
1,1,1;1,1 1 3
18 
#2 
5	% 
  1  0  0 1  0
 -1 -5 -2 0  3
  1 -2 -1 0  2
  0  3  1 0 -2
  0 -2 -1 0  2
5	% 
  1  1  0  0  0
 -1 -5  1  2  3
  1  0  0  1  1
  0  2 -1 -1 -2
  0 -3  1  1  3
2-2;1,1,1 1 2
4 
#1 
5	% 
 -1  1 0 -1 -1
  0  0 1  1  0
  0 -1 0  0  1
 -1  0 0  0 -1
  1 -1 0  0  1
1,1;1,1;1 1 5
15 
#3 
5	% 
 0  1  0  0  1
 1  0  0 -1  1
 0 -1 -1  0 -1
 0  1  0  1  0
 0  0 -1 -1  0
5	% 
  0  0 1 -1  1
  0  1 0  0  1
 -1  0 0  1 -1
  0 -1 0 -1  0
 -1  1 0  0  0
5	% 
 0 1 -1  0 -1
 1 0  0 -1  1
 0 0  1  0  0
 0 0 -1  1 -1
 0 0  0 -1  0
1,1;1,1;1 1 9
18 
#2 
5	% 
 -1  0  0  0  0
 -1 -1  1  1  1
  0  2  1 -1 -1
  1 -3  0  1  2
  1 -1 -1  0  0
5	% 
 1 0 -1  0  0
 0 1 -1  1 -2
 0 0  0 -1  0
 0 0  1  1  0
 0 0  1  0  1
1,1,1;1;1 1 6
18 
#2 
5	% 
  1  0 0 -1 1
 -1  1 1  0 0
  0  0 1  0 0
  1  0 0  0 0
  1 -1 0  0 1
5	% 
 0  0  1 -1 1
 1  1 -1  0 0
 1  0  0  0 0
 0  0  1  0 0
 0 -1  1  0 1
1,1,1;1;1 1 5
10 
#3 
5	% 
  1  0  0  0 0
  1  0  0 -1 0
 -1 -1  0  0 0
  1  0  1  0 1
  0 -1 -1  0 0
5	% 
  1  0  0 0  0
  1 -1  0 0  0
 -1  1  0 1  0
  1 -1 -1 0 -1
  0  0  1 1  0
5	% 
 1  0  0 -1 1
 0  0 -1 -1 0
 0 -1  0  1 0
 0  0  0 -1 0
 0 -1  0  0 1
2-2;1,1;1 1 6
8 
#1 
5	% 
  1  1  0 1 -1
  1  0  0 0  0
  0 -1  1 0  1
 -1 -1  0 0  0
  0  0 -1 0  0
1,1;1,1;1 1 6
18 
#2 
5	% 
  0 0 -1 1 -1
 -1 0  1 0  0
  0 0  1 0  0
  1 1  0 0  0
  1 0  0 0  1
5	% 
 -1 0  0 1 -1
  1 0 -1 0  0
  1 0  0 0  0
  0 1  1 0  0
  0 0  1 0  1
1,1,1;1;1 1 4
3 
#1 
5	% 
 -1  0 1 0  0
  3  0 0 1  1
 -2  0 0 0 -1
  1  0 0 0  1
  1 -1 0 0  1
1,1;1;1;1 1 16
18 
#2 
5	% 
 -1  2  0  0  0
 -1  3  0  0 -1
  0  0  1  1  0
  1 -2 -1  0  0
  1 -2  0 -1  1
5	% 
  0 -1  0 -1  1
  0  0  0 -1  0
  1  0  1  0  1
  0  0 -1  1 -1
 -1  0  0  1 -1
1,1;1;1;1 1 17
10 
#3 
5	% 
 1 0  0  0  0
 0 0  0 -1  1
 0 0  1  0  0
 0 0 -1 -1  0
 0 1  0  1 -1
5	% 
 0  0 -1 1 -1
 0 -1  1 0  1
 0  0 -1 0  0
 0 -1  0 0  0
 1  1  0 0  0
5	% 
 -1  0 0 1 -1
  1 -1 0 0  1
 -1  0 0 0  0
  0 -1 0 0  0
  0  1 1 0  0
2-2;1,1;1 1 4
4 
#1 
5	% 
  0  0  1 -1  1
 -1 -1 -1  0  0
  0  1  0  0 -1
  1  0  0  0  0
  0  0  1  0  0
1,1;1;1;1 1 8
9 
#2 
5	% 
  0  0  1 1  0
  0 -1  1 0  1
 -1  0  0 0 -1
 -1  0 -1 0 -1
  1  0 -1 0  0
5	% 
  1  0  0 1  0
  1 -1  0 0  1
  0  0 -1 0 -1
 -1  0 -1 0 -1
 -1  0  1 0  0
2-1;1;1;1 1 12
3 
#1 
5	% 
  1 -1 0 0  1
 -1  0 0 0 -1
 -2  0 0 0 -1
  1  0 1 0  1
 -1  0 0 1 -1
3;1,1 1 2
1 
#1 
5	% 
  0  0 1  1  0
  0 -1 0  0  0
  0  0 0  0 -1
 -1  0 0  0 -1
  0  0 0 -1  0
1;1;1;1;1 1 16
1 
#1 
5	% 
 1 0 0 0  0
 0 1 0 0  0
 0 0 1 0  1
 0 0 0 1  0
 0 0 0 0 -1
1;1;1;1;1 1 13
3 
#1 
5	% 
 0 -1  1  0 1
 0  0  0 -1 1
 0  0 -1 -1 0
 1  0  1  0 1
 1  0  0  1 0
2-2;1;1;1 1 9
4 
#1 
5	% 
 0  0 1 0  0
 0  0 0 1 -1
 1  0 0 0  0
 0  1 0 0  0
 1 -1 0 0  1
