#48

4-1;1 1 1
1 
#1 
5	% 
 1 0 0 0 0
 0 1 0 0 0
 0 0 1 0 0
 0 0 0 1 0
 0 0 0 0 1
1,1,1,1,1 1 1
1 
#1 
5	% 
 1 0 0 0 0
 0 1 0 0 0
 0 0 1 0 0
 0 0 0 1 0
 0 0 0 0 1
1,1,1,1;1 1 1
5 
#2 
5	% 
 0 -1  0 -1 -1
 0 -1 -1  0 -1
 0  0 -1 -1 -1
 0  1  1  1  1
 1  0  0  0  0
5	% 
  0 -1 -1 -1 0
 -1  0 -1 -1 0
 -1 -1  0 -1 0
  1  1  1  1 0
  0  0  0  0 1
1,1,1,1;1 1 2
12 
#1 
5	% 
  0 1 0 0 0
  0 0 1 0 0
  0 0 0 0 1
  0 0 0 1 0
 -1 0 0 0 0
2-1;1,1;1 1 8
24 
#1 
5	% 
 0 0 0 0 -1
 0 0 0 1  1
 0 0 1 0  1
 1 0 0 0  1
 0 1 0 0  1
1,1,1;1,1 1 1
10 
#2 
5	% 
 0  0  1  0  0
 0  0  1  1  0
 0 -1 -1 -1  0
 0  0  0  0 -1
 1  0  0  0  1
5	% 
 0  0  0 1  1
 0  0 -1 0  0
 0  0  0 0 -1
 0 -1  0 0  0
 1  1  0 0  0
2-1;1,1,1 1 1
6 
#1 
5	% 
 1  0  0 0  0
 0  0  0 1  0
 0  0 -1 0 -1
 0 -1  0 0 -1
 0  1  1 0  1
1,1,1;1,1 1 2
36 
#2 
5	% 
 -1 0 -1 -1 0
  0 1  0  0 0
  1 0  0 -1 1
  0 0  0  1 0
 -1 0  0  0 0
5	% 
 -1 0 -1 -1 -1
  0 0  1  0  0
  0 1  0  0  0
  1 0  0  0  0
  0 0  0 -1  0
1,1,1;1,1 1 3
12 
#1 
5	% 
  1 1  1  1  1
 -1 0 -1  0  0
  0 1  1  1  1
  0 0  0 -1 -1
  0 0 -1  0 -1
2-1;1,1;1 1 1
18 
#2 
5	% 
 1 0  0 0 0
 0 0  0 1 0
 0 0 -1 0 0
 0 1  1 0 0
 0 0  0 0 1
5	% 
 1 0 0 0 0
 0 0 0 1 0
 0 0 1 0 0
 0 0 0 0 1
 0 1 0 0 0
2-1;1,1;1 1 3
12 
#1 
5	% 
 1 0  0 0 0
 0 1  0 0 0
 0 0  0 0 1
 0 0  0 1 0
 0 0 -1 0 0
2-1',2-1';1 1 1
6 
#1 
5	% 
  0 -1 -1 -1 0
  1  1  0 -1 0
  0  1  1  0 0
 -1  0  0  1 0
  0  0  0  0 1
2-2;1,1,1 1 2
16 
#1 
5	% 
 0 0  0 0  1
 1 0  0 0 -1
 0 0  0 1  0
 0 0 -1 0  0
 0 1  0 0  0
1,1,1;1;1 1 1
10 
#2 
5	% 
 0 0 0  1 0
 0 0 0  1 1
 0 1 0 -1 0
 1 0 0  0 0
 0 0 1  0 0
5	% 
 0 1  0  1 0
 0 0 -1  0 0
 0 0  0 -1 0
 1 0  0  0 0
 0 0  0  0 1
1,1;1,1;1 1 1
15 
#2 
5	% 
 0 1 0 0 0
 0 0 1 0 0
 0 0 0 1 0
 0 0 0 0 1
 1 0 0 0 0
5	% 
 0  1 1  0 0
 0 -1 0  0 0
 0  0 0 -1 0
 1  0 0  1 0
 0  0 0  0 1
2-2;1,1;1 1 5
32 
#2 
5	% 
 0  1 1 -1 1
 1  0 0  0 0
 0  0 0  1 0
 0  0 1  0 0
 0 -1 0  0 0
5	% 
 1 0  0 0 0
 0 0  0 0 1
 0 0  0 1 0
 0 0 -1 0 0
 0 1  0 0 0
1,1,1;1;1 1 2
36 
#2 
5	% 
 0  0 -1  0 1
 0  0  1  0 0
 1  0  0  0 0
 0  0  0 -1 0
 0 -1  0  0 0
5	% 
  0 -1  1 -1 0
 -1  0  0  1 0
  0  0  0  0 1
  1  0 -1  0 0
 -1 -1  0  0 0
1,1;1,1;1 1 4
36 
#2 
5	% 
 0 0 0  0 1
 0 0 1  0 0
 1 0 0  0 0
 0 1 0  0 0
 0 0 0 -1 0
5	% 
 -1  0 -1  1 0
  0 -1 -1 -1 0
  0  0  0  0 1
  1  1  1  0 0
 -1  1  0  1 0
1,1;1,1;1 1 8
6 
#1 
5	% 
  0  0  0  0 1
  1 -1  0  2 0
  1  0  0  0 0
 -1  0 -1 -1 0
 -1  1  0 -1 0
1,1;1,1;1 1 6
24 
#1 
5	% 
  0 0  0  0 1
 -1 0 -1 -1 0
  1 1  0  0 0
  1 0  0  0 0
  0 0  0  1 0
1,1,1;1;1 1 3
6 
#1 
5	% 
 0 1  0 0  1
 0 0 -1 0  0
 0 0  0 0 -1
 0 0  0 1  0
 1 0  0 0  0
1,1;1,1;1 1 2
36 
#2 
5	% 
  0 0  0 0 1
  0 0 -1 0 0
  0 1  1 0 0
  0 0  0 1 0
 -1 0  0 0 0
5	% 
 1 0 1  1  0
 0 0 0  0 -1
 0 1 0  0  1
 0 0 0 -1  0
 1 0 0  0  0
1,1,1;1;1 1 6
12 
#1 
5	% 
  1  1 -1  1  1
 -2 -2  1 -2 -2
  1  0 -1  0  1
  2  1 -1  1  1
  1  1 -1  2  1
2-1;1;1;1 1 13
12 
#1 
5	% 
 0 0 0  0 1
 0 0 0 -1 0
 0 0 1  0 0
 0 1 0  0 0
 1 0 0  0 0
3;1,1 1 3
8 
#1 
5	% 
 0  0  0  0 -1
 0  0  0 -1 -1
 0  0 -1  0 -1
 0 -1  0  0 -1
 1  0  0  0  1
1,1;1;1;1 1 1
10 
#2 
5	% 
 0 1 0 0 0
 0 0 1 0 0
 1 0 0 0 0
 0 0 0 1 0
 0 0 0 0 1
5	% 
 0 0 0 0 -1
 0 0 0 1  1
 1 0 0 0  0
 0 1 0 0  0
 0 0 1 0  0
2-2;1,1;1 1 3
16 
#1 
5	% 
 0  0 0 0 -1
 1  0 0 0  1
 0  0 0 1  0
 0  0 1 0  0
 0 -1 0 0  0
1,1;1;1;1 1 2
36 
#2 
5	% 
 0 1  1 -1 0
 1 0  0  0 0
 0 0  0  0 1
 0 0 -1  1 0
 0 1  1  0 0
5	% 
 0 0 1 -1 1
 1 0 0  0 0
 0 1 0  0 0
 0 0 0  1 0
 0 0 1  0 0
1,1;1;1;1 1 11
12 
#1 
5	% 
 0 0 1 -1  1
 0 0 0  1 -1
 0 1 0  0  0
 1 0 0  0  0
 0 0 1  0  1
1,1;1;1;1 1 3
18 
#2 
5	% 
 0 0 0  1  0
 0 0 0 -1 -1
 0 0 1  0  0
 0 1 0  0  0
 1 0 0  0  0
5	% 
 0 0  1 1 0
 0 0 -1 0 0
 0 0  0 0 1
 0 1  0 0 0
 1 0  0 0 0
1,1;1;1;1 1 9
12 
#1 
5	% 
 0  0  0  0 1
 1  1 -1  0 0
 0 -1  0 -1 0
 0 -1  0  0 0
 0  0  1  0 0
1,1;1;1;1 1 18
8 
#1 
5	% 
  1  1 -1 -1  1
 -1 -1  1  0 -1
  0 -1  1  1 -1
 -1  0  1  1 -1
  1  1  0 -1  1
2-1;1;1;1 1 1
6 
#1 
5	% 
 1 0 0 0 0
 0 0 0 1 0
 0 1 0 0 0
 0 0 1 0 0
 0 0 0 0 1
2-1;1;1;1 1 3
6 
#1 
5	% 
 0 0 0 1 0
 1 0 0 0 0
 0 0 0 0 1
 0 0 1 0 0
 0 1 0 0 0
2-1;2-1;1 1 1
3 
#1 
5	% 
 0 1 0 0 0
 0 0 1 0 0
 1 0 0 0 0
 0 0 0 1 0
 0 0 0 0 1
3;1,1 2 1
4 
#1 
5	% 
 0 1 0 0  0
 1 0 0 0  0
 0 0 0 1  0
 0 0 0 0 -1
 0 0 1 0  1
2-1,2-1;1 3 1
6 
#1 
5	% 
 0  0 -1  0 0
 0  0  0 -1 0
 0 -1  0  0 0
 1  0  0  0 0
 0  0  0  0 1
2-1,2-1;1 1 1
12 
#1 
5	% 
 1  0 0 -1 0
 0  1 1  0 0
 0  0 0  1 0
 0 -1 0  0 0
 0  0 0  0 1
2-1,2-1;1 2 1
12 
#1 
5	% 
 1  1 0  1 0
 0 -1 1  1 0
 0  0 0 -1 0
 0  1 0  0 0
 0  0 0  0 1
2-1;2-1;1 1 6
6 
#1 
5	% 
 0 0 0 0 1
 0 0 0 1 0
 0 1 0 0 0
 0 0 1 0 0
 1 0 0 0 0
4-1';1 1 1
12 
#1 
5	% 
 0 -1 0 0 0
 0  0 0 1 0
 0  0 1 0 0
 1  0 0 0 0
 0  0 0 0 1
2-2;1;1;1 1 4
16 
#1 
5	% 
 1  0 0 0 0
 0  0 0 0 1
 0  0 0 1 0
 0  0 1 0 0
 0 -1 0 0 0
1;1;1;1;1 1 1
1 
#1 
5	% 
 1 0 0 0 0
 0 1 0 0 0
 0 0 1 0 0
 0 0 0 1 0
 0 0 0 0 1
1;1;1;1;1 1 2
6 
#1 
5	% 
 1 0 0 0 0
 0 0 0 0 1
 0 0 0 1 0
 0 0 1 0 0
 0 1 0 0 0
3;1;1 2 1
4 
#1 
5	% 
 0 0 1 0 0
 0 1 0 0 0
 0 0 0 1 0
 1 0 0 0 0
 0 0 0 0 1
1;1;1;1;1 1 9
3 
#1 
5	% 
 0 0 0 0 1
 0 0 0 1 0
 0 0 1 0 0
 1 0 0 0 0
 0 1 0 0 0
3;1;1 1 5
8 
#1 
5	% 
 0 0 0 0 1
 0 0 0 1 0
 0 0 1 0 0
 0 1 0 0 0
 1 0 0 0 0
1;1;1;1;1 1 17
2 
#1 
5	% 
  0 0 0  0 1
  0 0 0 -1 0
  0 1 0  0 0
 -1 0 0  0 0
  0 0 1  0 0
