#25

4-2;1 2 1
1 
#1 
5	% 
 1 0 0 0 0
 0 1 0 0 0
 0 0 1 0 0
 0 0 0 1 0
 0 0 0 0 1
1,1,1,1,1 1 1
1 
#1 
5	% 
 1 0 0 0 0
 0 1 0 0 0
 0 0 1 0 0
 0 0 0 1 0
 0 0 0 0 1
1,1,1;1,1 1 3
30 
#4 
5	% 
 1  0 -1 0  0
 0  1 -2 0 -1
 0 -1 -1 1  0
 0  0  2 0  1
 0  0 -1 0 -1
5	% 
  2  0 -1  0 -1
  0  1 -2 -1  1
  1  0 -1  0  0
 -1 -1  2  1 -1
 -1 -1 -1  0 -1
5	% 
  0  0  1 -1  0
  3 -1 -2  5  2
  1 -1  0  1  1
 -2  1  1 -3 -1
  2 -1 -1  4  1
5	% 
  1  0  0  0  0
 -1  2  1 -2 -2
  1  1  0  0 -1
  0 -1 -1  1  1
  0  0  0  0 -1
1,1,1,1;1 1 2
6 
#1 
5	% 
  0  0  0 -1  0
  0  0  0 -1  1
 -1 -1 -1 -1 -1
  1  0  1  1  0
 -1 -1  0 -1  0
1,1,1,1;1 1 1
1 
#1 
5	% 
  0 -1 -1 -1 0
 -1  0 -1 -1 0
 -1 -1  0 -1 0
  1  1  1  1 0
  0  0  0  0 1
2-1;1,1;1 1 8
18 
#2 
5	% 
  0  0  0 0 1
  1 -1 -1 1 0
 -1  0  1 0 0
  1  0  0 0 0
 -1  1  0 0 0
5	% 
 0  0  0 0 -1
 1 -1 -1 1  1
 1  0 -1 0  1
 1  0  0 0  1
 1 -1  0 0  1
1,1,1;1,1 1 2
6 
#1 
5	% 
 -1 -1 -1 -1 0
  0  0  0  1 0
  0  0  0  0 1
  1  1  0  0 0
 -1  0 -1  0 0
2-2',2-2';1 1 1
2 
#1 
5	% 
 -1 0 1  0 0
  0 0 1  0 0
  0 1 1  0 0
  1 1 0 -1 0
  0 0 0  0 1
2-2;1,1,1 1 2
2 
#1 
5	% 
  0 -1 -1  1  1
 -1 -1 -1  2 -1
  0  2  2 -3  0
 -1 -1 -2  2  0
  1  2  1 -2  0
1,1;1;1;1 1 18
36 
#3 
5	% 
  0 0  0  0  1
 -1 1  1 -1 -1
 -1 0  0  0 -1
  1 0 -1  0 -1
 -1 1  0  0  1
5	% 
  0  0 -4  2 -1
  1 -1  3 -1  1
  1  0  3 -2  1
 -1  1  4 -2  1
  1  0 -4  2 -1
5	% 
  0  0  0 0 -1
  1 -1 -1 1  1
  1  0 -1 0  1
  1  0  0 0  1
 -1  1  0 0 -1
1,1;1,1;1 1 8
15 
#2 
5	% 
  0  0  0  0 1
  1  1  1  0 0
 -1  0  1  0 0
  0  1 -1 -1 0
  0 -1 -1  0 0
5	% 
  0  0  0  0 1
  0  1  0 -1 0
 -1  1  0 -1 0
 -1  0  0 -1 0
  1 -1 -1  2 0
2-2;2-2;1 1 6
6 
#1 
5	% 
  0  0 0  0 1
 -1  0 1  0 0
  0 -1 0  0 0
 -1  0 0  0 0
  0  1 0 -1 0
2-2,2-2;1 1 1
2 
#1 
5	% 
  0  0  1  2 0
 -1 -2  1  2 0
  0  0 -2 -3 0
  2  3 -2 -3 0
  0  0  0  0 1
1,1;1,1;1 1 6
18 
#1 
5	% 
  0  0  0  0 1
 -1  1  1 -1 0
  0  0  1 -1 0
  1 -1  0  1 0
  1  0 -1  1 0
1,1,1;1;1 1 6
9 
#1 
5	% 
  0  0  0  0 -1
 -1  1  1 -1  0
  0  0  1 -1  0
  1 -1  0  1  0
  1  0 -1  1  0
2-2;1,1;1 1 6
6 
#1 
5	% 
  2 -1 -1  2 1
  0  0  0  1 0
 -1  0  1  0 0
 -1  0  0  0 0
  0  1  0 -1 0
1,1,1;1;1 1 2
6 
#1 
5	% 
 -1 -1 -1 -1 0
  0  0  0  1 0
  0  0  0  0 1
  1  0  1  0 0
 -1 -1  0  0 0
2-2;1,1;1 1 5
2 
#1 
5	% 
 -1  1  0 -1 0
  0  0  0  0 1
  0  1  0 -1 0
  1 -1  0  0 0
  0  0 -1  0 0
2-1;1;1;1 1 13
9 
#1 
5	% 
  0  0 0  0 1
 -1  0 1  0 0
 -1  1 1 -1 0
 -1  0 0  0 0
  1 -1 0  0 0
1,1;1;1;1 1 9
9 
#1 
5	% 
  0  0  0  0 1
 -1  1  1 -3 0
  0  1  0  0 0
  1  0 -1  2 0
  1 -1  0  2 0
2-2;1,1;1 1 4
6 
#1 
5	% 
  0 -1  1  0 -1
  1  0 -1  1  1
  0  0  0 -1  0
 -1  0  0  0  0
  0 -1  0  0 -1
2-2,2-2;1 2 1
6 
#1 
5	% 
 2  0 -1  0 0
 0  2  0 -1 0
 1 -2 -1  1 0
 2 -1 -1  0 0
 0  0  0  0 1
2-2;2-2;1 1 4
1 
#1 
5	% 
  0  0 0 0 1
  0  1 0 0 0
  0 -1 1 0 0
 -1  1 0 0 0
  0 -1 0 1 0
1;1;1;1;1 1 17
9 
#1 
5	% 
  0 0  0  0 1
 -1 1  1 -1 0
 -1 0  0  0 0
 -1 1  0  0 0
  1 0 -1  0 0
2-2;1;1;1 1 6
6 
#1 
5	% 
  0 0 0  0 1
  0 1 0  0 0
  0 0 0  1 0
 -1 1 1 -1 0
 -1 1 0  0 0
