#28

3;1;1 1 4
1 
#1 
5	% 
 1 0 0 0 0
 0 1 0 0 0
 0 0 1 0 0
 0 0 0 1 0
 0 0 0 0 1
1,1,1,1,1 1 1
1 
#1 
5	% 
 1 0 0 0 0
 0 1 0 0 0
 0 0 1 0 0
 0 0 0 1 0
 0 0 0 0 1
1,1,1,1;1 1 2
11 
#3 
5	% 
  0 0 -1 0  1
 -1 1 -1 0  1
 -1 0  0 1  0
  1 0  1 0 -2
 -1 0 -1 0  1
5	% 
  0  0  0 0 -1
  0  0  1 1 -1
  0  0 -1 0 -1
  0 -1  0 0  2
 -1  0  1 0 -2
5	% 
  0 0  0 -1  1
  0 1 -1 -1  2
 -1 0  1 -1  0
  1 0  0  1 -1
 -1 0  1 -1  1
2-1;1,1,1 1 2
3 
#1 
5	% 
 1  1 -1 0  0
 0  1 -1 1  0
 0  0  1 0 -1
 0  1 -1 0  0
 0 -1  0 0  0
1,1,1;1,1 1 2
4 
#2 
5	% 
  0 0 -1 0 -1
  0 0  1 1  1
 -1 1  0 0  0
  1 0 -1 0  0
  1 0  0 0  0
5	% 
  0 -1 1 -1 0
 -1  1 0  0 0
  0  0 1  0 1
  1  0 0  0 0
 -1  0 1  0 0
1,1,1;1,1 1 3
24 
#3 
5	% 
  0  1 -1  1  1
 -1  1 -2 -1  2
 -1  1 -1  1  1
  1 -1  2  0 -2
  0  0 -1 -2  2
5	% 
  0  0  2  1 -3
  1  2 -3 -1  6
  0  1  1  1 -1
 -1 -1  1  0 -2
  1  1 -1  0  3
5	% 
  0  1 -1  0  1
  2 -2 -1  2  1
  0  0 -2  1  2
 -1  1  1 -1 -1
  2 -2  0  1 -1
2-1;1,1;1 1 7
6 
#1 
5	% 
  0  0  1  0 -1
  1 -1 -1  1  0
 -1  2  0 -2  0
  1  0 -1  1  0
  0 -1  0  1  0
2-1;1,1;1 1 6
3 
#1 
5	% 
 1 -1  0  0  0
 0  0  1 -1  0
 0  0  1 -1 -1
 0  1 -1  1  0
 0  1  0 -1  0
2-2;1,1,1 1 2
4 
#1 
5	% 
  1  1 -1  0  0
  1  0  1 -1 -1
 -1 -1  0  1  0
  1  1  0  0 -1
 -1 -1  0  1  1
1,1,1;1;1 1 4
4 
#2 
5	% 
 -1 1  0  0  0
  3 0 -1 -1  0
 -2 0  1  0  0
  1 0 -1  0  0
  1 0  0  0 -1
5	% 
 0  0  0 1  1
 0  0  0 0 -1
 0  0 -1 0  0
 1  0  0 0  0
 0 -1  1 0  0
1,1;1,1;1 1 6
12 
#2 
5	% 
 -1 1  0  0  0
  1 0 -3 -1  3
  1 0  0  0  0
  0 0  2  1 -2
  0 0  2  1 -3
5	% 
  0  0  0 -1 1
  1 -1  1  1 0
 -1  0 -1  1 0
 -1  0  0  0 0
  0  1 -1  0 0
1,1,1;1;1 1 6
24 
#3 
5	% 
  1 1  1 0 -2
 -1 0  0 1  0
  0 0 -1 1  1
  1 0  0 0  0
  1 0  0 0 -1
5	% 
  0  0  1  0 -1
 -1  2 -3 -1  3
  1  0  0  0  0
  1 -1  2  1 -2
  1 -1  2  1 -3
5	% 
  0  0 -1  1 1
 -1  2  0 -1 0
  1  0 -1  0 0
  1 -1 -1  1 0
  1 -1  0  1 0
1,1;1,1;1 1 7
30 
#3 
5	% 
 1  1  0 -1 -1
 0 -1 -2  0  3
 1  0 -3  0  3
 1  1 -1 -1  0
 0  0  0  0  1
5	% 
  0 -1  1 -1 0
  0  1 -2  1 1
  0  1 -1  1 1
 -1  0  0  0 1
  1  1 -1  0 0
5	% 
  1 1  0 -1 1
 -1 0 -1  1 0
  0 1 -2  1 2
  1 1 -1 -1 2
  0 0 -1  2 0
2-2;1,1;1 1 6
8 
#1 
5	% 
 -1  1  0  0 0
 -1  1 -1  1 0
  0 -1  0  0 1
  1 -1  0 -1 1
  1  0  0  0 0
2-2;1,1;1 1 4
4 
#1 
5	% 
 -1 -1  1  0  0
  1  0 -2  1  1
  0  0  1 -1  0
  0  0  1  0 -1
 -1  0  1  0  0
1,1;1,1;1 1 5
3 
#1 
5	% 
 0  0 -1 1  1
 1  1 -1 0  0
 0  0  1 0 -1
 0 -1  0 0  1
 0  1  0 0  0
1,1;1;1;1 1 10
12 
#2 
5	% 
 -1 0  3 -2 -1
 -1 1  0  0  0
 -1 0  0  0  0
  0 0 -2  1  1
  0 0 -2  2  1
5	% 
 -2  2  1 -1  0
  0  0  1  0 -1
  1  0  0  0  0
  2 -1 -1  1  0
  1 -2  0  1  0
1,1;1;1;1 1 8
6 
#2 
5	% 
 0 0  1  1  0
 0 1  1  1  0
 1 0  0  0 -1
 0 0 -1 -1 -1
 0 0 -2 -1  1
5	% 
 -1 1  0  0  0
 -1 0  1  0 -1
  0 0 -1  1  0
  1 0 -1  1  0
  1 0  0 -1  0
1,1;1;1;1 1 14
12 
#1 
5	% 
  1  0  1 -1 -1
 -1  0  0  0  1
  0  1 -1 -1  1
  0 -1  1  0  0
  1  1 -1  0  0
1,1,1;1;1 1 5
3 
#1 
5	% 
  0  1 -1  1  0
 -1  0  0  1  0
  1 -1  1 -1  0
 -1  1 -1  1  1
  0  0  1  0 -1
1,1;1,1;1 1 9
6 
#1 
5	% 
 -1 0  1  0 -1
  0 1 -1  1 -1
  0 0  0 -1  0
  0 0 -1  1  1
  0 0  0  0  1
2-1;1;1;1 1 8
3 
#1 
5	% 
 0  0  1 -1 -1
 0 -1  1 -1  0
 1  0 -1  1  0
 0  0  1 -1  0
 0  0 -1  2  0
1,1;1;1;1 1 17
1 
#1 
5	% 
  1 1 -1  0  0
 -1 0  1  0 -1
  1 0 -1  1  0
  0 0  1 -1 -1
  0 0 -1  0  1
1,1;1;1;1 1 16
6 
#1 
5	% 
 -1  2 -1  1  0
 -2  1  0  1  0
  0  0  0  0  1
  1 -1  1 -1 -1
  1 -1  0 -1  0
3;1,1 1 2
1 
#1 
5	% 
 1 -1 0  0 0
 0  0 1 -1 0
 0  0 1  0 0
 0  0 0  0 1
 0  1 0  0 0
1;1;1;1;1 1 11
3 
#1 
5	% 
 0 -1  0  1 0
 0  0 -1  1 1
 0  0  1 -1 0
 1  0 -1  1 0
 0  0  1 -2 0
1;1;1;1;1 1 13
1 
#1 
5	% 
  0 1  0  0 -1
 -1 0  0  0  0
  0 0 -1  0  1
  0 0  1 -1 -1
  0 0  1 -1  0
2-2;1;1;1 1 7
4 
#1 
5	% 
 0 1 -1  1 0
 1 0 -1  0 0
 0 0  0  0 1
 0 0  0 -1 1
 0 0  1 -1 0
