#17

1;1;1;1;1 1 9
1 
#1 
5	% 
 1 0 0 0 0
 0 1 0 0 0
 0 0 1 0 0
 0 0 0 1 0
 0 0 0 0 1
1,1,1,1,1 1 1
1 
#1 
5	% 
 1 0 0 0 0
 0 1 0 0 0
 0 0 1 0 0
 0 0 0 1 0
 0 0 0 0 1
1,1,1,1;1 1 2
4 
#1 
5	% 
  1  0 0  0  0
  1  0 0 -1  0
  1  1 1  1  1
 -1 -1 0  0 -1
  1  1 1  0  0
1,1,1,1;1 1 1
1 
#1 
5	% 
 0 -1  0 -1 -1
 0 -1 -1  0 -1
 0  0 -1 -1 -1
 0  1  1  1  1
 1  0  0  0  0
1,1,1;1,1 1 3
4 
#1 
5	% 
  1  0  0 0 0
 -1 -1 -1 1 0
  1 -1  0 0 0
  0  1  1 0 0
  0  0  0 1 1
1,1,1;1,1 1 2
4 
#1 
5	% 
 0  1 1 1  1
 0  1 0 0  0
 1  0 0 0  0
 0 -1 0 0 -1
 0  1 1 0  0
1,1,1;1,1 1 1
2 
#1 
5	% 
  0 -1 0 -1  0
 -1  0 0 -1  0
  1  1 0  1  0
  0  0 0  0 -1
  0  0 1  0  1
1,1,1;1;1 1 2
4 
#1 
5	% 
 0  0 -1 -1 -1
 0 -1  0  1  0
 1  0  0  0  0
 0  1  0  0  1
 0 -1 -1  0  0
1,1;1,1;1 1 2
4 
#1 
5	% 
 -1 0 -1  0 -1
  0 0  0 -1  0
  0 1  0  1  0
  1 0  0  0  1
 -1 0 -1  0  0
1,1;1,1;1 1 6
8 
#1 
5	% 
 1 0  0  0  0
 0 0 -1 -1 -1
 0 1  1  0  0
 0 0  1  0  0
 0 0  0  0  1
1,1,1;1;1 1 6
4 
#1 
5	% 
 -1 -1 -1  1 -1
  2  1  1 -2  1
 -1 -1 -1  0  0
 -1 -1 -1  1  0
 -1 -1  0  1 -1
1,1,1;1;1 1 3
2 
#1 
5	% 
  0 -1 0 -1 0
 -1  0 0 -1 0
  1  1 0  1 0
  0  0 0  0 1
  0  0 1  0 0
1,1;1,1;1 1 8
2 
#1 
5	% 
 1  0  0  0  0
 0  2  1  1 -1
 0  0  0  1 -1
 0 -1 -1 -1  0
 0 -1  0 -1  1
1,1;1,1;1 1 1
1 
#1 
5	% 
 0 0 1  0 0
 0 0 0  0 1
 0 0 0 -1 0
 0 1 0  1 0
 1 0 0  0 0
1,1;1;1;1 1 9
4 
#1 
5	% 
 1  0  0  0 0
 0 -1 -1 -1 0
 0  1  0  0 1
 0  1  0  0 0
 0  0  0  1 0
1,1;1;1;1 1 11
4 
#1 
5	% 
 -1 0 -1 0 -1
  1 0  0 0  1
  0 0  0 1  0
  0 1  0 0  0
 -1 0 -1 0  0
1,1;1;1;1 1 3
2 
#1 
5	% 
 0 1 0 0 0
 0 0 0 1 0
 1 0 0 0 0
 0 0 0 0 1
 0 0 1 0 0
