#11

1;1;1;1;1 1 4
1 
#1 
5	% 
 1 0 0 0 0
 0 1 0 0 0
 0 0 1 0 0
 0 0 0 1 0
 0 0 0 0 1
1,1,1,1,1 1 1
1 
#1 
5	% 
 1 0 0 0 0
 0 1 0 0 0
 0 0 1 0 0
 0 0 0 1 0
 0 0 0 0 1
1,1,1,1;1 1 2
4 
#1 
5	% 
 -1  0 -1  0  1
 -2  1 -1  0 -1
 -1 -1 -1 -1  1
  2  0  1  1  0
 -2  0 -1  0  0
1,1,1,1;1 1 1
1 
#1 
5	% 
 0 -1  0 -1 -1
 0 -1 -1  0 -1
 0  0 -1 -1 -1
 0  1  1  1  1
 1  0  0  0  0
1,1,1;1,1 1 2
10 
#2 
5	% 
  0  0  1 0 -1
 -1 -1  1 0  1
  0  2  0 1  0
  0  0 -1 0  0
  0 -1  1 0  0
5	% 
  0 -1  1  0 1
  0  1  0  1 0
  1  0  0  0 0
 -1  0 -1 -1 0
 -1  0  1  0 0
1,1,1;1;1 1 2
4 
#1 
5	% 
 0 1 -1 0 -1
 0 0 -1 0  1
 1 0  0 0  0
 0 0  1 1  0
 0 0 -1 0  0
1,1;1,1;1 1 3
12 
#1 
5	% 
 1  2 0  2  0
 0  0 1  0 -1
 0  0 0  1  1
 0 -1 0 -1  0
 0  0 0  0  1
1,1,1;1;1 1 4
6 
#1 
5	% 
  1  0  0  0  0
 -1  2  1  2 -1
  0 -1 -1 -1  1
  0  1  0  1 -1
  0  1  0  0 -1
1,1;1,1;1 1 4
3 
#1 
5	% 
 0 -1 -1 -2 -1
 0  0 -1 -2  1
 1  0  0  0  0
 0  1  1  2  0
 0 -1  0 -1 -1
1,1;1;1;1 1 4
6 
#1 
5	% 
 0 -2  3 0 1
 1  0  0 0 0
 0 -1  1 0 0
 0  1 -2 0 0
 0  0  1 1 0
1,1;1;1;1 1 6
4 
#1 
5	% 
 1  0  0  0  0
 0  0  1  0 -1
 0 -1 -1 -1  1
 0 -1  0  0  1
 0 -1  0 -1  1
