#9

4-1';1 1 2
1 
#1 
5	% 
 1 0 0 0 0
 0 1 0 0 0
 0 0 1 0 0
 0 0 0 1 0
 0 0 0 0 1
1,1,1,1,1 1 1
1 
#1 
5	% 
 1 0 0 0 0
 0 1 0 0 0
 0 0 1 0 0
 0 0 0 1 0
 0 0 0 0 1
1,1,1;1,1 1 3
8 
#2 
5	% 
 -1  1 -2  1  1
  4 -1  3  0 -1
  0  1 -2  2  2
 -1  0  0 -1  0
  2  0  1  1  0
5	% 
  2  0  1  0 0
 -1 -1 -2  1 1
  2 -1  1  1 0
 -1  1  0 -1 0
 -1 -1 -1  0 1
1,1,1,1;1 1 2
1 
#1 
5	% 
  1  0  0  0  0
  1  0 -1  0  0
  0 -1 -1 -1 -1
 -1  1  1  0  1
  1 -1 -1 -1  0
2-1',2-1';1 1 2
1 
#1 
5	% 
  1 1  0 0 0
  1 0  0 0 0
 -1 0 -1 0 0
  0 0  0 0 1
  0 0  0 1 0
1,1;1,1;1 1 9
2 
#1 
5	% 
  1  0  2 -1 -1
  1  1  1  0 -1
 -1 -1  0  1  0
  1  1 -1  0  0
  0  0 -1  0  1
1,1;1,1;1 1 7
2 
#1 
5	% 
 0 0  0 0  1
 1 2 -1 0 -1
 1 2 -2 1  0
 0 1 -1 0  1
 0 0  0 1 -1
2-1,2-1;1 3 2
1 
#1 
5	% 
  0  0 -1 0 0
 -1  0 -1 1 1
 -2 -1 -1 2 2
  0  0  0 0 1
  0  0  0 1 0
2-1,2-1;1 2 3
1 
#1 
5	% 
 -2  0 -1  0  0
  2  1  0  1  1
  5  0  2  0  0
  1 -1  1  0 -1
  1 -1  1 -1  0
