#14

3;1;1 1 6
1 
#1 
5	% 
 1 0 0 0 0
 0 1 0 0 0
 0 0 1 0 0
 0 0 0 1 0
 0 0 0 0 1
1,1,1,1,1 1 1
1 
#1 
5	% 
 1 0 0 0 0
 0 1 0 0 0
 0 0 1 0 0
 0 0 0 1 0
 0 0 0 0 1
1,1,1,1;1 1 2
7 
#2 
5	% 
  1 0  0  0  1
  1 0  0 -1 -1
  1 1 -1  1 -1
 -1 0  1  0  2
  1 1  0  0 -1
5	% 
  0 -1 0  1 -1
 -1 -1 1  1  0
 -1  0 0  1  0
  1  1 0 -1  1
 -1 -1 0  1  0
2-1;1,1;1 1 8
6 
#2 
5	% 
 -1 -1  1  1 -1
  0  1 -1 -1  1
  1  0 -1 -1  0
  1  1 -1  0  0
  1  1  0 -1  1
5	% 
  0 0  0 0 -1
  0 0  0 1 -1
  0 0 -1 0 -1
 -1 0  0 0  0
  0 1  0 0  0
1,1,1;1,1 1 3
12 
#3 
5	% 
  0  0  1  0  0
  5  2 -3  2 -4
  2  1  0  1 -1
 -3 -1  1 -1  2
  3  2 -2  1 -2
5	% 
  0  0  0 -1  1
  2  1  2  2  1
  0  1  0  0  2
 -1 -1 -1 -1 -1
  1  1  2  2  0
5	% 
  1  1  0  0  1
 -2 -1 -2  0  1
  0  1  0  0  2
  1  0  1  0 -2
 -2 -1 -2 -1  0
2-2;1,1,1 1 2
4 
#1 
5	% 
  1  0  0  0  0
  1  1 -1  1  2
 -1 -1  1  0 -2
  1  1  0  1  2
 -1  0  1 -1 -1
1,1,1;1;1 1 6
9 
#2 
5	% 
  0  0  0  0 -1
 -2 -1  1  1  0
  0  1  0 -1  1
  1  1  0 -1  1
  1  0 -1 -1  0
5	% 
  1  0  0 -1  0
 -3  0 -1  2  0
  1 -1  0 -1 -1
  2  0  0 -1 -1
  2  0  0 -1  0
1,1;1,1;1 1 7
9 
#2 
5	% 
 -1 -1 0 1 -1
  1  1 0 0  2
  0  0 1 1  2
 -1 -1 0 1  0
  0  1 1 0  1
5	% 
 1 -1  0  1 -1
 0  1 -1 -1  0
 1  1 -1  0 -1
 1  0 -1  1 -1
 0  0  0  0 -1
2-2;1,1;1 1 6
4 
#1 
5	% 
  1 1  1 -1  1
  1 0  1  0  0
  0 0  0  1 -1
  0 0 -1  1 -1
 -1 0  0  0  1
2-1;1;1;1 1 14
3 
#1 
5	% 
 0 0 0  0  1
 0 0 1  0  0
 0 1 0  0  0
 0 0 0 -1  1
 1 0 0  0 -1
3;1,1 1 3
1 
#1 
5	% 
  0  0 0  0 -1
  0  0 0 -1  1
  0  0 1  0  1
  0 -1 0  0  0
 -1  0 0  0  0
1,1;1;1;1 1 14
3 
#1 
5	% 
 -1 0 1  0 1
  1 0 0  0 0
  0 1 0 -1 1
  0 0 0  1 0
 -1 0 0 -1 1
1,1;1;1;1 1 18
4 
#2 
5	% 
 0 0 0  0  1
 0 0 0 -1 -1
 1 0 0  0 -2
 0 1 0  0 -1
 0 0 1  0  2
5	% 
 0 0 0  0  1
 0 0 0 -1 -1
 0 0 1  0 -1
 1 0 0  0 -2
 0 1 0  0  2
1;1;1;1;1 1 18
1 
#1 
5	% 
 -1  0 0  0  0
  0  0 0 -1  0
  0  0 1  0  0
  0 -1 0  0 -1
  0  0 0  0  1
