#6

2-1;1,1;1 1 8
1 
#1 
5	% 
 1 0 0 0 0
 0 1 0 0 0
 0 0 1 0 0
 0 0 0 1 0
 0 0 0 0 1
1,1,1,1,1 1 1
1 
#1 
5	% 
 1 0 0 0 0
 0 1 0 0 0
 0 0 1 0 0
 0 0 0 1 0
 0 0 0 0 1
1,1,1;1,1 1 3
3 
#2 
5	% 
  1  0  0 0 0
 -1 -1 -1 1 0
  1 -1  0 0 0
  0  1  1 0 0
  0  0  0 1 1
5	% 
 1  0 0  0 0
 0 -1 1 -1 0
 0 -1 0  0 0
 0  1 0  1 0
 0  0 1  0 1
1,1,1,1;1 1 2
2 
#1 
5	% 
  1  0 0  0  0
  1  0 0 -1  0
  1  1 1  1  1
 -1 -1 0  0 -1
  1  1 1  0  0
1,1;1;1;1 1 18
1 
#1 
5	% 
 -1 -1 -1 -1 -1
  1  0  1  1  1
  1  1  0  1  1
  1  1  1  0  1
 -1 -1 -1 -1  0
1,1,1;1;1 1 6
1 
#1 
5	% 
 -1 -1 -1 -1 -1
  2  1  1  2  1
 -1 -1 -1  0  0
 -1 -1 -1 -1  0
 -1 -1  0 -1 -1
