#51

5-1 2 1
1 
#1 
5	% 
 1 0 0 0 0
 0 1 0 0 0
 0 0 1 0 0
 0 0 0 1 0
 0 0 0 0 1
1,1,1,1,1 1 1
1 
#1 
5	% 
 1 0 0 0 0
 0 1 0 0 0
 0 0 1 0 0
 0 0 0 1 0
 0 0 0 0 1
1,1,1;1,1 1 3
120 
#2 
5	% 
  1  1  0 -1 -1
 -2 -1 -2  0 -1
  0 -1  0  0  0
  1  1  1  0  1
 -2 -2 -2  1  0
5	% 
 -1  1  0  0  0
  4 -1 -4 -2 -1
 -1  1 -1 -1  0
 -2  0  3  1  1
  1  0 -2 -1 -1
2-1;1,1;1 1 7
60 
#1 
5	% 
  0  0  1  1  1
  0  0 -1  0 -1
 -1 -1 -1 -1  0
 -1 -1  0  0  0
  1  0  0  0  0
2-1;1,1;1 1 8
120 
#1 
5	% 
  1  1  1 0  1
 -1  0  0 0 -1
 -1 -1  0 1  0
  0  0 -1 0 -1
  0 -1 -1 0 -1
2-1',2-1';1 1 2
30 
#1 
5	% 
  2  2  3  1  1
 -1 -2 -2 -2 -2
 -1 -1 -1  0  0
  1  1  1  0  1
  1  1  1  1  0
2-1;1,1,1 1 2
10 
#1 
5	% 
  3 1 -2  1 -1
  2 0 -2  1 -1
  0 0  1  1  1
  2 0 -2  0 -1
 -1 0  1 -1  0
2-1;1,1;1 1 4
30 
#1 
5	% 
 -1  0  0 0  0
 -1  0  1 0  0
  1  0  1 1  0
  0 -1 -1 0  0
  1  0  0 0 -1
1,1,1,1;1 1 2
25 
#2 
5	% 
  0  0  1  1 1
  0  0  1  2 0
  0  1  1  0 0
 -1 -1 -1 -1 0
  0  1  1  1 0
5	% 
 1  0 -1  0  0
 1  0 -2  0 -1
 0 -1  1  1  1
 0  1  0 -1 -1
 1 -1 -1  0  0
1,1,1;1,1 1 2
10 
#1 
5	% 
 -1  1 0  0  0
 -1 -1 0 -1  1
  0  2 1 -1 -1
  1  0 0  1  0
 -1 -1 0  0  1
2-2;1,1,1 1 2
40 
#1 
5	% 
  1  0 0  0  0
  1  1 0  0  0
 -1 -1 0  0 -1
  1  2 0 -1  0
 -1 -1 1  0  1
1,1;1,1;1 1 9
150 
#2 
5	% 
 -2 -3 -1  2  2
 -1  1 -2 -1  0
  0 -1  0  0  1
  1  2  1 -1 -1
  1  1  1  0 -1
5	% 
 -2 -1 -2 -3 -2
 -2 -4 -3 -2 -1
 -1  0  0  0  0
  2  1  1  2  1
  2  2  2  2  1
1,1;1;1;1 1 16
60 
#1 
5	% 
  2  2  1 0  2
  1  1  2 1  3
  0  1  1 0  0
  0 -1 -1 0 -1
 -1 -1 -1 0 -1
1,1;1;1;1 1 18
40 
#1 
5	% 
  1  1  1  1 0
 -1 -1  0  0 1
  0  0 -1 -1 0
 -1  0  0 -1 0
  0  1  1  1 0
4-3';1 1 2
96 
#1 
5	% 
  2  3  1  1 -2
 -2 -2 -2 -2  1
 -1  0 -2 -3  0
  0  2 -1 -2 -1
  1  3  0 -1 -2
2-2;1,1;1 1 6
160 
#2 
5	% 
 0 0  0  0 -1
 0 0  0  1 -1
 0 1  1  1  0
 0 0  1  1  1
 1 0 -1 -1  0
5	% 
  0  0  0 -1  1
 -1 -1  0 -1  1
  0  0  0  0 -1
  0  0 -1  0 -2
  0  1  1  1  0
1,1;1;1;1 1 15
60 
#1 
5	% 
 -1  0  0 -2 -2
  0  0  0  1  0
  0 -1 -1 -1 -2
  0  0 -1 -2 -2
 -1 -1  0 -1 -1
1,1,1;1;1 1 6
120 
#2 
5	% 
  0  0  0 0  1
  0  0  1 0 -1
 -1  0  1 1  1
 -1  0  0 0  1
  0 -1 -1 0  1
5	% 
 -1  0 0 -1 -1
  2  0 1  4  2
 -1 -1 0 -1  0
 -1  0 0 -2 -1
 -2  0 0 -2 -1
2-1;1;1;1 1 11
30 
#1 
5	% 
  0 -1 -1 0 0
  0  0  1 0 1
  1  1  1 1 0
  1  1  0 0 0
 -1  0  0 0 0
2-2;2-1;1 1 4
40 
#1 
5	% 
  1  0 0  0 1
  1  1 1  0 1
 -1  0 0  0 0
  0  0 0 -1 1
 -1 -1 0  0 0
3;1,1 1 3
40 
#1 
5	% 
  1  1 1 0 1
  0  1 1 0 1
  1  0 0 0 1
  0  0 1 0 1
 -1 -1 0 1 0
2-1;1;1;1 1 15
60 
#1 
5	% 
 -1 -2 -1 0 0
  0  0  1 1 1
  0 -1  0 0 1
  1  0  1 1 1
  1  1  0 0 0
2-1;2-1;1 1 8
30 
#1 
5	% 
 0 0 1 0 1
 0 1 1 0 0
 1 1 0 0 0
 1 0 0 0 0
 0 0 0 1 0
2-1,2-1;1 1 2
60 
#1 
5	% 
 0 -1 -3 -2 -2
 1 -1  0  0  0
 0  1  2  1  1
 0  0 -1  0 -1
 0  0 -1 -1  0
2-1;2-1;1 1 3
15 
#1 
5	% 
 -1 -1  0 0 0
  1  0 -1 0 0
  1  0  0 1 1
  1  0  0 1 0
  1  0  0 0 1
4-1;1 1 2
5 
#1 
5	% 
 0 -1 -1  0  0
 0  1  0 -1 -1
 1  1  0 -1 -1
 1  1  0 -1  0
 1  1  0  0 -1
2-1,2-1;1 3 2
30 
#1 
5	% 
 0  0  1  0  0
 0 -1 -2 -1 -1
 1  0  0  0  0
 0 -1 -1 -1  0
 0 -1 -1  0 -1
2-1,2-1;1 2 3
60 
#1 
5	% 
  0  0 -1  0  0
  1  2  3  1  1
  0 -1  1 -1 -1
 -1 -2 -2 -1 -2
 -1 -2 -2 -2 -1
4-1';1 1 2
60 
#1 
5	% 
  1  2  2  1  1
 -1 -2 -1 -1 -1
 -2 -3 -3 -2 -2
 -1 -1 -1 -1  0
 -1 -1 -1  0 -1
3;1,1 2 2
10 
#1 
5	% 
  0  0  0  1 -1
 -1 -1 -1 -1 -1
  0  0  0  0 -1
  0  0  1  1  1
 -1  0  0 -1  0
2-1;1;1;1 1 6
10 
#1 
5	% 
  1 1 0  0  0
 -1 0 1  0  0
 -1 0 0 -1 -1
  0 0 0  0 -1
  0 0 0 -1  0
1,1,1;1;1 1 4
10 
#1 
5	% 
 0  1  1  1 -1
 0 -1 -2 -3  1
 0  1  2  2  0
 0  0 -1 -1  0
 1  0 -1 -1  0
1,1;1,1;1 1 3
15 
#1 
5	% 
  0 -3 -3 -2  2
 -1 -1  0  0  0
  2  1  0  0  1
  0  1  1  1 -1
  1  1  0  0  1
1,1;1,1;1 1 7
60 
#1 
5	% 
 -2  0  1 0 -1
  3 -1 -1 2  3
  3 -1 -1 3  2
  0 -1  0 2  1
  1  0  0 0  0
1,1,1;1;1 1 5
10 
#1 
5	% 
 1 1  0  0  0
 1 0 -1  0  0
 1 0 -1  0 -1
 0 0  1  0  1
 0 0 -1 -1 -1
1,1;1,1;1 1 6
60 
#1 
5	% 
 0 1 1 0  0
 0 1 0 0 -1
 0 0 0 0 -1
 1 0 0 0  0
 0 0 1 1  1
1,1;1;1;1 1 6
10 
#1 
5	% 
 0  0 0 -1  1
 1  1 0  1 -1
 0 -1 0 -1  1
 0  0 1  0  1
 0 -1 0  0  1
1,1;1;1;1 1 13
30 
#1 
5	% 
  1  0  0  0  0
 -1 -1 -1 -1  0
  1  0  0  0  1
  0 -1 -1  0  0
  0  0 -1 -1 -1
1,1;1;1;1 1 10
60 
#1 
5	% 
  0 -2 0 -2  1
  0  1 1  0  0
 -1  1 0  0 -1
 -1  1 0  1 -1
  1  2 0  1 -1
2-2;1,1;1 1 4
40 
#1 
5	% 
 0 0 -1 -1 -1
 0 0  1  0  1
 0 0  0  1 -1
 1 1  0  0  0
 1 0 -1  0 -1
1;1;1;1;1 1 15
15 
#1 
5	% 
 0 1  1  0  0
 0 0  0 -1  0
 0 0 -1  0 -1
 1 1  0  0  0
 1 0  0  0  0
1;1;1;1;1 1 19
10 
#1 
5	% 
  0 -1  0  1  0
  1  1  0  0  0
  0  0 -1 -1 -1
  0  1  1  0  0
 -1  0  0  0  0
2-2;1;1;1 1 9
40 
#1 
5	% 
 0 0  0  1  0
 1 0  0  1  0
 1 1  0  0  0
 0 0 -1 -1 -1
 0 0  0 -1  1
4-3;1 1 3
16 
#1 
5	% 
  0  1  0 -1  0
  1  0  0  0  0
  0  0  1  1  0
 -1  0  0 -1  1
  0 -1 -1  0 -1
3;1;1 2 5
10 
#1 
5	% 
  0 -1 -1 -1  0
 -1  1  1  1 -1
  0 -1  0  0  1
  0  1  1  0  0
  1  0  0  0  0
3;2-1 2 2
10 
#1 
5	% 
 1 0  0 0  0
 0 1  0 0  0
 0 1  0 1 -1
 0 0  0 1  0
 0 0 -1 0 -1
3;1;1 1 8
40 
#1 
5	% 
 -1 -1 -1 0 -1
  1  1  0 0  0
  0  0  1 1  1
  0  1  1 0  0
  1  0  0 0  0
3;1;1 2 4
10 
#1 
5	% 
  1 1 0  0  0
 -1 0 1  0  0
 -1 0 0 -1 -1
  0 0 0  0 -1
  0 0 0 -1  0
2-2;1;1;1 1 7
40 
#1 
5	% 
 1  1  0 -1  0
 0 -1 -1  0 -1
 0  1  1  0  0
 0  0  0  1 -1
 0  0  1  1  1
1;1;1;1;1 1 5
1 
#1 
5	% 
 1 0 0  0  0
 0 1 0  0  0
 0 2 1  0  0
 0 1 0  0 -1
 0 1 0 -1  0
1;1;1;1;1 1 8
10 
#1 
5	% 
  1  0 -1 0 -1
  0 -1 -1 0  0
  0  0  0 1  0
  0  0  1 1  1
 -1 -1  0 0  0
