#44

4-1;1 1 2
1 
#1 
5	% 
 1 0 0 0 0
 0 1 0 0 0
 0 0 1 0 0
 0 0 0 1 0
 0 0 0 0 1
1,1,1,1,1 1 1
1 
#1 
5	% 
 1 0 0 0 0
 0 1 0 0 0
 0 0 1 0 0
 0 0 0 1 0
 0 0 0 0 1
1,1,1,1;1 1 2
17 
#3 
5	% 
 -1 -1 -1 1  1
 -1 -1 -1 0  2
 -1  0 -1 0  0
  2  1  1 0 -1
 -1 -1 -1 0  1
5	% 
  1  0  0  0  0
  1  0 -1  0  0
  0 -1 -1 -1 -1
 -1  1  1  0  1
  1 -1 -1 -1  0
5	% 
 1  0  1  0  0
 0 -1 -1  1  1
 1  0  2  0 -1
 0  1  0 -1 -1
 1 -1  1  0  0
2-1;1,1;1 1 8
24 
#1 
5	% 
  1  0  0  1 0
  0  1  0 -1 0
 -1  0 -1  0 1
 -1 -1  1 -1 0
  0  0  0 -1 0
1,1,1;1,1 1 2
10 
#2 
5	% 
 -1  0 -1  0  0
 -3 -1 -1 -1 -1
 -1  0  0  0  0
  2  1  1  1  0
 -3 -1 -1  0 -1
5	% 
 0  0 -1  1 1
 0 -1  1  0 0
 1  0  0  0 0
 0  1  0 -1 0
 0  0  0  1 0
2-1;1,1,1 1 2
6 
#1 
5	% 
  3 1  2  1 -1
  2 0  2  1 -1
  0 0 -1  1  1
  2 0  2  0 -1
 -1 0 -1 -1  0
1,1,1;1,1 1 3
48 
#3 
5	% 
 1 1  0  0  0
 0 0  2 -2 -1
 1 0 -2  1  1
 0 0  1  0 -1
 0 0  1 -1  0
5	% 
  1 -1  1  0  1
 -2  1  1 -1 -2
  0 -2  2 -1  0
  1  1 -2  1  1
 -2  2  0 -1 -3
5	% 
  0  0 1  0 -1
 -2  1 0 -2 -3
 -1  1 0  0 -2
  1 -1 0  1  2
 -1  1 0 -2 -1
2-1;1,1;1 1 4
18 
#2 
5	% 
  0  1 -1  0  0
  1  0  1 -1 -1
  1 -1  2  0 -1
 -1  0  0  0  0
  1 -1  2 -1  0
5	% 
 0  0  0  1 -1
 1  0  1 -1 -1
 1  0  1 -1  0
 0  0 -1  1  1
 0 -1  1 -1  0
2-1;1,1;1 1 7
12 
#1 
5	% 
 1  1  0 0  0
 0 -1  0 0  1
 0  2 -1 0 -3
 0 -1 -1 1  3
 0 -2  1 0  2
2-1',2-1';1 1 2
6 
#1 
5	% 
 0 -2  1  0  0
 1  1 -2  1  1
 0 -1  2 -1 -1
 0  0 -1  0  1
 0  0 -1  1  0
2-2;1,1,1 1 2
16 
#1 
5	% 
  0 0  0  1 0
  0 0  0  1 1
 -1 0  0 -1 0
  0 1 -1  1 0
  1 1  0 -1 0
1,1,1;1;1 1 4
10 
#2 
5	% 
  2  1  1  0  0
 -6 -2 -3 -1 -1
  5  2  2  1  1
 -3 -1 -1  0 -1
 -3 -1 -1 -1  0
5	% 
 0 -1 1  1 -1
 0  1 0 -3  1
 0 -1 0  2  0
 0  1 0 -1  0
 1  1 0 -1  0
1,1;1,1;1 1 3
15 
#2 
5	% 
 0 -3  3 -2  2
 0  0 -1  1  1
 1  0  1 -1  0
 0  1 -1  1 -1
 0  0  1 -1  0
5	% 
  2  1 -1  0  0
  2  2 -1  1  1
 -1 -1  0 -1  0
 -1 -1  1  0  0
 -1 -1  0  0 -1
1,1,1;1;1 1 6
48 
#3 
5	% 
 -1  0  0 -1 -1
  2  0 -1  4  2
 -1 -1  0 -1  0
 -1  0  0 -2 -1
 -2  0  0 -2 -1
5	% 
 -1 0  0 -1 -1
  0 0 -1  1  1
  0 1 -1  1  0
  0 0  0  0 -1
  0 0  0 -1  0
5	% 
 0  1  0 0 -1
 0 -2  1 0  1
 0  1  0 0  0
 0  1 -1 1  0
 1  1  0 0 -1
1,1;1,1;1 1 7
36 
#2 
5	% 
 -1 0 0  0 -1
  2 0 1  0  1
  0 1 0 -2 -1
 -1 0 0 -1  0
  1 0 0  0  0
5	% 
 0 0 -1 0  1
 0 1  2 0 -1
 1 0  2 1  0
 0 0  0 0  1
 0 0  0 1 -1
2-2;1,1;1 1 6
32 
#2 
5	% 
  2  0  0  3  1
  2  0 -1  4  2
 -2  0 -1 -1  0
 -3 -1  0 -3 -1
  0  1  0 -2 -1
5	% 
  2  2  1 -2 -2
  1  0  1 -1 -1
  0 -1  0  0  1
 -1 -1 -1  1  1
  0  0  0  1  0
1,1;1,1;1 1 9
30 
#2 
5	% 
  1  3  0  1  1
 -2  2 -1  2  1
  1  0  1  0 -1
 -1 -1 -1  0  0
  0 -1  0 -1  0
5	% 
 -3  0 -2 -1  0
 -3  1 -3  1 -1
 -1 -1  0  0  1
  3  1  1  1  0
  3  0  2  0  0
1,1,1;1;1 1 5
6 
#1 
5	% 
  1  1  0 0  0
  1  0  1 0  0
 -3 -1 -2 0  1
  2  1  2 0 -1
  0  0 -1 1  1
1,1;1,1;1 1 6
36 
#2 
5	% 
  0 -2  2 -1  1
  1  3  1 -1 -2
 -1 -1 -2  2  1
 -1 -1 -1  1  1
  0 -1  0  0  0
5	% 
  0  1 -1  0  0
  3 -1 -1  4  1
 -1 -1  2 -1  0
 -2  0  1 -2  0
 -1  0  2 -3 -1
2-1;1;1;1 1 15
12 
#1 
5	% 
  1 0 -1 1 1
  1 1  0 0 0
  1 0  0 0 1
  1 0  1 0 0
 -1 0  0 0 0
3;1,1 1 3
8 
#1 
5	% 
  1  0  0 1 0
  0 -1  1 0 0
  0  0 -1 1 1
  1  1  0 0 0
 -1  0  0 0 0
1,1;1;1;1 1 6
10 
#2 
5	% 
  0 -1 1  0  0
  0  1 0 -1 -1
 -1 -1 0  1  1
 -1 -1 0  1  0
 -1 -1 0  0  1
5	% 
  0  0  0 -1 1
  0  0 -1  2 0
 -1 -1  1 -2 0
 -1  0  0 -1 0
 -1 -1  1 -1 0
2-2;1,1;1 1 4
16 
#1 
5	% 
 -1  0 0  0  0
  1  0 0  0  1
 -1 -1 0  0  0
  0  0 1 -1 -1
 -1 -1 1  0 -1
1,1;1;1;1 1 10
36 
#2 
5	% 
 -5  1 -1 -4 -5
  0  0  0  1 -1
  1 -1  0  3  2
  2 -1  0  3  3
  3  0  1  2  2
5	% 
 0  1 -1 -1  2
 1  1  0  0  0
 0  1  0  0 -1
 0  0  1  0 -2
 0 -1  1  1 -1
1,1;1;1;1 1 16
12 
#1 
5	% 
  0  3 -1 -1 -3
  0  2  1 -2 -4
 -1 -1  0  0  0
  1 -1  0  1  2
  0 -1  0  1  2
1,1;1;1;1 1 13
18 
#2 
5	% 
  0 -1  1  0  0
  0  1 -1  0 -1
  1 -1  2 -1  0
  1  0  0  0  0
 -1 -1  0  0  0
5	% 
  0 -1  1  0 0
  0  0 -1  0 1
  1  0  1 -1 0
  1  0  0  0 0
 -1 -1  0  0 0
1,1;1;1;1 1 15
12 
#1 
5	% 
  1 1 -1 0 1
 -1 0  0 0 0
  0 1 -1 1 0
  0 1 -1 0 0
  1 1  0 0 0
1,1;1;1;1 1 18
8 
#1 
5	% 
  1  0  0  1 0
 -1  0 -1  0 1
  0  0  0 -1 0
 -1 -1  1 -1 0
  0 -1  0  1 0
2-1;2-1;1 1 3
3 
#1 
5	% 
 -1 -1 0 0 0
  1  0 1 0 0
  1  0 0 1 1
  1  0 0 1 0
  1  0 0 0 1
2-1;1;1;1 1 6
6 
#1 
5	% 
  1 0  0 0 0
 -1 0 -1 1 1
 -1 0 -1 2 0
  0 1 -1 1 0
  0 0  0 1 0
2-1;1;1;1 1 11
6 
#1 
5	% 
  1  0  0 0 0
  0  0  0 0 1
  0  1 -1 1 0
  0  1 -1 0 0
 -1 -1  0 0 0
3;1,1 2 2
4 
#1 
5	% 
 0  0  0  1 -1
 1  0  1 -1 -1
 0  0  0  0 -1
 0  0 -1  1  1
 0 -1  1 -1  0
2-1,2-1;1 1 2
12 
#1 
5	% 
  0  1 -3  2  2
 -1 -2  0  0  0
  0 -1  4 -3 -3
  1  2 -2  2  1
  1  2 -2  1  2
2-1;2-1;1 1 8
6 
#1 
5	% 
 0 0 -1 0 1
 0 1 -1 0 0
 1 1  0 0 0
 1 0  0 0 0
 0 0  0 1 0
2-1,2-1;1 3 2
6 
#1 
5	% 
 -1  0 -2  1  1
  2 -1  4 -2 -2
  2 -1  3 -2 -2
  1 -1  2 -2 -1
  1 -1  2 -1 -2
2-1,2-1;1 2 3
12 
#1 
5	% 
  1 -1  2 -1 -1
 -1  1 -3  1  1
 -3  2 -4  2  2
 -1  0  0  0  1
 -1  0  0  1  0
4-1';1 1 2
12 
#1 
5	% 
 0  1 -1  1  1
 1 -1  3 -2 -2
 1 -1  2 -2 -2
 0  0  0 -1  0
 0  0  0  0 -1
2-2;1;1;1 1 7
16 
#1 
5	% 
 1  1  0 0 -1
 0  0 -1 0  1
 1  1  0 0  0
 0  0 -1 1  1
 0 -1  1 0  0
1;1;1;1;1 1 5
1 
#1 
5	% 
 -1  0 0 0 0
  0 -1 0 0 0
  0 -2 1 0 0
  0 -1 0 0 1
  0 -1 0 1 0
1;1;1;1;1 1 8
6 
#1 
5	% 
  0  1 -1  1  0
 -1  0  0  0  0
  0  0  1  0 -1
  0  0  1 -1 -1
 -1 -1  0  0  0
3;1;1 2 4
4 
#1 
5	% 
  0 -1  1  0  0
 -1  0 -1  0  0
 -1  0  0 -1 -1
  0  0  0  0 -1
  0  0  0 -1  0
1;1;1;1;1 1 15
3 
#1 
5	% 
 0  0 -1 1  1
 0 -1  0 0  1
 1  1  0 0 -1
 1  1  0 0  0
 0 -1  1 0  0
1;1;1;1;1 1 19
2 
#1 
5	% 
  0 -1  0  1  0
  0  1 -1  0  0
  0  0  1 -1 -1
  1  1  0  0  0
 -1  0  0  0  0
3;1;1 1 8
8 
#1 
5	% 
 -1 -1  0  1  0
  1  0  0  0  0
  1  1  0  0  0
  0  1 -1  0  0
  0  0  1 -1 -1
