#7

1;1;1;1;1 1 16
1 
#1 
5	% 
 1 0 0 0 0
 0 1 0 0 0
 0 0 1 0 0
 0 0 0 1 0
 0 0 0 0 1
1,1,1,1,1 1 1
1 
#1 
5	% 
 1 0 0 0 0
 0 1 0 0 0
 0 0 1 0 0
 0 0 0 1 0
 0 0 0 0 1
1,1,1,1;1 1 2
5 
#1 
5	% 
  0 0 1  0 1
  0 1 0  1 1
  0 0 0 -1 0
 -1 0 0  0 0
 -1 0 0  0 1
1,1,1;1,1 1 2
10 
#1 
5	% 
 0  0 1 -1 0
 0  1 0  1 1
 1  0 0  0 0
 0 -1 0  0 0
 0  1 0  0 1
1,1,1;1;1 1 5
10 
#1 
5	% 
  0  0  1 0 0
  0 -1  0 0 0
  0  0 -1 1 0
 -1  0  1 0 1
  1  0  0 1 0
1,1;1,1;1 1 5
15 
#1 
5	% 
  0  0  1 1  1
  0 -1  0 0 -1
 -1  0 -1 0  0
  0  1  1 0  1
 -1 -1  0 0  0
1,1;1;1;1 1 17
10 
#1 
5	% 
 0  0  1 1  1
 0 -1 -1 0 -1
 0  0  1 0  0
 0 -1  0 0  0
 1  1  0 0  0
