#18

2-1;1;1;1 1 6
1 
#1 
5	% 
 1 0 0 0 0
 0 1 0 0 0
 0 0 1 0 0
 0 0 0 1 0
 0 0 0 0 1
1,1,1,1,1 1 1
1 
#1 
5	% 
 1 0 0 0 0
 0 1 0 0 0
 0 0 1 0 0
 0 0 0 1 0
 0 0 0 0 1
2-1;1,1,1 1 2
1 
#1 
5	% 
 0  0 -1 1  1
 0  1 -2 1  1
 1  1  0 0  0
 0  0 -1 0  1
 0 -1  1 0 -1
1,1,1,1;1 1 2
7 
#3 
5	% 
  0  1 -1  0  0
  0  1 -1 -1  1
  0  1  0 -1 -1
 -1 -2  1  1  0
  0  1 -1 -1  0
5	% 
 -1  0 -1 1  1
 -1  0 -1 0  2
  0 -1  0 0  0
  1  1  0 0 -1
 -1  0 -1 0  1
5	% 
  0  0 0  1  0
  0  0 1  1  1
  0 -2 0  0 -1
 -1  0 0 -1  0
 -1 -1 0  1  0
1,1,1;1,1 1 2
10 
#3 
5	% 
 0  0 -1  1 1
 0 -1  1  0 0
 1  0  0  0 0
 0  1  0 -1 0
 0  0  0  1 0
5	% 
  0  0  0 -1  1
  0  0 -1  1  1
 -3 -1 -2  0  0
  2  1  2  0 -1
  3  1  1  0  1
5	% 
 -1  1 0  0  0
 -1 -1 0 -1  1
  0  0 1 -1 -1
  1  0 0  1  0
 -1 -1 0  0  1
2-1;1,1;1 1 4
3 
#1 
5	% 
 0  0  0 1 -1
 0 -1  0 0  0
 0 -1  0 0  1
 1  1  0 0  0
 0  0 -1 0  1
1,1,1;1,1 1 3
6 
#1 
5	% 
  1 -1  1  0  0
 -1  2  0 -2 -1
  1 -1  2 -1  0
  0  0 -1  1  1
  0  1  1 -1 -1
1,1;1,1;1 1 3
15 
#3 
5	% 
  0  1 1 -2 -2
  0  0 0  1 -1
 -1  0 0 -1  0
  0 -1 0  1  1
  0  1 0 -1  0
5	% 
 1  2  0 0  0
 0  0  0 1 -1
 0  1 -1 0  1
 0 -1  0 0  0
 0  0  0 0  1
5	% 
 -3  0  0 -2  2
  1  1  0  0  0
 -1  0 -1  0  1
  1  0  0  1 -1
 -1 -1  0  0  1
1,1,1;1;1 1 4
10 
#3 
5	% 
 0 -1 1  1 -1
 0  1 0 -3  1
 0 -1 0  2  0
 0  1 0 -1  0
 1  1 0 -1  0
5	% 
  2  0  1 -2 0
 -3  0 -2  3 1
  1  0  1 -2 0
 -1  0 -1  1 0
 -1 -1  0  1 0
5	% 
  1  0 0  0  0
 -1  2 0  1 -1
  0 -1 0 -1  1
  0  1 0  0 -1
  0  0 1  0 -1
1,1,1;1;1 1 6
6 
#1 
5	% 
  0  0  0  1 -1
 -1  0  1 -2  0
 -1 -1  0  1  0
  0 -1  0  1  0
  0  0 -1  1  0
1,1;1,1;1 1 7
6 
#1 
5	% 
  0  0 -1  0  1
  1  1  1  0 -1
 -1  0  1 -1  0
  0  1  0 -1  0
  0 -1  1  0  0
1,1;1;1;1 1 13
3 
#1 
5	% 
  0 -1  1  0  0
  0  1 -1  0 -1
  1 -1  2 -1  0
  1  0  0  0  0
 -1 -1  0  0  0
1,1,1;1;1 1 5
1 
#1 
5	% 
  0 -1  1  0  0
  0  0  1 -1 -1
  0  1 -1  0  1
  1  0  1  0 -1
 -1  0  0  0  0
1,1;1;1;1 1 6
10 
#3 
5	% 
 0 -1  1  0  0
 0 -1  1 -1  1
 1  2 -1  1 -1
 0  1  0  0 -1
 1  1  0  0 -1
5	% 
 -1  0 0  0  0
 -1  0 0 -1  1
  1 -1 1  1 -1
  1  0 1  0 -1
  0 -1 1  0 -1
5	% 
 1 0  0 0 0
 0 1  0 0 0
 0 0 -1 0 0
 0 0 -1 0 1
 0 0 -1 1 0
1,1;1,1;1 1 6
6 
#1 
5	% 
  0  0  0 -1 1
  0  1  0  1 0
 -1 -1 -1  1 0
 -1 -1  0  0 0
  1  0  0  0 0
1,1;1;1;1 1 10
6 
#1 
5	% 
  0 -2 0 -2  1
  0  0 1 -1 -1
 -1  1 0  0 -1
 -1  1 0  1 -1
  1  2 0  1 -1
1;1;1;1;1 1 5
1 
#1 
5	% 
 -1  0 0 0 0
  0 -1 0 0 0
  0 -2 1 0 0
  0 -1 0 0 1
  0 -1 0 1 0
1;1;1;1;1 1 8
1 
#1 
5	% 
 -1  0 -1 1  0
  0  0  0 1 -1
  0 -1  0 1  0
  1  0  0 0  0
  1  1  0 0  0
