#28

2-1;2-1;1 1 3
1 
#1 
5	% 
 1 0 0 0 0
 0 1 0 0 0
 0 0 1 0 0
 0 0 0 1 0
 0 0 0 0 1
1,1,1,1,1 1 1
1 
#1 
5	% 
 1 0 0 0 0
 0 1 0 0 0
 0 0 1 0 0
 0 0 0 1 0
 0 0 0 0 1
2-1;1,1,1 1 2
2 
#1 
5	% 
 0  0 -1 1  1
 0  1 -2 1  1
 1  1  0 0  0
 0  0 -1 0  1
 0 -1  1 0 -1
1,1,1,1;1 1 2
9 
#3 
5	% 
  0  1 -1  0  0
  0  1 -1 -1  1
  0  1  0 -1 -1
 -1 -2  1  1  0
  0  1 -1 -1  0
5	% 
  1  0  0  0  0
  1  0 -1  0  0
  0 -1 -1 -1 -1
 -1  1  1  0  1
  1 -1 -1 -1  0
5	% 
  0  0 0  1  0
  0  0 1  1  1
  0 -2 0  0 -1
 -1  0 0 -1  0
 -1 -1 0  1  0
1,1,1;1,1 1 2
10 
#3 
5	% 
 0  0 -1  1 1
 0 -1  1  0 0
 1  0  0  0 0
 0  1  0 -1 0
 0  0  0  1 0
5	% 
 0 1 -1 0  0
 2 1 -1 1 -1
 1 1  0 0  0
 0 0  0 0  1
 1 1 -1 1  0
5	% 
 -1 0 0  0  0
  1 0 1 -1 -1
  0 0 0 -1  1
  0 0 0  1  0
  1 1 0  0 -1
2-1',2-1';1 1 2
2 
#1 
5	% 
  1 1  0 0 0
  1 0  0 0 0
 -1 0 -1 0 0
  0 0  0 0 1
  0 0  0 1 0
2-1;1,1;1 1 4
6 
#2 
5	% 
  0 -1  1 0  0
  0 -1  0 0  0
  0  1 -2 1  0
 -1  0  0 0  0
  0  1 -1 0 -1
5	% 
  0 -1  1 0 0
  0 -1  0 0 0
  0  0 -1 1 0
 -1  0  0 0 0
  0  0 -1 0 1
2-1;1,1;1 1 7
4 
#1 
5	% 
  0  0 -1  1  1
  0  0  1  0 -1
 -1 -1  1 -1  0
 -1 -1  0  0  0
  1  0  0  0  0
1,1,1;1,1 1 3
16 
#3 
5	% 
  1  0 -1  0 0
 -1 -2  0  0 1
  1 -1  0 -1 0
  0  1  1  0 0
  0  0  1  0 0
5	% 
 1  1  0  0  0
 0  0 -2  0 -1
 0  0 -1 -1  0
 0 -1  1  0  0
 0  0 -1  0  0
5	% 
  1  1  0  0 -1
 -1 -1  2  0  0
  1  2  1 -1 -2
  0  0 -1  0  1
  0  0  1 -1  0
1,1;1,1;1 1 3
15 
#4 
5	% 
  0  1 1 -2 -2
  0  0 0  1 -1
 -1  0 0 -1  0
  0 -1 0  1  1
  0  1 0 -1  0
5	% 
  0 -3  3 -2  2
  1  0  0  0  0
 -2 -1  0  0  1
  0  1 -1  1 -1
 -1  0  0  0  1
5	% 
 -3 -2  0  0  0
  0  0 -1  1  1
 -1 -1  1 -1  0
  2  1  0  0  0
 -1 -1  1  0 -1
5	% 
  4 1  3  0  0
  2 0  1 -1 -1
  0 0  0  0  1
 -1 0 -1  0  0
  0 0  0  1  0
1,1,1;1;1 1 4
10 
#3 
5	% 
 0 -1 1  1 -1
 0  1 0 -3  1
 0 -1 0  2  0
 0  1 0 -1  0
 1  1 0 -1  0
5	% 
  2  0  1 -2 0
 -3  0 -2  3 1
  1  0  1 -2 0
 -1  0 -1  1 0
 -1 -1  0  1 0
5	% 
  0 -1 1  0  0
  0  1 0 -1 -1
 -1 -1 0  1  1
  1  1 0  0 -1
  1  1 0 -1  0
1,1,1;1;1 1 6
16 
#3 
5	% 
 -1  0  0  0  0
  2  1 -1  1  0
  0  0  0  0  1
 -1 -1  1  0  0
 -1  0  1 -1 -1
5	% 
 -1 0  0 -1 -1
  0 0 -1  1  1
  0 1 -1  1  0
  0 0  0  0 -1
  0 0  0 -1  0
5	% 
  0  1  0 -1  0
 -1 -1  0  3  1
 -1 -1  1 -2 -1
  0  0  1 -2 -1
  0  1 -1 -1  0
1,1;1,1;1 1 7
12 
#2 
5	% 
  0  0  0 0  1
 -2  0  1 0 -3
  1  1 -1 1 -2
  0  1  0 0 -1
 -1 -1  0 0  0
5	% 
  0  1 0  0  1
 -1 -1 0  0 -1
 -1  0 1  0 -1
  0  1 1 -1  0
  0  0 0  1 -1
1,1;1,1;1 1 9
10 
#2 
5	% 
  1  3  0  1  1
 -2  2 -1  2  1
  1  0  1  0 -1
 -1 -1 -1  0  0
  0 -1  0 -1  0
5	% 
  0 0  0 1  0
  1 0  1 0  0
  1 1 -1 0  1
  0 0  1 0 -1
 -1 0  0 0  0
1,1;1,1;1 1 6
12 
#2 
5	% 
  1  0  0  0  0
 -1 -1  1  2 -3
 -1 -1  0  0  1
  0  0 -1 -1  3
  0  1 -1 -2  2
5	% 
  0  0  0 -1 1
  0  1  0  1 0
 -1 -1 -1  1 0
 -1 -1  0  0 0
  1  0  0  0 0
1,1;1;1;1 1 16
4 
#1 
5	% 
  0  1 -1 -2  2
  0  0 -1 -1  3
 -1 -1  0  0  0
  1  0  1  1 -2
  0  0  1  1 -2
1,1;1;1;1 1 13
6 
#2 
5	% 
  0 -1  1  0  0
  0  1 -1  0 -1
  1 -1  2 -1  0
  1  0  0  0  0
 -1 -1  0  0  0
5	% 
  0 -1  1  0 0
  0  0 -1  0 1
  1  0  1 -1 0
  1  0  0  0 0
 -1 -1  0  0 0
1,1,1;1;1 1 5
2 
#1 
5	% 
  0 -1  1  0  0
  0  0  1 -1 -1
  0  1 -1  0  1
  1  0  1  0 -1
 -1  0  0  0  0
1,1;1;1;1 1 10
12 
#2 
5	% 
 0  1 -1 -1  2
 1  1  0  0  0
 0  1  0  0 -1
 0  0  1  0 -2
 0 -1  1  1 -1
5	% 
 0  1 -1  0  1
 1  1  0  0  0
 1  1  0 -1  0
 0  0  1 -1 -1
 0 -1  1  0  0
1,1;1;1;1 1 6
10 
#3 
5	% 
 0 -1  1  0  0
 0 -1  1 -1  1
 1  2 -1  1 -1
 0  1  0  0 -1
 1  1  0  0 -1
5	% 
  0 -1 1  0  0
  0  1 0 -1 -1
 -1 -1 0  1  1
 -1 -1 0  1  0
 -1 -1 0  0  1
5	% 
 0 -1  1  0  0
 1  1 -1  0  0
 0  0  1  0  0
 0  0  1  0 -1
 0  0  1 -1  0
2-1,2-1;1 1 2
4 
#1 
5	% 
 0 0 -1  1  1
 0 1 -1  0  0
 1 0  1 -1 -1
 0 0  0  0  1
 0 0  0  1  0
2-1,2-1;1 2 3
4 
#1 
5	% 
 -2  0 -1  0  0
  2  1  0  1  1
  5  0  2  0  0
  1 -1  1  0 -1
  1 -1  1 -1  0
2-1;1;1;1 1 6
2 
#1 
5	% 
 1  1  0  0  0
 0 -1  0  0  0
 0  0 -1  0  0
 0  0  0  0 -1
 0  0  0 -1  0
2-1;1;1;1 1 11
2 
#1 
5	% 
 1  0  0 0  0
 0  1  0 0 -1
 0  1 -1 0  1
 0  0 -1 1  1
 0 -1  1 0  0
1,1;1;1;1 1 15
4 
#1 
5	% 
  1  2 0  1  1
  0 -1 1 -1 -1
 -1  0 1  0  0
  0  1 0  1  0
  0  1 0  0  1
1;1;1;1;1 1 8
2 
#1 
5	% 
 1 0  1 0 -1
 0 0  0 1 -1
 0 0  0 0 -1
 0 1 -1 0  0
 0 0 -1 1  1
1;1;1;1;1 1 5
1 
#1 
5	% 
 -1  0 0 0 0
  0 -1 0 0 0
  0 -2 1 0 0
  0 -1 0 0 1
  0 -1 0 1 0
1;1;1;1;1 1 15
1 
#1 
5	% 
 0  0 -1 1  1
 0 -1  0 0  1
 1  1  0 0 -1
 1  1  0 0  0
 0 -1  1 0  0
