#21

2-2;1;1;1 1 2
1 
#1 
5	% 
 1 0 0 0 0
 0 1 0 0 0
 0 0 1 0 0
 0 0 0 1 0
 0 0 0 0 1
1,1,1,1,1 1 1
1 
#1 
5	% 
 1 0 0 0 0
 0 1 0 0 0
 0 0 1 0 0
 0 0 0 1 0
 0 0 0 0 1
1,1,1,1;1 1 2
8 
#3 
5	% 
  1  0 0  0  0
  1  0 0 -1  0
  1  1 1  1  1
 -1 -1 0  0 -1
  1  1 1  0  0
5	% 
  1  0  0  0  0
  1  0 -1  0  0
  1  0  0  0 -1
 -2 -1  0  0  0
  2  1  0 -1  0
5	% 
 -1  0 0  1 0
 -1  0 1 -1 0
  0  0 0  2 1
  1 -1 0  0 0
 -1 -1 0  1 0
1,1,1,1;1 1 1
1 
#1 
5	% 
 0 -1  0 -1 -1
 0 -1 -1  0 -1
 0  0 -1 -1 -1
 0  1  1  1  1
 1  0  0  0  0
1,1,1;1,1 1 2
8 
#3 
5	% 
 0  1 1 1  1
 0  1 0 0  0
 1  0 0 0  0
 0 -1 0 0 -1
 0  1 1 0  0
5	% 
  0  0 0  0 -1
  0  2 1 -1  1
  1  0 0  0  0
 -1 -1 0  0  0
 -1  1 0 -1  0
5	% 
 0 0 0  1 1
 0 0 1 -1 0
 1 0 0  0 0
 0 1 0  0 0
 0 1 0 -1 0
1,1,1;1,1 1 1
2 
#2 
5	% 
  0 -1 0 -1  0
 -1  0 0 -1  0
  1  1 0  1  0
  0  0 0  0 -1
  0  0 1  0  1
5	% 
 0 0  1  0 0
 0 0  1  0 1
 1 0 -1  0 0
 0 0  0 -1 0
 0 1  0  1 0
1,1,1;1,1 1 3
12 
#2 
5	% 
  1  0  0 0  0
  1  1  0 0  1
  0 -1 -1 1 -1
 -1  0  1 0  0
 -1  0  0 0  1
5	% 
  0 1  1  0 -1
  1 0  1  3  2
  0 0  1  2  0
 -1 0 -1 -2 -1
  1 0  1  1  1
2-2;1,1,1 1 1
1 
#1 
5	% 
  0 1  0 0  0
  0 0  0 1  0
  0 0 -1 0 -1
 -1 0  0 0 -1
  1 0  1 0  1
1,1,1;1;1 1 2
8 
#3 
5	% 
 0  0 -1 -1 -1
 0 -1  0  1  0
 1  0  0  0  0
 0  1  0  0  1
 0 -1 -1  0  0
5	% 
 0  0 -1  0 1
 0  0  1  0 0
 1  0  0  0 0
 0  0  0 -1 0
 0 -1  0  0 0
5	% 
 0  0 -1 0 1
 0  0  1 0 0
 1  0  0 0 0
 0  0  0 1 0
 0 -1  0 0 0
1,1;1,1;1 1 6
24 
#4 
5	% 
  1  0  0 0  0
 -1 -2 -1 1 -1
 -1  0  1 1  0
  0  1  1 0  0
  0  1  0 0  1
5	% 
  1  0  0  0  0
 -1 -3 -2  1 -2
 -1  1  1 -1  0
  0  2  2 -1  1
  0  2  1 -1  2
5	% 
 1  0  0  0  0
 0 -2 -1  1 -2
 0  1  1 -1  0
 0  1  1 -1  1
 0  1  1  0  1
5	% 
 1  0  0  0  0
 0  0 -1 -5 -2
 0  1  1  1  0
 0  1  1  3  1
 0 -1  1  4  1
2-2;1,1;1 1 2
2 
#1 
5	% 
 -1 0 -1 0 -1
  0 1  0 0  0
  1 0  0 0  1
  0 0  0 1  0
 -1 0 -1 0  0
1,1;1,1;1 1 2
8 
#3 
5	% 
 -1 0 -1  0 -1
  0 0  0 -1  0
  0 1  0  1  0
  1 0  0  0  1
 -1 0 -1  0  0
5	% 
 -1 -2 0 1  0
  0  0 0 0 -1
  0  0 1 0  1
  1  1 0 0  0
 -1 -1 0 1  0
5	% 
 1  0 0 1  0
 0  0 0 0 -1
 0  0 1 0  1
 0 -1 0 0  0
 0 -1 0 1  0
1,1,1;1;1 1 6
12 
#2 
5	% 
 1  0  0  0 0
 0  1  0 -2 1
 0 -1 -1  1 0
 0 -1  0  1 0
 0  0  0  1 0
5	% 
  1  0  0 -1  0
 -3 -1 -1  0 -1
  1 -1  1  1  0
  2  0  1  0  0
  2  0  0  0  1
1,1,1;1;1 1 3
4 
#2 
5	% 
  0 -1 0 -1 0
 -1  0 0 -1 0
  1  1 0  1 0
  0  0 0  0 1
  0  0 1  0 0
5	% 
 1  0  0  0  1
 0  0 -1  0  0
 0  0  0  0 -1
 0 -1  0  0  0
 0  1  0 -1  0
2-2;1,1;1 1 1
1 
#1 
5	% 
 0 1 0 0  0
 0 0 0 1  0
 0 0 0 0 -1
 0 0 1 0  1
 1 0 0 0  0
1,1;1,1;1 1 8
6 
#1 
5	% 
 1  0  0  0  0
 0  2  1  1 -1
 0  0  0  1 -1
 0 -1 -1 -1  0
 0 -1  0 -1  1
1,1;1,1;1 1 1
1 
#1 
5	% 
 0 0 1  0 0
 0 0 0  0 1
 0 0 0 -1 0
 0 1 0  1 0
 1 0 0  0 0
1,1;1;1;1 1 9
12 
#2 
5	% 
 1  0  0  0 0
 0 -1 -1  1 0
 0  1  0  0 1
 0  1  0  0 0
 0  0  0 -1 0
5	% 
 1  0  0  0 0
 0 -1 -1 -1 0
 0  1  0  0 1
 0  1  0  0 0
 0  0  0  1 0
1,1;1;1;1 1 3
4 
#2 
5	% 
 0 1 0 0 0
 0 0 0 1 0
 1 0 0 0 0
 0 0 0 0 1
 0 0 1 0 0
5	% 
 0  0  1  0 1
 0  0 -1  0 0
 1  0  0  0 0
 0 -1  0  0 0
 0  1  0 -1 0
1,1;1;1;1 1 11
12 
#3 
5	% 
 1 1 0 -2 0
 0 0 0  1 0
 0 0 0  0 1
 0 0 1  0 0
 0 1 0 -1 0
5	% 
 1  0 0 1 0
 0 -1 0 0 0
 0  0 0 0 1
 0  0 1 0 0
 0 -1 0 1 0
5	% 
 -1  0 -1  0 -1
  1  0  0  0  1
  0 -1  0  0  0
  0  1  0 -1  0
 -1  0 -1  0  0
1;1;1;1;1 1 9
3 
#1 
5	% 
 1  0 0  0 0
 0  0 0  0 1
 0  0 0 -1 0
 0  0 1  0 0
 0 -1 0  1 0
