#9

1,1;1;1;1 1 7
1 
#1 
5	% 
 1 0 0 0 0
 0 1 0 0 0
 0 0 1 0 0
 0 0 0 1 0
 0 0 0 0 1
1,1,1,1,1 1 1
1 
#1 
5	% 
 1 0 0 0 0
 0 1 0 0 0
 0 0 1 0 0
 0 0 0 1 0
 0 0 0 0 1
1,1,1;1,1 1 2
4 
#3 
5	% 
 0  0 0  0 -1
 0  1 0  0  1
 1  0 0  0  0
 0 -1 0 -1  0
 0  1 1  0 -1
5	% 
 -1  0  0  1  0
 -1  0 -1 -1  1
  0 -1 -1 -1 -1
  1  1  1  1  0
 -1  1  0  0  1
5	% 
 1 -1  0  0  0
 0 -1 -1  1  1
 0  0 -1 -1  2
 0  1  1  0 -1
 0 -1  0  1  0
1,1,1,1;1 1 2
2 
#1 
5	% 
 -1 0  1  0  0
 -1 1  0  0  0
 -2 0  0 -1 -1
  2 0 -1  0  1
 -2 0  0 -1  0
1,1,1,1;1 1 1
1 
#1 
5	% 
  0 0 -1 -1 -1
 -1 0  0 -1 -1
 -1 0 -1  0 -1
  1 0  1  1  1
  0 1  0  0  0
1,1;1,1;1 1 4
1 
#1 
5	% 
 -1 0 -1  1  1
  0 0 -1 -1  2
  0 1  0  0  0
  1 0  1  0 -1
 -1 0  0  1  0
1,1;1,1;1 1 5
2 
#1 
5	% 
 0  1  0  0  0
 1  0  0  0  0
 0 -1 -1 -1  0
 0  1  1  0 -1
 0  0 -1  0  0
1,1,1;1;1 1 2
2 
#1 
5	% 
  0 0 -1  0  0
 -1 0 -1 -1 -1
  0 1  0  0  0
  1 0  0  0  1
 -1 0 -1 -1  0
1,1,1;1;1 1 5
1 
#1 
5	% 
  1  0 0  0 0
  0  1 0  0 0
 -1 -1 0  1 1
  1  1 0 -1 0
  0  0 1  1 0
