#7

1;1;1;1;1 1 5
1 
#1 
5	% 
 1 0 0 0 0
 0 1 0 0 0
 0 0 1 0 0
 0 0 0 1 0
 0 0 0 0 1
1,1,1,1,1 1 1
1 
#1 
5	% 
 1 0 0 0 0
 0 1 0 0 0
 0 0 1 0 0
 0 0 0 1 0
 0 0 0 0 1
1,1,1,1;1 1 2
5 
#1 
5	% 
 -1 -1 -1 1  1
 -1 -1 -1 0  2
 -1  0 -1 0  0
  2  1  1 0 -1
 -1 -1 -1 0  1
1,1,1;1,1 1 2
10 
#1 
5	% 
 0  0 -1  1 1
 0 -1  1  0 0
 1  0  0  0 0
 0  1  0 -1 0
 0  0  0  1 0
1,1,1;1;1 1 4
10 
#1 
5	% 
  2  1  1  0  0
 -6 -2 -3 -1 -1
  5  2  2  1  1
 -3 -1 -1  0 -1
 -3 -1 -1 -1  0
1,1;1,1;1 1 3
15 
#1 
5	% 
  4 1  3 0  0
  0 0  0 1 -1
  1 0  0 0  1
 -1 0 -1 0  0
  0 0  0 0  1
1,1;1;1;1 1 6
10 
#1 
5	% 
 0 -1  1  0  0
 0 -1  1 -1  1
 1  2 -1  1 -1
 0  1  0  0 -1
 1  1  0  0 -1
