#21

2-1;2-1;1 1 8
1 
#1 
5	% 
 1 0 0 0 0
 0 1 0 0 0
 0 0 1 0 0
 0 0 0 1 0
 0 0 0 0 1
1,1,1,1,1 1 1
1 
#1 
5	% 
 1 0 0 0 0
 0 1 0 0 0
 0 0 1 0 0
 0 0 0 1 0
 0 0 0 0 1
1,1,1;1,1 1 3
12 
#4 
5	% 
  1  0 0  1  2
  0 -1 0  0 -1
  1  0 1  0  1
 -1  1 0 -1 -2
  0  0 0 -1 -1
5	% 
  0 -1 0  0 0
  0  2 0  2 1
 -1 -1 0  1 0
  0  0 0 -1 0
  0  0 1  0 0
5	% 
 -1  0  0  1  0
  0  1 -1  1 -1
 -1  1 -1  1  0
  0 -1  1 -1  0
 -1  0 -1  1 -1
5	% 
  1  1 0  1  0
  0 -1 1 -1  0
  1  0 0  1  0
 -1  0 0  0  0
 -2 -1 1 -1 -1
1,1,1,1;1 1 2
5 
#2 
5	% 
 -1 0 -1 0  0
 -1 1  0 0 -1
 -2 0 -2 1  1
  2 0  1 0  0
 -2 0 -2 1  0
5	% 
  0 1  0 1  0
  0 2 -1 1  0
 -1 0 -1 1 -1
  0 0  0 0  1
 -1 1 -1 1  0
2-1',2-1';1 1 2
2 
#1 
5	% 
  0  1  0  0  0
  0  0 -1  0  0
 -1 -1  0  0 -1
  1  0  1 -1  0
  0  1  0  0  1
2-1;1,1;1 1 8
4 
#1 
5	% 
  1  0 0  0  0
 -1  0 0  0 -1
  0  0 0 -1  0
  0 -1 0  0  0
  0  0 1  0  0
1,1,1;1,1 1 2
2 
#1 
5	% 
 0  0 0 -1  0
 1 -1 1  1 -1
 0 -1 0  0  0
 0  2 0  0  1
 1  1 0  0  0
1,1;1,1;1 1 9
12 
#5 
5	% 
  1  2  3 -3 -1
  3  0  0  1  8
 -1  1  2 -1 -4
  0 -2 -3  3  3
 -1 -1 -2  1 -1
5	% 
 -1  0 -2  2 -1
  1 -2 -1  2  0
  0  0  0 -1 -1
  1  0  2 -1  1
  0  1  1 -1  1
5	% 
 -1 0  0  0 -1
  0 1  0 -1  0
  0 0  1  0  0
  0 0 -1  0  1
  0 0 -1  1  1
5	% 
  0 -1 -3  3  0
  2  0 -2  3  1
  0 -1  0 -1 -1
  0  1  3 -2  0
 -1  1  2 -2  0
5	% 
 -1  2 -2  0 -1
  1  2 -1 -2  0
  0 -1  0  0 -1
  1 -1  2  0  1
  0 -1  1  1  1
1,1;1;1;1 1 16
4 
#1 
5	% 
  1 -2  5 -5 -9
  2 -1  5 -5 -8
  0  0  1  0  0
 -1  1 -4  4  6
 -1  1 -4  3  6
1,1,1;1;1 1 6
8 
#3 
5	% 
  0  0  0  1  1
  0 -1  0 -1 -1
 -1  0 -1  1  0
  0  0  0  1  0
  0  0  1  0  0
5	% 
  0 1  0  0  0
  1 0  0  1  2
 -1 1 -1  1  0
 -1 0 -1  0 -1
 -1 0  0 -1 -1
5	% 
 -1  0  0  1  0
  0 -1 -1 -1 -1
  0  1  0  1  0
 -1  1  0  1  0
  0  0  0  1  1
1,1;1;1;1 1 18
4 
#1 
5	% 
 0  0  0 -1 -1
 0  0  0  2  1
 1  0  0  1  2
 0 -1  0  1  1
 0  0 -1 -1 -1
1,1;1;1;1 1 15
4 
#2 
5	% 
 1 -1 0 1 2
 0  1 0 0 0
 2 -1 1 0 1
 1 -1 1 0 1
 1 -1 0 1 1
5	% 
 -1 1 -2 2  0
  0 0 -1 0  0
  0 0 -2 1 -1
 -1 0 -2 2 -1
  0 1 -2 2  0
1,1;1,1;1 1 6
4 
#1 
5	% 
  0 -1  0  0  0
 -1  3 -1  2  2
  1  1  1 -1  0
  1 -1  1 -2 -1
  1 -1  0 -1 -1
1,1,1;1;1 1 5
2 
#1 
5	% 
 1  1  1 -1 -1
 0  1  0  0  0
 0 -1 -1  1  1
 0  1  0 -1 -1
 0  0  0  1  0
2-1,2-1;1 1 2
2 
#1 
5	% 
  0  0  2 -1  0
  1  2  0  0  1
  0  0 -1  1  0
  0 -1  1 -1 -1
 -1  0  0  0  0
2-1,2-1;1 3 2
2 
#1 
5	% 
  0  0 0  1  0
  0  0 1 -1  0
  0 -1 1 -1  0
  0 -1 1 -1 -1
 -1  0 0  0  0
1,1;1,1;1 1 3
1 
#1 
5	% 
 -2 -3  0  0 -2
  0  0 -1  0  0
 -1  0  1  0  0
  1  1  0  0  1
  0 -1  2 -1 -1
1,1;1;1;1 1 13
2 
#1 
5	% 
  0 -1  0  0 0
  0  2 -1  0 1
 -1 -1  0  0 0
  0  0  0 -1 0
  0  0 -1  0 0
2-1;1;1;1 1 15
2 
#1 
5	% 
 -1 -1  0 0 -1
  0  0  0 1  0
 -1  0 -1 1  0
  0  0 -1 1  0
  0  1  0 0  0
1;1;1;1;1 1 15
1 
#1 
5	% 
  0 0 0 -1  0
  0 1 0  0  1
  0 0 0  0 -1
 -1 0 0  0 -1
  0 0 1  0  0
1;1;1;1;1 1 19
1 
#1 
5	% 
  1 -1 0 -1  0
 -1  0 0  0 -1
  0  0 1  0  0
  0  0 0  1  0
  0  1 0  0  0
