#38

3;2-1 2 2
1 
#1 
5	% 
 1 0 0 0 0
 0 1 0 0 0
 0 0 1 0 0
 0 0 0 1 0
 0 0 0 0 1
1,1,1,1,1 1 1
1 
#1 
5	% 
 1 0 0 0 0
 0 1 0 0 0
 0 0 1 0 0
 0 0 0 1 0
 0 0 0 0 1
1,1,1,1;1 1 2
13 
#4 
5	% 
 -1  0  0 0 -1
 -1 -1  1 0 -1
 -1  0 -1 1  0
  2  1  0 0  1
 -2  0  0 0 -1
5	% 
  0  1  0  0  0
 -1  1 -1  0  0
 -1  0  1 -1  1
  1 -1  0  0 -1
 -1  1  1 -1  0
5	% 
  0  1 -1  0  0
  0  1 -1 -1  1
  0  1  0 -1 -1
 -1 -2  1  1  0
  0  1 -1 -1  0
5	% 
 0 -1 -1 -1  0
 0 -2  0 -1  0
 1 -1  0  0  0
 0  2  1  1 -1
 0 -2  0 -1 -1
2-1;1,1,1 1 2
4 
#2 
5	% 
  0 -1 -1  0 0
 -1 -1 -1  0 0
  0  0 -1  1 1
  0 -1  0 -1 0
  0  1  1 -1 0
5	% 
 0  0 -1 1  1
 0  1 -2 1  1
 1  1  0 0  0
 0  0 -1 0  1
 0 -1  1 0 -1
1,1,1;1,1 1 2
10 
#3 
5	% 
 0 1  1  0 0
 1 0  1  0 0
 0 0  0 -1 1
 0 0 -1  1 0
 0 0  0  1 0
5	% 
 0  0 -1  1 1
 0 -1  1  0 0
 1  0  0  0 0
 0  1  0 -1 0
 0  0  0  1 0
5	% 
 0 1 -1 0  0
 2 1 -1 1 -1
 1 1  0 0  0
 0 0  0 0  1
 1 1 -1 1  0
1,1,1;1,1 1 3
36 
#4 
5	% 
  2  0  1  0 0
 -1 -1 -2  1 1
  2 -1  1  1 0
 -1  1  0 -1 0
 -1 -1 -1  0 1
5	% 
  1 -1  1  0  0
 -1  2  0 -2 -1
  1 -1  2 -1  0
  0  0 -1  1  1
  0  1  1 -1 -1
5	% 
 1  1 -1  1  0
 0 -2  2 -1 -1
 0  2 -2  1  0
 0  1  0  0  1
 0 -2  1  0 -1
5	% 
 0  0  0  0  1
 1 -1  0  3 -1
 0 -1  0  1  1
 0  1  0 -2  0
 1  0 -1  2  0
2-1;1,1;1 1 7
12 
#2 
5	% 
  0  0  0 -1 1
 -1 -2  1  1 0
  2  5 -4  1 0
 -1 -2  2  0 0
 -1 -3  2  0 0
5	% 
 1  0  0  0  0
 0  0  1 -1  0
 0  2 -2  2 -1
 0 -1  2 -1 -1
 0 -1  1 -1  1
2-1;1,1;1 1 4
12 
#3 
5	% 
  0 -1  1 0  0
  0 -1  0 0  0
  0  1 -2 1  0
 -1  0  0 0  0
  0  1 -1 0 -1
5	% 
 0  0  0 1 -1
 0 -1  0 0  0
 0 -1  0 0  1
 1  1  0 0  0
 0  0 -1 0  1
5	% 
 -1  0 0  0  0
  0  0 1 -2  0
  1  0 1 -1  0
  0  0 0  1 -1
  0 -1 1 -1  0
2-1',2-1';1 1 2
6 
#1 
5	% 
  2  0 1 -1 -1
  2  2 0 -1  1
 -3 -2 0  1 -1
  2  0 1 -1  0
  2  1 0 -1  0
2-2;1,1,1 1 2
4 
#1 
5	% 
  0 0  0  1 0
  0 0  0  1 1
 -1 0  0 -1 0
  0 1 -1  1 0
  1 1  0 -1 0
1,1,1;1;1 1 6
36 
#4 
5	% 
  1  1 -1  0 1
 -1 -1  1 -1 0
  0  0  0 -1 0
  1  0  0  0 0
  1  1  0  0 0
5	% 
  0  1 -1 0  0
 -1  0  0 0 -1
  0 -1  0 1  0
  1  0  0 0  0
  1  1  0 0  0
5	% 
  0  0  0 -1  1
  1  1 -1  2 -1
  0  1  0 -1  0
 -1  0  0 -1  1
 -1 -1  0 -1  1
5	% 
 -1  0  0  0 0
  1  1 -1 -1 1
  0  0  0  0 1
  0  0  0  1 0
 -1 -1  0  1 0
1,1;1,1;1 1 6
24 
#3 
5	% 
  0  0  0 -1 1
 -1  0 -1  1 0
  0  0 -1  1 0
  1 -1  1  0 0
  1  0  1  0 0
5	% 
  0 -2  2 -1  1
 -1  0  0  0 -1
  0  0 -1  1  0
  1  0  0  0  0
  1  1  0  0  0
5	% 
 1  0  0  0  0
 0  2 -2  1  0
 0  0  0  0  1
 0 -1  1 -1  1
 0 -1  2 -1 -1
1,1;1,1;1 1 9
30 
#3 
5	% 
  0 -2  2 -1  1
  1 -2  3 -1 -1
 -1 -1  0  0  0
  1  2 -2  1  0
  0  2 -2  1  0
5	% 
 -2 -2  2 -1  1
 -2 -1  3 -1 -2
  1  0  0  0  1
  1  2 -2  1 -1
  1  1 -2  1  0
5	% 
  0  0  0  0 -1
  1 -2  3 -1 -1
 -1  1 -1 -1  0
  1 -1  1  0  1
  0  0 -1  1  1
1,1,1;1;1 1 5
4 
#2 
5	% 
  0 -1  1  0  0
  0  0  1 -1 -1
  0  1 -1  0  1
  1  0  1  0 -1
 -1  0  0  0  0
5	% 
  1  0 0  0  0
  1 -1 0  0  0
 -1  0 0  0 -1
  1  0 1 -1  0
  0  0 0  1 -1
2-2;1,1;1 1 6
16 
#2 
5	% 
  0  0  0 -1  1
  0  1 -1 -1  1
 -1  0  0  0 -1
 -1 -1  0  1 -1
  0  0  0  1  0
5	% 
  1  1 -1 1  0
  1  0  0 0  0
  0 -1  1 0 -1
 -1 -1  0 0  0
  0  0  0 0  1
1,1,1;1;1 1 4
10 
#3 
5	% 
 1 0  0 0 0
 0 1  2 0 0
 0 0 -1 0 0
 0 0  0 1 0
 0 0  0 0 1
5	% 
  1  0 0  0  0
 -1  2 0  1 -1
  0 -1 0 -1  1
  0  1 0  0 -1
  0  0 1  0 -1
5	% 
  2  0  1 -2 0
 -3  0 -2  3 1
  1  0  1 -2 0
 -1  0 -1  1 0
 -1 -1  0  1 0
1,1;1,1;1 1 3
15 
#3 
5	% 
 -3 -2  0  0  0
  0  2 -2  1 -1
 -1 -2  2 -1  0
  2  1  0  0  0
 -1 -2  1  0  1
5	% 
 1  2  0 0  0
 0  0  0 1 -1
 0  1 -1 0  1
 0 -1  0 0  0
 0  0  0 0  1
5	% 
  0  1 1 -2 -2
  0  0 0  1 -1
 -1  0 0 -1  0
  0 -1 0  1  1
  0  1 0 -1  0
1,1;1,1;1 1 7
24 
#3 
5	% 
 0 0  0 0 -1
 1 0  2 1  0
 0 1  1 0  1
 0 0  1 0 -1
 0 0 -1 1  1
5	% 
  0  0 -1  0  1
  1  1  1  0 -1
 -1  0  1 -1  0
  0  1  0 -1  0
  0 -1  1  0  0
5	% 
  0 -1  1 0 -1
 -2  0  0 1  0
 -2  1 -1 1  0
 -1 -1  1 0 -1
  1  1  0 0  0
2-2;2-1;1 1 4
4 
#1 
5	% 
  0  0 0 0 1
  0  0 0 1 0
  1  0 0 0 0
  0 -1 1 0 0
 -1 -1 0 0 0
2-2;1,1;1 1 4
4 
#1 
5	% 
  0  0  1 -1 -1
 -1 -1  0  1  0
  0  1 -1  0  0
  1  0  0  0  0
  0  0  0 -1  0
1,1;1;1;1 1 6
10 
#3 
5	% 
 1 0  0 0 0
 0 1  0 0 0
 0 0 -1 0 0
 0 0 -1 0 1
 0 0 -1 1 0
5	% 
  0  0  0 -1 1
  0  0 -1  2 0
 -1 -1  1 -2 0
 -1  0  0 -1 0
 -1 -1  1 -1 0
5	% 
 0 -1  1  0  0
 0 -1  1 -1  1
 1  2 -1  1 -1
 0  1  0  0 -1
 1  1  0  0 -1
1,1;1;1;1 1 13
12 
#3 
5	% 
 1 0  0  0  0
 0 1  0  0 -1
 0 0 -1  1  0
 0 0  0  1 -1
 0 0  1 -1 -1
5	% 
  0 -1  1  0  0
  0  1 -1  0 -1
  1 -1  2 -1  0
  1  0  0  0  0
 -1 -1  0  0  0
5	% 
  0  0  0 1 -1
 -1  0 -1 0  1
  0  1  0 0 -1
 -1  0  0 0  0
 -1 -1  0 0  0
1,1;1;1;1 1 10
24 
#3 
5	% 
  1  1  3 -1 0
  0  0  0 -1 1
 -1  0 -1 -1 0
 -1  0 -2  0 0
  0 -1 -1  0 0
5	% 
 -1 0 0 -2  1
  0 0 1 -1 -1
  0 1 0  0 -1
  1 1 0  1 -1
  1 0 0  1 -1
5	% 
 0 -2  2 -1  0
 1  0  0  0  0
 0  0  0  0 -1
 0  1 -1  1 -1
 0  1 -2  1  1
1,1;1;1;1 1 16
12 
#2 
5	% 
 0 1  1  0  0
 1 0  2  0  0
 0 0  1 -1 -1
 0 0 -1  1  0
 0 0 -1  0  1
5	% 
  0 -2  3 -1 -1
  0 -2  2 -1  1
  1  1  0  0  0
  0  1 -2  1  0
 -1  1 -2  1  0
2-1;1;1;1 1 11
6 
#2 
5	% 
  0  0 -1  1 1
 -1 -1  1 -1 0
  0  1  0 -1 0
  1  1  0  0 0
  1  0  0  0 0
5	% 
 1  1  0  0  0
 0 -1  1 -1  0
 0  0 -1  0  1
 0  0 -1  1  1
 0  0  0  1 -1
1,1;1;1;1 1 15
12 
#1 
5	% 
 0 2 1 -1 -1
 1 0 0  0  0
 1 2 0  1 -1
 0 2 0  0 -1
 0 1 1  0 -1
2-1;1;1;1 1 6
4 
#2 
5	% 
 1  1  0  0  0
 0 -1  0  0  0
 0  0 -1  0  0
 0  0  0  0 -1
 0  0  0 -1  0
5	% 
  0 0 -1  1 1
  0 0  1 -2 0
  0 1  0 -2 0
 -1 0  0 -1 0
  0 0  0 -1 0
2-1;2-1;1 1 3
3 
#1 
5	% 
 -1 -1 0 0  0
  0  1 0 0  0
  0  1 0 1 -1
  0  0 1 0 -1
  0  1 0 0 -1
2-1,2-1;1 1 2
12 
#1 
5	% 
 0 0  0  1 -1
 0 0  1 -1 -1
 1 0  0 -1  1
 0 0  0  1  0
 0 1 -1  1  0
2-1,2-1;1 2 3
12 
#1 
5	% 
  0  1  1 -1 -1
 -2 -2 -1  0  2
  1 -2 -2  2  2
  2  1 -1  1  0
  2  0  0  1  0
3;1,1 2 2
1 
#1 
5	% 
  0  0 -1 1  1
 -1  0 -1 0  0
  0  0 -1 0  1
  0 -1  1 0  0
  0  0  0 0 -1
1;1;1;1;1 1 8
4 
#2 
5	% 
 -1  0 -1 1  0
  0  0  0 1 -1
  0 -1  0 1  0
  1  0  0 0  0
  1  1  0 0  0
5	% 
  0 1  0  0 -1
 -1 0  0  0  0
  0 0  1 -1  0
  0 0  0 -1  1
  0 0 -1  1  1
1;1;1;1;1 1 15
3 
#1 
5	% 
  0  0 1 -1 -1
  1  1 0 -1  0
  0 -1 0  1  0
 -1 -1 0  0  0
  0  0 0 -1  1
2-2;1;1;1 1 7
4 
#1 
5	% 
  0  1 -1 0 1
  0  0 -1 1 0
 -1  0  0 0 0
 -1 -1  0 0 0
  0 -1  1 0 0
3;1;1 2 4
1 
#1 
5	% 
 1  1  0  0 0
 0 -1  0  0 0
 0  0 -1  0 0
 0  0 -1  0 1
 0  0  0 -1 0
1;1;1;1;1 1 5
1 
#1 
5	% 
 -1  0 0 0 0
  0 -1 0 0 0
  0 -2 1 0 0
  0 -1 0 0 1
  0 -1 0 1 0
2-2;1;1;1 1 9
4 
#1 
5	% 
  0  0  0 1 0
  0  0  0 0 1
 -1  0  0 0 0
  0  1 -1 0 0
 -1 -1  0 0 0
3;1;1 2 5
1 
#1 
5	% 
 -1 -1  1 -1 0
  1  1 -1  2 0
  0 -1  1 -1 0
  0  0 -1  1 1
  0  0  0 -1 1
