#18

2-2;1;1;1 1 1
1 
#1 
5	% 
 1 0 0 0 0
 0 1 0 0 0
 0 0 1 0 0
 0 0 0 1 0
 0 0 0 0 1
1,1,1,1,1 1 1
1 
#1 
5	% 
 1 0 0 0 0
 0 1 0 0 0
 0 0 1 0 0
 0 0 0 1 0
 0 0 0 0 1
1,1,1,1;1 1 2
6 
#2 
5	% 
  0  0 0 -1 0
  0  2 0  0 1
  0 -1 1 -1 0
 -1  0 0  1 0
 -1  1 0 -1 0
5	% 
  0 0 1 0 0
  0 0 0 1 0
  0 0 0 0 1
  1 0 0 0 0
 -1 1 0 0 0
1,1,1,1;1 1 1
3 
#1 
5	% 
  0 -1 0 -1 -1
 -1  0 0 -1 -1
 -1 -1 0  0 -1
  1  1 0  1  1
  0  0 1  0  0
1,1,1;1,1 1 1
4 
#2 
5	% 
 0  0  0 1  1
 0  0 -1 0  0
 0  0  0 0 -1
 0 -1  0 0  0
 1  1  0 0  0
5	% 
  0 -1 0  0 -1
 -1  0 0  0 -1
  1  1 0  0  1
  0  0 0 -1  0
  0  0 1  1  0
1,1,1;1,1 1 2
18 
#2 
5	% 
 0 -1 0 0 -1
 0  1 0 1  1
 0  0 1 0  0
 1 -1 0 0  0
 1  0 0 0  0
5	% 
 -2 1 -1 -1 0
  0 0  1  0 0
  0 1  0  0 1
  1 0  0  0 0
 -1 1  0  0 0
2-2;1,1,1 1 1
1 
#1 
5	% 
 1 0  0  0  0
 0 1  0  0  0
 0 0  0 -1 -1
 0 0 -1  0 -1
 0 0  1  1  1
1,1,1;1;1 1 3
3 
#1 
5	% 
  0  0 1  0  1
  0  0 0 -1  0
  0  0 0  0 -1
 -1  0 0  0  0
  1 -1 0  0  0
1,1;1,1;1 1 2
18 
#2 
5	% 
  0 2 0  0 1
  0 0 0 -1 0
  0 0 1  1 0
 -1 0 0  0 0
 -1 1 0  0 0
5	% 
  2 -1 1 0  0
  0  0 0 0 -1
  0  0 0 1  1
 -1  0 0 0  0
  1 -1 0 0  0
1,1,1;1;1 1 2
18 
#2 
5	% 
  0 -1 0 0 -1
  0  1 0 1  1
  0  0 1 0  0
 -1  0 0 0  0
 -1  1 0 0  0
5	% 
  0 0 0 0 1
  0 0 0 1 0
  0 0 1 0 0
  1 0 0 0 0
 -1 1 0 0 0
1,1;1,1;1 1 4
18 
#1 
5	% 
 0  2 0 1 0
 0  0 0 0 1
 0  0 1 0 0
 1 -1 0 0 0
 1  0 0 0 0
1,1;1,1;1 1 1
3 
#1 
5	% 
 0 -1 0 0 0
 1  1 0 0 0
 0  0 0 1 0
 0  0 0 0 1
 0  0 1 0 0
1,1,1;1;1 1 1
3 
#1 
5	% 
  0 -1 0 0 -1
 -1  0 0 0 -1
  1  1 0 0  1
  0  0 1 0  0
  0  0 0 1  0
2-2;1,1;1 1 1
3 
#1 
5	% 
 1 0 0 0  0
 0 1 0 0  0
 0 0 0 0 -1
 0 0 0 1  1
 0 0 1 0  0
1,1;1;1;1 1 3
9 
#1 
5	% 
  0  0 0  1  0
  0  0 0 -1 -1
  0  0 1  0  0
 -1  0 0  0  0
  1 -1 0  0  0
1,1;1;1;1 1 2
18 
#2 
5	% 
  0 2 0 0 1
  0 0 1 0 0
  0 0 0 1 0
 -1 0 0 0 0
 -1 1 0 0 0
5	% 
  2 -1 0 0 1
  0  0 1 0 0
  0  0 0 1 0
 -1  0 0 0 0
  1 -1 0 0 0
1,1;1;1;1 1 1
1 
#1 
5	% 
 0 -1 0 0 0
 1  1 0 0 0
 0  0 1 0 0
 0  0 0 1 0
 0  0 0 0 1
1;1;1;1;1 1 2
3 
#1 
5	% 
  0  0 0 0 1
  0  0 1 0 0
  0  0 0 1 0
 -1  0 0 0 0
  1 -1 0 0 0
