#6

1,1;1;1;1 1 14
1 
#1 
5	% 
 1 0 0 0 0
 0 1 0 0 0
 0 0 1 0 0
 0 0 0 1 0
 0 0 0 0 1
1,1,1,1,1 1 1
1 
#1 
5	% 
 1 0 0 0 0
 0 1 0 0 0
 0 0 1 0 0
 0 0 0 1 0
 0 0 0 0 1
1,1,1;1,1 1 3
4 
#2 
5	% 
  1  1  1  1  1
 -2 -1  1  0  0
  0  1  1  1  1
  1  0 -1 -1 -1
 -1 -1  1  0 -1
5	% 
  1  0  0  0  0
  1  1 -1  2  2
  1  0 -1  1  0
 -1 -1  1 -1 -1
  0  1  0  1  1
1,1,1,1;1 1 2
3 
#1 
5	% 
  1 0  0 0  0
  1 0 -1 0  0
  1 0  0 0 -1
 -2 0  0 1  0
  2 1  0 0  1
1,1;1,1;1 1 7
3 
#1 
5	% 
  0  0 -1 -1 -1
  0 -1  1  1  0
  0 -1  1  1 -1
 -1 -1  0  0 -1
  1  0  1  0 -1
1,1,1;1;1 1 6
3 
#1 
5	% 
  0  0  0  0 -1
 -2 -1  1  1  2
  0  1 -1  0  0
  1  1 -1  0  0
  1  0 -1 -1 -1
