#5

4-3';1 1 1
1 
#1 
5	% 
 1 0 0 0 0
 0 1 0 0 0
 0 0 1 0 0
 0 0 0 1 0
 0 0 0 0 1
1,1,1,1,1 1 1
1 
#1 
5	% 
 1 0 0 0 0
 0 1 0 0 0
 0 0 1 0 0
 0 0 0 1 0
 0 0 0 0 1
1,1,1;1,1 1 3
10 
#2 
5	% 
  1  1  2  2  0
  2  1  0  0  2
  2  1  2  2  1
 -2 -1 -1 -1 -1
  0  1  0 -1  1
5	% 
 1  1  1  1  0
 0 -1 -1  0 -1
 0  1  0  0  0
 0  0  0  0  1
 0 -1 -1 -1 -1
1,1,1,1;1 1 1
1 
#1 
5	% 
  0 -1 -1 -1 0
 -1  0 -1 -1 0
 -1 -1  0 -1 0
  1  1  1  1 0
  0  0  0  0 1
1,1;1,1;1 1 8
5 
#1 
5	% 
  0  0 0  0 1
 -1  1 0  0 0
  1  1 1  1 0
  0  0 0 -1 0
  0 -1 0  0 0
