#15

1;1;1;1;1 1 10
1 
#1 
5	% 
 1 0 0 0 0
 0 1 0 0 0
 0 0 1 0 0
 0 0 0 1 0
 0 0 0 0 1
1,1,1,1,1 1 1
1 
#1 
5	% 
 1 0 0 0 0
 0 1 0 0 0
 0 0 1 0 0
 0 0 0 1 0
 0 0 0 0 1
1,1,1,1;1 1 2
5 
#2 
5	% 
  0 0 1 0 0
  0 1 0 0 0
  0 0 0 1 0
  0 0 0 0 1
 -1 0 0 0 0
5	% 
 1  0 0 0 0
 0  0 0 0 1
 0  0 1 0 0
 0  0 0 1 0
 0 -1 0 0 0
1,1,1;1,1 1 3
6 
#1 
5	% 
  1  0  1  0  0
  0  0  0 -1  1
  1 -1  1  0  0
 -1  0 -1  0 -1
  0  0 -1  0  0
1,1,1;1,1 1 1
1 
#1 
5	% 
 0  0  1  0  0
 0  0  1  1  0
 0 -1 -1 -1  0
 0  0  0  0 -1
 1  0  0  0  1
1,1,1;1,1 1 2
3 
#1 
5	% 
 -1 -1  1 -1 -1
  0  0  0  0  1
  0 -1  0  1  0
  1  1 -1  0  0
 -1  0  0 -1  0
1,1,1;1;1 1 3
1 
#1 
5	% 
 0 1  0  1 0
 0 0 -1  0 0
 0 0  0 -1 0
 0 0  0  0 1
 1 0  0  0 0
1,1;1,1;1 1 6
6 
#1 
5	% 
  0 -1  0 1  0
  1  1  0 0  1
 -1  1 -1 0  0
 -1  0  0 0  0
  0  0  0 0 -1
1,1,1;1;1 1 6
6 
#1 
5	% 
  1  1  1  1  1
 -2 -1 -1 -2 -2
  1  1  0  0  0
  2  1  1  1  1
  1  1  1  1  2
1,1;1,1;1 1 2
3 
#1 
5	% 
 0 1  1  1  0
 0 0  0  0 -1
 1 0  0  0  1
 0 0 -1 -1  0
 0 1  1  0  0
1,1,1;1;1 1 4
3 
#1 
5	% 
 1  0 0  0 0
 0  0 0  0 1
 0  0 1  0 0
 0 -1 0  0 0
 0  0 0 -1 0
1,1;1,1;1 1 7
6 
#1 
5	% 
 0 0 -1  1 0
 0 0  2 -1 1
 1 1  1  0 0
 0 0  0  1 0
 0 1  0 -1 0
1,1;1;1;1 1 11
3 
#1 
5	% 
 0 1  1  1 0
 0 0 -1 -1 0
 0 0  0  0 1
 1 0  0  0 0
 0 1  1  0 0
1,1;1;1;1 1 10
6 
#1 
5	% 
  1 -1  2 0  1
  0 -1  0 1  0
 -1 -1  0 0  0
 -1  0 -1 0  0
  0  0 -1 0 -1
1,1;1;1;1 1 5
1 
#1 
5	% 
 0 0  0 0 -1
 1 0  0 0  1
 0 0  1 0  0
 0 0 -1 1  0
 0 1 -1 0  0
