#30

3;1;1 1 1
1 
#1 
5	% 
 1 0 0 0 0
 0 1 0 0 0
 0 0 1 0 0
 0 0 0 1 0
 0 0 0 0 1
1,1,1,1,1 1 1
1 
#1 
5	% 
 1 0 0 0 0
 0 1 0 0 0
 0 0 1 0 0
 0 0 0 1 0
 0 0 0 0 1
1,1,1,1;1 1 2
9 
#2 
5	% 
  0 0 1 0 0
  0 0 0 1 0
  0 0 0 0 1
  0 1 0 0 0
 -1 0 0 0 0
5	% 
  0  0  0 0 -1
  0  1  0 1 -1
  0 -1  0 0 -1
  0  0 -1 0  2
 -1  1  0 0 -2
1,1,1,1;1 1 1
2 
#1 
5	% 
  0 -1 -1 0 -1
 -1  0 -1 0 -1
 -1 -1  0 0 -1
  1  1  1 0  1
  0  0  0 1  0
2-1;1,1,1 1 2
3 
#1 
5	% 
  1  1 -1 1 1
  1  1 -1 0 1
 -1  1  0 0 0
  1  0  0 0 0
  0 -1  1 0 0
2-1;1,1;1 1 2
3 
#1 
5	% 
  0  0 0 0 -1
  0  0 0 1  1
 -1  1 0 0  0
  0 -1 1 0  0
  1  0 0 0  0
1,1,1;1,1 1 2
27 
#4 
5	% 
 0  0 0 0 1
 0  0 1 0 0
 0  0 0 1 0
 1  0 0 0 0
 0 -1 0 0 0
5	% 
  0  0  0 0 -1
  1 -1 -1 1  0
 -1  0  0 0  0
 -1  1  0 0  0
  0  0 -1 0  0
5	% 
 -1  1 0 -1 -1
  0  0 0  1  0
  1  1 1  0  0
  0 -1 0  0  0
 -1  0 0  0  0
5	% 
 0  1  0 0 -1
 1  1 -1 0  1
 0  0  0 1  0
 0 -1  1 0  0
 1  0  0 0  0
1,1,1;1,1 1 1
1 
#1 
5	% 
  0 -1 -1 0  0
 -1  0 -1 0  0
  1  1  1 0  0
  0  0  0 0 -1
  0  0  0 1  1
2-1;1,1;1 1 5
6 
#1 
5	% 
  1  1 -1 0 1
  0  0  0 1 0
 -1  1  0 0 0
  1  0  0 0 0
  0 -1  1 0 0
2-2;1,1,1 1 2
4 
#1 
5	% 
  0 0  0  0 -1
  0 0  0 -1  0
  1 0 -1  1  1
 -1 1  0 -1 -1
  1 0  0  1  1
1,1,1;1;1 1 4
9 
#2 
5	% 
  1  1 -1 1 0
 -1 -1  1 0 1
  1  1 -1 0 0
  0 -1  0 0 0
  0 -1  1 0 0
5	% 
 0  0  0 1  1
 0  0  0 0 -1
 0  0 -1 0  0
 1  0  0 0  0
 0 -1  1 0  0
1,1;1,1;1 1 3
18 
#2 
5	% 
  0  0  3 1  0
  1  1 -1 0  1
 -1  0  1 0 -1
  0  0 -1 0  0
  0 -1  1 0 -1
5	% 
 0  0  3  0 1
 0  0  0 -1 0
 0 -1  1  1 0
 0  0 -1  0 0
 1  0  0  1 0
1,1;1,1;1 1 2
9 
#2 
5	% 
  0 0 1 0 0
  0 0 0 1 0
  0 0 0 0 1
  0 1 0 0 0
 -1 0 0 0 0
5	% 
 0 -1 0 0  0
 0  0 0 0 -1
 0  0 0 1  1
 0  0 1 0  0
 1 -1 0 0  0
1,1,1;1;1 1 2
18 
#2 
5	% 
  0 0 0 0 1
  0 0 1 0 0
  0 0 0 1 0
  0 1 0 0 0
 -1 0 0 0 0
5	% 
 -1 -1  1 0 -1
  0 -1  0 0  1
  0  0  0 1  0
  0  1 -1 0  0
 -1  0  0 0  0
1,1;1,1;1 1 4
18 
#2 
5	% 
  0  2 0 0 1
 -1  0 1 0 0
  0  0 0 1 0
  1 -1 0 0 0
  1  0 0 0 0
5	% 
 -1 1 -2 0 0
  0 0  0 0 1
  0 0  0 1 0
  1 0  0 0 0
  0 1 -1 0 0
2-2;1,1;1 1 5
8 
#1 
5	% 
  0 0  0 0 1
  0 0  0 1 0
  1 0 -1 0 0
 -1 1  0 0 0
  1 0  0 0 0
1,1,1;1;1 1 1
1 
#1 
5	% 
  0 -1 -1 0 0
 -1  0 -1 0 0
  1  1  1 0 0
  0  0  0 1 0
  0  0  0 0 1
3;1,1 1 1
1 
#1 
5	% 
 1 0 0 0  0
 0 0 1 0  0
 0 1 0 0  0
 0 0 0 0 -1
 0 0 0 1  1
2-1;1;1;1 1 2
3 
#1 
5	% 
  0  0 0 1 0
  0  0 0 0 1
 -1  1 0 0 0
  0 -1 1 0 0
  1  0 0 0 0
1,1;1;1;1 1 4
18 
#2 
5	% 
 -1 -1  1 0 1
  0  0  0 1 0
  0 -1  0 0 0
  1  1 -1 0 0
  0 -1  1 0 0
5	% 
 0  0  3 0 1
 0  0  0 1 0
 1  0  0 0 0
 0  0 -1 0 0
 0 -1  1 0 0
1,1;1;1;1 1 2
9 
#2 
5	% 
  0 0 1 0 0
  0 0 0 0 1
  0 0 0 1 0
  0 1 0 0 0
 -1 0 0 0 0
5	% 
 0 -1 0 0 0
 0  0 0 1 0
 0  0 0 0 1
 0  0 1 0 0
 1 -1 0 0 0
1,1,1;1;1 1 5
3 
#1 
5	% 
 0  0  0  1  0
 0  0  0  0  1
 0 -1  1 -1 -1
 1  0 -1  1  1
 0  0  1  0  0
1,1;1,1;1 1 5
6 
#1 
5	% 
  0 0  0  0  1
  0 0  0  1  0
 -1 0  0  0 -1
  0 1  0 -1  1
  0 0 -1  1  0
1,1;1;1;1 1 12
1 
#1 
5	% 
  0  0 0 0 -1
  0  0 0 1  1
  0 -1 0 0  0
  0  0 1 0  0
 -1  0 0 0  0
1,1;1;1;1 1 7
6 
#1 
5	% 
  0 0  0 0  1
  0 0  0 1  0
 -1 1  0 0 -1
  1 0 -1 0  1
 -1 0  0 0  0
1,1;1;1;1 1 5
3 
#1 
5	% 
  0 0 0  1 1
  0 0 0 -1 0
  1 0 0  0 0
 -1 0 1  0 0
 -1 1 0  0 0
2-2;1,1;1 1 3
4 
#1 
5	% 
  0  0 0 1 0
  0  0 0 0 1
 -1  0 1 0 0
  1 -1 0 0 0
 -1  0 0 0 0
1;1;1;1;1 1 3
3 
#1 
5	% 
  0  0  0 0 1
  0  0  0 1 0
 -1 -1  1 0 0
  1  0  0 0 0
  1  0 -1 0 0
2-2;1;1;1 1 4
4 
#1 
5	% 
  0  0 0 0 1
  0  0 0 1 0
 -1  0 1 0 0
  1 -1 0 0 0
 -1  0 0 0 0
1;1;1;1;1 1 6
1 
#1 
5	% 
 0  0  0 1 0
 0  0  0 0 1
 0 -1  1 0 0
 1  0 -1 0 0
 0  0  1 0 0
