#28

3;1;1 2 5
1 
#1 
5	% 
 1 0 0 0 0
 0 1 0 0 0
 0 0 1 0 0
 0 0 0 1 0
 0 0 0 0 1
1,1,1,1,1 1 1
1 
#1 
5	% 
 1 0 0 0 0
 0 1 0 0 0
 0 0 1 0 0
 0 0 0 1 0
 0 0 0 0 1
2-1;1,1,1 1 2
3 
#1 
5	% 
  1  0 -1 1  0
  1  0 -1 2  0
  1  1  1 0  0
  0 -1 -1 1  0
 -1 -1  0 0 -1
1,1,1,1;1 1 2
11 
#3 
5	% 
  1  0  0  0  0
  1  0 -1  0  0
  0 -1 -1 -1  1
 -1  1  1  0 -1
  1 -1 -1 -1  0
5	% 
  0  0 -1 -1 -1
  0  0  0 -1 -1
  0  0 -2  0 -1
  0 -1  1  1  1
 -1 -1 -2  0 -2
5	% 
 0 1 0  0 -1
 0 0 0  0 -1
 0 0 0 -1  0
 0 0 1  0  0
 1 1 0  0  0
1,1,1;1,1 1 2
4 
#2 
5	% 
 -1 -1 -1  0  0
  0  1  0 -1  1
  0  0  0 -1  2
  1  0  0  1 -1
 -1  0  0  0  0
5	% 
 0 0 0  2 -1
 0 0 0 -1  1
 0 1 0 -1  1
 1 0 0  0  0
 0 0 1  1 -1
2-1;1,1;1 1 7
6 
#1 
5	% 
  1  1  1  0  0
  0 -1 -1  2 -2
 -1 -1  0 -1  0
  0  0  0 -1  0
  0  0  0  0  1
2-1;1,1;1 1 4
3 
#1 
5	% 
  0  0  0 0  1
 -1 -2 -1 1 -1
  0 -1 -1 1 -2
  1  1  1 0  0
 -1 -1  0 1 -2
1,1,1;1,1 1 3
24 
#3 
5	% 
  1 1  0  1  1
  1 0  0  1 -2
  1 0 -1  2 -1
 -1 0  0 -1  1
  0 0  1  0  0
5	% 
  0  0  0  0 -1
 -1  0 -2 -1  2
  0  1  0  0  0
  0 -1  1  0 -1
 -1 -1 -2 -2  1
5	% 
  0  0 -1 -1  2
  2  2  2  0 -1
  0  1  0 -1  2
 -1 -1 -1  0  0
  2  1  2  0 -2
2-2;1,1,1 1 2
4 
#1 
5	% 
  0  0  0  0 -1
  0  0  0 -1  0
  1  0  0  1  0
  0 -1 -1  0 -1
 -1 -1  0  1  0
1,1;1,1;1 1 6
12 
#2 
5	% 
 0 -1  0  1 -1
 0  1 -1 -2  2
 1  2  0 -1  2
 0  0  0  1  0
 0  0  0  0 -1
5	% 
  0  0  0 -1  2
  1  0  2  2 -2
  0  1 -1 -1  1
  0  1  0 -1  1
 -1 -1 -1  0  0
1,1,1;1;1 1 6
24 
#3 
5	% 
  1  1  1  1 -1
 -1 -1 -2 -1  1
  1  0  0  1  0
  1  1  1  1  0
  1  1  1  0 -1
5	% 
  0  0  1 -2  2
 -1 -1 -1  0 -1
  1  0  0  0 -1
  1  0  0  0  0
  0  1  1 -1  1
5	% 
  1  0  1 1  2
 -1 -1 -1 1 -2
  0 -1 -1 0  0
  1  0  0 0  1
  0  0  1 0  1
1,1;1,1;1 1 9
30 
#3 
5	% 
  2  1  8  3 -3
  0  3 10  5 -4
  1 -1 -1  0  1
 -2  0 -5 -2  2
 -1 -1 -6 -3  2
5	% 
 0  0  1 -1 -1
 0  1  1 -2  0
 0  1  0  0  0
 1  0  0  0  1
 0 -1 -1  1  0
5	% 
  0  1  0 -3  3
 -1  0  2 -2  1
  1  1  0  0  1
  0 -1  0  2 -3
  0 -1 -1  2 -2
1,1,1;1;1 1 5
4 
#2 
5	% 
 1 0 -1  0  0
 0 1  0 -1  1
 0 0  1  1 -1
 0 0 -1 -1  0
 0 0  0  1  0
5	% 
  1  0 -1  0 0
  0  0  0 -1 0
 -1  0  0  1 0
  0 -1 -1 -1 0
  0  1  0 -1 1
2-2;1,1;1 1 6
8 
#1 
5	% 
  0 0  1  4 -4
  1 1  1  2 -2
  1 1  0 -2  1
  1 0 -1 -2  2
 -1 0  0 -1  2
1,1;1;1;1 1 16
12 
#2 
5	% 
 0 1  2  0  0
 1 0  1  1 -1
 0 0  0  0  1
 0 0 -1 -1  0
 0 0 -1  0  0
5	% 
  1  0 -1 -1  0
  1  0 -1  0 -1
  1  1  1  0  0
 -1 -1  0  1  0
 -1  0  0  0  1
1,1;1,1;1 1 3
3 
#1 
5	% 
 0  0  0  1  0
 0 -1  0  1 -1
 0  1 -1 -1  1
 0  0  0 -1  1
 1  2  0 -1  1
1,1;1;1;1 1 13
6 
#2 
5	% 
  0 -1 0  1 -1
  0  1 1 -1  0
 -1 -1 0  0  0
  0  0 0 -1  0
  0  0 0  0 -1
5	% 
  0  0  0  1 -2
 -1  0  0 -1  2
  0  1  1  0 -1
  0  1  0 -1  1
 -1 -1 -1  0  0
2-2;1,1;1 1 4
4 
#1 
5	% 
  0  0  0 1 -2
 -1 -1  0 0  0
  1  0 -1 0  0
  1  1  1 0  0
  1  0  0 1 -1
1,1;1;1;1 1 6
1 
#1 
5	% 
 0 0 0  1 0
 0 0 0 -1 1
 0 1 0  0 0
 0 1 1  0 0
 1 1 0  0 0
1,1;1;1;1 1 10
6 
#1 
5	% 
 -1 0  2 0 -1
  1 1  1 0  0
  1 0  0 0  0
  1 0 -1 0  1
  1 0 -1 1  0
1,1,1;1;1 1 4
3 
#1 
5	% 
  0  0  0  1  0
  1  0 -1  0  0
 -1  0  1  1 -1
  0  0 -1 -1  1
  0 -1 -1  0  0
2-1;1;1;1 1 11
3 
#1 
5	% 
 0 -1 0  1 -1
 0  1 1  0  0
 1  1 0  0  1
 0  0 0  0  1
 0  0 0 -1  0
1,1;1,1;1 1 7
6 
#1 
5	% 
 -1 -2  0 -1 0
  2  1 -1  1 1
  2  0 -1  1 1
  0 -2 -1  0 1
  1  1  1  0 0
3;1,1 2 2
1 
#1 
5	% 
  0 0  0  0 1
 -1 0 -1 -1 1
 -1 0  0  0 1
  1 1  1  0 0
 -1 0  0 -1 0
1,1;1;1;1 1 15
12 
#1 
5	% 
 -2  0 -2 -2  1
  0 -1  0  1 -1
 -2 -1 -2  0  1
 -1  0 -2 -1  1
 -2  0 -1 -1  1
1;1;1;1;1 1 8
1 
#1 
5	% 
 1 1  0 -1  0
 1 0 -1  0  0
 1 0  0  1 -1
 0 0  0  1  0
 0 0  0  0  1
1;1;1;1;1 1 15
3 
#1 
5	% 
  0  0  0 0 -1
  0 -1 -1 1 -1
  0  0  1 0  0
 -1  0  1 0  0
  0  0  0 1  0
2-2;1;1;1 1 9
4 
#1 
5	% 
  1 0 0  1 -1
  1 0 0  1  0
  1 1 1  0  0
 -1 0 1  0  0
  0 1 0 -1  1
