#6

1,1;1;1;1 1 17
1 
#1 
5	% 
 1 0 0 0 0
 0 1 0 0 0
 0 0 1 0 0
 0 0 0 1 0
 0 0 0 0 1
1,1,1,1,1 1 1
1 
#1 
5	% 
 1 0 0 0 0
 0 1 0 0 0
 0 0 1 0 0
 0 0 0 1 0
 0 0 0 0 1
1,1,1;1,1 1 2
4 
#2 
5	% 
 0 1  1 -1 1
 0 0  0  1 0
 1 0  0  0 0
 0 0 -1  0 0
 0 1  0 -1 0
5	% 
  0  0 1 0 0
 -1 -1 1 1 0
  0  0 0 0 1
  1  1 0 0 0
 -1  0 1 1 0
1,1,1,1;1 1 2
3 
#1 
5	% 
 1  0  0  0  0
 0 -1 -1 -1 -1
 0 -1  0  0  1
 0  0  0  1  0
 0 -1 -1  0  0
1,1;1,1;1 1 5
3 
#1 
5	% 
 1  0  0  0  0
 0 -1 -1 -1 -1
 0  0 -1  0  0
 0  0  1  1  1
 0 -1 -1  0 -1
1,1,1;1;1 1 5
3 
#1 
5	% 
  1 0 0 0  0
  1 1 0 0  1
 -1 0 0 0 -1
  1 1 1 0  1
  0 0 0 1  0
