#56

3;2-1 1 1
1 
#1 
5	% 
 1 0 0 0 0
 0 1 0 0 0
 0 0 1 0 0
 0 0 0 1 0
 0 0 0 0 1
1,1,1,1,1 1 1
1 
#1 
5	% 
 1 0 0 0 0
 0 1 0 0 0
 0 0 1 0 0
 0 0 0 1 0
 0 0 0 0 1
1,1,1,1;1 1 2
11 
#3 
5	% 
  0 0 1 0 0
  0 0 0 1 0
  0 0 0 0 1
  0 1 0 0 0
 -1 0 0 0 0
5	% 
  0  0  0 0 -1
  0  1  0 1 -1
  0 -1  0 0 -1
  0  0 -1 0  2
 -1  1  0 0 -2
5	% 
  1  0  0  0  0
  1  0 -1  0  0
  0 -1 -1 -1 -1
 -1  1  1  0  1
  1 -1 -1 -1  0
1,1,1,1;1 1 1
2 
#1 
5	% 
  0 -1 -1 -1 0
 -1  0 -1 -1 0
 -1 -1  0 -1 0
  1  1  1  1 0
  0  0  0  0 1
2-1;1,1,1 1 1
1 
#1 
5	% 
  0  0  0 1 0
  0  0  0 0 1
  0 -1 -1 0 0
 -1  0 -1 0 0
  1  1  1 0 0
2-1;1,1,1 1 2
3 
#1 
5	% 
  1  1 -1 1 1
  1  1 -1 0 1
 -1  1  0 0 0
  1  0  0 0 0
  0 -1  1 0 0
2-1;1,1;1 1 2
3 
#1 
5	% 
  0  0 0 0 -1
  0  0 0 1  1
 -1  1 0 0  0
  0 -1 1 0  0
  1  0 0 0  0
1,1,1;1,1 1 2
27 
#4 
5	% 
 0  0 0 1 0
 0  0 1 0 0
 0  0 0 0 1
 1  0 0 0 0
 0 -1 0 0 0
5	% 
  0  0  0 0 -1
  1 -1 -1 1  0
 -1  0  0 0  0
 -1  1  0 0  0
  0  0 -1 0  0
5	% 
 0  1 0 -1  0
 0 -1 0  0  0
 0  0 0  0 -1
 0 -1 1  0  1
 1  0 0  0  1
5	% 
 -1  1 0 -1 -1
  0  0 0  1  0
  1  1 1  0  0
  0 -1 0  0  0
 -1  0 0  0  0
2-1;1,1;1 1 3
9 
#2 
5	% 
  0 0 0 1 0
  0 0 0 0 1
  0 0 1 0 0
  0 1 0 0 0
 -1 0 0 0 0
5	% 
 0  0 0 1 0
 0  0 0 0 1
 0 -1 0 0 0
 0  0 1 0 0
 1 -1 0 0 0
2-1;1,1;1 1 5
6 
#1 
5	% 
  1  1 -1 1 0
  0  0  0 0 1
 -1  1  0 0 0
  1  0  0 0 0
  0 -1  1 0 0
1,1,1;1,1 1 1
1 
#1 
5	% 
  0 -1 -1 0  0
 -1  0 -1 0  0
  1  1  1 0  0
  0  0  0 0 -1
  0  0  0 1  1
2-1',2-1';1 1 2
6 
#1 
5	% 
 1 -1  0  0 -1
 0  0 -1 -1  0
 0  0  1  2  0
 1  0 -1 -1 -1
 0 -1  0 -1 -1
1,1,1;1,1 1 3
18 
#2 
5	% 
  1  1 1 1  1
  1 -1 0 0 -1
  1  0 0 0  0
 -1  0 0 0  1
  0 -1 0 1  0
5	% 
  1  0  0  0  0
  1  2 -1  0 -1
  1  1 -1 -1  0
 -1 -2  1  0  0
  0  1  0  0  0
2-1;1,1;1 1 7
6 
#1 
5	% 
  0 0  1  0  0
  0 1 -1  1  1
 -1 0  0 -2 -1
  0 0  0  0  1
  0 0  0  1  0
2-2;1,1,1 1 2
4 
#1 
5	% 
  0 0  0  0 -1
  0 0  0 -1  0
  1 0 -1  1  1
 -1 1  0 -1 -1
  1 0  0  1  1
1,1;1,1;1 1 2
9 
#2 
5	% 
  0 0 1 0 0
  0 0 0 1 0
  0 0 0 0 1
  0 1 0 0 0
 -1 0 0 0 0
5	% 
 0 -1 0 0  0
 0  0 0 0 -1
 0  0 0 1  1
 0  0 1 0  0
 1 -1 0 0  0
1,1,1;1;1 1 4
9 
#2 
5	% 
  1  1 -1 1 0
 -1 -1  1 0 1
  1  1 -1 0 0
  0 -1  0 0 0
  0 -1  1 0 0
5	% 
 0  0  0 1  1
 0  0  0 0 -1
 0  0 -1 0  0
 1  0  0 0  0
 0 -1  1 0  0
1,1;1,1;1 1 3
18 
#2 
5	% 
  0  0  3 1  0
  1  1 -1 0  1
 -1  0  1 0 -1
  0  0 -1 0  0
  0 -1  1 0 -1
5	% 
 0  0  3 1  0
 0  0  0 0 -1
 0 -1  1 0  1
 0  0 -1 0  0
 1  0  0 0  1
1,1;1,1;1 1 7
18 
#2 
5	% 
  0  1 0  0 -1
  0 -1 0 -1  1
  0 -1 1 -1  1
 -1  0 1 -1  0
  1 -1 0  0  0
5	% 
 -1 -1  0 -1  0
  2  0 -1  1 -1
  2 -1 -1  1 -1
  0 -1 -1  0 -1
  1 -1  1  0  0
1,1,1;1;1 1 2
18 
#2 
5	% 
  0 0 0 0 1
  0 0 1 0 0
  0 0 0 1 0
  0 1 0 0 0
 -1 0 0 0 0
5	% 
 -1 -1  1 -1 0
  0 -1  0  1 0
  0  0  0  0 1
  0  1 -1  0 0
 -1  0  0  0 0
1,1,1;1;1 1 6
18 
#2 
5	% 
  1  1  1  1 -1
 -1 -2 -1 -1  1
  1  0  0  1  0
  1  1  1  1  0
  1  1  1  0 -1
5	% 
  0 -1  0  0  0
 -2  0  1 -1  1
  0  1 -1  1  0
  1  0 -1  1  0
  1  0 -1  0 -1
1,1;1,1;1 1 4
18 
#2 
5	% 
  0  2 0 1 0
 -1  0 1 0 0
  0  0 0 0 1
  1 -1 0 0 0
  1  0 0 0 0
5	% 
 -1 1 -2 0 0
  0 0  0 1 0
  0 0  0 0 1
  1 0  0 0 0
  0 1 -1 0 0
1,1,1;1;1 1 1
1 
#1 
5	% 
  0 -1 -1 0 0
 -1  0 -1 0 0
  1  1  1 0 0
  0  0  0 1 0
  0  0  0 0 1
2-2;1,1;1 1 5
8 
#1 
5	% 
  0 0  0 1 0
  0 0  0 0 1
  1 0 -1 0 0
 -1 1  0 0 0
  1 0  0 0 0
2-2;2-1;1 1 3
4 
#1 
5	% 
  0  0 0 0 1
  0  0 0 1 0
 -1  0 1 0 0
  1 -1 0 0 0
 -1  0 0 0 0
3;1,1 1 1
1 
#1 
5	% 
 1 0 0 0  0
 0 0 1 0  0
 0 1 0 0  0
 0 0 0 0 -1
 0 0 0 1  1
2-1;2-1;1 1 2
3 
#1 
5	% 
  0  0 0 0 1
  0  0 0 1 0
 -1  1 0 0 0
  0 -1 1 0 0
  1  0 0 0 0
2-1;1;1;1 1 9
3 
#1 
5	% 
 -1  1 0 0 0
  0 -1 1 0 0
  0  0 0 0 1
  0  0 0 1 0
  1  0 0 0 0
2-1;1;1;1 1 2
3 
#1 
5	% 
  0  0 0 1 0
  0  0 0 0 1
 -1  1 0 0 0
  0 -1 1 0 0
  1  0 0 0 0
1,1;1;1;1 1 2
9 
#2 
5	% 
  0 0 1 0 0
  0 0 0 0 1
  0 0 0 1 0
  0 1 0 0 0
 -1 0 0 0 0
5	% 
 0 -1 0 0 0
 0  0 0 1 0
 0  0 0 0 1
 0  0 1 0 0
 1 -1 0 0 0
1,1;1;1;1 1 4
18 
#2 
5	% 
 -1 -1  1 1 0
  0  0  0 0 1
  0 -1  0 0 0
  1  1 -1 0 0
  0 -1  1 0 0
5	% 
 0  0  3 1 0
 0  0  0 0 1
 1  0  0 0 0
 0  0 -1 0 0
 0 -1  1 0 0
2-1;1;1;1 1 5
3 
#1 
5	% 
  0  0  0 1 0
  0  0  0 0 1
 -1 -1  1 0 0
  1  0  0 0 0
  1  0 -1 0 0
1,1,1;1;1 1 5
3 
#1 
5	% 
 0  0  0  1  0
 0  0  0  0  1
 0 -1  1 -1 -1
 1  0 -1  1  1
 0  0  1  0  0
1,1;1,1;1 1 5
6 
#1 
5	% 
  0 0  0  0  1
  0 0  0  1  0
 -1 0  0  0 -1
  0 1  0 -1  1
  0 0 -1  1  0
1,1;1,1;1 1 9
6 
#1 
5	% 
  1 -1 -1 -1 -2
  2 -1 -1 -2 -1
  0 -1  1  0  0
  0  1  0  1  1
 -1  1  0  1  1
1,1;1;1;1 1 12
1 
#1 
5	% 
  0  0 0 0 -1
  0  0 0 1  1
  0 -1 0 0  0
  0  0 1 0  0
 -1  0 0 0  0
1,1;1;1;1 1 7
6 
#1 
5	% 
  0 0  0 0  1
  0 0  0 1  0
 -1 1  0 0 -1
  1 0 -1 0  1
 -1 0  0 0  0
1,1;1;1;1 1 16
6 
#1 
5	% 
  2 -2 -2  1 -2
  2 -2 -2  2 -1
  1  0  0  0  0
 -2  2  1 -1  1
 -2  1  2 -1  1
1,1;1;1;1 1 5
3 
#1 
5	% 
  0 0 0  1 1
  0 0 0 -1 0
  1 0 0  0 0
 -1 0 1  0 0
 -1 1 0  0 0
1,1;1;1;1 1 10
18 
#2 
5	% 
 -1  1  2 -2  2
  0 -1  1  0  0
  1 -1  0  0 -1
  1 -1 -1  1 -2
  1 -1 -1  2 -1
5	% 
 -1 0  2  1  1
 -1 1  0  0  0
 -1 0  0 -1  0
  0 0 -1 -1  0
  0 0 -1  0 -1
1,1;1,1;1 1 6
18 
#2 
5	% 
 -2 -1  1 0  0
  1  0 -1 0  0
  0  1  0 0  1
  0  0  0 1  0
  0  0  0 0 -1
5	% 
 -1  0 1  0  0
  1  0 0  1  1
  1 -1 0 -1  0
  0  0 0 -1  0
  0  0 0  0 -1
1,1,1;1;1 1 3
1 
#1 
5	% 
  0 -1 -1 0 0
 -1  0 -1 0 0
  1  1  1 0 0
  0  0  0 0 1
  0  0  0 1 0
2-2;1,1;1 1 6
8 
#1 
5	% 
 -3  1  1 -2 -2
 -2  1  1 -1 -1
  1  0  0  0  1
  2 -1  0  1  1
  1  0 -1  1  0
1,1;1;1;1 1 11
9 
#2 
5	% 
  1 -1 1 0 0
 -1  0 0 0 0
  0  0 0 0 1
  0  0 0 1 0
  1 -1 0 0 0
5	% 
 0 -1 0 0 0
 0  0 1 0 0
 0  0 0 0 1
 0  0 0 1 0
 1 -1 0 0 0
2-2;1,1;1 1 3
4 
#1 
5	% 
  0  0 0 1 0
  0  0 0 0 1
 -1  0 1 0 0
  1 -1 0 0 0
 -1  0 0 0 0
2-1,2-1;1 1 2
12 
#1 
5	% 
 -1  1  0 0 1
  0  0  1 1 0
  1 -1  0 0 0
  0  1 -1 0 0
 -1  0  0 0 0
2-1,2-1;1 2 2
12 
#1 
5	% 
 0  0  0 0 1
 0  0  0 1 0
 0  0  1 0 0
 0 -1  0 0 0
 1  0 -1 0 0
2-1;1;1;1 1 10
1 
#1 
5	% 
 0  0  0 1 0
 0  0  0 0 1
 0 -1  1 0 0
 1  0 -1 0 0
 0  0  1 0 0
1;1;1;1;1 1 10
3 
#1 
5	% 
 0  0  0 0 1
 0 -1  0 0 0
 0  0 -1 0 0
 1  0 -1 0 0
 0  0  0 1 0
1;1;1;1;1 1 3
3 
#1 
5	% 
  0  0  0 0 1
  0  0  0 1 0
 -1 -1  1 0 0
  1  0  0 0 0
  1  0 -1 0 0
2-2;1;1;1 1 4
4 
#1 
5	% 
  0  0 0 0 1
  0  0 0 1 0
 -1  0 1 0 0
  1 -1 0 0 0
 -1  0 0 0 0
3;1;1 1 1
1 
#1 
5	% 
 1 0 0 0 0
 0 0 1 0 0
 0 1 0 0 0
 0 0 0 1 0
 0 0 0 0 1
1;1;1;1;1 1 6
1 
#1 
5	% 
 0  0  0 1 0
 0  0  0 0 1
 0 -1  1 0 0
 1  0 -1 0 0
 0  0  1 0 0
3;1;1 1 3
1 
#1 
5	% 
 0 0 0 0 1
 0 0 0 1 0
 0 1 0 0 0
 1 0 0 0 0
 0 0 1 0 0
1;1;1;1;1 1 14
1 
#1 
5	% 
  0  0 0 0 1
  0  0 0 1 0
  0 -1 0 0 0
  0  0 1 0 0
 -1  0 0 0 0
2-2;1;1;1 1 8
4 
#1 
5	% 
  0 0 0 0 1
  0 0 0 1 0
 -1 0 1 0 0
 -1 1 0 0 0
  1 0 0 0 0
