#6

1;1;1;1;1 1 19
1 
#1 
5	% 
 1 0 0 0 0
 0 1 0 0 0
 0 0 1 0 0
 0 0 0 1 0
 0 0 0 0 1
1,1,1,1,1 1 1
1 
#1 
5	% 
 1 0 0 0 0
 0 1 0 0 0
 0 0 1 0 0
 0 0 0 1 0
 0 0 0 0 1
1,1,1;1,1 1 3
6 
#1 
5	% 
  1  1  0  1  0
  0  1  0 -1  1
  1  1  0  1  1
 -1 -1  0  0 -1
 -1  0 -1 -1  0
1,1,1,1;1 1 2
1 
#1 
5	% 
  0  0  1  1  1
  0  0  2  1  1
  0  0  0  2  1
 -1  0 -1 -1 -1
 -1 -1  0  0  0
1,1;1;1;1 1 18
4 
#1 
5	% 
 -1 -1 -1 -1 -1
  1  0  1  1  1
  1  1  0  1  1
  1  1  1  0  1
 -1 -1 -1 -1  0
1,1;1,1;1 1 9
3 
#1 
5	% 
  0 -3 -2  3  5
 -1 -6 -4  1  2
 -1  0  0  0  0
  0  2  1 -2 -3
  1  3  2 -1 -2
