#25

2-2;2-2;1 1 1
1 
#1 
5	% 
 1 0 0 0 0
 0 1 0 0 0
 0 0 1 0 0
 0 0 0 1 0
 0 0 0 0 1
1,1,1,1,1 1 1
1 
#1 
5	% 
 1 0 0 0 0
 0 1 0 0 0
 0 0 1 0 0
 0 0 0 1 0
 0 0 0 0 1
1,1,1,1;1 1 2
12 
#2 
5	% 
  0  0 0 -1 0
  0  2 0  0 1
  0 -1 1 -1 0
 -1  0 0  1 0
 -1  1 0 -1 0
5	% 
  0 0 1 0 0
  0 0 0 1 0
  0 0 0 0 1
  1 0 0 0 0
 -1 1 0 0 0
1,1,1,1;1 1 1
1 
#1 
5	% 
  0 -1 -1 -1 0
 -1  0 -1 -1 0
 -1 -1  0 -1 0
  1  1  1  1 0
  0  0  0  0 1
1,1,1;1,1 1 1
2 
#1 
5	% 
 0  0  0 1  1
 0  0 -1 0  0
 0  0  0 0 -1
 0 -1  0 0  0
 1  1  0 0  0
1,1,1;1,1 1 3
36 
#3 
5	% 
 1 -1  0 0  0
 0 -2  1 0 -1
 0 -1 -1 1  0
 0  2  0 0  1
 0 -1  0 0 -1
5	% 
  2 -1  0  0 -1
  0 -2  1 -1  1
  1 -1  0  0  0
 -1  2 -1  1 -1
 -1 -1 -1  0 -1
5	% 
  0  0  1 -1  0
 -3  1 -1 -2 -1
 -1  1  1 -2  0
  2 -1  0  2  1
 -2  1  0 -1 -1
1,1,1;1,1 1 2
12 
#2 
5	% 
  0  1 -1 0 0
  0  1  1 1 0
  2 -1  0 0 1
 -1  0  0 0 0
 -1  1  0 0 0
5	% 
 -2 1 -1 -1 0
  0 0  1  0 0
  0 1  0  0 1
  1 0  0  0 0
 -1 1  0  0 0
2-2;1,1,1 1 1
2 
#1 
5	% 
 1 0  0  0  0
 0 1  0  0  0
 0 0  0 -1 -1
 0 0 -1  0 -1
 0 0  1  1  1
2-2',2-2';1 1 1
2 
#1 
5	% 
  0 -1  0 0 0
 -1  0  0 0 0
 -1  0 -1 1 0
 -1  1  0 1 0
  0  0  0 0 1
1,1,1;1;1 1 3
6 
#1 
5	% 
  0  0 1  0  1
  0  0 0 -1  0
  0  0 0  0 -1
 -1  0 0  0  0
  1 -1 0  0  0
1,1;1,1;1 1 6
72 
#4 
5	% 
  0  0  2  0 1
  0  2  0 -1 0
  1 -2 -1  1 0
  1 -1  0  0 0
 -1  0  0  0 0
5	% 
  0  0 0  0 1
  0  1 1  0 0
  1 -1 1 -1 0
  1 -1 0  0 0
 -1  0 0  0 0
5	% 
  0  0  0  2 1
 -2  1 -1  0 0
  1 -1  1 -1 0
  1 -1  0  0 0
  1  0  0  0 0
5	% 
  2 -1  0  0  1
 -1  3  1 -2 -1
 -1 -1 -1  1 -1
  0 -1 -1  1  0
  0 -1  0  1  0
1,1;1,1;1 1 2
12 
#2 
5	% 
  0 2 0  0 1
  0 0 0 -1 0
  0 0 1  1 0
 -1 0 0  0 0
 -1 1 0  0 0
5	% 
 0  0  0 0 1
 0 -1  0 0 0
 1  1  0 0 0
 0  0  0 1 0
 0  0 -1 0 0
1,1,1;1;1 1 6
36 
#3 
5	% 
  0 -1  0  0 1
 -1  4  1 -2 0
 -1 -1 -1  1 0
  0 -2 -1  1 0
  0 -2  0  1 0
5	% 
  0 -2  0  0 -1
 -1  4  0  1  2
 -1 -1  1 -1 -1
  0 -2  1 -1 -1
  0 -2 -1  0 -1
5	% 
  0  0 0  0  1
 -2  1 0  1 -2
  1 -1 1 -1  1
  1 -1 0  0  1
  1  0 0  0  1
2-2;1,1;1 1 2
12 
#2 
5	% 
  0 2 0 0 1
  0 0 0 1 0
 -1 0 0 0 0
  0 0 1 0 0
 -1 1 0 0 0
5	% 
  2 -1 0 0 1
  0  0 0 1 0
 -1  0 0 0 0
  0  0 1 0 0
  1 -1 0 0 0
1,1,1;1;1 1 2
12 
#2 
5	% 
  0 -1 0 -1 0
  0  1 1  1 0
  0  0 0  0 1
 -1  0 0  0 0
 -1  1 0  0 0
5	% 
  0 0 0 1 0
  0 0 1 0 0
  0 0 0 0 1
  1 0 0 0 0
 -1 1 0 0 0
1,1;1,1;1 1 8
18 
#2 
5	% 
  0  0  0  0 1
  0  2  0  1 0
 -1  1  0  0 0
 -1 -1 -1  1 0
  1 -2  0 -1 0
5	% 
  0  0  0  0 1
 -1 -2 -1 -1 0
  1 -1  0  2 0
  0  2  1  0 0
  0  2  1 -1 0
2-2;1,1;1 1 1
2 
#1 
5	% 
 0  0 1 0 0
 0  0 0 1 0
 0 -1 0 0 0
 1  1 0 0 0
 0  0 0 0 1
1,1;1,1;1 1 1
1 
#1 
5	% 
 0 -1 0  0 0
 1  1 0  0 0
 0  0 0 -1 0
 0  0 1  1 0
 0  0 0  0 1
1,1;1;1;1 1 11
36 
#2 
5	% 
  0  0 1 -1  1
  0  0 0  1 -1
 -1  0 0  0  0
  1 -1 0  0  0
  0  0 1  0  1
5	% 
  0  0 0  0 -1
  0  0 1  0  1
 -1  0 0  0  0
  1 -1 0  0  0
  0  0 0 -1 -1
1,1;1;1;1 1 3
6 
#1 
5	% 
  0  0 1 0 0
  0  0 0 1 0
  0  0 0 0 1
 -1  0 0 0 0
  1 -1 0 0 0
1,1;1;1;1 1 9
36 
#3 
5	% 
 0  0  0  0 1
 1  1  0  1 0
 1 -1  1 -1 0
 0 -1  1 -1 0
 0 -1 -1  0 0
5	% 
 0  0  0  0 1
 1 -3 -1  2 0
 1  1  1 -1 0
 0  1  1 -1 0
 0  1  0 -1 0
5	% 
  0  0  0  0 1
  2 -1  1 -3 0
 -1  1 -1  1 0
 -1  1 -1  2 0
 -1  0 -1  2 0
2-2,2-2;1 1 1
6 
#1 
5	% 
  0 -1  0 -1 0
  1 -1 -1  0 0
  0  2  0  1 0
 -2  2  1  0 0
  0  0  0  0 1
2-2,2-2;1 2 1
6 
#1 
5	% 
 0 1 0 0 0
 1 0 0 0 0
 0 0 0 1 0
 0 0 1 0 0
 0 0 0 0 1
2-2;1;1;1 1 2
6 
#1 
5	% 
  0  0 0 0 1
  0  0 0 1 0
 -1  0 0 0 0
  0  0 1 0 0
  1 -1 0 0 0
1;1;1;1;1 1 9
9 
#1 
5	% 
  0  0  0  0 1
 -1  0  0  0 0
  0  0  0 -1 0
  1 -1  0  0 0
  0  0 -1  1 0
