#33

3;1;1 1 2
1 
#1 
5	% 
 1 0 0 0 0
 0 1 0 0 0
 0 0 1 0 0
 0 0 0 1 0
 0 0 0 0 1
1,1,1,1,1 1 1
1 
#1 
5	% 
 1 0 0 0 0
 0 1 0 0 0
 0 0 1 0 0
 0 0 0 1 0
 0 0 0 0 1
2-1;1,1,1 1 2
3 
#1 
5	% 
 -1 1 -1  0  1
 -2 1 -1  0  1
  0 0  1 -1  0
 -1 0 -1  0  1
  1 0  0  0 -1
1,1,1,1;1 1 1
1 
#1 
5	% 
 0 -1  0 -1 -1
 0 -1 -1  0 -1
 0  0 -1 -1 -1
 0  1  1  1  1
 1  0  0  0  0
1,1,1,1;1 1 2
10 
#3 
5	% 
 0 -1 -1 -1  0
 0 -2  0 -1  0
 1 -1  0  0  0
 0  2  1  1 -1
 0 -2  0 -1 -1
5	% 
 -1 1 -1  0  1
 -1 0 -1  0  2
  0 0  0 -1  0
  1 0  0  1 -1
 -1 0 -1  0  1
5	% 
  1  0 0 0 0
  0 -1 0 0 1
  1 -1 0 1 0
 -1  1 0 0 0
  1 -1 1 0 0
1,1,1;1,1 1 2
16 
#5 
5	% 
  0  0 -1 -1 0
  0  1  1  1 0
  1  0  0  0 0
 -1 -1  0  0 1
 -1  1 -1  0 1
5	% 
  0  1  0 0 -1
 -1  1 -1 0  1
  0  0  2 1  0
  0 -1  0 0  0
  0  1 -1 0  0
5	% 
 0  1 -1  0 1
 0  0  0  1 0
 1  0  0  0 0
 0 -1  1 -1 0
 0  1  0  0 0
5	% 
  0  0  1 1 0
 -1  0  1 0 0
  0 -1  0 0 1
  1  1 -1 0 0
 -1  1  0 0 0
5	% 
 0 0  1 0 1
 0 0 -1 1 0
 1 0  0 0 0
 0 1  0 0 0
 0 1 -1 0 0
2-1;1,1;1 1 5
3 
#1 
5	% 
 0 1 -1  0  1
 1 0  0  0  0
 0 0  1 -1  0
 0 0 -1  0  1
 0 0  0  0 -1
2-1;1,1;1 1 6
6 
#2 
5	% 
 1 0  0  0  0
 0 0  1  0 -1
 0 0  1 -1 -1
 0 1 -1  0  1
 0 1  0  0 -1
5	% 
  1  0  0  0 0
  0 -1  1  0 0
  0 -1  1 -1 0
 -1  1 -1  0 1
 -1 -1  0  0 1
1,1,1;1,1 1 3
12 
#2 
5	% 
 1  0  0 0  0
 0  1  0 0 -1
 0 -1  0 0  0
 0  0 -1 1  1
 0  0  1 0 -1
5	% 
  1  0  0  0  0
 -1 -1  0  0  1
  1  0  1 -1 -1
  0  1 -1  0  0
  0 -1  0  1  0
2-2;1,1,1 1 2
4 
#1 
5	% 
  1  0 0  0  0
  1 -1 1 -1  1
 -1  1 0  0 -1
  1  0 0 -1  1
 -1  0 0  0 -1
1,1;1,1;1 1 4
3 
#1 
5	% 
 0  0  2 0 1
 0 -1  0 1 0
 1  0  0 0 0
 0  1 -1 0 0
 0  1  0 0 0
1,1,1;1;1 1 2
10 
#3 
5	% 
 0  0  1  0 1
 0  0 -1  0 0
 1  0  0  0 0
 0  0  0 -1 0
 0 -1  1  0 0
5	% 
 0  0 -1 0 -1
 0  0  1 1  1
 1  0  0 0  0
 0 -1  0 0  0
 0 -1  1 0  0
5	% 
 0  0 1 1  0
 0 -1 1 0  0
 1  0 0 0  0
 0  1 0 0 -1
 0 -1 1 0 -1
1,1;1,1;1 1 8
6 
#1 
5	% 
 1  0  0 0  0
 0  1 -2 0  0
 0  0  0 0 -1
 0  0  1 1 -1
 0 -1  1 0  1
2-2;1,1;1 1 5
4 
#1 
5	% 
 0 1 -1  1  1
 1 0  0  0  0
 0 0  1 -1 -1
 0 1 -1  0  1
 0 0  0  0 -1
1,1;1,1;1 1 5
12 
#3 
5	% 
 1 0  0  0  0
 0 1  1  0  0
 0 0  1 -1 -1
 0 0 -1  1  0
 0 0  1  0 -1
5	% 
 1 0  0  0  0
 0 1 -1  1  0
 0 0  1  0 -1
 0 0  0 -1  1
 0 0  0  1  0
5	% 
 1 0  0  0  0
 0 1 -1  0  1
 0 0  1 -1  0
 0 0  0  1 -1
 0 0  0  0  1
1,1;1,1;1 1 6
24 
#4 
5	% 
  1  0 0  0  0
 -1 -2 0  1  0
 -1  0 0  0  1
  0  1 0 -1  1
  0  1 1 -1 -1
5	% 
  1  0  0  0 0
 -1  1 -1 -2 1
 -1  0  0  0 1
  0 -1  1  1 0
  0 -1  0  2 0
5	% 
 1 0  0  0  0
 0 1 -1 -2  1
 0 1  0  0  0
 0 0  1  1 -1
 0 0  0  2 -1
5	% 
 1  0  0  0  0
 0 -1  1 -2  1
 0  1 -1  0  0
 0  1 -1  1 -1
 0  1  0  1 -1
1,1,1;1;1 1 6
12 
#2 
5	% 
  1  1 -1  0  0
 -1 -1  1  1 -1
  0  0  0  0 -1
  1  0  0 -1  0
  1  1  0 -1  0
5	% 
  1  0 0 -1  0
 -1 -1 0  1  1
  0 -1 0  0  0
  1  0 0  0 -1
  1  0 1 -1 -1
2-2;1,1;1 1 6
4 
#1 
5	% 
 1 0  0  0  0
 0 0 -1  1  0
 0 1  0  0 -1
 0 1  0 -1  0
 0 0  0  0  1
1,1,1;1;1 1 5
6 
#2 
5	% 
 1  0  1  1  0
 0  0  1  1  0
 0  0 -1 -1 -1
 0 -1  2  1  0
 0  1  0  0 -1
5	% 
  1  0 0  0  0
  1 -1 1  0 -1
 -1  1 0  0  0
  1 -1 0  1  0
  0  0 1 -1  0
1,1,1;1;1 1 4
3 
#1 
5	% 
 1  1  0  0 -1
 0 -3  1  0  1
 0  2 -1  0  0
 0 -1  1  0  0
 0 -1  1 -1  0
1,1;1,1;1 1 3
6 
#1 
5	% 
 1 0  0  2  0
 0 1  0  0 -1
 0 0 -1  1  1
 0 0  0 -1  0
 0 0  0  0  1
1,1;1;1;1 1 9
12 
#2 
5	% 
 1  0  0  0  0
 0  2  0 -1  0
 0  0  0  1 -1
 0 -1  0  1 -1
 0 -1 -1  1  1
5	% 
 1  0  0  0  0
 0 -1  1  0 -1
 0 -1  1  0  0
 0  0  0 -1  1
 0  0 -1  0  1
2-2;1,1;1 1 4
4 
#1 
5	% 
 1  0  1  0 -2
 0  1 -1  1  1
 0  0  0 -1  0
 0 -1  0  0  0
 0  0  0  0 -1
1,1;1;1;1 1 7
6 
#2 
5	% 
 0  0 2 1  0
 1  0 0 0  0
 0  0 0 0 -1
 0 -1 1 0  0
 0  1 0 0 -1
5	% 
 0 1 -1  0  1
 1 0  0  0  0
 0 0  1  0 -1
 0 0 -1  1  1
 0 0  1 -1  0
1,1;1;1;1 1 4
3 
#1 
5	% 
 0  3 -2  0 1
 1  0  0  0 0
 0  1 -1  0 0
 0 -2  1  0 0
 0  1  0 -1 0
1,1;1;1;1 1 8
6 
#2 
5	% 
  1  0  0  0  0
  1  0  1 -1 -1
  0  1 -1  0  0
 -1  1 -1  0  1
 -1 -1  0  0  1
5	% 
 1  0  0  0  0
 0 -1  1 -1  0
 0  0 -1  0  1
 0  1 -1  0  1
 0  1  0  0 -1
1,1;1;1;1 1 17
4 
#2 
5	% 
 1  0  0  0  0
 0  0  1 -1 -1
 0  1 -1  0  1
 0 -1  1 -1  0
 0  0 -1  1  0
5	% 
  1  0  0  0  0
 -1 -1  1  0 -1
  1  1 -1  1  0
  0  0  1 -1 -1
  0  0 -1  0  1
2-1;1;1;1 1 7
3 
#1 
5	% 
 1  0  0  0 0
 0 -1  1  0 0
 0 -1  1 -1 0
 0  1 -1  0 1
 0 -1  0  0 1
3;1,1 1 2
1 
#1 
5	% 
  1 0 0  0 0
  0 0 1 -1 0
  0 0 1  0 0
  0 1 0  0 0
 -1 0 0  0 1
1,1;1;1;1 1 13
6 
#1 
5	% 
 1  0  0 0  0
 0  0  0 1 -1
 0  1 -1 0  0
 0  1  0 0 -1
 0 -1  1 0 -1
1;1;1;1;1 1 12
1 
#1 
5	% 
 1  0  0  0  0
 0  0  1 -1 -1
 0  1 -1  1  0
 0 -1  1  0 -1
 0  0 -1  0  1
1;1;1;1;1 1 7
3 
#1 
5	% 
 1  0  0 0  0
 0  0 -1 1  1
 0 -1  0 0  0
 0  0  0 0 -1
 0  0  1 0 -1
2-2;1;1;1 1 6
4 
#1 
5	% 
 1  0 0  0 0
 0  0 0 -1 1
 0  1 0 -1 0
 0 -1 1  0 0
 0  0 0  0 1
