#11

1;1;1;1;1 1 12
1 
#1 
5	% 
 1 0 0 0 0
 0 1 0 0 0
 0 0 1 0 0
 0 0 0 1 0
 0 0 0 0 1
1,1,1,1,1 1 1
1 
#1 
5	% 
 1 0 0 0 0
 0 1 0 0 0
 0 0 1 0 0
 0 0 0 1 0
 0 0 0 0 1
1,1,1,1;1 1 2
4 
#1 
5	% 
 -1  0  0 1 1
 -1 -1 -1 1 0
  0  0  0 1 0
  1  0  1 0 0
 -1 -1  0 1 0
1,1,1,1;1 1 1
1 
#1 
5	% 
 0 -1  0 -1 -1
 0 -1 -1  0 -1
 0  0 -1 -1 -1
 0  1  1  1  1
 1  0  0  0  0
1,1,1;1,1 1 2
10 
#2 
5	% 
 -1  0  0 -1 -1
  0 -1 -1  2  1
  0  2  1  1  0
  1  0  0 -1  0
 -1 -1 -1  0  0
5	% 
 0 1  1 -1 1
 0 0  0  1 0
 1 0  0  0 0
 0 0 -1  0 0
 0 1  0 -1 0
1,1,1;1;1 1 2
4 
#1 
5	% 
 0 -1 -1 1 -1
 0  0  0 1  1
 1  0  0 0  0
 0  0  1 0  0
 0 -1  0 1  0
1,1;1,1;1 1 5
12 
#1 
5	% 
 0 0  0  1  0
 1 0  0  0  0
 0 0 -1 -2  0
 0 1  1  2  1
 0 0 -1 -1 -1
1,1,1;1;1 1 5
6 
#1 
5	% 
  1  0  0 0  0
  0 -1 -1 0 -1
 -1  1  1 0  0
  1 -1  0 1  0
  0  1  0 0  0
1,1;1,1;1 1 4
3 
#1 
5	% 
 0 -1 2 1 0
 0  0 0 0 1
 1  0 0 0 0
 0  1 0 0 0
 0  0 1 1 0
1,1;1;1;1 1 7
6 
#1 
5	% 
 0 -1 -1  0 -1
 1  0  0  0  0
 0  0  0  0  1
 0  0 -1 -1 -1
 0 -1  0  0  0
1,1;1;1;1 1 17
4 
#1 
5	% 
 1  0 0 0  0
 0  0 1 0  0
 0  0 0 1  1
 0 -1 0 0 -1
 0  1 0 0  0
