#43

3;2-1 2 1
1 
#1 
5	% 
 1 0 0 0 0
 0 1 0 0 0
 0 0 1 0 0
 0 0 0 1 0
 0 0 0 0 1
1,1,1,1,1 1 1
1 
#1 
5	% 
 1 0 0 0 0
 0 1 0 0 0
 0 0 1 0 0
 0 0 0 1 0
 0 0 0 0 1
2-1;1,1,1 1 1
4 
#2 
5	% 
  0 1 0  0  0
  0 0 1  0  0
  0 0 0 -1 -1
 -1 0 0  0 -1
  1 0 0  1  1
5	% 
  0  0  0 1 0
  0  0  0 0 1
  0 -1 -1 0 0
 -1  0 -1 0 0
  1  1  1 0 0
1,1,1,1;1 1 1
5 
#2 
5	% 
  0 -1 -1 0 -1
 -1  0 -1 0 -1
 -1 -1  0 0 -1
  1  1  1 0  1
  0  0  0 1  0
5	% 
  0 0 -1 -1 -1
 -1 0  0 -1 -1
 -1 0 -1  0 -1
  1 0  1  1  1
  0 1  0  0  0
2-1;1,1;1 1 1
12 
#3 
5	% 
 0 1 0 0 0
 0 0 1 0 0
 0 0 0 1 0
 0 0 0 0 1
 1 0 0 0 0
5	% 
 0 1 0 0  0
 0 0 1 0  0
 0 0 0 0 -1
 1 0 0 0  1
 0 0 0 1  0
5	% 
 0 0  0 1 0
 0 0  0 0 1
 0 0 -1 0 0
 0 1  1 0 0
 1 0  0 0 0
1,1,1,1;1 1 2
8 
#2 
5	% 
  0  0  0 -1  0
  0  0  0 -1  1
 -1 -1  1 -1 -1
  1  0 -1  1  0
 -1 -1  0 -1  0
5	% 
  1  0  0  0  0
  1  0 -1  0  0
  0 -1 -1 -1 -1
 -1  1  1  0  1
  1 -1 -1 -1  0
1,1,1;1,1 1 1
10 
#3 
5	% 
  0 0  0 -1 -1
 -1 0  0  0 -1
  1 0  0  1  1
  0 0 -1  0  0
  0 1  1  0  0
5	% 
  0 -1 -1 0  0
 -1  0 -1 0  0
  1  1  1 0  0
  0  0  0 0 -1
  0  0  0 1  1
5	% 
 0  0  1  0  0
 0  0  1  1  0
 0 -1 -1 -1  0
 0  0  0  0 -1
 1  0  0  0  1
2-1',2-1';1 1 1
6 
#1 
5	% 
 0  0 -1 -1 -1
 0 -1  0 -1  1
 0 -1  0  0  1
 0  0  1  1  0
 1  0  0  0  0
2-1;1,1;1 1 3
12 
#2 
5	% 
  0  0  0 1 0
  0  0  0 0 1
 -1 -1  1 0 0
  1  0 -1 0 0
 -1 -1  0 0 0
5	% 
  0 1 0  0  0
  0 0 1  0  0
 -1 0 0 -1 -1
  1 0 0  0  1
 -1 0 0 -1  0
1,1,1;1,1 1 2
24 
#3 
5	% 
  0 0  0 0 -1
  1 1 -1 0  1
  0 0  0 1  0
 -1 0  1 0  0
  1 1  0 0  0
5	% 
 0 0  0 -1 1
 0 1  1  1 0
 1 0  0  0 0
 0 0 -1  0 0
 0 1  0  0 0
5	% 
 0  1 -1 0 0
 0  0  1 0 0
 1  0  0 0 0
 0 -1  0 0 1
 0  1  0 1 0
1,1,1;1,1 1 3
12 
#1 
5	% 
 1  0  0  0 0
 0 -1 -2 -1 0
 0 -1  0  0 0
 0  1  1  1 0
 0 -1 -1  0 1
2-2;1,1,1 1 2
4 
#1 
5	% 
  1  1  1  1  1
  0  0  0  0 -1
 -1 -1  0 -1  0
  1  0  1  1  0
  0 -1 -1 -1  0
2-2;2-1;1 1 3
4 
#1 
5	% 
  0 0 0 0 1
  0 0 0 1 0
  0 0 1 0 0
  0 1 0 0 0
 -1 0 0 0 0
1,1,1;1;1 1 1
10 
#3 
5	% 
  0 -1 -1 0 0
 -1  0 -1 0 0
  1  1  1 0 0
  0  0  0 1 0
  0  0  0 0 1
5	% 
 0 1  0 0  1
 0 0 -1 0  0
 0 0  0 0 -1
 1 0  0 0  0
 0 0  0 1  0
5	% 
 0 0 0  1 0
 0 0 0  1 1
 1 0 0 -1 0
 0 1 0  0 0
 0 0 1  0 0
1,1;1,1;1 1 1
15 
#3 
5	% 
 0  1 1 0  0
 0 -1 0 0  0
 0  0 0 0 -1
 1  0 0 0  1
 0  0 0 1  0
5	% 
 0 1 0 0 0
 0 0 1 0 0
 0 0 0 1 0
 0 0 0 0 1
 1 0 0 0 0
5	% 
 0 0 0  0 -1
 1 0 0  0  1
 0 0 0 -1  0
 0 0 1  1  0
 0 1 0  0  0
1,1;1,1;1 1 4
24 
#3 
5	% 
 -1 -1 1 0 0
  0  0 0 0 1
  0  0 0 1 0
  1  1 0 0 0
 -1  0 1 0 0
5	% 
 -1 0  0 -1  1
  0 0 -1 -1 -1
  0 1  0  0  0
  1 0  1  1  0
 -1 0  1  0  1
5	% 
 0 0  0 0 1
 0 0  0 1 0
 0 1  0 0 0
 1 0  0 0 0
 0 0 -1 0 0
1,1,1;1;1 1 2
24 
#3 
5	% 
 -1  0  0 0 1
 -1 -1  1 0 0
  0  0  0 1 0
  1  0 -1 0 0
 -1 -1  0 0 0
5	% 
 0  0  0 0 1
 0  0  0 1 0
 1  0  0 0 0
 0  0 -1 0 0
 0 -1  0 0 0
5	% 
 1 0 -1  0  0
 0 0 -1 -1  1
 0 1  0  0  0
 0 0  1  0 -1
 0 0 -1 -1  0
2-2;1,1;1 1 5
8 
#1 
5	% 
  1  1 -1 0  1
  0  0  0 1  0
 -1 -1  0 0 -1
  1  0 -1 0  1
  0 -1  1 0 -1
2-1;2-1;1 1 1
3 
#1 
5	% 
 0 0 0 1 0
 0 0 0 0 1
 0 1 0 0 0
 0 0 1 0 0
 1 0 0 0 0
2-1;1;1;1 1 3
6 
#2 
5	% 
 0 0 1 0 0
 0 1 0 0 0
 1 0 0 0 0
 0 0 0 0 1
 0 0 0 1 0
5	% 
 0 0 0 0 1
 0 0 0 1 0
 1 0 0 0 0
 0 0 1 0 0
 0 1 0 0 0
2-1;1;1;1 1 1
4 
#2 
5	% 
 0 1 0 0 0
 0 0 1 0 0
 1 0 0 0 0
 0 0 0 1 0
 0 0 0 0 1
5	% 
 0 0 0 1 0
 0 0 0 0 1
 1 0 0 0 0
 0 1 0 0 0
 0 0 1 0 0
3;1,1 2 1
1 
#1 
5	% 
 0 1 0 0  0
 1 0 0 0  0
 0 0 1 0  0
 0 0 0 0 -1
 0 0 0 1  1
1,1,1;1;1 1 3
4 
#2 
5	% 
 0 0 0 -1 -1
 0 0 0 -1  0
 1 0 0  1  1
 0 0 1  0  0
 0 1 0  0  0
5	% 
  0 -1 -1 0 0
 -1  0 -1 0 0
  1  1  1 0 0
  0  0  0 0 1
  0  0  0 1 0
1,1;1,1;1 1 2
24 
#3 
5	% 
 0 1 -1 1  0
 0 0  0 0 -1
 1 0  0 0  1
 0 0  1 0  0
 0 1  0 0  0
5	% 
 -1 -1  1 0 0
  0  0  0 1 0
  0  0  0 0 1
  1  0 -1 0 0
 -1 -1  0 0 0
5	% 
 -1 0  0 -1  1
  0 0 -1  0  0
  0 1  1  0  0
  1 0  0  0 -1
 -1 0  0 -1  0
1,1;1,1;1 1 6
24 
#2 
5	% 
 1  0  0  0  0
 0  2 -2  2  1
 0  0  1  0 -1
 0 -1  2 -1 -1
 0 -2  1 -1 -1
5	% 
 1 0  0  0  0
 0 0 -1 -1 -1
 0 1  0  1  0
 0 0  0  1  0
 0 0  0  0  1
1,1,1;1;1 1 6
12 
#1 
5	% 
 -1 -1  1 -1  1
  3  1 -2  1 -1
 -1 -1  0 -1  0
 -2 -1  1 -1  0
 -2 -1  1  0  1
1,1;1;1;1 1 1
10 
#3 
5	% 
 0 0 0 0 -1
 0 0 0 1  1
 1 0 0 0  0
 0 1 0 0  0
 0 0 1 0  0
5	% 
 0 0 0 0 -1
 1 0 0 0  1
 0 1 0 0  0
 0 0 1 0  0
 0 0 0 1  0
5	% 
 0 1 0 0 0
 0 0 1 0 0
 1 0 0 0 0
 0 0 0 1 0
 0 0 0 0 1
1,1;1;1;1 1 3
12 
#3 
5	% 
 0 0 0 0 1
 0 0 0 1 0
 1 0 0 0 0
 0 0 1 0 0
 0 1 0 0 0
5	% 
 0 0 0 0 -1
 1 0 0 0  1
 0 0 0 1  0
 0 0 1 0  0
 0 1 0 0  0
5	% 
 0 1 0 0 0
 0 0 1 0 0
 1 0 0 0 0
 0 0 0 0 1
 0 0 0 1 0
1,1;1;1;1 1 11
12 
#2 
5	% 
 -1 0 0 -1  1
  1 0 0  0 -1
  0 0 1  0  0
  0 1 0  0  0
 -1 0 0 -1  0
5	% 
 -1 -1  1 0 0
  1  0 -1 0 0
  0  0  0 0 1
  0  0  0 1 0
 -1 -1  0 0 0
1,1;1;1;1 1 2
24 
#3 
5	% 
 -1 0 0 -1  1
  0 1 0  0  0
  0 0 1  0  0
  1 0 0  0 -1
 -1 0 0 -1  0
5	% 
 -1 -1  1 0 0
  0  0  0 0 1
  0  0  0 1 0
  1  0 -1 0 0
 -1 -1  0 0 0
5	% 
 0 1 -1 0  1
 1 0  0 0  0
 0 0  0 1  0
 0 0  1 0 -1
 0 1  0 0  1
2-1,2-1;1 1 1
12 
#1 
5	% 
 0 -1 0 0 0
 0  0 1 0 0
 0  0 0 0 1
 0  0 0 1 0
 1  0 0 0 0
2-1,2-1;1 2 1
12 
#1 
5	% 
 0 1 0  1  1
 0 0 1 -1  1
 0 0 0  0 -1
 0 0 0  1  0
 1 0 0  0  0
2-2;1,1;1 1 3
4 
#1 
5	% 
  0 0 0  1 1
  0 0 0 -1 0
  0 0 1  0 0
  0 1 0  0 0
 -1 0 0  0 0
1,1;1,1;1 1 8
6 
#1 
5	% 
  0 1  0  0  0
  1 0  0  1  1
 -1 0 -1  0  1
 -1 0  0 -1  0
  0 0  1  0 -1
2-2;1,1;1 1 6
8 
#1 
5	% 
  1  1 -1  1  1
  1  1  0  1  1
  0  0  1 -1  0
 -1  0  1 -1 -1
  0 -1  0  0 -1
1,1;1;1;1 1 9
12 
#1 
5	% 
 1  0  0  0  0
 0 -1 -2 -1  1
 0  1  0  1  0
 0  1  1  1  0
 0  1  1  0 -1
2-2;1;1;1 1 4
4 
#1 
5	% 
  0 0 0 1 0
  0 0 0 0 1
  0 0 1 0 0
  0 1 0 0 0
 -1 0 0 0 0
1;1;1;1;1 1 1
1 
#1 
5	% 
 1 0 0 0 0
 0 1 0 0 0
 0 0 1 0 0
 0 0 0 1 0
 0 0 0 0 1
1;1;1;1;1 1 2
4 
#2 
5	% 
 1 0 0 0 0
 0 0 0 0 1
 0 0 0 1 0
 0 0 1 0 0
 0 1 0 0 0
5	% 
 1 0 0 0 0
 0 1 0 0 0
 0 0 1 0 0
 0 0 0 0 1
 0 0 0 1 0
3;1;1 2 1
1 
#1 
5	% 
 0 1 0 0 0
 1 0 0 0 0
 0 0 1 0 0
 0 0 0 1 0
 0 0 0 0 1
3;1;1 2 3
1 
#1 
5	% 
 1 0 0 0 0
 0 1 0 0 0
 0 0 1 0 0
 0 0 0 0 1
 0 0 0 1 0
1;1;1;1;1 1 9
3 
#1 
5	% 
 1 0 0 0 0
 0 0 1 0 0
 0 0 0 0 1
 0 1 0 0 0
 0 0 0 1 0
2-2;1;1;1 1 8
4 
#1 
5	% 
 0  0 0 0 1
 0  0 0 1 0
 0  0 1 0 0
 0 -1 0 0 0
 1  0 0 0 0
