#13

2-2;1;1;1 1 9
1 
#1 
5	% 
 1 0 0 0 0
 0 1 0 0 0
 0 0 1 0 0
 0 0 0 1 0
 0 0 0 0 1
1,1,1,1,1 1 1
1 
#1 
5	% 
 1 0 0 0 0
 0 1 0 0 0
 0 0 1 0 0
 0 0 0 1 0
 0 0 0 0 1
1,1,1,1;1 1 2
5 
#2 
5	% 
  0 -1 0  0 -1
  0 -1 1  0 -1
 -1  0 0  0 -1
  1  1 0  0  1
 -1 -1 0 -1 -2
5	% 
 -1  0 -1 -1 -1
  0  0 -1  0  0
 -1  0 -1  0 -1
  1 -1  1  0  0
 -1 -1  0 -1 -1
1,1,1;1,1 1 3
9 
#2 
5	% 
  0  0  0  0 -1
  5  2 -4  2  3
  2  1 -1  1  0
 -3 -1  2 -1 -1
  3  1 -2  2  2
5	% 
  1  0 1  1  0
 -1 -2 0 -2 -2
  1 -1 1  0  0
  0  1 0  1  1
  0 -1 1 -1 -1
1,1,1;1,1 1 2
1 
#1 
5	% 
  0 0  0 0 1
  0 0  1 0 0
 -1 1  0 0 0
  1 0 -1 1 1
  1 0  0 0 0
2-2;1,1,1 1 2
1 
#1 
5	% 
 0  1 0 0 1
 1 -1 0 0 0
 0  0 0 0 1
 0  0 0 1 0
 0  0 1 0 0
1,1,1;1;1 1 6
6 
#1 
5	% 
 0  1  1 0 1
 1 -1  0 0 0
 1  0 -1 1 1
 0  1  0 1 1
 0  1  0 0 0
1,1;1,1;1 1 6
3 
#1 
5	% 
 -1 1  0  0 0
  1 0  2  1 0
  1 0 -1  1 1
  0 0 -2  0 1
  0 0 -2 -1 0
1,1;1,1;1 1 9
6 
#1 
5	% 
  0  0 -1 -1  0
 -1 -1  0 -1  0
  1 -1  0  0  0
 -1  0  1  0 -1
  0  1  0  1  0
1,1,1;1;1 1 5
1 
#1 
5	% 
  0  0 0  0 -1
  0  0 0 -1 -2
  0 -1 0  0  1
 -1  0 1 -1 -2
  1 -1 0  0  0
2-2;1,1;1 1 6
2 
#1 
5	% 
 1  0 0 0 1
 0  0 0 1 0
 0 -1 1 0 0
 0  0 0 0 1
 0  1 0 0 0
2-2;1,1;1 1 4
1 
#1 
5	% 
 -1 -1  1 -1 -1
  1  0 -1  1  0
  0  0  0 -1  0
  0  0  1  0  0
 -1  0  1 -1 -1
1,1;1;1;1 1 16
3 
#1 
5	% 
  0  0  2  1  0
  0  0  2  0 -1
 -1 -1  1 -1 -1
  0  1 -2  0  1
  1  0 -2  0  1
