#7

1;1;1;1;1 1 1
1 
#1 
5	% 
 1 0 0 0 0
 0 1 0 0 0
 0 0 1 0 0
 0 0 0 1 0
 0 0 0 0 1
1,1,1,1,1 1 1
1 
#1 
5	% 
 1 0 0 0 0
 0 1 0 0 0
 0 0 1 0 0
 0 0 0 1 0
 0 0 0 0 1
1,1,1,1;1 1 1
5 
#1 
5	% 
 0 -1  0 -1 -1
 0 -1 -1  0 -1
 0  0 -1 -1 -1
 0  1  1  1  1
 1  0  0  0  0
1,1,1;1,1 1 1
10 
#1 
5	% 
 0  0  0 1  1
 0  0 -1 0  0
 0  0  0 0 -1
 0 -1  0 0  0
 1  1  0 0  0
1,1,1;1;1 1 1
10 
#1 
5	% 
 0 0  0  1  0
 0 0  0  1  1
 0 0 -1 -1 -1
 1 0  0  0  0
 0 1  0  0  0
1,1;1,1;1 1 1
15 
#1 
5	% 
 0 1 0  0 0
 0 0 0  0 1
 0 0 0 -1 0
 0 0 1  1 0
 1 0 0  0 0
1,1;1;1;1 1 1
10 
#1 
5	% 
 0 0 0 0 -1
 0 0 0 1  1
 1 0 0 0  0
 0 1 0 0  0
 0 0 1 0  0
