#14

1;1;1;1;1 1 8
1 
#1 
5	% 
 1 0 0 0 0
 0 1 0 0 0
 0 0 1 0 0
 0 0 0 1 0
 0 0 0 0 1
1,1,1,1,1 1 1
1 
#1 
5	% 
 1 0 0 0 0
 0 1 0 0 0
 0 0 1 0 0
 0 0 0 1 0
 0 0 0 0 1
1,1,1,1;1 1 2
5 
#2 
5	% 
 -1 -1  1  0 -1
 -1 -2 -1 -1  0
  0  0  1  0  0
  1  1  0  0  0
 -1 -1  0 -1 -1
5	% 
  0 -1 0  0  1
  0  0 0 -1  1
  0 -1 0  1  1
  0  1 1  0 -1
 -1 -1 0 -1  1
1,1,1;1,1 1 3
6 
#1 
5	% 
  1  1  0  0  0
 -1  0  0  0  1
  1  1  0 -1  0
  0 -1  0  0  0
 -1 -1 -1  0 -1
1,1,1;1,1 1 2
4 
#2 
5	% 
  1 -1 -1  1 0
  0  1  0  0 0
  0  0  0  1 0
 -1  0  0 -1 0
  1  0  0  0 1
5	% 
  0  0 0  1 0
  0  0 0 -1 1
  0 -1 0  0 0
  0 -1 1  0 0
 -1  0 0 -1 0
1,1,1;1;1 1 6
6 
#1 
5	% 
  1 -1  1  0  1
 -2  1 -1 -1 -1
  1 -1  0  1  1
  1 -1  1  1  1
  1 -1  1  0  0
1,1;1,1;1 1 6
6 
#1 
5	% 
 1 -1  1 0  1
 0  0 -1 0  0
 0  0 -1 1  0
 0  1  0 1  0
 0  1  0 0 -1
1,1,1;1;1 1 5
1 
#1 
5	% 
 1  0  1  0  1
 0 -1  0  0  0
 0  0 -1  0 -1
 0  0  1 -1  1
 0  0  0  0 -1
1,1;1,1;1 1 7
6 
#1 
5	% 
  0 0  1 0  0
  0 1 -1 0 -1
  0 0 -1 0 -1
 -1 1  0 0 -1
  1 0 -1 1  0
1,1,1;1;1 1 4
3 
#1 
5	% 
  1 -1  1 0 0
 -1  1 -1 0 1
  1 -1  1 1 0
  0  0 -1 0 0
  0  1 -1 0 0
1,1;1,1;1 1 3
3 
#1 
5	% 
 0  0 0 -3 -2
 0 -1 0  0  0
 0  1 1 -1  0
 0  0 0  1  1
 1  1 0  0  0
1,1;1;1;1 1 10
6 
#1 
5	% 
 1  2 0  1 0
 1 -1 1  0 1
 1 -1 0  1 1
 0 -2 0  0 1
 0 -2 0 -1 0
1,1;1;1;1 1 13
3 
#1 
5	% 
  0 -1 0 0  0
  0  1 1 0  0
 -1 -1 0 0  0
  0  0 0 1  0
  0  0 0 0 -1
1,1;1;1;1 1 6
1 
#1 
5	% 
  0  0  0 -1  0
  0  0  0 -1 -1
  0 -1  0  1  1
  0  0 -1  1  0
 -1  0  0  0  0
