#22

2-1;1;1;1 1 8
1 
#1 
5	% 
 1 0 0 0 0
 0 1 0 0 0
 0 0 1 0 0
 0 0 0 1 0
 0 0 0 0 1
1,1,1,1,1 1 1
1 
#1 
5	% 
 1 0 0 0 0
 0 1 0 0 0
 0 0 1 0 0
 0 0 0 1 0
 0 0 0 0 1
2-1;1,1,1 1 2
1 
#1 
5	% 
  0 0  1 0  1
  0 1  1 0  1
  1 0  0 1  1
 -1 0  1 0  0
 -1 0 -1 0 -1
1,1,1,1;1 1 2
7 
#4 
5	% 
  0 0 0  0  1
  0 1 0  0 -1
  0 0 1  0  0
  0 0 0 -1  0
 -1 0 0  0 -1
5	% 
 1  0  0  0 -1
 0  0  0  1 -2
 0 -1 -1 -1 -2
 0  0  1  0  2
 0 -1  0  0 -3
5	% 
 1 -1 0  0  0
 0  0 1  1  0
 0 -1 0 -1 -1
 0  1 0  0  0
 0 -1 0  0 -1
5	% 
 0  0 1  0 1
 0 -1 0  0 0
 0  0 0 -1 0
 1  0 0  0 0
 1  0 0  0 1
1,1,1;1,1 1 2
4 
#3 
5	% 
  0 -1 0 0 -1
  0  1 1 0  1
  1  0 0 1  1
 -1  0 0 0  0
 -1  0 0 0 -1
5	% 
  0  0 0 1  1
 -1  0 0 0 -1
  0 -1 1 0 -1
  1  1 0 0  1
 -1  1 0 0  0
5	% 
 0  1 0 1 1
 0  1 1 0 0
 1  0 0 0 0
 0 -1 0 0 0
 0  1 0 0 1
2-1;1,1;1 1 7
2 
#1 
5	% 
  1  0 0 1  1
 -1  0 0 0  0
 -1 -1 0 0 -3
  0  0 1 0  1
  0  1 0 0  2
2-1;1,1;1 1 6
1 
#1 
5	% 
 0 1 -1 0  1
 1 0  0 0  0
 0 0  0 1  0
 0 0  1 0  0
 0 0  1 0 -1
1,1,1;1,1 1 3
12 
#4 
5	% 
  0  0  0  0  1
  0  0  1 -2 -2
 -1  0  0  0  1
  0  0 -1  1  0
 -1 -1  0  0 -2
5	% 
  1  1  0  0  1
 -2  0 -1  2  0
  0  1  0  0  1
  1 -1  1 -1 -1
 -2 -1 -1  2  0
5	% 
 -1  0 -1 -1  0
 -3 -1  0  0 -2
 -2  0 -1 -1 -1
  3  1  1  1  2
 -1  0  0  1  0
5	% 
 1  0  0  0  1
 0 -1 -2 -1 -2
 0 -1  0  0 -1
 0  1  1  1  1
 0 -1 -1 -1 -2
1,1,1;1;1 1 4
2 
#2 
5	% 
  0  1  2 0  2
  0 -1 -3 0 -2
  0  0  2 0  1
 -1  0 -1 0 -1
  0  0 -1 1  0
5	% 
  1 0  0 0 0
 -2 0  0 1 0
  2 0  0 0 1
 -1 1  0 0 0
 -1 0 -1 0 0
1,1;1,1;1 1 6
8 
#3 
5	% 
  0 -1 1  0 -1
 -1  1 0  1 -1
  1  1 0  0  2
  1  0 0  0  1
  0  0 0 -1  0
5	% 
 1  0  0  0  0
 0 -1 -1  1  1
 0  1  0  0  1
 0  1  0 -1  0
 0  0  1 -1 -1
5	% 
 1  0  0  1  1
 0 -1 -1 -1 -2
 0  1  0 -1  1
 0  1  0  0  1
 0  0  1  0  0
1,1,1;1;1 1 6
12 
#4 
5	% 
  0  0  0  0  1
  1  0 -1 -1  0
 -1 -1  0  0 -1
 -1  0  0  0  0
  0  0  0  1  1
5	% 
  0  1 -1  0 1
 -1 -1  0  1 0
  1  0  0  0 1
  1  1  0  0 1
  0  1  0 -1 0
5	% 
  0  1  1 1  2
 -1 -1 -1 0 -5
 -1  1  0 0  2
  0  1  0 0  3
  0  0  1 0  2
5	% 
  1  0 0 -1  0
 -1  0 1  0 -1
  0 -1 0  0  0
  1  0 0  0  1
  1  0 0  0  0
1,1;1,1;1 1 7
10 
#3 
5	% 
  0  0 -1 -1  0
  0 -1  1  1 -1
  0 -1  1  1  0
 -1 -1  0  0 -1
  1  0  0  1  1
5	% 
 0 0  1 0 -1
 0 0 -1 1  2
 1 1  0 0  2
 0 0  1 0  0
 0 1 -1 0  1
5	% 
 0 -1 0  0 -1
 1  1 1  0  1
 0  1 1 -1  0
 0  0 1  0 -1
 0  0 0  0  1
1,1,1;1;1 1 5
3 
#2 
5	% 
  0  1  0  1  1
  0 -1 -1  0  0
  0  0  0 -1 -1
  1  0  0  1  1
 -1  0  0  0 -1
5	% 
  0  0  1  0  1
  0 -1  1  0  0
 -1  0 -1  0 -1
  0  0  1  1  1
 -1  0  0 -1 -1
1,1;1,1;1 1 5
3 
#2 
5	% 
 0 1  1  0  0
 1 0  0 -1  0
 0 0 -1  0  0
 0 0  1  1  0
 0 0  0 -1 -1
5	% 
  0 1 -1  0  1
  0 0  0  1  1
 -1 0  1  0 -1
  0 0 -1 -1  0
 -1 0  0  1  0
1,1;1,1;1 1 9
6 
#2 
5	% 
 -2 -1 0 -1 -2
 -2  0 1  2  0
  0  0 0 -1  0
  1  0 0  1  1
  1  0 0  0  0
5	% 
  0 1 0  2  2
  1 0 1  2  1
  1 0 0  0  0
  0 0 0 -1  0
 -1 0 0 -1 -1
1,1;1;1;1 1 16
6 
#2 
5	% 
  0  1 -2  0  4
  0  2 -1  0  4
  1  0  0 -1  0
  0 -1  1  1 -2
 -1 -1  1  0 -3
5	% 
  0 0 1 -1 -1
  0 1 0 -1  0
 -1 0 0  0  0
  1 0 0  1  1
  0 0 0  1  0
1,1;1;1;1 1 17
1 
#1 
5	% 
  0 -1 1  0 -1
  0  1 0 -1  0
 -1 -1 0  0 -1
  1  0 0 -1  0
  0  0 0  1  0
1,1;1;1;1 1 10
4 
#2 
5	% 
 1  1 -1 0  4
 1  0  0 1  1
 1 -1  0 0 -1
 0 -1  0 0 -2
 0  0  1 0 -2
5	% 
  1 -1 0 -1  2
  0 -1 1  0 -1
 -1 -1 0  0 -2
 -1  0 0  0 -2
  0  0 0  1 -1
1,1;1;1;1 1 8
4 
#3 
5	% 
 0  1 1 0  0
 0  1 0 1  1
 1  0 0 0  0
 0 -1 0 0 -1
 0 -1 0 0  0
5	% 
 1 0 0  0  0
 0 0 1  0 -1
 0 1 0 -1  0
 0 0 0 -1  0
 0 0 0  1  1
5	% 
 -1 0 0 1  0
 -1 0 1 0 -1
  0 1 0 0  0
  1 0 0 0  0
  1 0 0 0  1
1,1;1;1;1 1 14
4 
#1 
5	% 
  1  0 1  0 0
 -1  0 0  0 0
  0 -1 0  1 0
  0  0 0 -1 0
  1  0 0  1 1
1;1;1;1;1 1 11
1 
#1 
5	% 
 0 0 -1 0  1
 0 0  0 1  1
 1 0  0 0  0
 0 1  0 0  1
 0 0  0 0 -1
1;1;1;1;1 1 13
1 
#1 
5	% 
  0  0 1 -1 -1
  0 -1 0  0  0
  0  0 0  1  1
 -1  0 0 -1 -1
 -1  0 0  0 -1
