#18

2-2;2-2;1 1 4
1 
#1 
5	% 
 1 0 0 0 0
 0 1 0 0 0
 0 0 1 0 0
 0 0 0 1 0
 0 0 0 0 1
1,1,1,1,1 1 1
1 
#1 
5	% 
 1 0 0 0 0
 0 1 0 0 0
 0 0 1 0 0
 0 0 0 1 0
 0 0 0 0 1
1,1,1,1;1 1 2
6 
#1 
5	% 
  1  0  0  0  0
  1  0 -1  0  0
  0 -1 -1 -1  1
 -1  1  1  0 -1
  1 -1 -1 -1  0
1,1,1,1;1 1 1
1 
#1 
5	% 
 0 -1  0 -1 -1
 0 -1 -1  0 -1
 0  0 -1 -1 -1
 0  1  1  1  1
 1  0  0  0  0
1,1,1;1,1 1 3
18 
#2 
5	% 
  0 1  1  0  1
 -2 0  1  0 -1
 -1 0  1  0  1
  1 0 -1  0  0
 -1 0 -1 -1 -1
5	% 
  1  0  0  0  0
  1  1  0  0 -1
  0 -1 -2 -1  1
 -1  0  1  1  0
 -1  0  0  0 -1
1,1,1;1,1 1 2
6 
#1 
5	% 
 0  1 -1 0 0
 0  0  1 0 0
 1  0  0 0 0
 0 -1  0 0 1
 0  1  0 1 0
2-2;1,1,1 1 2
2 
#1 
5	% 
  1  0  0  0  0
  1  1  2 -1  1
 -1 -1 -2  1  0
  1  1  2  0  1
 -1  0 -1  1 -1
2-2',2-2';1 1 1
2 
#1 
5	% 
 0 1 1 0 0
 0 1 0 0 1
 0 0 1 1 0
 0 0 0 0 1
 1 0 0 0 0
1,1;1,1;1 1 6
18 
#1 
5	% 
 1  0 0  0  0
 0  1 0 -1  1
 0  0 1  1  0
 0 -1 0  1  0
 0 -1 0  0 -1
2-2;1,1;1 1 6
6 
#1 
5	% 
 1 0  0  0 0
 0 0 -1 -1 1
 0 1  0 -1 0
 0 1  1  0 0
 0 0  0  1 0
1,1,1;1;1 1 2
6 
#1 
5	% 
 0 1 -1  0  0
 0 0 -1 -1  1
 1 0  0  0  0
 0 0  1  0 -1
 0 0 -1 -1  0
1,1,1;1;1 1 6
9 
#1 
5	% 
  1  1  1 1 -1
 -3 -2 -1 0  0
  1  0  1 1  0
  2  1  1 1  0
  2  1  1 0 -1
2-2;1,1;1 1 5
2 
#1 
5	% 
 0 -1 -1 -1 0
 1  0  0  0 0
 0  2  1  1 0
 0 -1 -2 -2 1
 0  2  2  1 0
1,1;1,1;1 1 8
9 
#1 
5	% 
 1  0  0  0  0
 0  2 -1 -1  3
 0  0 -1  0  1
 0 -1  1  0 -1
 0 -1  1  1 -2
2-2,2-2;1 2 1
6 
#1 
5	% 
 0 -2  4  3 -4
 0  0  3 -1 -1
 0  1  1 -2  1
 0  2 -2 -3  3
 1  0  0  0  0
2-2;1,1;1 1 4
6 
#1 
5	% 
 -1  0  0 -1 -1
  1 -1 -1  0  1
  0  0  1  1 -1
  0  1  0  0  0
 -1  0  0  0 -1
1,1;1;1;1 1 9
9 
#1 
5	% 
 1  0  0  0  0
 0 -1 -2 -3  3
 0  1  0  0 -1
 0  1  1  1 -2
 0  1  1  2 -1
2-2;1;1;1 1 6
6 
#1 
5	% 
 1 0  0  0 0
 0 0 -1  0 1
 0 0 -1 -1 1
 0 1  0  0 0
 0 1  0  0 1
