#13

1;1;1;1;1 1 11
1 
#1 
5	% 
 1 0 0 0 0
 0 1 0 0 0
 0 0 1 0 0
 0 0 0 1 0
 0 0 0 0 1
1,1,1,1,1 1 1
1 
#1 
5	% 
 1 0 0 0 0
 0 1 0 0 0
 0 0 1 0 0
 0 0 0 1 0
 0 0 0 0 1
1,1,1,1;1 1 2
5 
#2 
5	% 
  0 1 0 0 0
  0 0 1 0 0
  0 0 0 0 1
  0 0 0 1 0
 -1 0 0 0 0
5	% 
 1 -1 0  0  0
 0  0 1  1  0
 0 -1 0 -1 -1
 0  1 0  0  0
 0 -1 0  0 -1
1,1,1;1,1 1 2
2 
#1 
5	% 
  0 -1 0 0 -1
  0  1 1 0  1
  1  0 0 1  1
 -1  0 0 0  0
 -1  0 0 0 -1
1,1,1;1,1 1 3
8 
#2 
5	% 
  1  1  0  0  2
 -2 -1  0 -2 -1
  0  1  0  0  2
  1  0  0  1 -1
 -2 -1 -1 -2 -2
5	% 
  0  0 -1 -1  1
 -2 -1  0 -2 -3
 -1  0 -1 -1  0
  2  1  1  2  2
 -1 -1  1 -1 -2
1,1;1,1;1 1 6
4 
#1 
5	% 
  0 -1 1  0 -1
  1  1 0  1  3
 -1  1 0  0 -1
 -1  0 0  0 -1
  0  0 0 -1 -1
1,1,1;1;1 1 4
2 
#1 
5	% 
  0  1  2 0  2
  0 -1 -3 0 -2
  0  0  2 0  1
 -1  0 -1 0 -1
  0  0 -1 1  0
1,1,1;1;1 1 6
8 
#2 
5	% 
  1  1 -1  1  1
 -2 -2  1 -2 -2
  1  0 -1  0  1
  2  1 -1  1  1
  1  1 -1  2  1
5	% 
  0 -1  1  0 -1
 -1  0 -1 -2 -1
  1  0  0  0  1
  1  0  1  1  1
  1  0  1  1  0
1,1;1,1;1 1 7
10 
#2 
5	% 
 0  0  1  1  1
 0 -1 -1 -1 -2
 1 -1 -1  0 -1
 0 -1  0  1 -1
 1  0  0 -1  0
5	% 
 0 -1 0  0 -1
 1  1 1  0  1
 0  1 1 -1  0
 0  0 1  0 -1
 0  0 0  0  1
1,1;1,1;1 1 5
1 
#1 
5	% 
 0 1  1  0  0
 1 0  0 -1  0
 0 0 -1  0  0
 0 0  1  1  0
 0 0  0 -1 -1
1,1;1;1;1 1 10
4 
#1 
5	% 
 1  1 -1 0  4
 1  0  0 1  1
 1 -1  0 0 -1
 0 -1  0 0 -2
 0  0  1 0 -2
1,1;1;1;1 1 8
2 
#1 
5	% 
 0  1 1 0  0
 0  1 0 1  1
 1  0 0 0  0
 0 -1 0 0 -1
 0 -1 0 0  0
1,1;1;1;1 1 14
4 
#1 
5	% 
  0  0 0 1  1
  0  0 1 0 -1
 -1  0 0 0  0
  0 -1 0 0 -1
  0  0 0 0  1
