#56

5-1 1 1
1 
#1 
5	% 
 1 0 0 0 0
 0 1 0 0 0
 0 0 1 0 0
 0 0 0 1 0
 0 0 0 0 1
1,1,1,1,1 1 1
1 
#1 
5	% 
 1 0 0 0 0
 0 1 0 0 0
 0 0 1 0 0
 0 0 0 1 0
 0 0 0 0 1
2-1;1,1;1 1 3
60 
#1 
5	% 
  0  0 1 0  0
  0  0 0 1  0
 -1 -1 0 0  1
  1  0 0 0 -1
 -1 -1 0 0  0
2-1;1,1;1 1 1
30 
#1 
5	% 
 0 1 0  0 0
 0 0 0  0 1
 0 0 0 -1 0
 0 0 1  1 0
 1 0 0  0 0
1,1,1,1;1 1 1
5 
#1 
5	% 
 0 -1  0 -1 -1
 0 -1 -1  0 -1
 0  0 -1 -1 -1
 0  1  1  1  1
 1  0  0  0  0
1,1,1;1,1 1 1
10 
#1 
5	% 
  0 -1 0  0 -1
 -1  0 0  0 -1
  1  1 0  0  1
  0  0 0 -1  0
  0  0 1  1  0
1,1,1;1,1 1 3
60 
#1 
5	% 
 1  0 0  0 0
 0 -1 1 -1 0
 0 -1 0  0 0
 0  1 0  1 0
 0  0 1  0 1
2-1;1,1;1 1 8
120 
#1 
5	% 
  1  0 0  0  0
 -1  0 0  0 -1
 -1  0 0 -1  0
 -1 -1 0  0  0
 -1  0 1  0  0
2-1;1,1,1 1 1
10 
#1 
5	% 
  0 1  0  0 0
  0 0  0  0 1
  0 0 -1 -1 0
 -1 0  0 -1 0
  1 0  1  1 0
1,1,1;1,1 1 2
60 
#1 
5	% 
  0 0 -1  0 0
  1 0  0  0 0
  0 0  0 -1 0
 -1 0  0  1 1
  1 1  0  1 0
2-1',2-1';1 1 1
30 
#1 
5	% 
 0 -1  0 -1 -1
 0  0 -1 -1  1
 0  1 -1  0  1
 0  1  1  1  0
 1  0  0  0  0
1,1,1,1;1 1 2
20 
#1 
5	% 
  1  0 0  0  0
  1  0 0  0 -1
  1  1 1  1  1
 -1 -1 0 -1  0
  1  1 1  0  0
2-2;1,1,1 1 2
40 
#1 
5	% 
 0  1 0  0 0
 1 -1 0  0 0
 0  0 0  0 1
 0  0 0 -1 0
 0  0 1  0 0
2-1;1;1;1 1 3
30 
#1 
5	% 
 0 0 0 1 0
 0 0 1 0 0
 1 0 0 0 0
 0 0 0 0 1
 0 1 0 0 0
2-2;2-1;1 1 3
40 
#1 
5	% 
  0 0 0 1 0
  0 0 1 0 0
  0 0 0 0 1
  0 1 0 0 0
 -1 0 0 0 0
3;1,1 2 1
10 
#1 
5	% 
 0 1 0  0 0
 1 0 0  0 0
 0 0 0  0 1
 0 0 0 -1 0
 0 0 1  1 0
2-1;1;1;1 1 1
10 
#1 
5	% 
 0 1 0 0 0
 0 0 0 0 1
 1 0 0 0 0
 0 0 1 0 0
 0 0 0 1 0
2-1;2-1;1 1 1
15 
#1 
5	% 
 0 1 0 0 0
 0 0 0 0 1
 0 0 1 0 0
 0 0 0 1 0
 1 0 0 0 0
1,1;1,1;1 1 1
15 
#1 
5	% 
 0 0 1  0 0
 0 0 0  0 1
 0 0 0 -1 0
 0 1 0  1 0
 1 0 0  0 0
1,1,1;1;1 1 1
10 
#1 
5	% 
 0 1  0 0  1
 0 0 -1 0  0
 0 0  0 0 -1
 1 0  0 0  0
 0 0  0 1  0
2-2;1,1;1 1 5
80 
#1 
5	% 
 0  1 1 1 -1
 1  0 0 0  0
 0  0 0 0  1
 0  0 1 0  0
 0 -1 0 0  0
1,1;1,1;1 1 8
30 
#1 
5	% 
 1  0 0  0  0
 0 -1 0  1 -2
 0 -1 0  0  0
 0  1 1  0  1
 0  1 0 -1  1
1,1,1;1;1 1 2
60 
#1 
5	% 
 0  0 1 -1  0
 0  0 0  1  0
 1  0 0  0  0
 0  0 0  0 -1
 0 -1 0  0  0
1,1;1,1;1 1 4
60 
#1 
5	% 
 0 0 0 1  0
 0 0 1 0  0
 1 0 0 0  0
 0 1 0 0  0
 0 0 0 0 -1
1,1;1;1;1 1 1
10 
#1 
5	% 
 0 -1 0 0 0
 1  1 0 0 0
 0  0 1 0 0
 0  0 0 1 0
 0  0 0 0 1
1,1;1;1;1 1 3
30 
#1 
5	% 
 0 1 0 0 0
 0 0 0 0 1
 1 0 0 0 0
 0 0 0 1 0
 0 0 1 0 0
1,1;1;1;1 1 11
60 
#1 
5	% 
 1 -1 0 0 1
 0  1 0 0 0
 0  0 0 1 0
 0  0 1 0 0
 1  0 0 0 0
1,1;1;1;1 1 2
60 
#1 
5	% 
 -1 -1 0 0  1
  0  0 1 0  0
  0  0 0 1  0
  1  0 0 0 -1
 -1 -1 0 0  0
1,1;1,1;1 1 2
60 
#1 
5	% 
 -1 -1 0  0  1
  0  0 0 -1  0
  0  0 1  1  0
  1  0 0  0 -1
 -1 -1 0  0  0
2-2;1,1;1 1 3
40 
#1 
5	% 
  0 0 1 0 0
  0 0 0 1 0
  0 0 0 0 1
  0 1 0 0 0
 -1 0 0 0 0
1,1,1;1;1 1 3
10 
#1 
5	% 
  0 -1 0 0 -1
 -1  0 0 0 -1
  1  1 0 0  1
  0  0 0 1  0
  0  0 1 0  0
1,1;1;1;1 1 9
60 
#1 
5	% 
 1  0  0  0 0
 0 -1 -1 -1 0
 0  1  0  0 1
 0  1  0  0 0
 0  0  1  0 0
1,1;1,1;1 1 6
120 
#1 
5	% 
 1  0  0  0  0
 0  2 -2  2 -1
 0  0  1  0  1
 0 -1  2 -1  1
 0 -2  1 -1  1
1,1;1;1;1 1 18
40 
#1 
5	% 
 -1 -1 -1 -1 -1
  1  0  1  1  1
  1  1  0  1  1
  1  1  1  0  1
 -1 -1 -1 -1  0
2-2;1,1;1 1 6
80 
#1 
5	% 
 -1 -2 -2  1  1
  0 -1 -1  1  1
  1  0  1  0  0
  1  1  1 -1  0
  0  1  0  0 -1
4-3';1 1 2
96 
#1 
5	% 
  1 0 -1 -1 0
 -1 1  1  0 0
 -1 1  0  0 1
  0 1  0 -1 1
  0 0 -1 -1 1
1,1,1;1;1 1 6
60 
#1 
5	% 
 -1 -1 -1 -1 -1
  3  1  2  1  1
 -1 -1  0 -1  0
 -2 -1 -1 -1  0
 -2 -1 -1  0 -1
2-1;1;1;1 1 13
60 
#1 
5	% 
 1 0 0  0  0
 0 0 0  0 -1
 0 0 0 -1  0
 0 0 1  0  0
 0 1 0  0  0
3;1,1 1 3
40 
#1 
5	% 
  1  0  0 0 0
  1  0  0 0 1
  1  0  0 1 0
  1  0 -1 0 0
 -1 -1  0 0 0
4-1;1 1 1
5 
#1 
5	% 
 0 1 0 0 0
 0 0 0 0 1
 0 0 0 1 0
 0 0 1 0 0
 1 0 0 0 0
2-1,2-1;1 1 1
60 
#1 
5	% 
 0 -1  0 0 0
 0  0  1 0 0
 0  1  0 1 0
 0  0 -1 0 1
 1  0  0 0 0
2-1;2-1;1 1 6
30 
#1 
5	% 
 1 0 0 0 0
 0 0 0 1 0
 0 0 0 0 1
 0 0 1 0 0
 0 1 0 0 0
2-1,2-1;1 3 1
30 
#1 
5	% 
 0 0 -1  0 0
 0 0  0  0 1
 0 0  0 -1 0
 0 1  0  0 0
 1 0  0  0 0
4-1';1 1 1
60 
#1 
5	% 
 0  0  0 1 0
 0  0  0 0 1
 0  0 -1 0 0
 0 -1  0 0 0
 1  0  0 0 0
2-1,2-1;1 2 1
60 
#1 
5	% 
 0 1 0  1 -1
 0 0 1 -1 -1
 0 0 0  0  1
 0 0 0  1  0
 1 0 0  0  0
3;1;1 2 3
10 
#1 
5	% 
 1 0 0 0 0
 0 0 1 0 0
 0 0 0 1 0
 0 0 0 0 1
 0 1 0 0 0
3;2-1 2 1
10 
#1 
5	% 
 0 1 0 0 0
 1 0 0 0 0
 0 0 0 0 1
 0 0 0 1 0
 0 0 1 0 0
3;1;1 2 1
10 
#1 
5	% 
 0 1 0 0 0
 1 0 0 0 0
 0 0 0 0 1
 0 0 1 0 0
 0 0 0 1 0
1;1;1;1;1 1 1
1 
#1 
5	% 
 1 0 0 0 0
 0 1 0 0 0
 0 0 1 0 0
 0 0 0 1 0
 0 0 0 0 1
1;1;1;1;1 1 9
15 
#1 
5	% 
 1 0 0 0 0
 0 0 0 1 0
 0 0 0 0 1
 0 1 0 0 0
 0 0 1 0 0
1;1;1;1;1 1 2
10 
#1 
5	% 
 1 0 0 0 0
 0 0 0 0 1
 0 0 1 0 0
 0 0 0 1 0
 0 1 0 0 0
2-2;1;1;1 1 4
40 
#1 
5	% 
 1  0 0 0 0
 0  0 0 1 0
 0  0 0 0 1
 0  0 1 0 0
 0 -1 0 0 0
3;1;1 1 5
40 
#1 
5	% 
 1 0  0 0 0
 0 0  0 0 1
 0 0  0 1 0
 0 0 -1 0 0
 0 1  0 0 0
1;1;1;1;1 1 17
10 
#1 
5	% 
 1 0 0  0  0
 0 0 0 -1  0
 0 0 1  0  0
 0 1 0  0  0
 0 0 0  0 -1
2-2;1;1;1 1 8
40 
#1 
5	% 
  0  0 0 1 0
  0  0 1 0 0
  0  0 0 0 1
  0 -1 0 0 0
 -1  0 0 0 0
4-3;1 1 2
16 
#1 
5	% 
  0 0 0  0 1
  0 0 0 -1 0
  0 0 1  0 0
  0 1 0  0 0
 -1 0 0  0 0
