#24

5-2 1 1
1 
#1 
5	% 
 1 0 0 0 0
 0 1 0 0 0
 0 0 1 0 0
 0 0 0 1 0
 0 0 0 0 1
1,1,1,1,1 1 1
1 
#1 
5	% 
 1 0 0 0 0
 0 1 0 0 0
 0 0 1 0 0
 0 0 0 1 0
 0 0 0 0 1
1,1,1,1;1 1 2
15 
#1 
5	% 
  0 0 1 0 0
  0 0 0 1 0
  0 0 0 0 1
  0 1 0 0 0
 -1 0 0 0 0
2-1;1,1;1 1 8
90 
#2 
5	% 
 1 -1  0  0  0
 0  1  0  0 -1
 0  1  0 -1  0
 0  1  0  0  0
 0  1 -1  0  0
5	% 
  1 -1  1  1 -1
  0  1 -1  0  0
 -1  0  0  0  1
  0  1  0 -1  0
 -1  0  0  0  0
1,1,1;1,1 1 3
60 
#2 
5	% 
  1  0  0 -1  0
 -1  0 -1 -3  2
  1  0  0 -2  1
  0  0  1  3 -2
 -1 -1 -1 -1  2
5	% 
  0  1  1 -1 0
 -1  1 -1  3 0
 -1  1  1  0 0
  1 -1  0 -2 0
  0  0 -1  2 1
2-2',2-2';1 1 2
20 
#1 
5	% 
 -1  0  1  0  1
  0 -1  1 -1  1
  1  0  0 -1  0
  0  0 -1  0  0
  0  1  0  0 -1
2-2;1,1,1 1 2
20 
#1 
5	% 
  1  1  1  1  1
  0  0  0  0 -1
 -1 -1  0 -1  0
  1  0  1  1  0
  0 -1 -1 -1  0
1,1,1;1;1 1 6
45 
#1 
5	% 
  0  0 1  1 -1
  1  1 0 -1  0
 -1  0 0  0  1
 -1  0 0  1  0
  0 -1 0  1  0
2-2;1,1;1 1 6
60 
#1 
5	% 
 -1 -1 -1 -1 -1
 -1 -1  0 -1 -1
  0  1  1  0  0
  1  1  1  0  1
  1  0  0  1  0
1,1;1,1;1 1 7
45 
#1 
5	% 
  0  1 -1 -1 0
  0 -1 -1  1 1
  0 -1  0  1 1
 -1  0 -1  0 1
  1 -1  0  0 0
3;1,1 1 3
15 
#1 
5	% 
 1 -1 0 0 0
 0 -1 0 0 1
 0 -1 0 1 0
 0 -1 1 0 0
 0  1 0 0 0
2-1;1;1;1 1 14
45 
#1 
5	% 
 -1  1 0  0  0
  1  0 0 -1  0
  0 -1 1  0  0
  0  1 0  0 -1
  1  0 0  0  0
4-3';1 1 2
36 
#1 
5	% 
 0 0  0 -1 1
 1 0  0 -1 0
 0 0 -1  1 0
 0 1  0 -1 0
 0 0  0  1 0
1,1;1;1;1 1 14
15 
#1 
5	% 
  0  1 0  0 -1
 -1 -1 0 -1  2
 -1  0 0  0  0
  1  1 1  0 -1
  0  0 0  0 -1
1,1;1;1;1 1 18
60 
#2 
5	% 
  0 0 1 -1  0
  0 0 0  1 -1
 -1 0 0  1  0
  0 0 0  1  0
  0 1 0 -1  0
5	% 
  1  1  1 -1 -1
  0 -1 -1  0  1
 -1 -1  0  1  0
 -1  0 -1  0  1
  1  1  0 -1 -1
2-2,2-2;1 1 2
60 
#1 
5	% 
 -1 0  4  1 -4
 -1 1  0  0 -4
  0 1 -2  0 -2
  0 0 -3 -1  2
  1 0 -2  0  3
4-2;1 1 2
10 
#1 
5	% 
  0 -1 0 0 1
  0 -1 0 1 0
  0 -1 1 0 0
 -1  1 0 0 0
  0 -1 0 0 0
2-2,2-2;1 2 2
20 
#1 
5	% 
 -1  0 -1  1  0
  0 -1  0  1 -1
  0  0  1  0  0
  0  0  0 -1  1
 -1  1  0  0  0
2-2;2-2;1 1 7
60 
#1 
5	% 
 -1 0 0 0 1
 -1 1 0 0 0
 -1 0 0 1 0
 -1 0 1 0 0
  1 0 0 0 0
3;2-2 2 2
15 
#1 
5	% 
 0 1  0  0 -1
 1 0 -1  0  0
 0 0  0 -1  1
 0 0  1  0  0
 0 0 -1  0  1
2-2;2-2;1 1 3
10 
#1 
5	% 
 0  0 1 -1 0
 0  0 0 -1 0
 0  0 0 -1 1
 0 -1 0  1 0
 1  0 0 -1 0
3;1;1 1 6
15 
#1 
5	% 
 -1  0 0  0 1
  1  0 0 -1 0
  0 -1 1  0 0
  0  1 0  0 0
 -1  1 0  0 0
4-3;1 1 2
6 
#1 
5	% 
 0  0  0  0 1
 0  0  0 -1 0
 0  0 -1  0 0
 0 -1  0  0 0
 1  0  0  0 0
1;1;1;1;1 1 18
15 
#1 
5	% 
  0  1 0 0 0
 -1  0 0 1 0
 -1  0 1 0 0
 -1  0 0 0 1
  1 -1 0 0 0
