#14

2-1;1;1;1 1 13
1 
#1 
5	% 
 1 0 0 0 0
 0 1 0 0 0
 0 0 1 0 0
 0 0 0 1 0
 0 0 0 0 1
1,1,1,1,1 1 1
1 
#1 
5	% 
 1 0 0 0 0
 0 1 0 0 0
 0 0 1 0 0
 0 0 0 1 0
 0 0 0 0 1
1,1,1;1,1 1 3
6 
#3 
5	% 
  1  1  0  1  0
  0  1  0 -1 -1
  1  1  0  1 -1
 -1 -1  0  0  1
 -1  0 -1 -1  0
5	% 
  1  0  0 0  0
  0  1  1 1  0
  1  0  1 0  0
 -1 -1 -1 0  0
 -1  0  0 1 -1
5	% 
 1 0  0  0 0
 0 0  0  1 1
 0 0 -1  0 0
 0 0  0 -1 0
 0 1  0  0 0
1,1,1,1;1 1 2
2 
#1 
5	% 
  1  0 0  0  0
  1  0 0  0 -1
  1  1 1  1  1
 -1 -1 0 -1  0
  1  1 1  0  0
2-1;1,1;1 1 8
2 
#1 
5	% 
  1  0 0 0 0
 -1  0 0 0 1
 -1  0 0 1 0
 -1 -1 0 0 0
 -1  0 1 0 0
1,1,1,1;1 1 1
1 
#1 
5	% 
 0 -1  0 -1 -1
 0 -1 -1  0 -1
 0  0 -1 -1 -1
 0  1  1  1  1
 1  0  0  0  0
1,1,1;1,1 1 2
2 
#1 
5	% 
 0  1 1  1 1
 0  1 0  0 0
 1  0 0  0 0
 0 -1 0 -1 0
 0  1 1  0 0
1,1;1;1;1 1 9
1 
#1 
5	% 
 1  0  0 0  0
 0 -1 -1 0  1
 0  1  0 1  0
 0  1  0 0  0
 0  0  0 0 -1
1,1;1,1;1 1 8
3 
#2 
5	% 
 1  0 0  0  0
 0 -1 0  1 -2
 0 -1 0  0  0
 0  1 1  0  1
 0  1 0 -1  1
5	% 
 1  0  0  0  0
 0  2  1  1 -1
 0  0  0  1 -1
 0 -1 -1 -1  0
 0 -1  0 -1  1
1,1;1;1;1 1 18
4 
#2 
5	% 
 -1 -1  1  1  1
  1  0 -1 -1 -1
  1  1  0 -1 -1
  1  1 -1  0 -1
 -1 -1  1  1  0
5	% 
 1 0  0  0 0
 0 0  0  0 1
 0 1  0  0 0
 0 0 -1  0 0
 0 0  0 -1 0
1,1,1;1;1 1 6
1 
#1 
5	% 
 -1 -1 -1 -1  1
  2  2  1  2 -2
 -1 -1 -1  0  0
 -1 -2 -1 -1  1
 -1 -1 -1 -1  2
1,1,1;1;1 1 2
2 
#1 
5	% 
 0 -1  0  0 1
 0 -1 -1 -1 0
 1  0  0  0 0
 0  1  0  1 0
 0 -1 -1  0 0
1,1;1,1;1 1 6
2 
#1 
5	% 
 1 0  0  0 0
 0 0 -1 -1 1
 0 1  1  0 0
 0 0  1  0 0
 0 0  0  1 0
1;1;1;1;1 1 17
1 
#1 
5	% 
 1 0 0  0  0
 0 0 0 -1  0
 0 0 1  0  0
 0 1 0  0  0
 0 0 0  0 -1
