#15

1;1;1;1;1 1 2
1 
#1 
5	% 
 1 0 0 0 0
 0 1 0 0 0
 0 0 1 0 0
 0 0 0 1 0
 0 0 0 0 1
1,1,1,1,1 1 1
1 
#1 
5	% 
 1 0 0 0 0
 0 1 0 0 0
 0 0 1 0 0
 0 0 0 1 0
 0 0 0 0 1
1,1,1,1;1 1 2
2 
#1 
5	% 
  1  0  0  0  0
  1  0 -1  0  0
  0 -1 -1 -1 -1
 -1  1  1  0  1
  1 -1 -1 -1  0
1,1,1,1;1 1 1
3 
#1 
5	% 
 0 -1  0 -1 -1
 0 -1 -1  0 -1
 0  0 -1 -1 -1
 0  1  1  1  1
 1  0  0  0  0
1,1,1;1,1 1 2
6 
#1 
5	% 
 0  1 -1 0  0
 0  0  1 0  0
 1  0  0 0  0
 0 -1  0 0 -1
 0  1  0 1  0
1,1,1;1,1 1 1
4 
#2 
5	% 
  0 -1 -1 0  0
 -1  0 -1 0  0
  1  1  1 0  0
  0  0  0 0 -1
  0  0  0 1  1
5	% 
 0  0  0 1  1
 0  0 -1 0  0
 0  0  0 0 -1
 0 -1  0 0  0
 1  1  0 0  0
1,1,1;1;1 1 2
6 
#1 
5	% 
 0 1 -1  0  0
 0 0 -1 -1 -1
 1 0  0  0  0
 0 0  1  0  1
 0 0 -1 -1  0
1,1;1,1;1 1 2
6 
#1 
5	% 
 -1 0  0 -1 -1
  0 0 -1  0  0
  0 1  1  0  0
  1 0  0  0  1
 -1 0  0 -1  0
1,1,1;1;1 1 3
1 
#1 
5	% 
  0 -1 -1 0 0
 -1  0 -1 0 0
  1  1  1 0 0
  0  0  0 0 1
  0  0  0 1 0
1,1,1;1;1 1 1
3 
#1 
5	% 
 0 0  0  1  0
 0 0  0  1  1
 0 0 -1 -1 -1
 1 0  0  0  0
 0 1  0  0  0
1,1;1,1;1 1 4
6 
#1 
5	% 
 0 -1  0 -1  1
 0  0 -1 -1 -1
 1  0  0  0  0
 0  1  1  1  0
 0 -1  1  0  1
1,1;1,1;1 1 1
3 
#1 
5	% 
 0 1 0 0 0
 0 0 1 0 0
 0 0 0 1 0
 0 0 0 0 1
 1 0 0 0 0
1,1;1;1;1 1 2
6 
#1 
5	% 
 0 0 -1 -1 -1
 1 0  0  0  0
 0 1  0  0  0
 0 0  1  0  1
 0 0 -1 -1  0
1,1;1;1;1 1 3
3 
#1 
5	% 
 0 1 0 0 0
 0 0 1 0 0
 1 0 0 0 0
 0 0 0 0 1
 0 0 0 1 0
1,1;1;1;1 1 1
1 
#1 
5	% 
 0 0 0 0 -1
 0 0 0 1  1
 1 0 0 0  0
 0 1 0 0  0
 0 0 1 0  0
