#26

2-1;1;1;1 1 7
1 
#1 
5	% 
 1 0 0 0 0
 0 1 0 0 0
 0 0 1 0 0
 0 0 0 1 0
 0 0 0 0 1
1,1,1,1,1 1 1
1 
#1 
5	% 
 1 0 0 0 0
 0 1 0 0 0
 0 0 1 0 0
 0 0 0 1 0
 0 0 0 0 1
2-1;1,1,1 1 2
1 
#1 
5	% 
  0  0 0 -1  0
 -1  0 0 -1  0
  0  1 1  1 -1
 -1 -1 0 -2  1
  1 -1 0  1  0
1,1,1,1;1 1 2
6 
#3 
5	% 
 1  0  0  0  0
 0  0  0 -1  2
 0  0  0  1 -1
 0  0 -1  0  0
 0 -1  0 -1  1
5	% 
  1  0  0  0  0
  1  0 -1  0  0
  0 -1 -1 -1  1
 -1  1  1  0 -1
  1 -1 -1 -1  0
5	% 
 1  0  0  1 1
 0  0  1  1 1
 0  0 -1  1 0
 0 -1  0 -1 0
 0 -1  0  0 1
1,1,1,1;1 1 1
1 
#1 
5	% 
 0 -1  0 -1 -1
 0 -1 -1  0 -1
 0  0 -1 -1 -1
 0  1  1  1  1
 1  0  0  0  0
1,1,1;1,1 1 2
12 
#6 
5	% 
 -1  0 0  1  0
 -1  0 0 -1  1
  0 -1 1  0  0
  1  1 0  1 -1
 -1  1 0  0  0
5	% 
 0 0  0 1 -2
 0 1 -1 1  0
 1 0  0 0  0
 0 0  1 0  0
 0 1  0 1 -1
5	% 
 0  1 -1 0 0
 0  0  1 0 0
 1  0  0 0 0
 0 -1  0 0 1
 0  1  0 1 0
5	% 
  0  1 -1  0  0
  1  0  0  0  0
  0  0  0 -1  0
 -1 -1  0  1  0
  1  1  0  2 -1
5	% 
  0  0 1  1 -1
 -1  0 0 -1  1
  0 -1 0  0  1
  1  1 0  1 -1
 -1  1 0  0  0
5	% 
 0 0 1 -1  0
 0 0 0  1  0
 1 0 0  0  0
 0 1 0  1  0
 0 1 0  0 -1
2-1;1,1;1 1 6
2 
#1 
5	% 
 1 0 0 0  0
 0 1 0 1  0
 0 0 1 1  0
 0 0 0 0 -1
 0 0 0 1  0
2-1;1,1;1 1 5
1 
#1 
5	% 
 0  0 0 -1  0
 1  0 0  0  0
 0  1 1  1 -1
 0 -1 0 -2  1
 0 -1 0  1  0
1,1,1;1,1 1 3
4 
#1 
5	% 
  1  0  0  0 0
 -1  0 -1  2 0
  1 -1  0 -1 2
  0  0  0 -1 0
  0  0  0  0 1
1,1,1;1;1 1 4
1 
#1 
5	% 
  1 0  0  0  0
 -3 0  0  0  1
  2 0  0  1 -1
 -1 1  0  0  0
 -1 0 -1 -1  1
1,1,1;1;1 1 2
6 
#3 
5	% 
 0 -1  1  1 -2
 0  0  0  1  0
 1  0  0  0  0
 0  0 -1 -1  1
 0 -1  0  0  0
5	% 
 0 1 -1  0  0
 0 0 -1 -1  1
 1 0  0  0  0
 0 0  1  0 -1
 0 0 -1 -1  0
5	% 
 0 -1  0  1 0
 0  1  0  1 1
 1  0  0  0 0
 0  0 -1 -1 0
 0  0 -1  0 1
1,1;1,1;1 1 6
8 
#2 
5	% 
 1  0  0  0  0
 0 -1  1  1  0
 0  1  0  1 -1
 0  1  0  0 -1
 0  0 -1 -1  0
5	% 
 1 0  0  0  0
 0 0 -1 -1  1
 0 1  0  1  0
 0 0  0  1  0
 0 0  0  0 -1
1,1;1,1;1 1 3
2 
#1 
5	% 
 0 0  0 -1  2
 1 0  0  0  0
 0 0 -1 -1  1
 0 0  0  1 -1
 0 1  0  0  0
1,1,1;1;1 1 6
4 
#1 
5	% 
  1  0  0  0  0
 -3 -1  1 -1  2
  1  1  0  2 -1
  2  1  0  1 -1
  2  0 -1  0  0
1,1,1;1;1 1 5
6 
#3 
5	% 
  0  0  1  0  0
 -1  0  0 -1  1
  1  0 -1  0 -1
 -1 -1  1 -1  1
  0  1  0  0 -1
5	% 
 1 0  0  0 0
 0 1 -1  0 0
 0 0  1  0 0
 0 0 -1  0 1
 0 0  0 -1 0
5	% 
  1  0  0  0 0
 -1  0  0 -2 1
  0  0 -1  0 0
  0 -1  0 -1 1
  0  1 -1  0 0
1,1;1,1;1 1 5
12 
#4 
5	% 
 0  1 1  1 -1
 1  0 0  1 -1
 0 -1 0 -1  0
 0  1 0  0  0
 0  0 0  0 -1
5	% 
  1  0  0  0  0
  0 -1  0 -1  1
 -1  0 -1 -1  0
  1  1  1  1 -1
  0 -1  0 -1  0
5	% 
 0  0 -1  0  1
 1  0  0  1 -1
 0 -1  1  0  0
 0  0 -1 -1  1
 0 -1  0  0  0
5	% 
  1  0  0  0  0
  0  0  0  1  0
 -1 -1 -1 -1  1
  1  0  1  1 -1
  0 -1  0 -1  1
1,1;1,1;1 1 8
2 
#1 
5	% 
 1  0  0  0  0
 0  1  0  1  1
 0 -1 -1  0  1
 0 -1  0 -1  0
 0  0  1  0 -1
1,1;1,1;1 1 4
3 
#2 
5	% 
 0  0 0 1  0
 0 -1 1 0  0
 1  0 0 0  0
 0  1 0 1 -1
 0  1 0 0  0
5	% 
 0 -1  0 -1  1
 0  0 -1  0  1
 1  0  0  0  0
 0  1  1  1 -1
 0 -1  1  0  0
1,1;1;1;1 1 7
6 
#3 
5	% 
 0  0  0  1 0
 1  0  0  0 0
 0  0 -1  0 0
 0 -1  0 -1 1
 0  1 -1  0 0
5	% 
 0 -1  0 -1  1
 1  0  0  0  0
 0  1  0  0 -1
 0 -1 -1 -1  1
 0  0  1  0 -1
5	% 
 0 -1 1  0 0
 1  0 0  0 0
 0  1 0  0 0
 0 -1 0  0 1
 0  0 0 -1 0
1,1;1;1;1 1 4
1 
#1 
5	% 
 0 0  0  0  1
 1 0  0  0  0
 0 1  0  0  0
 0 0  0  1 -1
 0 0 -1 -1  1
1,1;1;1;1 1 17
4 
#2 
5	% 
  1  0  0  0 0
 -1  0 -1 -1 1
  1 -1  0  0 0
  0  1 -1  0 0
  0  0  1  1 0
5	% 
  1  0  0  0  0
 -1  0 -1 -1  0
  1  1  1  1 -1
  0 -1  0 -1  0
  0  0  0  1  0
1,1;1;1;1 1 8
2 
#1 
5	% 
 1 0 0 0  0
 0 0 1 0  0
 0 1 0 0 -1
 0 0 0 0 -1
 0 0 0 1  0
1,1;1;1;1 1 9
4 
#1 
5	% 
 1  0  0  0  0
 0 -1  1 -2  1
 0  1  0  1 -2
 0  1  0  1 -1
 0  0 -1  0  0
1,1;1;1;1 1 13
2 
#1 
5	% 
 1  0  0 0 0
 0  0 -1 0 1
 0 -1  0 0 0
 0  0  0 1 0
 0  0  0 0 1
1;1;1;1;1 1 7
1 
#1 
5	% 
 1 0 0 0  0
 0 0 1 0 -1
 0 1 0 0  0
 0 0 0 0  1
 0 0 0 1  0
1;1;1;1;1 1 12
1 
#1 
5	% 
 1  0  0  0  0
 0  0 -1 -1  0
 0  1  1  1 -1
 0 -1  0 -1  0
 0  0  0  1  0
