#10

2-1;1;1;1 1 15
1 
#1 
5	% 
 1 0 0 0 0
 0 1 0 0 0
 0 0 1 0 0
 0 0 0 1 0
 0 0 0 0 1
1,1,1,1,1 1 1
1 
#1 
5	% 
 1 0 0 0 0
 0 1 0 0 0
 0 0 1 0 0
 0 0 0 1 0
 0 0 0 0 1
1,1,1;1,1 1 3
8 
#4 
5	% 
 0  0  1  0  0
 1  1 -1 -1  2
 0  0  1  0  1
 0 -1  0  1 -1
 1  1  0  0  1
5	% 
 -1  1  1 -2  0
  0 -1  0  1 -1
 -1  0  1 -1  0
  1 -1 -1  1  1
  0 -1 -1  1 -1
5	% 
 0  1  1 -2  0
 0  0  0 -1 -1
 1  1  1 -2  0
 0 -1 -1  2  1
 0  0 -1  1  0
5	% 
 -1  0  1 -1  0
  1  1 -1  3  2
 -1 -1  1  1  1
  0  0  0 -1 -1
  1  0  0  2  1
1,1,1,1;1 1 2
3 
#2 
5	% 
 -1  0 0  1 0
 -1  0 1 -1 0
  0  0 0  2 1
  1 -1 0  0 0
 -1 -1 0  1 0
5	% 
 0  0  0 1 1
 1 -1  0 1 0
 1  0  0 0 0
 0  1 -1 0 0
 1 -1 -1 1 0
2-1;1,1;1 1 8
2 
#1 
5	% 
 0  0 -1  1  0
 0 -1  1 -1  0
 1  0  1 -1  1
 0  1  1 -2  0
 0  0  1 -1 -1
1,1,1;1;1 1 6
3 
#2 
5	% 
  1  0 -1  0  0
 -2  0  2  1 -1
  0  1 -1 -1 -1
  1  1 -1 -1  0
  1 -1 -1  0  0
5	% 
 -1  0  0 -2 -1
  2  0 -1  5  2
  0  1 -1 -2 -1
 -1  1  0 -3 -1
 -1 -1  0 -2 -1
1,1;1;1;1 1 18
4 
#2 
5	% 
 -1  0 -1 -1  0
  0  0  1  1 -1
  1  1  1  0  0
  1 -1  1  1  0
 -1  0 -1 -1 -1
5	% 
 0  1  1 -1  1
 0 -1 -1  1  0
 1 -1 -1  1  0
 0  0 -1  1 -1
 0  0  1  0  1
1,1;1;1;1 1 15
1 
#1 
5	% 
 -1  0  1 -2  0
  0 -1  0  1  0
  0 -1 -1  0  0
  0  0  0 -1  1
 -1  0  0 -1 -1
1,1;1,1;1 1 9
5 
#3 
5	% 
  0  0  0 -1 -1
  1 -1 -1  0  0
  1  1 -1  0  1
 -1 -1  0  1 -1
 -1  0  1  0  0
5	% 
 1  0  0  1  1
 0  1  1  0  0
 0  1 -1  0 -1
 0  0  1 -1  1
 0 -1  0  0  0
5	% 
 -1 1  0  1 0
  0 0 -1  2 1
  0 0 -1  0 0
  1 0  0  0 0
  0 0  1 -1 0
1;1;1;1;1 1 19
1 
#1 
5	% 
 -1  0 1 -1  0
  0  0 0  0 -1
  0  1 0  0  0
  1  0 0  0  1
  0 -1 0  1  0
