#13

1;1;1;1;1 1 15
1 
#1 
5	% 
 1 0 0 0 0
 0 1 0 0 0
 0 0 1 0 0
 0 0 0 1 0
 0 0 0 0 1
1,1,1,1,1 1 1
1 
#1 
5	% 
 1 0 0 0 0
 0 1 0 0 0
 0 0 1 0 0
 0 0 0 1 0
 0 0 0 0 1
1,1,1,1;1 1 2
5 
#2 
5	% 
  0  0  0  1 -1
 -1  0  0  1  0
 -1 -1 -1  1 -2
  1  0  1 -1  1
  0 -1  0  0  0
5	% 
  0 0 1 0 0
  0 1 0 0 0
  0 0 0 1 0
  0 0 0 0 1
 -1 0 0 0 0
1,1,1;1,1 1 3
8 
#2 
5	% 
 -1  1  0  1  0
  4  1  1 -4  3
  1  1  1 -1  2
 -2 -1 -1  2 -2
  2  0  0 -3  2
5	% 
  1  0  0  0  0
  1  4  2 -1  1
  1  1  0 -1  1
 -1 -2 -1  1 -1
  0  2  1 -1  0
1,1,1;1,1 1 2
2 
#1 
5	% 
  0  0 0 -1  0
  1 -1 1  1  1
  2  0 0  0  3
 -1  1 0  0 -1
  0 -1 0  0  0
1,1;1,1;1 1 9
10 
#2 
5	% 
 -1  0 0 -1 -1
 -1 -1 0 -1  0
  1 -1 0  0  0
  0  1 1  0  1
  0  1 0  1  0
5	% 
  0  3  2  1  0
  1 -1  1  2  2
 -1  1  0  0  0
  0 -2 -1 -1  0
  0 -1 -1 -1 -1
1,1,1;1;1 1 6
8 
#2 
5	% 
  0 0 0  0 -1
  0 0 0 -1  0
 -1 1 0  0 -1
  0 1 0  1  0
  1 0 1  0  1
5	% 
  0 0 1  0  0
 -1 0 0 -1 -1
  1 1 1  0  0
  1 0 0  0  0
  0 0 0  0  1
1,1;1,1;1 1 3
1 
#1 
5	% 
  0 -2 -2 -3  0
 -2  0  0  0 -3
  2 -1  0 -1  3
  0  1  1  1  0
  1  0 -1  0  2
1,1;1,1;1 1 6
4 
#1 
5	% 
  0 0 0 -1  0
 -1 0 1  0 -1
  1 1 0  1  0
  1 0 0  0  0
  0 0 0  0  1
1,1,1;1;1 1 5
2 
#1 
5	% 
 0  0 0  1 0
 1 -1 1  1 1
 0  1 0 -1 0
 1 -1 0  1 0
 0  0 0  0 1
1,1;1;1;1 1 15
4 
#1 
5	% 
 -3 -1 -1  0 -3
  1  0  0  0  0
 -2  0  0 -1 -3
 -2 -1  0 -1 -2
 -3  0 -1  0 -3
1,1;1;1;1 1 13
2 
#1 
5	% 
 0  0 0 -1  0
 1  0 1  1  0
 0 -1 0 -2  0
 0  0 0  0 -1
 1  0 0  0  0
1,1;1;1;1 1 16
4 
#1 
5	% 
 -1  2  0 1 -1
 -1  1 -1 0 -1
  1  0  0 0  0
  0 -1  0 0  1
  0 -1  0 0  0
