#34

2-1;2-1;1 1 4
1 
#1 
5	% 
 1 0 0 0 0
 0 1 0 0 0
 0 0 1 0 0
 0 0 0 1 0
 0 0 0 0 1
1,1,1,1,1 1 1
1 
#1 
5	% 
 1 0 0 0 0
 0 1 0 0 0
 0 0 1 0 0
 0 0 0 1 0
 0 0 0 0 1
2-1;1,1,1 1 2
2 
#1 
5	% 
 -1 -1 1 0  1
 -2 -1 1 0  1
  0  1 0 1  0
 -1 -1 0 0  1
  1  0 0 0 -1
1,1,1,1;1 1 2
8 
#2 
5	% 
 -1 -1 1 -2  1
 -1 -1 0 -2  2
  0  0 0 -1  0
  1  0 0  1 -1
 -1 -1 0 -2  1
5	% 
  0  1  1  0  1
  1  0  1  0  1
 -1  0  1  0  0
  0 -1 -1 -1 -1
  0  0  1 -1  1
1,1,1,1;1 1 1
1 
#1 
5	% 
 0 -1  0 -1 -1
 0 -1 -1  0 -1
 0  0 -1 -1 -1
 0  1  1  1  1
 1  0  0  0  0
1,1,1;1,1 1 2
18 
#5 
5	% 
  0  0  1 0 -1
 -1 -1  1 0  1
  0  2  0 1  0
  0  0 -1 0  0
  0 -1  1 0  0
5	% 
 1 0  0 -1  0
 0 1 -1  2 -1
 0 1  0  1  0
 0 0  1  0  0
 0 1  0  1 -1
5	% 
 0 -1  1 -2 1
 0  0  0  1 0
 1  0  0  0 0
 0  1 -1  1 0
 0  0  1  0 0
5	% 
 0 -1 0 0 -1
 0  1 1 0  1
 1  0 0 0  0
 0  0 0 1  0
 0  1 0 1  0
5	% 
  0  1 1  0 0
 -1  1 0  0 0
  0 -1 0 -1 1
  1  0 0  1 0
 -1  1 0  1 0
2-1',2-1';1 1 1
2 
#1 
5	% 
 0  1  1  2  0
 0  0  0 -1  1
 0 -1 -1 -2  1
 0  0 -1  0 -1
 1  0  0  0  0
2-1;1,1;1 1 4
4 
#1 
5	% 
  1  0 0  0 0
  0 -1 0  0 0
 -1 -1 1  0 0
  0  0 0 -1 0
 -1 -1 0  0 1
2-1;1,1;1 1 5
2 
#1 
5	% 
 0 -1 1 0  1
 1  0 0 0  0
 0  1 0 1  0
 0 -1 0 0  1
 0  0 0 0 -1
2-1;1,1;1 1 6
4 
#1 
5	% 
  1  0 0  0 0
  0 -1 1 -1 0
  0 -1 0 -1 1
 -1  0 0  1 0
 -1 -1 0 -1 0
1,1,1;1,1 1 3
8 
#1 
5	% 
 1  0  0  0  0
 0  2  2  2 -1
 0  0  0  1 -1
 0 -1 -1 -1  1
 0  0  1  1 -1
1,1;1,1;1 1 3
12 
#2 
5	% 
 1  0 0  2  0
 0  0 1  0 -1
 0 -1 0  0  1
 0  0 0 -1  0
 0  0 0  1  1
5	% 
 -3  0 -2  0  2
  0 -1  1 -2  1
 -1  0 -1  1  0
  2  0  1  0 -1
 -1  1 -1  2  0
1,1,1;1;1 1 6
8 
#1 
5	% 
  1 0  0  1  0
 -1 0  1 -1 -1
  0 0  0  0 -1
  1 0 -1  0  0
  1 1 -1  1  0
1,1;1,1;1 1 6
16 
#2 
5	% 
  1  0 0  0  0
 -1 -1 1 -1  1
 -1  0 1  0  0
  0  1 0  2 -1
  0  0 0  1 -1
5	% 
  1  0  0  0  0
 -1  3 -1  0  2
 -1 -1  1  1  0
  0 -2  1  1 -1
  0 -3  1 -1 -1
1,1,1;1;1 1 2
8 
#2 
5	% 
 0  1 -1  2 -1
 0  0 -1  0  1
 1  0  0  0  0
 0 -1  1 -1  0
 0  0 -1  0  0
5	% 
 0 1  0 1  0
 0 1 -1 0  0
 1 0  0 0  0
 0 0  1 0 -1
 0 1 -1 0 -1
1,1,1;1;1 1 4
6 
#2 
5	% 
 1  0  1 0 -1
 0  1 -3 0  1
 0 -1  2 0  0
 0  1 -1 0  0
 0  1 -1 1  0
5	% 
 1 0  0  0  0
 0 0  1  0 -1
 0 0 -1 -1  1
 0 0  0  0 -1
 0 1  0  1 -1
1,1;1,1;1 1 4
5 
#3 
5	% 
 0 -1 -1 -2 -1
 0  0 -1 -2  1
 1  0  0  0  0
 0  1  1  2  0
 0 -1  0 -1 -1
5	% 
 0  2  0 1 0
 0  0 -1 0 1
 1  0  0 0 0
 0 -1  1 0 0
 0  0  1 0 0
5	% 
 0  2 1  0 0
 0 -1 0 -1 1
 1  0 0  0 0
 0  0 0  1 0
 0  1 0  1 0
1,1;1,1;1 1 8
4 
#1 
5	% 
 1  0  0  0  0
 0  2  2  2 -1
 0 -1  0  1 -1
 0 -1 -1 -1  1
 0  0 -1 -1  1
1,1;1,1;1 1 5
12 
#2 
5	% 
 1  0  0 0  0
 0  2  0 1  0
 0  1 -1 0 -1
 0 -1  1 0  0
 0  1  0 0 -1
5	% 
  0  2  0  0 1
  1  0  0  0 0
  0 -1  0 -1 0
 -1  0  1  0 0
  1  0 -1 -1 0
1,1;1;1;1 1 8
4 
#1 
5	% 
  1  0  0 0  0
  1  1 -1 1  0
  0 -1  0 0  1
 -1 -1  1 0  1
 -1  0  1 0 -1
1,1;1;1;1 1 17
4 
#1 
5	% 
 1  0  0  0 0
 0  0 -1 -1 0
 0  0  1  0 0
 0 -1  0 -1 0
 0  0  0  1 1
1,1;1;1;1 1 4
6 
#2 
5	% 
 0 -2  3 0 1
 1  0  0 0 0
 0 -1  1 0 0
 0  1 -2 0 0
 0  0  1 1 0
5	% 
 0 -1  1  0  1
 1  0  0  0  0
 0 -1  0 -1  1
 0  1 -1  1 -1
 0 -1  1 -1  0
1,1;1;1;1 1 7
6 
#2 
5	% 
 0 -1 1  0  1
 1  0 0  0  0
 0  1 0  0 -1
 0 -1 0 -1  1
 0  1 0  1  0
5	% 
 0 2 1  0  0
 1 0 0  0  0
 0 0 0  0 -1
 0 0 0 -1  0
 0 1 0  1 -1
1,1;1;1;1 1 6
4 
#1 
5	% 
 1  0  0  0  0
 0  0  1  0 -1
 0 -1 -1 -1  1
 0 -1  0  0  1
 0 -1  0 -1  1
1,1;1;1;1 1 13
4 
#1 
5	% 
 1  0  0  0  0
 0  0  0 -1 -1
 0  0 -1  0  0
 0 -1  0 -1  0
 0  0  0 -1  0
1,1,1;1;1 1 5
6 
#2 
5	% 
  1 0  0  0  0
  1 1 -1  0 -1
 -1 0  1  0  0
  1 0 -1 -1  0
  0 1  0  1  0
5	% 
 1  1  1  0  0
 0  1  1  0  0
 0 -1 -1  0 -1
 0  1  1 -1  0
 0  1  0  1 -1
2-1,2-1;1 3 1
4 
#1 
5	% 
 0  1  0  2 -1
 0  1  1  2  0
 0  0  0 -1  1
 0 -1 -1 -1  0
 1  0  0  0  0
2-1,2-1;1 2 1
4 
#1 
5	% 
 0  1  1  3  0
 0 -1  0  0 -1
 0  0 -1 -2  1
 0  1  1  2  1
 1  0  0  0  0
2-1;1;1;1 1 4
2 
#1 
5	% 
 1  0 0  0  0
 0  1 0  0  0
 0  1 0  0 -1
 0 -1 0 -1  0
 0  0 1  0  0
2-1;1;1;1 1 7
2 
#1 
5	% 
 1  0  0 0 0
 0  1 -1 0 0
 0  1 -1 1 0
 0 -1  1 0 1
 0  0 -1 0 1
1,1;1;1;1 1 9
8 
#1 
5	% 
 1  0  0  0  0
 0  1 -1  3 -1
 0  1 -1  0  0
 0  0  0 -2  1
 0 -1  0 -3  1
1;1;1;1;1 1 4
1 
#1 
5	% 
 1 0 0  0 0
 0 1 0  2 0
 0 0 0  1 1
 0 0 0 -1 0
 0 0 1  1 0
1;1;1;1;1 1 7
2 
#1 
5	% 
 1  0  0 0  0
 0  1  0 1 -1
 0 -1  1 0  0
 0 -1  1 0  1
 0  0 -1 0  1
1;1;1;1;1 1 12
1 
#1 
5	% 
 1  0 0  0  0
 0  0 0 -1 -1
 0  0 0  1  0
 0  1 0  0 -1
 0 -1 1  0  1
