#18

3;1;1 1 5
1 
#1 
5	% 
 1 0 0 0 0
 0 1 0 0 0
 0 0 1 0 0
 0 0 0 1 0
 0 0 0 0 1
1,1,1,1,1 1 1
1 
#1 
5	% 
 1 0 0 0 0
 0 1 0 0 0
 0 0 1 0 0
 0 0 0 1 0
 0 0 0 0 1
1,1,1,1;1 1 2
6 
#1 
5	% 
 1  0 0 0  0
 0  0 0 1  0
 0  0 1 0  0
 0  0 0 0 -1
 0 -1 0 0  0
1,1,1,1;1 1 1
1 
#1 
5	% 
 0 -1  0 -1 -1
 0 -1 -1  0 -1
 0  0 -1 -1 -1
 0  1  1  1  1
 1  0  0  0  0
2-1;1,1;1 1 8
6 
#2 
5	% 
  1  0 0 0 0
 -1  0 0 0 1
 -1  0 0 1 0
 -1 -1 0 0 0
 -1  0 1 0 0
5	% 
 -1 -1 -1 -1  1
  1  0  1  1 -1
  1  1  0  1 -1
  1  1  1  1  0
  1  1  1  0 -1
1,1,1;1,1 1 2
6 
#1 
5	% 
 0 0 1 -1  0
 0 1 0  1 -1
 1 0 0  0  0
 0 0 0  0  1
 0 1 0  0  0
1,1,1;1,1 1 3
6 
#2 
5	% 
 1 0  0  0 0
 0 0  0  1 1
 0 0 -1  0 0
 0 0  0 -1 0
 0 1  0  0 0
5	% 
 1  0 0  0  0
 0 -1 1 -1  0
 0 -1 0  0  0
 0  1 0  1  0
 0  0 1  0 -1
2-2;1,1,1 1 2
4 
#1 
5	% 
 0  1 0  0  0
 1 -1 0  0  0
 0  0 0  0 -1
 0  0 0 -1  0
 0  0 1  0  0
1,1,1;1;1 1 6
3 
#1 
5	% 
 -1 -1 -1 -1  1
  2  2  1  2 -2
 -1 -1 -1  0  0
 -1 -2 -1 -1  1
 -1 -1 -1 -1  2
1,1,1;1;1 1 2
6 
#1 
5	% 
 0  0 1 -1  0
 0  0 0  1  0
 1  0 0  0  0
 0  0 0  0 -1
 0 -1 0  0  0
1,1;1,1;1 1 6
6 
#1 
5	% 
 1  0  0  0  0
 0  2  2  1 -2
 0  0  0 -1  1
 0 -1 -1 -1  2
 0 -2 -1 -1  1
1,1;1,1;1 1 8
3 
#1 
5	% 
 1  0  0  0  0
 0  2  1  1 -1
 0  0  0  1 -1
 0 -1 -1 -1  0
 0 -1  0 -1  1
2-2;1,1;1 1 5
4 
#1 
5	% 
 0  1 1 1 -1
 1  0 0 0  0
 0  0 0 0  1
 0  0 1 0  0
 0 -1 0 0  0
2-1;1;1;1 1 13
3 
#1 
5	% 
 1 0 0 0 0
 0 0 0 0 1
 0 0 0 1 0
 0 0 1 0 0
 0 1 0 0 0
3;1,1 1 3
1 
#1 
5	% 
 -1 -1 -1 -1 1
 -1  0 -1 -1 1
 -1 -1  0 -1 1
 -1 -1 -1  0 1
  1  1  1  1 0
1,1;1;1;1 1 9
3 
#1 
5	% 
 1  0  0 0  0
 0 -1 -1 0  1
 0  1  0 1  0
 0  1  0 0  0
 0  0  0 0 -1
1,1;1;1;1 1 18
4 
#2 
5	% 
 1 0  0  0 0
 0 0  0  0 1
 0 0  0 -1 0
 0 1  0  0 0
 0 0 -1  0 0
5	% 
 -1 -1 -1 -1  1
  1  0  1  1 -1
  1  1  0  1 -1
  1  1  1  0 -1
 -1 -1 -1 -1  0
1;1;1;1;1 1 17
1 
#1 
5	% 
 1 0 0  0  0
 0 0 0 -1  0
 0 0 1  0  0
 0 1 0  0  0
 0 0 0  0 -1
