#32

2-1;2-1;1 1 1
1 
#1 
5	% 
 1 0 0 0 0
 0 1 0 0 0
 0 0 1 0 0
 0 0 0 1 0
 0 0 0 0 1
1,1,1,1,1 1 1
1 
#1 
5	% 
 1 0 0 0 0
 0 1 0 0 0
 0 0 1 0 0
 0 0 0 1 0
 0 0 0 0 1
1,1,1,1;1 1 1
5 
#2 
5	% 
  0 0 -1 -1 -1
 -1 0  0 -1 -1
 -1 0 -1  0 -1
  1 0  1  1  1
  0 1  0  0  0
5	% 
  0 -1 -1 -1 0
 -1  0 -1 -1 0
 -1 -1  0 -1 0
  1  1  1  1 0
  0  0  0  0 1
2-1;1,1,1 1 1
2 
#1 
5	% 
 1 0  0  0  0
 0 1  0  0  0
 0 0  0 -1 -1
 0 0 -1  0 -1
 0 0  1  1  1
1,1,1,1;1 1 2
4 
#1 
5	% 
  0 0 1 0 0
  0 0 0 1 0
  0 0 0 0 1
  0 1 0 0 0
 -1 0 0 0 0
1,1,1;1,1 1 1
10 
#3 
5	% 
 0 0  1  0 0
 0 0  1  0 1
 1 0 -1  0 0
 0 0  0 -1 0
 0 1  0  1 0
5	% 
 0 0  1 0  0
 0 0  1 1  0
 1 0 -1 0  0
 0 0  0 0 -1
 0 1  0 0  1
5	% 
 0  0  0 1  1
 0  0 -1 0  0
 0  0  0 0 -1
 0 -1  0 0  0
 1  1  0 0  0
2-1;1,1;1 1 1
6 
#2 
5	% 
 0 0 1 0  0
 0 0 0 1  0
 0 0 0 0 -1
 1 0 0 0  1
 0 1 0 0  0
5	% 
 1 0 0  0 0
 0 1 0  0 0
 0 0 0 -1 0
 0 0 1  1 0
 0 0 0  0 1
2-1',2-1';1 1 1
2 
#1 
5	% 
 0 -1 -1 -1 0
 1  0  1 -1 0
 1  0  1  0 0
 0  1  0  1 0
 0  0  0  0 1
1,1,1;1,1 1 2
12 
#2 
5	% 
 0  0 0 0 1
 0  0 1 0 0
 0  0 0 1 0
 1  0 0 0 0
 0 -1 0 0 0
5	% 
 0  0 0 1 0
 0  0 1 0 0
 0  0 0 0 1
 1  0 0 0 0
 0 -1 0 0 0
2-1;1,1;1 1 3
4 
#1 
5	% 
  0 0 1 0 0
  0 0 0 1 0
  0 0 0 0 1
  0 1 0 0 0
 -1 0 0 0 0
1,1,1;1,1 1 3
4 
#1 
5	% 
  1 1  1  1  1
 -1 0 -1  0  0
  0 1  1  1  1
  0 0  0 -1 -1
  0 0 -1  0 -1
1,1,1;1;1 1 1
10 
#3 
5	% 
 0 0  0  1  0
 0 0  0  1  1
 0 0 -1 -1 -1
 1 0  0  0  0
 0 1  0  0  0
5	% 
 0 0 0  1 0
 0 0 0  1 1
 1 0 0 -1 0
 0 1 0  0 0
 0 0 1  0 0
5	% 
 1 0  0  1 0
 0 0 -1  0 0
 0 0  0 -1 0
 0 1  0  0 0
 0 0  0  0 1
1,1;1,1;1 1 1
15 
#4 
5	% 
 0 0 0  0 -1
 1 0 0  0  1
 0 0 0 -1  0
 0 0 1  1  0
 0 1 0  0  0
5	% 
 0 0 0  0 -1
 0 0 1  0  1
 0 0 0 -1  0
 1 0 0  1  0
 0 1 0  0  0
5	% 
 0  1 1  0 0
 0 -1 0  0 0
 0  0 0 -1 0
 1  0 0  1 0
 0  0 0  0 1
5	% 
 0 -1 0  0 0
 1  1 0  0 0
 0  0 0 -1 0
 0  0 1  1 0
 0  0 0  0 1
1,1;1,1;1 1 4
12 
#2 
5	% 
 -1 0 -1 1 0
  0 0  0 0 1
  0 1  0 0 0
  1 0  1 0 0
 -1 0  0 1 0
5	% 
 -1  0 -1  1 0
  0 -1 -1 -1 0
  0  0  0  0 1
  1  1  1  0 0
 -1  1  0  1 0
1,1,1;1;1 1 2
12 
#2 
5	% 
 -1 0  0  0 1
 -1 0 -1  1 0
  0 1  0  0 0
  1 0  0 -1 0
 -1 0 -1  0 0
5	% 
  0 -1  0  0 0
 -1 -1 -1  1 0
  0  0  0  0 1
  1  1  0 -1 0
 -1 -1 -1  0 0
1,1;1,1;1 1 8
2 
#1 
5	% 
  0  0  0  0 1
  1  0  1  1 0
 -1 -1  0  1 0
 -1  0 -1  0 0
  0  1  0 -1 0
1,1,1;1;1 1 3
2 
#1 
5	% 
 0 0  0  1  0
 0 0  0  1  1
 0 0 -1 -1 -1
 0 1  0  0  0
 1 0  0  0  0
1,1;1,1;1 1 2
12 
#2 
5	% 
  0 0 0  0 1
  0 0 0 -1 0
  0 0 1  1 0
  0 1 0  0 0
 -1 0 0  0 0
5	% 
  0 0 0 1 0
  0 0 1 0 0
  0 0 0 0 1
  0 1 0 0 0
 -1 0 0 0 0
1,1;1,1;1 1 6
8 
#1 
5	% 
  0  0 0 0 1
 -1 -1 0 1 0
  1  0 1 0 0
  1  0 0 0 0
  0  1 0 0 0
1,1,1;1;1 1 6
4 
#1 
5	% 
  1  1  1 -1 1
 -2 -1 -1  1 0
  0  1  1  0 0
  1  1  1  0 0
  1  1  0 -1 0
1,1;1;1;1 1 1
10 
#3 
5	% 
 0 0  1 0 1
 0 0 -1 0 0
 1 0  0 0 0
 0 1  0 0 0
 0 0  0 1 0
5	% 
 0 0 -1 0 0
 1 0  1 0 0
 0 1  0 0 0
 0 0  0 1 0
 0 0  0 0 1
5	% 
 0 0  1 1 0
 0 0 -1 0 0
 1 0  0 0 0
 0 1  0 0 0
 0 0  0 0 1
2-1;1;1;1 1 1
2 
#1 
5	% 
 0 0 1 0 0
 0 0 0 1 0
 1 0 0 0 0
 0 1 0 0 0
 0 0 0 0 1
1,1;1;1;1 1 2
12 
#2 
5	% 
 -1 0 -1  1 0
  0 1  0  0 0
  0 0  0  0 1
  1 0  0 -1 0
 -1 0 -1  0 0
5	% 
 0 0 1 -1 1
 1 0 0  0 0
 0 1 0  0 0
 0 0 0  1 0
 0 0 1  0 0
1,1;1;1;1 1 11
4 
#1 
5	% 
 0 0 1 -1  1
 0 0 0  1 -1
 0 1 0  0  0
 1 0 0  0  0
 0 0 1  0  1
1,1;1;1;1 1 3
6 
#2 
5	% 
 0 0 0  1  0
 0 0 0 -1 -1
 0 0 1  0  0
 0 1 0  0  0
 1 0 0  0  0
5	% 
 0 0  1 1 0
 0 0 -1 0 0
 0 0  0 0 1
 0 1  0 0 0
 1 0  0 0 0
2-1,2-1;1 1 1
4 
#1 
5	% 
  0 0  0 -1 0
  0 0 -1  0 0
 -1 0  0  1 0
  0 1  1  0 0
  0 0  0  0 1
2-1,2-1;1 2 1
4 
#1 
5	% 
 1 0  1  1 0
 0 1 -1  1 0
 0 0  0 -1 0
 0 0  1  0 0
 0 0  0  0 1
2-1;1;1;1 1 3
2 
#1 
5	% 
 0 1 0 0 0
 1 0 0 0 0
 0 0 0 0 1
 0 0 0 1 0
 0 0 1 0 0
1,1;1;1;1 1 9
4 
#1 
5	% 
  0  0  0  0 1
 -1 -2 -1  1 0
  1  0  1  0 0
  1  1  1  0 0
  1  1  0 -1 0
1;1;1;1;1 1 2
2 
#1 
5	% 
 1 0 0 0 0
 0 1 0 0 0
 0 0 0 0 1
 0 0 0 1 0
 0 0 1 0 0
1;1;1;1;1 1 1
1 
#1 
5	% 
 1 0 0 0 0
 0 1 0 0 0
 0 0 1 0 0
 0 0 0 1 0
 0 0 0 0 1
1;1;1;1;1 1 9
1 
#1 
5	% 
 0 0 0 0 1
 0 1 0 0 0
 0 0 0 1 0
 1 0 0 0 0
 0 0 1 0 0
